0 0.683594 0.976562 0.683594 0.980469 0.685547 0.982422 0.685547 0.988281 0.687500 0.990234 0.693359 0.990234 0.693359 0.984375 0.691406 0.984375 0.689453 0.982422 0.689453 0.980469 0.687500 0.978516 0.687500 0.976562
0 0.876953 0.902344 0.876953 0.908203 0.878906 0.908203 0.880859 0.910156 0.880859 0.912109 0.884766 0.916016 0.886719 0.916016 0.888672 0.917969 0.888672 0.919922 0.896484 0.919922 0.896484 0.916016 0.894531 0.916016 0.892578 0.914062 0.892578 0.912109 0.888672 0.912109 0.886719 0.910156 0.886719 0.908203 0.882812 0.908203 0.880859 0.906250 0.880859 0.902344
0 0.728516 0.867188 0.728516 0.869141 0.726562 0.871094 0.724609 0.871094 0.722656 0.873047 0.718750 0.873047 0.716797 0.875000 0.712891 0.875000 0.705078 0.882812 0.705078 0.888672 0.703125 0.890625 0.689453 0.890625 0.689453 0.917969 0.687500 0.919922 0.685547 0.919922 0.685547 0.925781 0.683594 0.927734 0.683594 0.941406 0.685547 0.943359 0.683594 0.945312 0.681641 0.945312 0.681641 0.947266 0.679688 0.949219 0.679688 0.951172 0.677734 0.953125 0.677734 0.960938 0.679688 0.962891 0.679688 0.972656 0.683594 0.972656 0.683594 0.960938 0.681641 0.958984 0.681641 0.957031 0.683594 0.955078 0.683594 0.953125 0.689453 0.947266 0.689453 0.939453 0.687500 0.937500 0.687500 0.931641 0.689453 0.929688 0.689453 0.923828 0.691406 0.921875 0.693359 0.921875 0.693359 0.896484 0.695312 0.894531 0.705078 0.894531 0.705078 0.892578 0.707031 0.890625 0.708984 0.890625 0.708984 0.886719 0.710938 0.884766 0.712891 0.884766 0.712891 0.882812 0.716797 0.878906 0.720703 0.878906 0.722656 0.876953 0.728516 0.876953 0.732422 0.873047 0.732422 0.867188
0 0.816406 0.849609 0.812500 0.853516 0.810547 0.853516 0.808594 0.855469 0.806641 0.855469 0.806641 0.857422 0.804688 0.859375 0.802734 0.859375 0.800781 0.861328 0.800781 0.863281 0.796875 0.867188 0.796875 0.876953 0.794922 0.878906 0.794922 0.882812 0.792969 0.884766 0.792969 0.886719 0.789062 0.890625 0.783203 0.890625 0.781250 0.888672 0.781250 0.886719 0.775391 0.880859 0.775391 0.878906 0.773438 0.876953 0.771484 0.876953 0.769531 0.875000 0.769531 0.869141 0.765625 0.869141 0.765625 0.871094 0.763672 0.873047 0.763672 0.876953 0.767578 0.880859 0.769531 0.880859 0.773438 0.884766 0.773438 0.886719 0.779297 0.892578 0.779297 0.894531 0.792969 0.894531 0.796875 0.890625 0.796875 0.886719 0.798828 0.884766 0.798828 0.882812 0.800781 0.880859 0.800781 0.871094 0.808594 0.863281 0.810547 0.863281 0.810547 0.861328 0.814453 0.857422 0.816406 0.857422 0.818359 0.855469 0.820312 0.855469 0.822266 0.853516 0.826172 0.857422 0.826172 0.861328 0.828125 0.863281 0.828125 0.865234 0.830078 0.867188 0.830078 0.869141 0.847656 0.869141 0.851562 0.873047 0.855469 0.873047 0.857422 0.875000 0.859375 0.875000 0.863281 0.878906 0.863281 0.880859 0.867188 0.884766 0.867188 0.888672 0.869141 0.890625 0.869141 0.894531 0.871094 0.896484 0.871094 0.898438 0.875000 0.898438 0.875000 0.890625 0.873047 0.888672 0.873047 0.884766 0.871094 0.882812 0.871094 0.880859 0.867188 0.876953 0.867188 0.873047 0.865234 0.873047 0.861328 0.869141 0.855469 0.869141 0.851562 0.865234 0.835938 0.865234 0.830078 0.859375 0.830078 0.853516 0.828125 0.851562 0.828125 0.849609
0 0.603516 0.837891 0.603516 0.839844 0.609375 0.839844 0.611328 0.841797 0.613281 0.841797 0.613281 0.839844 0.611328 0.839844 0.609375 0.837891
0 0.656250 0.832031 0.656250 0.837891 0.660156 0.837891 0.660156 0.835938 0.658203 0.833984 0.658203 0.832031
0 0.656250 0.814453 0.656250 0.828125 0.658203 0.828125 0.658203 0.814453
0 0.546875 0.802734 0.546875 0.804688 0.550781 0.804688 0.552734 0.806641 0.554688 0.806641 0.556641 0.808594 0.560547 0.808594 0.564453 0.812500 0.566406 0.812500 0.570312 0.816406 0.572266 0.816406 0.574219 0.818359 0.576172 0.818359 0.580078 0.822266 0.580078 0.824219 0.589844 0.833984 0.589844 0.835938 0.591797 0.835938 0.593750 0.837891 0.599609 0.837891 0.599609 0.835938 0.593750 0.835938 0.589844 0.832031 0.589844 0.830078 0.582031 0.822266 0.582031 0.818359 0.580078 0.818359 0.578125 0.816406 0.574219 0.816406 0.568359 0.810547 0.566406 0.810547 0.562500 0.806641 0.556641 0.806641 0.552734 0.802734
0 0.902344 0.789062 0.902344 0.812500 0.904297 0.812500 0.906250 0.814453 0.906250 0.818359 0.921875 0.818359 0.921875 0.808594 0.917969 0.808594 0.916016 0.806641 0.916016 0.802734 0.914062 0.802734 0.912109 0.800781 0.912109 0.789062
0 0.177734 0.783203 0.177734 0.791016 0.175781 0.792969 0.173828 0.792969 0.173828 0.808594 0.183594 0.808594 0.183594 0.794922 0.185547 0.792969 0.187500 0.792969 0.187500 0.783203
0 0.902344 0.775391 0.902344 0.785156 0.912109 0.785156 0.912109 0.775391
0 0.183594 0.769531 0.183594 0.779297 0.193359 0.779297 0.193359 0.769531
0 0.906250 0.759766 0.906250 0.769531 0.916016 0.769531 0.916016 0.759766
0 0.187500 0.755859 0.187500 0.765625 0.197266 0.765625 0.197266 0.755859
0 0.625000 0.746094 0.623047 0.748047 0.623047 0.750000 0.625000 0.750000 0.626953 0.748047 0.626953 0.746094
0 0.568359 0.744141 0.568359 0.746094 0.570312 0.748047 0.570312 0.750000 0.572266 0.750000 0.574219 0.751953 0.574219 0.769531 0.587891 0.769531 0.589844 0.767578 0.589844 0.765625 0.595703 0.759766 0.599609 0.759766 0.607422 0.751953 0.615234 0.751953 0.617188 0.750000 0.619141 0.750000 0.619141 0.748047 0.617188 0.748047 0.615234 0.750000 0.605469 0.750000 0.597656 0.757812 0.593750 0.757812 0.587891 0.763672 0.587891 0.765625 0.585938 0.767578 0.578125 0.767578 0.576172 0.765625 0.576172 0.750000 0.574219 0.750000 0.570312 0.746094 0.570312 0.744141
0 0.193359 0.740234 0.193359 0.750000 0.203125 0.750000 0.203125 0.740234
0 0.564453 0.732422 0.564453 0.736328 0.566406 0.738281 0.566406 0.740234 0.568359 0.740234 0.568359 0.738281 0.566406 0.736328 0.566406 0.732422
0 0.906250 0.716797 0.906250 0.755859 0.916016 0.755859 0.916016 0.716797
0 0.423828 0.707031 0.421875 0.708984 0.414062 0.708984 0.414062 0.722656 0.425781 0.722656 0.425781 0.718750 0.427734 0.716797 0.429688 0.718750 0.429688 0.724609 0.427734 0.726562 0.425781 0.726562 0.425781 0.730469 0.423828 0.732422 0.423828 0.738281 0.421875 0.740234 0.419922 0.740234 0.419922 0.750000 0.429688 0.750000 0.429688 0.748047 0.431641 0.746094 0.433594 0.746094 0.433594 0.740234 0.435547 0.738281 0.435547 0.730469 0.437500 0.728516 0.439453 0.728516 0.439453 0.707031
0 0.201172 0.707031 0.201172 0.720703 0.199219 0.722656 0.197266 0.722656 0.197266 0.732422 0.207031 0.732422 0.207031 0.724609 0.208984 0.722656 0.210938 0.722656 0.210938 0.707031
0 0.425781 0.685547 0.425781 0.695312 0.447266 0.695312 0.447266 0.685547
0 0.603516 0.683594 0.603516 0.687500 0.605469 0.687500 0.607422 0.689453 0.609375 0.689453 0.611328 0.691406 0.613281 0.691406 0.615234 0.693359 0.617188 0.693359 0.619141 0.695312 0.619141 0.697266 0.626953 0.697266 0.626953 0.693359 0.621094 0.693359 0.619141 0.691406 0.619141 0.689453 0.617188 0.689453 0.615234 0.687500 0.613281 0.687500 0.611328 0.685547 0.609375 0.685547 0.607422 0.683594
0 0.582031 0.671875 0.582031 0.675781 0.583984 0.677734 0.591797 0.677734 0.593750 0.679688 0.593750 0.683594 0.597656 0.683594 0.597656 0.679688 0.595703 0.679688 0.593750 0.677734 0.593750 0.673828 0.587891 0.673828 0.585938 0.671875
0 0.830078 0.669922 0.830078 0.679688 0.839844 0.679688 0.839844 0.669922
0 0.816406 0.669922 0.816406 0.679688 0.826172 0.679688 0.826172 0.669922
0 0.845703 0.666016 0.845703 0.675781 0.855469 0.675781 0.855469 0.666016
0 0.429688 0.666016 0.429688 0.675781 0.439453 0.675781 0.439453 0.666016
0 0.447266 0.660156 0.447266 0.669922 0.457031 0.669922 0.457031 0.660156
0 0.865234 0.652344 0.865234 0.662109 0.875000 0.662109 0.875000 0.652344
0 0.882812 0.646484 0.882812 0.648438 0.880859 0.650391 0.878906 0.650391 0.878906 0.660156 0.888672 0.660156 0.888672 0.658203 0.890625 0.656250 0.892578 0.656250 0.892578 0.646484
0 0.433594 0.638672 0.433594 0.648438 0.443359 0.648438 0.443359 0.638672
0 0.449219 0.626953 0.449219 0.636719 0.458984 0.636719 0.458984 0.626953
0 0.437500 0.613281 0.437500 0.623047 0.447266 0.623047 0.447266 0.613281
0 0.449219 0.580078 0.447266 0.582031 0.447266 0.587891 0.445312 0.589844 0.439453 0.589844 0.439453 0.591797 0.437500 0.593750 0.437500 0.609375 0.447266 0.609375 0.447266 0.607422 0.449219 0.605469 0.458984 0.605469 0.458984 0.595703 0.457031 0.593750 0.457031 0.591797 0.458984 0.589844 0.458984 0.580078
0 0.074219 0.486328 0.072266 0.488281 0.070312 0.488281 0.068359 0.490234 0.068359 0.492188 0.066406 0.494141 0.064453 0.494141 0.064453 0.505859 0.066406 0.505859 0.066406 0.498047 0.068359 0.496094 0.070312 0.496094 0.070312 0.492188 0.074219 0.488281 0.076172 0.488281 0.076172 0.486328
0 0.083984 0.480469 0.082031 0.482422 0.082031 0.484375 0.080078 0.486328 0.080078 0.488281 0.082031 0.488281 0.082031 0.486328 0.085938 0.482422 0.085938 0.480469
0 0.101562 0.464844 0.101562 0.466797 0.097656 0.470703 0.095703 0.470703 0.095703 0.474609 0.093750 0.476562 0.091797 0.476562 0.091797 0.478516 0.089844 0.480469 0.089844 0.482422 0.091797 0.482422 0.091797 0.480469 0.095703 0.476562 0.097656 0.476562 0.097656 0.472656 0.099609 0.470703 0.101562 0.470703 0.101562 0.468750 0.103516 0.466797 0.103516 0.464844
0 0.121094 0.451172 0.121094 0.455078 0.117188 0.458984 0.115234 0.458984 0.113281 0.460938 0.107422 0.460938 0.107422 0.462891 0.113281 0.462891 0.115234 0.460938 0.117188 0.460938 0.119141 0.458984 0.121094 0.458984 0.123047 0.457031 0.125000 0.457031 0.125000 0.455078 0.123047 0.453125 0.123047 0.451172
0 0.130859 0.445312 0.130859 0.447266 0.134766 0.447266 0.134766 0.445312
0 0.121094 0.445312 0.121094 0.447266 0.126953 0.447266 0.126953 0.445312
0 0.154297 0.443359 0.154297 0.445312 0.156250 0.445312 0.156250 0.443359
0 0.140625 0.443359 0.138672 0.445312 0.138672 0.447266 0.140625 0.447266 0.142578 0.445312 0.150391 0.445312 0.150391 0.443359
0 0.185547 0.427734 0.183594 0.429688 0.179688 0.429688 0.177734 0.431641 0.177734 0.433594 0.173828 0.437500 0.171875 0.437500 0.171875 0.441406 0.169922 0.443359 0.160156 0.443359 0.160156 0.445312 0.173828 0.445312 0.173828 0.441406 0.175781 0.439453 0.177734 0.439453 0.177734 0.435547 0.181641 0.431641 0.185547 0.431641 0.187500 0.429688 0.187500 0.427734
0 0.234375 0.416016 0.234375 0.417969 0.240234 0.417969 0.242188 0.419922 0.244141 0.419922 0.244141 0.417969 0.242188 0.417969 0.240234 0.416016
0 0.216797 0.414062 0.216797 0.416016 0.218750 0.416016 0.218750 0.414062
0 0.208984 0.414062 0.208984 0.416016 0.210938 0.416016 0.210938 0.414062
0 0.199219 0.414062 0.195312 0.417969 0.195312 0.419922 0.193359 0.421875 0.191406 0.421875 0.191406 0.423828 0.193359 0.423828 0.193359 0.421875 0.195312 0.419922 0.197266 0.419922 0.201172 0.416016 0.205078 0.416016 0.205078 0.414062
0 0.222656 0.412109 0.222656 0.414062 0.230469 0.414062 0.230469 0.412109
0 0.533203 0.400391 0.533203 0.402344 0.535156 0.402344 0.537109 0.404297 0.537109 0.406250 0.539062 0.406250 0.541016 0.408203 0.541016 0.410156 0.542969 0.412109 0.542969 0.419922 0.541016 0.421875 0.539062 0.421875 0.539062 0.423828 0.537109 0.425781 0.537109 0.449219 0.539062 0.451172 0.539062 0.453125 0.541016 0.455078 0.541016 0.457031 0.542969 0.457031 0.542969 0.451172 0.541016 0.451172 0.539062 0.449219 0.539062 0.425781 0.542969 0.421875 0.544922 0.421875 0.544922 0.408203 0.541016 0.408203 0.539062 0.406250 0.539062 0.404297 0.537109 0.404297 0.535156 0.402344 0.535156 0.400391
0 0.529297 0.394531 0.529297 0.396484 0.531250 0.396484 0.531250 0.394531
0 0.521484 0.388672 0.521484 0.390625 0.527344 0.390625 0.527344 0.388672
0 0.486328 0.367188 0.486328 0.369141 0.488281 0.369141 0.492188 0.373047 0.494141 0.373047 0.496094 0.375000 0.498047 0.375000 0.500000 0.376953 0.500000 0.378906 0.503906 0.382812 0.503906 0.384766 0.505859 0.384766 0.507812 0.386719 0.507812 0.388672 0.509766 0.390625 0.517578 0.390625 0.517578 0.388672 0.511719 0.388672 0.507812 0.384766 0.507812 0.382812 0.501953 0.376953 0.501953 0.375000 0.500000 0.375000 0.498047 0.373047 0.498047 0.371094 0.496094 0.371094 0.494141 0.369141 0.492188 0.369141 0.490234 0.367188
0 0.449219 0.367188 0.449219 0.369141 0.455078 0.369141 0.455078 0.367188
0 0.460938 0.365234 0.460938 0.367188 0.462891 0.367188 0.462891 0.365234
0 0.470703 0.363281 0.468750 0.365234 0.466797 0.365234 0.466797 0.367188 0.468750 0.367188 0.470703 0.365234 0.476562 0.365234 0.478516 0.367188 0.478516 0.369141 0.482422 0.369141 0.482422 0.367188 0.478516 0.367188 0.476562 0.365234 0.476562 0.363281
0 0.515625 0.302734 0.515625 0.306641 0.519531 0.306641 0.519531 0.302734
0 0.496094 0.269531 0.496094 0.273438 0.498047 0.275391 0.498047 0.279297 0.503906 0.279297 0.505859 0.281250 0.505859 0.283203 0.507812 0.285156 0.509766 0.285156 0.511719 0.287109 0.511719 0.289062 0.513672 0.289062 0.515625 0.291016 0.515625 0.298828 0.519531 0.298828 0.519531 0.289062 0.517578 0.289062 0.515625 0.287109 0.515625 0.285156 0.513672 0.285156 0.511719 0.283203 0.511719 0.281250 0.509766 0.279297 0.507812 0.279297 0.505859 0.277344 0.505859 0.275391 0.501953 0.275391 0.500000 0.273438 0.500000 0.269531
0 0.484375 0.255859 0.484375 0.265625 0.492188 0.265625 0.492188 0.261719 0.490234 0.261719 0.488281 0.259766 0.488281 0.255859
0 0.867188 0.136719 0.865234 0.138672 0.861328 0.138672 0.861328 0.142578 0.865234 0.142578 0.867188 0.140625 0.871094 0.140625 0.871094 0.136719
0 0.841797 0.136719 0.841797 0.140625 0.845703 0.140625 0.847656 0.142578 0.857422 0.142578 0.857422 0.138672 0.847656 0.138672 0.845703 0.136719
0 0.832031 0.136719 0.832031 0.140625 0.837891 0.140625 0.837891 0.136719
0 0.876953 0.132812 0.876953 0.134766 0.875000 0.136719 0.875000 0.140625 0.878906 0.140625 0.878906 0.138672 0.880859 0.136719 0.894531 0.136719 0.894531 0.132812
0 0.052734 0.132812 0.052734 0.134766 0.050781 0.136719 0.046875 0.136719 0.046875 0.140625 0.052734 0.140625 0.052734 0.138672 0.054688 0.136719 0.056641 0.136719 0.056641 0.132812
0 0.900391 0.123047 0.900391 0.126953 0.898438 0.128906 0.898438 0.132812 0.902344 0.132812 0.902344 0.130859 0.904297 0.128906 0.904297 0.123047
0 0.832031 0.123047 0.832031 0.132812 0.835938 0.132812 0.835938 0.123047
0 0.218750 0.123047 0.216797 0.125000 0.214844 0.125000 0.214844 0.128906 0.218750 0.128906 0.220703 0.126953 0.222656 0.126953 0.222656 0.123047
0 0.900391 0.113281 0.900391 0.119141 0.904297 0.119141 0.904297 0.113281
0 0.833984 0.113281 0.833984 0.117188 0.837891 0.117188 0.837891 0.113281
0 0.212891 0.105469 0.212891 0.113281 0.216797 0.113281 0.218750 0.115234 0.218750 0.119141 0.222656 0.119141 0.224609 0.117188 0.226562 0.117188 0.226562 0.113281 0.224609 0.113281 0.222656 0.111328 0.222656 0.109375 0.218750 0.109375 0.216797 0.107422 0.216797 0.105469
0 0.900391 0.103516 0.900391 0.107422 0.904297 0.107422 0.904297 0.103516
0 0.068359 0.103516 0.068359 0.107422 0.066406 0.109375 0.066406 0.117188 0.064453 0.119141 0.062500 0.119141 0.062500 0.123047 0.060547 0.125000 0.056641 0.125000 0.056641 0.128906 0.060547 0.128906 0.060547 0.125000 0.062500 0.123047 0.066406 0.123047 0.066406 0.119141 0.068359 0.117188 0.070312 0.117188 0.070312 0.115234 0.072266 0.113281 0.072266 0.103516
0 0.841797 0.095703 0.841797 0.099609 0.845703 0.099609 0.845703 0.095703
0 0.228516 0.095703 0.228516 0.099609 0.232422 0.099609 0.232422 0.095703
0 0.212891 0.095703 0.212891 0.099609 0.216797 0.099609 0.216797 0.095703
0 0.900391 0.091797 0.900391 0.095703 0.904297 0.095703 0.904297 0.091797
0 0.072266 0.091797 0.072266 0.095703 0.076172 0.095703 0.076172 0.091797
0 0.843750 0.082031 0.843750 0.085938 0.847656 0.085938 0.847656 0.082031
0 0.076172 0.082031 0.076172 0.085938 0.080078 0.085938 0.080078 0.082031
0 0.861328 0.080078 0.861328 0.089844 0.865234 0.089844 0.865234 0.080078
0 0.236328 0.080078 0.236328 0.083984 0.240234 0.083984 0.240234 0.080078
0 0.212891 0.080078 0.212891 0.089844 0.216797 0.089844 0.216797 0.080078
0 0.898438 0.076172 0.898438 0.080078 0.902344 0.080078 0.902344 0.076172
0 0.082031 0.072266 0.082031 0.076172 0.085938 0.076172 0.085938 0.072266
0 0.865234 0.068359 0.865234 0.072266 0.869141 0.072266 0.869141 0.068359
0 0.238281 0.068359 0.238281 0.072266 0.242188 0.072266 0.242188 0.068359
0 0.894531 0.058594 0.894531 0.062500 0.898438 0.062500 0.898438 0.058594
0 0.089844 0.058594 0.089844 0.062500 0.093750 0.062500 0.093750 0.058594
0 0.843750 0.056641 0.843750 0.072266 0.847656 0.072266 0.847656 0.056641
0 0.246094 0.056641 0.246094 0.060547 0.250000 0.060547 0.250000 0.056641
0 0.509766 0.054688 0.509766 0.060547 0.507812 0.062500 0.505859 0.062500 0.505859 0.064453 0.503906 0.066406 0.501953 0.066406 0.498047 0.070312 0.494141 0.070312 0.494141 0.072266 0.492188 0.074219 0.492188 0.078125 0.490234 0.080078 0.488281 0.080078 0.488281 0.082031 0.486328 0.083984 0.484375 0.083984 0.484375 0.085938 0.482422 0.087891 0.476562 0.087891 0.474609 0.085938 0.470703 0.085938 0.468750 0.083984 0.462891 0.083984 0.462891 0.087891 0.468750 0.087891 0.470703 0.089844 0.472656 0.089844 0.474609 0.091797 0.476562 0.091797 0.478516 0.093750 0.494141 0.093750 0.496094 0.095703 0.501953 0.095703 0.505859 0.099609 0.507812 0.099609 0.509766 0.101562 0.515625 0.101562 0.517578 0.103516 0.525391 0.103516 0.527344 0.105469 0.527344 0.107422 0.541016 0.107422 0.544922 0.111328 0.546875 0.111328 0.548828 0.113281 0.548828 0.117188 0.550781 0.119141 0.550781 0.128906 0.554688 0.128906 0.554688 0.117188 0.552734 0.115234 0.552734 0.109375 0.550781 0.109375 0.546875 0.105469 0.544922 0.105469 0.542969 0.103516 0.527344 0.103516 0.525391 0.101562 0.525391 0.099609 0.519531 0.099609 0.517578 0.097656 0.511719 0.097656 0.507812 0.093750 0.505859 0.093750 0.503906 0.091797 0.498047 0.091797 0.496094 0.089844 0.494141 0.089844 0.492188 0.087891 0.492188 0.080078 0.494141 0.078125 0.496094 0.078125 0.496094 0.076172 0.498047 0.074219 0.500000 0.074219 0.501953 0.072266 0.503906 0.072266 0.505859 0.070312 0.505859 0.068359 0.507812 0.066406 0.509766 0.066406 0.509766 0.064453 0.511719 0.062500 0.513672 0.062500 0.513672 0.054688
0 0.865234 0.052734 0.865234 0.056641 0.869141 0.056641 0.869141 0.052734
0 0.886719 0.046875 0.886719 0.050781 0.890625 0.050781 0.890625 0.046875
0 0.095703 0.046875 0.095703 0.052734 0.099609 0.052734 0.099609 0.046875
0 0.867188 0.042969 0.867188 0.046875 0.871094 0.046875 0.871094 0.042969
0 0.255859 0.029297 0.255859 0.037109 0.253906 0.039062 0.251953 0.039062 0.251953 0.044922 0.250000 0.046875 0.248047 0.046875 0.248047 0.050781 0.251953 0.050781 0.251953 0.048828 0.253906 0.046875 0.255859 0.046875 0.255859 0.041016 0.257812 0.039062 0.259766 0.039062 0.259766 0.029297
0 0.248047 0.029297 0.248047 0.033203 0.251953 0.033203 0.251953 0.029297
0 0.880859 0.023438 0.880859 0.027344 0.884766 0.027344 0.884766 0.023438
0 0.875000 0.013672 0.875000 0.017578 0.873047 0.019531 0.871094 0.019531 0.871094 0.029297 0.875000 0.029297 0.875000 0.021484 0.876953 0.019531 0.884766 0.019531 0.884766 0.015625 0.882812 0.015625 0.880859 0.013672