0 0.816406 0.865234 0.816406 0.869141 0.820312 0.869141 0.820312 0.865234
0 0.808594 0.861328 0.808594 0.865234 0.812500 0.865234 0.812500 0.861328
0 0.843750 0.849609 0.843750 0.861328 0.841797 0.863281 0.839844 0.863281 0.839844 0.865234 0.837891 0.867188 0.835938 0.867188 0.833984 0.869141 0.824219 0.869141 0.824219 0.873047 0.833984 0.873047 0.835938 0.871094 0.839844 0.871094 0.841797 0.869141 0.843750 0.869141 0.843750 0.865234 0.845703 0.863281 0.847656 0.863281 0.847656 0.849609
0 0.841797 0.832031 0.841797 0.841797 0.845703 0.841797 0.845703 0.832031
0 0.771484 0.828125 0.771484 0.832031 0.773438 0.832031 0.775391 0.833984 0.775391 0.835938 0.777344 0.835938 0.779297 0.837891 0.779297 0.839844 0.781250 0.839844 0.783203 0.841797 0.783203 0.845703 0.785156 0.845703 0.787109 0.847656 0.787109 0.851562 0.792969 0.857422 0.796875 0.857422 0.798828 0.859375 0.798828 0.861328 0.802734 0.861328 0.802734 0.857422 0.798828 0.857422 0.796875 0.855469 0.796875 0.853516 0.791016 0.847656 0.789062 0.847656 0.787109 0.845703 0.787109 0.837891 0.785156 0.837891 0.783203 0.835938 0.783203 0.833984 0.781250 0.833984 0.779297 0.832031 0.779297 0.830078 0.777344 0.830078 0.775391 0.828125
0 0.839844 0.824219 0.839844 0.828125 0.843750 0.828125 0.843750 0.824219
0 0.839844 0.816406 0.839844 0.820312 0.843750 0.820312 0.843750 0.816406
0 0.837891 0.808594 0.837891 0.812500 0.841797 0.812500 0.841797 0.808594
0 0.755859 0.806641 0.755859 0.810547 0.759766 0.814453 0.759766 0.816406 0.763672 0.816406 0.765625 0.818359 0.765625 0.820312 0.771484 0.820312 0.771484 0.816406 0.769531 0.816406 0.767578 0.814453 0.767578 0.812500 0.765625 0.812500 0.759766 0.806641
0 0.835938 0.798828 0.835938 0.802734 0.839844 0.802734 0.839844 0.798828
0 0.835938 0.791016 0.835938 0.794922 0.839844 0.794922 0.839844 0.791016
0 0.835938 0.771484 0.835938 0.787109 0.839844 0.787109 0.839844 0.771484
0 0.771484 0.771484 0.771484 0.781250 0.773438 0.783203 0.773438 0.785156 0.777344 0.785156 0.779297 0.787109 0.789062 0.787109 0.789062 0.783203 0.779297 0.783203 0.775391 0.779297 0.775391 0.771484
0 0.789062 0.728516 0.789062 0.732422 0.785156 0.736328 0.781250 0.736328 0.781250 0.740234 0.779297 0.742188 0.779297 0.744141 0.777344 0.746094 0.773438 0.746094 0.773438 0.750000 0.769531 0.753906 0.769531 0.767578 0.773438 0.767578 0.773438 0.757812 0.775391 0.755859 0.775391 0.751953 0.777344 0.750000 0.777344 0.748047 0.779297 0.746094 0.783203 0.746094 0.783203 0.742188 0.787109 0.738281 0.791016 0.738281 0.791016 0.734375 0.792969 0.732422 0.792969 0.728516
0 0.796875 0.720703 0.796875 0.728516 0.800781 0.728516 0.800781 0.720703
0 0.816406 0.703125 0.816406 0.705078 0.814453 0.707031 0.814453 0.708984 0.812500 0.710938 0.808594 0.710938 0.808594 0.712891 0.806641 0.714844 0.804688 0.714844 0.804688 0.718750 0.808594 0.718750 0.808594 0.716797 0.810547 0.714844 0.812500 0.714844 0.812500 0.712891 0.814453 0.710938 0.818359 0.710938 0.818359 0.708984 0.820312 0.707031 0.820312 0.703125
0 0.826172 0.697266 0.824219 0.699219 0.824219 0.703125 0.828125 0.703125 0.830078 0.701172 0.830078 0.697266
0 0.564453 0.685547 0.562500 0.687500 0.562500 0.689453 0.558594 0.693359 0.558594 0.697266 0.556641 0.699219 0.556641 0.701172 0.552734 0.705078 0.550781 0.705078 0.550781 0.707031 0.546875 0.710938 0.546875 0.712891 0.544922 0.714844 0.542969 0.714844 0.542969 0.716797 0.541016 0.718750 0.541016 0.734375 0.539062 0.736328 0.539062 0.738281 0.537109 0.740234 0.537109 0.742188 0.533203 0.746094 0.533203 0.748047 0.521484 0.759766 0.521484 0.761719 0.511719 0.771484 0.511719 0.785156 0.517578 0.791016 0.517578 0.798828 0.519531 0.800781 0.519531 0.804688 0.521484 0.806641 0.521484 0.808594 0.523438 0.810547 0.523438 0.814453 0.535156 0.814453 0.537109 0.812500 0.539062 0.812500 0.541016 0.810547 0.542969 0.810547 0.550781 0.802734 0.562500 0.802734 0.568359 0.796875 0.570312 0.796875 0.576172 0.791016 0.576172 0.789062 0.578125 0.787109 0.578125 0.777344 0.580078 0.775391 0.580078 0.773438 0.582031 0.771484 0.582031 0.767578 0.585938 0.763672 0.585938 0.761719 0.587891 0.759766 0.587891 0.751953 0.589844 0.750000 0.589844 0.736328 0.587891 0.734375 0.587891 0.732422 0.583984 0.728516 0.583984 0.726562 0.582031 0.724609 0.582031 0.722656 0.580078 0.720703 0.580078 0.714844 0.582031 0.712891 0.582031 0.707031 0.587891 0.701172 0.587891 0.687500 0.585938 0.685547
0 0.871094 0.634766 0.871094 0.638672 0.869141 0.640625 0.869141 0.646484 0.867188 0.648438 0.867188 0.656250 0.865234 0.658203 0.861328 0.658203 0.861328 0.662109 0.857422 0.666016 0.857422 0.669922 0.855469 0.671875 0.851562 0.671875 0.849609 0.673828 0.849609 0.677734 0.847656 0.679688 0.843750 0.679688 0.841797 0.681641 0.841797 0.683594 0.839844 0.685547 0.839844 0.687500 0.837891 0.689453 0.833984 0.689453 0.833984 0.693359 0.837891 0.693359 0.837891 0.691406 0.839844 0.689453 0.843750 0.689453 0.843750 0.687500 0.847656 0.683594 0.847656 0.679688 0.849609 0.677734 0.853516 0.677734 0.855469 0.675781 0.855469 0.671875 0.857422 0.669922 0.861328 0.669922 0.863281 0.667969 0.863281 0.664062 0.865234 0.662109 0.865234 0.658203 0.867188 0.656250 0.871094 0.656250 0.871094 0.650391 0.873047 0.648438 0.873047 0.642578 0.875000 0.640625 0.875000 0.634766
0 0.875000 0.603516 0.875000 0.625000 0.873047 0.626953 0.871094 0.626953 0.871094 0.630859 0.875000 0.630859 0.875000 0.628906 0.876953 0.626953 0.878906 0.626953 0.878906 0.603516
0 0.867188 0.574219 0.867188 0.582031 0.869141 0.583984 0.869141 0.585938 0.871094 0.587891 0.871094 0.589844 0.873047 0.589844 0.875000 0.591797 0.875000 0.599609 0.878906 0.599609 0.878906 0.589844 0.876953 0.589844 0.875000 0.587891 0.875000 0.585938 0.873047 0.583984 0.873047 0.582031 0.871094 0.580078 0.871094 0.574219
0 0.841797 0.556641 0.841797 0.560547 0.843750 0.562500 0.847656 0.562500 0.849609 0.564453 0.849609 0.570312 0.851562 0.572266 0.851562 0.587891 0.855469 0.587891 0.855469 0.572266 0.853516 0.570312 0.853516 0.564453 0.849609 0.564453 0.847656 0.562500 0.847656 0.558594 0.845703 0.556641
0 0.875000 0.550781 0.875000 0.554688 0.876953 0.556641 0.876953 0.558594 0.878906 0.558594 0.880859 0.560547 0.880859 0.562500 0.882812 0.564453 0.882812 0.566406 0.884766 0.568359 0.884766 0.570312 0.886719 0.572266 0.886719 0.574219 0.890625 0.578125 0.890625 0.580078 0.892578 0.582031 0.892578 0.585938 0.894531 0.587891 0.894531 0.591797 0.896484 0.591797 0.898438 0.593750 0.898438 0.595703 0.900391 0.597656 0.900391 0.599609 0.902344 0.601562 0.902344 0.603516 0.904297 0.605469 0.904297 0.607422 0.906250 0.609375 0.906250 0.611328 0.908203 0.613281 0.908203 0.621094 0.910156 0.623047 0.910156 0.638672 0.908203 0.640625 0.908203 0.650391 0.906250 0.652344 0.906250 0.679688 0.908203 0.681641 0.908203 0.683594 0.910156 0.685547 0.910156 0.691406 0.912109 0.693359 0.912109 0.697266 0.914062 0.699219 0.914062 0.701172 0.912109 0.703125 0.900391 0.703125 0.900391 0.705078 0.898438 0.707031 0.888672 0.707031 0.888672 0.708984 0.886719 0.710938 0.880859 0.710938 0.880859 0.712891 0.878906 0.714844 0.876953 0.714844 0.876953 0.716797 0.875000 0.718750 0.873047 0.718750 0.873047 0.720703 0.867188 0.726562 0.865234 0.726562 0.865234 0.728516 0.863281 0.730469 0.861328 0.730469 0.861328 0.732422 0.859375 0.734375 0.859375 0.736328 0.849609 0.746094 0.849609 0.750000 0.847656 0.751953 0.845703 0.751953 0.845703 0.753906 0.843750 0.755859 0.843750 0.757812 0.839844 0.761719 0.839844 0.767578 0.843750 0.767578 0.843750 0.765625 0.845703 0.763672 0.845703 0.761719 0.847656 0.759766 0.847656 0.757812 0.849609 0.755859 0.851562 0.755859 0.851562 0.753906 0.853516 0.751953 0.853516 0.750000 0.861328 0.742188 0.861328 0.740234 0.863281 0.738281 0.863281 0.736328 0.865234 0.734375 0.867188 0.734375 0.867188 0.732422 0.871094 0.728516 0.873047 0.728516 0.875000 0.726562 0.875000 0.724609 0.876953 0.722656 0.876953 0.720703 0.878906 0.718750 0.882812 0.718750 0.882812 0.716797 0.884766 0.714844 0.888672 0.714844 0.888672 0.712891 0.890625 0.710938 0.898438 0.710938 0.898438 0.708984 0.900391 0.707031 0.917969 0.707031 0.917969 0.697266 0.916016 0.695312 0.916016 0.693359 0.914062 0.691406 0.914062 0.681641 0.910156 0.677734 0.910156 0.652344 0.912109 0.650391 0.912109 0.642578 0.914062 0.640625 0.914062 0.621094 0.912109 0.619141 0.912109 0.611328 0.910156 0.609375 0.910156 0.607422 0.908203 0.605469 0.908203 0.603516 0.906250 0.601562 0.906250 0.595703 0.902344 0.591797 0.900391 0.591797 0.898438 0.589844 0.898438 0.587891 0.896484 0.585938 0.896484 0.582031 0.894531 0.580078 0.894531 0.576172 0.892578 0.574219 0.892578 0.572266 0.888672 0.568359 0.888672 0.566406 0.886719 0.564453 0.886719 0.562500 0.884766 0.560547 0.884766 0.558594 0.882812 0.558594 0.880859 0.556641 0.880859 0.554688 0.878906 0.552734 0.878906 0.550781
0 0.796875 0.511719 0.796875 0.515625 0.798828 0.517578 0.798828 0.519531 0.802734 0.519531 0.804688 0.521484 0.804688 0.523438 0.806641 0.523438 0.808594 0.525391 0.808594 0.527344 0.812500 0.527344 0.814453 0.529297 0.814453 0.531250 0.816406 0.531250 0.818359 0.533203 0.818359 0.535156 0.822266 0.535156 0.824219 0.537109 0.824219 0.541016 0.826172 0.542969 0.830078 0.542969 0.830078 0.539062 0.828125 0.537109 0.824219 0.537109 0.822266 0.535156 0.822266 0.531250 0.820312 0.531250 0.818359 0.529297 0.818359 0.527344 0.814453 0.527344 0.812500 0.525391 0.812500 0.523438 0.810547 0.523438 0.808594 0.521484 0.808594 0.519531 0.804688 0.519531 0.802734 0.517578 0.802734 0.515625 0.800781 0.513672 0.800781 0.511719
0 0.781250 0.486328 0.781250 0.500000 0.783203 0.500000 0.785156 0.501953 0.785156 0.505859 0.787109 0.505859 0.789062 0.507812 0.789062 0.509766 0.792969 0.509766 0.792969 0.505859 0.791016 0.503906 0.791016 0.501953 0.787109 0.501953 0.785156 0.500000 0.785156 0.492188 0.787109 0.490234 0.789062 0.490234 0.791016 0.492188 0.792969 0.492188 0.794922 0.494141 0.794922 0.496094 0.802734 0.496094 0.804688 0.498047 0.804688 0.500000 0.806641 0.501953 0.810547 0.501953 0.812500 0.503906 0.812500 0.507812 0.816406 0.511719 0.816406 0.513672 0.818359 0.515625 0.822266 0.515625 0.826172 0.519531 0.826172 0.525391 0.830078 0.525391 0.832031 0.527344 0.832031 0.531250 0.833984 0.533203 0.833984 0.535156 0.835938 0.537109 0.837891 0.537109 0.839844 0.539062 0.839844 0.542969 0.841797 0.542969 0.843750 0.544922 0.843750 0.546875 0.841797 0.548828 0.839844 0.548828 0.837891 0.546875 0.833984 0.546875 0.833984 0.550781 0.837891 0.550781 0.839844 0.552734 0.847656 0.552734 0.851562 0.556641 0.851562 0.560547 0.855469 0.560547 0.857422 0.562500 0.857422 0.564453 0.859375 0.566406 0.859375 0.568359 0.861328 0.570312 0.865234 0.570312 0.865234 0.566406 0.861328 0.562500 0.861328 0.560547 0.857422 0.560547 0.855469 0.558594 0.855469 0.556641 0.853516 0.554688 0.853516 0.550781 0.851562 0.550781 0.847656 0.546875 0.847656 0.544922 0.845703 0.544922 0.843750 0.542969 0.843750 0.539062 0.841797 0.539062 0.839844 0.537109 0.839844 0.533203 0.835938 0.529297 0.835938 0.523438 0.832031 0.523438 0.830078 0.521484 0.830078 0.519531 0.828125 0.517578 0.828125 0.513672 0.824219 0.513672 0.818359 0.507812 0.818359 0.505859 0.816406 0.503906 0.816406 0.501953 0.812500 0.501953 0.810547 0.500000 0.810547 0.498047 0.808594 0.496094 0.806641 0.496094 0.804688 0.494141 0.804688 0.492188 0.796875 0.492188 0.794922 0.490234 0.794922 0.488281 0.792969 0.486328
0 0.738281 0.478516 0.738281 0.492188 0.734375 0.496094 0.734375 0.501953 0.738281 0.505859 0.738281 0.507812 0.740234 0.507812 0.744141 0.511719 0.744141 0.515625 0.746094 0.515625 0.751953 0.521484 0.751953 0.523438 0.757812 0.529297 0.757812 0.531250 0.759766 0.533203 0.759766 0.535156 0.761719 0.535156 0.769531 0.542969 0.769531 0.544922 0.773438 0.544922 0.777344 0.548828 0.787109 0.548828 0.789062 0.550781 0.791016 0.550781 0.792969 0.552734 0.794922 0.552734 0.806641 0.564453 0.808594 0.564453 0.810547 0.566406 0.810547 0.568359 0.812500 0.568359 0.818359 0.574219 0.820312 0.574219 0.822266 0.576172 0.822266 0.578125 0.830078 0.585938 0.832031 0.585938 0.833984 0.587891 0.833984 0.609375 0.832031 0.611328 0.830078 0.611328 0.830078 0.613281 0.828125 0.615234 0.828125 0.619141 0.820312 0.626953 0.818359 0.626953 0.816406 0.628906 0.814453 0.628906 0.812500 0.630859 0.802734 0.630859 0.800781 0.628906 0.800781 0.626953 0.789062 0.626953 0.787109 0.628906 0.785156 0.628906 0.785156 0.630859 0.783203 0.632812 0.781250 0.632812 0.779297 0.634766 0.777344 0.634766 0.777344 0.638672 0.775391 0.640625 0.773438 0.640625 0.773438 0.648438 0.769531 0.652344 0.769531 0.658203 0.767578 0.660156 0.767578 0.662109 0.765625 0.664062 0.763672 0.664062 0.751953 0.675781 0.751953 0.677734 0.750000 0.679688 0.750000 0.681641 0.748047 0.683594 0.748047 0.687500 0.742188 0.693359 0.742188 0.695312 0.740234 0.697266 0.740234 0.701172 0.738281 0.703125 0.738281 0.707031 0.736328 0.708984 0.736328 0.726562 0.734375 0.728516 0.734375 0.730469 0.732422 0.732422 0.732422 0.736328 0.730469 0.738281 0.728516 0.738281 0.728516 0.742188 0.726562 0.744141 0.724609 0.744141 0.724609 0.748047 0.722656 0.750000 0.722656 0.751953 0.718750 0.755859 0.718750 0.763672 0.720703 0.765625 0.720703 0.769531 0.722656 0.771484 0.722656 0.773438 0.724609 0.775391 0.724609 0.781250 0.726562 0.781250 0.728516 0.783203 0.728516 0.787109 0.730469 0.789062 0.730469 0.791016 0.732422 0.792969 0.732422 0.794922 0.734375 0.794922 0.736328 0.796875 0.736328 0.798828 0.742188 0.804688 0.742188 0.806641 0.750000 0.806641 0.750000 0.802734 0.748047 0.802734 0.740234 0.794922 0.738281 0.794922 0.736328 0.792969 0.736328 0.791016 0.734375 0.789062 0.734375 0.787109 0.732422 0.785156 0.732422 0.779297 0.730469 0.779297 0.728516 0.777344 0.728516 0.773438 0.726562 0.771484 0.726562 0.769531 0.724609 0.767578 0.724609 0.761719 0.722656 0.759766 0.724609 0.757812 0.724609 0.755859 0.728516 0.751953 0.728516 0.748047 0.730469 0.746094 0.732422 0.746094 0.732422 0.742188 0.734375 0.740234 0.736328 0.740234 0.736328 0.736328 0.738281 0.734375 0.738281 0.732422 0.740234 0.730469 0.740234 0.714844 0.742188 0.712891 0.742188 0.707031 0.744141 0.705078 0.744141 0.701172 0.746094 0.699219 0.746094 0.697266 0.750000 0.693359 0.750000 0.691406 0.751953 0.689453 0.751953 0.685547 0.755859 0.681641 0.755859 0.679688 0.767578 0.667969 0.769531 0.667969 0.771484 0.666016 0.771484 0.664062 0.773438 0.662109 0.773438 0.656250 0.775391 0.654297 0.775391 0.652344 0.777344 0.650391 0.777344 0.644531 0.779297 0.642578 0.781250 0.642578 0.781250 0.640625 0.783203 0.638672 0.785156 0.638672 0.785156 0.636719 0.787109 0.634766 0.789062 0.634766 0.791016 0.632812 0.792969 0.632812 0.794922 0.630859 0.796875 0.632812 0.800781 0.632812 0.802734 0.634766 0.816406 0.634766 0.818359 0.632812 0.822266 0.632812 0.822266 0.630859 0.824219 0.628906 0.826172 0.628906 0.832031 0.623047 0.832031 0.619141 0.833984 0.617188 0.833984 0.613281 0.835938 0.611328 0.837891 0.611328 0.837891 0.585938 0.835938 0.585938 0.833984 0.583984 0.833984 0.582031 0.826172 0.574219 0.824219 0.574219 0.822266 0.572266 0.822266 0.570312 0.818359 0.566406 0.816406 0.566406 0.812500 0.562500 0.812500 0.560547 0.810547 0.560547 0.800781 0.550781 0.798828 0.550781 0.794922 0.546875 0.791016 0.546875 0.789062 0.544922 0.781250 0.544922 0.777344 0.541016 0.775391 0.541016 0.767578 0.533203 0.765625 0.533203 0.761719 0.529297 0.761719 0.527344 0.759766 0.525391 0.759766 0.523438 0.753906 0.517578 0.753906 0.515625 0.751953 0.513672 0.750000 0.513672 0.748047 0.511719 0.748047 0.507812 0.744141 0.503906 0.742188 0.503906 0.740234 0.501953 0.740234 0.500000 0.742188 0.498047 0.744141 0.498047 0.744141 0.494141 0.742188 0.492188 0.742188 0.478516
0 0.798828 0.421875 0.796875 0.423828 0.792969 0.423828 0.791016 0.425781 0.783203 0.425781 0.781250 0.427734 0.779297 0.427734 0.777344 0.429688 0.773438 0.429688 0.771484 0.431641 0.767578 0.431641 0.765625 0.433594 0.763672 0.433594 0.759766 0.437500 0.755859 0.437500 0.755859 0.439453 0.753906 0.441406 0.751953 0.441406 0.750000 0.443359 0.748047 0.443359 0.746094 0.445312 0.746094 0.447266 0.740234 0.453125 0.740234 0.455078 0.738281 0.457031 0.738281 0.460938 0.736328 0.462891 0.736328 0.474609 0.740234 0.474609 0.740234 0.464844 0.744141 0.460938 0.744141 0.457031 0.748047 0.453125 0.748047 0.451172 0.753906 0.445312 0.755859 0.445312 0.757812 0.443359 0.759766 0.443359 0.761719 0.441406 0.763672 0.441406 0.769531 0.435547 0.775391 0.435547 0.777344 0.433594 0.781250 0.433594 0.783203 0.431641 0.785156 0.431641 0.787109 0.429688 0.792969 0.429688 0.794922 0.427734 0.800781 0.427734 0.802734 0.425781 0.806641 0.425781 0.808594 0.427734 0.808594 0.429688 0.810547 0.429688 0.812500 0.431641 0.814453 0.431641 0.816406 0.433594 0.816406 0.435547 0.820312 0.439453 0.820312 0.441406 0.822266 0.443359 0.824219 0.443359 0.830078 0.449219 0.830078 0.451172 0.833984 0.455078 0.833984 0.457031 0.835938 0.457031 0.837891 0.458984 0.837891 0.460938 0.841797 0.460938 0.845703 0.464844 0.847656 0.464844 0.849609 0.466797 0.849609 0.470703 0.851562 0.470703 0.859375 0.478516 0.861328 0.478516 0.863281 0.480469 0.863281 0.482422 0.865234 0.484375 0.867188 0.484375 0.869141 0.486328 0.869141 0.488281 0.871094 0.488281 0.873047 0.490234 0.873047 0.494141 0.875000 0.496094 0.875000 0.503906 0.871094 0.507812 0.869141 0.507812 0.869141 0.511719 0.867188 0.513672 0.865234 0.513672 0.865234 0.515625 0.861328 0.519531 0.861328 0.542969 0.863281 0.544922 0.869141 0.544922 0.869141 0.541016 0.867188 0.541016 0.865234 0.539062 0.865234 0.523438 0.869141 0.519531 0.869141 0.517578 0.871094 0.515625 0.873047 0.515625 0.873047 0.511719 0.875000 0.509766 0.876953 0.509766 0.878906 0.507812 0.878906 0.490234 0.876953 0.488281 0.876953 0.486328 0.875000 0.486328 0.873047 0.484375 0.873047 0.482422 0.871094 0.482422 0.867188 0.478516 0.865234 0.478516 0.863281 0.476562 0.863281 0.474609 0.853516 0.464844 0.851562 0.464844 0.849609 0.462891 0.849609 0.460938 0.845703 0.457031 0.843750 0.457031 0.841797 0.455078 0.841797 0.453125 0.837891 0.453125 0.835938 0.451172 0.835938 0.449219 0.832031 0.445312 0.832031 0.443359 0.830078 0.441406 0.828125 0.441406 0.822266 0.435547 0.822266 0.433594 0.820312 0.431641 0.820312 0.429688 0.818359 0.429688 0.816406 0.427734 0.814453 0.427734 0.812500 0.425781 0.812500 0.423828 0.810547 0.421875
0 0.058594 0.314453 0.058594 0.328125 0.060547 0.330078 0.060547 0.359375 0.062500 0.361328 0.062500 0.363281 0.064453 0.365234 0.064453 0.380859 0.066406 0.382812 0.066406 0.384766 0.068359 0.386719 0.068359 0.388672 0.070312 0.390625 0.070312 0.394531 0.072266 0.394531 0.074219 0.396484 0.074219 0.402344 0.076172 0.402344 0.078125 0.404297 0.078125 0.406250 0.080078 0.408203 0.080078 0.410156 0.082031 0.410156 0.083984 0.412109 0.083984 0.414062 0.085938 0.414062 0.087891 0.416016 0.087891 0.419922 0.091797 0.419922 0.093750 0.421875 0.093750 0.425781 0.095703 0.427734 0.095703 0.429688 0.097656 0.431641 0.097656 0.433594 0.099609 0.435547 0.101562 0.435547 0.111328 0.445312 0.138672 0.445312 0.140625 0.443359 0.146484 0.443359 0.148438 0.441406 0.173828 0.441406 0.173828 0.431641 0.140625 0.431641 0.138672 0.433594 0.134766 0.433594 0.132812 0.435547 0.123047 0.435547 0.121094 0.433594 0.119141 0.433594 0.113281 0.427734 0.111328 0.427734 0.105469 0.421875 0.105469 0.419922 0.103516 0.417969 0.103516 0.416016 0.099609 0.416016 0.097656 0.414062 0.097656 0.408203 0.095703 0.408203 0.093750 0.406250 0.093750 0.402344 0.091797 0.400391 0.089844 0.400391 0.087891 0.398438 0.087891 0.396484 0.085938 0.396484 0.083984 0.394531 0.083984 0.388672 0.082031 0.388672 0.080078 0.386719 0.080078 0.382812 0.078125 0.380859 0.078125 0.378906 0.076172 0.376953 0.076172 0.371094 0.074219 0.369141 0.074219 0.355469 0.070312 0.351562 0.070312 0.318359 0.068359 0.316406 0.068359 0.314453
0 0.044922 0.283203 0.042969 0.285156 0.042969 0.287109 0.041016 0.289062 0.039062 0.289062 0.039062 0.291016 0.037109 0.292969 0.037109 0.296875 0.033203 0.300781 0.031250 0.300781 0.031250 0.304688 0.029297 0.306641 0.029297 0.312500 0.027344 0.314453 0.027344 0.316406 0.025391 0.318359 0.023438 0.318359 0.023438 0.347656 0.025391 0.347656 0.027344 0.349609 0.027344 0.351562 0.029297 0.353516 0.029297 0.361328 0.031250 0.363281 0.031250 0.386719 0.033203 0.388672 0.035156 0.388672 0.037109 0.390625 0.037109 0.394531 0.039062 0.396484 0.039062 0.398438 0.041016 0.398438 0.042969 0.400391 0.042969 0.402344 0.044922 0.402344 0.046875 0.404297 0.046875 0.406250 0.048828 0.406250 0.052734 0.410156 0.052734 0.412109 0.060547 0.419922 0.060547 0.431641 0.062500 0.433594 0.062500 0.437500 0.066406 0.441406 0.066406 0.455078 0.068359 0.457031 0.068359 0.466797 0.066406 0.468750 0.066406 0.490234 0.068359 0.492188 0.068359 0.498047 0.072266 0.501953 0.083984 0.501953 0.085938 0.500000 0.087891 0.500000 0.089844 0.498047 0.093750 0.498047 0.095703 0.496094 0.095703 0.494141 0.097656 0.492188 0.099609 0.492188 0.101562 0.490234 0.105469 0.490234 0.107422 0.488281 0.146484 0.488281 0.146484 0.484375 0.148438 0.482422 0.156250 0.482422 0.156250 0.480469 0.160156 0.476562 0.162109 0.476562 0.164062 0.474609 0.166016 0.474609 0.167969 0.472656 0.167969 0.470703 0.169922 0.468750 0.171875 0.468750 0.173828 0.466797 0.185547 0.466797 0.187500 0.468750 0.201172 0.468750 0.203125 0.466797 0.208984 0.466797 0.212891 0.462891 0.214844 0.462891 0.214844 0.460938 0.216797 0.458984 0.222656 0.458984 0.222656 0.457031 0.224609 0.455078 0.224609 0.443359 0.222656 0.441406 0.222656 0.439453 0.220703 0.437500 0.220703 0.435547 0.214844 0.429688 0.214844 0.425781 0.212891 0.425781 0.208984 0.421875 0.208984 0.419922 0.207031 0.417969 0.203125 0.417969 0.201172 0.416016 0.199219 0.416016 0.197266 0.414062 0.193359 0.414062 0.191406 0.412109 0.191406 0.410156 0.179688 0.410156 0.175781 0.406250 0.167969 0.406250 0.166016 0.404297 0.164062 0.404297 0.162109 0.402344 0.150391 0.402344 0.150391 0.406250 0.158203 0.406250 0.160156 0.408203 0.164062 0.408203 0.166016 0.410156 0.171875 0.410156 0.173828 0.412109 0.175781 0.412109 0.177734 0.414062 0.187500 0.414062 0.189453 0.416016 0.189453 0.417969 0.195312 0.417969 0.197266 0.419922 0.199219 0.419922 0.201172 0.421875 0.203125 0.421875 0.207031 0.425781 0.207031 0.427734 0.212891 0.433594 0.212891 0.435547 0.218750 0.441406 0.218750 0.443359 0.220703 0.445312 0.220703 0.451172 0.216797 0.455078 0.216797 0.457031 0.214844 0.458984 0.210938 0.458984 0.208984 0.460938 0.207031 0.460938 0.205078 0.462891 0.197266 0.462891 0.195312 0.464844 0.189453 0.464844 0.187500 0.462891 0.169922 0.462891 0.167969 0.464844 0.167969 0.466797 0.166016 0.468750 0.164062 0.468750 0.162109 0.470703 0.158203 0.470703 0.154297 0.474609 0.154297 0.476562 0.152344 0.478516 0.148438 0.478516 0.148438 0.482422 0.146484 0.484375 0.105469 0.484375 0.103516 0.486328 0.097656 0.486328 0.095703 0.488281 0.095703 0.490234 0.093750 0.492188 0.091797 0.492188 0.089844 0.494141 0.085938 0.494141 0.082031 0.498047 0.076172 0.498047 0.072266 0.494141 0.072266 0.492188 0.070312 0.490234 0.070312 0.474609 0.072266 0.472656 0.072266 0.455078 0.070312 0.453125 0.070312 0.439453 0.068359 0.437500 0.068359 0.435547 0.066406 0.433594 0.066406 0.431641 0.064453 0.429688 0.064453 0.417969 0.062500 0.416016 0.062500 0.414062 0.056641 0.408203 0.056641 0.406250 0.054688 0.404297 0.054688 0.402344 0.050781 0.402344 0.048828 0.400391 0.048828 0.398438 0.044922 0.394531 0.042969 0.394531 0.041016 0.392578 0.041016 0.388672 0.039062 0.388672 0.037109 0.386719 0.037109 0.384766 0.035156 0.382812 0.035156 0.357422 0.033203 0.355469 0.033203 0.349609 0.031250 0.347656 0.029297 0.347656 0.027344 0.345703 0.027344 0.324219 0.029297 0.322266 0.029297 0.320312 0.033203 0.316406 0.033203 0.308594 0.035156 0.306641 0.035156 0.304688 0.037109 0.302734 0.039062 0.302734 0.039062 0.300781 0.041016 0.298828 0.041016 0.294922 0.042969 0.292969 0.044922 0.292969 0.046875 0.291016 0.046875 0.289062 0.048828 0.287109 0.052734 0.287109 0.054688 0.289062 0.066406 0.289062 0.068359 0.287109 0.074219 0.287109 0.078125 0.291016 0.078125 0.292969 0.082031 0.296875 0.082031 0.310547 0.085938 0.314453 0.085938 0.316406 0.089844 0.320312 0.089844 0.322266 0.093750 0.322266 0.095703 0.324219 0.099609 0.324219 0.101562 0.326172 0.103516 0.326172 0.105469 0.328125 0.107422 0.328125 0.113281 0.333984 0.113281 0.335938 0.115234 0.335938 0.117188 0.337891 0.119141 0.337891 0.121094 0.339844 0.121094 0.351562 0.119141 0.353516 0.117188 0.353516 0.115234 0.355469 0.105469 0.355469 0.103516 0.357422 0.095703 0.357422 0.095703 0.361328 0.107422 0.361328 0.109375 0.359375 0.117188 0.359375 0.119141 0.357422 0.123047 0.357422 0.125000 0.355469 0.125000 0.335938 0.123047 0.335938 0.121094 0.333984 0.119141 0.333984 0.117188 0.332031 0.117188 0.328125 0.115234 0.328125 0.113281 0.326172 0.111328 0.326172 0.109375 0.324219 0.107422 0.324219 0.103516 0.320312 0.099609 0.320312 0.097656 0.318359 0.095703 0.318359 0.093750 0.316406 0.093750 0.314453 0.091797 0.314453 0.087891 0.310547 0.087891 0.308594 0.085938 0.306641 0.085938 0.292969 0.083984 0.291016 0.083984 0.289062 0.082031 0.289062 0.080078 0.287109 0.080078 0.283203 0.066406 0.283203 0.064453 0.285156 0.056641 0.285156 0.054688 0.283203