0 0.986328 0.970703 0.986328 0.972656 0.982422 0.976562 0.976562 0.976562 0.972656 0.980469 0.972656 0.982422 0.970703 0.984375 0.970703 0.986328 0.966797 0.990234 0.966797 0.992188 0.992188 0.992188 0.992188 0.970703
0 0.990234 0.630859 0.988281 0.632812 0.988281 0.634766 0.986328 0.636719 0.984375 0.636719 0.980469 0.640625 0.972656 0.640625 0.970703 0.642578 0.968750 0.642578 0.968750 0.650391 0.972656 0.650391 0.974609 0.648438 0.982422 0.648438 0.984375 0.650391 0.992188 0.650391 0.992188 0.630859
0 0.386719 0.562500 0.384766 0.564453 0.384766 0.568359 0.382812 0.570312 0.382812 0.572266 0.380859 0.574219 0.373047 0.574219 0.371094 0.576172 0.371094 0.578125 0.376953 0.583984 0.376953 0.585938 0.380859 0.589844 0.384766 0.589844 0.390625 0.583984 0.392578 0.583984 0.394531 0.582031 0.398438 0.582031 0.400391 0.580078 0.400391 0.570312 0.398438 0.568359 0.396484 0.568359 0.392578 0.564453 0.390625 0.564453 0.388672 0.562500
0 0.378906 0.541016 0.375000 0.544922 0.367188 0.544922 0.367188 0.548828 0.365234 0.550781 0.363281 0.550781 0.361328 0.552734 0.359375 0.552734 0.359375 0.558594 0.363281 0.558594 0.367188 0.562500 0.378906 0.562500 0.378906 0.558594 0.386719 0.550781 0.386719 0.548828 0.388672 0.546875 0.388672 0.541016
0 0.968750 0.533203 0.966797 0.535156 0.966797 0.544922 0.970703 0.548828 0.970703 0.552734 0.964844 0.558594 0.955078 0.558594 0.953125 0.560547 0.953125 0.570312 0.955078 0.572266 0.957031 0.572266 0.958984 0.574219 0.960938 0.574219 0.962891 0.576172 0.962891 0.585938 0.960938 0.587891 0.960938 0.599609 0.958984 0.601562 0.958984 0.603516 0.957031 0.605469 0.957031 0.611328 0.964844 0.619141 0.964844 0.621094 0.966797 0.623047 0.976562 0.623047 0.976562 0.621094 0.978516 0.619141 0.984375 0.619141 0.988281 0.623047 0.992188 0.623047 0.992188 0.535156 0.988281 0.535156 0.986328 0.533203
0 0.283203 0.509766 0.283203 0.513672 0.281250 0.515625 0.281250 0.525391 0.279297 0.527344 0.277344 0.527344 0.275391 0.529297 0.275391 0.535156 0.281250 0.535156 0.281250 0.531250 0.283203 0.529297 0.292969 0.529297 0.292969 0.527344 0.289062 0.523438 0.289062 0.509766
0 0.447266 0.500000 0.445312 0.501953 0.445312 0.503906 0.443359 0.505859 0.443359 0.507812 0.441406 0.509766 0.441406 0.519531 0.443359 0.521484 0.453125 0.521484 0.457031 0.517578 0.457031 0.515625 0.458984 0.513672 0.458984 0.500000
0 0.263672 0.494141 0.263672 0.496094 0.261719 0.498047 0.259766 0.498047 0.259766 0.501953 0.253906 0.507812 0.253906 0.513672 0.255859 0.515625 0.263672 0.515625 0.267578 0.511719 0.267578 0.509766 0.271484 0.505859 0.271484 0.501953 0.273438 0.500000 0.273438 0.496094 0.271484 0.496094 0.269531 0.494141
0 0.238281 0.482422 0.236328 0.484375 0.234375 0.484375 0.226562 0.492188 0.226562 0.500000 0.228516 0.501953 0.230469 0.501953 0.232422 0.503906 0.238281 0.503906 0.246094 0.496094 0.246094 0.486328 0.244141 0.484375 0.244141 0.482422
0 0.304688 0.472656 0.302734 0.474609 0.300781 0.474609 0.298828 0.476562 0.296875 0.476562 0.294922 0.478516 0.294922 0.480469 0.289062 0.486328 0.287109 0.486328 0.285156 0.488281 0.285156 0.498047 0.287109 0.498047 0.291016 0.501953 0.298828 0.501953 0.300781 0.503906 0.312500 0.503906 0.314453 0.501953 0.320312 0.501953 0.322266 0.503906 0.322266 0.511719 0.318359 0.515625 0.318359 0.517578 0.316406 0.519531 0.316406 0.529297 0.320312 0.533203 0.332031 0.533203 0.335938 0.529297 0.335938 0.525391 0.337891 0.523438 0.337891 0.519531 0.341797 0.515625 0.341797 0.513672 0.343750 0.511719 0.343750 0.509766 0.345703 0.507812 0.345703 0.501953 0.343750 0.501953 0.341797 0.500000 0.341797 0.490234 0.339844 0.488281 0.339844 0.484375 0.333984 0.484375 0.332031 0.482422 0.326172 0.482422 0.324219 0.480469 0.322266 0.480469 0.314453 0.472656
0 0.224609 0.464844 0.224609 0.466797 0.222656 0.468750 0.222656 0.472656 0.226562 0.476562 0.238281 0.476562 0.238281 0.470703 0.236328 0.468750 0.236328 0.466797 0.234375 0.464844
0 0.392578 0.458984 0.390625 0.460938 0.390625 0.470703 0.388672 0.472656 0.388672 0.486328 0.390625 0.488281 0.390625 0.494141 0.392578 0.496094 0.392578 0.500000 0.386719 0.505859 0.382812 0.505859 0.380859 0.503906 0.380859 0.501953 0.378906 0.501953 0.376953 0.500000 0.376953 0.494141 0.375000 0.492188 0.369141 0.492188 0.367188 0.494141 0.367188 0.500000 0.365234 0.501953 0.365234 0.503906 0.363281 0.505859 0.363281 0.507812 0.361328 0.509766 0.355469 0.509766 0.355469 0.513672 0.361328 0.513672 0.363281 0.515625 0.365234 0.515625 0.367188 0.517578 0.375000 0.517578 0.378906 0.513672 0.386719 0.513672 0.388672 0.515625 0.390625 0.515625 0.392578 0.517578 0.396484 0.517578 0.398438 0.519531 0.410156 0.519531 0.414062 0.523438 0.414062 0.525391 0.416016 0.527344 0.421875 0.527344 0.421875 0.521484 0.423828 0.519531 0.423828 0.515625 0.425781 0.513672 0.425781 0.509766 0.427734 0.507812 0.427734 0.501953 0.419922 0.501953 0.417969 0.503906 0.414062 0.503906 0.412109 0.505859 0.408203 0.505859 0.406250 0.503906 0.406250 0.498047 0.408203 0.496094 0.410156 0.496094 0.414062 0.492188 0.416016 0.492188 0.416016 0.488281 0.417969 0.486328 0.417969 0.478516 0.416016 0.476562 0.416016 0.474609 0.414062 0.472656 0.414062 0.470703 0.412109 0.468750 0.412109 0.466797 0.410156 0.464844 0.410156 0.462891 0.408203 0.462891 0.404297 0.458984
0 0.251953 0.455078 0.250000 0.457031 0.246094 0.457031 0.242188 0.460938 0.242188 0.466797 0.246094 0.470703 0.253906 0.470703 0.253906 0.464844 0.255859 0.462891 0.255859 0.455078
0 0.785156 0.441406 0.783203 0.443359 0.783203 0.457031 0.781250 0.458984 0.781250 0.466797 0.785156 0.470703 0.785156 0.472656 0.787109 0.474609 0.794922 0.474609 0.796875 0.476562 0.804688 0.476562 0.804688 0.466797 0.806641 0.464844 0.806641 0.451172 0.804688 0.451172 0.802734 0.449219 0.800781 0.449219 0.794922 0.443359 0.792969 0.443359 0.791016 0.441406
0 0.433594 0.441406 0.431641 0.443359 0.431641 0.447266 0.429688 0.449219 0.429688 0.457031 0.431641 0.458984 0.447266 0.458984 0.449219 0.457031 0.449219 0.445312 0.445312 0.441406
0 0.734375 0.439453 0.730469 0.443359 0.730469 0.455078 0.728516 0.457031 0.728516 0.458984 0.726562 0.460938 0.726562 0.462891 0.724609 0.464844 0.724609 0.474609 0.726562 0.476562 0.728516 0.476562 0.730469 0.478516 0.742188 0.478516 0.746094 0.474609 0.746094 0.472656 0.748047 0.470703 0.748047 0.460938 0.744141 0.457031 0.744141 0.455078 0.742188 0.453125 0.742188 0.449219 0.740234 0.447266 0.740234 0.443359 0.742188 0.441406 0.742188 0.439453
0 0.330078 0.433594 0.328125 0.435547 0.326172 0.435547 0.324219 0.437500 0.318359 0.437500 0.318359 0.439453 0.316406 0.441406 0.316406 0.443359 0.314453 0.445312 0.314453 0.455078 0.316406 0.457031 0.322266 0.457031 0.330078 0.449219 0.332031 0.449219 0.335938 0.445312 0.335938 0.435547 0.333984 0.433594
0 0.234375 0.433594 0.234375 0.435547 0.230469 0.439453 0.230469 0.449219 0.236328 0.449219 0.236328 0.445312 0.242188 0.439453 0.242188 0.433594
0 0.105469 0.433594 0.103516 0.435547 0.099609 0.435547 0.099609 0.445312 0.105469 0.451172 0.109375 0.451172 0.111328 0.449219 0.115234 0.449219 0.115234 0.447266 0.117188 0.445312 0.117188 0.435547 0.115234 0.435547 0.113281 0.433594
0 0.523438 0.427734 0.521484 0.429688 0.521484 0.431641 0.517578 0.435547 0.517578 0.437500 0.523438 0.443359 0.537109 0.443359 0.539062 0.441406 0.539062 0.439453 0.541016 0.437500 0.541016 0.433594 0.539062 0.431641 0.539062 0.429688 0.535156 0.429688 0.533203 0.427734
0 0.855469 0.423828 0.853516 0.425781 0.851562 0.425781 0.847656 0.429688 0.847656 0.431641 0.845703 0.433594 0.845703 0.437500 0.847656 0.439453 0.847656 0.441406 0.857422 0.441406 0.861328 0.437500 0.861328 0.435547 0.863281 0.433594 0.865234 0.433594 0.865234 0.427734 0.863281 0.425781 0.863281 0.423828
0 0.367188 0.423828 0.365234 0.425781 0.365234 0.427734 0.363281 0.429688 0.361328 0.429688 0.351562 0.439453 0.351562 0.460938 0.349609 0.462891 0.349609 0.468750 0.351562 0.470703 0.353516 0.470703 0.355469 0.472656 0.357422 0.472656 0.361328 0.476562 0.365234 0.476562 0.367188 0.478516 0.373047 0.478516 0.373047 0.476562 0.378906 0.470703 0.378906 0.464844 0.376953 0.462891 0.376953 0.458984 0.371094 0.453125 0.371094 0.439453 0.376953 0.433594 0.376953 0.425781 0.375000 0.425781 0.373047 0.423828
0 0.300781 0.423828 0.298828 0.425781 0.296875 0.425781 0.287109 0.435547 0.285156 0.435547 0.285156 0.443359 0.292969 0.451172 0.292969 0.455078 0.294922 0.457031 0.298828 0.457031 0.300781 0.455078 0.302734 0.455078 0.306641 0.451172 0.308594 0.451172 0.310547 0.449219 0.310547 0.443359 0.304688 0.437500 0.304688 0.423828
0 0.183594 0.421875 0.177734 0.427734 0.177734 0.433594 0.179688 0.435547 0.189453 0.435547 0.189453 0.421875
0 0.148438 0.421875 0.148438 0.425781 0.146484 0.427734 0.146484 0.435547 0.148438 0.437500 0.148438 0.443359 0.154297 0.449219 0.164062 0.449219 0.166016 0.447266 0.167969 0.447266 0.171875 0.443359 0.171875 0.431641 0.167969 0.427734 0.166016 0.427734 0.164062 0.425781 0.162109 0.425781 0.160156 0.423828 0.160156 0.421875
0 0.759766 0.414062 0.755859 0.417969 0.755859 0.425781 0.757812 0.425781 0.759766 0.427734 0.759766 0.431641 0.761719 0.433594 0.761719 0.443359 0.765625 0.443359 0.767578 0.441406 0.767578 0.439453 0.769531 0.437500 0.771484 0.437500 0.773438 0.435547 0.773438 0.421875 0.765625 0.414062
0 0.646484 0.404297 0.644531 0.406250 0.644531 0.408203 0.640625 0.412109 0.640625 0.414062 0.638672 0.416016 0.626953 0.416016 0.626953 0.417969 0.625000 0.419922 0.623047 0.419922 0.617188 0.425781 0.617188 0.429688 0.611328 0.435547 0.611328 0.443359 0.615234 0.443359 0.619141 0.447266 0.621094 0.447266 0.623047 0.449219 0.623047 0.451172 0.625000 0.453125 0.632812 0.453125 0.636719 0.449219 0.636719 0.447266 0.638672 0.445312 0.640625 0.447266 0.640625 0.455078 0.642578 0.457031 0.648438 0.457031 0.652344 0.453125 0.652344 0.447266 0.654297 0.445312 0.654297 0.439453 0.644531 0.439453 0.644531 0.441406 0.642578 0.443359 0.640625 0.441406 0.640625 0.435547 0.642578 0.433594 0.642578 0.423828 0.640625 0.421875 0.640625 0.419922 0.642578 0.417969 0.648438 0.417969 0.650391 0.419922 0.650391 0.421875 0.646484 0.425781 0.646484 0.431641 0.656250 0.431641 0.658203 0.429688 0.658203 0.416016 0.656250 0.416016 0.654297 0.414062 0.654297 0.412109 0.656250 0.410156 0.656250 0.406250 0.654297 0.404297
0 0.673828 0.396484 0.671875 0.398438 0.671875 0.421875 0.666016 0.427734 0.666016 0.435547 0.664062 0.437500 0.664062 0.443359 0.660156 0.447266 0.660156 0.449219 0.658203 0.451172 0.667969 0.451172 0.671875 0.447266 0.681641 0.447266 0.681641 0.439453 0.683594 0.437500 0.683594 0.435547 0.685547 0.433594 0.685547 0.417969 0.687500 0.416016 0.687500 0.406250 0.679688 0.398438 0.679688 0.396484
0 0.974609 0.394531 0.972656 0.396484 0.972656 0.400391 0.968750 0.404297 0.968750 0.406250 0.964844 0.410156 0.964844 0.412109 0.960938 0.416016 0.960938 0.417969 0.958984 0.419922 0.958984 0.421875 0.957031 0.423828 0.957031 0.427734 0.953125 0.431641 0.953125 0.435547 0.951172 0.437500 0.951172 0.453125 0.962891 0.464844 0.964844 0.464844 0.972656 0.472656 0.972656 0.474609 0.970703 0.476562 0.957031 0.476562 0.957031 0.482422 0.958984 0.484375 0.972656 0.484375 0.974609 0.486328 0.978516 0.486328 0.980469 0.488281 0.980469 0.501953 0.982422 0.503906 0.988281 0.503906 0.990234 0.505859 0.992188 0.505859 0.992188 0.400391 0.990234 0.398438 0.990234 0.396484 0.988281 0.396484 0.986328 0.394531
0 0.017578 0.392578 0.015625 0.394531 0.013672 0.394531 0.011719 0.396484 0.000000 0.396484 0.000000 0.453125 0.007812 0.453125 0.009766 0.455078 0.009766 0.457031 0.011719 0.458984 0.011719 0.462891 0.013672 0.464844 0.013672 0.466797 0.015625 0.468750 0.015625 0.472656 0.011719 0.476562 0.005859 0.476562 0.001953 0.480469 0.000000 0.480469 0.000000 0.542969 0.007812 0.542969 0.009766 0.544922 0.011719 0.544922 0.015625 0.548828 0.015625 0.560547 0.019531 0.560547 0.021484 0.562500 0.021484 0.564453 0.027344 0.564453 0.029297 0.566406 0.029297 0.576172 0.031250 0.578125 0.031250 0.580078 0.033203 0.582031 0.042969 0.582031 0.044922 0.580078 0.046875 0.580078 0.050781 0.583984 0.052734 0.583984 0.054688 0.585938 0.056641 0.585938 0.058594 0.587891 0.058594 0.591797 0.056641 0.593750 0.054688 0.593750 0.054688 0.597656 0.056641 0.597656 0.058594 0.599609 0.060547 0.599609 0.066406 0.605469 0.070312 0.605469 0.072266 0.607422 0.074219 0.607422 0.078125 0.611328 0.078125 0.617188 0.080078 0.617188 0.083984 0.621094 0.083984 0.623047 0.085938 0.623047 0.087891 0.625000 0.095703 0.625000 0.097656 0.626953 0.097656 0.632812 0.105469 0.632812 0.105469 0.623047 0.103516 0.623047 0.101562 0.621094 0.101562 0.609375 0.097656 0.609375 0.095703 0.607422 0.095703 0.605469 0.093750 0.605469 0.091797 0.603516 0.091797 0.601562 0.083984 0.593750 0.083984 0.583984 0.085938 0.582031 0.087891 0.582031 0.089844 0.583984 0.089844 0.585938 0.091797 0.587891 0.093750 0.587891 0.095703 0.589844 0.097656 0.589844 0.099609 0.591797 0.099609 0.597656 0.103516 0.597656 0.105469 0.595703 0.107422 0.595703 0.111328 0.591797 0.115234 0.591797 0.117188 0.589844 0.123047 0.595703 0.123047 0.597656 0.125000 0.597656 0.128906 0.601562 0.128906 0.605469 0.126953 0.607422 0.126953 0.611328 0.128906 0.613281 0.132812 0.613281 0.134766 0.615234 0.136719 0.615234 0.140625 0.619141 0.140625 0.625000 0.136719 0.628906 0.134766 0.628906 0.128906 0.634766 0.128906 0.636719 0.125000 0.640625 0.125000 0.652344 0.121094 0.656250 0.119141 0.656250 0.117188 0.658203 0.115234 0.658203 0.113281 0.660156 0.111328 0.658203 0.111328 0.656250 0.109375 0.654297 0.107422 0.654297 0.105469 0.652344 0.103516 0.652344 0.101562 0.650391 0.089844 0.650391 0.082031 0.658203 0.082031 0.667969 0.080078 0.669922 0.080078 0.671875 0.074219 0.677734 0.074219 0.681641 0.072266 0.683594 0.072266 0.689453 0.076172 0.693359 0.076172 0.695312 0.080078 0.699219 0.080078 0.703125 0.082031 0.705078 0.082031 0.712891 0.078125 0.716797 0.072266 0.716797 0.070312 0.714844 0.070312 0.707031 0.064453 0.701172 0.064453 0.689453 0.062500 0.689453 0.058594 0.685547 0.058594 0.681641 0.056641 0.679688 0.056641 0.677734 0.052734 0.673828 0.052734 0.671875 0.050781 0.669922 0.048828 0.669922 0.046875 0.667969 0.046875 0.664062 0.050781 0.660156 0.050781 0.656250 0.039062 0.644531 0.037109 0.644531 0.033203 0.640625 0.031250 0.640625 0.027344 0.636719 0.027344 0.634766 0.017578 0.625000 0.017578 0.621094 0.015625 0.619141 0.015625 0.617188 0.013672 0.615234 0.013672 0.613281 0.009766 0.609375 0.003906 0.609375 0.000000 0.613281 0.000000 0.630859 0.009766 0.630859 0.013672 0.634766 0.013672 0.636719 0.015625 0.638672 0.015625 0.648438 0.013672 0.650391 0.013672 0.658203 0.017578 0.662109 0.019531 0.662109 0.021484 0.664062 0.019531 0.666016 0.017578 0.666016 0.013672 0.669922 0.009766 0.669922 0.001953 0.677734 0.001953 0.691406 0.003906 0.693359 0.003906 0.695312 0.007812 0.699219 0.009766 0.699219 0.011719 0.701172 0.013672 0.701172 0.015625 0.703125 0.013672 0.705078 0.013672 0.728516 0.011719 0.730469 0.003906 0.730469 0.000000 0.726562 0.000000 0.837891 0.005859 0.837891 0.007812 0.839844 0.007812 0.841797 0.009766 0.843750 0.009766 0.849609 0.011719 0.849609 0.013672 0.851562 0.013672 0.853516 0.015625 0.855469 0.015625 0.857422 0.017578 0.859375 0.017578 0.861328 0.023438 0.861328 0.025391 0.863281 0.025391 0.865234 0.027344 0.867188 0.027344 0.869141 0.029297 0.871094 0.029297 0.875000 0.027344 0.876953 0.023438 0.873047 0.021484 0.873047 0.019531 0.871094 0.015625 0.871094 0.009766 0.876953 0.009766 0.878906 0.007812 0.880859 0.007812 0.886719 0.005859 0.888672 0.003906 0.888672 0.001953 0.886719 0.000000 0.886719 0.000000 0.966797 0.001953 0.966797 0.011719 0.957031 0.011719 0.955078 0.013672 0.953125 0.013672 0.951172 0.015625 0.949219 0.017578 0.949219 0.023438 0.955078 0.021484 0.957031 0.021484 0.958984 0.019531 0.960938 0.017578 0.960938 0.007812 0.970703 0.005859 0.970703 0.000000 0.976562 0.000000 0.992188 0.175781 0.992188 0.175781 0.988281 0.179688 0.984375 0.179688 0.982422 0.183594 0.978516 0.181641 0.976562 0.181641 0.974609 0.179688 0.972656 0.179688 0.968750 0.181641 0.966797 0.181641 0.962891 0.183594 0.960938 0.183594 0.953125 0.185547 0.951172 0.185547 0.945312 0.179688 0.945312 0.177734 0.943359 0.164062 0.943359 0.164062 0.945312 0.162109 0.947266 0.160156 0.947266 0.158203 0.949219 0.156250 0.949219 0.156250 0.951172 0.154297 0.953125 0.148438 0.953125 0.146484 0.951172 0.146484 0.949219 0.144531 0.947266 0.144531 0.941406 0.148438 0.937500 0.148438 0.935547 0.150391 0.933594 0.152344 0.933594 0.154297 0.931641 0.154297 0.929688 0.164062 0.919922 0.171875 0.919922 0.173828 0.921875 0.173828 0.923828 0.175781 0.923828 0.177734 0.925781 0.177734 0.927734 0.179688 0.927734 0.183594 0.931641 0.187500 0.931641 0.189453 0.933594 0.191406 0.933594 0.193359 0.935547 0.195312 0.935547 0.197266 0.937500 0.199219 0.937500 0.201172 0.939453 0.205078 0.939453 0.208984 0.943359 0.210938 0.943359 0.214844 0.947266 0.214844 0.951172 0.216797 0.953125 0.216797 0.955078 0.218750 0.955078 0.220703 0.957031 0.228516 0.957031 0.230469 0.958984 0.230469 0.960938 0.228516 0.962891 0.228516 0.970703 0.226562 0.972656 0.222656 0.972656 0.220703 0.970703 0.216797 0.970703 0.212891 0.974609 0.210938 0.974609 0.203125 0.982422 0.203125 0.986328 0.201172 0.988281 0.199219 0.988281 0.199219 0.990234 0.197266 0.992188 0.277344 0.992188 0.275391 0.990234 0.275391 0.984375 0.277344 0.982422 0.281250 0.982422 0.289062 0.974609 0.296875 0.974609 0.300781 0.978516 0.304688 0.978516 0.306641 0.980469 0.308594 0.980469 0.310547 0.982422 0.310547 0.988281 0.308594 0.990234 0.294922 0.990234 0.292969 0.992188 0.347656 0.992188 0.347656 0.990234 0.345703 0.988281 0.345703 0.984375 0.341797 0.980469 0.339844 0.980469 0.335938 0.976562 0.335938 0.972656 0.337891 0.970703 0.339844 0.970703 0.341797 0.968750 0.353516 0.968750 0.355469 0.970703 0.357422 0.970703 0.359375 0.972656 0.359375 0.974609 0.361328 0.976562 0.361328 0.980469 0.371094 0.990234 0.371094 0.992188 0.443359 0.992188 0.443359 0.990234 0.441406 0.988281 0.441406 0.982422 0.439453 0.980469 0.439453 0.968750 0.441406 0.966797 0.441406 0.941406 0.439453 0.939453 0.439453 0.937500 0.441406 0.935547 0.449219 0.935547 0.451172 0.937500 0.451172 0.939453 0.453125 0.941406 0.453125 0.943359 0.455078 0.945312 0.455078 0.951172 0.457031 0.953125 0.457031 0.960938 0.458984 0.962891 0.458984 0.968750 0.462891 0.972656 0.462891 0.984375 0.464844 0.986328 0.464844 0.988281 0.466797 0.990234 0.466797 0.992188 0.531250 0.992188 0.525391 0.986328 0.525391 0.978516 0.533203 0.970703 0.537109 0.970703 0.539062 0.968750 0.544922 0.968750 0.550781 0.974609 0.550781 0.976562 0.552734 0.978516 0.552734 0.980469 0.554688 0.982422 0.554688 0.992188 0.652344 0.992188 0.652344 0.988281 0.654297 0.986328 0.658203 0.986328 0.666016 0.978516 0.675781 0.978516 0.677734 0.980469 0.679688 0.980469 0.681641 0.982422 0.687500 0.982422 0.691406 0.986328 0.691406 0.992188 0.761719 0.992188 0.761719 0.988281 0.757812 0.984375 0.757812 0.976562 0.761719 0.972656 0.761719 0.970703 0.771484 0.960938 0.771484 0.958984 0.775391 0.955078 0.777344 0.957031 0.779297 0.957031 0.781250 0.958984 0.783203 0.958984 0.787109 0.962891 0.787109 0.976562 0.785156 0.978516 0.785156 0.982422 0.783203 0.984375 0.781250 0.984375 0.779297 0.986328 0.779297 0.990234 0.777344 0.992188 0.775391 0.992188 0.808594 0.992188 0.808594 0.988281 0.806641 0.986328 0.806641 0.982422 0.812500 0.976562 0.814453 0.976562 0.816406 0.974609 0.822266 0.974609 0.828125 0.980469 0.830078 0.980469 0.832031 0.982422 0.837891 0.982422 0.841797 0.978516 0.849609 0.978516 0.851562 0.980469 0.851562 0.984375 0.853516 0.986328 0.857422 0.986328 0.859375 0.988281 0.859375 0.990234 0.861328 0.990234 0.863281 0.992188 0.943359 0.992188 0.943359 0.988281 0.949219 0.982422 0.949219 0.980469 0.945312 0.976562 0.945312 0.970703 0.947266 0.968750 0.947266 0.966797 0.951172 0.962891 0.951172 0.958984 0.953125 0.957031 0.953125 0.951172 0.958984 0.945312 0.958984 0.943359 0.960938 0.941406 0.960938 0.933594 0.958984 0.933594 0.957031 0.931641 0.957031 0.929688 0.958984 0.927734 0.964844 0.927734 0.966797 0.929688 0.966797 0.931641 0.972656 0.931641 0.978516 0.925781 0.980469 0.925781 0.982422 0.927734 0.982422 0.931641 0.988281 0.931641 0.990234 0.933594 0.990234 0.943359 0.988281 0.945312 0.980469 0.945312 0.972656 0.953125 0.972656 0.960938 0.978516 0.960938 0.980469 0.958984 0.982422 0.958984 0.986328 0.955078 0.986328 0.953125 0.990234 0.949219 0.992188 0.949219 0.992188 0.919922 0.986328 0.919922 0.984375 0.917969 0.984375 0.914062 0.990234 0.908203 0.990234 0.906250 0.992188 0.904297 0.992188 0.812500 0.990234 0.812500 0.988281 0.810547 0.986328 0.810547 0.984375 0.808594 0.982422 0.808594 0.980469 0.806641 0.978516 0.806641 0.970703 0.798828 0.970703 0.794922 0.974609 0.791016 0.978516 0.791016 0.980469 0.789062 0.986328 0.789062 0.992188 0.783203 0.992188 0.660156 0.988281 0.660156 0.982422 0.666016 0.982422 0.669922 0.980469 0.671875 0.968750 0.671875 0.966797 0.669922 0.964844 0.669922 0.962891 0.667969 0.962891 0.666016 0.958984 0.666016 0.957031 0.664062 0.957031 0.662109 0.955078 0.660156 0.955078 0.656250 0.953125 0.654297 0.949219 0.654297 0.949219 0.658203 0.947266 0.660156 0.947266 0.667969 0.945312 0.669922 0.945312 0.679688 0.943359 0.681641 0.943359 0.691406 0.939453 0.695312 0.937500 0.693359 0.919922 0.693359 0.917969 0.695312 0.916016 0.695312 0.914062 0.697266 0.912109 0.697266 0.910156 0.699219 0.910156 0.701172 0.908203 0.703125 0.908203 0.707031 0.904297 0.710938 0.904297 0.712891 0.896484 0.720703 0.896484 0.722656 0.890625 0.728516 0.890625 0.732422 0.888672 0.734375 0.888672 0.736328 0.886719 0.738281 0.884766 0.738281 0.884766 0.753906 0.886719 0.753906 0.888672 0.755859 0.888672 0.759766 0.890625 0.761719 0.890625 0.765625 0.892578 0.767578 0.892578 0.769531 0.894531 0.771484 0.894531 0.773438 0.898438 0.777344 0.898438 0.791016 0.896484 0.792969 0.896484 0.802734 0.900391 0.806641 0.916016 0.806641 0.917969 0.804688 0.919922 0.804688 0.919922 0.800781 0.917969 0.798828 0.917969 0.796875 0.921875 0.792969 0.921875 0.789062 0.929688 0.781250 0.929688 0.779297 0.935547 0.773438 0.937500 0.773438 0.939453 0.775391 0.939453 0.779297 0.933594 0.785156 0.933594 0.787109 0.931641 0.789062 0.929688 0.789062 0.929688 0.794922 0.937500 0.794922 0.939453 0.792969 0.939453 0.791016 0.943359 0.787109 0.943359 0.785156 0.945312 0.783203 0.945312 0.775391 0.947266 0.773438 0.949219 0.773438 0.951172 0.771484 0.951172 0.769531 0.953125 0.767578 0.957031 0.767578 0.958984 0.769531 0.958984 0.783203 0.960938 0.785156 0.960938 0.804688 0.955078 0.810547 0.955078 0.812500 0.945312 0.822266 0.941406 0.822266 0.939453 0.820312 0.941406 0.818359 0.939453 0.816406 0.939453 0.812500 0.935547 0.812500 0.933594 0.814453 0.927734 0.814453 0.927734 0.822266 0.935547 0.830078 0.935547 0.835938 0.925781 0.845703 0.917969 0.845703 0.914062 0.841797 0.912109 0.841797 0.910156 0.843750 0.910156 0.847656 0.906250 0.851562 0.904297 0.851562 0.902344 0.849609 0.900391 0.851562 0.898438 0.851562 0.898438 0.853516 0.892578 0.859375 0.890625 0.859375 0.888672 0.857422 0.888672 0.847656 0.886719 0.845703 0.886719 0.843750 0.884766 0.843750 0.878906 0.849609 0.878906 0.853516 0.876953 0.855469 0.876953 0.865234 0.871094 0.871094 0.871094 0.873047 0.865234 0.878906 0.865234 0.880859 0.863281 0.882812 0.863281 0.892578 0.861328 0.894531 0.861328 0.902344 0.859375 0.904297 0.859375 0.935547 0.857422 0.937500 0.857422 0.943359 0.861328 0.943359 0.863281 0.941406 0.865234 0.941406 0.867188 0.943359 0.867188 0.947266 0.865234 0.949219 0.865234 0.951172 0.859375 0.957031 0.851562 0.957031 0.849609 0.958984 0.847656 0.958984 0.845703 0.960938 0.841797 0.960938 0.839844 0.962891 0.837891 0.962891 0.837891 0.964844 0.835938 0.966797 0.833984 0.966797 0.832031 0.968750 0.826172 0.968750 0.820312 0.962891 0.820312 0.960938 0.818359 0.958984 0.818359 0.943359 0.820312 0.941406 0.828125 0.941406 0.837891 0.951172 0.847656 0.951172 0.849609 0.949219 0.849609 0.947266 0.851562 0.945312 0.851562 0.937500 0.849609 0.935547 0.849609 0.929688 0.847656 0.927734 0.847656 0.925781 0.845703 0.923828 0.845703 0.917969 0.843750 0.916016 0.843750 0.910156 0.841797 0.908203 0.841797 0.902344 0.839844 0.900391 0.839844 0.898438 0.835938 0.894531 0.835938 0.892578 0.833984 0.892578 0.828125 0.886719 0.828125 0.884766 0.830078 0.882812 0.832031 0.882812 0.837891 0.876953 0.839844 0.876953 0.839844 0.875000 0.841797 0.873047 0.841797 0.865234 0.837891 0.861328 0.837891 0.857422 0.835938 0.855469 0.835938 0.851562 0.833984 0.849609 0.833984 0.845703 0.832031 0.843750 0.832031 0.841797 0.830078 0.839844 0.830078 0.837891 0.828125 0.835938 0.828125 0.830078 0.824219 0.826172 0.824219 0.822266 0.828125 0.818359 0.830078 0.820312 0.830078 0.824219 0.832031 0.826172 0.837891 0.826172 0.839844 0.824219 0.839844 0.816406 0.837891 0.816406 0.835938 0.814453 0.830078 0.814453 0.828125 0.812500 0.828125 0.808594 0.832031 0.804688 0.832031 0.802734 0.835938 0.798828 0.841797 0.798828 0.843750 0.796875 0.845703 0.796875 0.849609 0.792969 0.851562 0.792969 0.853516 0.791016 0.853516 0.789062 0.855469 0.787109 0.855469 0.783203 0.857422 0.781250 0.859375 0.781250 0.863281 0.785156 0.863281 0.789062 0.865234 0.791016 0.865234 0.796875 0.867188 0.798828 0.867188 0.791016 0.865234 0.789062 0.865234 0.755859 0.863281 0.753906 0.863281 0.750000 0.865234 0.748047 0.865234 0.746094 0.867188 0.744141 0.867188 0.736328 0.869141 0.734375 0.869141 0.732422 0.871094 0.730469 0.871094 0.724609 0.875000 0.720703 0.875000 0.716797 0.878906 0.712891 0.878906 0.710938 0.880859 0.708984 0.880859 0.707031 0.882812 0.705078 0.882812 0.691406 0.880859 0.689453 0.867188 0.689453 0.863281 0.693359 0.861328 0.693359 0.861328 0.695312 0.857422 0.699219 0.857422 0.701172 0.853516 0.705078 0.853516 0.710938 0.849609 0.714844 0.847656 0.712891 0.847656 0.707031 0.845703 0.705078 0.839844 0.705078 0.835938 0.708984 0.835938 0.710938 0.833984 0.712891 0.833984 0.718750 0.835938 0.718750 0.839844 0.722656 0.839844 0.726562 0.835938 0.730469 0.835938 0.738281 0.837891 0.740234 0.841797 0.740234 0.843750 0.742188 0.843750 0.746094 0.837891 0.751953 0.832031 0.751953 0.828125 0.748047 0.826172 0.748047 0.820312 0.742188 0.820312 0.740234 0.822266 0.738281 0.822266 0.736328 0.820312 0.734375 0.820312 0.732422 0.818359 0.730469 0.818359 0.728516 0.816406 0.726562 0.816406 0.722656 0.814453 0.720703 0.814453 0.718750 0.812500 0.716797 0.812500 0.707031 0.810547 0.705078 0.808594 0.705078 0.804688 0.701172 0.804688 0.699219 0.802734 0.699219 0.802734 0.701172 0.798828 0.705078 0.796875 0.705078 0.792969 0.708984 0.779297 0.708984 0.775391 0.705078 0.775391 0.701172 0.771484 0.697266 0.769531 0.697266 0.767578 0.695312 0.767578 0.693359 0.769531 0.691406 0.769531 0.689453 0.771484 0.687500 0.771484 0.681641 0.763672 0.681641 0.761719 0.679688 0.759766 0.679688 0.757812 0.677734 0.751953 0.677734 0.750000 0.679688 0.746094 0.679688 0.744141 0.681641 0.744141 0.685547 0.740234 0.689453 0.732422 0.689453 0.730469 0.687500 0.730469 0.685547 0.728516 0.683594 0.728516 0.679688 0.724609 0.675781 0.724609 0.673828 0.720703 0.669922 0.718750 0.669922 0.716797 0.667969 0.714844 0.667969 0.707031 0.660156 0.707031 0.654297 0.708984 0.652344 0.714844 0.658203 0.724609 0.658203 0.726562 0.656250 0.728516 0.656250 0.732422 0.652344 0.734375 0.652344 0.740234 0.646484 0.742188 0.646484 0.744141 0.648438 0.746094 0.648438 0.748047 0.650391 0.750000 0.650391 0.751953 0.652344 0.763672 0.652344 0.765625 0.650391 0.777344 0.650391 0.777344 0.648438 0.779297 0.646484 0.781250 0.646484 0.785156 0.642578 0.789062 0.642578 0.791016 0.644531 0.791016 0.650391 0.783203 0.658203 0.783203 0.660156 0.781250 0.662109 0.777344 0.662109 0.777344 0.666016 0.775391 0.667969 0.775391 0.675781 0.781250 0.675781 0.783203 0.673828 0.789062 0.679688 0.789062 0.693359 0.791016 0.695312 0.791016 0.697266 0.794922 0.697266 0.794922 0.695312 0.796875 0.693359 0.796875 0.691406 0.798828 0.689453 0.806641 0.689453 0.808594 0.691406 0.810547 0.691406 0.812500 0.693359 0.812500 0.697266 0.814453 0.697266 0.814453 0.695312 0.816406 0.693359 0.816406 0.683594 0.818359 0.681641 0.818359 0.679688 0.820312 0.677734 0.820312 0.673828 0.824219 0.669922 0.824219 0.667969 0.826172 0.666016 0.826172 0.664062 0.828125 0.662109 0.828125 0.660156 0.832031 0.656250 0.832031 0.652344 0.833984 0.650391 0.833984 0.648438 0.851562 0.630859 0.851562 0.628906 0.853516 0.626953 0.855469 0.626953 0.855469 0.625000 0.857422 0.623047 0.861328 0.623047 0.863281 0.625000 0.865234 0.625000 0.867188 0.623047 0.867188 0.619141 0.871094 0.615234 0.871094 0.605469 0.867188 0.601562 0.867188 0.595703 0.865234 0.593750 0.865234 0.591797 0.861328 0.587891 0.851562 0.587891 0.849609 0.585938 0.847656 0.585938 0.841797 0.580078 0.833984 0.580078 0.833984 0.585938 0.832031 0.587891 0.832031 0.599609 0.833984 0.601562 0.833984 0.603516 0.835938 0.605469 0.835938 0.609375 0.839844 0.613281 0.839844 0.619141 0.837891 0.621094 0.837891 0.623047 0.835938 0.625000 0.835938 0.626953 0.833984 0.628906 0.830078 0.628906 0.824219 0.623047 0.824219 0.621094 0.820312 0.617188 0.820312 0.615234 0.818359 0.613281 0.818359 0.611328 0.816406 0.609375 0.816406 0.607422 0.814453 0.605469 0.812500 0.605469 0.806641 0.599609 0.806641 0.597656 0.798828 0.589844 0.798828 0.587891 0.796875 0.585938 0.796875 0.580078 0.802734 0.574219 0.804688 0.574219 0.806641 0.572266 0.808594 0.572266 0.810547 0.570312 0.812500 0.570312 0.814453 0.568359 0.816406 0.568359 0.818359 0.566406 0.820312 0.566406 0.822266 0.564453 0.824219 0.564453 0.826172 0.562500 0.828125 0.562500 0.837891 0.552734 0.837891 0.537109 0.835938 0.535156 0.835938 0.533203 0.832031 0.533203 0.828125 0.529297 0.828125 0.517578 0.826172 0.515625 0.826172 0.513672 0.822266 0.513672 0.816406 0.507812 0.812500 0.507812 0.804688 0.500000 0.792969 0.500000 0.791016 0.501953 0.789062 0.501953 0.787109 0.503906 0.785156 0.503906 0.781250 0.500000 0.781250 0.498047 0.777344 0.498047 0.775391 0.500000 0.773438 0.500000 0.771484 0.501953 0.769531 0.501953 0.769531 0.507812 0.767578 0.509766 0.767578 0.515625 0.765625 0.517578 0.765625 0.525391 0.767578 0.527344 0.769531 0.527344 0.771484 0.529297 0.773438 0.529297 0.779297 0.535156 0.777344 0.537109 0.773438 0.537109 0.771484 0.539062 0.765625 0.539062 0.763672 0.541016 0.761719 0.541016 0.757812 0.537109 0.751953 0.537109 0.750000 0.539062 0.748047 0.539062 0.746094 0.541016 0.746094 0.548828 0.744141 0.550781 0.744141 0.554688 0.742188 0.556641 0.742188 0.560547 0.740234 0.562500 0.740234 0.582031 0.742188 0.583984 0.742188 0.587891 0.744141 0.589844 0.744141 0.593750 0.742188 0.595703 0.742188 0.597656 0.740234 0.599609 0.740234 0.607422 0.746094 0.613281 0.746094 0.619141 0.744141 0.621094 0.744141 0.623047 0.742188 0.625000 0.740234 0.625000 0.730469 0.615234 0.730469 0.607422 0.728516 0.605469 0.728516 0.601562 0.726562 0.599609 0.724609 0.599609 0.718750 0.593750 0.718750 0.587891 0.720703 0.585938 0.720703 0.583984 0.716797 0.583984 0.710938 0.578125 0.710938 0.576172 0.707031 0.576172 0.703125 0.580078 0.699219 0.580078 0.699219 0.582031 0.697266 0.583984 0.695312 0.583984 0.693359 0.585938 0.691406 0.585938 0.689453 0.587891 0.687500 0.587891 0.685547 0.585938 0.685547 0.582031 0.687500 0.580078 0.691406 0.580078 0.701172 0.570312 0.701172 0.568359 0.703125 0.566406 0.705078 0.566406 0.705078 0.541016 0.708984 0.537109 0.708984 0.535156 0.710938 0.533203 0.710938 0.531250 0.714844 0.527344 0.716797 0.527344 0.722656 0.521484 0.722656 0.519531 0.716797 0.513672 0.716797 0.501953 0.720703 0.498047 0.720703 0.488281 0.718750 0.488281 0.716797 0.486328 0.716797 0.484375 0.714844 0.482422 0.714844 0.480469 0.707031 0.472656 0.707031 0.470703 0.705078 0.468750 0.705078 0.464844 0.703125 0.462891 0.703125 0.460938 0.701172 0.458984 0.701172 0.455078 0.695312 0.449219 0.685547 0.449219 0.683594 0.451172 0.683594 0.453125 0.681641 0.455078 0.681641 0.460938 0.685547 0.464844 0.685547 0.466797 0.683594 0.468750 0.681641 0.468750 0.681641 0.482422 0.683594 0.484375 0.683594 0.486328 0.681641 0.488281 0.681641 0.490234 0.669922 0.501953 0.669922 0.507812 0.671875 0.507812 0.675781 0.511719 0.675781 0.513672 0.673828 0.515625 0.673828 0.517578 0.671875 0.519531 0.669922 0.519531 0.666016 0.515625 0.666016 0.509766 0.664062 0.507812 0.664062 0.494141 0.660156 0.490234 0.660156 0.484375 0.658203 0.482422 0.658203 0.470703 0.656250 0.468750 0.656250 0.460938 0.652344 0.460938 0.650391 0.462891 0.648438 0.462891 0.644531 0.466797 0.644531 0.468750 0.642578 0.470703 0.638672 0.466797 0.636719 0.466797 0.634766 0.464844 0.626953 0.464844 0.623047 0.468750 0.621094 0.468750 0.617188 0.464844 0.615234 0.464844 0.613281 0.462891 0.605469 0.462891 0.603516 0.464844 0.601562 0.464844 0.599609 0.466797 0.599609 0.478516 0.597656 0.480469 0.597656 0.490234 0.595703 0.492188 0.595703 0.498047 0.597656 0.500000 0.597656 0.501953 0.599609 0.503906 0.601562 0.503906 0.603516 0.505859 0.603516 0.507812 0.601562 0.509766 0.599609 0.509766 0.599609 0.511719 0.597656 0.513672 0.597656 0.519531 0.599609 0.521484 0.599609 0.523438 0.601562 0.523438 0.603516 0.525391 0.605469 0.525391 0.607422 0.527344 0.607422 0.529297 0.609375 0.531250 0.609375 0.533203 0.611328 0.535156 0.611328 0.537109 0.609375 0.539062 0.605469 0.539062 0.603516 0.537109 0.603516 0.535156 0.599609 0.531250 0.593750 0.531250 0.591797 0.533203 0.591797 0.537109 0.593750 0.539062 0.593750 0.541016 0.595703 0.542969 0.595703 0.550781 0.593750 0.552734 0.593750 0.566406 0.591797 0.568359 0.589844 0.568359 0.587891 0.570312 0.585938 0.570312 0.583984 0.572266 0.583984 0.574219 0.582031 0.576172 0.580078 0.574219 0.580078 0.568359 0.583984 0.564453 0.583984 0.562500 0.585938 0.560547 0.585938 0.558594 0.587891 0.556641 0.587891 0.554688 0.589844 0.552734 0.589844 0.541016 0.587891 0.539062 0.578125 0.539062 0.574219 0.542969 0.572266 0.542969 0.564453 0.535156 0.562500 0.535156 0.562500 0.537109 0.560547 0.539062 0.560547 0.541016 0.558594 0.542969 0.558594 0.544922 0.556641 0.546875 0.556641 0.548828 0.552734 0.552734 0.550781 0.552734 0.548828 0.550781 0.548828 0.548828 0.546875 0.546875 0.546875 0.533203 0.548828 0.531250 0.568359 0.531250 0.568359 0.523438 0.566406 0.523438 0.564453 0.521484 0.562500 0.521484 0.560547 0.519531 0.560547 0.507812 0.562500 0.505859 0.564453 0.505859 0.566406 0.507812 0.568359 0.507812 0.570312 0.509766 0.570312 0.511719 0.574219 0.515625 0.574219 0.517578 0.576172 0.517578 0.578125 0.519531 0.578125 0.521484 0.580078 0.523438 0.583984 0.523438 0.585938 0.521484 0.587891 0.521484 0.591797 0.517578 0.591797 0.511719 0.589844 0.509766 0.589844 0.507812 0.587891 0.505859 0.585938 0.505859 0.582031 0.501953 0.582031 0.496094 0.580078 0.494141 0.580078 0.486328 0.578125 0.484375 0.578125 0.480469 0.576172 0.478516 0.576172 0.460938 0.582031 0.455078 0.582031 0.451172 0.583984 0.449219 0.585938 0.449219 0.587891 0.451172 0.595703 0.451172 0.595703 0.443359 0.591797 0.439453 0.587891 0.439453 0.585938 0.441406 0.583984 0.441406 0.582031 0.439453 0.578125 0.439453 0.566406 0.451172 0.564453 0.449219 0.564453 0.439453 0.558594 0.439453 0.558594 0.457031 0.556641 0.458984 0.556641 0.460938 0.554688 0.462891 0.554688 0.464844 0.552734 0.466797 0.542969 0.466797 0.542969 0.468750 0.541016 0.470703 0.541016 0.472656 0.539062 0.474609 0.539062 0.476562 0.535156 0.480469 0.535156 0.482422 0.533203 0.484375 0.533203 0.486328 0.529297 0.490234 0.517578 0.490234 0.515625 0.488281 0.513672 0.488281 0.511719 0.486328 0.511719 0.482422 0.509766 0.480469 0.509766 0.478516 0.513672 0.474609 0.515625 0.474609 0.515625 0.464844 0.513672 0.462891 0.505859 0.462891 0.503906 0.464844 0.503906 0.466797 0.501953 0.468750 0.490234 0.468750 0.488281 0.470703 0.484375 0.470703 0.482422 0.472656 0.480469 0.472656 0.480469 0.480469 0.482422 0.482422 0.482422 0.486328 0.484375 0.488281 0.486328 0.488281 0.488281 0.490234 0.488281 0.503906 0.484375 0.507812 0.484375 0.517578 0.482422 0.519531 0.480469 0.519531 0.480469 0.521484 0.478516 0.523438 0.478516 0.527344 0.480469 0.529297 0.480469 0.535156 0.482422 0.537109 0.482422 0.552734 0.480469 0.554688 0.460938 0.554688 0.457031 0.558594 0.455078 0.558594 0.453125 0.560547 0.449219 0.560547 0.447266 0.562500 0.445312 0.562500 0.445312 0.564453 0.443359 0.566406 0.439453 0.566406 0.437500 0.564453 0.437500 0.562500 0.435547 0.560547 0.435547 0.556641 0.433594 0.556641 0.431641 0.554688 0.431641 0.550781 0.429688 0.550781 0.427734 0.548828 0.419922 0.548828 0.416016 0.552734 0.416016 0.556641 0.414062 0.558594 0.412109 0.558594 0.410156 0.556641 0.408203 0.556641 0.406250 0.554688 0.400391 0.554688 0.400391 0.564453 0.406250 0.570312 0.412109 0.570312 0.414062 0.572266 0.414062 0.574219 0.416016 0.574219 0.419922 0.578125 0.419922 0.582031 0.416016 0.585938 0.416016 0.593750 0.417969 0.595703 0.417969 0.599609 0.419922 0.601562 0.419922 0.603516 0.433594 0.603516 0.435547 0.605469 0.437500 0.605469 0.441406 0.609375 0.441406 0.611328 0.443359 0.613281 0.455078 0.613281 0.455078 0.611328 0.458984 0.607422 0.462891 0.607422 0.464844 0.609375 0.466797 0.609375 0.468750 0.611328 0.478516 0.611328 0.480469 0.613281 0.484375 0.613281 0.486328 0.615234 0.486328 0.623047 0.488281 0.623047 0.490234 0.625000 0.490234 0.626953 0.486328 0.630859 0.484375 0.630859 0.482422 0.632812 0.480469 0.632812 0.476562 0.636719 0.474609 0.636719 0.470703 0.640625 0.468750 0.640625 0.464844 0.644531 0.458984 0.644531 0.453125 0.638672 0.453125 0.636719 0.451172 0.636719 0.447266 0.632812 0.441406 0.632812 0.433594 0.625000 0.431641 0.625000 0.429688 0.623047 0.421875 0.623047 0.421875 0.625000 0.419922 0.626953 0.417969 0.626953 0.417969 0.628906 0.414062 0.632812 0.412109 0.632812 0.408203 0.636719 0.406250 0.636719 0.402344 0.640625 0.400391 0.640625 0.398438 0.642578 0.398438 0.644531 0.386719 0.656250 0.386719 0.658203 0.382812 0.662109 0.382812 0.664062 0.380859 0.666016 0.371094 0.666016 0.371094 0.671875 0.375000 0.675781 0.375000 0.691406 0.373047 0.693359 0.363281 0.693359 0.361328 0.691406 0.361328 0.679688 0.363281 0.677734 0.363281 0.669922 0.359375 0.666016 0.359375 0.664062 0.361328 0.662109 0.363281 0.662109 0.375000 0.650391 0.376953 0.650391 0.380859 0.646484 0.382812 0.646484 0.384766 0.644531 0.386719 0.644531 0.388672 0.642578 0.388672 0.640625 0.390625 0.638672 0.390625 0.628906 0.388672 0.626953 0.388672 0.623047 0.386719 0.621094 0.386719 0.619141 0.384766 0.617188 0.384766 0.615234 0.382812 0.613281 0.382812 0.611328 0.380859 0.609375 0.376953 0.609375 0.373047 0.605469 0.373047 0.601562 0.371094 0.599609 0.371094 0.593750 0.359375 0.582031 0.357422 0.582031 0.353516 0.585938 0.351562 0.585938 0.349609 0.583984 0.349609 0.582031 0.345703 0.578125 0.343750 0.578125 0.339844 0.574219 0.339844 0.572266 0.328125 0.560547 0.328125 0.558594 0.324219 0.558594 0.320312 0.554688 0.320312 0.552734 0.318359 0.550781 0.308594 0.560547 0.308594 0.562500 0.306641 0.564453 0.306641 0.568359 0.304688 0.570312 0.302734 0.570312 0.302734 0.572266 0.300781 0.574219 0.300781 0.576172 0.298828 0.578125 0.298828 0.580078 0.296875 0.582031 0.296875 0.585938 0.289062 0.593750 0.287109 0.593750 0.283203 0.597656 0.281250 0.597656 0.279297 0.599609 0.279297 0.619141 0.277344 0.621094 0.277344 0.625000 0.275391 0.626953 0.269531 0.626953 0.265625 0.630859 0.263672 0.630859 0.261719 0.632812 0.261719 0.634766 0.259766 0.636719 0.257812 0.636719 0.257812 0.638672 0.251953 0.644531 0.251953 0.658203 0.250000 0.660156 0.246094 0.660156 0.244141 0.662109 0.242188 0.662109 0.242188 0.664062 0.240234 0.666016 0.236328 0.666016 0.228516 0.673828 0.226562 0.673828 0.222656 0.669922 0.222656 0.662109 0.224609 0.660156 0.224609 0.654297 0.226562 0.652344 0.226562 0.636719 0.224609 0.634766 0.224609 0.628906 0.226562 0.626953 0.228516 0.628906 0.228516 0.630859 0.230469 0.632812 0.232422 0.632812 0.234375 0.634766 0.238281 0.634766 0.242188 0.630859 0.246094 0.630859 0.246094 0.607422 0.251953 0.601562 0.251953 0.597656 0.253906 0.595703 0.253906 0.591797 0.255859 0.589844 0.255859 0.574219 0.253906 0.572266 0.253906 0.570312 0.250000 0.566406 0.248047 0.566406 0.246094 0.564453 0.246094 0.562500 0.244141 0.560547 0.244141 0.558594 0.232422 0.558594 0.230469 0.560547 0.228516 0.560547 0.228516 0.562500 0.222656 0.568359 0.222656 0.570312 0.220703 0.572266 0.220703 0.587891 0.212891 0.595703 0.208984 0.595703 0.207031 0.593750 0.207031 0.582031 0.214844 0.574219 0.214844 0.566406 0.216797 0.564453 0.216797 0.546875 0.214844 0.544922 0.214844 0.541016 0.212891 0.539062 0.212891 0.537109 0.208984 0.533203 0.208984 0.531250 0.205078 0.527344 0.205078 0.523438 0.208984 0.519531 0.208984 0.517578 0.210938 0.515625 0.210938 0.513672 0.212891 0.511719 0.212891 0.507812 0.214844 0.505859 0.214844 0.496094 0.216797 0.494141 0.216797 0.490234 0.218750 0.488281 0.218750 0.474609 0.214844 0.470703 0.214844 0.464844 0.208984 0.458984 0.205078 0.458984 0.203125 0.457031 0.193359 0.457031 0.187500 0.462891 0.181641 0.462891 0.179688 0.464844 0.171875 0.457031 0.150391 0.457031 0.148438 0.455078 0.146484 0.455078 0.142578 0.451172 0.142578 0.449219 0.140625 0.447266 0.140625 0.445312 0.138672 0.445312 0.136719 0.443359 0.136719 0.441406 0.134766 0.439453 0.134766 0.437500 0.132812 0.435547 0.132812 0.433594 0.126953 0.433594 0.126953 0.449219 0.128906 0.451172 0.128906 0.457031 0.125000 0.460938 0.125000 0.464844 0.123047 0.466797 0.123047 0.468750 0.121094 0.470703 0.121094 0.472656 0.117188 0.476562 0.115234 0.474609 0.115234 0.472656 0.105469 0.472656 0.101562 0.476562 0.099609 0.476562 0.095703 0.480469 0.093750 0.480469 0.091797 0.478516 0.091797 0.474609 0.093750 0.472656 0.093750 0.470703 0.097656 0.466797 0.097656 0.460938 0.095703 0.460938 0.089844 0.455078 0.089844 0.445312 0.083984 0.445312 0.082031 0.443359 0.082031 0.431641 0.083984 0.429688 0.083984 0.423828 0.076172 0.423828 0.072266 0.419922 0.068359 0.419922 0.066406 0.421875 0.064453 0.421875 0.062500 0.423828 0.058594 0.423828 0.056641 0.421875 0.056641 0.416016 0.066406 0.406250 0.066406 0.404297 0.064453 0.402344 0.054688 0.402344 0.052734 0.400391 0.050781 0.400391 0.048828 0.398438 0.044922 0.398438 0.042969 0.396484 0.033203 0.396484 0.031250 0.394531 0.027344 0.394531 0.025391 0.392578
0 0.326172 0.390625 0.320312 0.396484 0.318359 0.396484 0.314453 0.400391 0.314453 0.402344 0.312500 0.404297 0.312500 0.410156 0.314453 0.412109 0.324219 0.412109 0.326172 0.410156 0.330078 0.410156 0.332031 0.412109 0.332031 0.414062 0.333984 0.414062 0.339844 0.419922 0.349609 0.419922 0.349609 0.414062 0.347656 0.412109 0.347656 0.402344 0.343750 0.398438 0.343750 0.396484 0.341797 0.394531 0.341797 0.392578 0.339844 0.390625
0 0.242188 0.384766 0.238281 0.388672 0.232422 0.388672 0.230469 0.390625 0.230469 0.404297 0.232422 0.406250 0.232422 0.410156 0.234375 0.412109 0.234375 0.414062 0.236328 0.414062 0.238281 0.416016 0.251953 0.416016 0.253906 0.414062 0.261719 0.414062 0.263672 0.412109 0.265625 0.412109 0.265625 0.404297 0.261719 0.400391 0.261719 0.398438 0.255859 0.392578 0.255859 0.388672 0.251953 0.388672 0.250000 0.386719 0.248047 0.386719 0.246094 0.384766
0 0.199219 0.380859 0.197266 0.382812 0.197266 0.384766 0.195312 0.386719 0.195312 0.394531 0.197266 0.396484 0.199219 0.396484 0.201172 0.398438 0.203125 0.398438 0.205078 0.400391 0.216797 0.400391 0.218750 0.398438 0.220703 0.398438 0.222656 0.396484 0.222656 0.386719 0.220703 0.386719 0.218750 0.384766 0.216797 0.384766 0.214844 0.382812 0.212891 0.382812 0.210938 0.380859
0 0.720703 0.376953 0.718750 0.378906 0.716797 0.378906 0.710938 0.384766 0.710938 0.392578 0.714844 0.396484 0.718750 0.396484 0.720703 0.398438 0.726562 0.398438 0.728516 0.396484 0.732422 0.396484 0.734375 0.394531 0.734375 0.388672 0.732422 0.386719 0.732422 0.384766 0.724609 0.376953
0 0.375000 0.369141 0.371094 0.373047 0.371094 0.375000 0.367188 0.378906 0.367188 0.386719 0.369141 0.388672 0.378906 0.388672 0.380859 0.386719 0.380859 0.369141
0 0.357422 0.365234 0.355469 0.367188 0.353516 0.367188 0.349609 0.371094 0.349609 0.384766 0.357422 0.384766 0.357422 0.382812 0.359375 0.380859 0.359375 0.376953 0.367188 0.369141 0.367188 0.365234
0 0.091797 0.359375 0.085938 0.365234 0.085938 0.376953 0.089844 0.376953 0.091797 0.375000 0.101562 0.375000 0.101562 0.373047 0.103516 0.371094 0.105469 0.371094 0.105469 0.367188 0.103516 0.367188 0.101562 0.365234 0.101562 0.363281 0.099609 0.361328 0.099609 0.359375
0 0.000000 0.351562 0.000000 0.388672 0.003906 0.388672 0.005859 0.386719 0.007812 0.386719 0.011719 0.382812 0.011719 0.380859 0.013672 0.378906 0.013672 0.365234 0.009766 0.365234 0.007812 0.363281 0.007812 0.359375 0.005859 0.357422 0.005859 0.353516 0.003906 0.351562
0 0.033203 0.347656 0.025391 0.355469 0.023438 0.355469 0.019531 0.359375 0.019531 0.371094 0.021484 0.373047 0.021484 0.375000 0.023438 0.376953 0.023438 0.378906 0.031250 0.378906 0.033203 0.376953 0.035156 0.376953 0.037109 0.375000 0.039062 0.375000 0.041016 0.373047 0.042969 0.373047 0.044922 0.371094 0.044922 0.351562 0.041016 0.347656
0 0.687500 0.335938 0.677734 0.345703 0.675781 0.345703 0.673828 0.347656 0.673828 0.351562 0.675781 0.353516 0.685547 0.353516 0.687500 0.355469 0.687500 0.369141 0.689453 0.371094 0.699219 0.371094 0.701172 0.369141 0.701172 0.367188 0.703125 0.365234 0.703125 0.349609 0.697266 0.349609 0.695312 0.347656 0.695312 0.337891 0.693359 0.335938
0 0.771484 0.330078 0.769531 0.332031 0.767578 0.332031 0.767578 0.333984 0.765625 0.335938 0.765625 0.337891 0.763672 0.339844 0.761719 0.339844 0.761719 0.345703 0.763672 0.347656 0.763672 0.349609 0.765625 0.351562 0.775391 0.351562 0.775391 0.347656 0.777344 0.345703 0.779297 0.345703 0.781250 0.343750 0.781250 0.333984 0.777344 0.330078
0 0.662109 0.302734 0.660156 0.304688 0.660156 0.306641 0.662109 0.308594 0.662109 0.314453 0.660156 0.316406 0.656250 0.316406 0.654297 0.318359 0.654297 0.324219 0.658203 0.328125 0.658203 0.330078 0.662109 0.330078 0.664062 0.332031 0.671875 0.332031 0.673828 0.330078 0.673828 0.324219 0.671875 0.322266 0.671875 0.320312 0.669922 0.318359 0.669922 0.304688 0.667969 0.302734
0 0.832031 0.300781 0.828125 0.304688 0.828125 0.316406 0.826172 0.318359 0.820312 0.318359 0.818359 0.316406 0.810547 0.316406 0.804688 0.322266 0.804688 0.330078 0.806641 0.330078 0.808594 0.332031 0.808594 0.333984 0.810547 0.333984 0.814453 0.337891 0.814453 0.339844 0.816406 0.341797 0.820312 0.341797 0.824219 0.345703 0.830078 0.345703 0.832031 0.347656 0.839844 0.347656 0.841797 0.345703 0.841797 0.335938 0.843750 0.333984 0.845703 0.335938 0.857422 0.335938 0.857422 0.333984 0.859375 0.332031 0.861328 0.332031 0.861328 0.324219 0.859375 0.322266 0.859375 0.320312 0.855469 0.316406 0.855469 0.314453 0.851562 0.310547 0.851562 0.308594 0.849609 0.306641 0.847656 0.306641 0.841797 0.300781
0 0.330078 0.267578 0.328125 0.269531 0.328125 0.279297 0.324219 0.283203 0.324219 0.294922 0.326172 0.296875 0.330078 0.296875 0.332031 0.298828 0.332031 0.302734 0.333984 0.304688 0.333984 0.306641 0.345703 0.306641 0.345703 0.291016 0.351562 0.285156 0.353516 0.285156 0.353516 0.283203 0.357422 0.279297 0.357422 0.275391 0.341797 0.275391 0.339844 0.273438 0.339844 0.269531 0.337891 0.267578
0 0.662109 0.263672 0.660156 0.265625 0.658203 0.265625 0.658203 0.267578 0.656250 0.269531 0.656250 0.275391 0.658203 0.277344 0.658203 0.279297 0.664062 0.285156 0.667969 0.285156 0.669922 0.287109 0.671875 0.287109 0.673828 0.289062 0.683594 0.289062 0.685547 0.287109 0.685547 0.279297 0.683594 0.277344 0.681641 0.277344 0.679688 0.275391 0.677734 0.275391 0.675781 0.273438 0.675781 0.271484 0.669922 0.265625 0.667969 0.265625 0.666016 0.263672
0 0.970703 0.259766 0.970703 0.261719 0.964844 0.267578 0.964844 0.271484 0.962891 0.273438 0.962891 0.292969 0.964844 0.294922 0.964844 0.298828 0.968750 0.302734 0.968750 0.308594 0.974609 0.314453 0.974609 0.316406 0.976562 0.318359 0.976562 0.320312 0.978516 0.322266 0.982422 0.322266 0.984375 0.324219 0.992188 0.324219 0.992188 0.261719 0.988281 0.261719 0.986328 0.259766
0 0.433594 0.253906 0.427734 0.259766 0.427734 0.261719 0.423828 0.265625 0.423828 0.271484 0.425781 0.273438 0.429688 0.273438 0.431641 0.275391 0.433594 0.275391 0.437500 0.279297 0.439453 0.279297 0.441406 0.281250 0.445312 0.281250 0.445312 0.271484 0.443359 0.269531 0.443359 0.265625 0.441406 0.263672 0.441406 0.259766 0.439453 0.257812 0.437500 0.257812
0 0.060547 0.210938 0.054688 0.216797 0.054688 0.218750 0.052734 0.220703 0.052734 0.226562 0.050781 0.228516 0.050781 0.232422 0.048828 0.234375 0.042969 0.234375 0.042969 0.236328 0.037109 0.242188 0.035156 0.242188 0.033203 0.240234 0.019531 0.240234 0.019531 0.242188 0.017578 0.244141 0.017578 0.248047 0.019531 0.250000 0.019531 0.259766 0.017578 0.261719 0.015625 0.261719 0.009766 0.267578 0.009766 0.269531 0.003906 0.275391 0.003906 0.292969 0.005859 0.294922 0.005859 0.298828 0.003906 0.300781 0.001953 0.300781 0.000000 0.302734 0.000000 0.332031 0.000000 0.312500 0.003906 0.308594 0.003906 0.306641 0.009766 0.300781 0.011719 0.300781 0.013672 0.298828 0.017578 0.298828 0.019531 0.300781 0.023438 0.300781 0.025391 0.302734 0.027344 0.302734 0.029297 0.304688 0.031250 0.304688 0.035156 0.308594 0.035156 0.312500 0.029297 0.318359 0.027344 0.318359 0.023438 0.322266 0.023438 0.326172 0.021484 0.328125 0.021484 0.333984 0.023438 0.333984 0.025391 0.335938 0.029297 0.335938 0.031250 0.337891 0.033203 0.337891 0.035156 0.335938 0.041016 0.335938 0.041016 0.333984 0.039062 0.332031 0.039062 0.326172 0.037109 0.324219 0.037109 0.318359 0.039062 0.316406 0.042969 0.316406 0.044922 0.318359 0.046875 0.318359 0.048828 0.320312 0.050781 0.320312 0.054688 0.324219 0.054688 0.326172 0.058594 0.326172 0.060547 0.328125 0.060547 0.335938 0.064453 0.339844 0.070312 0.339844 0.072266 0.337891 0.074219 0.337891 0.078125 0.333984 0.080078 0.333984 0.080078 0.332031 0.085938 0.326172 0.087891 0.328125 0.089844 0.328125 0.091797 0.330078 0.091797 0.332031 0.093750 0.333984 0.093750 0.335938 0.109375 0.335938 0.111328 0.337891 0.111328 0.345703 0.117188 0.351562 0.117188 0.353516 0.119141 0.355469 0.119141 0.357422 0.123047 0.361328 0.123047 0.363281 0.126953 0.367188 0.140625 0.367188 0.140625 0.363281 0.134766 0.363281 0.130859 0.359375 0.130859 0.355469 0.134766 0.351562 0.134766 0.343750 0.123047 0.332031 0.115234 0.332031 0.113281 0.330078 0.113281 0.326172 0.117188 0.322266 0.117188 0.320312 0.123047 0.314453 0.123047 0.312500 0.125000 0.310547 0.125000 0.298828 0.123047 0.296875 0.123047 0.292969 0.121094 0.294922 0.119141 0.294922 0.117188 0.296875 0.117188 0.298828 0.115234 0.300781 0.115234 0.308594 0.113281 0.310547 0.109375 0.310547 0.107422 0.308594 0.101562 0.308594 0.093750 0.316406 0.089844 0.316406 0.087891 0.314453 0.087891 0.308594 0.089844 0.306641 0.089844 0.304688 0.091797 0.302734 0.093750 0.302734 0.093750 0.287109 0.091797 0.287109 0.089844 0.285156 0.083984 0.285156 0.080078 0.289062 0.074219 0.289062 0.074219 0.291016 0.072266 0.292969 0.068359 0.292969 0.062500 0.287109 0.062500 0.281250 0.064453 0.279297 0.064453 0.277344 0.066406 0.275391 0.068359 0.275391 0.068359 0.273438 0.070312 0.271484 0.070312 0.259766 0.076172 0.253906 0.076172 0.248047 0.078125 0.246094 0.082031 0.246094 0.083984 0.244141 0.085938 0.244141 0.082031 0.240234 0.080078 0.240234 0.078125 0.238281 0.076172 0.238281 0.074219 0.240234 0.070312 0.240234 0.068359 0.238281 0.068359 0.226562 0.064453 0.222656 0.064453 0.218750 0.062500 0.216797 0.062500 0.214844 0.064453 0.212891 0.064453 0.210938
0 0.662109 0.199219 0.662109 0.201172 0.656250 0.207031 0.656250 0.212891 0.652344 0.216797 0.652344 0.222656 0.654297 0.224609 0.654297 0.226562 0.660156 0.232422 0.662109 0.232422 0.666016 0.236328 0.667969 0.236328 0.669922 0.238281 0.681641 0.238281 0.683594 0.236328 0.685547 0.236328 0.685547 0.234375 0.689453 0.230469 0.689453 0.222656 0.687500 0.220703 0.687500 0.212891 0.685547 0.210938 0.685547 0.208984 0.683594 0.208984 0.679688 0.205078 0.675781 0.205078 0.669922 0.199219
0 0.089844 0.197266 0.089844 0.207031 0.091797 0.208984 0.091797 0.222656 0.095703 0.222656 0.099609 0.218750 0.101562 0.218750 0.101562 0.210938 0.099609 0.208984 0.099609 0.207031 0.103516 0.203125 0.103516 0.201172 0.101562 0.201172 0.099609 0.199219 0.095703 0.199219 0.093750 0.197266
0 0.417969 0.195312 0.414062 0.199219 0.410156 0.199219 0.410156 0.201172 0.406250 0.205078 0.404297 0.205078 0.400391 0.208984 0.398438 0.207031 0.396484 0.207031 0.390625 0.201172 0.380859 0.201172 0.376953 0.205078 0.375000 0.205078 0.371094 0.208984 0.369141 0.208984 0.367188 0.210938 0.367188 0.212891 0.365234 0.214844 0.365234 0.236328 0.367188 0.238281 0.367188 0.242188 0.373047 0.248047 0.376953 0.248047 0.378906 0.250000 0.380859 0.250000 0.384766 0.253906 0.388672 0.253906 0.390625 0.255859 0.392578 0.255859 0.394531 0.257812 0.398438 0.257812 0.400391 0.259766 0.404297 0.255859 0.408203 0.255859 0.414062 0.250000 0.414062 0.248047 0.416016 0.246094 0.417969 0.246094 0.417969 0.242188 0.419922 0.240234 0.421875 0.240234 0.421875 0.228516 0.425781 0.224609 0.425781 0.222656 0.431641 0.216797 0.435547 0.216797 0.435547 0.208984 0.431641 0.205078 0.431641 0.201172 0.427734 0.197266 0.427734 0.195312
0 0.435547 0.179688 0.433594 0.181641 0.433594 0.183594 0.431641 0.185547 0.431641 0.189453 0.429688 0.191406 0.431641 0.191406 0.437500 0.197266 0.437500 0.201172 0.443359 0.207031 0.443359 0.208984 0.445312 0.210938 0.445312 0.214844 0.447266 0.216797 0.455078 0.216797 0.455078 0.189453 0.453125 0.187500 0.447266 0.187500 0.443359 0.183594 0.443359 0.179688
0 0.154297 0.160156 0.152344 0.162109 0.152344 0.167969 0.148438 0.171875 0.146484 0.171875 0.146484 0.173828 0.144531 0.175781 0.144531 0.179688 0.146484 0.181641 0.146484 0.183594 0.148438 0.185547 0.148438 0.187500 0.156250 0.187500 0.162109 0.181641 0.164062 0.181641 0.167969 0.177734 0.167969 0.175781 0.169922 0.173828 0.169922 0.164062 0.167969 0.164062 0.166016 0.162109 0.164062 0.162109 0.162109 0.160156
0 0.304688 0.130859 0.302734 0.132812 0.302734 0.138672 0.300781 0.140625 0.300781 0.144531 0.308594 0.152344 0.312500 0.152344 0.314453 0.154297 0.318359 0.154297 0.320312 0.156250 0.322266 0.156250 0.324219 0.158203 0.335938 0.158203 0.337891 0.156250 0.337891 0.146484 0.335938 0.144531 0.335938 0.142578 0.333984 0.142578 0.332031 0.140625 0.330078 0.140625 0.328125 0.138672 0.328125 0.136719 0.324219 0.132812 0.322266 0.132812 0.320312 0.130859
0 0.529297 0.123047 0.525391 0.126953 0.523438 0.126953 0.523438 0.128906 0.521484 0.130859 0.521484 0.158203 0.531250 0.167969 0.537109 0.167969 0.539062 0.166016 0.539062 0.164062 0.541016 0.162109 0.541016 0.158203 0.542969 0.156250 0.542969 0.154297 0.544922 0.152344 0.544922 0.136719 0.537109 0.128906 0.537109 0.125000 0.533203 0.125000 0.531250 0.123047
0 0.363281 0.123047 0.359375 0.126953 0.359375 0.134766 0.361328 0.136719 0.361328 0.138672 0.363281 0.140625 0.365234 0.140625 0.367188 0.142578 0.376953 0.142578 0.376953 0.140625 0.378906 0.138672 0.378906 0.132812 0.376953 0.130859 0.376953 0.128906 0.373047 0.125000 0.373047 0.123047
0 0.130859 0.109375 0.128906 0.111328 0.128906 0.113281 0.126953 0.115234 0.126953 0.119141 0.123047 0.123047 0.121094 0.123047 0.119141 0.125000 0.117188 0.125000 0.117188 0.126953 0.111328 0.132812 0.111328 0.134766 0.117188 0.140625 0.113281 0.144531 0.113281 0.154297 0.111328 0.156250 0.111328 0.164062 0.115234 0.164062 0.117188 0.166016 0.119141 0.166016 0.121094 0.167969 0.128906 0.167969 0.130859 0.166016 0.132812 0.166016 0.132812 0.164062 0.134766 0.162109 0.134766 0.160156 0.138672 0.156250 0.138672 0.152344 0.136719 0.150391 0.132812 0.150391 0.130859 0.148438 0.130859 0.144531 0.128906 0.144531 0.126953 0.142578 0.126953 0.140625 0.125000 0.138672 0.125000 0.136719 0.126953 0.134766 0.126953 0.132812 0.130859 0.128906 0.132812 0.128906 0.138672 0.134766 0.136719 0.136719 0.136719 0.138672 0.140625 0.142578 0.144531 0.142578 0.146484 0.144531 0.158203 0.144531 0.158203 0.134766 0.154297 0.130859 0.152344 0.130859 0.150391 0.128906 0.148438 0.128906 0.146484 0.126953 0.146484 0.125000 0.140625 0.119141 0.140625 0.111328 0.138672 0.109375
0 0.431641 0.103516 0.421875 0.113281 0.414062 0.113281 0.412109 0.111328 0.404297 0.111328 0.400391 0.115234 0.400391 0.117188 0.394531 0.123047 0.394531 0.125000 0.392578 0.126953 0.392578 0.134766 0.394531 0.136719 0.394531 0.140625 0.400391 0.146484 0.412109 0.146484 0.414062 0.144531 0.414062 0.142578 0.417969 0.138672 0.419922 0.138672 0.423828 0.134766 0.425781 0.134766 0.429688 0.138672 0.435547 0.138672 0.437500 0.140625 0.443359 0.140625 0.445312 0.138672 0.447266 0.138672 0.451172 0.134766 0.453125 0.134766 0.453125 0.111328 0.447266 0.105469 0.443359 0.105469 0.441406 0.103516
0 0.003906 0.093750 0.001953 0.095703 0.001953 0.099609 0.000000 0.101562 0.000000 0.134766 0.001953 0.134766 0.001953 0.123047 0.003906 0.121094 0.003906 0.117188 0.005859 0.115234 0.005859 0.111328 0.007812 0.109375 0.007812 0.099609 0.005859 0.097656 0.005859 0.093750
0 0.332031 0.064453 0.330078 0.066406 0.328125 0.066406 0.328125 0.070312 0.330078 0.072266 0.330078 0.080078 0.332031 0.082031 0.339844 0.082031 0.343750 0.078125 0.345703 0.078125 0.353516 0.085938 0.357422 0.085938 0.359375 0.087891 0.371094 0.087891 0.371094 0.074219 0.369141 0.072266 0.369141 0.070312 0.349609 0.070312 0.345703 0.066406 0.343750 0.066406 0.341797 0.064453
0 0.021484 0.064453 0.015625 0.070312 0.015625 0.074219 0.017578 0.074219 0.019531 0.076172 0.027344 0.076172 0.029297 0.074219 0.029297 0.068359 0.025391 0.068359 0.023438 0.066406 0.023438 0.064453
0 0.007812 0.054688 0.005859 0.056641 0.005859 0.058594 0.003906 0.060547 0.003906 0.066406 0.005859 0.068359 0.011719 0.068359 0.013672 0.066406 0.013672 0.056641 0.011719 0.056641 0.009766 0.054688
0 0.035156 0.046875 0.035156 0.048828 0.033203 0.050781 0.033203 0.060547 0.035156 0.062500 0.035156 0.068359 0.037109 0.068359 0.039062 0.070312 0.042969 0.070312 0.044922 0.072266 0.044922 0.074219 0.041016 0.078125 0.041016 0.097656 0.042969 0.099609 0.042969 0.101562 0.041016 0.103516 0.037109 0.103516 0.031250 0.109375 0.029297 0.109375 0.027344 0.111328 0.025391 0.111328 0.021484 0.107422 0.021484 0.105469 0.019531 0.103516 0.015625 0.103516 0.013672 0.105469 0.013672 0.130859 0.017578 0.130859 0.019531 0.132812 0.019531 0.142578 0.021484 0.144531 0.021484 0.146484 0.019531 0.148438 0.009766 0.148438 0.007812 0.146484 0.001953 0.146484 0.001953 0.148438 0.003906 0.150391 0.003906 0.152344 0.007812 0.156250 0.007812 0.166016 0.001953 0.171875 0.000000 0.171875 0.000000 0.216797 0.001953 0.216797 0.005859 0.212891 0.009766 0.212891 0.011719 0.210938 0.013672 0.210938 0.015625 0.212891 0.015625 0.214844 0.017578 0.216797 0.017578 0.220703 0.019531 0.220703 0.021484 0.222656 0.021484 0.226562 0.023438 0.228516 0.023438 0.230469 0.025391 0.232422 0.025391 0.234375 0.027344 0.236328 0.033203 0.236328 0.037109 0.232422 0.037109 0.228516 0.039062 0.226562 0.039062 0.224609 0.041016 0.222656 0.041016 0.218750 0.042969 0.216797 0.042969 0.214844 0.044922 0.212891 0.044922 0.208984 0.046875 0.207031 0.046875 0.191406 0.044922 0.189453 0.031250 0.189453 0.027344 0.185547 0.027344 0.175781 0.029297 0.173828 0.029297 0.171875 0.031250 0.169922 0.033203 0.169922 0.035156 0.167969 0.035156 0.166016 0.039062 0.162109 0.041016 0.162109 0.044922 0.166016 0.044922 0.169922 0.046875 0.171875 0.046875 0.173828 0.048828 0.175781 0.048828 0.179688 0.050781 0.181641 0.050781 0.183594 0.052734 0.185547 0.052734 0.187500 0.054688 0.189453 0.054688 0.191406 0.056641 0.193359 0.056641 0.195312 0.062500 0.201172 0.080078 0.201172 0.085938 0.195312 0.085938 0.193359 0.087891 0.191406 0.087891 0.189453 0.089844 0.187500 0.089844 0.185547 0.091797 0.183594 0.091797 0.171875 0.089844 0.169922 0.089844 0.146484 0.087891 0.144531 0.087891 0.142578 0.085938 0.140625 0.085938 0.119141 0.087891 0.117188 0.087891 0.115234 0.089844 0.113281 0.089844 0.111328 0.091797 0.109375 0.091797 0.097656 0.093750 0.095703 0.093750 0.089844 0.091797 0.087891 0.091797 0.080078 0.089844 0.078125 0.089844 0.076172 0.087891 0.074219 0.087891 0.072266 0.085938 0.070312 0.085938 0.066406 0.074219 0.066406 0.074219 0.068359 0.072266 0.070312 0.070312 0.070312 0.070312 0.085938 0.066406 0.089844 0.064453 0.089844 0.062500 0.087891 0.062500 0.083984 0.060547 0.082031 0.060547 0.080078 0.058594 0.078125 0.056641 0.078125 0.052734 0.074219 0.052734 0.070312 0.048828 0.070312 0.046875 0.068359 0.046875 0.054688 0.044922 0.052734 0.044922 0.050781 0.042969 0.048828 0.039062 0.048828 0.037109 0.046875
0 0.216797 0.003906 0.212891 0.007812 0.212891 0.011719 0.208984 0.015625 0.208984 0.017578 0.207031 0.019531 0.207031 0.021484 0.205078 0.023438 0.205078 0.025391 0.203125 0.027344 0.201172 0.027344 0.201172 0.033203 0.203125 0.035156 0.203125 0.044922 0.199219 0.048828 0.199219 0.050781 0.201172 0.052734 0.201172 0.060547 0.193359 0.068359 0.193359 0.083984 0.195312 0.085938 0.195312 0.089844 0.203125 0.097656 0.203125 0.099609 0.208984 0.105469 0.208984 0.107422 0.210938 0.109375 0.212891 0.109375 0.216797 0.113281 0.226562 0.113281 0.230469 0.117188 0.230469 0.123047 0.224609 0.128906 0.214844 0.128906 0.210938 0.125000 0.208984 0.125000 0.203125 0.119141 0.197266 0.119141 0.191406 0.125000 0.187500 0.125000 0.185547 0.126953 0.185547 0.132812 0.187500 0.134766 0.187500 0.136719 0.195312 0.136719 0.197266 0.138672 0.197266 0.146484 0.199219 0.146484 0.205078 0.152344 0.207031 0.152344 0.208984 0.154297 0.210938 0.154297 0.212891 0.156250 0.214844 0.156250 0.218750 0.152344 0.226562 0.152344 0.228516 0.154297 0.238281 0.154297 0.240234 0.156250 0.240234 0.162109 0.236328 0.166016 0.234375 0.166016 0.234375 0.181641 0.232422 0.183594 0.226562 0.183594 0.226562 0.189453 0.224609 0.191406 0.222656 0.191406 0.220703 0.193359 0.220703 0.195312 0.214844 0.201172 0.210938 0.201172 0.203125 0.193359 0.203125 0.191406 0.201172 0.189453 0.201172 0.187500 0.199219 0.187500 0.197266 0.185547 0.197266 0.181641 0.193359 0.177734 0.193359 0.175781 0.189453 0.171875 0.185547 0.171875 0.185547 0.173828 0.181641 0.177734 0.177734 0.177734 0.175781 0.179688 0.173828 0.179688 0.171875 0.181641 0.171875 0.189453 0.173828 0.189453 0.175781 0.191406 0.175781 0.195312 0.177734 0.197266 0.185547 0.197266 0.189453 0.201172 0.189453 0.205078 0.185547 0.208984 0.185547 0.210938 0.181641 0.214844 0.175781 0.214844 0.171875 0.210938 0.171875 0.207031 0.169922 0.205078 0.167969 0.205078 0.166016 0.207031 0.166016 0.208984 0.164062 0.210938 0.160156 0.210938 0.154297 0.216797 0.152344 0.216797 0.152344 0.224609 0.156250 0.224609 0.158203 0.226562 0.166016 0.226562 0.169922 0.230469 0.169922 0.232422 0.171875 0.234375 0.177734 0.234375 0.181641 0.238281 0.181641 0.242188 0.177734 0.246094 0.171875 0.246094 0.167969 0.250000 0.167969 0.255859 0.169922 0.255859 0.173828 0.259766 0.173828 0.261719 0.183594 0.261719 0.183594 0.259766 0.187500 0.255859 0.187500 0.250000 0.189453 0.248047 0.191406 0.248047 0.195312 0.251953 0.205078 0.251953 0.207031 0.250000 0.208984 0.250000 0.208984 0.248047 0.210938 0.246094 0.210938 0.242188 0.208984 0.240234 0.208984 0.238281 0.199219 0.238281 0.197266 0.240234 0.195312 0.238281 0.195312 0.232422 0.199219 0.228516 0.201172 0.228516 0.203125 0.226562 0.203125 0.220703 0.208984 0.214844 0.210938 0.214844 0.212891 0.216797 0.212891 0.218750 0.214844 0.220703 0.222656 0.220703 0.224609 0.218750 0.226562 0.218750 0.230469 0.222656 0.240234 0.222656 0.242188 0.220703 0.244141 0.220703 0.246094 0.218750 0.248047 0.218750 0.248047 0.216797 0.251953 0.212891 0.253906 0.212891 0.253906 0.210938 0.257812 0.207031 0.259766 0.207031 0.259766 0.203125 0.257812 0.203125 0.251953 0.197266 0.250000 0.197266 0.246094 0.193359 0.246094 0.189453 0.244141 0.187500 0.244141 0.179688 0.246094 0.177734 0.246094 0.175781 0.248047 0.173828 0.248047 0.169922 0.250000 0.167969 0.263672 0.167969 0.265625 0.169922 0.265625 0.171875 0.267578 0.173828 0.267578 0.175781 0.271484 0.179688 0.271484 0.181641 0.273438 0.183594 0.273438 0.189453 0.283203 0.189453 0.291016 0.181641 0.291016 0.173828 0.281250 0.164062 0.281250 0.158203 0.279297 0.156250 0.279297 0.148438 0.281250 0.146484 0.281250 0.144531 0.283203 0.142578 0.283203 0.140625 0.281250 0.138672 0.281250 0.132812 0.279297 0.130859 0.279297 0.128906 0.275391 0.128906 0.273438 0.126953 0.267578 0.126953 0.265625 0.125000 0.263672 0.125000 0.259766 0.121094 0.257812 0.121094 0.255859 0.119141 0.253906 0.119141 0.248047 0.113281 0.248047 0.105469 0.251953 0.101562 0.251953 0.097656 0.253906 0.095703 0.253906 0.093750 0.255859 0.091797 0.255859 0.087891 0.257812 0.085938 0.257812 0.082031 0.259766 0.080078 0.259766 0.078125 0.261719 0.076172 0.259766 0.074219 0.259766 0.072266 0.263672 0.068359 0.263672 0.060547 0.261719 0.058594 0.257812 0.058594 0.255859 0.056641 0.255859 0.054688 0.251953 0.050781 0.250000 0.050781 0.248047 0.048828 0.251953 0.044922 0.251953 0.031250 0.250000 0.031250 0.244141 0.025391 0.244141 0.019531 0.242188 0.017578 0.238281 0.017578 0.236328 0.015625 0.230469 0.015625 0.228516 0.017578 0.224609 0.017578 0.222656 0.015625 0.222656 0.009766 0.220703 0.007812 0.220703 0.003906