0 0.019531 0.642578 0.019531 0.654297 0.021484 0.654297 0.023438 0.656250 0.023438 0.658203 0.025391 0.660156 0.039062 0.660156 0.039062 0.644531 0.037109 0.644531 0.035156 0.642578
0 0.859375 0.630859 0.857422 0.632812 0.855469 0.632812 0.855469 0.634766 0.853516 0.636719 0.851562 0.636719 0.851562 0.640625 0.849609 0.642578 0.847656 0.642578 0.847656 0.667969 0.849609 0.669922 0.849609 0.671875 0.857422 0.671875 0.859375 0.673828 0.859375 0.675781 0.876953 0.675781 0.876953 0.669922 0.878906 0.667969 0.880859 0.667969 0.880859 0.664062 0.882812 0.662109 0.886719 0.662109 0.886719 0.638672 0.884766 0.638672 0.880859 0.634766 0.880859 0.632812 0.878906 0.632812 0.876953 0.630859
0 0.794922 0.623047 0.792969 0.625000 0.791016 0.625000 0.789062 0.626953 0.789062 0.628906 0.787109 0.630859 0.785156 0.630859 0.783203 0.632812 0.783203 0.634766 0.781250 0.636719 0.781250 0.652344 0.783203 0.654297 0.783203 0.658203 0.781250 0.660156 0.779297 0.660156 0.779297 0.662109 0.777344 0.664062 0.775391 0.664062 0.773438 0.666016 0.771484 0.666016 0.767578 0.669922 0.767578 0.671875 0.763672 0.675781 0.763672 0.677734 0.761719 0.679688 0.761719 0.681641 0.757812 0.685547 0.753906 0.685547 0.751953 0.687500 0.746094 0.687500 0.744141 0.689453 0.742188 0.689453 0.740234 0.691406 0.736328 0.691406 0.730469 0.697266 0.730469 0.708984 0.732422 0.710938 0.734375 0.710938 0.748047 0.724609 0.748047 0.726562 0.750000 0.728516 0.750000 0.730469 0.755859 0.736328 0.755859 0.738281 0.769531 0.738281 0.769531 0.728516 0.767578 0.728516 0.765625 0.726562 0.765625 0.724609 0.763672 0.724609 0.757812 0.718750 0.757812 0.716797 0.755859 0.714844 0.755859 0.712891 0.750000 0.707031 0.750000 0.705078 0.748047 0.705078 0.746094 0.703125 0.748047 0.701172 0.750000 0.701172 0.753906 0.697266 0.761719 0.697266 0.763672 0.695312 0.767578 0.695312 0.771484 0.691406 0.771484 0.689453 0.775391 0.685547 0.775391 0.681641 0.783203 0.673828 0.785156 0.673828 0.785156 0.671875 0.787109 0.669922 0.789062 0.669922 0.789062 0.667969 0.791016 0.666016 0.792969 0.666016 0.794922 0.664062 0.794922 0.650391 0.792969 0.648438 0.792969 0.646484 0.791016 0.644531 0.794922 0.640625 0.794922 0.638672 0.796875 0.636719 0.798828 0.636719 0.802734 0.632812 0.806641 0.632812 0.806641 0.623047
0 0.591797 0.357422 0.591797 0.373047 0.603516 0.373047 0.603516 0.369141 0.605469 0.367188 0.605469 0.357422
0 0.632812 0.333984 0.632812 0.337891 0.634766 0.339844 0.634766 0.351562 0.636719 0.353516 0.636719 0.359375 0.630859 0.365234 0.630859 0.382812 0.628906 0.384766 0.626953 0.384766 0.625000 0.382812 0.601562 0.382812 0.597656 0.386719 0.595703 0.386719 0.595703 0.388672 0.593750 0.390625 0.593750 0.398438 0.591797 0.400391 0.587891 0.400391 0.582031 0.406250 0.578125 0.406250 0.576172 0.408203 0.574219 0.408203 0.572266 0.410156 0.566406 0.410156 0.564453 0.412109 0.562500 0.412109 0.562500 0.416016 0.570312 0.416016 0.572266 0.414062 0.576172 0.414062 0.578125 0.412109 0.582031 0.412109 0.583984 0.410156 0.585938 0.410156 0.587891 0.408203 0.589844 0.408203 0.593750 0.404297 0.597656 0.404297 0.597656 0.394531 0.605469 0.386719 0.621094 0.386719 0.623047 0.388672 0.634766 0.388672 0.634766 0.369141 0.640625 0.363281 0.640625 0.349609 0.638672 0.347656 0.638672 0.335938 0.636719 0.333984
0 0.511719 0.333984 0.509766 0.335938 0.509766 0.339844 0.507812 0.341797 0.507812 0.343750 0.503906 0.347656 0.503906 0.353516 0.507812 0.353516 0.511719 0.349609 0.513672 0.349609 0.513672 0.347656 0.515625 0.345703 0.515625 0.339844 0.517578 0.337891 0.517578 0.333984
0 0.271484 0.316406 0.269531 0.318359 0.269531 0.330078 0.283203 0.330078 0.283203 0.320312 0.281250 0.318359 0.281250 0.316406
0 0.388672 0.275391 0.388672 0.277344 0.386719 0.279297 0.386719 0.302734 0.388672 0.302734 0.390625 0.304688 0.412109 0.304688 0.412109 0.279297 0.410156 0.277344 0.406250 0.277344 0.404297 0.275391
0 0.189453 0.244141 0.189453 0.253906 0.199219 0.253906 0.199219 0.244141
0 0.519531 0.078125 0.519531 0.089844 0.521484 0.091797 0.535156 0.091797 0.535156 0.080078 0.533203 0.080078 0.531250 0.078125
0 0.388672 0.064453 0.388672 0.066406 0.386719 0.068359 0.386719 0.083984 0.400391 0.083984 0.400391 0.066406 0.398438 0.064453
0 0.650391 0.054688 0.650391 0.056641 0.646484 0.060547 0.646484 0.070312 0.662109 0.070312 0.662109 0.068359 0.664062 0.066406 0.664062 0.056641 0.662109 0.054688
0 0.351562 0.048828 0.345703 0.054688 0.345703 0.070312 0.347656 0.072266 0.347656 0.074219 0.351562 0.078125 0.351562 0.080078 0.355469 0.083984 0.355469 0.085938 0.361328 0.085938 0.363281 0.087891 0.365234 0.087891 0.371094 0.093750 0.375000 0.093750 0.376953 0.095703 0.378906 0.095703 0.380859 0.097656 0.386719 0.097656 0.388672 0.099609 0.394531 0.099609 0.396484 0.101562 0.400391 0.101562 0.402344 0.103516 0.406250 0.103516 0.408203 0.105469 0.410156 0.105469 0.412109 0.107422 0.417969 0.107422 0.417969 0.103516 0.416016 0.101562 0.414062 0.101562 0.412109 0.099609 0.406250 0.099609 0.404297 0.097656 0.400391 0.097656 0.398438 0.095703 0.392578 0.095703 0.390625 0.093750 0.384766 0.093750 0.382812 0.091797 0.378906 0.091797 0.375000 0.087891 0.373047 0.087891 0.367188 0.082031 0.361328 0.082031 0.355469 0.076172 0.353516 0.076172 0.351562 0.074219 0.351562 0.070312 0.349609 0.068359 0.349609 0.066406 0.347656 0.064453 0.349609 0.062500 0.349609 0.058594 0.355469 0.052734 0.355469 0.048828