0 0.408203 0.982422 0.408203 0.986328 0.417969 0.986328 0.417969 0.982422
0 0.470703 0.976562 0.470703 0.980469 0.474609 0.980469 0.474609 0.976562
0 0.431641 0.976562 0.429688 0.978516 0.425781 0.978516 0.425781 0.986328 0.429688 0.986328 0.429688 0.982422 0.431641 0.980469 0.435547 0.980469 0.435547 0.976562
0 0.375000 0.976562 0.375000 0.980469 0.380859 0.980469 0.382812 0.982422 0.380859 0.984375 0.371094 0.984375 0.371094 0.988281 0.380859 0.988281 0.382812 0.986328 0.390625 0.986328 0.390625 0.984375 0.392578 0.982422 0.394531 0.984375 0.394531 0.986328 0.404297 0.986328 0.404297 0.982422 0.402344 0.980469 0.402344 0.978516 0.392578 0.978516 0.390625 0.976562
0 0.271484 0.976562 0.271484 0.980469 0.277344 0.980469 0.277344 0.976562
0 0.232422 0.976562 0.232422 0.980469 0.236328 0.980469 0.236328 0.976562
0 0.240234 0.972656 0.240234 0.976562 0.265625 0.976562 0.265625 0.972656
0 0.464844 0.966797 0.464844 0.970703 0.480469 0.970703 0.480469 0.966797
0 0.449219 0.966797 0.449219 0.968750 0.447266 0.970703 0.443359 0.970703 0.441406 0.972656 0.441406 0.976562 0.443359 0.978516 0.443359 0.982422 0.447266 0.982422 0.447266 0.978516 0.445312 0.976562 0.447266 0.974609 0.447266 0.972656 0.449219 0.970703 0.458984 0.970703 0.458984 0.966797
0 0.332031 0.966797 0.332031 0.970703 0.335938 0.970703 0.337891 0.972656 0.337891 0.974609 0.335938 0.976562 0.333984 0.976562 0.332031 0.978516 0.326172 0.978516 0.326172 0.980469 0.324219 0.982422 0.298828 0.982422 0.296875 0.980469 0.296875 0.978516 0.281250 0.978516 0.281250 0.982422 0.296875 0.982422 0.298828 0.984375 0.298828 0.986328 0.324219 0.986328 0.324219 0.984375 0.326172 0.982422 0.332031 0.982422 0.333984 0.980469 0.337891 0.980469 0.337891 0.978516 0.339844 0.976562 0.347656 0.976562 0.349609 0.978516 0.349609 0.980469 0.351562 0.980469 0.353516 0.982422 0.357422 0.982422 0.359375 0.984375 0.359375 0.986328 0.365234 0.986328 0.365234 0.982422 0.367188 0.980469 0.371094 0.980469 0.371094 0.976562 0.361328 0.976562 0.359375 0.974609 0.359375 0.972656 0.349609 0.972656 0.347656 0.970703 0.343750 0.970703 0.341797 0.972656 0.337891 0.972656 0.335938 0.970703 0.335938 0.966797
0 0.314453 0.957031 0.314453 0.960938 0.318359 0.960938 0.320312 0.962891 0.320312 0.964844 0.324219 0.964844 0.324219 0.960938 0.320312 0.960938 0.318359 0.958984 0.318359 0.957031
0 0.189453 0.955078 0.189453 0.958984 0.193359 0.958984 0.195312 0.960938 0.195312 0.964844 0.199219 0.964844 0.201172 0.966797 0.201172 0.970703 0.205078 0.970703 0.207031 0.972656 0.207031 0.974609 0.208984 0.974609 0.210938 0.976562 0.214844 0.976562 0.216797 0.978516 0.216797 0.980469 0.226562 0.980469 0.226562 0.976562 0.216797 0.976562 0.214844 0.974609 0.214844 0.972656 0.212891 0.972656 0.210938 0.970703 0.207031 0.970703 0.205078 0.968750 0.205078 0.966797 0.201172 0.966797 0.199219 0.964844 0.199219 0.960938 0.195312 0.960938 0.193359 0.958984 0.193359 0.955078
0 0.554688 0.951172 0.554688 0.953125 0.550781 0.957031 0.548828 0.957031 0.546875 0.955078 0.542969 0.955078 0.541016 0.957031 0.541016 0.958984 0.539062 0.960938 0.535156 0.960938 0.535156 0.962891 0.533203 0.964844 0.525391 0.964844 0.523438 0.966797 0.521484 0.966797 0.521484 0.970703 0.519531 0.972656 0.515625 0.972656 0.513672 0.970703 0.513672 0.966797 0.509766 0.966797 0.509766 0.970703 0.507812 0.972656 0.492188 0.972656 0.490234 0.970703 0.486328 0.970703 0.486328 0.974609 0.488281 0.976562 0.507812 0.976562 0.507812 0.972656 0.509766 0.970703 0.513672 0.970703 0.515625 0.972656 0.515625 0.976562 0.519531 0.976562 0.519531 0.972656 0.521484 0.970703 0.525391 0.970703 0.527344 0.968750 0.533203 0.968750 0.533203 0.966797 0.535156 0.964844 0.544922 0.964844 0.544922 0.962891 0.546875 0.960938 0.550781 0.960938 0.552734 0.958984 0.554688 0.960938 0.558594 0.960938 0.558594 0.951172
0 0.179688 0.951172 0.179688 0.955078 0.183594 0.955078 0.183594 0.951172
0 0.300781 0.949219 0.300781 0.953125 0.304688 0.953125 0.306641 0.955078 0.306641 0.958984 0.310547 0.958984 0.310547 0.955078 0.306641 0.955078 0.304688 0.953125 0.304688 0.949219
0 0.570312 0.945312 0.570312 0.947266 0.566406 0.951172 0.562500 0.951172 0.562500 0.955078 0.564453 0.957031 0.564453 0.960938 0.568359 0.960938 0.570312 0.958984 0.574219 0.958984 0.574219 0.957031 0.576172 0.955078 0.580078 0.955078 0.580078 0.951172 0.582031 0.949219 0.583984 0.949219 0.583984 0.945312
0 0.277344 0.937500 0.277344 0.941406 0.281250 0.941406 0.283203 0.943359 0.283203 0.947266 0.291016 0.947266 0.291016 0.943359 0.283203 0.943359 0.281250 0.941406 0.281250 0.937500
0 0.025391 0.937500 0.025391 0.941406 0.027344 0.941406 0.029297 0.943359 0.029297 0.947266 0.033203 0.947266 0.035156 0.949219 0.042969 0.949219 0.044922 0.951172 0.044922 0.953125 0.048828 0.953125 0.050781 0.955078 0.058594 0.955078 0.060547 0.957031 0.060547 0.958984 0.070312 0.958984 0.072266 0.960938 0.082031 0.960938 0.083984 0.958984 0.083984 0.955078 0.080078 0.955078 0.078125 0.957031 0.076172 0.955078 0.062500 0.955078 0.060547 0.953125 0.060547 0.951172 0.050781 0.951172 0.048828 0.949219 0.044922 0.949219 0.042969 0.947266 0.042969 0.945312 0.039062 0.945312 0.037109 0.943359 0.031250 0.943359 0.029297 0.941406 0.029297 0.937500
0 0.238281 0.933594 0.238281 0.937500 0.257812 0.937500 0.259766 0.939453 0.259766 0.941406 0.271484 0.941406 0.271484 0.937500 0.261719 0.937500 0.259766 0.935547 0.259766 0.933594
0 0.226562 0.933594 0.226562 0.937500 0.230469 0.937500 0.230469 0.933594
0 0.117188 0.933594 0.117188 0.937500 0.119141 0.939453 0.119141 0.943359 0.123047 0.943359 0.123047 0.939453 0.121094 0.937500 0.121094 0.933594
0 0.210938 0.929688 0.210938 0.933594 0.214844 0.933594 0.214844 0.929688
0 0.201172 0.929688 0.201172 0.933594 0.205078 0.933594 0.205078 0.929688
0 0.107422 0.929688 0.107422 0.933594 0.111328 0.933594 0.111328 0.929688
0 0.183594 0.927734 0.183594 0.931641 0.191406 0.931641 0.193359 0.933594 0.197266 0.933594 0.197266 0.929688 0.195312 0.929688 0.193359 0.927734
0 0.128906 0.927734 0.128906 0.931641 0.130859 0.931641 0.132812 0.933594 0.132812 0.937500 0.136719 0.937500 0.138672 0.939453 0.138672 0.943359 0.140625 0.945312 0.140625 0.947266 0.138672 0.949219 0.134766 0.949219 0.132812 0.947266 0.132812 0.945312 0.130859 0.943359 0.126953 0.943359 0.126953 0.947266 0.128906 0.949219 0.132812 0.949219 0.134766 0.951172 0.134766 0.953125 0.152344 0.953125 0.156250 0.957031 0.156250 0.958984 0.158203 0.958984 0.160156 0.960938 0.164062 0.960938 0.164062 0.955078 0.160156 0.955078 0.158203 0.953125 0.158203 0.949219 0.160156 0.947266 0.177734 0.947266 0.177734 0.943359 0.160156 0.943359 0.158203 0.945312 0.154297 0.945312 0.154297 0.947266 0.152344 0.949219 0.150391 0.947266 0.150391 0.945312 0.148438 0.943359 0.144531 0.943359 0.142578 0.941406 0.142578 0.937500 0.140625 0.937500 0.138672 0.935547 0.138672 0.933594 0.136719 0.931641 0.136719 0.929688 0.134766 0.929688 0.132812 0.927734
0 0.656250 0.914062 0.656250 0.917969 0.666016 0.917969 0.666016 0.914062
0 0.150391 0.910156 0.150391 0.914062 0.154297 0.914062 0.156250 0.916016 0.160156 0.916016 0.162109 0.917969 0.162109 0.919922 0.166016 0.919922 0.167969 0.921875 0.171875 0.921875 0.173828 0.923828 0.173828 0.925781 0.177734 0.925781 0.177734 0.921875 0.173828 0.921875 0.171875 0.919922 0.171875 0.917969 0.167969 0.917969 0.166016 0.916016 0.162109 0.916016 0.160156 0.914062 0.160156 0.912109 0.156250 0.912109 0.154297 0.910156
0 0.113281 0.910156 0.113281 0.914062 0.115234 0.914062 0.117188 0.916016 0.121094 0.916016 0.123047 0.917969 0.123047 0.921875 0.126953 0.921875 0.126953 0.917969 0.123047 0.917969 0.121094 0.916016 0.121094 0.912109 0.119141 0.912109 0.117188 0.910156
0 0.683594 0.906250 0.679688 0.910156 0.677734 0.910156 0.673828 0.914062 0.669922 0.914062 0.669922 0.917969 0.677734 0.917969 0.683594 0.912109 0.685547 0.912109 0.687500 0.910156 0.689453 0.910156 0.693359 0.914062 0.693359 0.916016 0.697266 0.916016 0.699219 0.917969 0.701172 0.917969 0.703125 0.919922 0.703125 0.923828 0.705078 0.923828 0.707031 0.925781 0.707031 0.927734 0.708984 0.927734 0.710938 0.929688 0.710938 0.931641 0.712891 0.933594 0.712891 0.939453 0.714844 0.941406 0.714844 0.947266 0.712891 0.949219 0.712891 0.951172 0.710938 0.953125 0.710938 0.955078 0.708984 0.957031 0.708984 0.958984 0.707031 0.960938 0.707031 0.964844 0.705078 0.966797 0.705078 0.974609 0.710938 0.974609 0.710938 0.966797 0.712891 0.964844 0.712891 0.958984 0.716797 0.955078 0.716797 0.951172 0.718750 0.949219 0.718750 0.935547 0.716797 0.933594 0.716797 0.929688 0.712891 0.925781 0.712891 0.923828 0.708984 0.923828 0.707031 0.921875 0.707031 0.919922 0.705078 0.917969 0.705078 0.914062 0.703125 0.914062 0.701172 0.912109 0.697266 0.912109 0.695312 0.910156 0.695312 0.908203 0.693359 0.908203 0.691406 0.906250
0 0.140625 0.904297 0.140625 0.908203 0.144531 0.908203 0.144531 0.904297
0 0.105469 0.904297 0.105469 0.908203 0.109375 0.908203 0.109375 0.904297
0 0.095703 0.904297 0.095703 0.914062 0.091797 0.917969 0.089844 0.917969 0.089844 0.919922 0.087891 0.921875 0.085938 0.921875 0.085938 0.925781 0.087891 0.925781 0.089844 0.927734 0.089844 0.931641 0.087891 0.933594 0.085938 0.933594 0.083984 0.931641 0.083984 0.929688 0.080078 0.929688 0.080078 0.931641 0.078125 0.933594 0.074219 0.933594 0.072266 0.931641 0.072266 0.929688 0.068359 0.929688 0.066406 0.927734 0.066406 0.923828 0.062500 0.923828 0.062500 0.927734 0.066406 0.927734 0.068359 0.929688 0.068359 0.933594 0.070312 0.933594 0.072266 0.935547 0.072266 0.937500 0.078125 0.937500 0.078125 0.935547 0.080078 0.933594 0.083984 0.933594 0.085938 0.935547 0.085938 0.941406 0.082031 0.945312 0.080078 0.945312 0.080078 0.949219 0.083984 0.949219 0.085938 0.947266 0.087891 0.947266 0.087891 0.943359 0.089844 0.941406 0.089844 0.935547 0.091797 0.933594 0.093750 0.933594 0.093750 0.927734 0.095703 0.925781 0.097656 0.925781 0.097656 0.923828 0.099609 0.921875 0.101562 0.923828 0.101562 0.925781 0.105469 0.925781 0.105469 0.921875 0.103516 0.919922 0.103516 0.917969 0.099609 0.917969 0.097656 0.916016 0.099609 0.914062 0.099609 0.904297
0 0.050781 0.904297 0.050781 0.914062 0.054688 0.914062 0.056641 0.916016 0.056641 0.919922 0.060547 0.919922 0.060547 0.916016 0.056641 0.916016 0.054688 0.914062 0.054688 0.904297
0 0.013672 0.904297 0.013672 0.921875 0.015625 0.921875 0.017578 0.923828 0.017578 0.925781 0.019531 0.927734 0.019531 0.931641 0.021484 0.931641 0.023438 0.933594 0.027344 0.933594 0.027344 0.929688 0.025391 0.929688 0.021484 0.925781 0.021484 0.921875 0.019531 0.921875 0.017578 0.919922 0.017578 0.904297
0 0.589844 0.888672 0.589844 0.892578 0.609375 0.892578 0.613281 0.896484 0.617188 0.896484 0.619141 0.898438 0.621094 0.898438 0.623047 0.900391 0.623047 0.902344 0.625000 0.904297 0.625000 0.906250 0.628906 0.906250 0.630859 0.908203 0.630859 0.910156 0.632812 0.910156 0.634766 0.912109 0.636719 0.912109 0.638672 0.914062 0.642578 0.914062 0.644531 0.916016 0.648438 0.916016 0.648438 0.912109 0.644531 0.912109 0.642578 0.910156 0.640625 0.910156 0.638672 0.908203 0.636719 0.908203 0.634766 0.906250 0.630859 0.906250 0.628906 0.904297 0.628906 0.902344 0.626953 0.900391 0.626953 0.898438 0.625000 0.898438 0.623047 0.896484 0.623047 0.894531 0.619141 0.894531 0.613281 0.888672
0 0.044922 0.888672 0.044922 0.892578 0.048828 0.892578 0.048828 0.888672
0 0.119141 0.884766 0.119141 0.888672 0.121094 0.888672 0.123047 0.890625 0.123047 0.892578 0.125000 0.892578 0.126953 0.894531 0.130859 0.894531 0.132812 0.896484 0.132812 0.898438 0.136719 0.898438 0.136719 0.894531 0.132812 0.894531 0.130859 0.892578 0.130859 0.890625 0.128906 0.890625 0.126953 0.888672 0.125000 0.888672 0.123047 0.886719 0.123047 0.884766
0 0.548828 0.871094 0.548828 0.875000 0.552734 0.875000 0.554688 0.876953 0.556641 0.876953 0.560547 0.880859 0.562500 0.880859 0.566406 0.884766 0.568359 0.884766 0.570312 0.886719 0.572266 0.886719 0.576172 0.890625 0.576172 0.892578 0.585938 0.892578 0.585938 0.888672 0.580078 0.888672 0.578125 0.886719 0.578125 0.884766 0.576172 0.884766 0.574219 0.882812 0.572266 0.882812 0.568359 0.878906 0.566406 0.878906 0.562500 0.875000 0.560547 0.875000 0.558594 0.873047 0.556641 0.873047 0.554688 0.871094
0 0.039062 0.871094 0.039062 0.875000 0.042969 0.875000 0.042969 0.871094
0 0.099609 0.861328 0.099609 0.865234 0.101562 0.867188 0.101562 0.871094 0.105469 0.871094 0.107422 0.873047 0.107422 0.876953 0.111328 0.876953 0.113281 0.878906 0.113281 0.880859 0.117188 0.880859 0.117188 0.876953 0.113281 0.876953 0.111328 0.875000 0.111328 0.873047 0.107422 0.873047 0.105469 0.871094 0.105469 0.867188 0.103516 0.865234 0.103516 0.861328
0 0.039062 0.861328 0.039062 0.865234 0.042969 0.865234 0.042969 0.861328
0 0.896484 0.855469 0.896484 0.859375 0.894531 0.861328 0.894531 0.867188 0.892578 0.869141 0.890625 0.869141 0.890625 0.871094 0.888672 0.873047 0.888672 0.878906 0.886719 0.880859 0.886719 0.892578 0.888672 0.894531 0.888672 0.910156 0.890625 0.912109 0.890625 0.914062 0.894531 0.917969 0.894531 0.925781 0.896484 0.927734 0.896484 0.935547 0.894531 0.937500 0.894531 0.943359 0.890625 0.947266 0.890625 0.958984 0.896484 0.964844 0.898438 0.964844 0.902344 0.968750 0.904297 0.968750 0.908203 0.972656 0.908203 0.984375 0.912109 0.984375 0.912109 0.970703 0.910156 0.968750 0.910156 0.966797 0.908203 0.966797 0.906250 0.964844 0.906250 0.962891 0.904297 0.962891 0.900391 0.958984 0.898438 0.958984 0.894531 0.955078 0.894531 0.951172 0.896484 0.949219 0.896484 0.945312 0.898438 0.943359 0.898438 0.937500 0.900391 0.935547 0.900391 0.925781 0.898438 0.923828 0.898438 0.917969 0.896484 0.916016 0.896484 0.912109 0.892578 0.908203 0.892578 0.892578 0.890625 0.890625 0.890625 0.880859 0.892578 0.878906 0.892578 0.875000 0.896484 0.871094 0.898438 0.871094 0.898438 0.863281 0.902344 0.859375 0.906250 0.859375 0.908203 0.861328 0.914062 0.861328 0.914062 0.857422 0.912109 0.857422 0.910156 0.855469
0 0.025391 0.835938 0.025391 0.837891 0.023438 0.839844 0.023438 0.849609 0.021484 0.851562 0.019531 0.851562 0.019531 0.855469 0.017578 0.857422 0.017578 0.880859 0.015625 0.882812 0.013672 0.882812 0.013672 0.900391 0.017578 0.900391 0.017578 0.882812 0.019531 0.880859 0.021484 0.880859 0.021484 0.857422 0.023438 0.855469 0.023438 0.851562 0.025391 0.849609 0.027344 0.849609 0.027344 0.841797 0.029297 0.839844 0.029297 0.835938
0 0.214844 0.824219 0.212891 0.826172 0.207031 0.826172 0.205078 0.828125 0.203125 0.828125 0.201172 0.830078 0.201172 0.832031 0.199219 0.833984 0.193359 0.833984 0.191406 0.835938 0.189453 0.835938 0.189453 0.837891 0.187500 0.839844 0.185547 0.839844 0.183594 0.841797 0.179688 0.841797 0.177734 0.843750 0.167969 0.843750 0.166016 0.841797 0.166016 0.839844 0.164062 0.837891 0.164062 0.835938 0.160156 0.835938 0.160156 0.839844 0.162109 0.841797 0.162109 0.843750 0.164062 0.845703 0.164062 0.847656 0.177734 0.847656 0.179688 0.845703 0.183594 0.845703 0.185547 0.843750 0.189453 0.843750 0.189453 0.841797 0.191406 0.839844 0.193359 0.839844 0.195312 0.837891 0.201172 0.837891 0.201172 0.835938 0.203125 0.833984 0.205078 0.833984 0.207031 0.832031 0.210938 0.832031 0.212891 0.830078 0.226562 0.830078 0.228516 0.832031 0.230469 0.832031 0.232422 0.833984 0.234375 0.833984 0.236328 0.835938 0.236328 0.837891 0.238281 0.837891 0.242188 0.841797 0.244141 0.841797 0.248047 0.845703 0.251953 0.845703 0.255859 0.849609 0.255859 0.851562 0.259766 0.851562 0.263672 0.855469 0.263672 0.857422 0.265625 0.857422 0.267578 0.859375 0.269531 0.859375 0.271484 0.861328 0.271484 0.863281 0.275391 0.863281 0.277344 0.865234 0.281250 0.865234 0.283203 0.867188 0.300781 0.867188 0.304688 0.871094 0.306641 0.871094 0.308594 0.873047 0.308594 0.875000 0.310547 0.875000 0.312500 0.876953 0.312500 0.878906 0.314453 0.880859 0.316406 0.880859 0.324219 0.888672 0.326172 0.888672 0.330078 0.892578 0.335938 0.892578 0.337891 0.894531 0.357422 0.894531 0.357422 0.892578 0.361328 0.888672 0.361328 0.886719 0.365234 0.882812 0.367188 0.882812 0.367188 0.880859 0.369141 0.878906 0.369141 0.876953 0.371094 0.875000 0.380859 0.875000 0.382812 0.876953 0.382812 0.878906 0.384766 0.878906 0.386719 0.880859 0.388672 0.880859 0.390625 0.882812 0.390625 0.884766 0.392578 0.886719 0.394531 0.886719 0.396484 0.888672 0.396484 0.890625 0.398438 0.890625 0.400391 0.892578 0.404297 0.892578 0.406250 0.894531 0.408203 0.894531 0.410156 0.896484 0.414062 0.896484 0.416016 0.898438 0.416016 0.900391 0.419922 0.900391 0.425781 0.906250 0.429688 0.906250 0.431641 0.908203 0.431641 0.910156 0.435547 0.910156 0.437500 0.912109 0.466797 0.912109 0.468750 0.910156 0.474609 0.910156 0.474609 0.880859 0.470703 0.876953 0.470703 0.873047 0.472656 0.871094 0.472656 0.867188 0.476562 0.863281 0.482422 0.863281 0.484375 0.861328 0.498047 0.861328 0.498047 0.859375 0.500000 0.857422 0.505859 0.857422 0.505859 0.855469 0.507812 0.853516 0.509766 0.853516 0.511719 0.851562 0.515625 0.851562 0.517578 0.849609 0.519531 0.849609 0.521484 0.851562 0.521484 0.853516 0.525391 0.853516 0.525391 0.849609 0.523438 0.847656 0.523438 0.843750 0.517578 0.843750 0.513672 0.847656 0.511719 0.847656 0.509766 0.849609 0.503906 0.849609 0.503906 0.851562 0.501953 0.853516 0.498047 0.853516 0.496094 0.855469 0.494141 0.855469 0.492188 0.857422 0.480469 0.857422 0.478516 0.859375 0.472656 0.859375 0.470703 0.861328 0.470703 0.863281 0.468750 0.865234 0.468750 0.869141 0.466797 0.871094 0.466797 0.882812 0.468750 0.882812 0.470703 0.884766 0.470703 0.904297 0.468750 0.906250 0.466797 0.906250 0.464844 0.908203 0.441406 0.908203 0.439453 0.906250 0.435547 0.906250 0.433594 0.904297 0.433594 0.902344 0.429688 0.902344 0.423828 0.896484 0.419922 0.896484 0.417969 0.894531 0.417969 0.892578 0.416016 0.892578 0.414062 0.890625 0.406250 0.890625 0.404297 0.888672 0.404297 0.886719 0.398438 0.886719 0.396484 0.884766 0.396484 0.882812 0.394531 0.880859 0.392578 0.880859 0.390625 0.878906 0.390625 0.876953 0.388672 0.876953 0.386719 0.875000 0.384766 0.875000 0.382812 0.873047 0.382812 0.871094 0.369141 0.871094 0.369141 0.873047 0.367188 0.875000 0.365234 0.875000 0.365234 0.876953 0.361328 0.880859 0.359375 0.880859 0.359375 0.882812 0.351562 0.890625 0.339844 0.890625 0.337891 0.888672 0.333984 0.888672 0.332031 0.886719 0.330078 0.886719 0.322266 0.878906 0.320312 0.878906 0.316406 0.875000 0.316406 0.873047 0.314453 0.873047 0.310547 0.869141 0.310547 0.867188 0.308594 0.865234 0.304688 0.865234 0.302734 0.863281 0.285156 0.863281 0.283203 0.861328 0.279297 0.861328 0.275391 0.857422 0.273438 0.857422 0.271484 0.855469 0.269531 0.855469 0.265625 0.851562 0.265625 0.849609 0.261719 0.849609 0.257812 0.845703 0.257812 0.843750 0.255859 0.843750 0.253906 0.841797 0.251953 0.841797 0.250000 0.839844 0.248047 0.839844 0.244141 0.835938 0.242188 0.835938 0.240234 0.833984 0.238281 0.833984 0.236328 0.832031 0.236328 0.828125 0.232422 0.828125 0.230469 0.826172 0.222656 0.826172 0.220703 0.824219
0 0.146484 0.822266 0.146484 0.832031 0.150391 0.832031 0.152344 0.830078 0.154297 0.832031 0.158203 0.832031 0.158203 0.828125 0.156250 0.828125 0.152344 0.824219 0.152344 0.822266
0 0.039062 0.816406 0.039062 0.820312 0.037109 0.822266 0.033203 0.822266 0.033203 0.826172 0.031250 0.828125 0.029297 0.828125 0.029297 0.832031 0.033203 0.832031 0.033203 0.828125 0.035156 0.826172 0.037109 0.826172 0.037109 0.824219 0.039062 0.822266 0.041016 0.824219 0.041016 0.826172 0.042969 0.826172 0.044922 0.828125 0.048828 0.828125 0.050781 0.830078 0.050781 0.837891 0.052734 0.839844 0.054688 0.839844 0.056641 0.841797 0.056641 0.843750 0.054688 0.845703 0.052734 0.845703 0.052734 0.849609 0.054688 0.849609 0.056641 0.851562 0.056641 0.853516 0.060547 0.853516 0.062500 0.855469 0.062500 0.859375 0.066406 0.859375 0.066406 0.857422 0.068359 0.855469 0.070312 0.855469 0.072266 0.857422 0.072266 0.859375 0.074219 0.861328 0.072266 0.863281 0.068359 0.863281 0.068359 0.867188 0.072266 0.867188 0.072266 0.863281 0.074219 0.861328 0.076172 0.861328 0.078125 0.863281 0.078125 0.867188 0.080078 0.869141 0.080078 0.871094 0.082031 0.871094 0.083984 0.873047 0.083984 0.875000 0.082031 0.876953 0.078125 0.876953 0.078125 0.880859 0.082031 0.880859 0.083984 0.882812 0.083984 0.886719 0.087891 0.886719 0.089844 0.888672 0.089844 0.892578 0.091797 0.892578 0.093750 0.894531 0.099609 0.894531 0.101562 0.896484 0.101562 0.900391 0.105469 0.900391 0.105469 0.896484 0.101562 0.896484 0.099609 0.894531 0.099609 0.890625 0.095703 0.890625 0.093750 0.888672 0.093750 0.884766 0.089844 0.884766 0.087891 0.882812 0.089844 0.880859 0.089844 0.876953 0.087891 0.875000 0.087891 0.873047 0.085938 0.873047 0.083984 0.871094 0.083984 0.867188 0.082031 0.865234 0.082031 0.857422 0.078125 0.857422 0.076172 0.855469 0.074219 0.855469 0.072266 0.853516 0.072266 0.851562 0.068359 0.851562 0.066406 0.849609 0.068359 0.847656 0.076172 0.847656 0.078125 0.849609 0.083984 0.849609 0.085938 0.851562 0.085938 0.853516 0.087891 0.853516 0.089844 0.855469 0.093750 0.855469 0.093750 0.851562 0.091797 0.851562 0.089844 0.849609 0.085938 0.849609 0.083984 0.847656 0.083984 0.845703 0.080078 0.845703 0.078125 0.843750 0.068359 0.843750 0.066406 0.841797 0.066406 0.839844 0.062500 0.839844 0.060547 0.837891 0.060547 0.835938 0.058594 0.835938 0.054688 0.832031 0.054688 0.828125 0.050781 0.828125 0.048828 0.826172 0.048828 0.822266 0.044922 0.822266 0.042969 0.820312 0.042969 0.816406
0 0.955078 0.791016 0.955078 0.792969 0.953125 0.794922 0.953125 0.830078 0.951172 0.832031 0.951172 0.839844 0.949219 0.841797 0.949219 0.845703 0.943359 0.851562 0.943359 0.855469 0.941406 0.857422 0.941406 0.859375 0.939453 0.861328 0.937500 0.861328 0.937500 0.865234 0.935547 0.867188 0.933594 0.867188 0.933594 0.869141 0.931641 0.871094 0.931641 0.873047 0.929688 0.875000 0.927734 0.875000 0.927734 0.876953 0.923828 0.880859 0.921875 0.880859 0.921875 0.884766 0.929688 0.884766 0.929688 0.882812 0.933594 0.878906 0.933594 0.876953 0.935547 0.875000 0.935547 0.873047 0.937500 0.871094 0.939453 0.871094 0.939453 0.867188 0.941406 0.865234 0.941406 0.863281 0.943359 0.861328 0.945312 0.861328 0.947266 0.859375 0.947266 0.855469 0.949219 0.853516 0.951172 0.853516 0.953125 0.851562 0.953125 0.845703 0.955078 0.843750 0.955078 0.832031 0.957031 0.830078 0.957031 0.800781 0.958984 0.798828 0.958984 0.796875 0.960938 0.794922 0.960938 0.791016
0 0.005859 0.669922 0.005859 0.673828 0.007812 0.673828 0.009766 0.675781 0.021484 0.675781 0.021484 0.671875 0.015625 0.671875 0.013672 0.669922
0 0.052734 0.541016 0.050781 0.542969 0.048828 0.542969 0.048828 0.544922 0.046875 0.546875 0.046875 0.550781 0.050781 0.550781 0.050781 0.548828 0.052734 0.546875 0.056641 0.546875 0.058594 0.544922 0.064453 0.544922 0.066406 0.546875 0.066406 0.548828 0.068359 0.550781 0.068359 0.554688 0.070312 0.554688 0.072266 0.556641 0.074219 0.556641 0.076172 0.558594 0.076172 0.560547 0.080078 0.564453 0.080078 0.566406 0.082031 0.568359 0.082031 0.572266 0.085938 0.572266 0.087891 0.574219 0.087891 0.578125 0.091797 0.578125 0.095703 0.582031 0.095703 0.585938 0.097656 0.585938 0.099609 0.587891 0.099609 0.589844 0.101562 0.589844 0.103516 0.591797 0.109375 0.591797 0.111328 0.593750 0.113281 0.593750 0.115234 0.595703 0.115234 0.599609 0.117188 0.601562 0.121094 0.601562 0.125000 0.605469 0.125000 0.607422 0.126953 0.607422 0.130859 0.611328 0.130859 0.613281 0.134766 0.617188 0.134766 0.619141 0.136719 0.619141 0.140625 0.623047 0.140625 0.625000 0.144531 0.628906 0.144531 0.630859 0.146484 0.630859 0.148438 0.632812 0.148438 0.634766 0.150391 0.636719 0.152344 0.636719 0.156250 0.640625 0.160156 0.640625 0.162109 0.642578 0.166016 0.642578 0.167969 0.644531 0.167969 0.646484 0.169922 0.648438 0.171875 0.648438 0.179688 0.656250 0.179688 0.658203 0.183594 0.658203 0.183594 0.652344 0.177734 0.646484 0.175781 0.646484 0.169922 0.640625 0.169922 0.638672 0.166016 0.638672 0.164062 0.636719 0.160156 0.636719 0.156250 0.632812 0.154297 0.632812 0.152344 0.630859 0.152344 0.628906 0.150391 0.626953 0.148438 0.626953 0.146484 0.625000 0.146484 0.623047 0.142578 0.619141 0.142578 0.617188 0.140625 0.615234 0.138672 0.615234 0.136719 0.613281 0.136719 0.611328 0.132812 0.607422 0.132812 0.605469 0.130859 0.605469 0.126953 0.601562 0.126953 0.599609 0.123047 0.599609 0.119141 0.595703 0.117188 0.595703 0.115234 0.593750 0.115234 0.589844 0.113281 0.589844 0.111328 0.587891 0.107422 0.587891 0.105469 0.585938 0.101562 0.585938 0.099609 0.583984 0.099609 0.578125 0.097656 0.576172 0.093750 0.576172 0.091797 0.574219 0.091797 0.570312 0.089844 0.570312 0.083984 0.564453 0.083984 0.562500 0.082031 0.560547 0.082031 0.558594 0.080078 0.556641 0.078125 0.556641 0.076172 0.554688 0.076172 0.552734 0.074219 0.552734 0.070312 0.548828 0.070312 0.544922 0.068359 0.544922 0.066406 0.542969 0.066406 0.541016
0 0.673828 0.250000 0.673828 0.253906 0.677734 0.253906 0.677734 0.250000
0 0.666016 0.238281 0.666016 0.242188 0.667969 0.242188 0.671875 0.246094 0.675781 0.246094 0.675781 0.242188 0.671875 0.238281
0 0.794922 0.197266 0.794922 0.201172 0.792969 0.203125 0.791016 0.203125 0.791016 0.208984 0.787109 0.212891 0.787109 0.214844 0.785156 0.216797 0.781250 0.216797 0.781250 0.218750 0.777344 0.222656 0.775391 0.222656 0.775391 0.224609 0.771484 0.228516 0.771484 0.230469 0.769531 0.232422 0.765625 0.232422 0.765625 0.234375 0.763672 0.236328 0.761719 0.236328 0.761719 0.238281 0.759766 0.240234 0.755859 0.240234 0.753906 0.242188 0.750000 0.242188 0.750000 0.244141 0.748047 0.246094 0.748047 0.248047 0.746094 0.250000 0.746094 0.251953 0.744141 0.253906 0.744141 0.255859 0.740234 0.259766 0.740234 0.261719 0.738281 0.263672 0.736328 0.263672 0.734375 0.265625 0.726562 0.265625 0.716797 0.275391 0.714844 0.275391 0.712891 0.277344 0.710938 0.277344 0.708984 0.275391 0.707031 0.275391 0.705078 0.273438 0.701172 0.273438 0.699219 0.271484 0.699219 0.269531 0.695312 0.269531 0.693359 0.267578 0.691406 0.267578 0.689453 0.265625 0.689453 0.263672 0.685547 0.263672 0.683594 0.261719 0.683594 0.259766 0.681641 0.257812 0.677734 0.257812 0.677734 0.261719 0.679688 0.263672 0.681641 0.263672 0.683594 0.265625 0.683594 0.267578 0.687500 0.267578 0.689453 0.269531 0.689453 0.271484 0.693359 0.271484 0.695312 0.273438 0.695312 0.275391 0.697266 0.275391 0.699219 0.277344 0.703125 0.277344 0.707031 0.281250 0.718750 0.281250 0.730469 0.269531 0.740234 0.269531 0.744141 0.265625 0.744141 0.263672 0.746094 0.261719 0.746094 0.259766 0.748047 0.257812 0.750000 0.257812 0.750000 0.251953 0.755859 0.246094 0.757812 0.246094 0.759766 0.244141 0.761719 0.244141 0.763672 0.242188 0.765625 0.242188 0.765625 0.240234 0.767578 0.238281 0.769531 0.238281 0.771484 0.236328 0.771484 0.234375 0.773438 0.232422 0.775391 0.232422 0.777344 0.230469 0.777344 0.228516 0.781250 0.224609 0.783203 0.224609 0.783203 0.222656 0.785156 0.220703 0.789062 0.220703 0.789062 0.218750 0.794922 0.212891 0.794922 0.208984 0.796875 0.207031 0.796875 0.205078 0.798828 0.203125 0.798828 0.197266