0 0.283203 0.958984 0.275391 0.966797 0.269531 0.966797 0.267578 0.968750 0.263672 0.968750 0.259766 0.972656 0.259766 0.982422 0.253906 0.988281 0.253906 0.992188 0.265625 0.992188 0.267578 0.990234 0.269531 0.990234 0.271484 0.988281 0.273438 0.988281 0.273438 0.986328 0.275391 0.984375 0.277344 0.984375 0.279297 0.982422 0.283203 0.982422 0.287109 0.978516 0.292969 0.978516 0.294922 0.976562 0.298828 0.976562 0.298828 0.974609 0.302734 0.970703 0.302734 0.962891 0.300781 0.962891 0.296875 0.958984
0 0.322266 0.953125 0.320312 0.955078 0.320312 0.962891 0.322266 0.962891 0.324219 0.964844 0.333984 0.964844 0.333984 0.953125
0 0.699219 0.935547 0.697266 0.937500 0.697266 0.951172 0.699219 0.953125 0.707031 0.953125 0.708984 0.951172 0.708984 0.937500 0.707031 0.935547
0 0.003906 0.931641 0.003906 0.933594 0.001953 0.935547 0.000000 0.935547 0.000000 0.957031 0.007812 0.964844 0.009766 0.964844 0.011719 0.966797 0.011719 0.968750 0.013672 0.968750 0.015625 0.970703 0.015625 0.972656 0.019531 0.972656 0.025391 0.978516 0.035156 0.978516 0.037109 0.976562 0.039062 0.976562 0.041016 0.974609 0.044922 0.974609 0.048828 0.970703 0.048828 0.968750 0.050781 0.966797 0.050781 0.953125 0.048828 0.951172 0.048828 0.947266 0.042969 0.941406 0.039062 0.941406 0.037109 0.939453 0.033203 0.939453 0.031250 0.937500 0.027344 0.937500 0.025391 0.935547 0.023438 0.935547 0.019531 0.931641
0 0.117188 0.890625 0.115234 0.892578 0.115234 0.898438 0.113281 0.900391 0.113281 0.904297 0.115234 0.906250 0.115234 0.908203 0.119141 0.912109 0.128906 0.912109 0.128906 0.910156 0.130859 0.908203 0.130859 0.902344 0.132812 0.900391 0.132812 0.894531 0.130859 0.894531 0.128906 0.892578 0.128906 0.890625
0 0.707031 0.878906 0.705078 0.880859 0.705078 0.882812 0.703125 0.884766 0.703125 0.888672 0.695312 0.896484 0.695312 0.898438 0.697266 0.900391 0.697266 0.902344 0.699219 0.904297 0.708984 0.904297 0.710938 0.902344 0.710938 0.900391 0.716797 0.894531 0.722656 0.894531 0.724609 0.896484 0.728516 0.896484 0.730469 0.894531 0.730469 0.886719 0.726562 0.882812 0.724609 0.882812 0.722656 0.880859 0.720703 0.880859 0.718750 0.878906
0 0.814453 0.869141 0.812500 0.871094 0.810547 0.871094 0.810547 0.873047 0.808594 0.875000 0.808594 0.888672 0.804688 0.892578 0.802734 0.892578 0.800781 0.894531 0.800781 0.896484 0.796875 0.900391 0.787109 0.900391 0.785156 0.902344 0.785156 0.906250 0.783203 0.908203 0.783203 0.917969 0.785156 0.919922 0.785156 0.923828 0.787109 0.925781 0.787109 0.933594 0.789062 0.935547 0.789062 0.937500 0.792969 0.941406 0.792969 0.943359 0.794922 0.945312 0.794922 0.949219 0.796875 0.951172 0.796875 0.953125 0.798828 0.955078 0.798828 0.958984 0.800781 0.960938 0.800781 0.962891 0.802734 0.964844 0.802734 0.966797 0.804688 0.966797 0.806641 0.968750 0.806641 0.970703 0.808594 0.972656 0.808594 0.974609 0.812500 0.978516 0.812500 0.980469 0.814453 0.982422 0.814453 0.988281 0.816406 0.990234 0.816406 0.992188 0.871094 0.992188 0.873047 0.990234 0.873047 0.986328 0.876953 0.982422 0.878906 0.982422 0.878906 0.980469 0.880859 0.978516 0.880859 0.966797 0.873047 0.958984 0.869141 0.958984 0.867188 0.957031 0.857422 0.957031 0.855469 0.955078 0.851562 0.955078 0.847656 0.951172 0.845703 0.951172 0.843750 0.949219 0.843750 0.947266 0.841797 0.945312 0.841797 0.929688 0.845703 0.925781 0.845703 0.914062 0.847656 0.912109 0.845703 0.910156 0.845703 0.908203 0.839844 0.902344 0.837891 0.902344 0.835938 0.900391 0.833984 0.900391 0.832031 0.898438 0.828125 0.898438 0.826172 0.896484 0.828125 0.894531 0.832031 0.894531 0.832031 0.892578 0.833984 0.890625 0.833984 0.876953 0.832031 0.875000 0.832031 0.871094 0.830078 0.869141 0.828125 0.871094 0.816406 0.871094
0 0.943359 0.867188 0.943359 0.869141 0.941406 0.871094 0.937500 0.871094 0.933594 0.875000 0.931641 0.875000 0.927734 0.878906 0.927734 0.886719 0.925781 0.888672 0.921875 0.888672 0.919922 0.890625 0.919922 0.892578 0.921875 0.894531 0.921875 0.900391 0.919922 0.902344 0.919922 0.906250 0.917969 0.908203 0.917969 0.910156 0.912109 0.916016 0.910156 0.914062 0.908203 0.914062 0.908203 0.927734 0.910156 0.929688 0.912109 0.929688 0.914062 0.931641 0.916016 0.931641 0.919922 0.935547 0.919922 0.941406 0.917969 0.943359 0.917969 0.945312 0.916016 0.947266 0.916016 0.960938 0.910156 0.966797 0.910156 0.968750 0.906250 0.972656 0.906250 0.974609 0.908203 0.976562 0.908203 0.980469 0.912109 0.984375 0.914062 0.984375 0.917969 0.988281 0.917969 0.992188 0.992188 0.992188 0.992188 0.886719 0.984375 0.886719 0.982422 0.884766 0.982422 0.880859 0.980469 0.878906 0.978516 0.878906 0.974609 0.875000 0.972656 0.875000 0.970703 0.873047 0.957031 0.873047 0.953125 0.869141 0.951172 0.869141 0.949219 0.867188 0.947266 0.869141 0.945312 0.867188
0 0.300781 0.851562 0.300781 0.853516 0.296875 0.857422 0.296875 0.869141 0.298828 0.871094 0.300781 0.871094 0.302734 0.873047 0.302734 0.875000 0.304688 0.875000 0.306641 0.876953 0.306641 0.882812 0.316406 0.882812 0.318359 0.880859 0.318359 0.878906 0.320312 0.876953 0.320312 0.861328 0.314453 0.855469 0.312500 0.855469 0.310547 0.853516 0.310547 0.851562
0 0.873047 0.833984 0.871094 0.835938 0.869141 0.835938 0.867188 0.837891 0.867188 0.841797 0.865234 0.843750 0.865234 0.855469 0.871094 0.861328 0.871094 0.863281 0.878906 0.871094 0.880859 0.871094 0.882812 0.873047 0.882812 0.875000 0.886719 0.878906 0.884766 0.880859 0.884766 0.886719 0.886719 0.888672 0.886719 0.890625 0.888672 0.890625 0.890625 0.892578 0.894531 0.892578 0.896484 0.890625 0.896484 0.878906 0.894531 0.876953 0.894531 0.875000 0.892578 0.873047 0.892578 0.863281 0.890625 0.861328 0.890625 0.837891 0.886719 0.833984
0 0.552734 0.830078 0.552734 0.841797 0.556641 0.845703 0.556641 0.849609 0.558594 0.851562 0.558594 0.855469 0.562500 0.859375 0.568359 0.859375 0.568359 0.849609 0.566406 0.847656 0.566406 0.843750 0.564453 0.841797 0.564453 0.839844 0.566406 0.837891 0.566406 0.830078
0 0.371094 0.818359 0.369141 0.820312 0.369141 0.822266 0.361328 0.830078 0.359375 0.830078 0.355469 0.833984 0.353516 0.833984 0.351562 0.835938 0.351562 0.839844 0.349609 0.841797 0.343750 0.841797 0.343750 0.843750 0.339844 0.847656 0.337891 0.847656 0.337891 0.851562 0.335938 0.853516 0.335938 0.861328 0.337891 0.863281 0.337891 0.867188 0.343750 0.867188 0.345703 0.865234 0.349609 0.865234 0.349609 0.861328 0.351562 0.859375 0.351562 0.855469 0.353516 0.853516 0.353516 0.851562 0.355469 0.849609 0.355469 0.843750 0.357422 0.841797 0.361328 0.841797 0.363281 0.839844 0.365234 0.839844 0.367188 0.837891 0.373047 0.837891 0.375000 0.839844 0.378906 0.839844 0.380859 0.841797 0.392578 0.841797 0.392578 0.832031 0.384766 0.824219 0.384766 0.822266 0.382812 0.822266 0.380859 0.820312 0.378906 0.820312 0.376953 0.818359
0 0.734375 0.816406 0.734375 0.822266 0.730469 0.826172 0.730469 0.828125 0.732422 0.828125 0.736328 0.832031 0.736328 0.839844 0.736328 0.837891 0.738281 0.835938 0.740234 0.835938 0.742188 0.837891 0.742188 0.839844 0.744141 0.841797 0.744141 0.845703 0.746094 0.847656 0.746094 0.849609 0.753906 0.857422 0.765625 0.857422 0.767578 0.855469 0.767578 0.841797 0.763672 0.837891 0.761719 0.837891 0.759766 0.835938 0.751953 0.835938 0.750000 0.833984 0.750000 0.832031 0.746094 0.828125 0.746094 0.826172 0.744141 0.824219 0.744141 0.820312 0.742188 0.820312 0.738281 0.816406
0 0.953125 0.802734 0.951172 0.804688 0.949219 0.804688 0.949219 0.810547 0.951172 0.812500 0.953125 0.812500 0.955078 0.814453 0.957031 0.814453 0.962891 0.820312 0.964844 0.820312 0.972656 0.828125 0.976562 0.828125 0.978516 0.826172 0.978516 0.814453 0.970703 0.806641 0.968750 0.806641 0.966797 0.804688 0.958984 0.804688 0.957031 0.802734 0.955078 0.804688
0 0.343750 0.755859 0.341797 0.757812 0.341797 0.777344 0.343750 0.779297 0.343750 0.781250 0.341797 0.783203 0.341797 0.785156 0.339844 0.787109 0.339844 0.789062 0.333984 0.794922 0.314453 0.794922 0.308594 0.800781 0.308594 0.806641 0.310547 0.808594 0.316406 0.808594 0.318359 0.810547 0.318359 0.814453 0.316406 0.816406 0.316406 0.822266 0.318359 0.824219 0.326172 0.824219 0.326172 0.822266 0.328125 0.820312 0.328125 0.816406 0.333984 0.810547 0.333984 0.806641 0.335938 0.804688 0.337891 0.804688 0.341797 0.800781 0.343750 0.800781 0.345703 0.798828 0.347656 0.798828 0.349609 0.796875 0.353516 0.796875 0.353516 0.794922 0.355469 0.792969 0.355469 0.785156 0.353516 0.783203 0.353516 0.771484 0.355469 0.769531 0.359375 0.769531 0.361328 0.771484 0.361328 0.773438 0.365234 0.777344 0.365234 0.781250 0.367188 0.783203 0.367188 0.785156 0.369141 0.787109 0.376953 0.787109 0.380859 0.791016 0.386719 0.791016 0.386719 0.789062 0.388672 0.787109 0.388672 0.773438 0.380859 0.773438 0.376953 0.777344 0.375000 0.777344 0.373047 0.775391 0.373047 0.771484 0.371094 0.769531 0.371094 0.765625 0.367188 0.761719 0.367188 0.759766 0.365234 0.757812 0.365234 0.755859 0.359375 0.755859 0.357422 0.757812 0.355469 0.757812 0.353516 0.759766 0.349609 0.755859
0 0.527344 0.753906 0.517578 0.763672 0.517578 0.765625 0.513672 0.769531 0.511719 0.769531 0.511719 0.779297 0.515625 0.783203 0.515625 0.785156 0.517578 0.787109 0.531250 0.787109 0.533203 0.785156 0.533203 0.783203 0.535156 0.781250 0.535156 0.777344 0.537109 0.775391 0.537109 0.755859 0.535156 0.753906
0 0.550781 0.712891 0.550781 0.716797 0.548828 0.718750 0.546875 0.718750 0.546875 0.720703 0.544922 0.722656 0.544922 0.728516 0.548828 0.728516 0.550781 0.726562 0.552734 0.726562 0.554688 0.724609 0.554688 0.712891
0 0.476562 0.666016 0.474609 0.667969 0.472656 0.667969 0.468750 0.671875 0.458984 0.671875 0.457031 0.673828 0.453125 0.673828 0.451172 0.675781 0.447266 0.675781 0.445312 0.673828 0.443359 0.673828 0.441406 0.671875 0.433594 0.671875 0.431641 0.673828 0.431641 0.683594 0.433594 0.685547 0.433594 0.693359 0.435547 0.693359 0.439453 0.697266 0.441406 0.697266 0.445312 0.701172 0.449219 0.701172 0.451172 0.703125 0.451172 0.707031 0.453125 0.707031 0.457031 0.710938 0.458984 0.710938 0.462891 0.714844 0.464844 0.714844 0.466797 0.716797 0.468750 0.716797 0.470703 0.718750 0.474609 0.718750 0.478516 0.722656 0.492188 0.722656 0.494141 0.720703 0.496094 0.720703 0.496094 0.716797 0.494141 0.716797 0.492188 0.714844 0.490234 0.714844 0.488281 0.712891 0.488281 0.710938 0.484375 0.707031 0.484375 0.705078 0.480469 0.701172 0.480469 0.693359 0.478516 0.691406 0.482422 0.687500 0.484375 0.687500 0.484375 0.685547 0.486328 0.683594 0.486328 0.667969 0.484375 0.666016
0 0.923828 0.664062 0.921875 0.666016 0.919922 0.666016 0.917969 0.667969 0.917969 0.669922 0.916016 0.671875 0.912109 0.671875 0.910156 0.673828 0.910156 0.677734 0.906250 0.681641 0.904297 0.681641 0.904297 0.687500 0.902344 0.689453 0.902344 0.707031 0.904297 0.707031 0.906250 0.708984 0.917969 0.708984 0.919922 0.707031 0.921875 0.707031 0.925781 0.703125 0.925781 0.701172 0.927734 0.699219 0.929688 0.701172 0.931641 0.701172 0.933594 0.703125 0.933594 0.708984 0.935547 0.710938 0.935547 0.712891 0.937500 0.714844 0.949219 0.714844 0.953125 0.710938 0.953125 0.695312 0.945312 0.687500 0.943359 0.687500 0.941406 0.685547 0.941406 0.675781 0.943359 0.673828 0.945312 0.673828 0.945312 0.671875 0.943359 0.669922 0.943359 0.667969 0.941406 0.666016 0.941406 0.664062
0 0.341797 0.656250 0.341797 0.658203 0.339844 0.660156 0.339844 0.662109 0.333984 0.667969 0.333984 0.669922 0.330078 0.673828 0.328125 0.673828 0.324219 0.677734 0.324219 0.679688 0.322266 0.681641 0.322266 0.683594 0.320312 0.685547 0.320312 0.699219 0.322266 0.701172 0.322266 0.703125 0.332031 0.703125 0.333984 0.705078 0.333984 0.707031 0.337891 0.707031 0.339844 0.708984 0.339844 0.710938 0.343750 0.714844 0.341797 0.716797 0.341797 0.718750 0.335938 0.724609 0.333984 0.724609 0.328125 0.730469 0.328125 0.753906 0.330078 0.755859 0.333984 0.755859 0.335938 0.753906 0.335938 0.751953 0.337891 0.750000 0.341797 0.750000 0.343750 0.748047 0.345703 0.748047 0.347656 0.746094 0.349609 0.746094 0.353516 0.750000 0.359375 0.750000 0.361328 0.748047 0.369141 0.748047 0.371094 0.746094 0.371094 0.744141 0.373047 0.742188 0.373047 0.738281 0.376953 0.734375 0.375000 0.732422 0.375000 0.691406 0.369141 0.685547 0.367188 0.685547 0.365234 0.683594 0.365234 0.681641 0.363281 0.679688 0.363281 0.677734 0.365234 0.675781 0.365234 0.673828 0.363281 0.673828 0.361328 0.671875 0.361328 0.669922 0.359375 0.667969 0.359375 0.664062 0.353516 0.658203 0.353516 0.656250
0 0.847656 0.500000 0.845703 0.501953 0.845703 0.505859 0.843750 0.507812 0.843750 0.535156 0.849609 0.535156 0.853516 0.531250 0.853516 0.527344 0.855469 0.525391 0.857422 0.527344 0.859375 0.527344 0.863281 0.531250 0.863281 0.533203 0.865234 0.535156 0.865234 0.537109 0.863281 0.539062 0.861328 0.539062 0.859375 0.541016 0.859375 0.546875 0.861328 0.546875 0.863281 0.548828 0.863281 0.552734 0.857422 0.558594 0.857422 0.560547 0.859375 0.562500 0.859375 0.566406 0.861328 0.568359 0.861328 0.572266 0.863281 0.574219 0.865234 0.574219 0.867188 0.572266 0.867188 0.568359 0.865234 0.566406 0.865234 0.564453 0.863281 0.562500 0.863281 0.560547 0.871094 0.552734 0.871094 0.527344 0.873047 0.525391 0.873047 0.523438 0.871094 0.521484 0.873047 0.519531 0.873047 0.517578 0.875000 0.515625 0.875000 0.503906 0.869141 0.503906 0.867188 0.505859 0.867188 0.507812 0.863281 0.511719 0.859375 0.511719 0.855469 0.507812 0.855469 0.503906 0.851562 0.503906
0 0.000000 0.000000 0.000000 0.792969 0.003906 0.796875 0.003906 0.804688 0.001953 0.806641 0.000000 0.806641 0.000000 0.818359 0.003906 0.822266 0.003906 0.837891 0.011719 0.845703 0.011719 0.847656 0.017578 0.847656 0.019531 0.845703 0.023438 0.845703 0.027344 0.841797 0.029297 0.841797 0.031250 0.839844 0.035156 0.839844 0.037109 0.841797 0.037109 0.843750 0.035156 0.845703 0.035156 0.871094 0.031250 0.875000 0.029297 0.873047 0.013672 0.873047 0.011719 0.871094 0.011719 0.861328 0.005859 0.855469 0.005859 0.851562 0.000000 0.851562 0.000000 0.878906 0.001953 0.878906 0.003906 0.880859 0.005859 0.880859 0.007812 0.882812 0.007812 0.886719 0.009766 0.886719 0.011719 0.888672 0.011719 0.892578 0.017578 0.898438 0.017578 0.906250 0.019531 0.908203 0.017578 0.910156 0.017578 0.916016 0.021484 0.919922 0.029297 0.919922 0.031250 0.921875 0.037109 0.921875 0.039062 0.919922 0.041016 0.921875 0.042969 0.921875 0.044922 0.923828 0.046875 0.923828 0.048828 0.925781 0.056641 0.925781 0.062500 0.931641 0.062500 0.935547 0.058594 0.939453 0.058594 0.947266 0.062500 0.951172 0.070312 0.951172 0.072266 0.949219 0.072266 0.939453 0.074219 0.937500 0.076172 0.939453 0.076172 0.941406 0.083984 0.941406 0.083984 0.929688 0.082031 0.927734 0.080078 0.927734 0.074219 0.921875 0.074219 0.910156 0.068359 0.904297 0.052734 0.904297 0.050781 0.902344 0.050781 0.896484 0.054688 0.892578 0.056641 0.892578 0.056641 0.890625 0.058594 0.888672 0.058594 0.884766 0.060547 0.882812 0.074219 0.882812 0.076172 0.880859 0.083984 0.880859 0.089844 0.875000 0.089844 0.859375 0.085938 0.855469 0.091797 0.849609 0.091797 0.847656 0.093750 0.845703 0.093750 0.843750 0.095703 0.841797 0.097656 0.841797 0.097656 0.835938 0.101562 0.832031 0.101562 0.828125 0.103516 0.826172 0.103516 0.820312 0.105469 0.818359 0.105469 0.816406 0.107422 0.814453 0.107422 0.808594 0.109375 0.806641 0.111328 0.806641 0.113281 0.808594 0.113281 0.810547 0.115234 0.812500 0.115234 0.814453 0.119141 0.818359 0.119141 0.820312 0.121094 0.822266 0.121094 0.832031 0.123047 0.832031 0.125000 0.833984 0.136719 0.833984 0.138672 0.832031 0.138672 0.830078 0.142578 0.826172 0.142578 0.816406 0.144531 0.814453 0.144531 0.806641 0.146484 0.804688 0.146484 0.798828 0.148438 0.796875 0.148438 0.794922 0.150391 0.792969 0.150391 0.787109 0.152344 0.785156 0.152344 0.783203 0.154297 0.781250 0.154297 0.779297 0.156250 0.777344 0.156250 0.761719 0.158203 0.759766 0.158203 0.755859 0.160156 0.753906 0.162109 0.753906 0.164062 0.751953 0.164062 0.750000 0.166016 0.748047 0.166016 0.746094 0.167969 0.744141 0.179688 0.744141 0.181641 0.742188 0.181641 0.740234 0.185547 0.736328 0.185547 0.734375 0.187500 0.732422 0.187500 0.730469 0.189453 0.728516 0.193359 0.728516 0.195312 0.726562 0.195312 0.724609 0.197266 0.722656 0.199219 0.722656 0.201172 0.724609 0.201172 0.726562 0.203125 0.726562 0.205078 0.728516 0.207031 0.728516 0.208984 0.730469 0.210938 0.730469 0.212891 0.732422 0.226562 0.732422 0.226562 0.728516 0.228516 0.726562 0.228516 0.714844 0.226562 0.714844 0.224609 0.712891 0.220703 0.712891 0.218750 0.710938 0.210938 0.710938 0.208984 0.708984 0.210938 0.707031 0.210938 0.705078 0.216797 0.699219 0.216797 0.697266 0.218750 0.695312 0.218750 0.687500 0.220703 0.685547 0.220703 0.683594 0.222656 0.681641 0.224609 0.681641 0.224609 0.677734 0.226562 0.675781 0.228516 0.675781 0.230469 0.673828 0.232422 0.673828 0.236328 0.677734 0.236328 0.679688 0.238281 0.681641 0.238281 0.683594 0.240234 0.683594 0.242188 0.685547 0.246094 0.685547 0.248047 0.687500 0.248047 0.689453 0.251953 0.689453 0.253906 0.691406 0.253906 0.701172 0.255859 0.703125 0.257812 0.703125 0.261719 0.707031 0.277344 0.707031 0.279297 0.705078 0.281250 0.705078 0.283203 0.703125 0.283203 0.701172 0.285156 0.699219 0.285156 0.695312 0.287109 0.693359 0.304688 0.693359 0.306641 0.691406 0.310547 0.691406 0.310547 0.685547 0.312500 0.683594 0.312500 0.673828 0.308594 0.673828 0.306641 0.671875 0.296875 0.671875 0.287109 0.662109 0.287109 0.658203 0.283203 0.654297 0.283203 0.646484 0.285156 0.644531 0.285156 0.640625 0.289062 0.636719 0.291016 0.636719 0.291016 0.630859 0.296875 0.625000 0.296875 0.623047 0.298828 0.621094 0.298828 0.619141 0.300781 0.617188 0.300781 0.615234 0.302734 0.613281 0.302734 0.611328 0.304688 0.609375 0.304688 0.607422 0.310547 0.601562 0.312500 0.603516 0.320312 0.603516 0.324219 0.607422 0.324219 0.609375 0.326172 0.609375 0.330078 0.613281 0.332031 0.613281 0.333984 0.615234 0.333984 0.617188 0.335938 0.617188 0.339844 0.621094 0.349609 0.621094 0.351562 0.619141 0.353516 0.619141 0.359375 0.613281 0.365234 0.613281 0.371094 0.607422 0.373047 0.607422 0.376953 0.603516 0.378906 0.603516 0.382812 0.599609 0.382812 0.597656 0.384766 0.595703 0.384766 0.589844 0.386719 0.587891 0.388672 0.587891 0.390625 0.585938 0.392578 0.585938 0.392578 0.583984 0.394531 0.582031 0.394531 0.578125 0.392578 0.576172 0.392578 0.558594 0.394531 0.556641 0.406250 0.556641 0.408203 0.558594 0.410156 0.558594 0.412109 0.560547 0.414062 0.560547 0.416016 0.562500 0.416016 0.564453 0.417969 0.566406 0.417969 0.568359 0.419922 0.570312 0.421875 0.570312 0.427734 0.576172 0.427734 0.578125 0.431641 0.582031 0.433594 0.582031 0.437500 0.585938 0.439453 0.585938 0.441406 0.587891 0.441406 0.589844 0.443359 0.591797 0.443359 0.593750 0.445312 0.595703 0.445312 0.601562 0.447266 0.603516 0.447266 0.607422 0.449219 0.609375 0.451172 0.609375 0.453125 0.611328 0.453125 0.613281 0.460938 0.613281 0.466797 0.619141 0.466797 0.621094 0.474609 0.628906 0.476562 0.628906 0.478516 0.630859 0.478516 0.632812 0.480469 0.634766 0.484375 0.634766 0.486328 0.636719 0.486328 0.638672 0.488281 0.640625 0.488281 0.642578 0.490234 0.642578 0.492188 0.644531 0.492188 0.646484 0.496094 0.650391 0.496094 0.652344 0.498047 0.652344 0.500000 0.654297 0.500000 0.656250 0.503906 0.660156 0.505859 0.660156 0.507812 0.662109 0.519531 0.662109 0.521484 0.660156 0.523438 0.660156 0.527344 0.664062 0.529297 0.664062 0.535156 0.669922 0.535156 0.671875 0.537109 0.671875 0.539062 0.673828 0.550781 0.673828 0.554688 0.677734 0.554688 0.679688 0.558594 0.679688 0.560547 0.681641 0.560547 0.683594 0.562500 0.683594 0.566406 0.687500 0.570312 0.687500 0.572266 0.689453 0.574219 0.689453 0.576172 0.691406 0.576172 0.701172 0.578125 0.703125 0.583984 0.703125 0.585938 0.705078 0.585938 0.707031 0.589844 0.710938 0.591797 0.710938 0.593750 0.712891 0.593750 0.714844 0.599609 0.714844 0.603516 0.710938 0.607422 0.710938 0.609375 0.712891 0.609375 0.714844 0.611328 0.714844 0.613281 0.716797 0.613281 0.718750 0.617188 0.718750 0.621094 0.722656 0.623047 0.722656 0.626953 0.726562 0.630859 0.726562 0.632812 0.728516 0.632812 0.732422 0.638672 0.732422 0.640625 0.734375 0.640625 0.736328 0.642578 0.736328 0.644531 0.738281 0.644531 0.740234 0.646484 0.740234 0.648438 0.742188 0.648438 0.744141 0.650391 0.746094 0.652344 0.746094 0.654297 0.748047 0.662109 0.748047 0.664062 0.750000 0.666016 0.750000 0.667969 0.751953 0.671875 0.751953 0.675781 0.755859 0.679688 0.755859 0.683594 0.759766 0.683594 0.761719 0.685547 0.763672 0.685547 0.765625 0.687500 0.767578 0.687500 0.773438 0.689453 0.775391 0.689453 0.779297 0.691406 0.781250 0.691406 0.787109 0.701172 0.796875 0.701172 0.808594 0.703125 0.810547 0.703125 0.812500 0.701172 0.814453 0.701172 0.816406 0.699219 0.818359 0.699219 0.824219 0.697266 0.826172 0.697266 0.837891 0.699219 0.839844 0.699219 0.841797 0.701172 0.843750 0.701172 0.845703 0.705078 0.849609 0.708984 0.849609 0.710938 0.851562 0.714844 0.851562 0.716797 0.853516 0.724609 0.853516 0.726562 0.851562 0.726562 0.833984 0.724609 0.832031 0.724609 0.830078 0.720703 0.826172 0.720703 0.822266 0.728516 0.814453 0.730469 0.814453 0.736328 0.808594 0.736328 0.798828 0.730469 0.798828 0.728516 0.796875 0.718750 0.796875 0.714844 0.792969 0.720703 0.787109 0.722656 0.787109 0.726562 0.783203 0.728516 0.783203 0.730469 0.781250 0.740234 0.781250 0.742188 0.779297 0.744141 0.779297 0.750000 0.773438 0.751953 0.773438 0.755859 0.769531 0.763672 0.769531 0.765625 0.771484 0.767578 0.771484 0.769531 0.773438 0.769531 0.777344 0.771484 0.777344 0.773438 0.779297 0.773438 0.785156 0.783203 0.785156 0.785156 0.787109 0.785156 0.791016 0.787109 0.792969 0.787109 0.798828 0.789062 0.800781 0.791016 0.800781 0.792969 0.802734 0.794922 0.802734 0.796875 0.804688 0.798828 0.804688 0.802734 0.808594 0.802734 0.810547 0.804688 0.812500 0.804688 0.826172 0.806641 0.828125 0.808594 0.828125 0.812500 0.832031 0.814453 0.832031 0.816406 0.833984 0.818359 0.833984 0.822266 0.837891 0.833984 0.837891 0.833984 0.835938 0.835938 0.833984 0.837891 0.833984 0.841797 0.830078 0.843750 0.830078 0.843750 0.824219 0.845703 0.822266 0.845703 0.814453 0.833984 0.814453 0.832031 0.816406 0.830078 0.814453 0.830078 0.810547 0.832031 0.808594 0.833984 0.808594 0.833984 0.800781 0.830078 0.796875 0.830078 0.794922 0.826172 0.791016 0.824219 0.791016 0.820312 0.787109 0.820312 0.785156 0.818359 0.783203 0.818359 0.779297 0.820312 0.777344 0.822266 0.777344 0.822266 0.769531 0.818359 0.765625 0.816406 0.765625 0.814453 0.763672 0.812500 0.763672 0.806641 0.757812 0.804688 0.757812 0.802734 0.755859 0.802734 0.751953 0.800781 0.750000 0.800781 0.746094 0.798828 0.744141 0.798828 0.740234 0.796875 0.738281 0.796875 0.730469 0.800781 0.726562 0.806641 0.726562 0.808594 0.724609 0.810547 0.724609 0.812500 0.722656 0.816406 0.722656 0.822266 0.716797 0.824219 0.716797 0.830078 0.710938 0.832031 0.710938 0.832031 0.708984 0.833984 0.707031 0.847656 0.707031 0.851562 0.710938 0.853516 0.710938 0.859375 0.716797 0.861328 0.716797 0.863281 0.718750 0.875000 0.718750 0.876953 0.716797 0.878906 0.716797 0.880859 0.714844 0.882812 0.714844 0.882812 0.712891 0.884766 0.710938 0.884766 0.697266 0.886719 0.695312 0.888672 0.695312 0.888672 0.685547 0.886719 0.683594 0.886719 0.673828 0.888672 0.671875 0.888672 0.654297 0.886719 0.652344 0.886719 0.644531 0.884766 0.642578 0.884766 0.640625 0.878906 0.634766 0.878906 0.632812 0.875000 0.628906 0.875000 0.626953 0.865234 0.626953 0.861328 0.623047 0.859375 0.623047 0.857422 0.621094 0.857422 0.617188 0.851562 0.611328 0.847656 0.611328 0.845703 0.609375 0.843750 0.609375 0.839844 0.605469 0.837891 0.605469 0.832031 0.599609 0.832031 0.597656 0.835938 0.593750 0.837891 0.593750 0.837891 0.591797 0.839844 0.589844 0.839844 0.585938 0.841797 0.583984 0.839844 0.582031 0.839844 0.578125 0.841797 0.576172 0.843750 0.578125 0.845703 0.578125 0.845703 0.574219 0.843750 0.572266 0.843750 0.570312 0.841797 0.568359 0.841797 0.566406 0.839844 0.564453 0.841797 0.562500 0.841797 0.554688 0.839844 0.552734 0.839844 0.550781 0.837891 0.550781 0.835938 0.548828 0.835938 0.544922 0.837891 0.542969 0.839844 0.542969 0.841797 0.541016 0.841797 0.539062 0.839844 0.539062 0.837891 0.541016 0.837891 0.542969 0.835938 0.544922 0.832031 0.544922 0.832031 0.548828 0.830078 0.550781 0.830078 0.552734 0.828125 0.554688 0.812500 0.554688 0.810547 0.552734 0.810547 0.550781 0.808594 0.548828 0.810547 0.546875 0.818359 0.546875 0.820312 0.544922 0.820312 0.542969 0.822266 0.541016 0.822266 0.539062 0.824219 0.537109 0.826172 0.537109 0.828125 0.535156 0.830078 0.535156 0.833984 0.531250 0.833984 0.529297 0.835938 0.527344 0.833984 0.525391 0.833984 0.515625 0.832031 0.513672 0.832031 0.511719 0.830078 0.509766 0.830078 0.505859 0.828125 0.503906 0.828125 0.500000 0.826172 0.498047 0.826172 0.486328 0.828125 0.484375 0.828125 0.466797 0.830078 0.464844 0.830078 0.462891 0.833984 0.458984 0.832031 0.457031 0.832031 0.435547 0.835938 0.431641 0.837891 0.433594 0.843750 0.433594 0.843750 0.425781 0.839844 0.421875 0.839844 0.408203 0.843750 0.404297 0.845703 0.404297 0.849609 0.400391 0.851562 0.400391 0.853516 0.402344 0.855469 0.402344 0.859375 0.406250 0.859375 0.408203 0.861328 0.406250 0.863281 0.406250 0.865234 0.408203 0.863281 0.410156 0.865234 0.412109 0.865234 0.414062 0.867188 0.416016 0.869141 0.416016 0.871094 0.417969 0.875000 0.417969 0.876953 0.419922 0.875000 0.421875 0.876953 0.423828 0.876953 0.425781 0.875000 0.427734 0.876953 0.429688 0.876953 0.431641 0.884766 0.423828 0.884766 0.419922 0.886719 0.417969 0.896484 0.417969 0.898438 0.416016 0.900391 0.417969 0.910156 0.417969 0.910156 0.416016 0.912109 0.414062 0.914062 0.414062 0.914062 0.412109 0.916016 0.410156 0.917969 0.410156 0.919922 0.408203 0.919922 0.406250 0.921875 0.404297 0.921875 0.402344 0.923828 0.400391 0.923828 0.382812 0.921875 0.382812 0.919922 0.380859 0.919922 0.378906 0.929688 0.369141 0.931641 0.371094 0.935547 0.367188 0.935547 0.363281 0.933594 0.363281 0.927734 0.357422 0.927734 0.355469 0.925781 0.355469 0.919922 0.349609 0.919922 0.347656 0.917969 0.345703 0.917969 0.337891 0.919922 0.335938 0.921875 0.335938 0.925781 0.332031 0.931641 0.332031 0.933594 0.333984 0.935547 0.333984 0.937500 0.335938 0.937500 0.337891 0.939453 0.339844 0.937500 0.337891 0.939453 0.335938 0.941406 0.335938 0.945312 0.332031 0.945312 0.328125 0.949219 0.324219 0.949219 0.322266 0.951172 0.320312 0.951172 0.318359 0.955078 0.314453 0.955078 0.312500 0.960938 0.306641 0.960938 0.298828 0.962891 0.296875 0.962891 0.294922 0.960938 0.292969 0.962891 0.291016 0.960938 0.289062 0.960938 0.283203 0.962891 0.281250 0.960938 0.281250 0.958984 0.279297 0.958984 0.273438 0.960938 0.271484 0.960938 0.267578 0.958984 0.267578 0.957031 0.265625 0.958984 0.263672 0.960938 0.263672 0.964844 0.259766 0.968750 0.259766 0.970703 0.261719 0.972656 0.261719 0.976562 0.265625 0.984375 0.265625 0.986328 0.263672 0.988281 0.265625 0.992188 0.265625 0.992188 0.000000 0.462891 0.000000 0.458984 0.003906 0.458984 0.005859 0.457031 0.007812 0.457031 0.015625 0.455078 0.017578 0.455078 0.025391 0.457031 0.027344 0.457031 0.029297 0.458984 0.031250 0.458984 0.033203 0.460938 0.035156 0.460938 0.037109 0.462891 0.039062 0.466797 0.039062 0.472656 0.044922 0.472656 0.046875 0.478516 0.052734 0.478516 0.064453 0.472656 0.070312 0.468750 0.066406 0.466797 0.066406 0.464844 0.064453 0.462891 0.064453 0.453125 0.054688 0.453125 0.052734 0.451172 0.050781 0.451172 0.048828 0.445312 0.042969 0.437500 0.042969 0.437500 0.046875 0.435547 0.048828 0.435547 0.050781 0.433594 0.052734 0.429688 0.048828 0.429688 0.042969 0.427734 0.041016 0.427734 0.037109 0.429688 0.035156 0.429688 0.033203 0.431641 0.031250 0.431641 0.029297 0.437500 0.023438 0.437500 0.021484 0.445312 0.013672 0.445312 0.005859 0.443359 0.003906 0.443359 0.001953 0.441406 0.000000 0.355469 0.000000 0.357422 0.001953 0.357422 0.013672 0.355469 0.015625 0.355469 0.017578 0.353516 0.019531 0.353516 0.023438 0.351562 0.025391 0.351562 0.029297 0.349609 0.031250 0.347656 0.031250 0.345703 0.033203 0.333984 0.033203 0.332031 0.031250 0.332031 0.025391 0.330078 0.023438 0.330078 0.019531 0.332031 0.017578 0.335938 0.017578 0.337891 0.015625 0.337891 0.013672 0.339844 0.011719 0.339844 0.009766 0.341797 0.007812 0.341797 0.000000 0.330078 0.000000 0.330078 0.007812 0.328125 0.009766 0.328125 0.015625 0.326172 0.017578 0.324219 0.015625 0.322266 0.015625 0.318359 0.011719 0.318359 0.009766 0.320312 0.007812 0.320312 0.005859 0.324219 0.001953 0.324219 0.000000 0.300781 0.000000 0.300781 0.001953 0.298828 0.003906 0.298828 0.011719 0.304688 0.017578 0.304688 0.019531 0.302734 0.021484 0.300781 0.021484 0.300781 0.023438 0.298828 0.025391 0.296875 0.025391 0.294922 0.027344 0.294922 0.029297 0.292969 0.031250 0.291016 0.031250 0.287109 0.027344 0.285156 0.027344 0.283203 0.025391 0.281250 0.025391 0.277344 0.021484 0.279297 0.019531 0.283203 0.019531 0.285156 0.017578 0.289062 0.017578 0.289062 0.013672 0.291016 0.011719 0.291016 0.003906 0.287109 0.000000