0 0.357422 0.988281 0.357422 0.992188 0.386719 0.992188 0.386719 0.988281
0 0.382812 0.972656 0.380859 0.974609 0.376953 0.974609 0.376953 0.984375 0.386719 0.984375 0.388672 0.982422 0.390625 0.984375 0.390625 0.992188 0.425781 0.992188 0.425781 0.982422 0.394531 0.982422 0.392578 0.980469 0.392578 0.972656
0 0.419922 0.968750 0.419922 0.978516 0.437500 0.978516 0.439453 0.980469 0.439453 0.988281 0.449219 0.988281 0.449219 0.986328 0.451172 0.984375 0.458984 0.984375 0.458984 0.980469 0.460938 0.978516 0.462891 0.978516 0.462891 0.968750 0.447266 0.968750 0.447266 0.976562 0.445312 0.978516 0.443359 0.976562 0.443359 0.968750
0 0.396484 0.968750 0.396484 0.978516 0.406250 0.978516 0.406250 0.968750
0 0.494141 0.962891 0.492188 0.964844 0.472656 0.964844 0.472656 0.966797 0.470703 0.968750 0.466797 0.968750 0.466797 0.978516 0.476562 0.978516 0.476562 0.976562 0.478516 0.974609 0.537109 0.974609 0.537109 0.964844 0.517578 0.964844 0.515625 0.962891
0 0.154297 0.878906 0.154297 0.888672 0.158203 0.888672 0.160156 0.890625 0.160156 0.906250 0.169922 0.906250 0.169922 0.888672 0.166016 0.888672 0.164062 0.886719 0.164062 0.878906
0 0.150391 0.865234 0.150391 0.875000 0.160156 0.875000 0.160156 0.865234
0 0.146484 0.851562 0.146484 0.861328 0.156250 0.861328 0.156250 0.851562
0 0.126953 0.816406 0.126953 0.826172 0.128906 0.826172 0.130859 0.828125 0.132812 0.828125 0.134766 0.830078 0.134766 0.832031 0.136719 0.833984 0.136719 0.839844 0.138672 0.839844 0.140625 0.841797 0.140625 0.845703 0.150391 0.845703 0.150391 0.835938 0.148438 0.835938 0.146484 0.833984 0.146484 0.830078 0.144531 0.828125 0.144531 0.822266 0.142578 0.822266 0.140625 0.820312 0.140625 0.818359 0.138672 0.818359 0.136719 0.816406
0 0.609375 0.439453 0.607422 0.441406 0.605469 0.441406 0.601562 0.445312 0.597656 0.445312 0.595703 0.447266 0.591797 0.447266 0.589844 0.449219 0.585938 0.449219 0.583984 0.451172 0.582031 0.451172 0.580078 0.453125 0.578125 0.453125 0.578125 0.464844 0.576172 0.466797 0.574219 0.466797 0.572266 0.468750 0.570312 0.468750 0.568359 0.466797 0.562500 0.466797 0.562500 0.474609 0.580078 0.474609 0.583984 0.470703 0.583984 0.460938 0.589844 0.455078 0.591797 0.455078 0.593750 0.453125 0.597656 0.453125 0.599609 0.451172 0.607422 0.451172 0.609375 0.449219 0.611328 0.449219 0.613281 0.447266 0.615234 0.447266 0.617188 0.445312 0.623047 0.445312 0.625000 0.447266 0.634766 0.447266 0.636719 0.449219 0.638672 0.449219 0.640625 0.451172 0.642578 0.451172 0.644531 0.453125 0.646484 0.453125 0.650391 0.457031 0.673828 0.457031 0.675781 0.455078 0.681641 0.455078 0.683594 0.453125 0.687500 0.453125 0.689453 0.451172 0.691406 0.451172 0.695312 0.447266 0.697266 0.447266 0.699219 0.445312 0.703125 0.445312 0.707031 0.449219 0.707031 0.451172 0.714844 0.458984 0.716797 0.458984 0.718750 0.460938 0.720703 0.460938 0.722656 0.462891 0.734375 0.462891 0.734375 0.457031 0.728516 0.457031 0.726562 0.455078 0.722656 0.455078 0.710938 0.443359 0.710938 0.441406 0.708984 0.439453 0.693359 0.439453 0.691406 0.441406 0.689453 0.441406 0.687500 0.443359 0.685547 0.443359 0.681641 0.447266 0.677734 0.447266 0.675781 0.449219 0.669922 0.449219 0.667969 0.451172 0.658203 0.451172 0.656250 0.449219 0.654297 0.449219 0.650391 0.445312 0.646484 0.445312 0.644531 0.443359 0.640625 0.443359 0.638672 0.441406 0.632812 0.441406 0.630859 0.439453
0 0.800781 0.363281 0.800781 0.367188 0.802734 0.367188 0.804688 0.369141 0.804688 0.371094 0.806641 0.373047 0.806641 0.375000 0.810547 0.378906 0.810547 0.380859 0.812500 0.382812 0.812500 0.394531 0.810547 0.396484 0.810547 0.398438 0.808594 0.400391 0.808594 0.402344 0.806641 0.404297 0.806641 0.406250 0.802734 0.410156 0.798828 0.410156 0.798828 0.414062 0.796875 0.416016 0.792969 0.416016 0.791016 0.414062 0.785156 0.414062 0.785156 0.417969 0.783203 0.419922 0.781250 0.419922 0.773438 0.412109 0.773438 0.410156 0.771484 0.408203 0.773438 0.406250 0.773438 0.404297 0.775391 0.402344 0.775391 0.398438 0.781250 0.392578 0.783203 0.392578 0.783203 0.386719 0.779297 0.386719 0.771484 0.378906 0.771484 0.376953 0.767578 0.373047 0.763672 0.373047 0.763672 0.376953 0.767578 0.380859 0.767578 0.382812 0.769531 0.384766 0.769531 0.386719 0.773438 0.390625 0.773438 0.392578 0.771484 0.394531 0.771484 0.396484 0.769531 0.398438 0.769531 0.400391 0.767578 0.402344 0.767578 0.414062 0.769531 0.416016 0.769531 0.417969 0.775391 0.423828 0.789062 0.423828 0.789062 0.421875 0.791016 0.419922 0.802734 0.419922 0.802734 0.417969 0.806641 0.414062 0.808594 0.414062 0.808594 0.412109 0.812500 0.408203 0.812500 0.406250 0.814453 0.404297 0.814453 0.400391 0.816406 0.398438 0.816406 0.378906 0.814453 0.376953 0.814453 0.375000 0.808594 0.369141 0.808594 0.367188 0.806641 0.367188 0.804688 0.365234 0.804688 0.363281
0 0.380859 0.359375 0.380859 0.363281 0.378906 0.365234 0.378906 0.371094 0.376953 0.373047 0.376953 0.421875 0.378906 0.423828 0.378906 0.425781 0.380859 0.427734 0.382812 0.427734 0.384766 0.429688 0.384766 0.433594 0.386719 0.435547 0.386719 0.437500 0.388672 0.439453 0.388672 0.441406 0.392578 0.445312 0.392578 0.447266 0.394531 0.447266 0.398438 0.451172 0.402344 0.451172 0.404297 0.453125 0.406250 0.453125 0.408203 0.455078 0.410156 0.455078 0.412109 0.457031 0.423828 0.457031 0.423828 0.449219 0.425781 0.447266 0.429688 0.447266 0.431641 0.445312 0.433594 0.447266 0.437500 0.447266 0.441406 0.451172 0.443359 0.451172 0.447266 0.455078 0.447266 0.457031 0.449219 0.458984 0.449219 0.464844 0.451172 0.466797 0.451172 0.478516 0.449219 0.480469 0.449219 0.484375 0.447266 0.486328 0.447266 0.490234 0.443359 0.494141 0.443359 0.496094 0.441406 0.498047 0.441406 0.501953 0.439453 0.503906 0.439453 0.515625 0.441406 0.517578 0.441406 0.519531 0.455078 0.533203 0.455078 0.535156 0.457031 0.535156 0.462891 0.541016 0.468750 0.541016 0.468750 0.535156 0.464844 0.531250 0.462891 0.531250 0.460938 0.529297 0.460938 0.527344 0.453125 0.519531 0.453125 0.517578 0.451172 0.517578 0.449219 0.515625 0.449219 0.513672 0.447266 0.511719 0.447266 0.501953 0.453125 0.496094 0.453125 0.494141 0.455078 0.492188 0.455078 0.484375 0.457031 0.482422 0.457031 0.458984 0.455078 0.457031 0.455078 0.453125 0.453125 0.451172 0.453125 0.449219 0.447266 0.443359 0.445312 0.443359 0.443359 0.441406 0.439453 0.441406 0.437500 0.439453 0.425781 0.439453 0.423828 0.441406 0.416016 0.441406 0.416016 0.447266 0.414062 0.449219 0.412109 0.447266 0.410156 0.447266 0.408203 0.445312 0.404297 0.445312 0.394531 0.435547 0.394531 0.433594 0.392578 0.431641 0.392578 0.429688 0.390625 0.427734 0.390625 0.423828 0.382812 0.416016 0.382812 0.376953 0.384766 0.375000 0.384766 0.369141 0.386719 0.367188 0.386719 0.359375
0 0.583984 0.339844 0.583984 0.345703 0.585938 0.345703 0.585938 0.339844
0 0.548828 0.330078 0.548828 0.339844 0.550781 0.341797 0.550781 0.345703 0.558594 0.345703 0.560547 0.347656 0.560547 0.351562 0.568359 0.351562 0.570312 0.353516 0.570312 0.357422 0.576172 0.357422 0.578125 0.359375 0.578125 0.363281 0.585938 0.363281 0.587891 0.365234 0.587891 0.367188 0.591797 0.367188 0.593750 0.369141 0.597656 0.369141 0.597656 0.365234 0.595703 0.363281 0.595703 0.357422 0.589844 0.357422 0.587891 0.355469 0.587891 0.353516 0.582031 0.353516 0.580078 0.351562 0.580078 0.347656 0.572266 0.347656 0.570312 0.345703 0.570312 0.341797 0.562500 0.341797 0.560547 0.339844 0.560547 0.335938 0.558594 0.333984 0.558594 0.330078
0 0.830078 0.320312 0.830078 0.322266 0.826172 0.326172 0.818359 0.326172 0.816406 0.324219 0.808594 0.324219 0.806641 0.326172 0.804688 0.326172 0.802734 0.328125 0.800781 0.328125 0.794922 0.333984 0.792969 0.333984 0.791016 0.335938 0.789062 0.335938 0.789062 0.337891 0.787109 0.339844 0.787109 0.347656 0.789062 0.349609 0.792969 0.349609 0.792969 0.341797 0.796875 0.337891 0.798828 0.337891 0.804688 0.332031 0.806641 0.332031 0.808594 0.330078 0.830078 0.330078 0.833984 0.326172 0.833984 0.320312
0 0.529297 0.304688 0.529297 0.314453 0.539062 0.314453 0.539062 0.308594 0.537109 0.308594 0.535156 0.306641 0.535156 0.304688
0 0.691406 0.289062 0.691406 0.292969 0.693359 0.292969 0.695312 0.294922 0.695312 0.296875 0.697266 0.298828 0.697266 0.300781 0.699219 0.302734 0.699219 0.316406 0.707031 0.324219 0.708984 0.324219 0.720703 0.335938 0.720703 0.337891 0.722656 0.339844 0.724609 0.339844 0.726562 0.341797 0.726562 0.343750 0.728516 0.345703 0.734375 0.345703 0.734375 0.341797 0.732422 0.341797 0.728516 0.337891 0.728516 0.335938 0.724609 0.332031 0.724609 0.330078 0.722656 0.330078 0.720703 0.328125 0.720703 0.326172 0.716797 0.322266 0.714844 0.322266 0.712891 0.320312 0.710938 0.320312 0.707031 0.316406 0.707031 0.314453 0.705078 0.314453 0.703125 0.312500 0.703125 0.298828 0.701172 0.296875 0.701172 0.292969 0.697266 0.289062
0 0.521484 0.285156 0.521484 0.300781 0.529297 0.300781 0.529297 0.285156
0 0.345703 0.111328 0.345703 0.113281 0.343750 0.115234 0.335938 0.115234 0.335938 0.126953 0.345703 0.126953 0.345703 0.123047 0.347656 0.121094 0.382812 0.121094 0.384766 0.123047 0.394531 0.123047 0.396484 0.125000 0.396484 0.134766 0.404297 0.134766 0.406250 0.136719 0.406250 0.138672 0.410156 0.138672 0.412109 0.140625 0.412109 0.142578 0.414062 0.142578 0.416016 0.144531 0.416016 0.146484 0.423828 0.146484 0.425781 0.148438 0.431641 0.148438 0.433594 0.150391 0.433594 0.152344 0.437500 0.152344 0.437500 0.150391 0.439453 0.148438 0.441406 0.148438 0.441406 0.146484 0.443359 0.144531 0.441406 0.142578 0.437500 0.142578 0.435547 0.140625 0.435547 0.138672 0.427734 0.138672 0.423828 0.134766 0.421875 0.134766 0.419922 0.132812 0.416016 0.132812 0.414062 0.130859 0.414062 0.128906 0.408203 0.128906 0.406250 0.126953 0.406250 0.125000 0.404297 0.123047 0.402344 0.123047 0.400391 0.121094 0.398438 0.121094 0.396484 0.119141 0.392578 0.119141 0.388672 0.115234 0.382812 0.115234 0.378906 0.111328