0 0.263672 0.910156 0.263672 0.916016 0.265625 0.917969 0.265625 0.919922 0.267578 0.919922 0.269531 0.921875 0.269531 0.925781 0.271484 0.927734 0.271484 0.929688 0.275391 0.929688 0.277344 0.931641 0.289062 0.931641 0.289062 0.929688 0.277344 0.929688 0.275391 0.927734 0.273438 0.927734 0.271484 0.925781 0.271484 0.919922 0.269531 0.919922 0.265625 0.916016 0.265625 0.910156
0 0.322266 0.898438 0.322266 0.900391 0.320312 0.902344 0.318359 0.902344 0.318359 0.904297 0.314453 0.908203 0.312500 0.908203 0.312500 0.910156 0.306641 0.916016 0.306641 0.917969 0.302734 0.921875 0.300781 0.921875 0.300781 0.923828 0.296875 0.927734 0.294922 0.927734 0.292969 0.929688 0.292969 0.931641 0.294922 0.931641 0.298828 0.927734 0.300781 0.927734 0.300781 0.925781 0.304688 0.921875 0.306641 0.921875 0.306641 0.919922 0.312500 0.914062 0.312500 0.912109 0.316406 0.908203 0.318359 0.908203 0.318359 0.906250 0.322266 0.902344 0.324219 0.902344 0.326172 0.900391 0.328125 0.900391 0.330078 0.902344 0.333984 0.902344 0.333984 0.900391 0.330078 0.900391 0.328125 0.898438
0 0.253906 0.892578 0.253906 0.894531 0.255859 0.896484 0.255859 0.898438 0.259766 0.902344 0.259766 0.904297 0.261719 0.906250 0.263672 0.906250 0.263672 0.904297 0.259766 0.900391 0.259766 0.898438 0.255859 0.894531 0.255859 0.892578
0 0.406250 0.888672 0.402344 0.892578 0.400391 0.892578 0.400391 0.894531 0.398438 0.896484 0.398438 0.898438 0.394531 0.902344 0.392578 0.902344 0.388672 0.906250 0.388672 0.908203 0.386719 0.910156 0.382812 0.910156 0.380859 0.912109 0.378906 0.912109 0.376953 0.914062 0.373047 0.914062 0.371094 0.912109 0.365234 0.912109 0.363281 0.914062 0.357422 0.914062 0.355469 0.912109 0.353516 0.912109 0.351562 0.910156 0.349609 0.910156 0.347656 0.908203 0.347656 0.906250 0.343750 0.906250 0.339844 0.902344 0.337891 0.902344 0.337891 0.904297 0.341797 0.908203 0.343750 0.908203 0.345703 0.910156 0.347656 0.910156 0.351562 0.914062 0.353516 0.914062 0.355469 0.916016 0.365234 0.916016 0.367188 0.914062 0.369141 0.914062 0.371094 0.916016 0.380859 0.916016 0.380859 0.914062 0.382812 0.912109 0.386719 0.912109 0.386719 0.910156 0.388672 0.908203 0.390625 0.908203 0.396484 0.902344 0.398438 0.902344 0.398438 0.900391 0.400391 0.898438 0.400391 0.896484 0.404297 0.892578 0.406250 0.892578 0.408203 0.890625 0.410156 0.890625 0.410156 0.888672
0 0.175781 0.886719 0.175781 0.888672 0.177734 0.890625 0.177734 0.892578 0.179688 0.894531 0.179688 0.898438 0.181641 0.898438 0.183594 0.900391 0.183594 0.904297 0.185547 0.904297 0.187500 0.906250 0.191406 0.906250 0.193359 0.908203 0.205078 0.908203 0.208984 0.904297 0.210938 0.904297 0.212891 0.902344 0.214844 0.902344 0.216797 0.900391 0.218750 0.900391 0.220703 0.898438 0.230469 0.898438 0.232422 0.896484 0.234375 0.896484 0.236328 0.894531 0.236328 0.892578 0.232422 0.892578 0.230469 0.894531 0.228516 0.894531 0.226562 0.896484 0.218750 0.896484 0.216797 0.898438 0.214844 0.898438 0.210938 0.902344 0.208984 0.902344 0.207031 0.904297 0.205078 0.904297 0.203125 0.906250 0.195312 0.906250 0.193359 0.904297 0.191406 0.904297 0.189453 0.902344 0.187500 0.902344 0.183594 0.898438 0.183594 0.896484 0.181641 0.894531 0.181641 0.890625 0.179688 0.890625 0.177734 0.888672 0.177734 0.886719
0 0.537109 0.884766 0.537109 0.886719 0.539062 0.886719 0.541016 0.888672 0.541016 0.890625 0.542969 0.892578 0.542969 0.896484 0.544922 0.896484 0.546875 0.898438 0.546875 0.900391 0.550781 0.900391 0.552734 0.902344 0.554688 0.902344 0.554688 0.900391 0.552734 0.900391 0.550781 0.898438 0.546875 0.898438 0.544922 0.896484 0.544922 0.892578 0.542969 0.890625 0.542969 0.888672 0.541016 0.888672 0.539062 0.886719 0.539062 0.884766
0 0.193359 0.878906 0.193359 0.888672 0.195312 0.888672 0.195312 0.884766 0.197266 0.882812 0.197266 0.878906
0 0.355469 0.871094 0.351562 0.875000 0.345703 0.875000 0.345703 0.878906 0.357422 0.878906 0.359375 0.876953 0.359375 0.871094
0 0.125000 0.859375 0.121094 0.863281 0.121094 0.865234 0.119141 0.867188 0.117188 0.867188 0.117188 0.869141 0.115234 0.871094 0.113281 0.871094 0.113281 0.882812 0.115234 0.884766 0.117188 0.884766 0.119141 0.886719 0.119141 0.888672 0.123047 0.888672 0.125000 0.890625 0.128906 0.890625 0.130859 0.888672 0.136719 0.888672 0.138672 0.886719 0.140625 0.886719 0.142578 0.884766 0.152344 0.884766 0.158203 0.878906 0.158203 0.876953 0.156250 0.876953 0.150391 0.882812 0.140625 0.882812 0.136719 0.886719 0.121094 0.886719 0.119141 0.884766 0.119141 0.882812 0.117188 0.882812 0.115234 0.880859 0.115234 0.871094 0.117188 0.869141 0.121094 0.869141 0.121094 0.867188 0.126953 0.861328 0.126953 0.859375
0 0.437500 0.857422 0.437500 0.859375 0.435547 0.861328 0.435547 0.867188 0.433594 0.869141 0.431641 0.869141 0.431641 0.873047 0.425781 0.878906 0.425781 0.880859 0.423828 0.882812 0.421875 0.882812 0.421875 0.884766 0.419922 0.886719 0.414062 0.886719 0.414062 0.888672 0.417969 0.888672 0.421875 0.892578 0.423828 0.892578 0.423828 0.890625 0.425781 0.888672 0.429688 0.892578 0.433594 0.892578 0.437500 0.888672 0.439453 0.888672 0.439453 0.886719 0.441406 0.884766 0.441406 0.875000 0.439453 0.873047 0.439453 0.871094 0.435547 0.871094 0.433594 0.869141 0.435547 0.867188 0.437500 0.867188 0.437500 0.861328 0.439453 0.859375 0.439453 0.857422
0 0.289062 0.851562 0.289062 0.861328 0.287109 0.863281 0.287109 0.867188 0.285156 0.869141 0.285156 0.873047 0.283203 0.875000 0.283203 0.882812 0.281250 0.884766 0.281250 0.894531 0.291016 0.894531 0.292969 0.892578 0.294922 0.892578 0.294922 0.890625 0.296875 0.888672 0.298828 0.888672 0.298828 0.886719 0.300781 0.884766 0.306641 0.884766 0.306641 0.882812 0.308594 0.880859 0.310547 0.880859 0.310547 0.878906 0.312500 0.876953 0.314453 0.876953 0.316406 0.875000 0.320312 0.875000 0.322266 0.873047 0.328125 0.873047 0.330078 0.875000 0.330078 0.876953 0.341797 0.876953 0.341797 0.873047 0.333984 0.873047 0.332031 0.871094 0.332031 0.869141 0.318359 0.869141 0.314453 0.873047 0.310547 0.873047 0.310547 0.875000 0.308594 0.876953 0.306641 0.876953 0.306641 0.878906 0.304688 0.880859 0.298828 0.880859 0.298828 0.882812 0.296875 0.884766 0.294922 0.884766 0.294922 0.886719 0.292969 0.888672 0.291016 0.888672 0.289062 0.890625 0.287109 0.890625 0.285156 0.888672 0.285156 0.886719 0.287109 0.884766 0.287109 0.875000 0.289062 0.873047 0.289062 0.869141 0.291016 0.867188 0.291016 0.865234 0.292969 0.863281 0.292969 0.851562
0 0.458984 0.847656 0.457031 0.849609 0.457031 0.851562 0.455078 0.853516 0.455078 0.861328 0.460938 0.867188 0.460938 0.869141 0.464844 0.873047 0.464844 0.890625 0.462891 0.892578 0.462891 0.894531 0.458984 0.898438 0.458984 0.902344 0.457031 0.904297 0.457031 0.910156 0.453125 0.914062 0.453125 0.916016 0.449219 0.919922 0.449219 0.923828 0.447266 0.925781 0.445312 0.923828 0.445312 0.919922 0.441406 0.919922 0.439453 0.917969 0.439453 0.916016 0.437500 0.914062 0.437500 0.912109 0.435547 0.910156 0.435547 0.908203 0.433594 0.906250 0.433594 0.904297 0.431641 0.902344 0.431641 0.900391 0.429688 0.898438 0.429688 0.896484 0.423828 0.896484 0.423828 0.898438 0.427734 0.898438 0.429688 0.900391 0.429688 0.904297 0.433594 0.908203 0.433594 0.912109 0.435547 0.914062 0.435547 0.916016 0.437500 0.917969 0.437500 0.919922 0.439453 0.921875 0.441406 0.921875 0.443359 0.923828 0.443359 0.925781 0.445312 0.927734 0.449219 0.927734 0.449219 0.925781 0.451172 0.923828 0.451172 0.921875 0.455078 0.917969 0.455078 0.916016 0.458984 0.912109 0.458984 0.906250 0.460938 0.904297 0.460938 0.900391 0.462891 0.898438 0.462891 0.896484 0.464844 0.894531 0.464844 0.892578 0.466797 0.890625 0.466797 0.873047 0.464844 0.871094 0.464844 0.869141 0.462891 0.867188 0.462891 0.865234 0.460938 0.863281 0.460938 0.861328 0.457031 0.857422 0.457031 0.855469 0.458984 0.853516 0.458984 0.851562 0.460938 0.849609 0.462891 0.849609 0.462891 0.847656
0 0.361328 0.847656 0.357422 0.851562 0.335938 0.851562 0.335938 0.853516 0.359375 0.853516 0.363281 0.849609 0.373047 0.849609 0.373047 0.847656
0 0.466797 0.843750 0.466797 0.849609 0.472656 0.849609 0.476562 0.845703 0.478516 0.845703 0.478516 0.843750 0.472656 0.843750 0.472656 0.845703 0.470703 0.847656 0.468750 0.845703 0.468750 0.843750
0 0.287109 0.843750 0.287109 0.847656 0.291016 0.847656 0.291016 0.843750
0 0.562500 0.832031 0.562500 0.847656 0.558594 0.851562 0.558594 0.855469 0.556641 0.857422 0.556641 0.859375 0.554688 0.861328 0.552734 0.861328 0.548828 0.865234 0.548828 0.867188 0.544922 0.871094 0.542969 0.871094 0.542969 0.875000 0.541016 0.876953 0.539062 0.876953 0.537109 0.878906 0.537109 0.880859 0.539062 0.880859 0.542969 0.876953 0.544922 0.876953 0.544922 0.873047 0.546875 0.871094 0.548828 0.871094 0.548828 0.869141 0.554688 0.863281 0.554688 0.861328 0.556641 0.859375 0.558594 0.859375 0.560547 0.857422 0.560547 0.853516 0.562500 0.851562 0.562500 0.849609 0.564453 0.847656 0.564453 0.832031
0 0.560547 0.824219 0.560547 0.828125 0.562500 0.828125 0.562500 0.824219
0 0.460938 0.822266 0.458984 0.824219 0.457031 0.824219 0.457031 0.826172 0.453125 0.830078 0.451172 0.830078 0.449219 0.832031 0.447266 0.832031 0.445312 0.833984 0.445312 0.837891 0.441406 0.841797 0.441406 0.847656 0.439453 0.849609 0.439453 0.851562 0.441406 0.851562 0.441406 0.849609 0.443359 0.847656 0.443359 0.843750 0.447266 0.839844 0.447266 0.835938 0.451172 0.832031 0.453125 0.832031 0.455078 0.830078 0.457031 0.830078 0.457031 0.828125 0.460938 0.824219 0.462891 0.824219 0.462891 0.822266
0 0.175781 0.822266 0.173828 0.824219 0.171875 0.824219 0.171875 0.826172 0.167969 0.830078 0.164062 0.830078 0.164062 0.833984 0.162109 0.835938 0.160156 0.835938 0.158203 0.837891 0.156250 0.837891 0.156250 0.841797 0.154297 0.843750 0.148438 0.843750 0.144531 0.847656 0.138672 0.847656 0.134766 0.851562 0.132812 0.851562 0.130859 0.853516 0.128906 0.853516 0.128906 0.855469 0.130859 0.855469 0.132812 0.853516 0.136719 0.853516 0.140625 0.849609 0.144531 0.849609 0.146484 0.847656 0.148438 0.847656 0.150391 0.845703 0.154297 0.845703 0.154297 0.843750 0.156250 0.841797 0.158203 0.841797 0.158203 0.839844 0.160156 0.837891 0.162109 0.837891 0.162109 0.835938 0.164062 0.833984 0.166016 0.833984 0.167969 0.832031 0.169922 0.832031 0.177734 0.824219 0.177734 0.822266
0 0.859375 0.808594 0.859375 0.812500 0.863281 0.812500 0.863281 0.808594
0 0.207031 0.808594 0.207031 0.824219 0.210938 0.828125 0.210938 0.830078 0.212891 0.830078 0.216797 0.833984 0.216797 0.835938 0.220703 0.839844 0.222656 0.839844 0.224609 0.841797 0.230469 0.841797 0.232422 0.839844 0.232422 0.837891 0.234375 0.835938 0.234375 0.833984 0.236328 0.832031 0.236328 0.826172 0.242188 0.820312 0.248047 0.820312 0.248047 0.818359 0.250000 0.816406 0.250000 0.810547 0.248047 0.810547 0.248047 0.816406 0.246094 0.818359 0.240234 0.818359 0.234375 0.824219 0.234375 0.830078 0.232422 0.832031 0.232422 0.835938 0.230469 0.837891 0.222656 0.837891 0.216797 0.832031 0.216797 0.830078 0.214844 0.830078 0.210938 0.826172 0.210938 0.824219 0.208984 0.822266 0.208984 0.812500 0.210938 0.810547 0.214844 0.810547 0.214844 0.808594
0 0.263672 0.806641 0.263672 0.808594 0.269531 0.808594 0.269531 0.806641
0 0.472656 0.802734 0.472656 0.810547 0.474609 0.812500 0.474609 0.816406 0.472656 0.818359 0.466797 0.818359 0.466797 0.820312 0.476562 0.820312 0.476562 0.810547 0.474609 0.808594 0.474609 0.802734
0 0.285156 0.794922 0.281250 0.798828 0.279297 0.798828 0.279297 0.804688 0.277344 0.806641 0.273438 0.806641 0.273438 0.808594 0.281250 0.808594 0.281250 0.802734 0.283203 0.800781 0.285156 0.800781 0.285156 0.798828 0.287109 0.796875 0.291016 0.796875 0.292969 0.798828 0.294922 0.798828 0.296875 0.800781 0.298828 0.800781 0.300781 0.802734 0.300781 0.804688 0.306641 0.810547 0.306641 0.826172 0.308594 0.828125 0.308594 0.832031 0.312500 0.835938 0.312500 0.837891 0.316406 0.837891 0.318359 0.839844 0.318359 0.841797 0.320312 0.843750 0.320312 0.845703 0.324219 0.845703 0.326172 0.847656 0.326172 0.849609 0.330078 0.853516 0.332031 0.853516 0.332031 0.851562 0.328125 0.847656 0.326172 0.847656 0.324219 0.845703 0.324219 0.843750 0.322266 0.843750 0.320312 0.841797 0.320312 0.839844 0.318359 0.837891 0.318359 0.835938 0.314453 0.835938 0.312500 0.833984 0.312500 0.832031 0.310547 0.830078 0.310547 0.828125 0.308594 0.826172 0.308594 0.810547 0.306641 0.808594 0.306641 0.806641 0.302734 0.802734 0.302734 0.800781 0.300781 0.798828 0.296875 0.798828 0.294922 0.796875 0.294922 0.794922
0 0.826172 0.787109 0.826172 0.794922 0.828125 0.796875 0.824219 0.800781 0.820312 0.800781 0.820312 0.804688 0.828125 0.804688 0.832031 0.800781 0.833984 0.802734 0.837891 0.802734 0.837891 0.800781 0.839844 0.798828 0.841797 0.800781 0.841797 0.802734 0.845703 0.806641 0.845703 0.810547 0.847656 0.812500 0.847656 0.816406 0.849609 0.818359 0.849609 0.826172 0.851562 0.826172 0.857422 0.832031 0.861328 0.832031 0.863281 0.830078 0.865234 0.830078 0.867188 0.828125 0.869141 0.828125 0.871094 0.826172 0.873047 0.826172 0.875000 0.824219 0.878906 0.824219 0.880859 0.822266 0.880859 0.818359 0.876953 0.814453 0.875000 0.814453 0.873047 0.812500 0.869141 0.812500 0.869141 0.816406 0.871094 0.816406 0.875000 0.820312 0.873047 0.822266 0.869141 0.822266 0.867188 0.824219 0.865234 0.824219 0.863281 0.826172 0.859375 0.826172 0.857422 0.824219 0.855469 0.824219 0.853516 0.822266 0.853516 0.818359 0.851562 0.816406 0.851562 0.812500 0.849609 0.810547 0.851562 0.808594 0.853516 0.808594 0.853516 0.804688 0.849609 0.804688 0.847656 0.802734 0.847656 0.800781 0.845703 0.798828 0.843750 0.798828 0.841797 0.796875 0.841797 0.794922 0.835938 0.794922 0.833984 0.792969 0.832031 0.792969 0.830078 0.791016 0.830078 0.787109
0 0.212891 0.748047 0.212891 0.750000 0.214844 0.750000 0.214844 0.748047
0 0.832031 0.742188 0.832031 0.750000 0.835938 0.750000 0.837891 0.748047 0.841797 0.748047 0.847656 0.753906 0.847656 0.757812 0.849609 0.759766 0.849609 0.761719 0.851562 0.761719 0.855469 0.765625 0.857422 0.765625 0.859375 0.767578 0.861328 0.767578 0.865234 0.771484 0.867188 0.771484 0.875000 0.779297 0.876953 0.779297 0.882812 0.785156 0.882812 0.789062 0.884766 0.789062 0.888672 0.792969 0.890625 0.792969 0.892578 0.794922 0.892578 0.798828 0.894531 0.798828 0.896484 0.800781 0.896484 0.802734 0.900391 0.806641 0.900391 0.810547 0.906250 0.816406 0.906250 0.832031 0.890625 0.847656 0.886719 0.847656 0.884766 0.849609 0.884766 0.851562 0.882812 0.853516 0.873047 0.853516 0.869141 0.849609 0.865234 0.849609 0.863281 0.847656 0.861328 0.847656 0.859375 0.845703 0.843750 0.845703 0.841797 0.847656 0.839844 0.847656 0.832031 0.855469 0.830078 0.855469 0.830078 0.857422 0.828125 0.859375 0.826172 0.859375 0.822266 0.863281 0.822266 0.865234 0.820312 0.867188 0.810547 0.867188 0.808594 0.865234 0.806641 0.865234 0.804688 0.863281 0.804688 0.861328 0.792969 0.849609 0.792969 0.845703 0.791016 0.843750 0.791016 0.824219 0.789062 0.822266 0.789062 0.820312 0.787109 0.820312 0.785156 0.818359 0.781250 0.818359 0.775391 0.812500 0.775391 0.806641 0.779297 0.802734 0.779297 0.800781 0.781250 0.798828 0.781250 0.792969 0.777344 0.792969 0.777344 0.794922 0.775391 0.796875 0.775391 0.798828 0.773438 0.800781 0.773438 0.802734 0.771484 0.804688 0.771484 0.818359 0.775391 0.822266 0.781250 0.822266 0.787109 0.828125 0.787109 0.847656 0.789062 0.849609 0.789062 0.853516 0.800781 0.865234 0.802734 0.865234 0.804688 0.867188 0.804688 0.869141 0.806641 0.869141 0.808594 0.871094 0.824219 0.871094 0.826172 0.869141 0.826172 0.867188 0.832031 0.861328 0.833984 0.861328 0.843750 0.851562 0.845703 0.851562 0.847656 0.849609 0.855469 0.849609 0.857422 0.851562 0.859375 0.851562 0.861328 0.853516 0.865234 0.853516 0.869141 0.857422 0.886719 0.857422 0.886719 0.855469 0.890625 0.851562 0.892578 0.851562 0.894531 0.849609 0.896484 0.849609 0.910156 0.835938 0.910156 0.812500 0.904297 0.806641 0.904297 0.802734 0.898438 0.796875 0.898438 0.794922 0.896484 0.792969 0.894531 0.792969 0.892578 0.791016 0.892578 0.789062 0.886719 0.783203 0.886719 0.781250 0.882812 0.777344 0.880859 0.777344 0.876953 0.773438 0.876953 0.771484 0.875000 0.771484 0.871094 0.767578 0.869141 0.767578 0.867188 0.765625 0.867188 0.763672 0.865234 0.763672 0.863281 0.761719 0.859375 0.761719 0.857422 0.759766 0.855469 0.759766 0.853516 0.757812 0.853516 0.755859 0.851562 0.753906 0.851562 0.750000 0.847656 0.746094 0.845703 0.746094 0.843750 0.744141 0.841797 0.744141 0.839844 0.742188
0 0.767578 0.742188 0.765625 0.744141 0.765625 0.753906 0.767578 0.755859 0.767578 0.759766 0.769531 0.761719 0.769531 0.763672 0.777344 0.763672 0.777344 0.753906 0.775391 0.751953 0.777344 0.750000 0.781250 0.750000 0.781250 0.742188
0 0.197266 0.742188 0.197266 0.744141 0.201172 0.748047 0.201172 0.751953 0.203125 0.753906 0.205078 0.753906 0.207031 0.751953 0.208984 0.751953 0.208984 0.750000 0.207031 0.750000 0.205078 0.751953 0.203125 0.750000 0.203125 0.748047 0.201172 0.746094 0.201172 0.744141 0.199219 0.742188
0 0.136719 0.740234 0.136719 0.744141 0.138672 0.744141 0.140625 0.742188 0.142578 0.742188 0.146484 0.746094 0.146484 0.748047 0.148438 0.748047 0.150391 0.750000 0.150391 0.753906 0.154297 0.753906 0.156250 0.755859 0.156250 0.759766 0.158203 0.761719 0.160156 0.761719 0.162109 0.763672 0.162109 0.767578 0.167969 0.773438 0.167969 0.775391 0.169922 0.775391 0.171875 0.777344 0.193359 0.777344 0.195312 0.779297 0.195312 0.781250 0.197266 0.781250 0.199219 0.783203 0.210938 0.783203 0.210938 0.779297 0.208984 0.779297 0.207031 0.781250 0.199219 0.781250 0.197266 0.779297 0.197266 0.775391 0.175781 0.775391 0.173828 0.773438 0.171875 0.773438 0.164062 0.765625 0.164062 0.761719 0.162109 0.761719 0.158203 0.757812 0.158203 0.753906 0.156250 0.751953 0.154297 0.751953 0.150391 0.748047 0.150391 0.746094 0.148438 0.746094 0.146484 0.744141 0.146484 0.742188 0.144531 0.740234
0 0.169922 0.734375 0.169922 0.736328 0.171875 0.736328 0.171875 0.734375
0 0.191406 0.728516 0.191406 0.730469 0.189453 0.732422 0.187500 0.732422 0.187500 0.734375 0.185547 0.736328 0.183594 0.736328 0.183594 0.738281 0.181641 0.740234 0.179688 0.740234 0.179688 0.744141 0.177734 0.746094 0.175781 0.746094 0.171875 0.750000 0.169922 0.748047 0.169922 0.742188 0.167969 0.742188 0.167969 0.750000 0.169922 0.751953 0.173828 0.751953 0.177734 0.748047 0.177734 0.746094 0.179688 0.744141 0.181641 0.744141 0.181641 0.740234 0.183594 0.738281 0.185547 0.738281 0.185547 0.736328 0.187500 0.734375 0.189453 0.734375 0.191406 0.732422 0.193359 0.732422 0.195312 0.734375 0.195312 0.736328 0.197266 0.738281 0.199219 0.738281 0.199219 0.736328 0.195312 0.732422 0.195312 0.730469 0.193359 0.728516
0 0.171875 0.724609 0.171875 0.726562 0.169922 0.728516 0.169922 0.730469 0.171875 0.730469 0.171875 0.728516 0.173828 0.726562 0.175781 0.726562 0.175781 0.724609
0 0.187500 0.644531 0.187500 0.646484 0.185547 0.648438 0.185547 0.650391 0.187500 0.652344 0.187500 0.656250 0.185547 0.658203 0.185547 0.660156 0.183594 0.662109 0.183594 0.664062 0.181641 0.666016 0.181641 0.667969 0.179688 0.669922 0.179688 0.675781 0.177734 0.677734 0.175781 0.677734 0.175781 0.679688 0.171875 0.683594 0.171875 0.685547 0.169922 0.687500 0.167969 0.687500 0.167969 0.691406 0.166016 0.693359 0.164062 0.693359 0.162109 0.695312 0.162109 0.703125 0.164062 0.703125 0.166016 0.705078 0.169922 0.705078 0.171875 0.707031 0.175781 0.707031 0.177734 0.708984 0.185547 0.708984 0.187500 0.710938 0.197266 0.710938 0.199219 0.712891 0.203125 0.712891 0.205078 0.714844 0.208984 0.714844 0.210938 0.716797 0.212891 0.716797 0.214844 0.718750 0.218750 0.718750 0.220703 0.720703 0.222656 0.720703 0.224609 0.722656 0.224609 0.724609 0.228516 0.728516 0.228516 0.730469 0.230469 0.730469 0.232422 0.732422 0.232422 0.740234 0.234375 0.740234 0.234375 0.730469 0.232422 0.730469 0.228516 0.726562 0.228516 0.724609 0.226562 0.722656 0.226562 0.720703 0.224609 0.720703 0.220703 0.716797 0.216797 0.716797 0.214844 0.714844 0.212891 0.714844 0.210938 0.712891 0.207031 0.712891 0.205078 0.710938 0.199219 0.710938 0.197266 0.708984 0.191406 0.708984 0.189453 0.707031 0.179688 0.707031 0.177734 0.705078 0.173828 0.705078 0.171875 0.703125 0.167969 0.703125 0.164062 0.699219 0.164062 0.697266 0.166016 0.695312 0.167969 0.695312 0.167969 0.693359 0.169922 0.691406 0.169922 0.689453 0.171875 0.687500 0.173828 0.687500 0.173828 0.685547 0.175781 0.683594 0.175781 0.681641 0.177734 0.679688 0.179688 0.679688 0.179688 0.677734 0.181641 0.675781 0.181641 0.669922 0.183594 0.667969 0.183594 0.666016 0.185547 0.664062 0.185547 0.662109 0.189453 0.658203 0.189453 0.644531