0 0.074219 0.982422 0.068359 0.988281 0.066406 0.988281 0.064453 0.990234 0.062500 0.990234 0.060547 0.992188 0.058594 0.990234 0.058594 0.986328 0.046875 0.986328 0.044922 0.988281 0.042969 0.988281 0.039062 0.992188 0.085938 0.992188 0.085938 0.990234 0.082031 0.986328 0.082031 0.984375 0.080078 0.982422
0 0.224609 0.955078 0.220703 0.958984 0.220703 0.960938 0.218750 0.962891 0.216797 0.962891 0.212891 0.958984 0.207031 0.958984 0.207031 0.966797 0.205078 0.968750 0.195312 0.968750 0.195312 0.970703 0.193359 0.972656 0.191406 0.972656 0.189453 0.974609 0.189453 0.976562 0.185547 0.980469 0.181641 0.980469 0.177734 0.984375 0.177734 0.992188 0.242188 0.992188 0.244141 0.990234 0.246094 0.990234 0.246094 0.986328 0.248047 0.984375 0.248047 0.972656 0.246094 0.970703 0.242188 0.970703 0.238281 0.966797 0.238281 0.964844 0.236328 0.962891 0.236328 0.958984 0.232422 0.955078
0 0.343750 0.947266 0.343750 0.955078 0.345703 0.957031 0.357422 0.957031 0.359375 0.955078 0.359375 0.951172 0.355469 0.951172 0.353516 0.949219 0.351562 0.949219 0.349609 0.947266
0 0.017578 0.902344 0.015625 0.904297 0.013672 0.904297 0.005859 0.912109 0.001953 0.912109 0.000000 0.914062 0.000000 0.992188 0.023438 0.992188 0.019531 0.988281 0.019531 0.984375 0.021484 0.982422 0.021484 0.980469 0.027344 0.974609 0.029297 0.974609 0.031250 0.972656 0.035156 0.972656 0.037109 0.970703 0.041016 0.970703 0.044922 0.966797 0.044922 0.960938 0.046875 0.958984 0.046875 0.949219 0.044922 0.947266 0.044922 0.945312 0.046875 0.943359 0.046875 0.933594 0.044922 0.931641 0.044922 0.923828 0.046875 0.921875 0.046875 0.912109 0.037109 0.912109 0.035156 0.910156 0.035156 0.908203 0.031250 0.904297 0.027344 0.904297 0.025391 0.902344
0 0.853516 0.744141 0.849609 0.748047 0.849609 0.755859 0.851562 0.757812 0.853516 0.757812 0.857422 0.761719 0.857422 0.769531 0.859375 0.769531 0.861328 0.771484 0.857422 0.775391 0.857422 0.781250 0.865234 0.781250 0.867188 0.779297 0.886719 0.779297 0.892578 0.773438 0.892578 0.765625 0.884766 0.757812 0.880859 0.757812 0.880859 0.759766 0.878906 0.761719 0.876953 0.759766 0.876953 0.757812 0.875000 0.755859 0.875000 0.753906 0.873047 0.751953 0.871094 0.751953 0.865234 0.746094 0.863281 0.746094 0.861328 0.744141
0 0.978516 0.656250 0.978516 0.658203 0.976562 0.660156 0.974609 0.660156 0.972656 0.662109 0.972656 0.664062 0.970703 0.666016 0.970703 0.667969 0.968750 0.669922 0.964844 0.669922 0.960938 0.666016 0.951172 0.666016 0.951172 0.667969 0.949219 0.669922 0.949219 0.675781 0.953125 0.679688 0.955078 0.679688 0.957031 0.681641 0.957031 0.683594 0.958984 0.685547 0.958984 0.689453 0.960938 0.691406 0.960938 0.695312 0.957031 0.699219 0.957031 0.707031 0.958984 0.708984 0.960938 0.708984 0.962891 0.710938 0.966797 0.710938 0.970703 0.714844 0.984375 0.714844 0.988281 0.718750 0.992188 0.718750 0.992188 0.656250
0 0.548828 0.650391 0.548828 0.654297 0.544922 0.658203 0.542969 0.656250 0.537109 0.656250 0.535156 0.658203 0.529297 0.658203 0.525391 0.662109 0.525391 0.669922 0.527344 0.669922 0.529297 0.671875 0.535156 0.671875 0.537109 0.673828 0.537109 0.677734 0.539062 0.679688 0.539062 0.681641 0.541016 0.681641 0.542969 0.683594 0.556641 0.683594 0.558594 0.681641 0.560547 0.681641 0.560547 0.679688 0.562500 0.677734 0.562500 0.675781 0.564453 0.673828 0.566406 0.673828 0.566406 0.671875 0.568359 0.669922 0.568359 0.667969 0.570312 0.666016 0.570312 0.660156 0.566406 0.656250 0.566406 0.654297 0.564453 0.654297 0.562500 0.652344 0.560547 0.652344 0.558594 0.650391
0 0.367188 0.617188 0.367188 0.619141 0.365234 0.621094 0.365234 0.623047 0.361328 0.626953 0.359375 0.626953 0.359375 0.628906 0.357422 0.630859 0.357422 0.632812 0.355469 0.634766 0.355469 0.654297 0.357422 0.654297 0.359375 0.656250 0.361328 0.656250 0.365234 0.660156 0.371094 0.660156 0.373047 0.662109 0.388672 0.662109 0.390625 0.660156 0.390625 0.658203 0.392578 0.656250 0.392578 0.654297 0.394531 0.652344 0.394531 0.650391 0.396484 0.648438 0.396484 0.638672 0.394531 0.638672 0.384766 0.628906 0.384766 0.626953 0.380859 0.623047 0.380859 0.621094 0.376953 0.621094 0.375000 0.619141 0.375000 0.617188
0 0.818359 0.585938 0.816406 0.587891 0.816406 0.589844 0.810547 0.595703 0.804688 0.595703 0.804688 0.605469 0.808594 0.609375 0.808594 0.613281 0.806641 0.615234 0.806641 0.623047 0.808594 0.625000 0.810547 0.625000 0.812500 0.626953 0.820312 0.626953 0.822266 0.625000 0.826172 0.628906 0.832031 0.628906 0.833984 0.626953 0.835938 0.626953 0.839844 0.623047 0.841797 0.623047 0.843750 0.625000 0.845703 0.625000 0.853516 0.617188 0.853516 0.609375 0.855469 0.607422 0.855469 0.595703 0.853516 0.593750 0.853516 0.589844 0.849609 0.585938 0.837891 0.585938 0.835938 0.587891 0.833984 0.587891 0.832031 0.585938
0 0.900391 0.566406 0.896484 0.570312 0.890625 0.570312 0.886719 0.574219 0.886719 0.585938 0.896484 0.585938 0.898438 0.587891 0.900391 0.587891 0.902344 0.589844 0.902344 0.597656 0.900391 0.599609 0.900391 0.605469 0.902344 0.605469 0.906250 0.601562 0.906250 0.599609 0.908203 0.597656 0.908203 0.591797 0.906250 0.589844 0.906250 0.580078 0.904297 0.578125 0.906250 0.576172 0.906250 0.574219 0.908203 0.572266 0.908203 0.566406
0 0.347656 0.535156 0.345703 0.537109 0.345703 0.539062 0.341797 0.542969 0.318359 0.542969 0.314453 0.546875 0.312500 0.546875 0.306641 0.552734 0.306641 0.562500 0.312500 0.568359 0.312500 0.574219 0.314453 0.576172 0.314453 0.578125 0.316406 0.578125 0.318359 0.580078 0.318359 0.585938 0.328125 0.585938 0.330078 0.583984 0.330078 0.582031 0.332031 0.580078 0.332031 0.574219 0.337891 0.568359 0.341797 0.568359 0.343750 0.566406 0.347656 0.566406 0.349609 0.564453 0.355469 0.564453 0.357422 0.562500 0.359375 0.562500 0.359375 0.560547 0.361328 0.558594 0.363281 0.558594 0.363281 0.556641 0.365234 0.554688 0.365234 0.548828 0.351562 0.535156
0 0.748047 0.509766 0.738281 0.519531 0.738281 0.521484 0.736328 0.523438 0.736328 0.527344 0.740234 0.527344 0.751953 0.515625 0.751953 0.509766
0 0.773438 0.458984 0.771484 0.460938 0.769531 0.460938 0.767578 0.462891 0.765625 0.462891 0.763672 0.464844 0.759766 0.464844 0.759766 0.478516 0.757812 0.480469 0.757812 0.488281 0.763672 0.488281 0.767578 0.484375 0.767578 0.480469 0.775391 0.472656 0.775391 0.470703 0.777344 0.468750 0.777344 0.466797 0.779297 0.464844 0.779297 0.458984
0 0.707031 0.390625 0.705078 0.392578 0.703125 0.392578 0.699219 0.396484 0.689453 0.396484 0.683594 0.402344 0.683594 0.406250 0.681641 0.408203 0.677734 0.408203 0.675781 0.410156 0.675781 0.417969 0.677734 0.419922 0.681641 0.419922 0.683594 0.421875 0.683594 0.429688 0.691406 0.437500 0.687500 0.441406 0.687500 0.449219 0.689453 0.451172 0.685547 0.455078 0.685547 0.458984 0.683594 0.460938 0.681641 0.460938 0.681641 0.462891 0.679688 0.464844 0.677734 0.464844 0.677734 0.476562 0.679688 0.478516 0.679688 0.482422 0.681641 0.484375 0.681641 0.486328 0.691406 0.486328 0.691406 0.484375 0.693359 0.482422 0.695312 0.482422 0.710938 0.466797 0.710938 0.458984 0.712891 0.457031 0.716797 0.460938 0.722656 0.460938 0.728516 0.455078 0.730469 0.455078 0.734375 0.451172 0.736328 0.451172 0.738281 0.449219 0.738281 0.441406 0.736328 0.439453 0.736328 0.425781 0.720703 0.410156 0.720703 0.408203 0.724609 0.404297 0.724609 0.396484 0.720703 0.396484 0.716797 0.392578 0.716797 0.390625
0 0.630859 0.384766 0.628906 0.386719 0.626953 0.386719 0.626953 0.390625 0.628906 0.392578 0.632812 0.392578 0.636719 0.388672 0.636719 0.384766
0 0.248047 0.345703 0.246094 0.347656 0.238281 0.347656 0.224609 0.361328 0.214844 0.361328 0.212891 0.363281 0.195312 0.363281 0.185547 0.373047 0.185547 0.375000 0.177734 0.382812 0.175781 0.382812 0.171875 0.386719 0.169922 0.386719 0.167969 0.388672 0.164062 0.388672 0.160156 0.392578 0.158203 0.390625 0.158203 0.388672 0.152344 0.388672 0.150391 0.386719 0.136719 0.386719 0.134766 0.388672 0.134766 0.390625 0.130859 0.394531 0.130859 0.396484 0.126953 0.400391 0.125000 0.400391 0.121094 0.404297 0.117188 0.404297 0.117188 0.416016 0.123047 0.421875 0.126953 0.421875 0.130859 0.425781 0.132812 0.425781 0.138672 0.431641 0.140625 0.431641 0.142578 0.433594 0.152344 0.433594 0.154297 0.435547 0.156250 0.435547 0.158203 0.437500 0.164062 0.437500 0.166016 0.435547 0.166016 0.433594 0.169922 0.429688 0.169922 0.427734 0.171875 0.425781 0.173828 0.425781 0.173828 0.423828 0.177734 0.419922 0.181641 0.419922 0.183594 0.421875 0.183594 0.423828 0.187500 0.427734 0.189453 0.427734 0.191406 0.429688 0.191406 0.431641 0.193359 0.431641 0.197266 0.435547 0.203125 0.435547 0.207031 0.439453 0.207031 0.441406 0.212891 0.447266 0.214844 0.447266 0.218750 0.451172 0.218750 0.453125 0.226562 0.453125 0.226562 0.449219 0.228516 0.447266 0.234375 0.447266 0.238281 0.451172 0.238281 0.455078 0.250000 0.455078 0.250000 0.451172 0.251953 0.449219 0.251953 0.447266 0.257812 0.441406 0.259766 0.441406 0.261719 0.439453 0.261719 0.431641 0.259766 0.429688 0.259766 0.425781 0.265625 0.419922 0.267578 0.419922 0.269531 0.417969 0.271484 0.417969 0.273438 0.416016 0.273438 0.414062 0.275391 0.412109 0.275391 0.410156 0.279297 0.406250 0.279297 0.398438 0.281250 0.396484 0.281250 0.386719 0.275391 0.380859 0.277344 0.378906 0.277344 0.367188 0.275391 0.365234 0.275391 0.361328 0.273438 0.359375 0.273438 0.355469 0.271484 0.353516 0.271484 0.351562 0.267578 0.351562 0.265625 0.349609 0.263672 0.349609 0.259766 0.345703
0 0.076172 0.267578 0.072266 0.271484 0.070312 0.271484 0.068359 0.273438 0.060547 0.273438 0.052734 0.281250 0.050781 0.281250 0.046875 0.285156 0.046875 0.287109 0.044922 0.289062 0.039062 0.289062 0.037109 0.291016 0.035156 0.291016 0.035156 0.300781 0.037109 0.300781 0.039062 0.302734 0.041016 0.302734 0.048828 0.310547 0.058594 0.310547 0.066406 0.318359 0.064453 0.320312 0.062500 0.320312 0.062500 0.322266 0.060547 0.324219 0.060547 0.333984 0.064453 0.337891 0.074219 0.337891 0.078125 0.333984 0.078125 0.332031 0.080078 0.330078 0.082031 0.330078 0.083984 0.332031 0.083984 0.333984 0.099609 0.333984 0.109375 0.324219 0.111328 0.324219 0.119141 0.316406 0.121094 0.316406 0.126953 0.310547 0.128906 0.310547 0.134766 0.304688 0.134766 0.296875 0.132812 0.294922 0.123047 0.294922 0.121094 0.296875 0.119141 0.296875 0.115234 0.300781 0.113281 0.300781 0.111328 0.298828 0.101562 0.298828 0.097656 0.302734 0.095703 0.302734 0.093750 0.304688 0.089844 0.304688 0.087891 0.306641 0.083984 0.306641 0.076172 0.298828 0.076172 0.296875 0.087891 0.285156 0.091797 0.285156 0.093750 0.283203 0.099609 0.283203 0.101562 0.281250 0.101562 0.273438 0.087891 0.273438 0.082031 0.267578
0 0.027344 0.236328 0.027344 0.242188 0.025391 0.244141 0.023438 0.244141 0.017578 0.250000 0.015625 0.250000 0.009766 0.255859 0.009766 0.267578 0.011719 0.269531 0.021484 0.269531 0.023438 0.271484 0.023438 0.275391 0.031250 0.275391 0.031250 0.267578 0.033203 0.265625 0.035156 0.265625 0.039062 0.261719 0.042969 0.261719 0.044922 0.259766 0.046875 0.259766 0.046875 0.250000 0.044922 0.250000 0.042969 0.248047 0.039062 0.248047 0.037109 0.246094 0.037109 0.238281 0.035156 0.236328
0 0.679688 0.195312 0.677734 0.197266 0.677734 0.199219 0.675781 0.201172 0.673828 0.199219 0.664062 0.199219 0.658203 0.205078 0.656250 0.205078 0.654297 0.207031 0.652344 0.205078 0.642578 0.205078 0.640625 0.207031 0.640625 0.208984 0.638672 0.210938 0.638672 0.214844 0.630859 0.222656 0.630859 0.226562 0.626953 0.230469 0.625000 0.230469 0.623047 0.232422 0.623047 0.234375 0.621094 0.236328 0.621094 0.238281 0.619141 0.240234 0.619141 0.248047 0.621094 0.248047 0.623047 0.250000 0.625000 0.250000 0.628906 0.253906 0.628906 0.257812 0.632812 0.261719 0.640625 0.261719 0.640625 0.259766 0.642578 0.257812 0.644531 0.257812 0.646484 0.259766 0.654297 0.259766 0.656250 0.261719 0.660156 0.261719 0.666016 0.255859 0.667969 0.255859 0.669922 0.257812 0.675781 0.257812 0.679688 0.253906 0.679688 0.251953 0.681641 0.250000 0.681641 0.248047 0.685547 0.244141 0.687500 0.244141 0.689453 0.242188 0.689453 0.240234 0.697266 0.232422 0.697266 0.230469 0.699219 0.228516 0.699219 0.224609 0.701172 0.222656 0.701172 0.212891 0.699219 0.210938 0.699219 0.208984 0.693359 0.203125 0.693359 0.201172 0.691406 0.199219 0.691406 0.197266 0.689453 0.195312
0 0.968750 0.000000 0.978516 0.009766 0.980469 0.009766 0.986328 0.015625 0.992188 0.015625 0.992188 0.000000
0 0.884766 0.000000 0.884766 0.005859 0.882812 0.007812 0.880859 0.007812 0.876953 0.011719 0.873047 0.007812 0.873047 0.005859 0.871094 0.003906 0.863281 0.003906 0.861328 0.005859 0.859375 0.005859 0.859375 0.007812 0.855469 0.011719 0.853516 0.011719 0.851562 0.013672 0.843750 0.013672 0.841797 0.015625 0.835938 0.015625 0.833984 0.013672 0.828125 0.013672 0.826172 0.011719 0.812500 0.011719 0.812500 0.013672 0.810547 0.015625 0.808594 0.013672 0.808594 0.009766 0.802734 0.009766 0.802734 0.011719 0.800781 0.013672 0.796875 0.013672 0.794922 0.011719 0.785156 0.011719 0.783203 0.013672 0.779297 0.013672 0.779297 0.031250 0.773438 0.037109 0.771484 0.035156 0.767578 0.035156 0.765625 0.033203 0.753906 0.033203 0.753906 0.041016 0.759766 0.046875 0.759766 0.060547 0.761719 0.062500 0.761719 0.066406 0.763672 0.068359 0.761719 0.070312 0.759766 0.070312 0.755859 0.074219 0.751953 0.074219 0.750000 0.076172 0.746094 0.076172 0.744141 0.074219 0.744141 0.072266 0.742188 0.070312 0.742188 0.066406 0.736328 0.066406 0.730469 0.072266 0.726562 0.072266 0.726562 0.087891 0.728516 0.089844 0.736328 0.089844 0.738281 0.091797 0.742188 0.091797 0.744141 0.093750 0.746094 0.091797 0.748047 0.093750 0.750000 0.093750 0.751953 0.095703 0.759766 0.095703 0.765625 0.089844 0.771484 0.089844 0.771484 0.087891 0.773438 0.085938 0.775391 0.085938 0.777344 0.083984 0.779297 0.083984 0.781250 0.085938 0.783203 0.085938 0.787109 0.089844 0.787109 0.091797 0.789062 0.093750 0.791016 0.093750 0.792969 0.095703 0.800781 0.095703 0.802734 0.097656 0.810547 0.097656 0.818359 0.089844 0.820312 0.089844 0.820312 0.087891 0.822266 0.085938 0.824219 0.085938 0.828125 0.082031 0.830078 0.082031 0.833984 0.078125 0.837891 0.078125 0.839844 0.076172 0.841797 0.076172 0.843750 0.074219 0.845703 0.074219 0.847656 0.072266 0.847656 0.068359 0.849609 0.066406 0.849609 0.064453 0.851562 0.062500 0.851562 0.058594 0.855469 0.054688 0.857422 0.056641 0.867188 0.056641 0.869141 0.054688 0.871094 0.054688 0.875000 0.050781 0.875000 0.037109 0.876953 0.035156 0.878906 0.035156 0.880859 0.033203 0.880859 0.027344 0.882812 0.025391 0.882812 0.023438 0.884766 0.021484 0.886719 0.021484 0.890625 0.017578 0.890625 0.015625 0.892578 0.013672 0.898438 0.013672 0.908203 0.023438 0.910156 0.023438 0.912109 0.025391 0.908203 0.029297 0.908203 0.033203 0.910156 0.035156 0.912109 0.035156 0.914062 0.037109 0.912109 0.039062 0.912109 0.046875 0.914062 0.048828 0.912109 0.050781 0.912109 0.052734 0.904297 0.060547 0.904297 0.068359 0.906250 0.070312 0.902344 0.074219 0.902344 0.078125 0.900391 0.080078 0.900391 0.082031 0.898438 0.083984 0.896484 0.083984 0.896484 0.089844 0.898438 0.089844 0.900391 0.091797 0.900391 0.097656 0.906250 0.103516 0.908203 0.101562 0.914062 0.101562 0.917969 0.097656 0.917969 0.095703 0.919922 0.093750 0.925781 0.099609 0.933594 0.099609 0.935547 0.101562 0.935547 0.103516 0.937500 0.105469 0.937500 0.123047 0.929688 0.130859 0.927734 0.130859 0.921875 0.136719 0.914062 0.136719 0.910156 0.140625 0.904297 0.140625 0.904297 0.148438 0.902344 0.150391 0.902344 0.152344 0.900391 0.154297 0.900391 0.160156 0.898438 0.162109 0.898438 0.166016 0.890625 0.173828 0.888672 0.173828 0.886719 0.171875 0.882812 0.171875 0.880859 0.169922 0.873047 0.169922 0.871094 0.171875 0.871094 0.179688 0.873047 0.179688 0.875000 0.181641 0.880859 0.181641 0.884766 0.185547 0.884766 0.189453 0.886719 0.191406 0.892578 0.191406 0.894531 0.189453 0.894531 0.187500 0.900391 0.181641 0.904297 0.181641 0.908203 0.185547 0.908203 0.189453 0.906250 0.191406 0.906250 0.193359 0.904297 0.195312 0.904297 0.201172 0.908203 0.205078 0.910156 0.205078 0.914062 0.208984 0.925781 0.208984 0.933594 0.201172 0.939453 0.201172 0.941406 0.199219 0.947266 0.199219 0.951172 0.195312 0.953125 0.195312 0.957031 0.191406 0.964844 0.199219 0.966797 0.199219 0.968750 0.201172 0.976562 0.201172 0.982422 0.207031 0.986328 0.207031 0.986328 0.201172 0.988281 0.199219 0.992188 0.199219 0.992188 0.039062 0.986328 0.039062 0.986328 0.041016 0.982422 0.044922 0.982422 0.050781 0.980469 0.052734 0.980469 0.058594 0.984375 0.058594 0.986328 0.060547 0.986328 0.062500 0.988281 0.064453 0.980469 0.072266 0.972656 0.072266 0.970703 0.070312 0.968750 0.070312 0.966797 0.068359 0.960938 0.068359 0.958984 0.066406 0.955078 0.066406 0.953125 0.064453 0.951172 0.064453 0.943359 0.056641 0.945312 0.054688 0.945312 0.050781 0.939453 0.044922 0.941406 0.042969 0.941406 0.037109 0.939453 0.037109 0.937500 0.035156 0.937500 0.033203 0.933594 0.029297 0.933594 0.025391 0.929688 0.021484 0.929688 0.017578 0.923828 0.011719 0.923828 0.009766 0.919922 0.005859 0.919922 0.003906 0.916016 0.003906 0.916016 0.009766 0.912109 0.013672 0.910156 0.013672 0.904297 0.007812 0.910156 0.001953 0.910156 0.000000
0 0.300781 0.000000 0.300781 0.003906 0.302734 0.005859 0.304688 0.005859 0.306641 0.007812 0.306641 0.011719 0.304688 0.013672 0.302734 0.011719 0.300781 0.011719 0.300781 0.019531 0.302734 0.021484 0.304688 0.021484 0.308594 0.025391 0.308594 0.033203 0.306641 0.035156 0.306641 0.037109 0.304688 0.039062 0.304688 0.041016 0.300781 0.044922 0.300781 0.048828 0.306641 0.048828 0.310547 0.052734 0.310547 0.054688 0.314453 0.058594 0.316406 0.058594 0.318359 0.060547 0.324219 0.060547 0.326172 0.058594 0.330078 0.058594 0.332031 0.060547 0.333984 0.060547 0.335938 0.062500 0.337891 0.062500 0.341797 0.066406 0.341797 0.078125 0.343750 0.080078 0.361328 0.080078 0.363281 0.078125 0.365234 0.078125 0.376953 0.066406 0.382812 0.072266 0.380859 0.074219 0.380859 0.080078 0.384766 0.080078 0.386719 0.082031 0.396484 0.082031 0.398438 0.083984 0.406250 0.083984 0.408203 0.082031 0.410156 0.082031 0.412109 0.080078 0.417969 0.080078 0.417969 0.078125 0.421875 0.074219 0.423828 0.076172 0.429688 0.076172 0.431641 0.074219 0.431641 0.060547 0.435547 0.056641 0.439453 0.056641 0.441406 0.054688 0.447266 0.060547 0.451172 0.060547 0.455078 0.056641 0.457031 0.056641 0.458984 0.054688 0.468750 0.054688 0.470703 0.052734 0.472656 0.054688 0.480469 0.054688 0.488281 0.046875 0.490234 0.046875 0.492188 0.044922 0.492188 0.037109 0.494141 0.035156 0.498047 0.035156 0.500000 0.033203 0.503906 0.033203 0.507812 0.029297 0.509766 0.029297 0.511719 0.027344 0.511719 0.017578 0.515625 0.013672 0.517578 0.013672 0.519531 0.011719 0.525391 0.011719 0.525391 0.009766 0.529297 0.005859 0.529297 0.003906 0.531250 0.001953 0.531250 0.000000