0 0.623047 0.908203 0.623047 0.910156 0.619141 0.914062 0.619141 0.919922 0.623047 0.919922 0.626953 0.916016 0.628906 0.916016 0.630859 0.914062 0.630859 0.908203
0 0.722656 0.890625 0.722656 0.894531 0.720703 0.896484 0.716797 0.896484 0.714844 0.898438 0.710938 0.898438 0.710938 0.900391 0.707031 0.904297 0.705078 0.904297 0.703125 0.906250 0.701172 0.906250 0.695312 0.912109 0.693359 0.912109 0.691406 0.914062 0.689453 0.914062 0.689453 0.925781 0.683594 0.931641 0.679688 0.931641 0.677734 0.933594 0.675781 0.933594 0.673828 0.935547 0.669922 0.935547 0.667969 0.933594 0.658203 0.933594 0.656250 0.931641 0.656250 0.933594 0.654297 0.935547 0.640625 0.935547 0.638672 0.937500 0.636719 0.937500 0.623047 0.951172 0.621094 0.951172 0.611328 0.960938 0.609375 0.960938 0.607422 0.962891 0.607422 0.964844 0.605469 0.966797 0.605469 0.970703 0.603516 0.972656 0.601562 0.972656 0.599609 0.974609 0.595703 0.974609 0.593750 0.976562 0.591797 0.976562 0.591797 0.978516 0.589844 0.980469 0.589844 0.982422 0.587891 0.984375 0.587891 0.988281 0.589844 0.990234 0.589844 0.992188 0.619141 0.992188 0.625000 0.986328 0.626953 0.986328 0.626953 0.984375 0.628906 0.982422 0.630859 0.982422 0.630859 0.980469 0.632812 0.978516 0.634766 0.978516 0.634766 0.976562 0.636719 0.974609 0.638672 0.974609 0.640625 0.976562 0.640625 0.980469 0.662109 0.980469 0.664062 0.982422 0.667969 0.978516 0.681641 0.978516 0.683594 0.976562 0.685547 0.976562 0.687500 0.974609 0.691406 0.974609 0.693359 0.972656 0.695312 0.972656 0.697266 0.970703 0.705078 0.970703 0.707031 0.968750 0.708984 0.968750 0.710938 0.966797 0.710938 0.964844 0.712891 0.962891 0.716797 0.962891 0.720703 0.958984 0.722656 0.958984 0.722656 0.957031 0.724609 0.955078 0.730469 0.955078 0.732422 0.957031 0.734375 0.957031 0.736328 0.955078 0.738281 0.955078 0.740234 0.953125 0.746094 0.953125 0.748047 0.955078 0.750000 0.955078 0.751953 0.957031 0.753906 0.955078 0.753906 0.951172 0.751953 0.949219 0.751953 0.943359 0.757812 0.937500 0.759766 0.937500 0.761719 0.935547 0.761719 0.933594 0.763672 0.931641 0.765625 0.931641 0.773438 0.923828 0.773438 0.914062 0.767578 0.908203 0.767578 0.906250 0.761719 0.906250 0.759766 0.904297 0.759766 0.902344 0.757812 0.902344 0.755859 0.900391 0.755859 0.896484 0.753906 0.894531 0.744141 0.894531 0.742188 0.896484 0.738281 0.892578 0.736328 0.892578 0.734375 0.890625
0 0.656250 0.806641 0.652344 0.810547 0.652344 0.820312 0.654297 0.822266 0.654297 0.832031 0.666016 0.832031 0.667969 0.830078 0.669922 0.830078 0.671875 0.828125 0.671875 0.820312 0.669922 0.818359 0.669922 0.810547 0.667969 0.810547 0.664062 0.806641
0 0.226562 0.792969 0.226562 0.798828 0.230469 0.802734 0.230469 0.808594 0.238281 0.808594 0.240234 0.806641 0.242188 0.806641 0.246094 0.802734 0.246094 0.796875 0.236328 0.796875 0.232422 0.792969
0 0.650391 0.746094 0.648438 0.748047 0.646484 0.748047 0.644531 0.750000 0.642578 0.750000 0.642578 0.755859 0.654297 0.755859 0.654297 0.748047 0.652344 0.746094
0 0.173828 0.744141 0.171875 0.746094 0.169922 0.746094 0.167969 0.748047 0.164062 0.748047 0.162109 0.750000 0.158203 0.750000 0.158203 0.757812 0.160156 0.759766 0.169922 0.759766 0.173828 0.755859 0.173828 0.753906 0.175781 0.751953 0.175781 0.744141
0 0.208984 0.742188 0.208984 0.744141 0.205078 0.748047 0.205078 0.750000 0.201172 0.753906 0.201172 0.755859 0.197266 0.759766 0.197266 0.761719 0.195312 0.763672 0.195312 0.765625 0.191406 0.769531 0.191406 0.771484 0.189453 0.773438 0.189453 0.777344 0.187500 0.779297 0.187500 0.789062 0.191406 0.789062 0.199219 0.781250 0.201172 0.783203 0.214844 0.783203 0.214844 0.781250 0.216797 0.779297 0.218750 0.779297 0.218750 0.777344 0.220703 0.775391 0.230469 0.775391 0.234375 0.771484 0.236328 0.771484 0.238281 0.769531 0.238281 0.763672 0.240234 0.761719 0.238281 0.759766 0.238281 0.755859 0.236328 0.753906 0.222656 0.753906 0.220703 0.751953 0.220703 0.742188
0 0.619141 0.718750 0.617188 0.720703 0.617188 0.728516 0.619141 0.730469 0.619141 0.734375 0.628906 0.734375 0.630859 0.732422 0.632812 0.732422 0.634766 0.734375 0.642578 0.734375 0.642578 0.726562 0.638672 0.726562 0.630859 0.718750
0 0.300781 0.416016 0.300781 0.431641 0.302734 0.433594 0.302734 0.437500 0.306641 0.437500 0.308594 0.439453 0.316406 0.439453 0.318359 0.437500 0.318359 0.429688 0.316406 0.427734 0.316406 0.423828 0.312500 0.419922 0.310547 0.419922 0.306641 0.416016
0 0.367188 0.410156 0.367188 0.414062 0.375000 0.421875 0.382812 0.421875 0.382812 0.417969 0.380859 0.417969 0.378906 0.416016 0.378906 0.412109 0.376953 0.410156
0 0.378906 0.388672 0.376953 0.390625 0.375000 0.390625 0.375000 0.400391 0.380859 0.406250 0.388672 0.406250 0.390625 0.408203 0.390625 0.410156 0.392578 0.412109 0.392578 0.429688 0.394531 0.431641 0.394531 0.433594 0.396484 0.435547 0.400391 0.435547 0.402344 0.433594 0.408203 0.433594 0.408203 0.425781 0.406250 0.423828 0.406250 0.402344 0.404297 0.400391 0.404297 0.398438 0.400391 0.394531 0.400391 0.392578 0.398438 0.392578 0.396484 0.390625 0.394531 0.390625 0.392578 0.388672
0 0.236328 0.361328 0.234375 0.363281 0.232422 0.363281 0.230469 0.365234 0.224609 0.365234 0.222656 0.367188 0.222656 0.373047 0.220703 0.375000 0.220703 0.376953 0.216797 0.380859 0.214844 0.380859 0.207031 0.388672 0.205078 0.388672 0.205078 0.390625 0.201172 0.394531 0.201172 0.396484 0.205078 0.400391 0.205078 0.404297 0.199219 0.410156 0.195312 0.410156 0.193359 0.412109 0.193359 0.414062 0.191406 0.416016 0.191406 0.417969 0.189453 0.419922 0.189453 0.421875 0.185547 0.425781 0.185547 0.431641 0.183594 0.433594 0.183594 0.439453 0.177734 0.445312 0.177734 0.447266 0.175781 0.449219 0.173828 0.449219 0.177734 0.453125 0.175781 0.455078 0.175781 0.457031 0.171875 0.460938 0.169922 0.460938 0.162109 0.468750 0.158203 0.468750 0.154297 0.464844 0.154297 0.460938 0.156250 0.458984 0.158203 0.458984 0.160156 0.457031 0.160156 0.451172 0.158203 0.449219 0.158203 0.447266 0.152344 0.441406 0.150391 0.441406 0.148438 0.439453 0.142578 0.439453 0.140625 0.441406 0.140625 0.447266 0.136719 0.451172 0.136719 0.453125 0.132812 0.457031 0.130859 0.457031 0.128906 0.458984 0.126953 0.458984 0.123047 0.462891 0.121094 0.462891 0.121094 0.464844 0.119141 0.466797 0.113281 0.466797 0.111328 0.468750 0.109375 0.468750 0.107422 0.470703 0.101562 0.470703 0.099609 0.468750 0.097656 0.468750 0.095703 0.466797 0.093750 0.466797 0.091797 0.464844 0.091797 0.462891 0.089844 0.460938 0.089844 0.449219 0.087891 0.449219 0.085938 0.447266 0.072266 0.447266 0.070312 0.449219 0.068359 0.449219 0.060547 0.457031 0.060547 0.458984 0.058594 0.460938 0.058594 0.462891 0.052734 0.468750 0.046875 0.468750 0.041016 0.462891 0.039062 0.462891 0.037109 0.460938 0.029297 0.460938 0.029297 0.462891 0.027344 0.464844 0.027344 0.474609 0.015625 0.486328 0.015625 0.494141 0.017578 0.496094 0.027344 0.496094 0.029297 0.494141 0.033203 0.494141 0.035156 0.496094 0.044922 0.496094 0.044922 0.494141 0.048828 0.490234 0.048828 0.482422 0.046875 0.480469 0.046875 0.478516 0.050781 0.474609 0.052734 0.476562 0.052734 0.480469 0.054688 0.480469 0.058594 0.484375 0.058594 0.490234 0.056641 0.492188 0.056641 0.496094 0.054688 0.498047 0.054688 0.500000 0.050781 0.503906 0.050781 0.509766 0.048828 0.511719 0.046875 0.511719 0.041016 0.517578 0.039062 0.517578 0.039062 0.523438 0.035156 0.527344 0.031250 0.523438 0.031250 0.521484 0.033203 0.519531 0.033203 0.515625 0.031250 0.513672 0.027344 0.513672 0.025391 0.511719 0.025391 0.507812 0.023438 0.507812 0.021484 0.505859 0.017578 0.505859 0.015625 0.503906 0.015625 0.501953 0.009766 0.501953 0.007812 0.503906 0.005859 0.503906 0.000000 0.509766 0.000000 0.744141 0.001953 0.744141 0.003906 0.746094 0.003906 0.753906 0.005859 0.753906 0.007812 0.755859 0.007812 0.757812 0.009766 0.757812 0.011719 0.759766 0.011719 0.767578 0.013672 0.769531 0.015625 0.769531 0.017578 0.771484 0.023438 0.771484 0.025391 0.769531 0.025391 0.765625 0.033203 0.757812 0.033203 0.755859 0.039062 0.750000 0.041016 0.750000 0.042969 0.748047 0.042969 0.738281 0.044922 0.736328 0.044922 0.732422 0.046875 0.730469 0.046875 0.728516 0.050781 0.724609 0.072266 0.724609 0.074219 0.726562 0.076172 0.726562 0.080078 0.730469 0.080078 0.734375 0.082031 0.736328 0.082031 0.738281 0.083984 0.740234 0.083984 0.742188 0.085938 0.744141 0.085938 0.750000 0.083984 0.751953 0.083984 0.753906 0.082031 0.755859 0.082031 0.757812 0.080078 0.759766 0.078125 0.759766 0.078125 0.763672 0.080078 0.765625 0.080078 0.767578 0.082031 0.769531 0.082031 0.771484 0.085938 0.775391 0.085938 0.777344 0.091797 0.783203 0.091797 0.785156 0.093750 0.785156 0.095703 0.787109 0.095703 0.789062 0.097656 0.789062 0.099609 0.791016 0.107422 0.791016 0.115234 0.783203 0.115234 0.763672 0.125000 0.753906 0.125000 0.750000 0.126953 0.748047 0.126953 0.746094 0.130859 0.742188 0.136719 0.748047 0.138672 0.748047 0.140625 0.750000 0.146484 0.750000 0.148438 0.748047 0.150391 0.748047 0.152344 0.746094 0.152344 0.740234 0.154297 0.738281 0.156250 0.738281 0.158203 0.736328 0.160156 0.736328 0.164062 0.732422 0.164062 0.730469 0.167969 0.726562 0.167969 0.716797 0.173828 0.710938 0.183594 0.710938 0.189453 0.705078 0.193359 0.705078 0.199219 0.710938 0.203125 0.710938 0.205078 0.712891 0.205078 0.716797 0.208984 0.720703 0.210938 0.720703 0.212891 0.722656 0.212891 0.724609 0.220703 0.724609 0.222656 0.726562 0.222656 0.728516 0.228516 0.728516 0.236328 0.720703 0.238281 0.720703 0.240234 0.718750 0.242188 0.718750 0.244141 0.720703 0.244141 0.740234 0.246094 0.740234 0.246094 0.738281 0.248047 0.736328 0.250000 0.738281 0.253906 0.738281 0.255859 0.740234 0.255859 0.746094 0.251953 0.750000 0.250000 0.750000 0.250000 0.751953 0.248047 0.753906 0.251953 0.757812 0.253906 0.757812 0.259766 0.751953 0.261719 0.751953 0.267578 0.746094 0.271484 0.750000 0.271484 0.753906 0.273438 0.755859 0.277344 0.755859 0.279297 0.753906 0.281250 0.753906 0.281250 0.746094 0.279297 0.744141 0.279297 0.742188 0.283203 0.738281 0.285156 0.738281 0.287109 0.736328 0.289062 0.738281 0.291016 0.738281 0.296875 0.744141 0.296875 0.750000 0.285156 0.761719 0.279297 0.761719 0.277344 0.763672 0.273438 0.759766 0.267578 0.759766 0.265625 0.761719 0.265625 0.765625 0.261719 0.769531 0.261719 0.771484 0.259766 0.773438 0.259766 0.779297 0.261719 0.779297 0.263672 0.777344 0.265625 0.777344 0.267578 0.775391 0.275391 0.775391 0.279297 0.779297 0.281250 0.779297 0.281250 0.777344 0.283203 0.775391 0.285156 0.777344 0.289062 0.777344 0.292969 0.781250 0.291016 0.783203 0.289062 0.783203 0.285156 0.787109 0.283203 0.787109 0.281250 0.789062 0.279297 0.789062 0.279297 0.794922 0.273438 0.800781 0.271484 0.800781 0.271484 0.802734 0.269531 0.804688 0.267578 0.804688 0.267578 0.806641 0.269531 0.808594 0.269531 0.812500 0.267578 0.814453 0.267578 0.818359 0.269531 0.820312 0.269531 0.822266 0.267578 0.824219 0.267578 0.835938 0.259766 0.843750 0.251953 0.843750 0.250000 0.845703 0.248047 0.843750 0.246094 0.845703 0.244141 0.845703 0.242188 0.847656 0.240234 0.845703 0.238281 0.847656 0.226562 0.847656 0.222656 0.851562 0.218750 0.851562 0.216797 0.853516 0.216797 0.855469 0.208984 0.863281 0.207031 0.863281 0.203125 0.867188 0.201172 0.867188 0.201172 0.869141 0.199219 0.871094 0.197266 0.871094 0.197266 0.873047 0.189453 0.880859 0.189453 0.884766 0.197266 0.884766 0.199219 0.886719 0.195312 0.890625 0.191406 0.890625 0.187500 0.894531 0.185547 0.894531 0.185547 0.896484 0.183594 0.898438 0.183594 0.900391 0.179688 0.904297 0.177734 0.904297 0.175781 0.906250 0.173828 0.906250 0.171875 0.908203 0.169922 0.908203 0.167969 0.910156 0.166016 0.910156 0.162109 0.914062 0.162109 0.919922 0.160156 0.921875 0.160156 0.923828 0.158203 0.925781 0.154297 0.925781 0.154297 0.927734 0.152344 0.929688 0.146484 0.929688 0.142578 0.925781 0.144531 0.923828 0.142578 0.921875 0.140625 0.921875 0.136719 0.917969 0.136719 0.910156 0.142578 0.904297 0.144531 0.904297 0.144531 0.894531 0.146484 0.892578 0.146484 0.888672 0.148438 0.886719 0.148438 0.884766 0.152344 0.880859 0.158203 0.880859 0.160156 0.878906 0.162109 0.878906 0.166016 0.875000 0.167969 0.875000 0.167969 0.873047 0.169922 0.871094 0.171875 0.871094 0.173828 0.869141 0.175781 0.869141 0.177734 0.867188 0.177734 0.859375 0.173828 0.855469 0.169922 0.855469 0.167969 0.853516 0.160156 0.853516 0.158203 0.855469 0.156250 0.853516 0.156250 0.851562 0.154297 0.849609 0.154297 0.837891 0.152344 0.835938 0.152344 0.832031 0.158203 0.826172 0.160156 0.826172 0.160156 0.824219 0.162109 0.822266 0.164062 0.822266 0.171875 0.814453 0.171875 0.810547 0.166016 0.810547 0.160156 0.816406 0.150391 0.816406 0.144531 0.810547 0.142578 0.810547 0.140625 0.808594 0.136719 0.808594 0.134766 0.810547 0.134766 0.826172 0.132812 0.828125 0.132812 0.832031 0.130859 0.833984 0.128906 0.833984 0.125000 0.837891 0.119141 0.837891 0.115234 0.833984 0.103516 0.833984 0.101562 0.835938 0.101562 0.837891 0.097656 0.841797 0.091797 0.841797 0.085938 0.835938 0.078125 0.835938 0.072266 0.830078 0.072266 0.826172 0.062500 0.826172 0.060547 0.824219 0.060547 0.818359 0.056641 0.818359 0.054688 0.820312 0.054688 0.822266 0.046875 0.830078 0.046875 0.837891 0.041016 0.843750 0.039062 0.841797 0.037109 0.841797 0.035156 0.839844 0.033203 0.839844 0.031250 0.837891 0.017578 0.837891 0.011719 0.843750 0.011719 0.847656 0.009766 0.849609 0.009766 0.853516 0.011719 0.853516 0.017578 0.859375 0.017578 0.865234 0.013672 0.869141 0.011719 0.867188 0.007812 0.867188 0.005859 0.869141 0.003906 0.867188 0.000000 0.867188 0.000000 0.992188 0.529297 0.992188 0.529297 0.990234 0.525391 0.990234 0.523438 0.988281 0.523438 0.986328 0.525391 0.984375 0.525391 0.976562 0.529297 0.972656 0.531250 0.972656 0.533203 0.974609 0.542969 0.974609 0.542969 0.964844 0.539062 0.960938 0.539062 0.958984 0.537109 0.957031 0.542969 0.951172 0.544922 0.951172 0.544922 0.947266 0.548828 0.943359 0.548828 0.939453 0.558594 0.929688 0.558594 0.921875 0.554688 0.917969 0.554688 0.916016 0.552734 0.914062 0.552734 0.908203 0.554688 0.906250 0.554688 0.904297 0.556641 0.902344 0.556641 0.900391 0.558594 0.898438 0.558594 0.896484 0.560547 0.894531 0.562500 0.894531 0.566406 0.890625 0.566406 0.886719 0.568359 0.884766 0.570312 0.884766 0.572266 0.882812 0.574219 0.882812 0.576172 0.880859 0.578125 0.880859 0.582031 0.876953 0.583984 0.876953 0.583984 0.871094 0.582031 0.871094 0.580078 0.869141 0.578125 0.869141 0.576172 0.867188 0.574219 0.867188 0.572266 0.865234 0.572266 0.863281 0.570312 0.861328 0.570312 0.859375 0.574219 0.855469 0.574219 0.853516 0.578125 0.849609 0.578125 0.847656 0.582031 0.843750 0.582031 0.841797 0.585938 0.837891 0.585938 0.835938 0.593750 0.828125 0.593750 0.824219 0.591797 0.822266 0.593750 0.820312 0.595703 0.820312 0.597656 0.818359 0.601562 0.818359 0.603516 0.816406 0.605469 0.816406 0.605469 0.814453 0.609375 0.810547 0.613281 0.810547 0.617188 0.806641 0.623047 0.806641 0.625000 0.808594 0.626953 0.808594 0.628906 0.806641 0.630859 0.806641 0.632812 0.804688 0.634766 0.804688 0.634766 0.802734 0.638672 0.798828 0.640625 0.798828 0.642578 0.796875 0.636719 0.791016 0.634766 0.791016 0.632812 0.789062 0.628906 0.789062 0.621094 0.781250 0.623047 0.779297 0.621094 0.777344 0.621094 0.775391 0.623047 0.773438 0.623047 0.771484 0.626953 0.767578 0.628906 0.769531 0.628906 0.771484 0.632812 0.771484 0.634766 0.773438 0.636719 0.771484 0.638672 0.771484 0.638672 0.765625 0.636719 0.763672 0.632812 0.763672 0.630859 0.761719 0.630859 0.759766 0.619141 0.759766 0.615234 0.755859 0.619141 0.751953 0.619141 0.744141 0.601562 0.744141 0.599609 0.742188 0.585938 0.742188 0.583984 0.744141 0.580078 0.744141 0.578125 0.746094 0.576172 0.746094 0.574219 0.748047 0.572266 0.748047 0.570312 0.750000 0.566406 0.750000 0.564453 0.751953 0.560547 0.751953 0.558594 0.753906 0.552734 0.753906 0.544922 0.761719 0.539062 0.761719 0.537109 0.759766 0.537109 0.753906 0.535156 0.751953 0.535156 0.742188 0.539062 0.738281 0.542969 0.738281 0.546875 0.742188 0.546875 0.744141 0.554688 0.744141 0.560547 0.738281 0.560547 0.736328 0.564453 0.732422 0.564453 0.718750 0.562500 0.716797 0.562500 0.714844 0.558594 0.710938 0.558594 0.708984 0.554688 0.705078 0.552734 0.707031 0.548828 0.703125 0.548828 0.701172 0.550781 0.699219 0.562500 0.699219 0.564453 0.701172 0.574219 0.701172 0.576172 0.703125 0.576172 0.707031 0.578125 0.708984 0.591797 0.708984 0.591797 0.707031 0.593750 0.705078 0.593750 0.693359 0.591797 0.691406 0.585938 0.691406 0.576172 0.681641 0.578125 0.679688 0.578125 0.677734 0.580078 0.675781 0.580078 0.673828 0.585938 0.667969 0.587891 0.667969 0.589844 0.666016 0.589844 0.662109 0.593750 0.658203 0.595703 0.658203 0.601562 0.664062 0.607422 0.664062 0.613281 0.658203 0.615234 0.658203 0.619141 0.654297 0.621094 0.654297 0.621094 0.652344 0.623047 0.650391 0.623047 0.648438 0.625000 0.646484 0.625000 0.644531 0.623047 0.642578 0.623047 0.630859 0.621094 0.628906 0.619141 0.628906 0.617188 0.626953 0.615234 0.626953 0.613281 0.625000 0.611328 0.625000 0.607422 0.621094 0.605469 0.621094 0.603516 0.619141 0.603516 0.617188 0.601562 0.615234 0.601562 0.613281 0.599609 0.613281 0.593750 0.607422 0.593750 0.605469 0.591797 0.603516 0.591797 0.601562 0.583984 0.601562 0.582031 0.599609 0.582031 0.593750 0.578125 0.589844 0.570312 0.589844 0.568359 0.587891 0.564453 0.587891 0.562500 0.585938 0.562500 0.583984 0.560547 0.582031 0.560547 0.578125 0.566406 0.572266 0.566406 0.564453 0.564453 0.564453 0.560547 0.568359 0.554688 0.568359 0.550781 0.572266 0.539062 0.572266 0.537109 0.574219 0.529297 0.574219 0.527344 0.572266 0.527344 0.568359 0.525391 0.568359 0.523438 0.566406 0.523438 0.562500 0.521484 0.562500 0.519531 0.560547 0.519531 0.558594 0.513672 0.552734 0.513672 0.550781 0.509766 0.546875 0.509766 0.544922 0.507812 0.544922 0.505859 0.542969 0.505859 0.535156 0.507812 0.533203 0.507812 0.529297 0.509766 0.527344 0.509766 0.525391 0.511719 0.523438 0.513672 0.523438 0.519531 0.517578 0.531250 0.517578 0.537109 0.511719 0.537109 0.492188 0.533203 0.488281 0.533203 0.486328 0.531250 0.484375 0.529297 0.484375 0.527344 0.482422 0.523438 0.482422 0.521484 0.480469 0.525391 0.476562 0.527344 0.476562 0.529297 0.474609 0.531250 0.474609 0.533203 0.472656 0.533203 0.466797 0.521484 0.466797 0.519531 0.468750 0.517578 0.468750 0.513672 0.472656 0.507812 0.472656 0.505859 0.470703 0.505859 0.468750 0.498047 0.460938 0.498047 0.458984 0.494141 0.455078 0.494141 0.453125 0.492188 0.451172 0.492188 0.449219 0.488281 0.445312 0.490234 0.443359 0.490234 0.439453 0.492188 0.437500 0.492188 0.431641 0.490234 0.429688 0.490234 0.425781 0.488281 0.423828 0.488281 0.421875 0.472656 0.421875 0.470703 0.423828 0.466797 0.423828 0.451172 0.408203 0.451172 0.406250 0.447266 0.402344 0.447266 0.400391 0.437500 0.390625 0.435547 0.390625 0.433594 0.388672 0.427734 0.388672 0.425781 0.390625 0.423828 0.390625 0.423828 0.392578 0.419922 0.396484 0.419922 0.398438 0.416016 0.402344 0.416016 0.417969 0.417969 0.417969 0.419922 0.419922 0.419922 0.421875 0.421875 0.421875 0.429688 0.429688 0.429688 0.431641 0.431641 0.431641 0.433594 0.433594 0.433594 0.437500 0.431641 0.439453 0.427734 0.439453 0.425781 0.441406 0.425781 0.449219 0.427734 0.451172 0.425781 0.453125 0.425781 0.457031 0.423828 0.458984 0.423828 0.460938 0.419922 0.464844 0.416016 0.464844 0.412109 0.468750 0.410156 0.466797 0.410156 0.464844 0.400391 0.464844 0.398438 0.466797 0.392578 0.466797 0.392578 0.470703 0.394531 0.472656 0.398438 0.472656 0.404297 0.478516 0.406250 0.478516 0.408203 0.480469 0.408203 0.482422 0.414062 0.488281 0.414062 0.492188 0.417969 0.492188 0.417969 0.490234 0.423828 0.484375 0.425781 0.484375 0.429688 0.488281 0.433594 0.488281 0.437500 0.492188 0.437500 0.494141 0.441406 0.498047 0.441406 0.503906 0.439453 0.505859 0.431641 0.505859 0.429688 0.507812 0.423828 0.507812 0.419922 0.511719 0.419922 0.519531 0.421875 0.521484 0.421875 0.523438 0.429688 0.523438 0.429688 0.521484 0.437500 0.513672 0.443359 0.513672 0.445312 0.515625 0.447266 0.515625 0.449219 0.517578 0.449219 0.521484 0.451172 0.521484 0.453125 0.523438 0.453125 0.525391 0.451172 0.527344 0.449219 0.527344 0.449219 0.533203 0.447266 0.535156 0.449219 0.537109 0.449219 0.539062 0.447266 0.541016 0.445312 0.541016 0.443359 0.542969 0.439453 0.542969 0.439453 0.556641 0.433594 0.562500 0.429688 0.562500 0.423828 0.568359 0.419922 0.568359 0.417969 0.566406 0.417969 0.558594 0.410156 0.558594 0.408203 0.556641 0.392578 0.556641 0.390625 0.558594 0.384766 0.558594 0.384766 0.560547 0.380859 0.564453 0.375000 0.564453 0.373047 0.566406 0.359375 0.566406 0.357422 0.568359 0.345703 0.568359 0.341797 0.564453 0.341797 0.562500 0.347656 0.556641 0.347656 0.554688 0.351562 0.550781 0.351562 0.548828 0.355469 0.544922 0.355469 0.541016 0.357422 0.539062 0.359375 0.539062 0.359375 0.537109 0.361328 0.535156 0.363281 0.535156 0.363281 0.533203 0.365234 0.531250 0.367188 0.531250 0.369141 0.529297 0.375000 0.529297 0.378906 0.533203 0.382812 0.533203 0.382812 0.531250 0.384766 0.529297 0.386719 0.529297 0.386719 0.519531 0.384766 0.517578 0.384766 0.515625 0.382812 0.513672 0.382812 0.511719 0.378906 0.507812 0.378906 0.505859 0.376953 0.503906 0.376953 0.500000 0.361328 0.484375 0.361328 0.482422 0.349609 0.482422 0.345703 0.478516 0.343750 0.478516 0.339844 0.474609 0.330078 0.474609 0.326172 0.470703 0.324219 0.470703 0.322266 0.468750 0.310547 0.468750 0.308594 0.470703 0.308594 0.472656 0.304688 0.476562 0.292969 0.476562 0.291016 0.474609 0.291016 0.472656 0.289062 0.474609 0.283203 0.474609 0.283203 0.476562 0.281250 0.478516 0.279297 0.478516 0.277344 0.480469 0.271484 0.480469 0.269531 0.482422 0.267578 0.482422 0.267578 0.486328 0.261719 0.492188 0.259766 0.492188 0.257812 0.494141 0.251953 0.494141 0.250000 0.496094 0.246094 0.496094 0.242188 0.500000 0.234375 0.500000 0.232422 0.498047 0.232422 0.490234 0.236328 0.486328 0.238281 0.486328 0.248047 0.476562 0.253906 0.476562 0.253906 0.468750 0.255859 0.466797 0.257812 0.466797 0.257812 0.462891 0.261719 0.458984 0.261719 0.457031 0.263672 0.455078 0.263672 0.453125 0.261719 0.451172 0.261719 0.443359 0.259766 0.441406 0.255859 0.441406 0.253906 0.439453 0.253906 0.437500 0.255859 0.435547 0.255859 0.429688 0.257812 0.427734 0.259766 0.427734 0.259766 0.425781 0.261719 0.423828 0.261719 0.421875 0.265625 0.417969 0.265625 0.414062 0.267578 0.412109 0.269531 0.412109 0.275391 0.406250 0.275391 0.400391 0.283203 0.392578 0.283203 0.384766 0.279297 0.380859 0.279297 0.378906 0.277344 0.378906 0.273438 0.375000 0.251953 0.375000 0.250000 0.376953 0.242188 0.376953 0.240234 0.375000 0.240234 0.369141 0.242188 0.367188 0.244141 0.367188 0.246094 0.365234 0.246094 0.363281 0.244141 0.361328
0 0.492188 0.314453 0.486328 0.320312 0.484375 0.320312 0.484375 0.322266 0.478516 0.328125 0.478516 0.337891 0.480469 0.339844 0.480469 0.347656 0.478516 0.349609 0.478516 0.355469 0.480469 0.357422 0.480469 0.369141 0.482422 0.369141 0.484375 0.371094 0.484375 0.373047 0.494141 0.382812 0.505859 0.382812 0.507812 0.380859 0.509766 0.380859 0.511719 0.382812 0.517578 0.382812 0.521484 0.378906 0.521484 0.373047 0.523438 0.371094 0.523438 0.363281 0.525391 0.361328 0.527344 0.361328 0.527344 0.353516 0.515625 0.341797 0.515625 0.330078 0.513672 0.328125 0.513672 0.326172 0.511719 0.324219 0.511719 0.320312 0.509766 0.318359 0.509766 0.314453
0 0.714844 0.250000 0.712891 0.251953 0.710938 0.251953 0.710938 0.253906 0.708984 0.255859 0.708984 0.257812 0.703125 0.263672 0.701172 0.263672 0.701172 0.265625 0.699219 0.267578 0.689453 0.267578 0.687500 0.269531 0.685547 0.267578 0.681641 0.267578 0.679688 0.265625 0.677734 0.265625 0.675781 0.263672 0.675781 0.261719 0.673828 0.261719 0.671875 0.259766 0.671875 0.257812 0.669922 0.257812 0.667969 0.259766 0.662109 0.259766 0.660156 0.261719 0.642578 0.261719 0.640625 0.263672 0.638672 0.263672 0.628906 0.273438 0.626953 0.273438 0.626953 0.275391 0.623047 0.279297 0.621094 0.279297 0.611328 0.289062 0.611328 0.294922 0.603516 0.302734 0.603516 0.314453 0.611328 0.322266 0.611328 0.324219 0.607422 0.328125 0.605469 0.328125 0.603516 0.330078 0.601562 0.330078 0.595703 0.335938 0.595703 0.357422 0.593750 0.359375 0.593750 0.361328 0.589844 0.365234 0.589844 0.380859 0.591797 0.382812 0.591797 0.398438 0.593750 0.400391 0.593750 0.402344 0.595703 0.404297 0.597656 0.404297 0.601562 0.408203 0.603516 0.408203 0.607422 0.412109 0.607422 0.419922 0.617188 0.419922 0.619141 0.421875 0.619141 0.431641 0.642578 0.431641 0.644531 0.433594 0.646484 0.433594 0.648438 0.431641 0.650391 0.433594 0.650391 0.435547 0.654297 0.439453 0.654297 0.449219 0.658203 0.453125 0.660156 0.453125 0.666016 0.458984 0.667969 0.458984 0.677734 0.468750 0.677734 0.470703 0.679688 0.472656 0.691406 0.472656 0.693359 0.470703 0.695312 0.470703 0.697266 0.468750 0.699219 0.470703 0.701172 0.470703 0.707031 0.476562 0.707031 0.478516 0.710938 0.482422 0.710938 0.484375 0.714844 0.488281 0.716797 0.488281 0.718750 0.490234 0.732422 0.490234 0.732422 0.476562 0.730469 0.474609 0.730469 0.460938 0.734375 0.457031 0.734375 0.455078 0.736328 0.453125 0.736328 0.441406 0.734375 0.439453 0.734375 0.433594 0.730469 0.429688 0.728516 0.429688 0.722656 0.423828 0.736328 0.410156 0.736328 0.398438 0.728516 0.390625 0.728516 0.388672 0.732422 0.384766 0.742188 0.384766 0.744141 0.382812 0.746094 0.382812 0.746094 0.376953 0.750000 0.373047 0.755859 0.373047 0.755859 0.371094 0.757812 0.369141 0.757812 0.365234 0.767578 0.355469 0.769531 0.355469 0.771484 0.353516 0.769531 0.351562 0.769531 0.345703 0.771484 0.343750 0.773438 0.343750 0.773438 0.341797 0.775391 0.339844 0.779297 0.339844 0.783203 0.335938 0.781250 0.333984 0.783203 0.332031 0.783203 0.320312 0.785156 0.318359 0.785156 0.316406 0.783203 0.314453 0.785156 0.312500 0.785156 0.308594 0.783203 0.308594 0.779297 0.304688 0.779297 0.302734 0.777344 0.300781 0.773438 0.300781 0.769531 0.296875 0.769531 0.292969 0.775391 0.287109 0.775391 0.285156 0.779297 0.281250 0.779297 0.273438 0.777344 0.271484 0.777344 0.269531 0.775391 0.267578 0.773438 0.267578 0.771484 0.265625 0.757812 0.265625 0.757812 0.275391 0.755859 0.277344 0.755859 0.281250 0.753906 0.283203 0.750000 0.283203 0.748047 0.281250 0.748047 0.279297 0.746094 0.277344 0.746094 0.265625 0.742188 0.261719 0.742188 0.259766 0.736328 0.253906 0.728516 0.253906 0.726562 0.251953 0.726562 0.250000
0 0.345703 0.162109 0.341797 0.166016 0.339844 0.166016 0.335938 0.169922 0.335938 0.175781 0.337891 0.175781 0.339844 0.177734 0.339844 0.179688 0.343750 0.179688 0.351562 0.187500 0.349609 0.189453 0.349609 0.197266 0.353516 0.201172 0.363281 0.201172 0.365234 0.199219 0.367188 0.199219 0.371094 0.195312 0.373047 0.197266 0.373047 0.199219 0.388672 0.199219 0.390625 0.197266 0.392578 0.197266 0.394531 0.195312 0.396484 0.195312 0.398438 0.193359 0.400391 0.193359 0.402344 0.191406 0.402344 0.181641 0.400391 0.179688 0.400391 0.175781 0.398438 0.173828 0.398438 0.171875 0.396484 0.169922 0.396484 0.167969 0.392578 0.167969 0.390625 0.169922 0.390625 0.171875 0.388672 0.173828 0.386719 0.173828 0.382812 0.169922 0.380859 0.169922 0.378906 0.167969 0.367188 0.167969 0.365234 0.166016 0.363281 0.166016 0.359375 0.162109
0 0.992188 0.150391 0.988281 0.154297 0.992188 0.154297
0 0.992188 0.132812 0.990234 0.134766 0.992188 0.136719 0.992188 0.138672
0 0.003906 0.119141 0.003906 0.121094 0.001953 0.123047 0.000000 0.123047 0.000000 0.210938 0.003906 0.210938 0.005859 0.208984 0.007812 0.208984 0.009766 0.207031 0.009766 0.205078 0.013672 0.201172 0.013672 0.185547 0.015625 0.183594 0.017578 0.183594 0.019531 0.181641 0.021484 0.181641 0.023438 0.179688 0.025391 0.179688 0.029297 0.175781 0.029297 0.173828 0.031250 0.171875 0.031250 0.167969 0.033203 0.166016 0.033203 0.162109 0.035156 0.160156 0.035156 0.158203 0.037109 0.156250 0.037109 0.142578 0.033203 0.138672 0.031250 0.138672 0.027344 0.134766 0.021484 0.134766 0.019531 0.132812 0.017578 0.132812 0.015625 0.130859 0.015625 0.128906 0.013672 0.128906 0.007812 0.123047 0.007812 0.119141
0 0.876953 0.078125 0.876953 0.087891 0.875000 0.089844 0.875000 0.099609 0.876953 0.101562 0.876953 0.128906 0.875000 0.130859 0.873047 0.130859 0.865234 0.138672 0.865234 0.140625 0.861328 0.144531 0.861328 0.146484 0.859375 0.148438 0.859375 0.150391 0.855469 0.154297 0.855469 0.156250 0.851562 0.160156 0.835938 0.160156 0.835938 0.162109 0.832031 0.166016 0.832031 0.167969 0.833984 0.169922 0.833984 0.177734 0.832031 0.179688 0.832031 0.181641 0.830078 0.183594 0.828125 0.183594 0.828125 0.185547 0.826172 0.187500 0.826172 0.189453 0.828125 0.191406 0.830078 0.191406 0.833984 0.195312 0.835938 0.195312 0.841797 0.201172 0.841797 0.203125 0.830078 0.214844 0.830078 0.216797 0.820312 0.226562 0.820312 0.238281 0.822266 0.240234 0.822266 0.242188 0.824219 0.244141 0.824219 0.251953 0.826172 0.253906 0.828125 0.253906 0.833984 0.259766 0.832031 0.261719 0.832031 0.263672 0.830078 0.265625 0.830078 0.271484 0.828125 0.273438 0.828125 0.275391 0.820312 0.283203 0.820312 0.296875 0.818359 0.298828 0.820312 0.300781 0.820312 0.302734 0.818359 0.304688 0.820312 0.304688 0.822266 0.306641 0.822266 0.308594 0.824219 0.306641 0.826172 0.308594 0.826172 0.310547 0.828125 0.310547 0.830078 0.312500 0.830078 0.314453 0.855469 0.314453 0.857422 0.316406 0.857422 0.318359 0.861328 0.322266 0.859375 0.324219 0.859375 0.326172 0.857422 0.328125 0.857422 0.330078 0.859375 0.332031 0.859375 0.335938 0.875000 0.335938 0.876953 0.333984 0.876953 0.332031 0.878906 0.330078 0.878906 0.328125 0.886719 0.320312 0.886719 0.308594 0.888672 0.306641 0.888672 0.304688 0.894531 0.298828 0.896484 0.298828 0.898438 0.296875 0.900391 0.296875 0.900391 0.289062 0.896484 0.285156 0.896484 0.283203 0.900391 0.279297 0.902344 0.279297 0.906250 0.275391 0.906250 0.273438 0.912109 0.267578 0.914062 0.267578 0.921875 0.259766 0.921875 0.257812 0.925781 0.253906 0.931641 0.253906 0.933594 0.251953 0.935547 0.253906 0.937500 0.253906 0.939453 0.255859 0.941406 0.255859 0.943359 0.257812 0.943359 0.259766 0.945312 0.259766 0.947266 0.261719 0.953125 0.261719 0.957031 0.257812 0.957031 0.246094 0.955078 0.244141 0.955078 0.242188 0.958984 0.238281 0.962891 0.238281 0.964844 0.236328 0.966797 0.236328 0.970703 0.232422 0.970703 0.220703 0.968750 0.220703 0.966797 0.218750 0.964844 0.218750 0.960938 0.214844 0.960938 0.203125 0.957031 0.199219 0.957031 0.195312 0.955078 0.193359 0.955078 0.189453 0.953125 0.187500 0.937500 0.187500 0.927734 0.177734 0.927734 0.175781 0.923828 0.171875 0.923828 0.169922 0.925781 0.167969 0.925781 0.162109 0.927734 0.160156 0.927734 0.154297 0.929688 0.152344 0.929688 0.150391 0.927734 0.148438 0.929688 0.146484 0.929688 0.142578 0.931641 0.140625 0.931641 0.132812 0.929688 0.130859 0.929688 0.126953 0.923828 0.121094 0.923828 0.115234 0.921875 0.113281 0.921875 0.111328 0.919922 0.109375 0.919922 0.107422 0.914062 0.101562 0.914062 0.099609 0.904297 0.089844 0.902344 0.089844 0.900391 0.087891 0.898438 0.087891 0.894531 0.083984 0.892578 0.083984 0.888672 0.080078 0.886719 0.080078 0.884766 0.078125
0 0.791016 0.068359 0.791016 0.074219 0.792969 0.076172 0.792969 0.080078 0.794922 0.080078 0.796875 0.082031 0.800781 0.082031 0.802734 0.080078 0.804688 0.082031 0.810547 0.082031 0.810547 0.078125 0.808594 0.078125 0.806641 0.076172 0.804688 0.076172 0.800781 0.072266 0.800781 0.070312 0.798828 0.070312 0.796875 0.068359
0 0.761719 0.033203 0.759766 0.035156 0.759766 0.039062 0.757812 0.041016 0.757812 0.042969 0.755859 0.044922 0.755859 0.050781 0.753906 0.052734 0.748047 0.052734 0.748047 0.054688 0.746094 0.056641 0.744141 0.056641 0.742188 0.058594 0.742188 0.062500 0.740234 0.064453 0.740234 0.068359 0.738281 0.070312 0.738281 0.076172 0.740234 0.078125 0.742188 0.078125 0.744141 0.080078 0.748047 0.080078 0.751953 0.083984 0.753906 0.083984 0.755859 0.082031 0.769531 0.082031 0.769531 0.078125 0.771484 0.076172 0.771484 0.074219 0.773438 0.072266 0.773438 0.068359 0.779297 0.062500 0.779297 0.060547 0.785156 0.054688 0.787109 0.054688 0.789062 0.052734 0.789062 0.044922 0.787109 0.042969 0.787109 0.041016 0.785156 0.039062 0.783203 0.039062 0.779297 0.035156 0.775391 0.035156 0.773438 0.033203
0 0.408203 0.000000 0.408203 0.009766 0.404297 0.013672 0.402344 0.013672 0.400391 0.015625 0.396484 0.015625 0.396484 0.017578 0.394531 0.019531 0.392578 0.019531 0.392578 0.023438 0.390625 0.025391 0.390625 0.027344 0.388672 0.029297 0.388672 0.035156 0.386719 0.037109 0.384766 0.037109 0.384766 0.039062 0.386719 0.041016 0.386719 0.042969 0.388672 0.044922 0.394531 0.044922 0.396484 0.046875 0.396484 0.048828 0.398438 0.050781 0.402344 0.050781 0.404297 0.052734 0.408203 0.052734 0.412109 0.056641 0.457031 0.056641 0.460938 0.052734 0.462891 0.052734 0.466797 0.048828 0.470703 0.048828 0.472656 0.046875 0.470703 0.044922 0.470703 0.041016 0.474609 0.037109 0.474609 0.033203 0.476562 0.031250 0.478516 0.031250 0.478516 0.029297 0.484375 0.023438 0.484375 0.007812 0.482422 0.005859 0.482422 0.003906 0.478516 0.000000
0 0.339844 0.000000 0.339844 0.001953 0.337891 0.003906 0.337891 0.009766 0.339844 0.011719 0.339844 0.013672 0.347656 0.013672 0.353516 0.007812 0.355469 0.007812 0.355469 0.005859 0.359375 0.001953 0.359375 0.000000
0 0.310547 0.000000 0.310547 0.001953 0.308594 0.003906 0.300781 0.003906 0.300781 0.005859 0.298828 0.007812 0.292969 0.007812 0.292969 0.015625 0.294922 0.017578 0.294922 0.021484 0.296875 0.023438 0.296875 0.025391 0.298828 0.027344 0.298828 0.029297 0.294922 0.033203 0.294922 0.037109 0.292969 0.039062 0.285156 0.039062 0.277344 0.046875 0.277344 0.048828 0.273438 0.052734 0.273438 0.060547 0.279297 0.066406 0.279297 0.070312 0.287109 0.070312 0.291016 0.066406 0.291016 0.064453 0.294922 0.060547 0.294922 0.058594 0.298828 0.054688 0.298828 0.052734 0.300781 0.050781 0.300781 0.048828 0.304688 0.044922 0.312500 0.052734 0.312500 0.054688 0.314453 0.056641 0.312500 0.058594 0.310547 0.058594 0.306641 0.062500 0.306641 0.064453 0.296875 0.074219 0.296875 0.076172 0.292969 0.080078 0.292969 0.082031 0.291016 0.083984 0.291016 0.093750 0.292969 0.095703 0.292969 0.097656 0.296875 0.101562 0.296875 0.103516 0.298828 0.105469 0.298828 0.107422 0.302734 0.111328 0.302734 0.115234 0.306641 0.115234 0.308594 0.113281 0.322266 0.113281 0.324219 0.115234 0.324219 0.111328 0.330078 0.105469 0.332031 0.105469 0.335938 0.109375 0.335938 0.111328 0.337891 0.113281 0.337891 0.119141 0.332031 0.125000 0.332031 0.126953 0.330078 0.128906 0.330078 0.134766 0.332031 0.136719 0.345703 0.136719 0.347656 0.138672 0.376953 0.138672 0.378906 0.136719 0.378906 0.134766 0.380859 0.132812 0.380859 0.130859 0.382812 0.128906 0.388672 0.128906 0.392578 0.125000 0.392578 0.123047 0.390625 0.121094 0.390625 0.115234 0.388672 0.113281 0.386719 0.113281 0.384766 0.111328 0.384766 0.109375 0.382812 0.107422 0.382812 0.095703 0.373047 0.085938 0.373047 0.083984 0.367188 0.078125 0.359375 0.078125 0.359375 0.080078 0.357422 0.082031 0.355469 0.082031 0.351562 0.078125 0.351562 0.074219 0.349609 0.072266 0.349609 0.066406 0.347656 0.066406 0.345703 0.064453 0.345703 0.062500 0.347656 0.060547 0.347656 0.056641 0.343750 0.052734 0.343750 0.048828 0.341797 0.046875 0.339844 0.046875 0.333984 0.041016 0.330078 0.041016 0.328125 0.039062 0.328125 0.037109 0.324219 0.033203 0.324219 0.031250 0.318359 0.025391 0.318359 0.023438 0.316406 0.021484 0.320312 0.017578 0.322266 0.017578 0.322266 0.015625 0.324219 0.013672 0.322266 0.011719 0.322266 0.007812 0.324219 0.005859 0.322266 0.003906 0.322266 0.000000
0 0.041016 0.000000 0.041016 0.005859 0.042969 0.005859 0.044922 0.007812 0.044922 0.021484 0.046875 0.023438 0.046875 0.031250 0.042969 0.035156 0.042969 0.041016 0.050781 0.041016 0.054688 0.044922 0.056641 0.044922 0.066406 0.054688 0.060547 0.060547 0.060547 0.062500 0.058594 0.064453 0.056641 0.064453 0.050781 0.070312 0.048828 0.070312 0.039062 0.080078 0.039062 0.087891 0.046875 0.087891 0.048828 0.085938 0.052734 0.085938 0.054688 0.083984 0.060547 0.083984 0.062500 0.085938 0.064453 0.085938 0.066406 0.087891 0.068359 0.087891 0.072266 0.091797 0.072266 0.093750 0.074219 0.095703 0.074219 0.134766 0.080078 0.140625 0.082031 0.140625 0.085938 0.144531 0.089844 0.144531 0.091797 0.146484 0.095703 0.146484 0.103516 0.154297 0.105469 0.154297 0.109375 0.158203 0.121094 0.158203 0.121094 0.156250 0.123047 0.154297 0.123047 0.150391 0.125000 0.148438 0.126953 0.148438 0.128906 0.146484 0.132812 0.150391 0.132812 0.152344 0.134766 0.154297 0.136719 0.154297 0.138672 0.156250 0.136719 0.158203 0.136719 0.164062 0.134766 0.166016 0.134766 0.167969 0.132812 0.169922 0.132812 0.183594 0.138672 0.183594 0.140625 0.181641 0.142578 0.181641 0.144531 0.179688 0.146484 0.179688 0.150391 0.175781 0.152344 0.175781 0.156250 0.171875 0.158203 0.171875 0.166016 0.164062 0.167969 0.164062 0.175781 0.156250 0.177734 0.156250 0.179688 0.154297 0.181641 0.154297 0.181641 0.152344 0.183594 0.150391 0.185547 0.150391 0.189453 0.146484 0.191406 0.146484 0.195312 0.142578 0.197266 0.142578 0.197266 0.140625 0.199219 0.138672 0.199219 0.136719 0.203125 0.132812 0.205078 0.132812 0.205078 0.130859 0.207031 0.128906 0.207031 0.123047 0.210938 0.119141 0.210938 0.117188 0.212891 0.115234 0.212891 0.107422 0.210938 0.107422 0.208984 0.105469 0.210938 0.103516 0.210938 0.099609 0.214844 0.095703 0.214844 0.091797 0.218750 0.087891 0.218750 0.085938 0.220703 0.083984 0.220703 0.082031 0.222656 0.080078 0.224609 0.080078 0.226562 0.078125 0.228516 0.078125 0.230469 0.076172 0.230469 0.072266 0.228516 0.070312 0.228516 0.066406 0.238281 0.056641 0.238281 0.054688 0.240234 0.052734 0.240234 0.048828 0.242188 0.046875 0.242188 0.039062 0.240234 0.037109 0.240234 0.035156 0.238281 0.033203 0.238281 0.017578 0.236328 0.015625 0.236328 0.013672 0.240234 0.009766 0.240234 0.000000