0 0.470703 0.984375 0.468750 0.986328 0.464844 0.986328 0.458984 0.992188 0.492188 0.992188 0.492188 0.990234 0.488281 0.986328 0.486328 0.986328 0.484375 0.984375
0 0.439453 0.927734 0.437500 0.929688 0.433594 0.929688 0.433594 0.939453 0.429688 0.943359 0.429688 0.949219 0.431641 0.949219 0.433594 0.951172 0.437500 0.951172 0.439453 0.953125 0.437500 0.955078 0.435547 0.955078 0.419922 0.970703 0.419922 0.978516 0.421875 0.980469 0.423828 0.980469 0.425781 0.982422 0.437500 0.982422 0.439453 0.980469 0.443359 0.980469 0.443359 0.974609 0.445312 0.972656 0.458984 0.972656 0.464844 0.966797 0.472656 0.966797 0.474609 0.964844 0.474609 0.960938 0.472656 0.958984 0.472656 0.957031 0.474609 0.955078 0.474609 0.951172 0.472656 0.951172 0.470703 0.949219 0.460938 0.949219 0.458984 0.947266 0.460938 0.945312 0.460938 0.939453 0.457031 0.935547 0.457031 0.933594 0.451172 0.927734
0 0.527344 0.917969 0.525391 0.919922 0.521484 0.919922 0.517578 0.923828 0.517578 0.929688 0.519531 0.931641 0.519531 0.941406 0.517578 0.943359 0.515625 0.941406 0.515625 0.939453 0.505859 0.939453 0.505859 0.947266 0.507812 0.949219 0.507812 0.953125 0.511719 0.957031 0.509766 0.958984 0.509766 0.962891 0.507812 0.964844 0.507812 0.974609 0.513672 0.974609 0.515625 0.972656 0.515625 0.970703 0.523438 0.962891 0.535156 0.974609 0.537109 0.974609 0.539062 0.976562 0.541016 0.976562 0.542969 0.978516 0.544922 0.978516 0.546875 0.980469 0.554688 0.980469 0.554688 0.968750 0.556641 0.966797 0.556641 0.964844 0.558594 0.962891 0.558594 0.945312 0.550781 0.937500 0.550781 0.935547 0.548828 0.935547 0.546875 0.933594 0.546875 0.929688 0.542969 0.925781 0.542969 0.923828 0.541016 0.921875 0.541016 0.917969
0 0.462891 0.906250 0.460938 0.908203 0.460938 0.917969 0.466797 0.923828 0.474609 0.923828 0.476562 0.921875 0.484375 0.921875 0.486328 0.919922 0.486328 0.916016 0.488281 0.914062 0.488281 0.910156 0.484375 0.906250 0.480469 0.906250 0.478516 0.908203 0.476562 0.908203 0.474609 0.910156 0.472656 0.910156 0.470703 0.908203 0.468750 0.908203 0.466797 0.906250
0 0.904297 0.753906 0.902344 0.755859 0.898438 0.755859 0.894531 0.759766 0.894531 0.761719 0.892578 0.763672 0.890625 0.763672 0.888672 0.765625 0.888672 0.767578 0.886719 0.769531 0.886719 0.804688 0.888672 0.806641 0.888672 0.816406 0.890625 0.818359 0.890625 0.820312 0.892578 0.822266 0.892578 0.828125 0.894531 0.830078 0.894531 0.832031 0.898438 0.835938 0.898438 0.837891 0.900391 0.839844 0.900391 0.841797 0.902344 0.843750 0.902344 0.845703 0.900391 0.847656 0.900391 0.849609 0.898438 0.851562 0.898438 0.867188 0.900391 0.869141 0.900391 0.871094 0.902344 0.873047 0.904297 0.873047 0.906250 0.875000 0.906250 0.876953 0.908203 0.876953 0.910156 0.878906 0.914062 0.878906 0.916016 0.880859 0.945312 0.880859 0.947266 0.878906 0.949219 0.878906 0.951172 0.876953 0.955078 0.876953 0.957031 0.875000 0.960938 0.875000 0.962891 0.873047 0.974609 0.873047 0.974609 0.871094 0.976562 0.869141 0.982422 0.869141 0.982422 0.867188 0.988281 0.861328 0.988281 0.859375 0.992188 0.855469 0.992188 0.753906 0.964844 0.753906 0.962891 0.755859 0.943359 0.755859 0.941406 0.753906
0 0.187500 0.435547 0.183594 0.439453 0.183594 0.451172 0.191406 0.451172 0.191406 0.447266 0.193359 0.445312 0.205078 0.445312 0.205078 0.437500 0.195312 0.437500 0.193359 0.435547
0 0.123047 0.396484 0.123047 0.398438 0.121094 0.400391 0.121094 0.410156 0.123047 0.412109 0.130859 0.412109 0.130859 0.398438 0.128906 0.396484
0 0.171875 0.337891 0.167969 0.341797 0.166016 0.341797 0.164062 0.343750 0.164062 0.345703 0.166016 0.347656 0.166016 0.351562 0.167969 0.353516 0.167969 0.359375 0.166016 0.361328 0.164062 0.361328 0.164062 0.363281 0.160156 0.367188 0.160156 0.369141 0.156250 0.373047 0.154297 0.373047 0.152344 0.375000 0.152344 0.378906 0.154297 0.378906 0.156250 0.380859 0.156250 0.396484 0.160156 0.400391 0.164062 0.400391 0.166016 0.402344 0.167969 0.402344 0.169922 0.404297 0.179688 0.404297 0.179688 0.394531 0.175781 0.390625 0.173828 0.390625 0.171875 0.388672 0.167969 0.388672 0.164062 0.384766 0.175781 0.373047 0.175781 0.371094 0.181641 0.365234 0.181641 0.355469 0.179688 0.353516 0.181641 0.351562 0.187500 0.351562 0.189453 0.349609 0.189453 0.341797 0.183594 0.341797 0.181641 0.339844 0.177734 0.339844 0.175781 0.337891
0 0.109375 0.302734 0.109375 0.310547 0.107422 0.312500 0.107422 0.314453 0.101562 0.320312 0.095703 0.320312 0.093750 0.322266 0.091797 0.322266 0.091797 0.328125 0.095703 0.332031 0.095703 0.335938 0.093750 0.337891 0.091797 0.337891 0.089844 0.339844 0.089844 0.347656 0.087891 0.349609 0.085938 0.349609 0.083984 0.347656 0.083984 0.345703 0.082031 0.345703 0.074219 0.337891 0.070312 0.337891 0.052734 0.355469 0.052734 0.363281 0.058594 0.363281 0.060547 0.365234 0.060547 0.373047 0.070312 0.373047 0.070312 0.371094 0.072266 0.369141 0.072266 0.367188 0.076172 0.363281 0.080078 0.367188 0.080078 0.373047 0.078125 0.375000 0.076172 0.375000 0.072266 0.378906 0.072266 0.384766 0.082031 0.384766 0.087891 0.378906 0.089844 0.378906 0.091797 0.376953 0.093750 0.376953 0.095703 0.375000 0.103516 0.375000 0.105469 0.373047 0.107422 0.373047 0.107422 0.371094 0.111328 0.367188 0.111328 0.365234 0.113281 0.363281 0.113281 0.357422 0.115234 0.355469 0.115234 0.351562 0.123047 0.343750 0.123047 0.339844 0.126953 0.335938 0.126953 0.333984 0.128906 0.332031 0.128906 0.330078 0.132812 0.326172 0.134766 0.326172 0.134766 0.320312 0.136719 0.318359 0.136719 0.310547 0.134766 0.308594 0.134766 0.306641 0.132812 0.306641 0.130859 0.304688 0.125000 0.304688 0.123047 0.302734
0 0.171875 0.097656 0.167969 0.101562 0.167969 0.103516 0.166016 0.105469 0.164062 0.105469 0.160156 0.109375 0.160156 0.111328 0.156250 0.115234 0.156250 0.125000 0.158203 0.125000 0.160156 0.126953 0.162109 0.126953 0.166016 0.130859 0.179688 0.130859 0.183594 0.126953 0.183594 0.105469 0.179688 0.101562 0.179688 0.099609 0.177734 0.099609 0.175781 0.097656
0 0.000000 0.000000 0.000000 0.261719 0.005859 0.261719 0.007812 0.259766 0.007812 0.257812 0.009766 0.255859 0.011719 0.257812 0.013672 0.257812 0.015625 0.259766 0.017578 0.259766 0.023438 0.265625 0.025391 0.265625 0.027344 0.267578 0.035156 0.267578 0.039062 0.271484 0.044922 0.271484 0.046875 0.269531 0.048828 0.269531 0.050781 0.267578 0.072266 0.267578 0.078125 0.261719 0.078125 0.255859 0.082031 0.251953 0.082031 0.250000 0.089844 0.242188 0.091797 0.242188 0.099609 0.234375 0.099609 0.232422 0.101562 0.230469 0.101562 0.220703 0.103516 0.218750 0.103516 0.214844 0.115234 0.203125 0.115234 0.189453 0.113281 0.187500 0.113281 0.181641 0.111328 0.179688 0.111328 0.177734 0.109375 0.175781 0.109375 0.171875 0.095703 0.171875 0.095703 0.173828 0.091797 0.177734 0.076172 0.177734 0.074219 0.175781 0.074219 0.173828 0.072266 0.173828 0.070312 0.171875 0.070312 0.169922 0.064453 0.164062 0.064453 0.158203 0.066406 0.156250 0.066406 0.154297 0.068359 0.152344 0.068359 0.142578 0.062500 0.136719 0.062500 0.132812 0.058594 0.128906 0.058594 0.117188 0.060547 0.115234 0.060547 0.113281 0.070312 0.103516 0.070312 0.089844 0.068359 0.087891 0.070312 0.085938 0.070312 0.080078 0.072266 0.078125 0.072266 0.064453 0.070312 0.062500 0.070312 0.058594 0.066406 0.058594 0.064453 0.056641 0.064453 0.054688 0.062500 0.054688 0.060547 0.052734 0.058594 0.054688 0.048828 0.054688 0.046875 0.052734 0.037109 0.052734 0.037109 0.056641 0.035156 0.058594 0.031250 0.058594 0.027344 0.054688 0.027344 0.044922 0.029297 0.042969 0.033203 0.042969 0.035156 0.044922 0.037109 0.042969 0.039062 0.042969 0.041016 0.041016 0.048828 0.041016 0.050781 0.042969 0.050781 0.044922 0.052734 0.044922 0.056641 0.041016 0.066406 0.041016 0.066406 0.029297 0.064453 0.029297 0.062500 0.027344 0.062500 0.025391 0.060547 0.023438 0.058594 0.023438 0.056641 0.021484 0.050781 0.021484 0.048828 0.019531 0.048828 0.013672 0.046875 0.013672 0.044922 0.011719 0.042969 0.011719 0.041016 0.009766 0.041016 0.007812 0.039062 0.007812 0.037109 0.005859 0.033203 0.005859 0.031250 0.003906 0.027344 0.003906 0.023438 0.000000