0 0.322266 0.990234 0.320312 0.992188 0.328125 0.992188 0.326172 0.990234 0.324219 0.992188
0 0.138672 0.982422 0.138672 0.984375 0.134766 0.988281 0.134766 0.992188 0.148438 0.992188 0.148438 0.984375 0.146484 0.982422
0 0.087891 0.978516 0.083984 0.982422 0.082031 0.982422 0.082031 0.984375 0.080078 0.986328 0.080078 0.992188 0.103516 0.992188 0.103516 0.986328 0.101562 0.984375 0.101562 0.982422 0.097656 0.978516
0 0.078125 0.929688 0.078125 0.933594 0.076172 0.935547 0.068359 0.935547 0.064453 0.939453 0.064453 0.947266 0.066406 0.947266 0.068359 0.949219 0.070312 0.949219 0.072266 0.951172 0.076172 0.951172 0.078125 0.953125 0.076172 0.955078 0.076172 0.960938 0.074219 0.962891 0.074219 0.972656 0.083984 0.972656 0.083984 0.970703 0.087891 0.966797 0.089844 0.966797 0.093750 0.962891 0.095703 0.962891 0.099609 0.958984 0.099609 0.949219 0.093750 0.949219 0.089844 0.953125 0.087891 0.953125 0.085938 0.951172 0.085938 0.947266 0.083984 0.945312 0.083984 0.929688
0 0.062500 0.888672 0.058594 0.892578 0.058594 0.894531 0.056641 0.896484 0.056641 0.904297 0.060547 0.908203 0.066406 0.908203 0.068359 0.910156 0.068359 0.912109 0.076172 0.912109 0.076172 0.900391 0.070312 0.894531 0.070312 0.888672
0 0.148438 0.783203 0.146484 0.785156 0.144531 0.785156 0.142578 0.787109 0.140625 0.787109 0.140625 0.791016 0.134766 0.796875 0.132812 0.796875 0.130859 0.798828 0.128906 0.798828 0.128906 0.808594 0.130859 0.808594 0.134766 0.812500 0.132812 0.814453 0.132812 0.822266 0.128906 0.826172 0.128906 0.828125 0.130859 0.830078 0.123047 0.837891 0.113281 0.837891 0.109375 0.841797 0.109375 0.843750 0.107422 0.845703 0.107422 0.855469 0.105469 0.857422 0.103516 0.855469 0.103516 0.851562 0.099609 0.851562 0.097656 0.849609 0.097656 0.843750 0.095703 0.841797 0.089844 0.841797 0.087891 0.843750 0.085938 0.843750 0.085938 0.853516 0.083984 0.855469 0.083984 0.865234 0.085938 0.867188 0.085938 0.869141 0.091797 0.869141 0.093750 0.871094 0.093750 0.873047 0.095703 0.873047 0.097656 0.875000 0.107422 0.875000 0.109375 0.876953 0.109375 0.878906 0.121094 0.878906 0.121094 0.876953 0.125000 0.873047 0.125000 0.867188 0.126953 0.865234 0.126953 0.857422 0.128906 0.855469 0.134766 0.855469 0.142578 0.847656 0.144531 0.847656 0.146484 0.849609 0.146484 0.851562 0.144531 0.853516 0.144531 0.857422 0.142578 0.859375 0.142578 0.861328 0.140625 0.863281 0.140625 0.865234 0.138672 0.867188 0.138672 0.873047 0.136719 0.875000 0.136719 0.880859 0.138672 0.882812 0.136719 0.884766 0.138672 0.886719 0.138672 0.894531 0.142578 0.898438 0.156250 0.898438 0.160156 0.894531 0.162109 0.894531 0.162109 0.892578 0.164062 0.890625 0.171875 0.890625 0.173828 0.888672 0.175781 0.888672 0.177734 0.886719 0.179688 0.886719 0.181641 0.884766 0.181641 0.873047 0.179688 0.871094 0.179688 0.867188 0.177734 0.865234 0.177734 0.863281 0.175781 0.861328 0.175781 0.851562 0.177734 0.849609 0.177734 0.847656 0.175781 0.845703 0.173828 0.845703 0.169922 0.841797 0.166016 0.841797 0.164062 0.839844 0.164062 0.837891 0.162109 0.835938 0.162109 0.833984 0.160156 0.833984 0.158203 0.832031 0.158203 0.830078 0.154297 0.826172 0.154297 0.822266 0.156250 0.820312 0.156250 0.816406 0.154297 0.814453 0.154297 0.806641 0.152344 0.804688 0.152344 0.785156 0.150391 0.783203
0 0.019531 0.765625 0.019531 0.771484 0.017578 0.773438 0.017578 0.775391 0.013672 0.779297 0.013672 0.792969 0.025391 0.792969 0.027344 0.791016 0.027344 0.789062 0.031250 0.785156 0.031250 0.783203 0.033203 0.781250 0.033203 0.771484 0.031250 0.769531 0.031250 0.765625
0 0.062500 0.757812 0.058594 0.761719 0.054688 0.761719 0.050781 0.765625 0.050781 0.777344 0.052734 0.779297 0.052734 0.783203 0.054688 0.785156 0.054688 0.787109 0.056641 0.789062 0.056641 0.791016 0.054688 0.792969 0.054688 0.796875 0.052734 0.798828 0.052734 0.800781 0.050781 0.802734 0.048828 0.802734 0.041016 0.810547 0.041016 0.818359 0.042969 0.820312 0.042969 0.822266 0.046875 0.826172 0.042969 0.830078 0.041016 0.830078 0.037109 0.833984 0.035156 0.833984 0.035156 0.849609 0.039062 0.853516 0.048828 0.853516 0.048828 0.851562 0.054688 0.845703 0.054688 0.835938 0.058594 0.832031 0.060547 0.832031 0.062500 0.830078 0.062500 0.828125 0.066406 0.824219 0.066406 0.818359 0.068359 0.816406 0.068359 0.812500 0.070312 0.810547 0.070312 0.791016 0.068359 0.791016 0.066406 0.789062 0.066406 0.785156 0.064453 0.783203 0.064453 0.761719 0.062500 0.759766
0 0.000000 0.701172 0.000000 0.748047 0.005859 0.748047 0.007812 0.746094 0.009766 0.746094 0.011719 0.744141 0.013672 0.744141 0.013672 0.740234 0.015625 0.738281 0.015625 0.716797 0.013672 0.714844 0.013672 0.710938 0.009766 0.707031 0.009766 0.705078 0.007812 0.703125 0.007812 0.701172
0 0.664062 0.457031 0.662109 0.458984 0.662109 0.462891 0.660156 0.464844 0.654297 0.464844 0.656250 0.466797 0.656250 0.468750 0.662109 0.468750 0.664062 0.470703 0.666016 0.470703 0.669922 0.466797 0.673828 0.466797 0.673828 0.460938 0.669922 0.457031
0 0.972656 0.230469 0.972656 0.232422 0.970703 0.234375 0.970703 0.238281 0.968750 0.240234 0.968750 0.242188 0.970703 0.244141 0.970703 0.246094 0.974609 0.250000 0.974609 0.253906 0.976562 0.253906 0.982422 0.259766 0.982422 0.261719 0.984375 0.261719 0.986328 0.263672 0.986328 0.277344 0.984375 0.279297 0.982422 0.279297 0.992188 0.279297 0.992188 0.234375 0.988281 0.230469
0 0.005859 0.199219 0.001953 0.203125 0.000000 0.203125 0.000000 0.527344 0.003906 0.531250 0.003906 0.533203 0.005859 0.531250 0.007812 0.531250 0.009766 0.529297 0.009766 0.521484 0.011719 0.519531 0.011719 0.517578 0.009766 0.515625 0.009766 0.513672 0.007812 0.511719 0.007812 0.507812 0.013672 0.501953 0.015625 0.501953 0.015625 0.494141 0.013672 0.492188 0.011719 0.492188 0.003906 0.484375 0.003906 0.482422 0.001953 0.480469 0.001953 0.472656 0.003906 0.470703 0.007812 0.470703 0.009766 0.472656 0.013672 0.472656 0.015625 0.474609 0.015625 0.476562 0.017578 0.476562 0.023438 0.482422 0.027344 0.482422 0.029297 0.484375 0.029297 0.492188 0.027344 0.494141 0.023438 0.494141 0.021484 0.496094 0.021484 0.500000 0.025391 0.503906 0.031250 0.503906 0.035156 0.500000 0.035156 0.498047 0.037109 0.496094 0.037109 0.486328 0.041016 0.482422 0.042969 0.482422 0.042969 0.472656 0.044922 0.470703 0.046875 0.470703 0.048828 0.468750 0.050781 0.468750 0.052734 0.470703 0.052734 0.472656 0.054688 0.474609 0.056641 0.472656 0.058594 0.474609 0.058594 0.480469 0.056641 0.482422 0.056641 0.498047 0.058594 0.500000 0.058594 0.501953 0.060547 0.503906 0.060547 0.505859 0.062500 0.507812 0.062500 0.517578 0.060547 0.519531 0.056641 0.519531 0.052734 0.523438 0.042969 0.523438 0.037109 0.517578 0.035156 0.517578 0.033203 0.519531 0.029297 0.515625 0.029297 0.513672 0.025391 0.513672 0.023438 0.515625 0.019531 0.515625 0.017578 0.517578 0.015625 0.517578 0.015625 0.529297 0.013672 0.531250 0.013672 0.544922 0.011719 0.546875 0.011719 0.554688 0.021484 0.554688 0.023438 0.556641 0.033203 0.556641 0.035156 0.558594 0.035156 0.562500 0.033203 0.564453 0.033203 0.566406 0.035156 0.568359 0.035156 0.570312 0.037109 0.572266 0.037109 0.582031 0.035156 0.583984 0.033203 0.583984 0.031250 0.585938 0.027344 0.585938 0.025391 0.587891 0.025391 0.589844 0.019531 0.595703 0.019531 0.597656 0.017578 0.599609 0.017578 0.601562 0.015625 0.603516 0.013672 0.603516 0.013672 0.611328 0.011719 0.613281 0.000000 0.613281 0.000000 0.638672 0.005859 0.644531 0.017578 0.644531 0.019531 0.642578 0.025391 0.648438 0.025391 0.652344 0.021484 0.656250 0.015625 0.656250 0.013672 0.658203 0.013672 0.660156 0.009766 0.664062 0.007812 0.664062 0.005859 0.666016 0.005859 0.671875 0.007812 0.673828 0.007812 0.675781 0.009766 0.677734 0.009766 0.679688 0.011719 0.681641 0.011719 0.683594 0.015625 0.687500 0.015625 0.689453 0.027344 0.689453 0.029297 0.687500 0.031250 0.689453 0.031250 0.691406 0.035156 0.695312 0.044922 0.695312 0.046875 0.693359 0.046875 0.675781 0.044922 0.675781 0.042969 0.673828 0.044922 0.671875 0.052734 0.671875 0.060547 0.664062 0.062500 0.664062 0.064453 0.666016 0.066406 0.666016 0.068359 0.667969 0.068359 0.675781 0.070312 0.677734 0.070312 0.679688 0.072266 0.681641 0.072266 0.685547 0.074219 0.687500 0.074219 0.691406 0.076172 0.693359 0.076172 0.697266 0.078125 0.699219 0.078125 0.701172 0.085938 0.708984 0.085938 0.710938 0.080078 0.716797 0.074219 0.710938 0.072266 0.710938 0.070312 0.708984 0.056641 0.708984 0.056641 0.710938 0.054688 0.712891 0.054688 0.714844 0.052734 0.716797 0.050781 0.714844 0.050781 0.712891 0.041016 0.712891 0.039062 0.714844 0.039062 0.716797 0.035156 0.720703 0.035156 0.722656 0.033203 0.724609 0.033203 0.726562 0.031250 0.728516 0.031250 0.734375 0.033203 0.736328 0.033203 0.740234 0.041016 0.748047 0.041016 0.750000 0.068359 0.750000 0.070312 0.748047 0.072266 0.748047 0.074219 0.746094 0.074219 0.744141 0.076172 0.742188 0.080078 0.742188 0.082031 0.744141 0.082031 0.746094 0.083984 0.748047 0.083984 0.750000 0.082031 0.751953 0.082031 0.753906 0.085938 0.753906 0.087891 0.751953 0.087891 0.750000 0.089844 0.748047 0.091797 0.748047 0.095703 0.744141 0.097656 0.744141 0.099609 0.742188 0.101562 0.742188 0.103516 0.740234 0.109375 0.746094 0.109375 0.750000 0.111328 0.751953 0.111328 0.757812 0.107422 0.761719 0.107422 0.763672 0.105469 0.765625 0.097656 0.765625 0.095703 0.763672 0.093750 0.765625 0.089844 0.765625 0.087891 0.767578 0.085938 0.767578 0.083984 0.769531 0.083984 0.773438 0.085938 0.775391 0.085938 0.781250 0.087891 0.783203 0.089844 0.783203 0.093750 0.787109 0.095703 0.787109 0.101562 0.792969 0.101562 0.794922 0.095703 0.800781 0.095703 0.802734 0.093750 0.804688 0.093750 0.806641 0.091797 0.808594 0.091797 0.810547 0.089844 0.812500 0.089844 0.814453 0.087891 0.816406 0.087891 0.826172 0.089844 0.826172 0.091797 0.828125 0.099609 0.828125 0.101562 0.826172 0.103516 0.826172 0.111328 0.818359 0.113281 0.818359 0.113281 0.814453 0.117188 0.810547 0.117188 0.796875 0.115234 0.794922 0.115234 0.777344 0.119141 0.773438 0.121094 0.773438 0.123047 0.775391 0.123047 0.781250 0.125000 0.783203 0.128906 0.783203 0.130859 0.781250 0.136719 0.781250 0.138672 0.779297 0.140625 0.779297 0.142578 0.777344 0.144531 0.777344 0.148438 0.773438 0.154297 0.773438 0.156250 0.775391 0.156250 0.777344 0.158203 0.777344 0.160156 0.775391 0.164062 0.775391 0.166016 0.773438 0.167969 0.773438 0.169922 0.775391 0.171875 0.775391 0.173828 0.773438 0.175781 0.773438 0.175781 0.771484 0.181641 0.765625 0.181641 0.763672 0.187500 0.757812 0.187500 0.753906 0.189453 0.751953 0.189453 0.750000 0.191406 0.748047 0.193359 0.748047 0.195312 0.746094 0.199219 0.746094 0.201172 0.748047 0.201172 0.759766 0.203125 0.761719 0.203125 0.763672 0.201172 0.765625 0.195312 0.765625 0.193359 0.767578 0.189453 0.767578 0.187500 0.769531 0.183594 0.769531 0.183594 0.775391 0.185547 0.777344 0.185547 0.779297 0.187500 0.781250 0.187500 0.787109 0.185547 0.789062 0.183594 0.789062 0.181641 0.791016 0.181641 0.792969 0.179688 0.794922 0.177734 0.794922 0.171875 0.789062 0.169922 0.791016 0.167969 0.789062 0.164062 0.792969 0.164062 0.796875 0.160156 0.800781 0.160156 0.804688 0.164062 0.808594 0.166016 0.808594 0.167969 0.810547 0.169922 0.810547 0.175781 0.804688 0.185547 0.804688 0.187500 0.806641 0.187500 0.808594 0.183594 0.812500 0.183594 0.833984 0.187500 0.837891 0.187500 0.861328 0.191406 0.865234 0.201172 0.865234 0.205078 0.861328 0.207031 0.861328 0.208984 0.859375 0.218750 0.859375 0.220703 0.857422 0.222656 0.857422 0.222656 0.855469 0.224609 0.853516 0.234375 0.853516 0.234375 0.851562 0.240234 0.845703 0.242188 0.845703 0.246094 0.841797 0.248047 0.841797 0.250000 0.843750 0.250000 0.849609 0.246094 0.853516 0.246094 0.855469 0.240234 0.861328 0.238281 0.861328 0.236328 0.863281 0.222656 0.863281 0.218750 0.867188 0.216797 0.867188 0.214844 0.869141 0.212891 0.869141 0.207031 0.875000 0.203125 0.875000 0.201172 0.876953 0.201172 0.878906 0.199219 0.880859 0.197266 0.880859 0.195312 0.882812 0.193359 0.882812 0.193359 0.884766 0.191406 0.886719 0.191406 0.888672 0.189453 0.890625 0.189453 0.898438 0.185547 0.902344 0.185547 0.904297 0.183594 0.906250 0.173828 0.906250 0.173828 0.908203 0.169922 0.912109 0.171875 0.914062 0.171875 0.916016 0.166016 0.921875 0.162109 0.921875 0.160156 0.923828 0.154297 0.923828 0.152344 0.921875 0.152344 0.917969 0.150391 0.916016 0.150391 0.914062 0.140625 0.914062 0.138672 0.912109 0.136719 0.912109 0.132812 0.908203 0.132812 0.906250 0.123047 0.906250 0.121094 0.908203 0.121094 0.910156 0.117188 0.914062 0.113281 0.914062 0.113281 0.916016 0.111328 0.917969 0.109375 0.917969 0.109375 0.919922 0.107422 0.921875 0.107422 0.925781 0.105469 0.927734 0.105469 0.937500 0.109375 0.941406 0.119141 0.941406 0.123047 0.937500 0.125000 0.937500 0.126953 0.939453 0.126953 0.943359 0.125000 0.945312 0.123047 0.945312 0.123047 0.960938 0.125000 0.962891 0.136719 0.962891 0.136719 0.960938 0.140625 0.957031 0.140625 0.955078 0.142578 0.953125 0.142578 0.951172 0.144531 0.949219 0.146484 0.949219 0.150391 0.953125 0.162109 0.953125 0.167969 0.947266 0.169922 0.947266 0.169922 0.945312 0.173828 0.941406 0.175781 0.941406 0.177734 0.939453 0.179688 0.939453 0.187500 0.931641 0.187500 0.927734 0.195312 0.919922 0.197266 0.919922 0.199219 0.917969 0.199219 0.916016 0.203125 0.912109 0.207031 0.912109 0.212891 0.917969 0.212891 0.919922 0.222656 0.919922 0.222656 0.917969 0.224609 0.916016 0.224609 0.914062 0.228516 0.910156 0.228516 0.906250 0.230469 0.904297 0.230469 0.902344 0.232422 0.900391 0.232422 0.888672 0.230469 0.888672 0.228516 0.886719 0.228516 0.884766 0.230469 0.882812 0.232422 0.882812 0.232422 0.880859 0.236328 0.876953 0.246094 0.876953 0.248047 0.875000 0.250000 0.875000 0.255859 0.880859 0.255859 0.884766 0.251953 0.888672 0.251953 0.892578 0.253906 0.892578 0.257812 0.896484 0.257812 0.900391 0.261719 0.900391 0.263672 0.898438 0.265625 0.898438 0.267578 0.896484 0.273438 0.896484 0.275391 0.894531 0.281250 0.894531 0.283203 0.896484 0.285156 0.894531 0.287109 0.894531 0.289062 0.896484 0.289062 0.908203 0.291016 0.910156 0.291016 0.916016 0.289062 0.917969 0.289062 0.919922 0.287109 0.921875 0.281250 0.921875 0.281250 0.929688 0.273438 0.937500 0.273438 0.939453 0.271484 0.941406 0.269531 0.941406 0.267578 0.943359 0.267578 0.945312 0.265625 0.947266 0.265625 0.957031 0.263672 0.958984 0.261719 0.957031 0.259766 0.957031 0.257812 0.955078 0.257812 0.953125 0.255859 0.951172 0.253906 0.951172 0.251953 0.949219 0.251953 0.945312 0.261719 0.935547 0.263672 0.935547 0.263672 0.933594 0.265625 0.931641 0.265625 0.916016 0.263672 0.914062 0.263672 0.912109 0.259766 0.908203 0.259766 0.906250 0.248047 0.906250 0.246094 0.908203 0.244141 0.908203 0.242188 0.910156 0.240234 0.910156 0.232422 0.917969 0.232422 0.919922 0.230469 0.921875 0.230469 0.931641 0.220703 0.941406 0.214844 0.941406 0.212891 0.939453 0.212891 0.929688 0.205078 0.929688 0.201172 0.933594 0.199219 0.933594 0.197266 0.935547 0.195312 0.935547 0.195312 0.937500 0.193359 0.939453 0.189453 0.939453 0.183594 0.945312 0.181641 0.945312 0.167969 0.958984 0.167969 0.960938 0.166016 0.962891 0.160156 0.962891 0.156250 0.966797 0.156250 0.970703 0.154297 0.972656 0.154297 0.984375 0.166016 0.984375 0.169922 0.980469 0.171875 0.980469 0.171875 0.974609 0.173828 0.972656 0.177734 0.972656 0.185547 0.964844 0.187500 0.964844 0.187500 0.962891 0.189453 0.960938 0.191406 0.960938 0.193359 0.958984 0.195312 0.960938 0.195312 0.962891 0.197266 0.964844 0.197266 0.976562 0.195312 0.978516 0.195312 0.980469 0.191406 0.984375 0.189453 0.984375 0.189453 0.992188 0.199219 0.992188 0.203125 0.988281 0.203125 0.984375 0.205078 0.982422 0.205078 0.974609 0.207031 0.972656 0.207031 0.970703 0.208984 0.968750 0.212891 0.968750 0.216797 0.972656 0.216797 0.974609 0.222656 0.980469 0.222656 0.982422 0.224609 0.984375 0.226562 0.984375 0.228516 0.986328 0.230469 0.986328 0.232422 0.988281 0.232422 0.990234 0.234375 0.990234 0.236328 0.992188 0.246094 0.992188 0.246094 0.988281 0.244141 0.986328 0.244141 0.984375 0.236328 0.976562 0.234375 0.976562 0.228516 0.970703 0.228516 0.968750 0.224609 0.964844 0.224609 0.962891 0.226562 0.960938 0.226562 0.958984 0.228516 0.957031 0.230469 0.957031 0.230469 0.955078 0.232422 0.953125 0.234375 0.955078 0.234375 0.957031 0.238281 0.960938 0.242188 0.960938 0.244141 0.962891 0.244141 0.966797 0.246094 0.968750 0.255859 0.968750 0.257812 0.970703 0.257812 0.978516 0.261719 0.982422 0.263672 0.982422 0.265625 0.984375 0.283203 0.984375 0.287109 0.980469 0.287109 0.978516 0.289062 0.976562 0.289062 0.972656 0.291016 0.970703 0.294922 0.970703 0.296875 0.972656 0.296875 0.978516 0.298828 0.978516 0.300781 0.980469 0.308594 0.980469 0.310547 0.978516 0.314453 0.978516 0.316406 0.980469 0.322266 0.980469 0.324219 0.982422 0.330078 0.976562 0.330078 0.972656 0.326172 0.968750 0.326172 0.949219 0.328125 0.947266 0.328125 0.941406 0.326172 0.939453 0.326172 0.935547 0.322266 0.931641 0.322266 0.923828 0.326172 0.919922 0.332031 0.919922 0.333984 0.917969 0.335938 0.917969 0.335938 0.902344 0.333984 0.900391 0.333984 0.898438 0.335938 0.896484 0.339844 0.896484 0.341797 0.898438 0.341797 0.900391 0.345703 0.904297 0.345703 0.908203 0.347656 0.910156 0.347656 0.916016 0.349609 0.917969 0.347656 0.919922 0.345703 0.919922 0.337891 0.927734 0.337891 0.929688 0.335938 0.931641 0.335938 0.935547 0.333984 0.937500 0.335938 0.939453 0.335938 0.949219 0.337891 0.951172 0.335938 0.953125 0.335938 0.957031 0.333984 0.958984 0.333984 0.966797 0.335938 0.968750 0.335938 0.978516 0.339844 0.982422 0.343750 0.982422 0.345703 0.980469 0.347656 0.980469 0.351562 0.976562 0.355469 0.976562 0.357422 0.978516 0.357422 0.986328 0.359375 0.986328 0.359375 0.976562 0.361328 0.974609 0.359375 0.972656 0.361328 0.970703 0.361328 0.964844 0.363281 0.962891 0.363281 0.957031 0.365234 0.955078 0.365234 0.953125 0.363281 0.951172 0.367188 0.947266 0.369141 0.947266 0.371094 0.945312 0.375000 0.949219 0.375000 0.951172 0.376953 0.953125 0.376953 0.962891 0.375000 0.964844 0.375000 0.970703 0.373047 0.972656 0.373047 0.980469 0.371094 0.982422 0.371094 0.986328 0.369141 0.988281 0.369141 0.990234 0.371094 0.992188 0.406250 0.992188 0.404297 0.990234 0.404297 0.988281 0.408203 0.984375 0.410156 0.984375 0.412109 0.986328 0.412109 0.988281 0.414062 0.988281 0.416016 0.990234 0.416016 0.992188 0.421875 0.992188 0.421875 0.978516 0.423828 0.976562 0.423828 0.974609 0.425781 0.972656 0.435547 0.972656 0.437500 0.974609 0.437500 0.988281 0.435547 0.990234 0.435547 0.992188 0.992188 0.992188 0.992188 0.628906 0.990234 0.626953 0.992188 0.625000 0.990234 0.625000 0.988281 0.623047 0.986328 0.623047 0.980469 0.617188 0.976562 0.621094 0.974609 0.619141 0.972656 0.619141 0.970703 0.617188 0.970703 0.615234 0.972656 0.613281 0.972656 0.607422 0.974609 0.605469 0.980469 0.611328 0.982422 0.611328 0.986328 0.615234 0.986328 0.617188 0.988281 0.619141 0.992188 0.615234 0.992188 0.367188 0.990234 0.365234 0.988281 0.365234 0.988281 0.367188 0.986328 0.369141 0.986328 0.373047 0.982422 0.376953 0.984375 0.378906 0.984375 0.390625 0.986328 0.390625 0.988281 0.392578 0.982422 0.398438 0.982422 0.400391 0.978516 0.404297 0.976562 0.404297 0.974609 0.402344 0.972656 0.402344 0.970703 0.400391 0.972656 0.398438 0.972656 0.392578 0.970703 0.390625 0.972656 0.388672 0.972656 0.386719 0.970703 0.384766 0.970703 0.363281 0.968750 0.361328 0.968750 0.359375 0.966797 0.357422 0.962891 0.357422 0.958984 0.353516 0.957031 0.353516 0.955078 0.351562 0.931641 0.351562 0.931641 0.353516 0.929688 0.355469 0.927734 0.355469 0.927734 0.357422 0.925781 0.359375 0.923828 0.359375 0.923828 0.361328 0.921875 0.363281 0.921875 0.365234 0.919922 0.367188 0.919922 0.369141 0.914062 0.375000 0.912109 0.375000 0.910156 0.376953 0.906250 0.376953 0.904297 0.375000 0.904297 0.373047 0.902344 0.371094 0.902344 0.369141 0.900391 0.367188 0.900391 0.365234 0.898438 0.363281 0.890625 0.363281 0.888672 0.365234 0.884766 0.365234 0.884766 0.371094 0.882812 0.373047 0.882812 0.375000 0.880859 0.376953 0.880859 0.378906 0.871094 0.388672 0.869141 0.386719 0.869141 0.384766 0.867188 0.382812 0.865234 0.382812 0.863281 0.380859 0.863281 0.378906 0.857422 0.373047 0.843750 0.373047 0.843750 0.375000 0.841797 0.376953 0.841797 0.384766 0.837891 0.388672 0.835938 0.388672 0.835938 0.390625 0.832031 0.394531 0.832031 0.400391 0.826172 0.406250 0.822266 0.406250 0.820312 0.404297 0.814453 0.404297 0.814453 0.406250 0.808594 0.412109 0.808594 0.414062 0.806641 0.416016 0.806641 0.417969 0.804688 0.419922 0.791016 0.419922 0.787109 0.423828 0.787109 0.425781 0.785156 0.427734 0.785156 0.429688 0.783203 0.431641 0.777344 0.431641 0.775391 0.429688 0.775391 0.427734 0.771484 0.423828 0.757812 0.423828 0.748047 0.433594 0.748047 0.435547 0.746094 0.437500 0.740234 0.437500 0.738281 0.439453 0.734375 0.439453 0.730469 0.443359 0.728516 0.443359 0.726562 0.445312 0.724609 0.445312 0.722656 0.443359 0.720703 0.443359 0.716797 0.439453 0.710938 0.439453 0.708984 0.437500 0.707031 0.437500 0.705078 0.435547 0.701172 0.435547 0.699219 0.437500 0.695312 0.437500 0.693359 0.439453 0.689453 0.439453 0.687500 0.437500 0.685547 0.437500 0.683594 0.435547 0.683594 0.433594 0.681641 0.431641 0.685547 0.427734 0.685547 0.423828 0.687500 0.421875 0.687500 0.410156 0.683594 0.406250 0.683594 0.404297 0.669922 0.404297 0.664062 0.410156 0.664062 0.417969 0.666016 0.419922 0.666016 0.423828 0.671875 0.429688 0.671875 0.431641 0.673828 0.433594 0.673828 0.445312 0.675781 0.447266 0.675781 0.449219 0.677734 0.449219 0.681641 0.453125 0.685547 0.453125 0.687500 0.455078 0.687500 0.460938 0.689453 0.462891 0.689453 0.470703 0.685547 0.474609 0.685547 0.476562 0.681641 0.480469 0.679688 0.480469 0.675781 0.484375 0.675781 0.486328 0.673828 0.488281 0.671875 0.488281 0.669922 0.490234 0.666016 0.490234 0.658203 0.482422 0.656250 0.484375 0.654297 0.484375 0.652344 0.482422 0.652344 0.480469 0.648438 0.484375 0.646484 0.482422 0.646484 0.480469 0.644531 0.480469 0.642578 0.478516 0.640625 0.478516 0.638672 0.476562 0.638672 0.474609 0.636719 0.472656 0.648438 0.460938 0.652344 0.460938 0.650391 0.458984 0.650391 0.455078 0.646484 0.455078 0.642578 0.451172 0.642578 0.441406 0.640625 0.443359 0.634766 0.443359 0.632812 0.441406 0.626953 0.441406 0.625000 0.439453 0.625000 0.433594 0.621094 0.433594 0.619141 0.431641 0.619141 0.429688 0.617188 0.427734 0.617188 0.425781 0.613281 0.421875 0.607422 0.421875 0.605469 0.423828 0.599609 0.423828 0.597656 0.421875 0.597656 0.419922 0.595703 0.417969 0.589844 0.417969 0.585938 0.421875 0.580078 0.421875 0.576172 0.417969 0.576172 0.416016 0.574219 0.414062 0.574219 0.412109 0.568359 0.406250 0.556641 0.406250 0.552734 0.410156 0.548828 0.410156 0.544922 0.414062 0.542969 0.414062 0.541016 0.412109 0.541016 0.406250 0.537109 0.402344 0.537109 0.400391 0.535156 0.398438 0.529297 0.398438 0.525391 0.402344 0.517578 0.402344 0.517578 0.406250 0.515625 0.408203 0.515625 0.410156 0.511719 0.414062 0.509766 0.412109 0.505859 0.412109 0.501953 0.408203 0.501953 0.398438 0.500000 0.396484 0.490234 0.396484 0.486328 0.392578 0.486328 0.388672 0.484375 0.388672 0.482422 0.386719 0.480469 0.386719 0.478516 0.384766 0.478516 0.382812 0.476562 0.380859 0.472656 0.380859 0.470703 0.378906 0.468750 0.378906 0.464844 0.375000 0.458984 0.375000 0.458984 0.378906 0.457031 0.380859 0.457031 0.382812 0.455078 0.384766 0.455078 0.388672 0.457031 0.390625 0.457031 0.392578 0.455078 0.394531 0.455078 0.400391 0.457031 0.402344 0.455078 0.404297 0.451172 0.404297 0.449219 0.402344 0.449219 0.396484 0.443359 0.390625 0.443359 0.386719 0.441406 0.386719 0.439453 0.384766 0.439453 0.382812 0.437500 0.380859 0.437500 0.376953 0.433594 0.373047 0.429688 0.373047 0.425781 0.376953 0.421875 0.376953 0.419922 0.375000 0.419922 0.365234 0.414062 0.359375 0.406250 0.359375 0.402344 0.363281 0.398438 0.363281 0.396484 0.365234 0.396484 0.367188 0.392578 0.371094 0.392578 0.378906 0.394531 0.380859 0.394531 0.382812 0.396484 0.384766 0.396484 0.390625 0.398438 0.392578 0.398438 0.394531 0.396484 0.396484 0.394531 0.396484 0.392578 0.398438 0.386719 0.398438 0.384766 0.396484 0.384766 0.394531 0.380859 0.390625 0.380859 0.384766 0.376953 0.384766 0.373047 0.380859 0.373047 0.378906 0.369141 0.378906 0.367188 0.376953 0.365234 0.376953 0.363281 0.378906 0.357422 0.378906 0.355469 0.380859 0.355469 0.388672 0.353516 0.390625 0.353516 0.394531 0.351562 0.396484 0.351562 0.398438 0.349609 0.400391 0.347656 0.398438 0.345703 0.398438 0.343750 0.396484 0.341797 0.396484 0.339844 0.394531 0.339844 0.388672 0.341797 0.386719 0.345703 0.386719 0.345703 0.382812 0.347656 0.380859 0.349609 0.380859 0.349609 0.376953 0.347656 0.375000 0.349609 0.373047 0.353516 0.373047 0.357422 0.369141 0.359375 0.369141 0.363281 0.365234 0.363281 0.363281 0.365234 0.361328 0.365234 0.359375 0.367188 0.357422 0.367188 0.351562 0.365234 0.349609 0.365234 0.341797 0.363281 0.339844 0.363281 0.337891 0.355469 0.337891 0.353516 0.339844 0.351562 0.339844 0.349609 0.341797 0.347656 0.341797 0.347656 0.343750 0.345703 0.345703 0.345703 0.347656 0.341797 0.351562 0.341797 0.353516 0.337891 0.357422 0.337891 0.361328 0.335938 0.363281 0.333984 0.361328 0.332031 0.361328 0.328125 0.357422 0.322266 0.357422 0.320312 0.359375 0.318359 0.359375 0.316406 0.361328 0.316406 0.363281 0.314453 0.365234 0.314453 0.369141 0.316406 0.371094 0.316406 0.376953 0.310547 0.382812 0.310547 0.390625 0.312500 0.392578 0.312500 0.394531 0.314453 0.396484 0.314453 0.402344 0.308594 0.408203 0.306641 0.408203 0.304688 0.406250 0.298828 0.406250 0.296875 0.408203 0.292969 0.408203 0.292969 0.417969 0.287109 0.423828 0.283203 0.423828 0.281250 0.421875 0.281250 0.419922 0.279297 0.417969 0.279297 0.414062 0.277344 0.412109 0.277344 0.410156 0.279297 0.408203 0.279297 0.400391 0.277344 0.398438 0.277344 0.396484 0.273438 0.392578 0.273438 0.390625 0.271484 0.388672 0.261719 0.388672 0.259766 0.390625 0.257812 0.390625 0.255859 0.392578 0.253906 0.392578 0.250000 0.396484 0.250000 0.398438 0.248047 0.400391 0.248047 0.402344 0.246094 0.404297 0.242188 0.400391 0.238281 0.400391 0.232422 0.406250 0.230469 0.404297 0.230469 0.402344 0.232422 0.400391 0.232422 0.398438 0.234375 0.396484 0.234375 0.392578 0.236328 0.390625 0.236328 0.386719 0.238281 0.384766 0.244141 0.384766 0.246094 0.382812 0.246094 0.375000 0.248047 0.373047 0.250000 0.373047 0.253906 0.369141 0.257812 0.369141 0.259766 0.371094 0.267578 0.371094 0.271484 0.367188 0.271484 0.361328 0.275391 0.357422 0.275391 0.355469 0.277344 0.353516 0.277344 0.343750 0.273438 0.339844 0.273438 0.337891 0.271484 0.335938 0.271484 0.333984 0.263672 0.333984 0.261719 0.335938 0.259766 0.335938 0.257812 0.337891 0.257812 0.339844 0.253906 0.343750 0.251953 0.343750 0.250000 0.345703 0.250000 0.347656 0.248047 0.349609 0.240234 0.349609 0.238281 0.347656 0.238281 0.345703 0.236328 0.343750 0.234375 0.343750 0.232422 0.341797 0.230469 0.341797 0.228516 0.339844 0.222656 0.339844 0.220703 0.341797 0.218750 0.341797 0.216797 0.343750 0.216797 0.349609 0.214844 0.351562 0.214844 0.359375 0.212891 0.361328 0.212891 0.375000 0.208984 0.378906 0.207031 0.378906 0.205078 0.376953 0.205078 0.375000 0.203125 0.375000 0.201172 0.373047 0.201172 0.371094 0.199219 0.369141 0.201172 0.367188 0.201172 0.359375 0.203125 0.357422 0.203125 0.355469 0.208984 0.349609 0.208984 0.337891 0.205078 0.333984 0.205078 0.332031 0.203125 0.330078 0.201172 0.330078 0.199219 0.328125 0.193359 0.328125 0.193359 0.330078 0.191406 0.332031 0.187500 0.332031 0.187500 0.333984 0.183594 0.337891 0.183594 0.349609 0.185547 0.351562 0.185547 0.359375 0.181641 0.363281 0.181641 0.365234 0.179688 0.367188 0.177734 0.367188 0.171875 0.373047 0.171875 0.382812 0.169922 0.384766 0.167969 0.382812 0.167969 0.380859 0.164062 0.380859 0.156250 0.373047 0.156250 0.367188 0.158203 0.365234 0.160156 0.365234 0.162109 0.363281 0.162109 0.359375 0.158203 0.355469 0.158203 0.353516 0.156250 0.353516 0.150391 0.347656 0.142578 0.347656 0.138672 0.351562 0.136719 0.351562 0.134766 0.353516 0.132812 0.353516 0.130859 0.351562 0.128906 0.351562 0.125000 0.347656 0.125000 0.341797 0.123047 0.339844 0.121094 0.339844 0.119141 0.337891 0.109375 0.337891 0.107422 0.339844 0.105469 0.339844 0.105469 0.343750 0.101562 0.347656 0.101562 0.351562 0.097656 0.355469 0.093750 0.355469 0.089844 0.359375 0.087891 0.359375 0.085938 0.361328 0.085938 0.363281 0.083984 0.365234 0.083984 0.367188 0.080078 0.371094 0.076172 0.371094 0.074219 0.369141 0.074219 0.365234 0.072266 0.363281 0.072266 0.359375 0.076172 0.355469 0.076172 0.351562 0.078125 0.349609 0.078125 0.341797 0.076172 0.339844 0.076172 0.337891 0.074219 0.335938 0.074219 0.332031 0.068359 0.326172 0.068359 0.318359 0.070312 0.316406 0.070312 0.304688 0.064453 0.298828 0.064453 0.296875 0.062500 0.294922 0.062500 0.292969 0.060547 0.291016 0.050781 0.291016 0.046875 0.287109 0.037109 0.287109 0.035156 0.289062 0.033203 0.287109 0.033203 0.283203 0.031250 0.281250 0.033203 0.279297 0.033203 0.269531 0.031250 0.267578 0.031250 0.259766 0.029297 0.259766 0.027344 0.257812 0.027344 0.251953 0.025391 0.250000 0.025391 0.246094 0.021484 0.246094 0.019531 0.248047 0.017578 0.248047 0.015625 0.246094 0.013672 0.246094 0.009766 0.242188 0.011719 0.240234 0.011719 0.238281 0.023438 0.226562 0.023438 0.216797 0.021484 0.214844 0.021484 0.205078 0.017578 0.201172 0.015625 0.201172 0.013672 0.199219