0 0.869141 0.892578 0.869141 0.896484 0.867188 0.898438 0.851562 0.898438 0.851562 0.908203 0.875000 0.908203 0.875000 0.904297 0.876953 0.902344 0.878906 0.902344 0.878906 0.892578
0 0.835938 0.892578 0.835938 0.902344 0.845703 0.902344 0.845703 0.892578
0 0.822266 0.892578 0.822266 0.902344 0.832031 0.902344 0.832031 0.892578
0 0.798828 0.882812 0.798828 0.892578 0.808594 0.892578 0.808594 0.882812
0 0.869141 0.878906 0.869141 0.888672 0.878906 0.888672 0.878906 0.878906
0 0.775391 0.873047 0.775391 0.882812 0.785156 0.882812 0.785156 0.873047
0 0.849609 0.865234 0.849609 0.867188 0.847656 0.869141 0.845703 0.869141 0.845703 0.878906 0.859375 0.878906 0.859375 0.865234
0 0.808594 0.865234 0.808594 0.875000 0.810547 0.875000 0.812500 0.876953 0.812500 0.878906 0.820312 0.878906 0.822266 0.880859 0.822266 0.882812 0.832031 0.882812 0.832031 0.876953 0.833984 0.875000 0.839844 0.875000 0.839844 0.865234 0.830078 0.865234 0.830078 0.871094 0.828125 0.873047 0.824219 0.873047 0.822266 0.871094 0.822266 0.869141 0.820312 0.869141 0.818359 0.867188 0.818359 0.865234
0 0.755859 0.865234 0.755859 0.875000 0.765625 0.875000 0.765625 0.865234
0 0.863281 0.863281 0.863281 0.873047 0.873047 0.873047 0.873047 0.863281
0 0.740234 0.855469 0.740234 0.865234 0.750000 0.865234 0.750000 0.855469
0 0.783203 0.849609 0.783203 0.859375 0.785156 0.861328 0.794922 0.861328 0.794922 0.851562 0.792969 0.849609
0 0.845703 0.835938 0.845703 0.845703 0.855469 0.845703 0.855469 0.835938
0 0.726562 0.816406 0.726562 0.855469 0.736328 0.855469 0.736328 0.828125 0.738281 0.826172 0.740234 0.828125 0.748047 0.828125 0.750000 0.830078 0.750000 0.835938 0.759766 0.835938 0.761719 0.837891 0.761719 0.839844 0.771484 0.839844 0.771484 0.830078 0.761719 0.830078 0.759766 0.828125 0.761719 0.826172 0.765625 0.826172 0.765625 0.816406 0.755859 0.816406 0.755859 0.824219 0.753906 0.826172 0.751953 0.826172 0.750000 0.824219 0.750000 0.818359 0.748047 0.818359 0.746094 0.816406
0 0.816406 0.812500 0.816406 0.822266 0.826172 0.822266 0.826172 0.812500
0 0.789062 0.802734 0.789062 0.812500 0.798828 0.812500 0.798828 0.802734
0 0.759766 0.796875 0.759766 0.800781 0.757812 0.802734 0.755859 0.802734 0.755859 0.812500 0.765625 0.812500 0.765625 0.808594 0.767578 0.806641 0.779297 0.806641 0.779297 0.796875
0 0.121094 0.750000 0.121094 0.759766 0.123047 0.761719 0.125000 0.761719 0.126953 0.763672 0.126953 0.765625 0.132812 0.765625 0.134766 0.767578 0.134766 0.771484 0.150391 0.771484 0.150391 0.767578 0.152344 0.765625 0.169922 0.765625 0.169922 0.755859 0.150391 0.755859 0.150391 0.759766 0.148438 0.761719 0.146484 0.761719 0.144531 0.759766 0.144531 0.751953 0.132812 0.751953 0.130859 0.750000
0 0.619141 0.158203 0.619141 0.160156 0.621094 0.160156 0.621094 0.158203
0 0.599609 0.158203 0.599609 0.160156 0.597656 0.162109 0.597656 0.166016 0.595703 0.167969 0.595703 0.175781 0.597656 0.175781 0.599609 0.177734 0.605469 0.177734 0.607422 0.175781 0.607422 0.173828 0.611328 0.169922 0.613281 0.169922 0.613281 0.167969 0.615234 0.166016 0.617188 0.166016 0.617188 0.164062 0.615234 0.164062 0.615234 0.166016 0.613281 0.167969 0.611328 0.167969 0.609375 0.169922 0.607422 0.169922 0.607422 0.171875 0.603516 0.175781 0.599609 0.175781 0.597656 0.173828 0.597656 0.169922 0.599609 0.167969 0.599609 0.162109 0.601562 0.160156 0.601562 0.158203
0 0.601562 0.150391 0.599609 0.152344 0.599609 0.154297 0.601562 0.154297 0.603516 0.152344 0.603516 0.150391
0 0.625000 0.148438 0.625000 0.150391 0.623047 0.152344 0.623047 0.154297 0.626953 0.154297 0.628906 0.156250 0.628906 0.160156 0.632812 0.164062 0.632812 0.166016 0.634766 0.166016 0.636719 0.167969 0.636719 0.169922 0.638672 0.169922 0.640625 0.171875 0.642578 0.171875 0.644531 0.173828 0.644531 0.175781 0.646484 0.177734 0.650391 0.177734 0.652344 0.179688 0.652344 0.181641 0.658203 0.187500 0.658203 0.197266 0.656250 0.199219 0.656250 0.205078 0.658203 0.205078 0.660156 0.207031 0.664062 0.207031 0.667969 0.210938 0.669922 0.210938 0.671875 0.212891 0.671875 0.214844 0.681641 0.214844 0.681641 0.210938 0.679688 0.210938 0.677734 0.212891 0.671875 0.212891 0.669922 0.210938 0.669922 0.208984 0.667969 0.207031 0.666016 0.207031 0.664062 0.205078 0.660156 0.205078 0.658203 0.203125 0.658203 0.201172 0.660156 0.199219 0.660156 0.185547 0.654297 0.179688 0.654297 0.175781 0.648438 0.175781 0.646484 0.173828 0.644531 0.173828 0.642578 0.171875 0.642578 0.169922 0.636719 0.164062 0.634766 0.164062 0.632812 0.162109 0.632812 0.160156 0.630859 0.158203 0.630859 0.156250 0.628906 0.154297 0.628906 0.152344 0.626953 0.150391 0.626953 0.148438
0 0.667969 0.130859 0.667969 0.132812 0.669922 0.132812 0.671875 0.134766 0.671875 0.136719 0.673828 0.136719 0.675781 0.138672 0.675781 0.140625 0.677734 0.142578 0.677734 0.144531 0.679688 0.144531 0.681641 0.146484 0.681641 0.148438 0.683594 0.148438 0.683594 0.144531 0.681641 0.144531 0.679688 0.142578 0.679688 0.138672 0.675781 0.138672 0.673828 0.136719 0.673828 0.134766 0.671875 0.134766 0.669922 0.132812 0.669922 0.130859
0 0.638672 0.091797 0.638672 0.097656 0.640625 0.097656 0.642578 0.099609 0.642578 0.101562 0.646484 0.105469 0.646484 0.113281 0.648438 0.113281 0.650391 0.115234 0.650391 0.117188 0.652344 0.117188 0.654297 0.119141 0.654297 0.121094 0.656250 0.121094 0.658203 0.123047 0.660156 0.123047 0.662109 0.125000 0.664062 0.125000 0.666016 0.126953 0.667969 0.126953 0.667969 0.125000 0.666016 0.125000 0.664062 0.123047 0.662109 0.123047 0.660156 0.121094 0.658203 0.121094 0.654297 0.117188 0.654297 0.115234 0.652344 0.115234 0.650391 0.113281 0.650391 0.111328 0.648438 0.109375 0.648438 0.105469 0.646484 0.103516 0.646484 0.099609 0.644531 0.097656 0.644531 0.095703 0.642578 0.095703 0.640625 0.093750 0.640625 0.091797
0 0.646484 0.085938 0.644531 0.087891 0.644531 0.089844 0.646484 0.089844 0.648438 0.087891 0.648438 0.085938
0 0.507812 0.080078 0.507812 0.082031 0.509766 0.082031 0.509766 0.080078
0 0.501953 0.078125 0.501953 0.080078 0.503906 0.080078 0.503906 0.078125
0 0.613281 0.066406 0.613281 0.072266 0.615234 0.074219 0.615234 0.076172 0.617188 0.076172 0.619141 0.078125 0.626953 0.078125 0.628906 0.080078 0.652344 0.080078 0.654297 0.082031 0.652344 0.083984 0.652344 0.085938 0.656250 0.085938 0.656250 0.078125 0.630859 0.078125 0.628906 0.076172 0.619141 0.076172 0.617188 0.074219 0.617188 0.070312 0.615234 0.068359 0.615234 0.066406
0 0.501953 0.066406 0.500000 0.068359 0.496094 0.068359 0.494141 0.070312 0.492188 0.070312 0.492188 0.072266 0.488281 0.076172 0.488281 0.080078 0.498047 0.080078 0.498047 0.078125 0.494141 0.078125 0.492188 0.076172 0.492188 0.074219 0.494141 0.072266 0.496094 0.072266 0.498047 0.070312 0.500000 0.070312 0.501953 0.068359 0.517578 0.068359 0.517578 0.066406
0 0.603516 0.060547 0.603516 0.062500 0.605469 0.062500 0.607422 0.064453 0.607422 0.066406 0.609375 0.066406 0.609375 0.062500 0.607422 0.060547
0 0.542969 0.052734 0.539062 0.056641 0.537109 0.056641 0.537109 0.058594 0.535156 0.060547 0.533203 0.060547 0.531250 0.062500 0.525391 0.062500 0.525391 0.064453 0.523438 0.066406 0.521484 0.066406 0.521484 0.068359 0.523438 0.068359 0.523438 0.066406 0.525391 0.064453 0.531250 0.064453 0.533203 0.062500 0.535156 0.062500 0.535156 0.060547 0.537109 0.058594 0.539062 0.058594 0.541016 0.056641 0.542969 0.056641 0.544922 0.054688 0.544922 0.052734
0 0.542969 0.039062 0.542969 0.041016 0.544922 0.042969 0.544922 0.048828 0.546875 0.048828 0.546875 0.039062
0 0.177734 0.039062 0.175781 0.041016 0.175781 0.042969 0.173828 0.044922 0.173828 0.048828 0.171875 0.050781 0.171875 0.054688 0.169922 0.056641 0.169922 0.058594 0.167969 0.060547 0.167969 0.070312 0.169922 0.070312 0.171875 0.072266 0.191406 0.072266 0.191406 0.070312 0.175781 0.070312 0.173828 0.068359 0.171875 0.068359 0.169922 0.066406 0.169922 0.060547 0.173828 0.056641 0.173828 0.052734 0.175781 0.050781 0.175781 0.044922 0.179688 0.041016 0.179688 0.039062
0 0.306641 0.037109 0.306641 0.039062 0.304688 0.041016 0.294922 0.041016 0.294922 0.042969 0.289062 0.048828 0.287109 0.048828 0.287109 0.050781 0.285156 0.052734 0.277344 0.052734 0.275391 0.054688 0.273438 0.054688 0.271484 0.056641 0.267578 0.056641 0.267578 0.058594 0.263672 0.062500 0.257812 0.062500 0.257812 0.064453 0.255859 0.066406 0.255859 0.068359 0.253906 0.070312 0.251953 0.070312 0.248047 0.074219 0.244141 0.074219 0.242188 0.072266 0.242188 0.068359 0.240234 0.068359 0.238281 0.066406 0.240234 0.064453 0.242188 0.064453 0.242188 0.060547 0.240234 0.060547 0.238281 0.058594 0.238281 0.056641 0.230469 0.048828 0.226562 0.048828 0.226562 0.052734 0.222656 0.056641 0.222656 0.060547 0.220703 0.062500 0.220703 0.064453 0.218750 0.066406 0.205078 0.066406 0.203125 0.068359 0.201172 0.068359 0.201172 0.070312 0.203125 0.070312 0.205078 0.068359 0.218750 0.068359 0.218750 0.066406 0.220703 0.064453 0.224609 0.064453 0.224609 0.058594 0.226562 0.056641 0.226562 0.054688 0.228516 0.052734 0.230469 0.052734 0.232422 0.054688 0.230469 0.056641 0.230469 0.058594 0.232422 0.060547 0.232422 0.062500 0.236328 0.066406 0.236328 0.068359 0.238281 0.068359 0.240234 0.070312 0.240234 0.074219 0.242188 0.076172 0.250000 0.076172 0.255859 0.070312 0.257812 0.070312 0.257812 0.068359 0.261719 0.064453 0.267578 0.064453 0.267578 0.060547 0.269531 0.058594 0.273438 0.058594 0.275391 0.056641 0.277344 0.056641 0.279297 0.054688 0.287109 0.054688 0.287109 0.052734 0.291016 0.048828 0.292969 0.048828 0.294922 0.046875 0.294922 0.044922 0.296875 0.042969 0.306641 0.042969 0.308594 0.041016 0.308594 0.037109
0 0.185547 0.025391 0.185547 0.027344 0.183594 0.029297 0.181641 0.029297 0.181641 0.031250 0.179688 0.033203 0.179688 0.035156 0.181641 0.035156 0.185547 0.031250 0.185547 0.029297 0.187500 0.027344 0.189453 0.027344 0.189453 0.025391