0 0.931641 0.859375 0.931641 0.861328 0.927734 0.865234 0.925781 0.865234 0.925781 0.871094 0.923828 0.873047 0.919922 0.873047 0.919922 0.876953 0.917969 0.878906 0.916016 0.878906 0.916016 0.880859 0.914062 0.882812 0.912109 0.882812 0.912109 0.898438 0.921875 0.898438 0.921875 0.890625 0.923828 0.888672 0.925781 0.888672 0.925781 0.886719 0.927734 0.884766 0.929688 0.884766 0.929688 0.876953 0.931641 0.875000 0.935547 0.875000 0.937500 0.873047 0.939453 0.873047 0.939453 0.871094 0.941406 0.869141 0.945312 0.869141 0.945312 0.859375
0 0.929688 0.685547 0.929688 0.687500 0.927734 0.689453 0.925781 0.689453 0.925781 0.693359 0.923828 0.695312 0.919922 0.695312 0.919922 0.705078 0.929688 0.705078 0.931641 0.703125 0.935547 0.703125 0.935547 0.697266 0.937500 0.695312 0.941406 0.695312 0.941406 0.685547
0 0.912109 0.609375 0.912109 0.615234 0.910156 0.617188 0.908203 0.617188 0.908203 0.621094 0.906250 0.623047 0.896484 0.623047 0.896484 0.632812 0.912109 0.632812 0.912109 0.628906 0.914062 0.626953 0.917969 0.626953 0.917969 0.625000 0.919922 0.623047 0.921875 0.623047 0.921875 0.609375
0 0.707031 0.542969 0.707031 0.554688 0.705078 0.556641 0.703125 0.554688 0.703125 0.552734 0.693359 0.552734 0.693359 0.566406 0.705078 0.566406 0.707031 0.568359 0.705078 0.570312 0.699219 0.570312 0.699219 0.580078 0.701172 0.580078 0.703125 0.582031 0.703125 0.585938 0.722656 0.585938 0.722656 0.548828 0.720703 0.548828 0.718750 0.546875 0.718750 0.542969
0 0.662109 0.458984 0.662109 0.464844 0.664062 0.466797 0.664062 0.468750 0.666016 0.468750 0.667969 0.470703 0.667969 0.478516 0.669922 0.480469 0.671875 0.480469 0.675781 0.484375 0.675781 0.486328 0.683594 0.486328 0.683594 0.482422 0.681641 0.482422 0.679688 0.480469 0.679688 0.478516 0.677734 0.478516 0.671875 0.472656 0.671875 0.466797 0.666016 0.460938 0.666016 0.458984
0 0.896484 0.324219 0.896484 0.328125 0.898438 0.330078 0.902344 0.330078 0.904297 0.332031 0.910156 0.332031 0.914062 0.335938 0.916016 0.335938 0.917969 0.337891 0.917969 0.341797 0.919922 0.343750 0.919922 0.345703 0.917969 0.347656 0.917969 0.349609 0.916016 0.351562 0.914062 0.351562 0.914062 0.363281 0.917969 0.363281 0.919922 0.365234 0.921875 0.365234 0.923828 0.367188 0.925781 0.367188 0.929688 0.371094 0.929688 0.373047 0.931641 0.375000 0.933594 0.375000 0.935547 0.376953 0.935547 0.378906 0.937500 0.378906 0.941406 0.382812 0.941406 0.384766 0.943359 0.386719 0.941406 0.388672 0.941406 0.390625 0.939453 0.392578 0.937500 0.392578 0.937500 0.394531 0.935547 0.396484 0.935547 0.404297 0.937500 0.406250 0.937500 0.408203 0.941406 0.408203 0.941406 0.398438 0.943359 0.396484 0.943359 0.394531 0.945312 0.392578 0.947266 0.392578 0.947266 0.382812 0.943359 0.378906 0.943359 0.376953 0.927734 0.361328 0.923828 0.361328 0.921875 0.359375 0.919922 0.359375 0.917969 0.357422 0.917969 0.355469 0.919922 0.353516 0.921875 0.353516 0.921875 0.351562 0.923828 0.349609 0.923828 0.339844 0.921875 0.337891 0.921875 0.333984 0.916016 0.328125 0.908203 0.328125 0.906250 0.326172 0.902344 0.326172 0.900391 0.324219
0 0.302734 0.273438 0.302734 0.277344 0.300781 0.279297 0.296875 0.279297 0.296875 0.289062 0.298828 0.289062 0.300781 0.291016 0.298828 0.292969 0.279297 0.292969 0.279297 0.304688 0.277344 0.306641 0.267578 0.306641 0.267578 0.312500 0.265625 0.314453 0.263672 0.314453 0.263672 0.324219 0.279297 0.324219 0.279297 0.314453 0.277344 0.312500 0.279297 0.310547 0.289062 0.310547 0.289062 0.308594 0.291016 0.306641 0.292969 0.308594 0.292969 0.312500 0.291016 0.314453 0.287109 0.314453 0.287109 0.324219 0.296875 0.324219 0.296875 0.314453 0.298828 0.312500 0.300781 0.314453 0.300781 0.316406 0.310547 0.316406 0.310547 0.312500 0.312500 0.310547 0.320312 0.310547 0.320312 0.304688 0.322266 0.302734 0.330078 0.302734 0.330078 0.292969 0.314453 0.292969 0.312500 0.291016 0.312500 0.285156 0.314453 0.283203 0.316406 0.283203 0.316406 0.273438
0 0.958984 0.230469 0.958984 0.232422 0.957031 0.234375 0.957031 0.238281 0.955078 0.240234 0.955078 0.250000 0.957031 0.251953 0.957031 0.255859 0.960938 0.259766 0.960938 0.261719 0.957031 0.265625 0.957031 0.273438 0.958984 0.275391 0.958984 0.279297 0.957031 0.281250 0.957031 0.294922 0.958984 0.296875 0.958984 0.300781 0.960938 0.302734 0.962891 0.302734 0.964844 0.304688 0.960938 0.308594 0.958984 0.308594 0.955078 0.312500 0.955078 0.320312 0.953125 0.322266 0.945312 0.322266 0.943359 0.320312 0.937500 0.320312 0.933594 0.316406 0.935547 0.314453 0.935547 0.310547 0.925781 0.310547 0.923828 0.312500 0.921875 0.312500 0.919922 0.314453 0.919922 0.320312 0.929688 0.320312 0.931641 0.322266 0.933594 0.322266 0.935547 0.324219 0.941406 0.324219 0.943359 0.326172 0.957031 0.326172 0.958984 0.324219 0.958984 0.318359 0.964844 0.312500 0.966797 0.312500 0.968750 0.310547 0.970703 0.310547 0.970703 0.300781 0.968750 0.300781 0.962891 0.294922 0.962891 0.291016 0.960938 0.289062 0.960938 0.285156 0.962891 0.283203 0.962891 0.269531 0.964844 0.267578 0.964844 0.253906 0.960938 0.250000 0.960938 0.248047 0.958984 0.246094 0.958984 0.244141 0.960938 0.242188 0.960938 0.240234 0.962891 0.238281 0.962891 0.230469
0 0.056641 0.212891 0.056641 0.218750 0.054688 0.220703 0.054688 0.222656 0.052734 0.224609 0.048828 0.224609 0.046875 0.222656 0.046875 0.216797 0.037109 0.216797 0.037109 0.224609 0.035156 0.226562 0.023438 0.226562 0.023438 0.228516 0.021484 0.230469 0.011719 0.230469 0.011719 0.234375 0.009766 0.236328 0.003906 0.236328 0.003906 0.246094 0.021484 0.246094 0.023438 0.244141 0.025391 0.244141 0.027344 0.246094 0.037109 0.246094 0.039062 0.244141 0.041016 0.244141 0.041016 0.238281 0.042969 0.236328 0.046875 0.236328 0.048828 0.234375 0.056641 0.234375 0.056641 0.232422 0.058594 0.230469 0.064453 0.230469 0.064453 0.224609 0.066406 0.222656 0.066406 0.212891
0 0.070312 0.207031 0.070312 0.216797 0.087891 0.216797 0.087891 0.207031
0 0.937500 0.189453 0.935547 0.191406 0.933594 0.191406 0.933594 0.197266 0.931641 0.199219 0.931641 0.205078 0.929688 0.207031 0.929688 0.208984 0.927734 0.210938 0.925781 0.210938 0.923828 0.212891 0.921875 0.212891 0.917969 0.216797 0.916016 0.216797 0.912109 0.220703 0.910156 0.220703 0.908203 0.222656 0.902344 0.222656 0.900391 0.224609 0.886719 0.224609 0.886719 0.228516 0.904297 0.228516 0.906250 0.226562 0.914062 0.226562 0.916016 0.224609 0.917969 0.224609 0.917969 0.222656 0.921875 0.218750 0.923828 0.218750 0.925781 0.216797 0.929688 0.216797 0.931641 0.214844 0.933594 0.214844 0.933594 0.212891 0.935547 0.210938 0.935547 0.201172 0.937500 0.199219 0.937500 0.197266 0.941406 0.193359 0.953125 0.193359 0.955078 0.195312 0.958984 0.195312 0.962891 0.199219 0.964844 0.199219 0.966797 0.201172 0.966797 0.216797 0.964844 0.218750 0.964844 0.220703 0.962891 0.222656 0.960938 0.222656 0.960938 0.226562 0.966797 0.226562 0.966797 0.224609 0.970703 0.220703 0.970703 0.195312 0.968750 0.195312 0.966797 0.193359 0.964844 0.193359 0.962891 0.191406 0.960938 0.191406 0.958984 0.189453
0 0.804688 0.130859 0.804688 0.132812 0.800781 0.136719 0.796875 0.136719 0.796875 0.138672 0.794922 0.140625 0.791016 0.140625 0.787109 0.144531 0.785156 0.144531 0.779297 0.150391 0.779297 0.156250 0.777344 0.158203 0.777344 0.167969 0.779297 0.169922 0.792969 0.169922 0.794922 0.167969 0.814453 0.167969 0.814453 0.164062 0.791016 0.164062 0.789062 0.166016 0.785156 0.166016 0.783203 0.164062 0.783203 0.154297 0.785156 0.152344 0.787109 0.152344 0.791016 0.148438 0.792969 0.148438 0.796875 0.144531 0.798828 0.144531 0.802734 0.140625 0.804688 0.140625 0.806641 0.138672 0.808594 0.138672 0.808594 0.130859
0 0.037109 0.126953 0.037109 0.132812 0.035156 0.134766 0.031250 0.134766 0.031250 0.138672 0.029297 0.140625 0.027344 0.140625 0.027344 0.144531 0.025391 0.146484 0.023438 0.146484 0.023438 0.156250 0.037109 0.156250 0.037109 0.152344 0.039062 0.150391 0.041016 0.150391 0.041016 0.142578 0.042969 0.140625 0.046875 0.140625 0.046875 0.126953
0 0.982422 0.115234 0.980469 0.117188 0.978516 0.117188 0.974609 0.121094 0.972656 0.121094 0.970703 0.123047 0.970703 0.126953 0.966797 0.130859 0.966797 0.132812 0.962891 0.136719 0.958984 0.136719 0.958984 0.138672 0.957031 0.140625 0.939453 0.140625 0.935547 0.144531 0.931641 0.144531 0.931641 0.152344 0.929688 0.154297 0.929688 0.156250 0.925781 0.160156 0.906250 0.160156 0.906250 0.164062 0.931641 0.164062 0.933594 0.162109 0.933594 0.156250 0.935547 0.154297 0.935547 0.150391 0.939453 0.146484 0.941406 0.146484 0.943359 0.144531 0.962891 0.144531 0.962891 0.142578 0.964844 0.140625 0.968750 0.140625 0.970703 0.138672 0.970703 0.136719 0.972656 0.134766 0.972656 0.132812 0.974609 0.130859 0.974609 0.128906 0.982422 0.121094 0.984375 0.121094 0.986328 0.119141 0.988281 0.119141 0.988281 0.115234
0 0.902344 0.011719 0.902344 0.015625 0.900391 0.017578 0.898438 0.017578 0.898438 0.021484 0.896484 0.023438 0.892578 0.023438 0.892578 0.031250 0.890625 0.033203 0.884766 0.033203 0.884766 0.042969 0.882812 0.044922 0.882812 0.064453 0.884766 0.066406 0.884766 0.070312 0.917969 0.070312 0.917969 0.068359 0.919922 0.066406 0.921875 0.066406 0.921875 0.037109 0.912109 0.037109 0.912109 0.058594 0.910156 0.060547 0.894531 0.060547 0.892578 0.058594 0.892578 0.044922 0.894531 0.042969 0.894531 0.035156 0.896484 0.033203 0.902344 0.033203 0.902344 0.029297 0.904297 0.027344 0.908203 0.027344 0.908203 0.023438 0.910156 0.021484 0.917969 0.021484 0.919922 0.023438 0.929688 0.023438 0.931641 0.025391 0.931641 0.027344 0.933594 0.027344 0.935547 0.029297 0.935547 0.033203 0.937500 0.033203 0.939453 0.035156 0.939453 0.037109 0.943359 0.037109 0.945312 0.039062 0.945312 0.042969 0.947266 0.042969 0.949219 0.044922 0.949219 0.050781 0.953125 0.050781 0.955078 0.052734 0.955078 0.066406 0.960938 0.066406 0.962891 0.068359 0.962891 0.076172 0.972656 0.076172 0.972656 0.056641 0.966797 0.056641 0.964844 0.054688 0.964844 0.046875 0.960938 0.046875 0.958984 0.044922 0.958984 0.037109 0.957031 0.037109 0.955078 0.035156 0.955078 0.031250 0.951172 0.031250 0.949219 0.029297 0.949219 0.027344 0.947266 0.027344 0.945312 0.025391 0.945312 0.017578 0.937500 0.017578 0.935547 0.015625 0.935547 0.013672 0.923828 0.013672 0.921875 0.011719