0 0.986328 0.980469 0.984375 0.982422 0.976562 0.982422 0.976562 0.984375 0.978516 0.986328 0.984375 0.986328 0.988281 0.982422 0.988281 0.980469
0 0.943359 0.976562 0.943359 0.980469 0.947266 0.984375 0.947266 0.986328 0.951172 0.990234 0.951172 0.992188 0.957031 0.992188 0.957031 0.990234 0.955078 0.990234 0.953125 0.988281 0.953125 0.986328 0.951172 0.984375 0.953125 0.982422 0.968750 0.982422 0.968750 0.980469 0.953125 0.980469 0.951172 0.978516 0.949219 0.978516 0.947266 0.976562
0 0.779297 0.830078 0.779297 0.837891 0.773438 0.843750 0.765625 0.843750 0.763672 0.841797 0.759766 0.841797 0.757812 0.843750 0.750000 0.843750 0.750000 0.845703 0.744141 0.851562 0.744141 0.859375 0.748047 0.863281 0.748047 0.865234 0.751953 0.869141 0.751953 0.873047 0.755859 0.873047 0.757812 0.875000 0.759766 0.875000 0.761719 0.876953 0.765625 0.876953 0.769531 0.880859 0.783203 0.880859 0.787109 0.884766 0.791016 0.884766 0.791016 0.882812 0.792969 0.880859 0.792969 0.876953 0.796875 0.873047 0.796875 0.871094 0.798828 0.869141 0.798828 0.867188 0.800781 0.865234 0.800781 0.861328 0.802734 0.859375 0.802734 0.857422 0.800781 0.855469 0.798828 0.855469 0.792969 0.849609 0.792969 0.847656 0.791016 0.845703 0.791016 0.843750 0.789062 0.841797 0.789062 0.839844 0.787109 0.837891 0.787109 0.833984 0.783203 0.830078
0 0.542969 0.689453 0.542969 0.703125 0.548828 0.703125 0.550781 0.701172 0.550781 0.695312 0.548828 0.693359 0.548828 0.689453
0 0.751953 0.494141 0.751953 0.496094 0.757812 0.501953 0.757812 0.500000
0 0.746094 0.414062 0.746094 0.416016 0.748047 0.417969 0.750000 0.417969 0.751953 0.419922 0.763672 0.419922 0.765625 0.417969 0.765625 0.414062 0.763672 0.414062 0.759766 0.417969 0.753906 0.417969 0.750000 0.414062
0 0.970703 0.302734 0.970703 0.308594 0.974609 0.312500 0.974609 0.320312 0.976562 0.320312 0.976562 0.310547 0.972656 0.306641 0.972656 0.302734
0 0.937500 0.302734 0.937500 0.306641 0.941406 0.310547 0.945312 0.310547 0.947266 0.312500 0.951172 0.312500 0.951172 0.310547 0.949219 0.310547 0.947266 0.308594 0.945312 0.308594 0.939453 0.302734
0 0.888672 0.300781 0.884766 0.304688 0.880859 0.304688 0.878906 0.306641 0.876953 0.306641 0.876953 0.308594 0.884766 0.316406 0.884766 0.318359 0.886719 0.320312 0.888672 0.320312 0.888672 0.316406 0.880859 0.308594 0.882812 0.306641 0.888672 0.306641 0.892578 0.302734 0.892578 0.300781
0 0.904297 0.283203 0.904297 0.306641 0.906250 0.308594 0.906250 0.312500 0.902344 0.316406 0.902344 0.322266 0.912109 0.322266 0.912109 0.318359 0.917969 0.312500 0.921875 0.312500 0.921875 0.296875 0.919922 0.294922 0.919922 0.287109 0.917969 0.285156 0.914062 0.285156 0.912109 0.283203
0 0.919922 0.269531 0.917969 0.271484 0.910156 0.271484 0.908203 0.273438 0.896484 0.273438 0.894531 0.275391 0.888672 0.275391 0.888672 0.279297 0.890625 0.281250 0.890625 0.283203 0.892578 0.285156 0.892578 0.287109 0.894531 0.287109 0.894531 0.281250 0.892578 0.279297 0.894531 0.277344 0.896484 0.277344 0.898438 0.275391 0.910156 0.275391 0.912109 0.273438 0.919922 0.273438 0.921875 0.271484 0.921875 0.269531