0 0.048828 0.976562 0.046875 0.978516 0.046875 0.982422 0.044922 0.984375 0.044922 0.988281 0.046875 0.988281 0.048828 0.986328 0.050781 0.986328 0.050781 0.984375 0.052734 0.982422 0.054688 0.982422 0.054688 0.980469 0.050781 0.976562
0 0.070312 0.929688 0.066406 0.933594 0.066406 0.947266 0.068359 0.949219 0.074219 0.949219 0.074219 0.941406 0.072266 0.941406 0.070312 0.939453 0.070312 0.937500 0.072266 0.935547 0.072266 0.929688
0 0.070312 0.849609 0.066406 0.853516 0.066406 0.855469 0.064453 0.857422 0.064453 0.861328 0.066406 0.861328 0.068359 0.863281 0.076172 0.863281 0.078125 0.861328 0.078125 0.859375 0.074219 0.855469 0.074219 0.849609
0 0.890625 0.814453 0.888672 0.816406 0.886719 0.816406 0.882812 0.820312 0.875000 0.820312 0.871094 0.824219 0.871094 0.826172 0.869141 0.828125 0.869141 0.835938 0.871094 0.837891 0.871094 0.845703 0.873047 0.847656 0.873047 0.851562 0.867188 0.857422 0.863281 0.857422 0.861328 0.859375 0.855469 0.853516 0.855469 0.851562 0.853516 0.849609 0.851562 0.849609 0.849609 0.847656 0.843750 0.847656 0.841797 0.849609 0.841797 0.853516 0.843750 0.855469 0.843750 0.859375 0.845703 0.861328 0.845703 0.867188 0.843750 0.869141 0.843750 0.873047 0.841797 0.875000 0.841797 0.886719 0.839844 0.888672 0.839844 0.890625 0.837891 0.892578 0.837891 0.898438 0.839844 0.900391 0.839844 0.902344 0.843750 0.906250 0.843750 0.908203 0.845703 0.910156 0.851562 0.910156 0.859375 0.902344 0.865234 0.902344 0.869141 0.898438 0.871094 0.898438 0.871094 0.890625 0.867188 0.886719 0.867188 0.884766 0.871094 0.880859 0.871094 0.876953 0.869141 0.875000 0.869141 0.871094 0.871094 0.869141 0.875000 0.869141 0.876953 0.871094 0.878906 0.871094 0.878906 0.869141 0.882812 0.865234 0.884766 0.865234 0.886719 0.867188 0.890625 0.867188 0.894531 0.863281 0.894531 0.861328 0.896484 0.859375 0.896484 0.857422 0.898438 0.855469 0.900391 0.855469 0.902344 0.857422 0.902344 0.859375 0.908203 0.865234 0.908203 0.869141 0.910156 0.869141 0.912109 0.867188 0.923828 0.867188 0.925781 0.865234 0.929688 0.865234 0.931641 0.867188 0.937500 0.867188 0.939453 0.865234 0.949219 0.865234 0.949219 0.855469 0.937500 0.855469 0.935547 0.853516 0.933594 0.853516 0.929688 0.849609 0.929688 0.847656 0.927734 0.845703 0.925781 0.845703 0.923828 0.843750 0.914062 0.843750 0.912109 0.845703 0.910156 0.845703 0.908203 0.847656 0.902344 0.847656 0.894531 0.839844 0.894531 0.835938 0.890625 0.832031 0.890625 0.824219 0.896484 0.818359 0.896484 0.814453
0 0.916016 0.794922 0.916016 0.800781 0.917969 0.802734 0.917969 0.804688 0.919922 0.804688 0.921875 0.806641 0.929688 0.806641 0.931641 0.804688 0.933594 0.804688 0.935547 0.802734 0.935547 0.798828 0.925781 0.798828 0.923828 0.796875 0.921875 0.796875 0.919922 0.794922
0 0.152344 0.757812 0.150391 0.759766 0.148438 0.759766 0.148438 0.761719 0.146484 0.763672 0.146484 0.769531 0.148438 0.771484 0.148438 0.779297 0.142578 0.785156 0.142578 0.791016 0.146484 0.794922 0.146484 0.802734 0.148438 0.802734 0.150391 0.804688 0.152344 0.804688 0.156250 0.800781 0.158203 0.800781 0.162109 0.796875 0.162109 0.791016 0.160156 0.789062 0.158203 0.789062 0.156250 0.787109 0.158203 0.785156 0.160156 0.785156 0.160156 0.777344 0.158203 0.777344 0.156250 0.775391 0.154297 0.775391 0.152344 0.773438 0.152344 0.771484 0.156250 0.767578 0.158203 0.767578 0.158203 0.765625 0.160156 0.763672 0.160156 0.761719 0.158203 0.759766 0.158203 0.757812
0 0.781250 0.755859 0.779297 0.757812 0.779297 0.781250 0.781250 0.783203 0.781250 0.787109 0.783203 0.789062 0.783203 0.791016 0.785156 0.792969 0.785156 0.794922 0.787109 0.796875 0.787109 0.798828 0.798828 0.810547 0.798828 0.814453 0.800781 0.814453 0.802734 0.816406 0.802734 0.818359 0.808594 0.818359 0.810547 0.816406 0.812500 0.818359 0.820312 0.818359 0.822266 0.816406 0.824219 0.816406 0.824219 0.814453 0.826172 0.812500 0.826172 0.804688 0.824219 0.802734 0.822266 0.802734 0.820312 0.800781 0.820312 0.798828 0.818359 0.796875 0.816406 0.796875 0.814453 0.794922 0.814453 0.791016 0.816406 0.789062 0.818359 0.789062 0.820312 0.791016 0.830078 0.791016 0.832031 0.789062 0.833984 0.789062 0.837891 0.785156 0.837891 0.781250 0.832031 0.775391 0.832031 0.773438 0.833984 0.771484 0.833984 0.769531 0.835938 0.767578 0.835938 0.761719 0.833984 0.761719 0.832031 0.763672 0.824219 0.763672 0.820312 0.759766 0.816406 0.759766 0.808594 0.767578 0.804688 0.767578 0.800781 0.763672 0.796875 0.763672 0.794922 0.761719 0.794922 0.759766 0.792969 0.759766 0.791016 0.757812 0.789062 0.757812 0.787109 0.755859
0 0.802734 0.714844 0.800781 0.716797 0.791016 0.716797 0.787109 0.720703 0.787109 0.726562 0.792969 0.732422 0.792969 0.734375 0.794922 0.734375 0.798828 0.738281 0.796875 0.740234 0.796875 0.746094 0.798828 0.746094 0.802734 0.750000 0.802734 0.751953 0.804688 0.751953 0.814453 0.742188 0.816406 0.742188 0.816406 0.740234 0.814453 0.738281 0.814453 0.734375 0.812500 0.732422 0.812500 0.730469 0.810547 0.728516 0.810547 0.722656 0.808594 0.720703 0.808594 0.714844
0 0.267578 0.701172 0.267578 0.703125 0.265625 0.705078 0.265625 0.708984 0.267578 0.710938 0.267578 0.712891 0.269531 0.712891 0.271484 0.714844 0.273438 0.714844 0.273438 0.705078 0.269531 0.701172
0 0.328125 0.679688 0.324219 0.683594 0.324219 0.693359 0.320312 0.697266 0.318359 0.697266 0.316406 0.699219 0.314453 0.699219 0.314453 0.701172 0.312500 0.703125 0.310547 0.703125 0.310547 0.710938 0.312500 0.712891 0.308594 0.716797 0.306641 0.716797 0.304688 0.718750 0.304688 0.720703 0.302734 0.722656 0.302734 0.724609 0.300781 0.726562 0.300781 0.736328 0.302734 0.738281 0.312500 0.738281 0.316406 0.734375 0.316406 0.732422 0.318359 0.730469 0.320312 0.730469 0.322266 0.732422 0.332031 0.732422 0.332031 0.710938 0.333984 0.708984 0.335938 0.708984 0.337891 0.707031 0.341797 0.707031 0.343750 0.705078 0.345703 0.705078 0.345703 0.697266 0.349609 0.693359 0.349609 0.685547 0.347656 0.685547 0.345703 0.683594 0.345703 0.681641 0.333984 0.681641 0.332031 0.679688
0 0.427734 0.667969 0.425781 0.669922 0.423828 0.669922 0.421875 0.671875 0.421875 0.681641 0.423828 0.683594 0.423828 0.687500 0.427734 0.691406 0.429688 0.691406 0.431641 0.689453 0.431641 0.683594 0.429688 0.681641 0.431641 0.679688 0.431641 0.669922 0.429688 0.667969
0 0.242188 0.533203 0.238281 0.537109 0.238281 0.539062 0.232422 0.544922 0.224609 0.544922 0.224609 0.546875 0.222656 0.548828 0.222656 0.554688 0.224609 0.556641 0.224609 0.558594 0.226562 0.560547 0.226562 0.562500 0.228516 0.562500 0.234375 0.568359 0.234375 0.580078 0.236328 0.582031 0.238281 0.582031 0.240234 0.583984 0.242188 0.583984 0.244141 0.585938 0.250000 0.585938 0.251953 0.587891 0.253906 0.587891 0.255859 0.589844 0.255859 0.591797 0.257812 0.593750 0.257812 0.597656 0.267578 0.597656 0.269531 0.599609 0.269531 0.603516 0.279297 0.603516 0.283203 0.599609 0.283203 0.597656 0.287109 0.593750 0.287109 0.585938 0.285156 0.585938 0.283203 0.583984 0.283203 0.572266 0.279297 0.568359 0.279297 0.566406 0.285156 0.560547 0.294922 0.560547 0.296875 0.558594 0.298828 0.558594 0.298828 0.550781 0.300781 0.548828 0.300781 0.539062 0.298828 0.539062 0.296875 0.537109 0.294922 0.537109 0.291016 0.533203 0.281250 0.533203 0.279297 0.535156 0.275391 0.535156 0.267578 0.542969 0.263672 0.542969 0.257812 0.537109 0.257812 0.535156 0.255859 0.535156 0.253906 0.533203
0 0.511719 0.445312 0.511719 0.447266 0.507812 0.451172 0.507812 0.457031 0.511719 0.457031 0.513672 0.455078 0.515625 0.455078 0.515625 0.453125 0.517578 0.451172 0.517578 0.449219 0.519531 0.447266 0.519531 0.445312
0 0.332031 0.445312 0.324219 0.453125 0.322266 0.453125 0.322266 0.462891 0.320312 0.464844 0.308594 0.464844 0.306641 0.466797 0.306641 0.470703 0.308594 0.472656 0.312500 0.472656 0.314453 0.470703 0.320312 0.470703 0.322266 0.472656 0.322266 0.474609 0.324219 0.476562 0.328125 0.476562 0.330078 0.474609 0.330078 0.472656 0.333984 0.468750 0.335938 0.468750 0.335938 0.466797 0.337891 0.464844 0.337891 0.453125 0.339844 0.451172 0.339844 0.449219 0.337891 0.447266 0.337891 0.445312
0 0.494141 0.410156 0.492188 0.412109 0.492188 0.414062 0.494141 0.414062 0.501953 0.421875 0.505859 0.421875 0.507812 0.419922 0.509766 0.419922 0.509766 0.412109 0.505859 0.412109 0.503906 0.410156
0 0.593750 0.226562 0.585938 0.234375 0.578125 0.234375 0.576172 0.236328 0.576172 0.240234 0.578125 0.242188 0.578125 0.246094 0.580078 0.248047 0.582031 0.248047 0.585938 0.251953 0.589844 0.251953 0.591797 0.253906 0.593750 0.253906 0.595703 0.255859 0.595703 0.259766 0.597656 0.259766 0.599609 0.261719 0.607422 0.261719 0.609375 0.259766 0.623047 0.259766 0.625000 0.257812 0.625000 0.251953 0.617188 0.244141 0.615234 0.244141 0.611328 0.240234 0.611328 0.238281 0.599609 0.226562
0 0.017578 0.191406 0.017578 0.197266 0.021484 0.201172 0.021484 0.205078 0.019531 0.207031 0.017578 0.207031 0.015625 0.208984 0.015625 0.220703 0.019531 0.224609 0.019531 0.228516 0.033203 0.242188 0.031250 0.244141 0.031250 0.246094 0.027344 0.250000 0.027344 0.251953 0.025391 0.253906 0.025391 0.257812 0.019531 0.263672 0.017578 0.263672 0.017578 0.265625 0.015625 0.267578 0.015625 0.269531 0.021484 0.275391 0.027344 0.275391 0.029297 0.277344 0.031250 0.277344 0.033203 0.279297 0.035156 0.279297 0.039062 0.283203 0.046875 0.283203 0.048828 0.285156 0.048828 0.289062 0.050781 0.291016 0.050781 0.302734 0.054688 0.306641 0.056641 0.306641 0.058594 0.304688 0.058594 0.302734 0.062500 0.298828 0.062500 0.296875 0.064453 0.294922 0.064453 0.289062 0.068359 0.285156 0.070312 0.285156 0.072266 0.283203 0.074219 0.283203 0.082031 0.275391 0.082031 0.269531 0.074219 0.261719 0.070312 0.261719 0.070312 0.263672 0.072266 0.265625 0.068359 0.269531 0.066406 0.269531 0.064453 0.271484 0.060547 0.271484 0.058594 0.269531 0.058594 0.265625 0.054688 0.261719 0.054688 0.259766 0.048828 0.253906 0.048828 0.246094 0.050781 0.244141 0.054688 0.244141 0.054688 0.242188 0.056641 0.240234 0.056641 0.238281 0.058594 0.236328 0.058594 0.234375 0.060547 0.232422 0.060547 0.214844 0.058594 0.214844 0.056641 0.212891 0.054688 0.212891 0.046875 0.205078 0.046875 0.199219 0.041016 0.199219 0.039062 0.197266 0.037109 0.197266 0.033203 0.193359 0.029297 0.193359 0.027344 0.191406
0 0.806641 0.169922 0.804688 0.171875 0.792969 0.171875 0.791016 0.173828 0.791016 0.175781 0.785156 0.181641 0.785156 0.183594 0.781250 0.187500 0.781250 0.189453 0.777344 0.193359 0.775391 0.193359 0.771484 0.197266 0.769531 0.197266 0.765625 0.201172 0.765625 0.205078 0.761719 0.208984 0.761719 0.210938 0.753906 0.218750 0.750000 0.218750 0.750000 0.220703 0.751953 0.222656 0.751953 0.224609 0.748047 0.228516 0.742188 0.228516 0.738281 0.232422 0.738281 0.234375 0.736328 0.236328 0.736328 0.238281 0.734375 0.240234 0.734375 0.242188 0.732422 0.244141 0.732422 0.246094 0.726562 0.251953 0.720703 0.251953 0.716797 0.248047 0.712891 0.248047 0.710938 0.246094 0.703125 0.246094 0.701172 0.248047 0.699219 0.248047 0.697266 0.246094 0.693359 0.246094 0.691406 0.248047 0.685547 0.248047 0.681641 0.244141 0.681641 0.242188 0.675781 0.242188 0.671875 0.238281 0.673828 0.236328 0.673828 0.226562 0.671875 0.224609 0.660156 0.224609 0.658203 0.222656 0.656250 0.222656 0.650391 0.228516 0.646484 0.228516 0.644531 0.230469 0.642578 0.230469 0.638672 0.234375 0.638672 0.240234 0.636719 0.242188 0.636719 0.250000 0.640625 0.253906 0.640625 0.255859 0.642578 0.255859 0.644531 0.257812 0.646484 0.257812 0.648438 0.259766 0.650391 0.259766 0.652344 0.261719 0.652344 0.263672 0.650391 0.265625 0.648438 0.265625 0.648438 0.271484 0.650391 0.273438 0.656250 0.273438 0.662109 0.279297 0.666016 0.279297 0.667969 0.277344 0.669922 0.277344 0.671875 0.275391 0.675781 0.275391 0.677734 0.277344 0.683594 0.277344 0.685547 0.275391 0.687500 0.277344 0.687500 0.279297 0.689453 0.281250 0.689453 0.283203 0.685547 0.287109 0.683594 0.287109 0.683594 0.291016 0.681641 0.292969 0.677734 0.292969 0.675781 0.291016 0.673828 0.292969 0.671875 0.292969 0.669922 0.294922 0.658203 0.294922 0.652344 0.300781 0.652344 0.302734 0.654297 0.302734 0.656250 0.304688 0.656250 0.308594 0.652344 0.312500 0.648438 0.312500 0.646484 0.310547 0.640625 0.310547 0.638672 0.308594 0.636719 0.308594 0.632812 0.304688 0.630859 0.306641 0.628906 0.306641 0.626953 0.304688 0.625000 0.304688 0.619141 0.298828 0.619141 0.294922 0.617188 0.292969 0.615234 0.292969 0.601562 0.279297 0.601562 0.277344 0.591797 0.277344 0.589844 0.275391 0.587891 0.275391 0.585938 0.273438 0.582031 0.273438 0.580078 0.275391 0.580078 0.277344 0.576172 0.281250 0.576172 0.283203 0.572266 0.287109 0.566406 0.287109 0.562500 0.283203 0.560547 0.283203 0.556641 0.279297 0.556641 0.275391 0.552734 0.275391 0.550781 0.277344 0.548828 0.277344 0.542969 0.283203 0.542969 0.300781 0.541016 0.302734 0.541016 0.312500 0.544922 0.316406 0.546875 0.316406 0.548828 0.318359 0.554688 0.318359 0.556641 0.320312 0.566406 0.320312 0.568359 0.322266 0.570312 0.322266 0.576172 0.328125 0.576172 0.330078 0.570312 0.335938 0.568359 0.335938 0.564453 0.339844 0.564453 0.345703 0.570312 0.351562 0.570312 0.353516 0.572266 0.353516 0.574219 0.355469 0.574219 0.357422 0.576172 0.359375 0.576172 0.367188 0.574219 0.369141 0.574219 0.373047 0.576172 0.375000 0.576172 0.376953 0.574219 0.378906 0.574219 0.384766 0.585938 0.384766 0.587891 0.382812 0.589844 0.382812 0.591797 0.380859 0.593750 0.380859 0.595703 0.378906 0.597656 0.380859 0.601562 0.380859 0.603516 0.378906 0.603516 0.375000 0.599609 0.371094 0.599609 0.369141 0.597656 0.367188 0.597656 0.357422 0.605469 0.349609 0.605469 0.347656 0.607422 0.345703 0.609375 0.345703 0.619141 0.355469 0.625000 0.355469 0.626953 0.353516 0.630859 0.357422 0.628906 0.359375 0.628906 0.361328 0.626953 0.363281 0.626953 0.369141 0.628906 0.371094 0.630859 0.371094 0.632812 0.373047 0.632812 0.375000 0.636719 0.375000 0.638672 0.373047 0.640625 0.373047 0.644531 0.369141 0.646484 0.369141 0.652344 0.375000 0.652344 0.376953 0.654297 0.378906 0.654297 0.380859 0.652344 0.382812 0.650391 0.382812 0.648438 0.384766 0.646484 0.382812 0.642578 0.382812 0.642578 0.384766 0.638672 0.388672 0.636719 0.388672 0.634766 0.386719 0.626953 0.386719 0.625000 0.388672 0.623047 0.388672 0.621094 0.390625 0.611328 0.390625 0.609375 0.388672 0.599609 0.388672 0.597656 0.390625 0.597656 0.392578 0.595703 0.394531 0.595703 0.402344 0.593750 0.404297 0.591797 0.402344 0.587891 0.402344 0.585938 0.400391 0.583984 0.400391 0.582031 0.402344 0.580078 0.402344 0.580078 0.406250 0.578125 0.408203 0.578125 0.412109 0.580078 0.414062 0.580078 0.416016 0.578125 0.417969 0.576172 0.417969 0.572266 0.421875 0.572266 0.425781 0.576172 0.425781 0.578125 0.427734 0.578125 0.429688 0.572266 0.435547 0.572266 0.437500 0.570312 0.439453 0.564453 0.439453 0.562500 0.441406 0.560547 0.441406 0.556641 0.445312 0.556641 0.458984 0.554688 0.460938 0.554688 0.462891 0.552734 0.464844 0.552734 0.468750 0.550781 0.470703 0.548828 0.470703 0.546875 0.472656 0.544922 0.472656 0.541016 0.476562 0.539062 0.476562 0.531250 0.484375 0.531250 0.486328 0.525391 0.492188 0.523438 0.492188 0.521484 0.494141 0.519531 0.494141 0.517578 0.496094 0.517578 0.498047 0.515625 0.500000 0.515625 0.513672 0.517578 0.515625 0.521484 0.515625 0.525391 0.519531 0.521484 0.523438 0.521484 0.525391 0.517578 0.529297 0.517578 0.533203 0.515625 0.535156 0.515625 0.539062 0.513672 0.541016 0.513672 0.544922 0.511719 0.546875 0.507812 0.546875 0.505859 0.544922 0.505859 0.542969 0.503906 0.541016 0.503906 0.539062 0.500000 0.535156 0.498047 0.535156 0.496094 0.537109 0.492188 0.537109 0.490234 0.535156 0.490234 0.527344 0.486328 0.527344 0.484375 0.529297 0.484375 0.531250 0.480469 0.535156 0.480469 0.537109 0.478516 0.539062 0.478516 0.541016 0.470703 0.548828 0.468750 0.548828 0.462891 0.554688 0.462891 0.560547 0.458984 0.564453 0.458984 0.568359 0.460938 0.570312 0.466797 0.570312 0.470703 0.574219 0.474609 0.574219 0.474609 0.570312 0.472656 0.568359 0.472656 0.566406 0.474609 0.564453 0.486328 0.564453 0.490234 0.560547 0.492188 0.560547 0.494141 0.558594 0.494141 0.556641 0.501953 0.548828 0.507812 0.548828 0.509766 0.550781 0.509766 0.552734 0.511719 0.552734 0.513672 0.554688 0.513672 0.560547 0.515625 0.562500 0.515625 0.564453 0.517578 0.566406 0.519531 0.566406 0.521484 0.568359 0.523438 0.568359 0.525391 0.570312 0.527344 0.570312 0.529297 0.572266 0.531250 0.572266 0.533203 0.574219 0.533203 0.580078 0.537109 0.583984 0.537109 0.593750 0.535156 0.595703 0.533203 0.595703 0.531250 0.597656 0.531250 0.601562 0.527344 0.605469 0.527344 0.607422 0.529297 0.609375 0.529297 0.615234 0.531250 0.617188 0.531250 0.623047 0.527344 0.626953 0.525391 0.626953 0.523438 0.625000 0.523438 0.623047 0.521484 0.621094 0.521484 0.619141 0.519531 0.619141 0.519531 0.630859 0.517578 0.632812 0.517578 0.634766 0.513672 0.638672 0.507812 0.638672 0.505859 0.640625 0.501953 0.640625 0.501953 0.650391 0.500000 0.652344 0.498047 0.650391 0.494141 0.650391 0.490234 0.646484 0.490234 0.644531 0.482422 0.644531 0.480469 0.646484 0.478516 0.646484 0.472656 0.652344 0.470703 0.652344 0.468750 0.654297 0.468750 0.656250 0.466797 0.658203 0.466797 0.660156 0.464844 0.662109 0.464844 0.666016 0.460938 0.669922 0.460938 0.671875 0.457031 0.675781 0.455078 0.675781 0.455078 0.681641 0.462891 0.681641 0.464844 0.683594 0.466797 0.683594 0.468750 0.685547 0.476562 0.685547 0.478516 0.687500 0.482422 0.687500 0.484375 0.689453 0.488281 0.689453 0.488281 0.677734 0.492188 0.673828 0.492188 0.667969 0.488281 0.664062 0.488281 0.660156 0.492188 0.656250 0.498047 0.656250 0.500000 0.654297 0.500000 0.652344 0.501953 0.650391 0.503906 0.652344 0.507812 0.652344 0.515625 0.660156 0.517578 0.660156 0.519531 0.662109 0.521484 0.662109 0.523438 0.660156 0.525391 0.660156 0.525391 0.654297 0.523438 0.654297 0.521484 0.652344 0.521484 0.650391 0.519531 0.648438 0.521484 0.646484 0.523438 0.646484 0.523438 0.644531 0.525391 0.642578 0.527344 0.642578 0.527344 0.640625 0.529297 0.638672 0.546875 0.638672 0.552734 0.644531 0.552734 0.646484 0.554688 0.648438 0.554688 0.652344 0.552734 0.654297 0.552734 0.656250 0.550781 0.658203 0.548828 0.658203 0.548828 0.677734 0.546875 0.679688 0.542969 0.679688 0.539062 0.675781 0.537109 0.675781 0.533203 0.679688 0.533203 0.681641 0.527344 0.687500 0.525391 0.687500 0.523438 0.689453 0.521484 0.689453 0.521484 0.691406 0.517578 0.695312 0.517578 0.699219 0.515625 0.701172 0.515625 0.703125 0.513672 0.705078 0.505859 0.705078 0.503906 0.707031 0.503906 0.712891 0.500000 0.716797 0.498047 0.716797 0.498047 0.722656 0.494141 0.726562 0.488281 0.720703 0.488281 0.716797 0.484375 0.716797 0.482422 0.714844 0.480469 0.714844 0.480469 0.716797 0.478516 0.718750 0.478516 0.720703 0.474609 0.724609 0.464844 0.724609 0.462891 0.722656 0.457031 0.722656 0.455078 0.720703 0.455078 0.718750 0.457031 0.716797 0.457031 0.708984 0.458984 0.707031 0.458984 0.705078 0.460938 0.703125 0.460938 0.697266 0.457031 0.697266 0.455078 0.695312 0.453125 0.695312 0.451172 0.697266 0.447266 0.693359 0.447266 0.689453 0.445312 0.687500 0.445312 0.685547 0.443359 0.683594 0.439453 0.683594 0.437500 0.685547 0.437500 0.691406 0.429688 0.699219 0.429688 0.708984 0.431641 0.708984 0.433594 0.710938 0.433594 0.716797 0.437500 0.720703 0.437500 0.732422 0.443359 0.738281 0.443359 0.742188 0.439453 0.746094 0.433594 0.746094 0.431641 0.744141 0.429688 0.746094 0.427734 0.746094 0.425781 0.748047 0.425781 0.755859 0.423828 0.757812 0.423828 0.759766 0.421875 0.761719 0.421875 0.763672 0.419922 0.765625 0.417969 0.765625 0.416016 0.767578 0.414062 0.767578 0.408203 0.773438 0.404297 0.773438 0.402344 0.771484 0.398438 0.775391 0.392578 0.775391 0.390625 0.773438 0.380859 0.773438 0.373047 0.765625 0.371094 0.765625 0.369141 0.763672 0.365234 0.763672 0.363281 0.765625 0.363281 0.767578 0.361328 0.769531 0.355469 0.769531 0.353516 0.771484 0.351562 0.771484 0.349609 0.773438 0.339844 0.773438 0.337891 0.775391 0.337891 0.783203 0.339844 0.783203 0.341797 0.785156 0.341797 0.789062 0.339844 0.791016 0.333984 0.791016 0.332031 0.789062 0.330078 0.789062 0.328125 0.787109 0.326172 0.787109 0.324219 0.785156 0.318359 0.785156 0.308594 0.794922 0.308594 0.796875 0.310547 0.798828 0.314453 0.798828 0.316406 0.800781 0.316406 0.802734 0.312500 0.806641 0.310547 0.806641 0.304688 0.812500 0.300781 0.812500 0.300781 0.814453 0.298828 0.816406 0.298828 0.826172 0.300781 0.826172 0.302734 0.828125 0.302734 0.837891 0.310547 0.837891 0.316406 0.843750 0.316406 0.845703 0.314453 0.847656 0.310547 0.847656 0.308594 0.849609 0.304688 0.849609 0.300781 0.845703 0.298828 0.845703 0.292969 0.839844 0.292969 0.837891 0.287109 0.837891 0.287109 0.839844 0.285156 0.841797 0.281250 0.841797 0.277344 0.837891 0.277344 0.832031 0.273438 0.828125 0.273438 0.824219 0.271484 0.822266 0.271484 0.816406 0.267578 0.812500 0.267578 0.810547 0.263672 0.810547 0.261719 0.808594 0.261719 0.804688 0.259766 0.802734 0.246094 0.802734 0.242188 0.798828 0.242188 0.794922 0.238281 0.794922 0.236328 0.796875 0.234375 0.796875 0.234375 0.806641 0.236328 0.808594 0.236328 0.814453 0.234375 0.816406 0.234375 0.818359 0.232422 0.820312 0.230469 0.820312 0.228516 0.822266 0.228516 0.824219 0.226562 0.826172 0.226562 0.828125 0.224609 0.830078 0.224609 0.832031 0.222656 0.833984 0.218750 0.830078 0.216797 0.830078 0.212891 0.826172 0.212891 0.824219 0.210938 0.822266 0.210938 0.820312 0.208984 0.818359 0.208984 0.814453 0.207031 0.812500 0.207031 0.808594 0.205078 0.806641 0.205078 0.804688 0.203125 0.802734 0.203125 0.800781 0.201172 0.800781 0.195312 0.806641 0.193359 0.806641 0.189453 0.810547 0.187500 0.808594 0.183594 0.808594 0.181641 0.810547 0.181641 0.814453 0.183594 0.816406 0.183594 0.820312 0.181641 0.822266 0.177734 0.822266 0.173828 0.826172 0.173828 0.828125 0.171875 0.830078 0.169922 0.828125 0.167969 0.828125 0.167969 0.835938 0.164062 0.839844 0.162109 0.839844 0.160156 0.837891 0.158203 0.837891 0.154297 0.841797 0.150391 0.841797 0.146484 0.845703 0.146484 0.855469 0.144531 0.857422 0.142578 0.855469 0.140625 0.855469 0.138672 0.853516 0.136719 0.853516 0.132812 0.857422 0.126953 0.857422 0.123047 0.861328 0.117188 0.861328 0.107422 0.871094 0.107422 0.875000 0.103516 0.878906 0.101562 0.878906 0.097656 0.882812 0.097656 0.884766 0.095703 0.886719 0.095703 0.892578 0.101562 0.892578 0.103516 0.890625 0.105469 0.892578 0.109375 0.892578 0.111328 0.894531 0.111328 0.896484 0.117188 0.896484 0.121094 0.892578 0.123047 0.892578 0.130859 0.900391 0.134766 0.900391 0.136719 0.902344 0.136719 0.906250 0.138672 0.908203 0.138672 0.912109 0.142578 0.916016 0.142578 0.917969 0.144531 0.919922 0.144531 0.921875 0.146484 0.923828 0.146484 0.943359 0.148438 0.943359 0.150391 0.945312 0.150391 0.947266 0.154297 0.951172 0.156250 0.951172 0.158203 0.953125 0.158203 0.955078 0.152344 0.960938 0.150391 0.958984 0.140625 0.958984 0.138672 0.960938 0.136719 0.960938 0.130859 0.966797 0.128906 0.966797 0.126953 0.968750 0.125000 0.968750 0.121094 0.964844 0.119141 0.964844 0.115234 0.968750 0.115234 0.970703 0.113281 0.972656 0.111328 0.970703 0.111328 0.968750 0.109375 0.966797 0.107422 0.966797 0.107422 0.970703 0.105469 0.972656 0.103516 0.972656 0.101562 0.974609 0.101562 0.978516 0.099609 0.980469 0.099609 0.982422 0.095703 0.986328 0.093750 0.986328 0.091797 0.984375 0.085938 0.984375 0.083984 0.986328 0.080078 0.986328 0.078125 0.984375 0.078125 0.982422 0.074219 0.982422 0.074219 0.984375 0.068359 0.990234 0.064453 0.990234 0.062500 0.992188 0.060547 0.992188 0.058594 0.990234 0.054688 0.990234 0.052734 0.992188 0.531250 0.992188 0.537109 0.986328 0.544922 0.986328 0.546875 0.984375 0.546875 0.982422 0.552734 0.976562 0.552734 0.974609 0.554688 0.972656 0.554688 0.968750 0.550781 0.968750 0.546875 0.964844 0.546875 0.960938 0.550781 0.957031 0.552734 0.957031 0.554688 0.955078 0.560547 0.955078 0.562500 0.953125 0.574219 0.953125 0.576172 0.955078 0.578125 0.955078 0.580078 0.957031 0.580078 0.960938 0.582031 0.962891 0.582031 0.986328 0.580078 0.988281 0.578125 0.988281 0.578125 0.990234 0.576172 0.992188 0.630859 0.992188 0.632812 0.990234 0.632812 0.988281 0.630859 0.988281 0.628906 0.986328 0.626953 0.986328 0.625000 0.984375 0.619141 0.984375 0.617188 0.982422 0.615234 0.982422 0.609375 0.976562 0.609375 0.970703 0.611328 0.968750 0.615234 0.968750 0.617188 0.966797 0.619141 0.966797 0.621094 0.964844 0.626953 0.964844 0.632812 0.970703 0.634766 0.970703 0.636719 0.972656 0.640625 0.972656 0.644531 0.976562 0.646484 0.976562 0.656250 0.986328 0.656250 0.988281 0.658203 0.990234 0.660156 0.990234 0.662109 0.988281 0.664062 0.988281 0.666016 0.986328 0.677734 0.986328 0.681641 0.982422 0.683594 0.982422 0.685547 0.984375 0.687500 0.984375 0.693359 0.990234 0.699219 0.990234 0.701172 0.992188 0.843750 0.992188 0.841797 0.992188 0.839844 0.990234 0.839844 0.988281 0.833984 0.982422 0.833984 0.980469 0.832031 0.980469 0.830078 0.978516 0.828125 0.978516 0.826172 0.976562 0.824219 0.976562 0.822266 0.974609 0.816406 0.974609 0.812500 0.970703 0.808594 0.970703 0.804688 0.966797 0.787109 0.966797 0.783203 0.970703 0.773438 0.970703 0.771484 0.972656 0.769531 0.970703 0.769531 0.957031 0.767578 0.955078 0.767578 0.951172 0.763672 0.947266 0.763672 0.945312 0.761719 0.943359 0.761719 0.941406 0.750000 0.929688 0.751953 0.927734 0.751953 0.925781 0.761719 0.916016 0.767578 0.916016 0.777344 0.906250 0.779297 0.906250 0.781250 0.904297 0.781250 0.902344 0.785156 0.898438 0.785156 0.896484 0.789062 0.892578 0.789062 0.880859 0.787109 0.878906 0.787109 0.869141 0.783203 0.865234 0.781250 0.865234 0.779297 0.863281 0.777344 0.863281 0.771484 0.857422 0.771484 0.855469 0.765625 0.849609 0.765625 0.845703 0.763672 0.843750 0.763672 0.835938 0.761719 0.833984 0.761719 0.826172 0.759766 0.824219 0.761719 0.822266 0.761719 0.814453 0.759766 0.812500 0.759766 0.802734 0.755859 0.798828 0.755859 0.794922 0.753906 0.792969 0.753906 0.787109 0.748047 0.781250 0.740234 0.781250 0.738281 0.779297 0.728516 0.779297 0.724609 0.783203 0.724609 0.787109 0.722656 0.789062 0.716797 0.789062 0.712891 0.785156 0.710938 0.785156 0.707031 0.781250 0.707031 0.779297 0.705078 0.777344 0.705078 0.775391 0.703125 0.773438 0.703125 0.771484 0.701172 0.771484 0.695312 0.765625 0.687500 0.765625 0.683594 0.769531 0.683594 0.775391 0.685547 0.777344 0.685547 0.779297 0.683594 0.781250 0.681641 0.781250 0.677734 0.785156 0.673828 0.781250 0.671875 0.781250 0.669922 0.779297 0.667969 0.781250 0.666016 0.781250 0.658203 0.773438 0.662109 0.769531 0.662109 0.763672 0.658203 0.759766 0.658203 0.757812 0.650391 0.757812 0.650391 0.761719 0.648438 0.763672 0.646484 0.763672 0.644531 0.761719 0.640625 0.761719 0.636719 0.757812 0.636719 0.751953 0.638672 0.750000 0.640625 0.750000 0.642578 0.748047 0.642578 0.742188 0.640625 0.740234 0.638672 0.740234 0.634766 0.736328 0.628906 0.736328 0.626953 0.738281 0.625000 0.738281 0.621094 0.734375 0.621094 0.732422 0.623047 0.730469 0.623047 0.720703 0.619141 0.716797 0.619141 0.714844 0.613281 0.708984 0.609375 0.708984 0.607422 0.710938 0.603516 0.707031 0.603516 0.705078 0.597656 0.699219 0.583984 0.699219 0.578125 0.693359 0.576172 0.693359 0.574219 0.691406 0.574219 0.683594 0.578125 0.679688 0.576172 0.677734 0.580078 0.673828 0.582031 0.673828 0.583984 0.671875 0.585938 0.671875 0.587891 0.673828 0.587891 0.675781 0.589844 0.677734 0.589844 0.681641 0.591797 0.683594 0.591797 0.685547 0.593750 0.685547 0.595703 0.687500 0.601562 0.687500 0.603516 0.685547 0.603516 0.683594 0.605469 0.681641 0.605469 0.675781 0.607422 0.673828 0.607422 0.671875 0.609375 0.669922 0.609375 0.667969 0.613281 0.664062 0.615234 0.664062 0.617188 0.662109 0.625000 0.662109 0.626953 0.660156 0.628906 0.662109 0.630859 0.662109 0.632812 0.664062 0.634766 0.664062 0.636719 0.666016 0.638672 0.666016 0.642578 0.669922 0.644531 0.669922 0.648438 0.673828 0.667969 0.673828 0.671875 0.669922 0.673828 0.669922 0.675781 0.667969 0.679688 0.667969 0.683594 0.664062 0.687500 0.664062 0.689453 0.662109 0.695312 0.662109 0.697266 0.660156 0.699219 0.660156 0.701172 0.658203 0.703125 0.658203 0.705078 0.656250 0.707031 0.656250 0.710938 0.652344 0.712891 0.652344 0.714844 0.650391 0.718750 0.650391 0.722656 0.646484 0.736328 0.646484 0.740234 0.642578 0.742188 0.642578 0.744141 0.640625 0.746094 0.640625 0.748047 0.642578 0.746094 0.644531 0.746094 0.646484 0.750000 0.650391 0.750000 0.652344 0.751953 0.654297 0.751953 0.677734 0.757812 0.683594 0.757812 0.685547 0.759766 0.687500 0.765625 0.687500 0.767578 0.685547 0.769531 0.685547 0.773438 0.681641 0.775391 0.681641 0.777344 0.679688 0.777344 0.677734 0.779297 0.675781 0.783203 0.675781 0.785156 0.677734 0.792969 0.677734 0.794922 0.675781 0.798828 0.675781 0.800781 0.673828 0.800781 0.671875 0.802734 0.669922 0.802734 0.667969 0.804688 0.666016 0.806641 0.666016 0.806641 0.664062 0.814453 0.656250 0.820312 0.656250 0.824219 0.660156 0.824219 0.664062 0.828125 0.664062 0.830078 0.662109 0.830078 0.656250 0.832031 0.654297 0.833984 0.654297 0.843750 0.644531 0.845703 0.644531 0.851562 0.650391 0.851562 0.675781 0.849609 0.677734 0.849609 0.679688 0.845703 0.683594 0.845703 0.685547 0.843750 0.687500 0.843750 0.693359 0.839844 0.697266 0.837891 0.697266 0.833984 0.701172 0.830078 0.701172 0.830078 0.703125 0.826172 0.707031 0.826172 0.712891 0.828125 0.712891 0.830078 0.714844 0.830078 0.720703 0.832031 0.720703 0.833984 0.722656 0.833984 0.724609 0.835938 0.724609 0.837891 0.726562 0.837891 0.736328 0.835938 0.738281 0.835938 0.744141 0.837891 0.746094 0.837891 0.748047 0.849609 0.748047 0.853516 0.751953 0.853516 0.755859 0.863281 0.765625 0.865234 0.765625 0.867188 0.763672 0.869141 0.763672 0.875000 0.757812 0.878906 0.757812 0.880859 0.755859 0.882812 0.755859 0.884766 0.757812 0.884766 0.759766 0.894531 0.759766 0.896484 0.757812 0.898438 0.757812 0.898438 0.753906 0.896484 0.751953 0.896484 0.750000 0.894531 0.748047 0.894531 0.744141 0.892578 0.744141 0.890625 0.746094 0.888672 0.746094 0.886719 0.748047 0.876953 0.748047 0.875000 0.746094 0.873047 0.746094 0.871094 0.748047 0.867188 0.744141 0.867188 0.742188 0.861328 0.742188 0.853516 0.734375 0.851562 0.734375 0.849609 0.732422 0.849609 0.730469 0.847656 0.728516 0.847656 0.724609 0.845703 0.722656 0.845703 0.720703 0.843750 0.718750 0.841797 0.718750 0.837891 0.714844 0.839844 0.712891 0.839844 0.710938 0.841797 0.708984 0.843750 0.708984 0.845703 0.707031 0.847656 0.707031 0.849609 0.708984 0.859375 0.708984 0.861328 0.710938 0.863281 0.708984 0.865234 0.708984 0.869141 0.712891 0.869141 0.716797 0.867188 0.718750 0.867188 0.724609 0.869141 0.726562 0.871094 0.726562 0.873047 0.728516 0.880859 0.728516 0.880859 0.718750 0.886719 0.712891 0.892578 0.712891 0.894531 0.710938 0.894531 0.708984 0.896484 0.707031 0.900391 0.710938 0.904297 0.710938 0.904297 0.705078 0.902344 0.703125 0.900391 0.703125 0.898438 0.701172 0.896484 0.701172 0.894531 0.699219 0.894531 0.689453 0.896484 0.687500 0.898438 0.687500 0.900391 0.685547 0.904297 0.685547 0.908203 0.689453 0.910156 0.689453 0.912109 0.691406 0.912109 0.693359 0.914062 0.695312 0.914062 0.699219 0.912109 0.701172 0.912109 0.707031 0.914062 0.708984 0.914062 0.712891 0.916016 0.714844 0.916016 0.718750 0.917969 0.720703 0.917969 0.722656 0.921875 0.726562 0.923828 0.726562 0.929688 0.732422 0.916016 0.746094 0.916016 0.751953 0.917969 0.751953 0.919922 0.753906 0.919922 0.755859 0.929688 0.765625 0.929688 0.767578 0.931641 0.769531 0.931641 0.789062 0.933594 0.791016 0.947266 0.791016 0.949219 0.792969 0.949219 0.796875 0.945312 0.800781 0.945312 0.814453 0.947266 0.816406 0.947266 0.818359 0.949219 0.820312 0.949219 0.824219 0.951172 0.826172 0.949219 0.828125 0.949219 0.832031 0.945312 0.835938 0.945312 0.843750 0.947266 0.845703 0.949219 0.845703 0.951172 0.847656 0.953125 0.847656 0.957031 0.851562 0.957031 0.855469 0.958984 0.857422 0.958984 0.859375 0.960938 0.861328 0.960938 0.867188 0.964844 0.871094 0.964844 0.873047 0.966797 0.875000 0.966797 0.876953 0.968750 0.878906 0.968750 0.880859 0.972656 0.884766 0.974609 0.884766 0.976562 0.886719 0.980469 0.886719 0.982422 0.888672 0.986328 0.888672 0.988281 0.886719 0.992188 0.886719 0.992188 0.367188 0.980469 0.367188 0.976562 0.363281 0.976562 0.361328 0.972656 0.357422 0.972656 0.353516 0.970703 0.351562 0.968750 0.351562 0.966797 0.349609 0.966797 0.347656 0.964844 0.345703 0.964844 0.343750 0.962891 0.343750 0.958984 0.339844 0.957031 0.339844 0.955078 0.337891 0.955078 0.335938 0.947266 0.328125 0.945312 0.328125 0.935547 0.318359 0.935547 0.316406 0.933594 0.314453 0.927734 0.314453 0.923828 0.310547 0.923828 0.308594 0.919922 0.304688 0.919922 0.298828 0.917969 0.296875 0.916016 0.296875 0.914062 0.298828 0.912109 0.298828 0.910156 0.296875 0.908203 0.296875 0.906250 0.294922 0.906250 0.292969 0.904297 0.292969 0.902344 0.291016 0.900391 0.291016 0.898438 0.289062 0.892578 0.289062 0.890625 0.287109 0.888672 0.289062 0.884766 0.289062 0.882812 0.291016 0.880859 0.291016 0.878906 0.289062 0.876953 0.289062 0.875000 0.291016 0.875000 0.292969 0.873047 0.294922 0.871094 0.294922 0.869141 0.296875 0.861328 0.296875 0.859375 0.294922 0.859375 0.287109 0.863281 0.283203 0.863281 0.281250 0.865234 0.279297 0.865234 0.277344 0.867188 0.275391 0.867188 0.273438 0.871094 0.269531 0.875000 0.269531 0.875000 0.267578 0.876953 0.265625 0.878906 0.265625 0.884766 0.259766 0.902344 0.259766 0.904297 0.257812 0.908203 0.257812 0.910156 0.255859 0.912109 0.255859 0.914062 0.253906 0.916016 0.255859 0.916016 0.257812 0.917969 0.259766 0.921875 0.259766 0.921875 0.253906 0.923828 0.251953 0.927734 0.251953 0.929688 0.253906 0.931641 0.253906 0.933594 0.255859 0.937500 0.255859 0.935547 0.253906 0.935547 0.250000 0.937500 0.248047 0.945312 0.248047 0.947266 0.246094 0.949219 0.248047 0.953125 0.248047 0.957031 0.244141 0.958984 0.246094 0.960938 0.244141 0.962891 0.244141 0.964844 0.246094 0.966797 0.246094 0.964844 0.244141 0.972656 0.236328 0.972656 0.203125 0.970703 0.203125 0.968750 0.205078 0.966797 0.203125 0.964844 0.203125 0.962891 0.201172 0.962891 0.199219 0.958984 0.195312 0.951172 0.195312 0.949219 0.193359 0.947266 0.193359 0.945312 0.195312 0.931641 0.195312 0.927734 0.191406 0.923828 0.191406 0.921875 0.189453 0.916016 0.189453 0.914062 0.187500 0.912109 0.187500 0.908203 0.183594 0.884766 0.183594 0.882812 0.185547 0.880859 0.185547 0.878906 0.187500 0.878906 0.189453 0.875000 0.193359 0.873047 0.191406 0.869141 0.195312 0.867188 0.195312 0.865234 0.193359 0.859375 0.193359 0.857422 0.191406 0.855469 0.191406 0.853516 0.189453 0.853516 0.187500 0.851562 0.187500 0.849609 0.189453 0.849609 0.191406 0.847656 0.193359 0.841797 0.193359 0.839844 0.195312 0.837891 0.195312 0.830078 0.187500 0.828125 0.187500 0.818359 0.177734 0.818359 0.175781 0.814453 0.171875 0.810547 0.171875 0.808594 0.169922
0 0.148438 0.162109 0.144531 0.166016 0.144531 0.167969 0.142578 0.169922 0.140625 0.169922 0.138672 0.171875 0.138672 0.173828 0.136719 0.175781 0.136719 0.179688 0.138672 0.181641 0.138672 0.191406 0.142578 0.191406 0.146484 0.195312 0.144531 0.197266 0.140625 0.197266 0.138672 0.199219 0.132812 0.199219 0.119141 0.212891 0.119141 0.220703 0.121094 0.222656 0.121094 0.224609 0.123047 0.226562 0.123047 0.238281 0.125000 0.240234 0.125000 0.242188 0.126953 0.244141 0.134766 0.244141 0.136719 0.246094 0.138672 0.246094 0.146484 0.253906 0.146484 0.255859 0.148438 0.257812 0.144531 0.261719 0.140625 0.261719 0.138672 0.263672 0.138672 0.267578 0.142578 0.267578 0.142578 0.265625 0.144531 0.263672 0.146484 0.263672 0.150391 0.267578 0.150391 0.271484 0.148438 0.273438 0.148438 0.281250 0.150391 0.281250 0.150391 0.277344 0.152344 0.275391 0.154297 0.275391 0.156250 0.273438 0.156250 0.267578 0.154297 0.267578 0.152344 0.265625 0.152344 0.263672 0.150391 0.261719 0.152344 0.259766 0.156250 0.259766 0.158203 0.261719 0.158203 0.263672 0.162109 0.267578 0.164062 0.267578 0.166016 0.269531 0.166016 0.271484 0.164062 0.273438 0.164062 0.275391 0.162109 0.277344 0.162109 0.285156 0.160156 0.287109 0.160156 0.289062 0.158203 0.291016 0.158203 0.292969 0.156250 0.294922 0.156250 0.296875 0.152344 0.300781 0.152344 0.302734 0.150391 0.304688 0.150391 0.312500 0.152344 0.314453 0.152344 0.316406 0.154297 0.318359 0.156250 0.318359 0.158203 0.320312 0.160156 0.320312 0.162109 0.322266 0.164062 0.322266 0.166016 0.324219 0.166016 0.326172 0.167969 0.328125 0.167969 0.330078 0.169922 0.332031 0.169922 0.337891 0.167969 0.339844 0.164062 0.339844 0.158203 0.345703 0.156250 0.345703 0.152344 0.349609 0.150391 0.349609 0.150391 0.351562 0.146484 0.355469 0.146484 0.359375 0.142578 0.363281 0.140625 0.363281 0.136719 0.367188 0.136719 0.369141 0.132812 0.373047 0.130859 0.371094 0.128906 0.371094 0.126953 0.373047 0.125000 0.373047 0.123047 0.371094 0.115234 0.371094 0.111328 0.375000 0.109375 0.375000 0.105469 0.378906 0.105469 0.390625 0.107422 0.392578 0.107422 0.394531 0.105469 0.396484 0.103516 0.396484 0.103516 0.402344 0.105469 0.402344 0.111328 0.408203 0.111328 0.412109 0.101562 0.421875 0.101562 0.423828 0.099609 0.425781 0.099609 0.439453 0.095703 0.443359 0.095703 0.445312 0.085938 0.455078 0.083984 0.455078 0.083984 0.470703 0.089844 0.470703 0.093750 0.466797 0.095703 0.466797 0.097656 0.468750 0.097656 0.472656 0.103516 0.478516 0.113281 0.478516 0.117188 0.474609 0.121094 0.474609 0.123047 0.476562 0.123047 0.478516 0.126953 0.478516 0.128906 0.480469 0.128906 0.482422 0.130859 0.484375 0.130859 0.490234 0.134766 0.490234 0.134766 0.484375 0.136719 0.482422 0.144531 0.482422 0.148438 0.478516 0.152344 0.478516 0.154297 0.476562 0.154297 0.472656 0.156250 0.470703 0.156250 0.464844 0.158203 0.462891 0.171875 0.462891 0.173828 0.464844 0.175781 0.464844 0.179688 0.468750 0.185547 0.468750 0.189453 0.464844 0.191406 0.466797 0.193359 0.466797 0.195312 0.468750 0.195312 0.470703 0.197266 0.472656 0.197266 0.478516 0.201172 0.478516 0.205078 0.474609 0.207031 0.474609 0.208984 0.476562 0.208984 0.482422 0.226562 0.482422 0.228516 0.480469 0.236328 0.480469 0.238281 0.482422 0.240234 0.482422 0.244141 0.478516 0.246094 0.480469 0.246094 0.482422 0.248047 0.484375 0.248047 0.486328 0.246094 0.488281 0.246094 0.490234 0.248047 0.492188 0.251953 0.492188 0.253906 0.494141 0.255859 0.494141 0.255859 0.492188 0.257812 0.490234 0.259766 0.490234 0.261719 0.488281 0.261719 0.486328 0.263672 0.484375 0.263672 0.478516 0.265625 0.476562 0.269531 0.476562 0.271484 0.478516 0.273438 0.476562 0.275391 0.476562 0.275391 0.474609 0.279297 0.470703 0.281250 0.472656 0.283203 0.472656 0.285156 0.474609 0.285156 0.472656 0.289062 0.468750 0.291016 0.468750 0.292969 0.466797 0.294922 0.466797 0.294922 0.458984 0.298828 0.455078 0.306641 0.455078 0.308594 0.453125 0.310547 0.453125 0.312500 0.451172 0.316406 0.451172 0.316406 0.429688 0.326172 0.419922 0.326172 0.416016 0.328125 0.414062 0.328125 0.402344 0.330078 0.400391 0.335938 0.400391 0.337891 0.402344 0.343750 0.402344 0.343750 0.400391 0.341797 0.400391 0.339844 0.398438 0.347656 0.390625 0.351562 0.390625 0.351562 0.380859 0.353516 0.378906 0.353516 0.376953 0.355469 0.375000 0.355469 0.373047 0.357422 0.371094 0.359375 0.371094 0.361328 0.373047 0.361328 0.375000 0.363281 0.376953 0.363281 0.380859 0.361328 0.382812 0.361328 0.388672 0.359375 0.390625 0.357422 0.390625 0.357422 0.400391 0.361328 0.404297 0.365234 0.404297 0.369141 0.400391 0.373047 0.400391 0.375000 0.402344 0.375000 0.406250 0.376953 0.408203 0.378906 0.408203 0.382812 0.404297 0.392578 0.404297 0.394531 0.406250 0.394531 0.408203 0.390625 0.412109 0.390625 0.417969 0.394531 0.421875 0.398438 0.421875 0.410156 0.410156 0.410156 0.408203 0.414062 0.404297 0.416016 0.404297 0.419922 0.408203 0.419922 0.412109 0.421875 0.414062 0.419922 0.416016 0.419922 0.419922 0.423828 0.423828 0.425781 0.423828 0.427734 0.425781 0.423828 0.429688 0.421875 0.429688 0.419922 0.431641 0.417969 0.431641 0.416016 0.429688 0.414062 0.431641 0.394531 0.431641 0.392578 0.433594 0.392578 0.439453 0.394531 0.441406 0.394531 0.455078 0.400391 0.455078 0.402344 0.457031 0.408203 0.457031 0.410156 0.455078 0.414062 0.455078 0.417969 0.451172 0.435547 0.451172 0.439453 0.455078 0.447266 0.455078 0.449219 0.453125 0.457031 0.453125 0.460938 0.449219 0.460938 0.447266 0.462891 0.445312 0.472656 0.445312 0.476562 0.441406 0.476562 0.417969 0.478516 0.416016 0.480469 0.416016 0.484375 0.412109 0.484375 0.406250 0.482422 0.406250 0.480469 0.404297 0.480469 0.402344 0.478516 0.402344 0.476562 0.400391 0.476562 0.398438 0.470703 0.392578 0.470703 0.390625 0.468750 0.388672 0.464844 0.388672 0.462891 0.386719 0.462891 0.378906 0.468750 0.373047 0.468750 0.371094 0.474609 0.365234 0.474609 0.363281 0.482422 0.355469 0.484375 0.355469 0.486328 0.353516 0.488281 0.353516 0.496094 0.345703 0.498047 0.345703 0.498047 0.339844 0.496094 0.337891 0.496094 0.330078 0.492188 0.326172 0.492188 0.324219 0.490234 0.322266 0.484375 0.322266 0.474609 0.332031 0.472656 0.332031 0.470703 0.333984 0.470703 0.343750 0.472656 0.345703 0.468750 0.349609 0.466797 0.349609 0.466797 0.351562 0.462891 0.355469 0.458984 0.351562 0.458984 0.349609 0.457031 0.347656 0.457031 0.343750 0.455078 0.341797 0.455078 0.335938 0.451172 0.332031 0.451172 0.330078 0.449219 0.328125 0.449219 0.324219 0.441406 0.324219 0.439453 0.322266 0.439453 0.314453 0.437500 0.312500 0.437500 0.310547 0.435547 0.308594 0.431641 0.308594 0.429688 0.306641 0.423828 0.306641 0.421875 0.304688 0.414062 0.304688 0.412109 0.306641 0.404297 0.306641 0.400391 0.310547 0.398438 0.310547 0.396484 0.312500 0.394531 0.312500 0.392578 0.314453 0.386719 0.314453 0.384766 0.316406 0.382812 0.314453 0.382812 0.308594 0.384766 0.306641 0.384766 0.304688 0.386719 0.302734 0.386719 0.300781 0.376953 0.291016 0.376953 0.289062 0.384766 0.281250 0.388672 0.281250 0.388672 0.275391 0.386719 0.275391 0.382812 0.271484 0.380859 0.271484 0.378906 0.269531 0.371094 0.269531 0.369141 0.271484 0.367188 0.271484 0.365234 0.273438 0.363281 0.271484 0.363281 0.269531 0.359375 0.265625 0.359375 0.263672 0.355469 0.259766 0.355469 0.257812 0.353516 0.255859 0.355469 0.253906 0.353516 0.253906 0.351562 0.251953 0.353516 0.250000 0.349609 0.246094 0.347656 0.246094 0.339844 0.238281 0.337891 0.238281 0.335938 0.236328 0.333984 0.236328 0.332031 0.234375 0.332031 0.232422 0.330078 0.232422 0.326172 0.228516 0.322266 0.228516 0.318359 0.224609 0.318359 0.222656 0.312500 0.222656 0.310547 0.224609 0.308594 0.224609 0.306641 0.226562 0.304688 0.226562 0.300781 0.230469 0.296875 0.230469 0.292969 0.234375 0.292969 0.236328 0.291016 0.238281 0.289062 0.238281 0.289062 0.240234 0.287109 0.242188 0.281250 0.242188 0.277344 0.238281 0.275391 0.238281 0.273438 0.236328 0.273438 0.234375 0.269531 0.234375 0.267578 0.232422 0.267578 0.228516 0.236328 0.228516 0.230469 0.234375 0.226562 0.230469 0.220703 0.230469 0.214844 0.224609 0.214844 0.222656 0.210938 0.218750 0.210938 0.216797 0.208984 0.214844 0.205078 0.214844 0.201172 0.210938 0.197266 0.210938 0.193359 0.207031 0.191406 0.207031 0.187500 0.203125 0.185547 0.203125 0.183594 0.201172 0.181641 0.201172 0.175781 0.195312 0.175781 0.189453 0.171875 0.185547 0.171875 0.181641 0.169922 0.179688 0.169922 0.173828 0.167969 0.171875 0.167969 0.169922 0.166016 0.167969 0.162109 0.167969 0.156250 0.162109
0 0.400391 0.000000 0.400391 0.009766 0.402344 0.009766 0.404297 0.011719 0.404297 0.013672 0.400391 0.017578 0.396484 0.017578 0.392578 0.013672 0.392578 0.011719 0.390625 0.011719 0.388672 0.009766 0.384766 0.009766 0.384766 0.017578 0.378906 0.023438 0.378906 0.025391 0.369141 0.035156 0.367188 0.035156 0.365234 0.037109 0.365234 0.039062 0.361328 0.042969 0.359375 0.042969 0.343750 0.058594 0.343750 0.064453 0.345703 0.066406 0.355469 0.066406 0.357422 0.068359 0.357422 0.072266 0.361328 0.072266 0.363281 0.074219 0.363281 0.076172 0.375000 0.076172 0.382812 0.068359 0.388672 0.068359 0.390625 0.070312 0.392578 0.070312 0.394531 0.068359 0.402344 0.068359 0.404297 0.070312 0.404297 0.072266 0.406250 0.074219 0.406250 0.080078 0.408203 0.082031 0.408203 0.083984 0.410156 0.085938 0.410156 0.087891 0.412109 0.089844 0.416016 0.089844 0.416016 0.087891 0.421875 0.082031 0.421875 0.080078 0.423828 0.078125 0.429688 0.083984 0.429688 0.087891 0.427734 0.089844 0.427734 0.091797 0.425781 0.093750 0.425781 0.095703 0.427734 0.097656 0.427734 0.103516 0.435547 0.111328 0.435547 0.119141 0.437500 0.119141 0.439453 0.121094 0.439453 0.128906 0.441406 0.128906 0.443359 0.130859 0.443359 0.132812 0.445312 0.132812 0.447266 0.134766 0.457031 0.134766 0.458984 0.136719 0.460938 0.136719 0.462891 0.138672 0.462891 0.148438 0.464844 0.150391 0.466797 0.150391 0.468750 0.152344 0.476562 0.152344 0.478516 0.154297 0.488281 0.154297 0.490234 0.156250 0.490234 0.166016 0.494141 0.169922 0.496094 0.169922 0.498047 0.171875 0.500000 0.171875 0.501953 0.173828 0.507812 0.173828 0.509766 0.175781 0.513672 0.175781 0.515625 0.173828 0.517578 0.173828 0.521484 0.169922 0.523438 0.169922 0.527344 0.166016 0.529297 0.166016 0.531250 0.164062 0.533203 0.164062 0.537109 0.160156 0.537109 0.148438 0.542969 0.142578 0.542969 0.140625 0.552734 0.130859 0.554688 0.130859 0.556641 0.132812 0.556641 0.134766 0.558594 0.136719 0.558594 0.140625 0.560547 0.140625 0.562500 0.142578 0.562500 0.148438 0.556641 0.154297 0.556641 0.162109 0.558594 0.164062 0.558594 0.173828 0.560547 0.175781 0.568359 0.175781 0.570312 0.173828 0.572266 0.173828 0.574219 0.171875 0.574219 0.169922 0.582031 0.162109 0.582031 0.158203 0.578125 0.158203 0.576172 0.156250 0.576172 0.144531 0.572266 0.140625 0.570312 0.140625 0.566406 0.136719 0.566406 0.132812 0.564453 0.130859 0.568359 0.126953 0.568359 0.125000 0.570312 0.123047 0.572266 0.123047 0.574219 0.121094 0.580078 0.121094 0.582031 0.119141 0.583984 0.119141 0.583984 0.117188 0.585938 0.115234 0.583984 0.113281 0.583984 0.111328 0.574219 0.111328 0.572266 0.109375 0.572266 0.105469 0.570312 0.103516 0.570312 0.099609 0.572266 0.097656 0.572266 0.095703 0.576172 0.091797 0.578125 0.093750 0.582031 0.093750 0.585938 0.097656 0.585938 0.099609 0.595703 0.109375 0.595703 0.111328 0.597656 0.113281 0.597656 0.119141 0.599609 0.121094 0.597656 0.123047 0.597656 0.125000 0.599609 0.126953 0.599609 0.132812 0.601562 0.134766 0.601562 0.142578 0.593750 0.150391 0.593750 0.152344 0.591797 0.154297 0.591797 0.156250 0.589844 0.158203 0.589844 0.162109 0.587891 0.164062 0.587891 0.171875 0.591797 0.175781 0.591797 0.179688 0.589844 0.181641 0.589844 0.185547 0.583984 0.191406 0.583984 0.195312 0.576172 0.203125 0.572266 0.203125 0.568359 0.207031 0.564453 0.207031 0.562500 0.208984 0.562500 0.214844 0.564453 0.216797 0.570312 0.216797 0.570312 0.214844 0.574219 0.210938 0.582031 0.210938 0.583984 0.212891 0.583984 0.218750 0.589844 0.218750 0.591797 0.220703 0.599609 0.220703 0.603516 0.216797 0.615234 0.216797 0.615234 0.214844 0.617188 0.212891 0.619141 0.214844 0.626953 0.214844 0.628906 0.212891 0.634766 0.212891 0.638672 0.208984 0.640625 0.210938 0.642578 0.208984 0.644531 0.208984 0.644531 0.207031 0.646484 0.205078 0.648438 0.205078 0.650391 0.207031 0.652344 0.205078 0.654297 0.205078 0.652344 0.203125 0.654297 0.201172 0.656250 0.201172 0.662109 0.195312 0.664062 0.195312 0.667969 0.191406 0.669922 0.191406 0.669922 0.189453 0.673828 0.185547 0.675781 0.185547 0.677734 0.183594 0.679688 0.183594 0.681641 0.181641 0.683594 0.181641 0.685547 0.183594 0.687500 0.183594 0.689453 0.185547 0.693359 0.185547 0.693359 0.179688 0.695312 0.177734 0.695312 0.164062 0.693359 0.164062 0.691406 0.162109 0.691406 0.154297 0.693359 0.152344 0.693359 0.150391 0.695312 0.148438 0.695312 0.146484 0.703125 0.138672 0.703125 0.132812 0.705078 0.130859 0.708984 0.130859 0.710938 0.128906 0.710938 0.126953 0.712891 0.125000 0.714844 0.125000 0.716797 0.123047 0.718750 0.125000 0.720703 0.123047 0.724609 0.123047 0.728516 0.119141 0.730469 0.119141 0.736328 0.113281 0.738281 0.113281 0.738281 0.109375 0.742188 0.105469 0.742188 0.099609 0.744141 0.097656 0.744141 0.095703 0.748047 0.091797 0.750000 0.091797 0.750000 0.087891 0.746094 0.083984 0.746094 0.082031 0.748047 0.080078 0.750000 0.080078 0.757812 0.072266 0.759766 0.072266 0.763672 0.068359 0.777344 0.068359 0.779297 0.070312 0.787109 0.070312 0.792969 0.076172 0.792969 0.078125 0.794922 0.080078 0.794922 0.089844 0.796875 0.089844 0.798828 0.091797 0.804688 0.091797 0.806641 0.089844 0.810547 0.093750 0.810547 0.097656 0.806641 0.101562 0.806641 0.103516 0.802734 0.107422 0.800781 0.105469 0.796875 0.105469 0.792969 0.109375 0.791016 0.109375 0.789062 0.111328 0.789062 0.113281 0.787109 0.115234 0.791016 0.119141 0.794922 0.119141 0.796875 0.117188 0.804688 0.117188 0.808594 0.121094 0.808594 0.123047 0.812500 0.126953 0.814453 0.125000 0.816406 0.125000 0.818359 0.123047 0.820312 0.123047 0.828125 0.115234 0.837891 0.115234 0.837891 0.113281 0.841797 0.109375 0.843750 0.109375 0.845703 0.107422 0.845703 0.105469 0.847656 0.103516 0.855469 0.103516 0.859375 0.107422 0.873047 0.107422 0.875000 0.105469 0.878906 0.105469 0.880859 0.107422 0.882812 0.107422 0.886719 0.111328 0.888672 0.111328 0.900391 0.123047 0.900391 0.125000 0.902344 0.125000 0.904297 0.126953 0.906250 0.126953 0.910156 0.130859 0.910156 0.132812 0.917969 0.132812 0.923828 0.138672 0.927734 0.138672 0.929688 0.140625 0.929688 0.142578 0.933594 0.142578 0.939453 0.148438 0.939453 0.152344 0.941406 0.152344 0.943359 0.154297 0.947266 0.154297 0.951172 0.158203 0.953125 0.156250 0.955078 0.158203 0.955078 0.160156 0.958984 0.160156 0.964844 0.166016 0.968750 0.166016 0.970703 0.167969 0.972656 0.166016 0.984375 0.166016 0.988281 0.162109 0.990234 0.164062 0.992188 0.162109 0.992188 0.046875 0.990234 0.044922 0.988281 0.044922 0.984375 0.041016 0.984375 0.039062 0.982422 0.037109 0.980469 0.037109 0.978516 0.035156 0.978516 0.033203 0.976562 0.033203 0.966797 0.023438 0.966797 0.019531 0.962891 0.015625 0.962891 0.013672 0.960938 0.011719 0.960938 0.007812 0.955078 0.007812 0.951172 0.003906 0.949219 0.003906 0.945312 0.000000 0.648438 0.000000 0.648438 0.001953 0.644531 0.005859 0.634766 0.005859 0.630859 0.009766 0.628906 0.009766 0.626953 0.011719 0.623047 0.011719 0.623047 0.013672 0.621094 0.015625 0.621094 0.019531 0.625000 0.023438 0.623047 0.025391 0.619141 0.025391 0.617188 0.027344 0.605469 0.027344 0.603516 0.025391 0.597656 0.025391 0.595703 0.027344 0.593750 0.027344 0.591797 0.029297 0.591797 0.031250 0.589844 0.033203 0.591797 0.035156 0.591797 0.042969 0.585938 0.048828 0.585938 0.052734 0.587891 0.054688 0.585938 0.056641 0.580078 0.056641 0.574219 0.050781 0.574219 0.042969 0.576172 0.041016 0.576172 0.039062 0.578125 0.037109 0.580078 0.037109 0.587891 0.029297 0.587891 0.025391 0.585938 0.023438 0.585938 0.019531 0.589844 0.015625 0.591797 0.015625 0.593750 0.013672 0.593750 0.011719 0.599609 0.005859 0.599609 0.003906 0.601562 0.001953 0.601562 0.000000
0 0.103516 0.000000 0.103516 0.005859 0.105469 0.007812 0.105469 0.011719 0.107422 0.013672 0.107422 0.019531 0.109375 0.019531 0.111328 0.021484 0.125000 0.021484 0.126953 0.023438 0.126953 0.029297 0.128906 0.031250 0.128906 0.035156 0.126953 0.037109 0.126953 0.042969 0.125000 0.044922 0.125000 0.056641 0.130859 0.056641 0.132812 0.058594 0.132812 0.060547 0.134766 0.060547 0.136719 0.062500 0.142578 0.062500 0.146484 0.058594 0.164062 0.058594 0.164062 0.050781 0.166016 0.048828 0.166016 0.042969 0.167969 0.041016 0.167969 0.039062 0.169922 0.037109 0.175781 0.042969 0.179688 0.042969 0.181641 0.041016 0.183594 0.041016 0.185547 0.042969 0.185547 0.044922 0.191406 0.044922 0.195312 0.048828 0.195312 0.050781 0.197266 0.052734 0.199219 0.052734 0.201172 0.054688 0.201172 0.056641 0.203125 0.056641 0.205078 0.058594 0.207031 0.058594 0.212891 0.064453 0.214844 0.064453 0.216797 0.066406 0.218750 0.066406 0.220703 0.068359 0.224609 0.068359 0.228516 0.064453 0.232422 0.064453 0.240234 0.056641 0.240234 0.054688 0.242188 0.052734 0.244141 0.054688 0.248047 0.054688 0.250000 0.056641 0.253906 0.056641 0.255859 0.054688 0.255859 0.052734 0.257812 0.050781 0.259766 0.050781 0.259766 0.048828 0.261719 0.046875 0.263672 0.046875 0.263672 0.044922 0.265625 0.042969 0.267578 0.042969 0.271484 0.039062 0.275391 0.042969 0.275391 0.044922 0.277344 0.046875 0.277344 0.050781 0.287109 0.060547 0.287109 0.064453 0.289062 0.066406 0.289062 0.070312 0.285156 0.074219 0.283203 0.074219 0.281250 0.076172 0.281250 0.082031 0.289062 0.082031 0.291016 0.083984 0.294922 0.083984 0.296875 0.085938 0.296875 0.087891 0.298828 0.089844 0.298828 0.093750 0.300781 0.095703 0.306641 0.095703 0.308594 0.093750 0.308594 0.087891 0.310547 0.085938 0.312500 0.085938 0.316406 0.082031 0.318359 0.082031 0.320312 0.080078 0.320312 0.076172 0.318359 0.076172 0.316406 0.074219 0.316406 0.072266 0.312500 0.068359 0.312500 0.064453 0.310547 0.062500 0.310547 0.060547 0.308594 0.058594 0.308594 0.052734 0.310547 0.050781 0.310547 0.048828 0.312500 0.046875 0.324219 0.046875 0.326172 0.048828 0.330078 0.048828 0.332031 0.050781 0.335938 0.050781 0.337891 0.048828 0.337891 0.042969 0.330078 0.035156 0.335938 0.029297 0.337891 0.029297 0.339844 0.027344 0.339844 0.025391 0.341797 0.023438 0.343750 0.023438 0.343750 0.015625 0.341797 0.015625 0.339844 0.013672 0.339844 0.011719 0.343750 0.007812 0.351562 0.007812 0.353516 0.005859 0.355469 0.005859 0.357422 0.003906 0.359375 0.003906 0.359375 0.000000 0.328125 0.000000 0.328125 0.005859 0.320312 0.013672 0.318359 0.013672 0.316406 0.015625 0.314453 0.013672 0.308594 0.013672 0.304688 0.009766 0.302734 0.009766 0.300781 0.007812 0.302734 0.005859 0.302734 0.001953 0.300781 0.000000