0 0.492188 0.978516 0.488281 0.982422 0.486328 0.982422 0.482422 0.986328 0.482422 0.988281 0.480469 0.990234 0.480469 0.992188 0.498047 0.992188 0.498047 0.990234 0.500000 0.988281 0.500000 0.984375 0.496094 0.980469 0.496094 0.978516
0 0.105469 0.970703 0.103516 0.972656 0.103516 0.974609 0.097656 0.980469 0.097656 0.984375 0.095703 0.986328 0.093750 0.986328 0.093750 0.988281 0.091797 0.990234 0.089844 0.990234 0.089844 0.992188 0.117188 0.992188 0.119141 0.990234 0.119141 0.986328 0.111328 0.978516 0.111328 0.976562 0.109375 0.974609 0.109375 0.972656 0.107422 0.970703
0 0.283203 0.964844 0.281250 0.966797 0.279297 0.966797 0.273438 0.972656 0.273438 0.978516 0.277344 0.978516 0.281250 0.982422 0.287109 0.982422 0.289062 0.980469 0.291016 0.980469 0.291016 0.978516 0.292969 0.976562 0.292969 0.966797 0.291016 0.966797 0.289062 0.964844
0 0.109375 0.921875 0.105469 0.925781 0.105469 0.927734 0.103516 0.929688 0.099609 0.929688 0.099609 0.933594 0.097656 0.935547 0.097656 0.937500 0.099609 0.939453 0.099609 0.941406 0.103516 0.945312 0.115234 0.945312 0.117188 0.943359 0.117188 0.939453 0.119141 0.937500 0.119141 0.933594 0.117188 0.931641 0.117188 0.923828 0.115234 0.921875
0 0.175781 0.912109 0.173828 0.914062 0.171875 0.914062 0.171875 0.916016 0.169922 0.917969 0.164062 0.917969 0.162109 0.919922 0.160156 0.919922 0.158203 0.921875 0.158203 0.923828 0.156250 0.925781 0.156250 0.929688 0.148438 0.937500 0.146484 0.937500 0.146484 0.947266 0.148438 0.947266 0.150391 0.949219 0.150391 0.951172 0.152344 0.953125 0.152344 0.955078 0.154297 0.955078 0.156250 0.957031 0.160156 0.957031 0.162109 0.958984 0.169922 0.958984 0.171875 0.957031 0.173828 0.957031 0.175781 0.955078 0.185547 0.955078 0.185547 0.953125 0.187500 0.951172 0.193359 0.951172 0.193359 0.949219 0.195312 0.947266 0.197266 0.947266 0.199219 0.949219 0.199219 0.951172 0.210938 0.951172 0.214844 0.955078 0.214844 0.957031 0.220703 0.957031 0.222656 0.955078 0.232422 0.955078 0.232422 0.953125 0.234375 0.951172 0.240234 0.951172 0.240234 0.945312 0.246094 0.939453 0.248047 0.939453 0.250000 0.937500 0.253906 0.937500 0.255859 0.935547 0.257812 0.935547 0.259766 0.933594 0.261719 0.933594 0.263672 0.931641 0.263672 0.925781 0.259766 0.925781 0.257812 0.923828 0.255859 0.923828 0.251953 0.919922 0.250000 0.919922 0.246094 0.916016 0.244141 0.916016 0.242188 0.914062 0.218750 0.914062 0.214844 0.917969 0.214844 0.919922 0.212891 0.921875 0.210938 0.921875 0.208984 0.919922 0.208984 0.917969 0.187500 0.917969 0.185547 0.916016 0.185547 0.914062 0.177734 0.914062
0 0.751953 0.873047 0.750000 0.875000 0.748047 0.875000 0.744141 0.878906 0.744141 0.884766 0.746094 0.886719 0.750000 0.886719 0.751953 0.884766 0.753906 0.884766 0.755859 0.882812 0.757812 0.882812 0.759766 0.880859 0.759766 0.875000 0.757812 0.875000 0.755859 0.873047
0 0.498047 0.849609 0.496094 0.851562 0.494141 0.851562 0.492188 0.853516 0.490234 0.853516 0.490234 0.855469 0.488281 0.857422 0.484375 0.857422 0.484375 0.865234 0.486328 0.865234 0.490234 0.869141 0.492188 0.869141 0.494141 0.871094 0.496094 0.871094 0.498047 0.873047 0.501953 0.873047 0.503906 0.871094 0.509766 0.871094 0.511719 0.869141 0.511719 0.865234 0.513672 0.863281 0.513672 0.859375 0.507812 0.853516 0.505859 0.853516 0.503906 0.851562 0.501953 0.851562 0.500000 0.849609
0 0.720703 0.744141 0.716797 0.748047 0.714844 0.748047 0.710938 0.751953 0.710938 0.755859 0.712891 0.757812 0.712891 0.763672 0.716797 0.763672 0.726562 0.753906 0.726562 0.748047 0.722656 0.744141
0 0.589844 0.734375 0.589844 0.736328 0.587891 0.738281 0.585938 0.738281 0.585938 0.740234 0.583984 0.742188 0.585938 0.744141 0.585938 0.751953 0.587891 0.751953 0.591797 0.755859 0.591797 0.757812 0.593750 0.759766 0.595703 0.759766 0.599609 0.763672 0.603516 0.763672 0.603516 0.755859 0.595703 0.748047 0.595703 0.738281 0.593750 0.736328 0.593750 0.734375
0 0.617188 0.722656 0.617188 0.728516 0.615234 0.730469 0.613281 0.730469 0.613281 0.742188 0.615234 0.744141 0.617188 0.744141 0.619141 0.746094 0.621094 0.746094 0.623047 0.748047 0.630859 0.748047 0.630859 0.738281 0.628906 0.738281 0.626953 0.736328 0.626953 0.734375 0.625000 0.734375 0.623047 0.732422 0.623047 0.726562 0.621094 0.726562 0.619141 0.724609 0.619141 0.722656
0 0.652344 0.718750 0.652344 0.720703 0.650391 0.722656 0.648438 0.722656 0.646484 0.720703 0.648438 0.722656 0.648438 0.724609 0.646484 0.726562 0.644531 0.726562 0.644531 0.728516 0.642578 0.730469 0.642578 0.732422 0.646484 0.732422 0.648438 0.734375 0.648438 0.736328 0.646484 0.738281 0.644531 0.738281 0.644531 0.744141 0.646484 0.744141 0.648438 0.746094 0.648438 0.750000 0.654297 0.750000 0.656250 0.751953 0.658203 0.751953 0.660156 0.753906 0.660156 0.755859 0.666016 0.755859 0.667969 0.757812 0.667969 0.759766 0.666016 0.761719 0.662109 0.761719 0.660156 0.763672 0.656250 0.763672 0.654297 0.765625 0.650391 0.765625 0.650391 0.767578 0.644531 0.773438 0.644531 0.787109 0.642578 0.789062 0.640625 0.789062 0.640625 0.791016 0.638672 0.792969 0.632812 0.792969 0.632812 0.794922 0.630859 0.796875 0.628906 0.796875 0.628906 0.798828 0.626953 0.800781 0.625000 0.800781 0.625000 0.810547 0.626953 0.810547 0.628906 0.812500 0.628906 0.814453 0.630859 0.816406 0.630859 0.820312 0.632812 0.822266 0.632812 0.824219 0.636719 0.824219 0.638672 0.826172 0.650391 0.826172 0.652344 0.828125 0.650391 0.830078 0.654297 0.830078 0.656250 0.832031 0.658203 0.830078 0.660156 0.832031 0.660156 0.833984 0.666016 0.833984 0.666016 0.832031 0.667969 0.830078 0.669922 0.830078 0.671875 0.832031 0.673828 0.832031 0.679688 0.837891 0.679688 0.845703 0.681641 0.845703 0.683594 0.847656 0.683594 0.849609 0.693359 0.849609 0.701172 0.841797 0.703125 0.843750 0.703125 0.845703 0.705078 0.847656 0.705078 0.849609 0.707031 0.851562 0.707031 0.853516 0.708984 0.853516 0.710938 0.851562 0.714844 0.851562 0.716797 0.849609 0.720703 0.853516 0.718750 0.855469 0.718750 0.857422 0.716797 0.859375 0.714844 0.859375 0.714844 0.865234 0.716797 0.865234 0.722656 0.871094 0.722656 0.873047 0.724609 0.873047 0.726562 0.875000 0.730469 0.875000 0.734375 0.871094 0.734375 0.867188 0.744141 0.857422 0.746094 0.857422 0.746094 0.843750 0.744141 0.841797 0.740234 0.841797 0.736328 0.845703 0.736328 0.849609 0.734375 0.851562 0.726562 0.851562 0.724609 0.849609 0.724609 0.847656 0.720703 0.843750 0.720703 0.837891 0.722656 0.835938 0.724609 0.835938 0.726562 0.833984 0.730469 0.833984 0.730469 0.822266 0.728516 0.820312 0.728516 0.818359 0.724609 0.814453 0.722656 0.814453 0.712891 0.804688 0.712891 0.802734 0.714844 0.800781 0.716797 0.800781 0.716797 0.792969 0.708984 0.792969 0.705078 0.796875 0.695312 0.796875 0.695312 0.798828 0.693359 0.800781 0.691406 0.800781 0.691406 0.810547 0.693359 0.810547 0.695312 0.812500 0.695312 0.822266 0.693359 0.824219 0.691406 0.824219 0.689453 0.822266 0.689453 0.820312 0.683594 0.820312 0.681641 0.818359 0.681641 0.816406 0.675781 0.816406 0.673828 0.814453 0.675781 0.812500 0.673828 0.810547 0.673828 0.806641 0.669922 0.802734 0.669922 0.798828 0.671875 0.796875 0.673828 0.796875 0.675781 0.794922 0.677734 0.794922 0.679688 0.792969 0.679688 0.789062 0.681641 0.787109 0.681641 0.771484 0.685547 0.767578 0.687500 0.767578 0.691406 0.763672 0.693359 0.763672 0.695312 0.761719 0.695312 0.755859 0.691406 0.751953 0.691406 0.750000 0.689453 0.750000 0.687500 0.748047 0.685547 0.748047 0.679688 0.742188 0.675781 0.742188 0.673828 0.740234 0.673828 0.726562 0.666016 0.726562 0.664062 0.724609 0.658203 0.724609 0.656250 0.722656 0.656250 0.720703 0.654297 0.718750
0 0.449219 0.687500 0.449219 0.689453 0.447266 0.691406 0.441406 0.691406 0.441406 0.693359 0.439453 0.695312 0.441406 0.697266 0.439453 0.699219 0.437500 0.699219 0.437500 0.710938 0.433594 0.714844 0.433594 0.716797 0.435547 0.716797 0.437500 0.718750 0.437500 0.720703 0.441406 0.724609 0.441406 0.728516 0.443359 0.730469 0.443359 0.732422 0.441406 0.734375 0.441406 0.736328 0.443359 0.738281 0.443359 0.740234 0.445312 0.742188 0.445312 0.744141 0.451172 0.744141 0.451172 0.742188 0.453125 0.740234 0.455078 0.740234 0.458984 0.736328 0.458984 0.734375 0.460938 0.732422 0.462891 0.732422 0.464844 0.730469 0.464844 0.716797 0.462891 0.714844 0.462891 0.712891 0.458984 0.708984 0.458984 0.703125 0.460938 0.701172 0.462891 0.701172 0.462891 0.697266 0.460938 0.695312 0.460938 0.693359 0.457031 0.689453 0.453125 0.689453 0.451172 0.687500
0 0.111328 0.669922 0.113281 0.671875 0.113281 0.681641 0.111328 0.683594 0.105469 0.683594 0.107422 0.685547 0.107422 0.687500 0.111328 0.687500 0.115234 0.691406 0.115234 0.693359 0.121094 0.693359 0.123047 0.695312 0.123047 0.693359 0.121094 0.691406 0.123047 0.689453 0.123047 0.687500 0.125000 0.685547 0.126953 0.685547 0.126953 0.679688 0.125000 0.677734 0.125000 0.675781 0.119141 0.669922
0 0.542969 0.634766 0.541016 0.636719 0.535156 0.636719 0.535156 0.638672 0.533203 0.640625 0.523438 0.640625 0.523438 0.642578 0.521484 0.644531 0.511719 0.644531 0.507812 0.640625 0.503906 0.640625 0.503906 0.642578 0.501953 0.644531 0.501953 0.648438 0.500000 0.650391 0.500000 0.654297 0.498047 0.656250 0.492188 0.656250 0.490234 0.654297 0.490234 0.648438 0.488281 0.648438 0.488281 0.650391 0.486328 0.652344 0.484375 0.652344 0.480469 0.648438 0.472656 0.648438 0.470703 0.646484 0.470703 0.644531 0.468750 0.644531 0.466797 0.642578 0.466797 0.640625 0.460938 0.640625 0.458984 0.638672 0.460938 0.636719 0.457031 0.636719 0.458984 0.638672 0.457031 0.640625 0.457031 0.642578 0.455078 0.644531 0.453125 0.644531 0.453125 0.652344 0.449219 0.656250 0.449219 0.658203 0.453125 0.662109 0.453125 0.666016 0.466797 0.666016 0.468750 0.667969 0.468750 0.669922 0.470703 0.669922 0.472656 0.671875 0.472656 0.673828 0.470703 0.675781 0.468750 0.675781 0.468750 0.677734 0.470703 0.677734 0.472656 0.679688 0.472656 0.681641 0.474609 0.681641 0.474609 0.679688 0.476562 0.677734 0.478516 0.677734 0.478516 0.675781 0.480469 0.673828 0.482422 0.673828 0.482422 0.671875 0.484375 0.669922 0.490234 0.669922 0.490234 0.667969 0.492188 0.666016 0.494141 0.666016 0.494141 0.664062 0.496094 0.662109 0.498047 0.664062 0.498047 0.667969 0.500000 0.669922 0.500000 0.671875 0.501953 0.673828 0.501953 0.677734 0.500000 0.679688 0.500000 0.685547 0.503906 0.689453 0.511719 0.689453 0.511719 0.687500 0.513672 0.685547 0.513672 0.683594 0.517578 0.679688 0.521484 0.683594 0.521484 0.685547 0.523438 0.683594 0.523438 0.667969 0.527344 0.664062 0.527344 0.662109 0.529297 0.660156 0.539062 0.660156 0.541016 0.662109 0.542969 0.662109 0.544922 0.660156 0.544922 0.658203 0.548828 0.654297 0.552734 0.654297 0.558594 0.648438 0.556641 0.646484 0.556641 0.644531 0.558594 0.642578 0.560547 0.642578 0.560547 0.636719 0.556641 0.636719 0.552734 0.640625 0.550781 0.640625 0.548828 0.642578 0.542969 0.642578 0.541016 0.640625 0.541016 0.636719
0 0.607422 0.626953 0.603516 0.630859 0.601562 0.630859 0.597656 0.634766 0.593750 0.634766 0.591797 0.636719 0.589844 0.636719 0.589844 0.640625 0.585938 0.644531 0.583984 0.644531 0.576172 0.652344 0.574219 0.652344 0.570312 0.656250 0.562500 0.656250 0.562500 0.662109 0.560547 0.664062 0.558594 0.664062 0.558594 0.666016 0.556641 0.667969 0.554688 0.666016 0.554688 0.673828 0.552734 0.675781 0.550781 0.675781 0.550781 0.677734 0.548828 0.679688 0.546875 0.679688 0.546875 0.681641 0.544922 0.683594 0.539062 0.683594 0.539062 0.691406 0.546875 0.699219 0.546875 0.701172 0.548828 0.701172 0.546875 0.699219 0.548828 0.697266 0.552734 0.697266 0.558594 0.691406 0.562500 0.691406 0.566406 0.695312 0.566406 0.699219 0.564453 0.701172 0.566406 0.703125 0.566406 0.705078 0.564453 0.707031 0.562500 0.707031 0.560547 0.708984 0.560547 0.712891 0.558594 0.714844 0.558594 0.716797 0.554688 0.720703 0.554688 0.722656 0.546875 0.730469 0.544922 0.730469 0.542969 0.728516 0.541016 0.728516 0.539062 0.726562 0.539062 0.724609 0.533203 0.724609 0.531250 0.726562 0.529297 0.726562 0.529297 0.728516 0.527344 0.730469 0.527344 0.732422 0.523438 0.736328 0.521484 0.736328 0.519531 0.738281 0.513672 0.738281 0.513672 0.742188 0.515625 0.744141 0.513672 0.746094 0.511719 0.746094 0.509766 0.748047 0.511719 0.750000 0.515625 0.750000 0.517578 0.751953 0.519531 0.750000 0.525391 0.750000 0.525391 0.748047 0.529297 0.744141 0.533203 0.744141 0.535156 0.742188 0.535156 0.740234 0.539062 0.736328 0.546875 0.736328 0.548828 0.734375 0.556641 0.734375 0.558594 0.732422 0.564453 0.732422 0.564453 0.720703 0.566406 0.718750 0.568359 0.718750 0.570312 0.716797 0.576172 0.722656 0.583984 0.722656 0.593750 0.712891 0.595703 0.712891 0.597656 0.710938 0.601562 0.710938 0.603516 0.708984 0.605469 0.708984 0.621094 0.693359 0.626953 0.693359 0.626953 0.691406 0.628906 0.689453 0.630859 0.689453 0.630859 0.687500 0.632812 0.685547 0.634766 0.685547 0.634766 0.681641 0.632812 0.681641 0.630859 0.679688 0.630859 0.675781 0.628906 0.675781 0.626953 0.673828 0.626953 0.671875 0.628906 0.669922 0.630859 0.669922 0.630859 0.667969 0.632812 0.666016 0.634766 0.666016 0.634766 0.656250 0.638672 0.652344 0.638672 0.636719 0.632812 0.636719 0.632812 0.638672 0.626953 0.644531 0.621094 0.644531 0.619141 0.646484 0.617188 0.646484 0.609375 0.654297 0.607422 0.654297 0.603516 0.650391 0.603516 0.644531 0.609375 0.638672 0.611328 0.638672 0.613281 0.636719 0.615234 0.636719 0.615234 0.628906 0.613281 0.626953
0 0.423828 0.625000 0.423828 0.626953 0.421875 0.628906 0.419922 0.628906 0.416016 0.632812 0.414062 0.632812 0.412109 0.634766 0.410156 0.634766 0.414062 0.638672 0.416016 0.638672 0.419922 0.642578 0.427734 0.642578 0.429688 0.640625 0.431641 0.640625 0.433594 0.638672 0.433594 0.636719 0.435547 0.634766 0.435547 0.628906 0.433594 0.626953 0.433594 0.625000
0 0.955078 0.621094 0.951172 0.625000 0.949219 0.625000 0.947266 0.626953 0.947266 0.630859 0.945312 0.632812 0.935547 0.632812 0.933594 0.634766 0.931641 0.634766 0.929688 0.636719 0.929688 0.644531 0.931641 0.644531 0.937500 0.650391 0.939453 0.650391 0.941406 0.652344 0.947266 0.652344 0.951172 0.656250 0.951172 0.658203 0.953125 0.658203 0.955078 0.660156 0.968750 0.660156 0.970703 0.662109 0.986328 0.662109 0.988281 0.660156 0.990234 0.660156 0.992188 0.658203 0.992188 0.632812 0.988281 0.632812 0.986328 0.634766 0.982422 0.634766 0.980469 0.636719 0.980469 0.638672 0.976562 0.642578 0.970703 0.642578 0.968750 0.640625 0.968750 0.638672 0.966797 0.638672 0.962891 0.634766 0.962891 0.630859 0.960938 0.628906 0.960938 0.621094
0 0.371094 0.619141 0.369141 0.621094 0.367188 0.621094 0.365234 0.623047 0.365234 0.625000 0.375000 0.634766 0.378906 0.634766 0.378906 0.632812 0.380859 0.630859 0.380859 0.628906 0.378906 0.626953 0.378906 0.623047 0.375000 0.619141
0 0.513672 0.613281 0.509766 0.617188 0.507812 0.617188 0.507812 0.619141 0.505859 0.621094 0.505859 0.625000 0.507812 0.626953 0.511719 0.626953 0.513672 0.625000 0.517578 0.625000 0.519531 0.623047 0.521484 0.623047 0.521484 0.617188 0.519531 0.617188 0.517578 0.615234 0.517578 0.613281
0 0.156250 0.613281 0.152344 0.617188 0.150391 0.617188 0.146484 0.621094 0.146484 0.625000 0.148438 0.625000 0.150391 0.626953 0.156250 0.626953 0.162109 0.621094 0.162109 0.613281
0 0.000000 0.554688 0.000000 0.572266 0.003906 0.572266 0.005859 0.570312 0.005859 0.558594 0.001953 0.554688
0 0.031250 0.541016 0.027344 0.544922 0.025391 0.544922 0.025391 0.550781 0.029297 0.550781 0.031250 0.548828 0.033203 0.548828 0.035156 0.546875 0.035156 0.541016
0 0.361328 0.539062 0.361328 0.548828 0.369141 0.556641 0.375000 0.556641 0.376953 0.554688 0.376953 0.544922 0.371094 0.539062
0 0.152344 0.531250 0.152344 0.535156 0.150391 0.537109 0.148438 0.537109 0.146484 0.535156 0.136719 0.535156 0.134766 0.533203 0.132812 0.535156 0.125000 0.535156 0.125000 0.537109 0.123047 0.539062 0.121094 0.539062 0.121094 0.541016 0.119141 0.542969 0.113281 0.542969 0.113281 0.544922 0.111328 0.546875 0.109375 0.546875 0.107422 0.548828 0.105469 0.546875 0.105469 0.552734 0.099609 0.558594 0.097656 0.558594 0.095703 0.560547 0.093750 0.558594 0.093750 0.560547 0.091797 0.562500 0.089844 0.562500 0.089844 0.564453 0.087891 0.566406 0.085938 0.566406 0.085938 0.568359 0.083984 0.570312 0.082031 0.570312 0.083984 0.570312 0.085938 0.572266 0.083984 0.574219 0.082031 0.574219 0.082031 0.576172 0.078125 0.580078 0.078125 0.582031 0.080078 0.582031 0.082031 0.580078 0.083984 0.580078 0.085938 0.582031 0.085938 0.591797 0.083984 0.593750 0.082031 0.591797 0.080078 0.593750 0.078125 0.593750 0.078125 0.595703 0.076172 0.597656 0.074219 0.597656 0.072266 0.595703 0.072266 0.593750 0.070312 0.591797 0.068359 0.591797 0.060547 0.583984 0.060547 0.580078 0.056641 0.576172 0.056641 0.574219 0.054688 0.574219 0.050781 0.570312 0.048828 0.570312 0.048828 0.572266 0.046875 0.574219 0.042969 0.574219 0.042969 0.580078 0.041016 0.582031 0.039062 0.582031 0.039062 0.597656 0.037109 0.599609 0.037109 0.601562 0.033203 0.605469 0.031250 0.605469 0.021484 0.615234 0.015625 0.615234 0.013672 0.613281 0.013672 0.611328 0.011719 0.609375 0.011719 0.607422 0.009766 0.605469 0.009766 0.603516 0.001953 0.595703 0.001953 0.591797 0.000000 0.591797 0.000000 0.658203 0.001953 0.658203 0.001953 0.652344 0.003906 0.650391 0.013672 0.650391 0.013672 0.648438 0.015625 0.646484 0.025391 0.646484 0.025391 0.632812 0.019531 0.626953 0.021484 0.625000 0.017578 0.621094 0.023438 0.615234 0.025391 0.617188 0.027344 0.617188 0.029297 0.619141 0.029297 0.621094 0.033203 0.621094 0.035156 0.623047 0.037109 0.623047 0.039062 0.625000 0.041016 0.625000 0.042969 0.626953 0.046875 0.626953 0.050781 0.623047 0.052734 0.623047 0.054688 0.621094 0.060547 0.621094 0.064453 0.625000 0.064453 0.626953 0.066406 0.628906 0.066406 0.630859 0.058594 0.638672 0.058594 0.642578 0.060547 0.642578 0.064453 0.646484 0.064453 0.648438 0.066406 0.650391 0.066406 0.658203 0.064453 0.660156 0.064453 0.662109 0.062500 0.664062 0.064453 0.664062 0.066406 0.666016 0.066406 0.669922 0.068359 0.669922 0.070312 0.671875 0.074219 0.671875 0.076172 0.669922 0.080078 0.669922 0.082031 0.667969 0.083984 0.667969 0.085938 0.666016 0.087891 0.666016 0.089844 0.664062 0.091797 0.664062 0.093750 0.662109 0.095703 0.662109 0.099609 0.658203 0.099609 0.644531 0.101562 0.642578 0.103516 0.642578 0.103516 0.640625 0.105469 0.638672 0.107422 0.638672 0.107422 0.636719 0.109375 0.634766 0.111328 0.634766 0.111328 0.621094 0.113281 0.619141 0.115234 0.619141 0.117188 0.621094 0.117188 0.623047 0.123047 0.623047 0.125000 0.621094 0.126953 0.621094 0.128906 0.619141 0.130859 0.619141 0.130859 0.615234 0.134766 0.611328 0.138672 0.611328 0.138672 0.609375 0.140625 0.607422 0.140625 0.605469 0.142578 0.603516 0.150391 0.603516 0.150391 0.601562 0.152344 0.599609 0.158203 0.599609 0.154297 0.595703 0.154297 0.593750 0.152344 0.593750 0.150391 0.591797 0.150391 0.585938 0.152344 0.583984 0.152344 0.580078 0.156250 0.576172 0.158203 0.576172 0.158203 0.570312 0.160156 0.568359 0.162109 0.568359 0.160156 0.568359 0.154297 0.562500 0.152344 0.562500 0.150391 0.560547 0.150391 0.552734 0.154297 0.548828 0.154297 0.544922 0.156250 0.542969 0.158203 0.542969 0.158203 0.533203 0.156250 0.533203 0.154297 0.531250
0 0.015625 0.507812 0.015625 0.509766 0.013672 0.511719 0.011719 0.511719 0.011719 0.513672 0.007812 0.517578 0.005859 0.517578 0.003906 0.519531 0.001953 0.519531 0.001953 0.525391 0.003906 0.527344 0.011719 0.527344 0.015625 0.523438 0.019531 0.523438 0.021484 0.521484 0.023438 0.521484 0.025391 0.519531 0.025391 0.513672 0.023438 0.511719 0.023438 0.509766 0.021484 0.507812
0 0.212891 0.496094 0.210938 0.498047 0.210938 0.500000 0.207031 0.503906 0.207031 0.505859 0.205078 0.507812 0.203125 0.507812 0.203125 0.513672 0.205078 0.513672 0.207031 0.515625 0.207031 0.517578 0.201172 0.523438 0.199219 0.523438 0.199219 0.525391 0.197266 0.527344 0.195312 0.527344 0.193359 0.529297 0.191406 0.529297 0.191406 0.541016 0.189453 0.542969 0.179688 0.542969 0.179688 0.556641 0.181641 0.556641 0.183594 0.558594 0.183594 0.560547 0.185547 0.560547 0.187500 0.562500 0.187500 0.564453 0.185547 0.566406 0.183594 0.566406 0.183594 0.568359 0.181641 0.570312 0.179688 0.570312 0.179688 0.572266 0.177734 0.574219 0.171875 0.574219 0.171875 0.580078 0.173828 0.580078 0.175781 0.582031 0.175781 0.583984 0.173828 0.585938 0.171875 0.585938 0.171875 0.587891 0.169922 0.589844 0.169922 0.591797 0.164062 0.597656 0.164062 0.599609 0.169922 0.599609 0.169922 0.593750 0.171875 0.591797 0.171875 0.589844 0.173828 0.587891 0.183594 0.587891 0.185547 0.585938 0.189453 0.585938 0.191406 0.587891 0.191406 0.593750 0.187500 0.597656 0.187500 0.611328 0.189453 0.611328 0.191406 0.613281 0.191406 0.615234 0.199219 0.615234 0.203125 0.619141 0.203125 0.623047 0.205078 0.625000 0.205078 0.628906 0.203125 0.630859 0.197266 0.630859 0.193359 0.626953 0.181641 0.626953 0.179688 0.628906 0.175781 0.628906 0.175781 0.640625 0.173828 0.642578 0.171875 0.642578 0.171875 0.650391 0.173828 0.652344 0.173828 0.654297 0.175781 0.656250 0.175781 0.662109 0.185547 0.662109 0.187500 0.664062 0.187500 0.666016 0.197266 0.666016 0.199219 0.667969 0.199219 0.669922 0.201172 0.669922 0.201172 0.667969 0.203125 0.666016 0.205078 0.666016 0.205078 0.664062 0.203125 0.664062 0.201172 0.662109 0.201172 0.660156 0.199219 0.660156 0.197266 0.658203 0.197266 0.654297 0.195312 0.652344 0.197266 0.650391 0.197266 0.636719 0.199219 0.634766 0.201172 0.634766 0.201172 0.632812 0.203125 0.630859 0.205078 0.630859 0.207031 0.632812 0.207031 0.634766 0.216797 0.634766 0.216797 0.628906 0.218750 0.626953 0.220703 0.626953 0.220703 0.621094 0.222656 0.619141 0.224609 0.619141 0.224609 0.617188 0.226562 0.615234 0.228516 0.615234 0.230469 0.617188 0.230469 0.619141 0.232422 0.619141 0.234375 0.621094 0.234375 0.623047 0.240234 0.623047 0.240234 0.621094 0.242188 0.619141 0.246094 0.619141 0.246094 0.617188 0.248047 0.615234 0.253906 0.615234 0.255859 0.617188 0.257812 0.617188 0.257812 0.615234 0.261719 0.611328 0.267578 0.611328 0.269531 0.613281 0.269531 0.621094 0.265625 0.625000 0.267578 0.626953 0.269531 0.626953 0.273438 0.630859 0.273438 0.634766 0.275391 0.636719 0.275391 0.640625 0.273438 0.642578 0.275391 0.644531 0.275391 0.650391 0.277344 0.650391 0.281250 0.654297 0.283203 0.654297 0.285156 0.656250 0.287109 0.656250 0.289062 0.658203 0.294922 0.658203 0.298828 0.654297 0.302734 0.654297 0.306641 0.650391 0.308594 0.650391 0.310547 0.648438 0.312500 0.648438 0.314453 0.650391 0.314453 0.652344 0.322266 0.652344 0.324219 0.650391 0.326172 0.650391 0.328125 0.648438 0.330078 0.648438 0.332031 0.646484 0.333984 0.646484 0.333984 0.644531 0.343750 0.634766 0.343750 0.632812 0.345703 0.630859 0.345703 0.625000 0.341797 0.625000 0.339844 0.626953 0.335938 0.626953 0.335938 0.632812 0.332031 0.636719 0.328125 0.636719 0.324219 0.632812 0.318359 0.632812 0.316406 0.630859 0.304688 0.630859 0.302734 0.628906 0.300781 0.628906 0.296875 0.625000 0.296875 0.621094 0.298828 0.619141 0.306641 0.619141 0.308594 0.617188 0.310547 0.617188 0.310547 0.605469 0.312500 0.603516 0.314453 0.603516 0.314453 0.599609 0.310547 0.595703 0.310547 0.591797 0.312500 0.589844 0.312500 0.580078 0.314453 0.578125 0.314453 0.576172 0.324219 0.566406 0.326172 0.566406 0.328125 0.564453 0.330078 0.564453 0.332031 0.566406 0.332031 0.572266 0.328125 0.576172 0.328125 0.583984 0.326172 0.585938 0.324219 0.585938 0.324219 0.595703 0.328125 0.599609 0.328125 0.605469 0.326172 0.607422 0.324219 0.607422 0.326172 0.607422 0.328125 0.609375 0.328125 0.611328 0.345703 0.611328 0.345703 0.609375 0.347656 0.607422 0.349609 0.607422 0.349609 0.597656 0.351562 0.595703 0.353516 0.595703 0.353516 0.585938 0.355469 0.583984 0.357422 0.583984 0.357422 0.582031 0.351562 0.582031 0.349609 0.580078 0.349609 0.578125 0.347656 0.578125 0.345703 0.576172 0.345703 0.574219 0.343750 0.574219 0.341797 0.572266 0.341797 0.570312 0.339844 0.570312 0.337891 0.568359 0.337891 0.564453 0.339844 0.562500 0.341797 0.562500 0.341797 0.552734 0.347656 0.546875 0.349609 0.546875 0.351562 0.544922 0.353516 0.544922 0.353516 0.542969 0.351562 0.542969 0.349609 0.541016 0.347656 0.541016 0.345703 0.539062 0.339844 0.539062 0.335938 0.535156 0.335938 0.537109 0.333984 0.539062 0.332031 0.539062 0.332031 0.548828 0.330078 0.550781 0.328125 0.550781 0.326172 0.552734 0.322266 0.552734 0.320312 0.550781 0.320312 0.548828 0.318359 0.546875 0.318359 0.541016 0.316406 0.539062 0.318359 0.537109 0.318359 0.535156 0.320312 0.533203 0.322266 0.533203 0.322266 0.531250 0.324219 0.529297 0.326172 0.529297 0.326172 0.527344 0.328125 0.525391 0.328125 0.519531 0.330078 0.517578 0.330078 0.511719 0.328125 0.511719 0.326172 0.509766 0.326172 0.507812 0.320312 0.507812 0.320312 0.513672 0.318359 0.515625 0.318359 0.517578 0.312500 0.523438 0.312500 0.525391 0.310547 0.527344 0.296875 0.527344 0.294922 0.525391 0.296875 0.523438 0.292969 0.523438 0.291016 0.521484 0.291016 0.519531 0.289062 0.519531 0.287109 0.517578 0.287109 0.515625 0.281250 0.515625 0.279297 0.517578 0.273438 0.517578 0.271484 0.515625 0.269531 0.515625 0.269531 0.517578 0.271484 0.519531 0.269531 0.521484 0.269531 0.525391 0.267578 0.527344 0.267578 0.529297 0.265625 0.531250 0.265625 0.533203 0.263672 0.535156 0.261719 0.535156 0.261719 0.537109 0.259766 0.539062 0.257812 0.539062 0.253906 0.542969 0.244141 0.542969 0.240234 0.546875 0.238281 0.546875 0.238281 0.560547 0.236328 0.562500 0.238281 0.564453 0.236328 0.566406 0.218750 0.566406 0.216797 0.564453 0.216797 0.562500 0.214844 0.562500 0.212891 0.560547 0.212891 0.558594 0.210938 0.558594 0.208984 0.556641 0.208984 0.554688 0.210938 0.552734 0.212891 0.552734 0.210938 0.552734 0.208984 0.550781 0.210938 0.548828 0.220703 0.548828 0.220703 0.546875 0.222656 0.544922 0.224609 0.544922 0.224609 0.542969 0.226562 0.541016 0.230469 0.541016 0.228516 0.539062 0.228516 0.531250 0.236328 0.523438 0.236328 0.519531 0.240234 0.515625 0.242188 0.515625 0.242188 0.509766 0.240234 0.507812 0.238281 0.507812 0.236328 0.505859 0.236328 0.503906 0.234375 0.503906 0.232422 0.501953 0.232422 0.500000 0.230469 0.500000 0.228516 0.498047 0.228516 0.496094
0 0.095703 0.484375 0.095703 0.486328 0.093750 0.488281 0.091797 0.488281 0.089844 0.490234 0.089844 0.494141 0.095703 0.500000 0.099609 0.500000 0.105469 0.494141 0.105469 0.490234 0.103516 0.488281 0.101562 0.488281 0.099609 0.486328 0.099609 0.484375
0 0.048828 0.466797 0.048828 0.468750 0.046875 0.470703 0.046875 0.472656 0.044922 0.474609 0.044922 0.476562 0.046875 0.478516 0.042969 0.482422 0.041016 0.482422 0.041016 0.488281 0.037109 0.492188 0.037109 0.496094 0.039062 0.496094 0.041016 0.498047 0.041016 0.500000 0.044922 0.500000 0.046875 0.498047 0.046875 0.496094 0.054688 0.488281 0.054688 0.486328 0.058594 0.482422 0.058594 0.474609 0.056641 0.472656 0.056641 0.470703 0.052734 0.466797
0 0.128906 0.457031 0.126953 0.458984 0.125000 0.458984 0.125000 0.464844 0.123047 0.466797 0.121094 0.466797 0.121094 0.468750 0.119141 0.470703 0.119141 0.474609 0.121094 0.476562 0.121094 0.490234 0.126953 0.496094 0.126953 0.498047 0.128906 0.498047 0.130859 0.500000 0.134766 0.500000 0.140625 0.505859 0.150391 0.505859 0.152344 0.503906 0.152344 0.500000 0.150391 0.498047 0.150391 0.496094 0.148438 0.496094 0.146484 0.494141 0.144531 0.494141 0.142578 0.492188 0.146484 0.488281 0.148438 0.488281 0.150391 0.486328 0.154297 0.486328 0.156250 0.484375 0.158203 0.484375 0.158203 0.478516 0.156250 0.476562 0.154297 0.476562 0.148438 0.470703 0.148438 0.468750 0.146484 0.466797 0.146484 0.460938 0.136719 0.460938 0.134766 0.458984 0.134766 0.457031
0 0.123047 0.433594 0.119141 0.437500 0.117188 0.437500 0.117188 0.439453 0.115234 0.441406 0.117188 0.443359 0.117188 0.445312 0.119141 0.445312 0.121094 0.447266 0.126953 0.447266 0.130859 0.443359 0.134766 0.443359 0.136719 0.441406 0.138672 0.441406 0.138672 0.435547 0.132812 0.435547 0.130859 0.437500 0.128906 0.435547 0.128906 0.433594
0 0.193359 0.273438 0.191406 0.275391 0.191406 0.279297 0.189453 0.281250 0.189453 0.283203 0.187500 0.285156 0.187500 0.287109 0.185547 0.289062 0.185547 0.300781 0.187500 0.302734 0.187500 0.304688 0.199219 0.304688 0.201172 0.302734 0.203125 0.302734 0.205078 0.300781 0.207031 0.300781 0.207031 0.287109 0.201172 0.281250 0.201172 0.273438
0 0.185547 0.232422 0.183594 0.234375 0.183594 0.236328 0.181641 0.238281 0.181641 0.244141 0.185547 0.244141 0.185547 0.242188 0.189453 0.238281 0.189453 0.232422
0 0.199219 0.228516 0.197266 0.230469 0.197266 0.244141 0.195312 0.246094 0.195312 0.248047 0.199219 0.251953 0.203125 0.251953 0.205078 0.250000 0.207031 0.250000 0.207031 0.240234 0.205078 0.238281 0.203125 0.238281 0.201172 0.236328 0.205078 0.232422 0.207031 0.232422 0.207031 0.228516
0 0.035156 0.222656 0.035156 0.224609 0.033203 0.226562 0.031250 0.226562 0.031250 0.232422 0.027344 0.236328 0.027344 0.238281 0.023438 0.242188 0.023438 0.248047 0.021484 0.250000 0.019531 0.250000 0.019531 0.251953 0.021484 0.251953 0.025391 0.255859 0.029297 0.255859 0.031250 0.257812 0.031250 0.259766 0.029297 0.261719 0.021484 0.261719 0.023438 0.263672 0.021484 0.265625 0.019531 0.265625 0.017578 0.263672 0.017578 0.261719 0.015625 0.261719 0.013672 0.259766 0.013672 0.257812 0.013672 0.259766 0.011719 0.261719 0.009766 0.259766 0.009766 0.253906 0.003906 0.253906 0.001953 0.251953 0.001953 0.250000 0.000000 0.250000 0.000000 0.330078 0.009766 0.330078 0.013672 0.333984 0.023438 0.333984 0.029297 0.328125 0.029297 0.320312 0.027344 0.320312 0.025391 0.318359 0.025391 0.316406 0.027344 0.314453 0.029297 0.314453 0.031250 0.312500 0.033203 0.312500 0.035156 0.310547 0.037109 0.310547 0.039062 0.312500 0.041016 0.312500 0.042969 0.314453 0.042969 0.316406 0.044922 0.316406 0.046875 0.314453 0.052734 0.314453 0.054688 0.312500 0.056641 0.314453 0.058594 0.314453 0.060547 0.312500 0.062500 0.314453 0.062500 0.322266 0.064453 0.322266 0.066406 0.324219 0.066406 0.326172 0.064453 0.328125 0.062500 0.328125 0.062500 0.330078 0.060547 0.332031 0.058594 0.332031 0.058594 0.333984 0.068359 0.333984 0.070312 0.335938 0.070312 0.337891 0.074219 0.337891 0.076172 0.339844 0.076172 0.349609 0.078125 0.351562 0.074219 0.355469 0.074219 0.359375 0.072266 0.361328 0.066406 0.361328 0.062500 0.365234 0.062500 0.367188 0.060547 0.369141 0.056641 0.369141 0.054688 0.367188 0.050781 0.367188 0.046875 0.371094 0.046875 0.376953 0.048828 0.378906 0.048828 0.384766 0.050781 0.386719 0.050781 0.388672 0.048828 0.390625 0.046875 0.390625 0.046875 0.396484 0.044922 0.398438 0.042969 0.398438 0.042969 0.408203 0.044922 0.408203 0.046875 0.410156 0.046875 0.412109 0.048828 0.412109 0.050781 0.414062 0.050781 0.416016 0.058594 0.423828 0.058594 0.435547 0.060547 0.435547 0.062500 0.437500 0.062500 0.439453 0.060547 0.441406 0.062500 0.443359 0.062500 0.451172 0.064453 0.453125 0.064453 0.457031 0.066406 0.458984 0.066406 0.462891 0.068359 0.464844 0.074219 0.464844 0.076172 0.466797 0.082031 0.466797 0.083984 0.468750 0.083984 0.460938 0.085938 0.458984 0.087891 0.458984 0.087891 0.453125 0.089844 0.451172 0.091797 0.451172 0.091797 0.449219 0.093750 0.447266 0.095703 0.447266 0.095703 0.443359 0.093750 0.441406 0.093750 0.437500 0.095703 0.435547 0.095703 0.431641 0.097656 0.429688 0.099609 0.429688 0.099609 0.425781 0.101562 0.423828 0.103516 0.423828 0.103516 0.414062 0.105469 0.412109 0.107422 0.412109 0.107422 0.410156 0.109375 0.408203 0.115234 0.408203 0.115234 0.406250 0.117188 0.404297 0.119141 0.404297 0.119141 0.396484 0.121094 0.394531 0.123047 0.394531 0.125000 0.392578 0.126953 0.392578 0.126953 0.390625 0.128906 0.388672 0.130859 0.388672 0.130859 0.384766 0.128906 0.382812 0.123047 0.382812 0.121094 0.380859 0.121094 0.378906 0.109375 0.378906 0.107422 0.376953 0.107422 0.375000 0.097656 0.375000 0.097656 0.376953 0.095703 0.378906 0.093750 0.378906 0.093750 0.380859 0.091797 0.382812 0.078125 0.382812 0.076172 0.380859 0.076172 0.378906 0.070312 0.378906 0.068359 0.376953 0.068359 0.375000 0.074219 0.369141 0.083984 0.369141 0.083984 0.367188 0.085938 0.365234 0.087891 0.365234 0.085938 0.363281 0.085938 0.361328 0.087891 0.359375 0.087891 0.357422 0.085938 0.355469 0.085938 0.347656 0.091797 0.341797 0.095703 0.341797 0.095703 0.339844 0.097656 0.337891 0.105469 0.337891 0.105469 0.335938 0.107422 0.333984 0.111328 0.333984 0.111328 0.332031 0.113281 0.330078 0.115234 0.330078 0.117188 0.328125 0.119141 0.328125 0.128906 0.337891 0.128906 0.339844 0.136719 0.339844 0.136719 0.335938 0.138672 0.333984 0.140625 0.333984 0.140625 0.330078 0.144531 0.326172 0.144531 0.324219 0.146484 0.322266 0.146484 0.320312 0.144531 0.318359 0.144531 0.310547 0.138672 0.304688 0.138672 0.292969 0.136719 0.292969 0.134766 0.291016 0.134766 0.289062 0.132812 0.289062 0.130859 0.287109 0.130859 0.283203 0.128906 0.281250 0.128906 0.277344 0.130859 0.275391 0.134766 0.275391 0.134766 0.265625 0.132812 0.265625 0.130859 0.263672 0.130859 0.253906 0.125000 0.253906 0.121094 0.250000 0.121094 0.251953 0.119141 0.253906 0.117188 0.253906 0.115234 0.251953 0.115234 0.242188 0.113281 0.242188 0.111328 0.240234 0.111328 0.230469 0.109375 0.230469 0.107422 0.228516 0.107422 0.226562 0.095703 0.226562 0.091797 0.230469 0.082031 0.230469 0.080078 0.228516 0.080078 0.226562 0.078125 0.224609 0.078125 0.222656 0.068359 0.222656 0.068359 0.228516 0.066406 0.230469 0.066406 0.240234 0.064453 0.242188 0.058594 0.242188 0.056641 0.240234 0.056641 0.238281 0.054688 0.238281 0.052734 0.236328 0.052734 0.234375 0.050781 0.234375 0.048828 0.232422 0.048828 0.222656
0 0.154297 0.216797 0.156250 0.218750 0.156250 0.220703 0.158203 0.220703 0.160156 0.222656 0.160156 0.228516 0.156250 0.232422 0.156250 0.236328 0.154297 0.238281 0.152344 0.238281 0.152344 0.248047 0.150391 0.250000 0.152344 0.251953 0.152344 0.255859 0.154297 0.255859 0.156250 0.257812 0.156250 0.259766 0.158203 0.259766 0.158203 0.257812 0.160156 0.255859 0.164062 0.255859 0.166016 0.257812 0.164062 0.259766 0.164062 0.271484 0.166016 0.271484 0.166016 0.269531 0.167969 0.267578 0.169922 0.267578 0.171875 0.265625 0.173828 0.265625 0.173828 0.257812 0.171875 0.255859 0.171875 0.253906 0.169922 0.251953 0.169922 0.246094 0.167969 0.244141 0.167969 0.230469 0.169922 0.228516 0.167969 0.228516 0.164062 0.224609 0.164062 0.222656 0.162109 0.220703 0.160156 0.220703 0.158203 0.218750 0.156250 0.218750
0 0.119141 0.212891 0.119141 0.214844 0.117188 0.216797 0.117188 0.220703 0.119141 0.220703 0.121094 0.222656 0.121094 0.224609 0.123047 0.224609 0.125000 0.226562 0.125000 0.236328 0.130859 0.236328 0.132812 0.238281 0.130859 0.240234 0.134766 0.240234 0.134766 0.234375 0.132812 0.234375 0.130859 0.232422 0.132812 0.230469 0.132812 0.228516 0.134766 0.226562 0.130859 0.222656 0.130859 0.218750 0.126953 0.218750 0.123047 0.214844 0.121094 0.214844
0 0.888672 0.000000 0.888672 0.005859 0.886719 0.007812 0.882812 0.007812 0.882812 0.021484 0.880859 0.023438 0.878906 0.023438 0.876953 0.025391 0.876953 0.027344 0.875000 0.029297 0.873047 0.029297 0.867188 0.035156 0.867188 0.037109 0.865234 0.039062 0.859375 0.039062 0.857422 0.037109 0.855469 0.037109 0.847656 0.029297 0.845703 0.029297 0.843750 0.031250 0.841797 0.031250 0.841797 0.033203 0.837891 0.037109 0.837891 0.042969 0.839844 0.042969 0.845703 0.048828 0.853516 0.048828 0.857422 0.052734 0.861328 0.052734 0.863281 0.050781 0.863281 0.046875 0.865234 0.044922 0.873047 0.044922 0.875000 0.046875 0.875000 0.048828 0.876953 0.048828 0.878906 0.050781 0.878906 0.056641 0.880859 0.058594 0.880859 0.070312 0.876953 0.074219 0.867188 0.074219 0.867188 0.076172 0.865234 0.078125 0.863281 0.078125 0.863281 0.083984 0.861328 0.085938 0.855469 0.085938 0.855469 0.087891 0.853516 0.089844 0.849609 0.089844 0.845703 0.093750 0.843750 0.093750 0.843750 0.095703 0.841797 0.097656 0.839844 0.097656 0.839844 0.101562 0.835938 0.105469 0.833984 0.105469 0.832031 0.107422 0.832031 0.109375 0.830078 0.111328 0.826172 0.111328 0.824219 0.109375 0.824219 0.111328 0.822266 0.113281 0.822266 0.115234 0.820312 0.117188 0.818359 0.117188 0.814453 0.121094 0.814453 0.123047 0.810547 0.126953 0.808594 0.126953 0.806641 0.128906 0.804688 0.128906 0.804688 0.130859 0.802734 0.132812 0.800781 0.132812 0.800781 0.140625 0.802734 0.142578 0.802734 0.148438 0.792969 0.158203 0.792969 0.160156 0.791016 0.162109 0.791016 0.164062 0.787109 0.167969 0.781250 0.167969 0.781250 0.169922 0.779297 0.171875 0.777344 0.171875 0.777344 0.173828 0.775391 0.175781 0.773438 0.175781 0.773438 0.177734 0.771484 0.179688 0.765625 0.179688 0.765625 0.181641 0.763672 0.183594 0.759766 0.183594 0.759766 0.185547 0.757812 0.187500 0.753906 0.187500 0.753906 0.189453 0.751953 0.191406 0.750000 0.191406 0.750000 0.197266 0.751953 0.197266 0.753906 0.199219 0.753906 0.212891 0.751953 0.214844 0.746094 0.214844 0.748047 0.216797 0.746094 0.218750 0.746094 0.220703 0.744141 0.222656 0.742188 0.222656 0.742188 0.224609 0.740234 0.226562 0.738281 0.226562 0.738281 0.228516 0.736328 0.230469 0.734375 0.230469 0.734375 0.232422 0.732422 0.234375 0.730469 0.234375 0.730469 0.236328 0.728516 0.238281 0.726562 0.238281 0.726562 0.263672 0.732422 0.263672 0.734375 0.265625 0.734375 0.271484 0.740234 0.271484 0.742188 0.273438 0.742188 0.279297 0.744141 0.279297 0.746094 0.281250 0.746094 0.287109 0.744141 0.289062 0.742188 0.289062 0.742188 0.291016 0.751953 0.291016 0.753906 0.292969 0.753906 0.294922 0.755859 0.294922 0.757812 0.296875 0.757812 0.302734 0.755859 0.304688 0.750000 0.304688 0.750000 0.326172 0.751953 0.326172 0.753906 0.328125 0.753906 0.341797 0.755859 0.341797 0.757812 0.343750 0.757812 0.349609 0.759766 0.349609 0.761719 0.351562 0.761719 0.380859 0.763672 0.380859 0.765625 0.382812 0.765625 0.388672 0.767578 0.388672 0.769531 0.390625 0.769531 0.396484 0.771484 0.396484 0.773438 0.398438 0.773438 0.404297 0.775391 0.404297 0.777344 0.406250 0.777344 0.419922 0.779297 0.419922 0.781250 0.421875 0.781250 0.431641 0.783203 0.431641 0.785156 0.433594 0.785156 0.439453 0.787109 0.439453 0.789062 0.441406 0.789062 0.443359 0.791016 0.443359 0.792969 0.445312 0.792969 0.455078 0.794922 0.455078 0.796875 0.457031 0.796875 0.466797 0.798828 0.466797 0.800781 0.468750 0.800781 0.474609 0.802734 0.474609 0.804688 0.476562 0.804688 0.482422 0.806641 0.482422 0.808594 0.484375 0.806641 0.486328 0.806641 0.494141 0.820312 0.507812 0.820312 0.509766 0.822266 0.509766 0.830078 0.517578 0.830078 0.523438 0.832031 0.525391 0.832031 0.529297 0.833984 0.529297 0.835938 0.531250 0.835938 0.533203 0.837891 0.533203 0.839844 0.535156 0.841797 0.535156 0.847656 0.541016 0.849609 0.541016 0.851562 0.542969 0.851562 0.546875 0.853516 0.548828 0.853516 0.550781 0.855469 0.552734 0.855469 0.554688 0.857422 0.556641 0.859375 0.556641 0.865234 0.562500 0.869141 0.562500 0.871094 0.564453 0.880859 0.564453 0.882812 0.562500 0.896484 0.562500 0.902344 0.556641 0.908203 0.556641 0.910156 0.558594 0.912109 0.558594 0.916016 0.562500 0.916016 0.564453 0.917969 0.566406 0.917969 0.570312 0.923828 0.570312 0.925781 0.568359 0.927734 0.568359 0.929688 0.570312 0.927734 0.572266 0.927734 0.583984 0.929688 0.585938 0.929688 0.587891 0.931641 0.587891 0.933594 0.589844 0.945312 0.589844 0.947266 0.591797 0.949219 0.591797 0.951172 0.593750 0.953125 0.593750 0.957031 0.597656 0.957031 0.599609 0.962891 0.599609 0.964844 0.601562 0.970703 0.601562 0.972656 0.603516 0.974609 0.603516 0.982422 0.611328 0.992188 0.611328 0.992188 0.582031 0.988281 0.582031 0.986328 0.580078 0.984375 0.580078 0.982422 0.578125 0.980469 0.578125 0.978516 0.576172 0.978516 0.574219 0.976562 0.576172 0.972656 0.576172 0.970703 0.578125 0.960938 0.578125 0.958984 0.580078 0.957031 0.580078 0.955078 0.582031 0.947266 0.582031 0.943359 0.578125 0.943359 0.568359 0.945312 0.566406 0.947266 0.566406 0.949219 0.564453 0.951172 0.564453 0.951172 0.558594 0.953125 0.556641 0.958984 0.556641 0.962891 0.560547 0.962891 0.562500 0.968750 0.568359 0.970703 0.568359 0.972656 0.566406 0.974609 0.566406 0.976562 0.564453 0.978516 0.564453 0.980469 0.562500 0.980469 0.560547 0.982422 0.558594 0.982422 0.556641 0.984375 0.554688 0.986328 0.554688 0.988281 0.552734 0.992188 0.552734 0.992188 0.539062 0.988281 0.535156 0.988281 0.529297 0.986328 0.527344 0.986328 0.525391 0.982422 0.521484 0.980469 0.521484 0.978516 0.523438 0.976562 0.523438 0.970703 0.517578 0.974609 0.513672 0.980469 0.513672 0.986328 0.507812 0.988281 0.507812 0.990234 0.505859 0.990234 0.503906 0.992188 0.501953 0.992188 0.482422 0.990234 0.480469 0.992188 0.478516 0.992188 0.289062 0.984375 0.289062 0.982422 0.287109 0.982422 0.285156 0.980469 0.285156 0.980469 0.287109 0.978516 0.289062 0.968750 0.289062 0.966797 0.287109 0.964844 0.287109 0.962891 0.285156 0.962891 0.281250 0.945312 0.281250 0.945312 0.287109 0.943359 0.289062 0.937500 0.289062 0.937500 0.291016 0.935547 0.292969 0.929688 0.292969 0.929688 0.304688 0.927734 0.306641 0.916016 0.306641 0.914062 0.304688 0.910156 0.304688 0.908203 0.302734 0.906250 0.302734 0.904297 0.304688 0.898438 0.304688 0.896484 0.302734 0.896484 0.296875 0.894531 0.294922 0.894531 0.292969 0.892578 0.292969 0.886719 0.287109 0.886719 0.283203 0.884766 0.281250 0.884766 0.279297 0.882812 0.277344 0.880859 0.277344 0.878906 0.275391 0.878906 0.273438 0.876953 0.271484 0.878906 0.269531 0.880859 0.269531 0.882812 0.267578 0.884766 0.267578 0.886719 0.265625 0.888672 0.265625 0.890625 0.263672 0.900391 0.263672 0.902344 0.261719 0.908203 0.261719 0.910156 0.259766 0.916016 0.259766 0.917969 0.257812 0.923828 0.257812 0.925781 0.255859 0.927734 0.255859 0.929688 0.253906 0.937500 0.253906 0.939453 0.251953 0.943359 0.251953 0.945312 0.250000 0.947266 0.250000 0.949219 0.248047 0.953125 0.248047 0.953125 0.246094 0.957031 0.242188 0.966797 0.242188 0.968750 0.244141 0.978516 0.244141 0.978516 0.238281 0.980469 0.236328 0.982422 0.236328 0.982422 0.230469 0.980469 0.230469 0.978516 0.228516 0.978516 0.226562 0.976562 0.226562 0.974609 0.224609 0.974609 0.220703 0.976562 0.218750 0.976562 0.216797 0.972656 0.212891 0.978516 0.207031 0.978516 0.199219 0.980469 0.197266 0.990234 0.197266 0.992188 0.195312 0.992188 0.000000