0 0.720703 0.972656 0.720703 0.986328 0.724609 0.986328 0.724609 0.972656
0 0.876953 0.939453 0.876953 0.943359 0.875000 0.945312 0.871094 0.945312 0.869141 0.947266 0.869141 0.949219 0.867188 0.951172 0.863281 0.951172 0.863281 0.955078 0.871094 0.955078 0.871094 0.953125 0.875000 0.949219 0.875000 0.945312 0.876953 0.943359 0.880859 0.943359 0.880859 0.939453
0 0.880859 0.931641 0.880859 0.935547 0.884766 0.935547 0.884766 0.931641
0 0.892578 0.908203 0.892578 0.912109 0.890625 0.914062 0.890625 0.916016 0.888672 0.917969 0.888672 0.921875 0.886719 0.923828 0.884766 0.923828 0.884766 0.927734 0.888672 0.927734 0.888672 0.923828 0.890625 0.921875 0.892578 0.921875 0.892578 0.919922 0.894531 0.917969 0.894531 0.914062 0.896484 0.912109 0.896484 0.908203
0 0.906250 0.876953 0.904297 0.878906 0.904297 0.880859 0.898438 0.886719 0.898438 0.890625 0.894531 0.894531 0.894531 0.904297 0.898438 0.904297 0.898438 0.898438 0.902344 0.894531 0.902344 0.890625 0.906250 0.886719 0.906250 0.884766 0.910156 0.880859 0.910156 0.876953
0 0.861328 0.820312 0.859375 0.822266 0.857422 0.822266 0.855469 0.824219 0.853516 0.824219 0.853516 0.830078 0.851562 0.832031 0.849609 0.832031 0.847656 0.833984 0.847656 0.841797 0.845703 0.843750 0.843750 0.843750 0.843750 0.845703 0.841797 0.847656 0.839844 0.847656 0.839844 0.849609 0.837891 0.851562 0.835938 0.851562 0.833984 0.853516 0.833984 0.855469 0.832031 0.857422 0.830078 0.857422 0.826172 0.861328 0.822266 0.861328 0.822266 0.863281 0.820312 0.865234 0.818359 0.865234 0.818359 0.867188 0.814453 0.871094 0.810547 0.871094 0.810547 0.873047 0.808594 0.875000 0.804688 0.875000 0.802734 0.876953 0.800781 0.876953 0.800781 0.878906 0.798828 0.880859 0.794922 0.880859 0.794922 0.882812 0.792969 0.884766 0.791016 0.884766 0.789062 0.886719 0.787109 0.886719 0.787109 0.890625 0.785156 0.892578 0.783203 0.892578 0.781250 0.894531 0.781250 0.898438 0.779297 0.900391 0.775391 0.900391 0.775391 0.904297 0.773438 0.906250 0.771484 0.906250 0.769531 0.908203 0.769531 0.912109 0.767578 0.914062 0.765625 0.914062 0.765625 0.917969 0.763672 0.919922 0.763672 0.923828 0.761719 0.925781 0.759766 0.925781 0.759766 0.927734 0.757812 0.929688 0.755859 0.929688 0.753906 0.931641 0.750000 0.931641 0.748047 0.933594 0.748047 0.935547 0.744141 0.939453 0.742188 0.939453 0.736328 0.945312 0.734375 0.945312 0.734375 0.949219 0.732422 0.951172 0.730469 0.951172 0.726562 0.955078 0.726562 0.958984 0.724609 0.960938 0.724609 0.962891 0.722656 0.964844 0.722656 0.968750 0.726562 0.968750 0.726562 0.966797 0.728516 0.964844 0.728516 0.960938 0.734375 0.955078 0.734375 0.951172 0.736328 0.949219 0.738281 0.949219 0.740234 0.947266 0.742188 0.947266 0.748047 0.941406 0.750000 0.941406 0.750000 0.939453 0.755859 0.933594 0.759766 0.933594 0.759766 0.931641 0.761719 0.929688 0.763672 0.929688 0.763672 0.925781 0.765625 0.923828 0.767578 0.923828 0.767578 0.919922 0.769531 0.917969 0.769531 0.914062 0.771484 0.912109 0.773438 0.912109 0.775391 0.910156 0.775391 0.908203 0.777344 0.906250 0.779297 0.906250 0.779297 0.900391 0.781250 0.898438 0.785156 0.898438 0.789062 0.894531 0.791016 0.894531 0.791016 0.890625 0.792969 0.888672 0.794922 0.888672 0.794922 0.886719 0.796875 0.884766 0.798828 0.884766 0.798828 0.882812 0.800781 0.880859 0.804688 0.880859 0.806641 0.878906 0.808594 0.878906 0.808594 0.876953 0.810547 0.875000 0.814453 0.875000 0.816406 0.873047 0.820312 0.873047 0.820312 0.871094 0.822266 0.869141 0.822266 0.867188 0.824219 0.865234 0.828125 0.865234 0.830078 0.863281 0.832031 0.863281 0.833984 0.861328 0.833984 0.859375 0.835938 0.857422 0.837891 0.857422 0.839844 0.855469 0.839844 0.853516 0.841797 0.851562 0.845703 0.851562 0.847656 0.849609 0.847656 0.845703 0.849609 0.843750 0.851562 0.843750 0.851562 0.837891 0.855469 0.833984 0.857422 0.833984 0.857422 0.830078 0.863281 0.824219 0.865234 0.824219 0.865234 0.820312
0 0.718750 0.804688 0.718750 0.808594 0.716797 0.810547 0.714844 0.810547 0.714844 0.814453 0.722656 0.814453 0.722656 0.804688
0 0.695312 0.802734 0.695312 0.806641 0.699219 0.806641 0.701172 0.808594 0.705078 0.808594 0.707031 0.810547 0.710938 0.810547 0.710938 0.806641 0.707031 0.806641 0.705078 0.804688 0.701172 0.804688 0.699219 0.802734
0 0.685547 0.796875 0.685547 0.800781 0.687500 0.802734 0.691406 0.802734 0.691406 0.798828 0.689453 0.796875
0 0.767578 0.767578 0.767578 0.771484 0.771484 0.771484 0.771484 0.767578
0 0.757812 0.767578 0.757812 0.771484 0.761719 0.771484 0.761719 0.767578
0 0.748047 0.765625 0.748047 0.769531 0.751953 0.769531 0.751953 0.765625
0 0.738281 0.765625 0.738281 0.769531 0.742188 0.769531 0.742188 0.765625
0 0.724609 0.759766 0.724609 0.763672 0.728516 0.763672 0.730469 0.765625 0.730469 0.767578 0.734375 0.767578 0.734375 0.763672 0.730469 0.763672 0.728516 0.761719 0.728516 0.759766
0 0.710938 0.755859 0.710938 0.759766 0.712891 0.759766 0.714844 0.761719 0.720703 0.761719 0.720703 0.757812 0.718750 0.757812 0.716797 0.755859
0 0.798828 0.751953 0.798828 0.755859 0.796875 0.757812 0.792969 0.757812 0.787109 0.763672 0.785156 0.763672 0.783203 0.765625 0.781250 0.765625 0.779297 0.767578 0.777344 0.767578 0.777344 0.771484 0.781250 0.771484 0.783203 0.769531 0.785156 0.769531 0.787109 0.767578 0.791016 0.767578 0.798828 0.759766 0.802734 0.759766 0.804688 0.757812 0.804688 0.753906 0.802734 0.751953
0 0.742188 0.714844 0.740234 0.716797 0.740234 0.722656 0.744141 0.722656 0.744141 0.720703 0.746094 0.718750 0.746094 0.714844
0 0.753906 0.703125 0.753906 0.705078 0.751953 0.707031 0.748047 0.707031 0.748047 0.710938 0.751953 0.710938 0.751953 0.708984 0.753906 0.707031 0.757812 0.707031 0.757812 0.703125
0 0.761719 0.701172 0.761719 0.705078 0.765625 0.705078 0.765625 0.701172
0 0.769531 0.697266 0.769531 0.701172 0.773438 0.701172 0.773438 0.697266
0 0.591797 0.697266 0.591797 0.701172 0.593750 0.703125 0.593750 0.716797 0.597656 0.716797 0.597656 0.703125 0.595703 0.701172 0.595703 0.697266
0 0.777344 0.695312 0.777344 0.699219 0.781250 0.699219 0.781250 0.695312
0 0.591797 0.689453 0.591797 0.693359 0.595703 0.693359 0.595703 0.689453
0 0.791016 0.687500 0.791016 0.689453 0.789062 0.691406 0.785156 0.691406 0.785156 0.695312 0.789062 0.695312 0.789062 0.693359 0.791016 0.691406 0.794922 0.691406 0.794922 0.687500
0 0.591797 0.681641 0.591797 0.685547 0.595703 0.685547 0.595703 0.681641
0 0.806641 0.677734 0.806641 0.679688 0.804688 0.681641 0.802734 0.681641 0.800781 0.683594 0.798828 0.683594 0.798828 0.687500 0.802734 0.687500 0.804688 0.685547 0.806641 0.685547 0.808594 0.683594 0.810547 0.683594 0.810547 0.677734
0 0.591797 0.669922 0.591797 0.673828 0.595703 0.673828 0.595703 0.669922
0 0.562500 0.664062 0.562500 0.667969 0.564453 0.669922 0.564453 0.675781 0.568359 0.675781 0.568359 0.669922 0.566406 0.667969 0.566406 0.664062
0 0.591797 0.656250 0.591797 0.660156 0.595703 0.660156 0.595703 0.656250
0 0.560547 0.654297 0.560547 0.658203 0.564453 0.658203 0.564453 0.654297
0 0.591797 0.646484 0.591797 0.650391 0.595703 0.650391 0.595703 0.646484
0 0.554688 0.642578 0.554688 0.646484 0.558594 0.646484 0.558594 0.642578
0 0.546875 0.630859 0.546875 0.634766 0.550781 0.634766 0.550781 0.630859
0 0.349609 0.619141 0.347656 0.621094 0.347656 0.623047 0.349609 0.623047 0.351562 0.621094 0.351562 0.619141
0 0.357422 0.609375 0.357422 0.611328 0.355469 0.613281 0.353516 0.613281 0.353516 0.615234 0.355469 0.615234 0.355469 0.613281 0.357422 0.611328 0.359375 0.611328 0.359375 0.609375
0 0.591797 0.607422 0.591797 0.615234 0.593750 0.617188 0.593750 0.632812 0.591797 0.634766 0.591797 0.642578 0.595703 0.642578 0.595703 0.636719 0.597656 0.634766 0.597656 0.617188 0.595703 0.615234 0.595703 0.607422
0 0.527344 0.603516 0.527344 0.607422 0.529297 0.607422 0.531250 0.609375 0.531250 0.613281 0.535156 0.613281 0.537109 0.615234 0.537109 0.619141 0.541016 0.619141 0.541016 0.615234 0.537109 0.615234 0.535156 0.613281 0.535156 0.609375 0.533203 0.609375 0.531250 0.607422 0.531250 0.603516
0 0.367188 0.603516 0.367188 0.605469 0.369141 0.605469 0.369141 0.603516
0 0.378906 0.601562 0.378906 0.603516 0.380859 0.603516 0.380859 0.601562
0 0.523438 0.595703 0.523438 0.599609 0.527344 0.599609 0.527344 0.595703
0 0.386719 0.595703 0.386719 0.597656 0.388672 0.597656 0.388672 0.595703
0 0.521484 0.587891 0.521484 0.591797 0.525391 0.591797 0.525391 0.587891
0 0.478516 0.582031 0.478516 0.587891 0.474609 0.591797 0.474609 0.593750 0.472656 0.595703 0.472656 0.597656 0.474609 0.597656 0.474609 0.595703 0.480469 0.589844 0.480469 0.582031
0 0.408203 0.582031 0.408203 0.583984 0.410156 0.583984 0.410156 0.582031
0 0.519531 0.580078 0.519531 0.583984 0.523438 0.583984 0.523438 0.580078
0 0.423828 0.574219 0.423828 0.576172 0.425781 0.576172 0.425781 0.574219
0 0.480469 0.572266 0.478516 0.574219 0.478516 0.576172 0.480469 0.576172 0.482422 0.574219 0.482422 0.572266
0 0.513672 0.566406 0.513672 0.570312 0.515625 0.572266 0.515625 0.576172 0.519531 0.576172 0.519531 0.572266 0.517578 0.570312 0.517578 0.566406
0 0.480469 0.566406 0.480469 0.568359 0.482422 0.568359 0.482422 0.566406
0 0.429688 0.566406 0.429688 0.568359 0.431641 0.568359 0.431641 0.566406
0 0.361328 0.560547 0.361328 0.564453 0.363281 0.564453 0.365234 0.566406 0.365234 0.568359 0.367188 0.568359 0.369141 0.570312 0.371094 0.570312 0.373047 0.572266 0.373047 0.574219 0.375000 0.574219 0.376953 0.576172 0.378906 0.576172 0.380859 0.578125 0.380859 0.580078 0.382812 0.582031 0.382812 0.583984 0.384766 0.583984 0.386719 0.585938 0.386719 0.587891 0.388672 0.589844 0.388672 0.591797 0.390625 0.591797 0.392578 0.593750 0.392578 0.595703 0.396484 0.595703 0.398438 0.597656 0.412109 0.597656 0.414062 0.595703 0.429688 0.595703 0.431641 0.593750 0.433594 0.593750 0.435547 0.591797 0.437500 0.591797 0.441406 0.587891 0.441406 0.585938 0.443359 0.583984 0.447266 0.583984 0.447266 0.582031 0.449219 0.580078 0.451172 0.580078 0.453125 0.578125 0.455078 0.578125 0.455078 0.576172 0.457031 0.574219 0.462891 0.574219 0.462891 0.572266 0.464844 0.570312 0.466797 0.570312 0.470703 0.566406 0.470703 0.562500 0.466797 0.562500 0.462891 0.566406 0.462891 0.568359 0.460938 0.570312 0.455078 0.570312 0.455078 0.572266 0.453125 0.574219 0.451172 0.574219 0.449219 0.576172 0.447266 0.576172 0.447266 0.578125 0.445312 0.580078 0.443359 0.580078 0.443359 0.582031 0.441406 0.583984 0.437500 0.583984 0.431641 0.589844 0.429688 0.589844 0.427734 0.591797 0.414062 0.591797 0.412109 0.593750 0.404297 0.593750 0.402344 0.591797 0.402344 0.589844 0.404297 0.587891 0.404297 0.585938 0.402344 0.585938 0.402344 0.587891 0.398438 0.591797 0.396484 0.589844 0.394531 0.589844 0.390625 0.585938 0.390625 0.583984 0.388672 0.583984 0.386719 0.582031 0.386719 0.580078 0.384766 0.578125 0.384766 0.576172 0.382812 0.576172 0.380859 0.574219 0.380859 0.572266 0.378906 0.572266 0.376953 0.570312 0.375000 0.570312 0.373047 0.568359 0.373047 0.566406 0.371094 0.566406 0.369141 0.564453 0.367188 0.564453 0.365234 0.562500 0.365234 0.560547
0 0.480469 0.558594 0.480469 0.560547 0.482422 0.560547 0.482422 0.558594
0 0.437500 0.556641 0.437500 0.558594 0.435547 0.560547 0.435547 0.562500 0.437500 0.562500 0.437500 0.560547 0.439453 0.558594 0.439453 0.556641
0 0.480469 0.548828 0.480469 0.550781 0.482422 0.550781 0.482422 0.548828
0 0.445312 0.546875 0.445312 0.548828 0.443359 0.550781 0.441406 0.550781 0.441406 0.552734 0.443359 0.552734 0.443359 0.550781 0.445312 0.548828 0.447266 0.548828 0.447266 0.546875
0 0.451172 0.541016 0.451172 0.542969 0.453125 0.542969 0.453125 0.541016
0 0.503906 0.539062 0.503906 0.542969 0.505859 0.544922 0.505859 0.546875 0.507812 0.548828 0.507812 0.552734 0.509766 0.554688 0.509766 0.558594 0.513672 0.558594 0.513672 0.554688 0.511719 0.552734 0.511719 0.548828 0.509766 0.546875 0.509766 0.542969 0.507812 0.541016 0.507812 0.539062
0 0.478516 0.537109 0.478516 0.539062 0.480469 0.539062 0.480469 0.537109
0 0.324219 0.537109 0.324219 0.541016 0.328125 0.544922 0.328125 0.548828 0.333984 0.554688 0.337891 0.554688 0.339844 0.556641 0.349609 0.556641 0.351562 0.558594 0.355469 0.558594 0.355469 0.554688 0.351562 0.554688 0.349609 0.552734 0.343750 0.552734 0.341797 0.550781 0.337891 0.550781 0.330078 0.542969 0.330078 0.539062 0.328125 0.537109
0 0.470703 0.525391 0.468750 0.527344 0.466797 0.527344 0.464844 0.529297 0.462891 0.529297 0.460938 0.531250 0.458984 0.531250 0.458984 0.533203 0.457031 0.535156 0.455078 0.535156 0.455078 0.537109 0.457031 0.537109 0.457031 0.535156 0.458984 0.533203 0.460938 0.533203 0.462891 0.531250 0.464844 0.531250 0.466797 0.529297 0.468750 0.529297 0.470703 0.527344 0.472656 0.527344 0.474609 0.529297 0.476562 0.529297 0.478516 0.531250 0.478516 0.533203 0.480469 0.533203 0.480469 0.531250 0.478516 0.531250 0.476562 0.529297 0.476562 0.527344 0.474609 0.525391
0 0.316406 0.521484 0.316406 0.525391 0.318359 0.525391 0.322266 0.529297 0.322266 0.533203 0.326172 0.533203 0.326172 0.529297 0.324219 0.527344 0.324219 0.523438 0.322266 0.523438 0.320312 0.521484
0 0.310547 0.513672 0.310547 0.517578 0.314453 0.517578 0.314453 0.513672
0 0.632812 0.507812 0.632812 0.511719 0.634766 0.513672 0.636719 0.513672 0.640625 0.517578 0.642578 0.517578 0.644531 0.519531 0.648438 0.519531 0.650391 0.521484 0.669922 0.521484 0.671875 0.523438 0.677734 0.523438 0.679688 0.525391 0.683594 0.525391 0.685547 0.527344 0.689453 0.527344 0.691406 0.529297 0.693359 0.529297 0.695312 0.531250 0.697266 0.531250 0.699219 0.533203 0.703125 0.533203 0.705078 0.535156 0.707031 0.535156 0.708984 0.537109 0.710938 0.537109 0.714844 0.541016 0.716797 0.541016 0.718750 0.542969 0.718750 0.544922 0.720703 0.544922 0.724609 0.548828 0.724609 0.552734 0.726562 0.554688 0.726562 0.558594 0.724609 0.560547 0.724609 0.564453 0.722656 0.566406 0.722656 0.570312 0.720703 0.572266 0.720703 0.576172 0.714844 0.582031 0.714844 0.583984 0.710938 0.587891 0.708984 0.587891 0.708984 0.591797 0.714844 0.591797 0.716797 0.589844 0.716797 0.587891 0.722656 0.582031 0.722656 0.580078 0.724609 0.578125 0.724609 0.576172 0.726562 0.574219 0.726562 0.570312 0.728516 0.568359 0.728516 0.564453 0.730469 0.562500 0.730469 0.550781 0.728516 0.548828 0.728516 0.544922 0.720703 0.537109 0.718750 0.537109 0.716797 0.535156 0.716797 0.533203 0.712891 0.533203 0.710938 0.531250 0.708984 0.531250 0.707031 0.529297 0.703125 0.529297 0.701172 0.527344 0.699219 0.527344 0.697266 0.525391 0.695312 0.525391 0.693359 0.523438 0.689453 0.523438 0.687500 0.521484 0.683594 0.521484 0.681641 0.519531 0.675781 0.519531 0.673828 0.517578 0.654297 0.517578 0.652344 0.515625 0.648438 0.515625 0.646484 0.513672 0.644531 0.513672 0.640625 0.509766 0.638672 0.509766 0.636719 0.507812
0 0.837891 0.505859 0.837891 0.507812 0.833984 0.511719 0.833984 0.513672 0.832031 0.515625 0.830078 0.515625 0.830078 0.517578 0.828125 0.519531 0.828125 0.521484 0.826172 0.523438 0.824219 0.523438 0.822266 0.525391 0.822266 0.529297 0.820312 0.531250 0.818359 0.531250 0.818359 0.533203 0.816406 0.535156 0.816406 0.544922 0.814453 0.546875 0.814453 0.564453 0.818359 0.564453 0.818359 0.550781 0.820312 0.548828 0.820312 0.539062 0.822266 0.537109 0.822266 0.533203 0.824219 0.531250 0.826172 0.531250 0.826172 0.529297 0.828125 0.527344 0.828125 0.525391 0.830078 0.523438 0.832031 0.523438 0.832031 0.521484 0.833984 0.519531 0.835938 0.519531 0.835938 0.517578 0.839844 0.513672 0.839844 0.511719 0.841797 0.509766 0.843750 0.509766 0.843750 0.505859
0 0.291016 0.494141 0.291016 0.498047 0.292969 0.498047 0.294922 0.500000 0.294922 0.501953 0.296875 0.501953 0.298828 0.503906 0.298828 0.505859 0.302734 0.505859 0.304688 0.507812 0.304688 0.509766 0.308594 0.509766 0.308594 0.505859 0.304688 0.505859 0.302734 0.503906 0.302734 0.501953 0.300781 0.501953 0.298828 0.500000 0.298828 0.498047 0.296875 0.498047 0.294922 0.496094 0.294922 0.494141
0 0.283203 0.490234 0.283203 0.494141 0.287109 0.494141 0.287109 0.490234
0 0.275391 0.486328 0.275391 0.490234 0.279297 0.490234 0.279297 0.486328
0 0.847656 0.478516 0.839844 0.486328 0.837891 0.486328 0.830078 0.494141 0.828125 0.494141 0.824219 0.498047 0.822266 0.498047 0.814453 0.505859 0.812500 0.505859 0.812500 0.507812 0.810547 0.509766 0.810547 0.525391 0.806641 0.529297 0.806641 0.531250 0.804688 0.533203 0.804688 0.539062 0.802734 0.541016 0.802734 0.542969 0.798828 0.546875 0.798828 0.548828 0.789062 0.558594 0.769531 0.558594 0.769531 0.560547 0.767578 0.562500 0.765625 0.562500 0.765625 0.564453 0.763672 0.566406 0.761719 0.566406 0.761719 0.568359 0.759766 0.570312 0.759766 0.576172 0.763672 0.576172 0.763672 0.572266 0.765625 0.570312 0.767578 0.570312 0.775391 0.562500 0.792969 0.562500 0.794922 0.560547 0.796875 0.560547 0.796875 0.558594 0.804688 0.550781 0.804688 0.548828 0.806641 0.546875 0.806641 0.542969 0.808594 0.541016 0.808594 0.539062 0.810547 0.537109 0.810547 0.535156 0.812500 0.533203 0.812500 0.529297 0.814453 0.527344 0.814453 0.513672 0.820312 0.507812 0.822266 0.507812 0.822266 0.505859 0.826172 0.501953 0.828125 0.501953 0.832031 0.498047 0.833984 0.498047 0.839844 0.492188 0.841797 0.492188 0.847656 0.486328 0.849609 0.486328 0.853516 0.482422 0.855469 0.482422 0.855469 0.478516
0 0.259766 0.474609 0.259766 0.478516 0.261719 0.480469 0.265625 0.480469 0.267578 0.482422 0.267578 0.484375 0.271484 0.484375 0.271484 0.480469 0.267578 0.480469 0.265625 0.478516 0.265625 0.476562 0.263672 0.474609
0 0.347656 0.468750 0.347656 0.472656 0.351562 0.472656 0.351562 0.468750
0 0.316406 0.466797 0.316406 0.470703 0.318359 0.472656 0.324219 0.472656 0.326172 0.474609 0.326172 0.476562 0.339844 0.476562 0.341797 0.474609 0.343750 0.474609 0.343750 0.470703 0.339844 0.470703 0.337891 0.472656 0.328125 0.472656 0.326172 0.470703 0.326172 0.468750 0.322266 0.468750 0.320312 0.466797
0 0.253906 0.464844 0.253906 0.468750 0.257812 0.468750 0.257812 0.464844
0 0.369141 0.462891 0.369141 0.464844 0.367188 0.466797 0.357422 0.466797 0.357422 0.470703 0.367188 0.470703 0.367188 0.468750 0.369141 0.466797 0.373047 0.466797 0.373047 0.462891
0 0.378906 0.458984 0.378906 0.462891 0.382812 0.462891 0.382812 0.458984
0 0.345703 0.458984 0.345703 0.462891 0.349609 0.462891 0.349609 0.458984
0 0.302734 0.458984 0.302734 0.462891 0.306641 0.462891 0.308594 0.464844 0.308594 0.466797 0.312500 0.466797 0.312500 0.462891 0.308594 0.462891 0.306641 0.460938 0.306641 0.458984
0 0.337891 0.455078 0.337891 0.458984 0.341797 0.458984 0.341797 0.455078
0 0.292969 0.455078 0.292969 0.458984 0.296875 0.458984 0.296875 0.455078
0 0.248047 0.455078 0.248047 0.458984 0.251953 0.458984 0.251953 0.455078
0 0.392578 0.453125 0.392578 0.455078 0.390625 0.457031 0.386719 0.457031 0.386719 0.460938 0.390625 0.460938 0.390625 0.458984 0.392578 0.457031 0.398438 0.457031 0.398438 0.453125
0 0.281250 0.449219 0.281250 0.453125 0.285156 0.453125 0.285156 0.449219
0 0.410156 0.447266 0.408203 0.449219 0.404297 0.449219 0.402344 0.451172 0.402344 0.455078 0.406250 0.455078 0.408203 0.453125 0.410156 0.453125 0.412109 0.451172 0.427734 0.451172 0.427734 0.447266
0 0.267578 0.447266 0.267578 0.451172 0.271484 0.451172 0.271484 0.447266
0 0.253906 0.441406 0.253906 0.445312 0.257812 0.445312 0.257812 0.441406
0 0.498047 0.439453 0.498047 0.441406 0.496094 0.443359 0.496094 0.445312 0.494141 0.447266 0.492188 0.447266 0.490234 0.449219 0.490234 0.451172 0.486328 0.455078 0.484375 0.455078 0.484375 0.457031 0.476562 0.464844 0.474609 0.464844 0.474609 0.466797 0.472656 0.468750 0.470703 0.468750 0.466797 0.472656 0.466797 0.474609 0.458984 0.482422 0.455078 0.482422 0.451172 0.486328 0.443359 0.486328 0.441406 0.488281 0.439453 0.488281 0.439453 0.492188 0.443359 0.492188 0.445312 0.490234 0.453125 0.490234 0.455078 0.488281 0.458984 0.488281 0.460938 0.486328 0.462891 0.486328 0.470703 0.478516 0.470703 0.476562 0.474609 0.472656 0.476562 0.472656 0.476562 0.470703 0.478516 0.468750 0.480469 0.468750 0.488281 0.460938 0.488281 0.458984 0.490234 0.457031 0.492188 0.457031 0.494141 0.455078 0.494141 0.453125 0.496094 0.451172 0.498047 0.451172 0.498047 0.449219 0.501953 0.445312 0.501953 0.439453
0 0.029297 0.435547 0.029297 0.443359 0.035156 0.443359 0.035156 0.439453 0.033203 0.437500 0.033203 0.435547
0 0.234375 0.433594 0.234375 0.437500 0.238281 0.441406 0.238281 0.443359 0.240234 0.443359 0.242188 0.445312 0.242188 0.447266 0.246094 0.447266 0.246094 0.437500 0.242188 0.437500 0.238281 0.433594
0 0.029297 0.427734 0.029297 0.431641 0.033203 0.431641 0.033203 0.427734
0 0.052734 0.419922 0.052734 0.423828 0.056641 0.423828 0.056641 0.419922
0 0.029297 0.417969 0.029297 0.421875 0.033203 0.421875 0.033203 0.417969
0 0.064453 0.414062 0.064453 0.431641 0.062500 0.433594 0.062500 0.439453 0.060547 0.441406 0.058594 0.441406 0.056641 0.439453 0.056641 0.431641 0.052734 0.431641 0.052734 0.445312 0.054688 0.447266 0.054688 0.449219 0.060547 0.449219 0.060547 0.447266 0.062500 0.445312 0.062500 0.443359 0.064453 0.441406 0.066406 0.441406 0.066406 0.433594 0.068359 0.431641 0.068359 0.414062
0 0.052734 0.412109 0.052734 0.416016 0.056641 0.416016 0.056641 0.412109
0 0.031250 0.408203 0.031250 0.412109 0.035156 0.412109 0.035156 0.408203
0 0.460938 0.404297 0.460938 0.408203 0.462891 0.408203 0.464844 0.410156 0.470703 0.410156 0.480469 0.419922 0.476562 0.423828 0.476562 0.425781 0.474609 0.427734 0.472656 0.427734 0.453125 0.447266 0.453125 0.449219 0.441406 0.460938 0.441406 0.462891 0.439453 0.464844 0.437500 0.464844 0.429688 0.472656 0.427734 0.472656 0.425781 0.474609 0.421875 0.474609 0.410156 0.486328 0.410156 0.488281 0.406250 0.492188 0.406250 0.496094 0.410156 0.496094 0.414062 0.492188 0.414062 0.490234 0.427734 0.476562 0.431641 0.476562 0.433594 0.474609 0.435547 0.474609 0.439453 0.470703 0.441406 0.470703 0.441406 0.466797 0.443359 0.464844 0.445312 0.464844 0.455078 0.455078 0.455078 0.453125 0.478516 0.429688 0.480469 0.429688 0.480469 0.427734 0.484375 0.423828 0.484375 0.414062 0.482422 0.414062 0.478516 0.410156 0.478516 0.408203 0.476562 0.408203 0.474609 0.406250 0.468750 0.406250 0.466797 0.404297
0 0.054688 0.404297 0.054688 0.408203 0.058594 0.408203 0.058594 0.404297
0 0.369141 0.402344 0.369141 0.406250 0.371094 0.406250 0.373047 0.408203 0.375000 0.408203 0.378906 0.412109 0.378906 0.414062 0.380859 0.416016 0.380859 0.417969 0.378906 0.419922 0.376953 0.419922 0.376953 0.421875 0.375000 0.423828 0.373047 0.423828 0.373047 0.425781 0.369141 0.429688 0.367188 0.429688 0.363281 0.433594 0.359375 0.433594 0.357422 0.435547 0.353516 0.435547 0.351562 0.437500 0.349609 0.437500 0.349609 0.441406 0.355469 0.441406 0.357422 0.439453 0.361328 0.439453 0.363281 0.437500 0.365234 0.437500 0.367188 0.435547 0.369141 0.435547 0.373047 0.431641 0.375000 0.431641 0.375000 0.429688 0.378906 0.425781 0.380859 0.425781 0.380859 0.423828 0.382812 0.421875 0.384766 0.421875 0.384766 0.410156 0.382812 0.410156 0.380859 0.408203 0.380859 0.406250 0.378906 0.406250 0.375000 0.402344
0 0.357422 0.400391 0.357422 0.404297 0.365234 0.404297 0.365234 0.400391
0 0.347656 0.400391 0.347656 0.404297 0.351562 0.404297 0.351562 0.400391
0 0.031250 0.400391 0.031250 0.404297 0.035156 0.404297 0.035156 0.400391
0 0.054688 0.394531 0.054688 0.398438 0.058594 0.398438 0.058594 0.394531
0 0.208984 0.392578 0.207031 0.394531 0.197266 0.394531 0.195312 0.396484 0.181641 0.396484 0.179688 0.398438 0.169922 0.398438 0.169922 0.400391 0.167969 0.402344 0.166016 0.402344 0.166016 0.404297 0.160156 0.410156 0.160156 0.412109 0.156250 0.416016 0.154297 0.416016 0.152344 0.417969 0.152344 0.419922 0.150391 0.421875 0.150391 0.423828 0.136719 0.437500 0.134766 0.437500 0.132812 0.439453 0.132812 0.441406 0.130859 0.443359 0.130859 0.445312 0.125000 0.451172 0.125000 0.457031 0.128906 0.457031 0.128906 0.455078 0.132812 0.451172 0.132812 0.449219 0.134766 0.447266 0.134766 0.445312 0.140625 0.439453 0.142578 0.439453 0.152344 0.429688 0.152344 0.427734 0.154297 0.425781 0.154297 0.423828 0.160156 0.417969 0.162109 0.417969 0.164062 0.416016 0.164062 0.414062 0.167969 0.410156 0.167969 0.408203 0.169922 0.406250 0.169922 0.404297 0.171875 0.402344 0.181641 0.402344 0.183594 0.400391 0.197266 0.400391 0.199219 0.398438 0.210938 0.398438 0.212891 0.396484 0.218750 0.396484 0.222656 0.400391 0.224609 0.400391 0.226562 0.402344 0.228516 0.402344 0.232422 0.406250 0.232422 0.408203 0.234375 0.408203 0.236328 0.410156 0.238281 0.410156 0.240234 0.412109 0.242188 0.412109 0.244141 0.414062 0.250000 0.414062 0.251953 0.416016 0.253906 0.416016 0.255859 0.417969 0.259766 0.417969 0.261719 0.419922 0.263672 0.419922 0.265625 0.421875 0.267578 0.421875 0.269531 0.423828 0.269531 0.425781 0.271484 0.427734 0.271484 0.429688 0.273438 0.429688 0.277344 0.433594 0.279297 0.433594 0.285156 0.439453 0.294922 0.439453 0.296875 0.441406 0.306641 0.441406 0.308594 0.443359 0.312500 0.443359 0.318359 0.449219 0.320312 0.449219 0.322266 0.451172 0.324219 0.451172 0.326172 0.453125 0.328125 0.453125 0.330078 0.455078 0.333984 0.455078 0.333984 0.451172 0.332031 0.451172 0.330078 0.449219 0.328125 0.449219 0.326172 0.447266 0.326172 0.445312 0.324219 0.445312 0.322266 0.443359 0.320312 0.443359 0.316406 0.439453 0.312500 0.439453 0.310547 0.437500 0.302734 0.437500 0.300781 0.435547 0.289062 0.435547 0.285156 0.431641 0.283203 0.431641 0.275391 0.423828 0.275391 0.421875 0.273438 0.421875 0.271484 0.419922 0.271484 0.417969 0.269531 0.416016 0.265625 0.416016 0.263672 0.414062 0.257812 0.414062 0.255859 0.412109 0.253906 0.412109 0.251953 0.410156 0.248047 0.410156 0.246094 0.408203 0.242188 0.408203 0.240234 0.406250 0.238281 0.406250 0.236328 0.404297 0.236328 0.402344 0.234375 0.400391 0.232422 0.400391 0.230469 0.398438 0.228516 0.398438 0.222656 0.392578
0 0.033203 0.392578 0.033203 0.396484 0.037109 0.396484 0.037109 0.392578
0 0.316406 0.375000 0.316406 0.376953 0.314453 0.378906 0.312500 0.378906 0.312500 0.380859 0.308594 0.384766 0.306641 0.384766 0.306641 0.386719 0.304688 0.388672 0.304688 0.390625 0.302734 0.392578 0.302734 0.396484 0.306641 0.396484 0.306641 0.394531 0.308594 0.392578 0.308594 0.390625 0.312500 0.386719 0.314453 0.386719 0.314453 0.384766 0.316406 0.382812 0.318359 0.382812 0.320312 0.380859 0.322266 0.382812 0.324219 0.382812 0.326172 0.384766 0.326172 0.392578 0.328125 0.394531 0.328125 0.398438 0.330078 0.400391 0.332031 0.400391 0.335938 0.404297 0.343750 0.404297 0.343750 0.400391 0.339844 0.400391 0.337891 0.398438 0.335938 0.398438 0.330078 0.392578 0.330078 0.384766 0.328125 0.384766 0.326172 0.382812 0.326172 0.378906 0.322266 0.375000
0 0.041016 0.373047 0.039062 0.375000 0.037109 0.375000 0.037109 0.378906 0.035156 0.380859 0.035156 0.384766 0.039062 0.384766 0.039062 0.380859 0.042969 0.376953 0.044922 0.376953 0.044922 0.373047
0 0.044922 0.365234 0.044922 0.369141 0.046875 0.369141 0.048828 0.371094 0.048828 0.373047 0.050781 0.375000 0.050781 0.376953 0.052734 0.378906 0.052734 0.380859 0.054688 0.382812 0.054688 0.386719 0.058594 0.386719 0.058594 0.382812 0.056641 0.380859 0.056641 0.376953 0.054688 0.375000 0.054688 0.373047 0.052734 0.371094 0.052734 0.369141 0.050781 0.367188 0.050781 0.365234
0 0.382812 0.324219 0.380859 0.326172 0.355469 0.326172 0.353516 0.328125 0.349609 0.328125 0.347656 0.330078 0.343750 0.330078 0.337891 0.335938 0.320312 0.335938 0.318359 0.333984 0.306641 0.333984 0.306641 0.335938 0.304688 0.337891 0.302734 0.337891 0.300781 0.339844 0.298828 0.339844 0.296875 0.341797 0.296875 0.343750 0.294922 0.345703 0.294922 0.347656 0.287109 0.355469 0.287109 0.357422 0.285156 0.359375 0.285156 0.367188 0.289062 0.367188 0.289062 0.361328 0.298828 0.351562 0.298828 0.349609 0.306641 0.341797 0.308594 0.341797 0.312500 0.337891 0.316406 0.337891 0.318359 0.339844 0.341797 0.339844 0.343750 0.337891 0.345703 0.337891 0.345703 0.335938 0.347656 0.333984 0.353516 0.333984 0.355469 0.332031 0.357422 0.332031 0.359375 0.330078 0.384766 0.330078 0.386719 0.328125 0.388672 0.330078 0.390625 0.330078 0.392578 0.332031 0.394531 0.332031 0.404297 0.341797 0.406250 0.341797 0.408203 0.343750 0.408203 0.347656 0.412109 0.347656 0.412109 0.341797 0.410156 0.339844 0.410156 0.337891 0.408203 0.337891 0.400391 0.330078 0.398438 0.330078 0.394531 0.326172 0.392578 0.326172 0.390625 0.324219
0 0.164062 0.259766 0.164062 0.265625 0.162109 0.267578 0.162109 0.271484 0.160156 0.273438 0.160156 0.275391 0.158203 0.277344 0.158203 0.279297 0.154297 0.283203 0.154297 0.285156 0.152344 0.287109 0.152344 0.289062 0.150391 0.291016 0.150391 0.292969 0.148438 0.294922 0.148438 0.298828 0.146484 0.300781 0.146484 0.304688 0.144531 0.306641 0.144531 0.308594 0.140625 0.312500 0.140625 0.314453 0.138672 0.316406 0.136719 0.316406 0.134766 0.318359 0.134766 0.320312 0.132812 0.322266 0.130859 0.320312 0.130859 0.318359 0.126953 0.314453 0.126953 0.312500 0.125000 0.310547 0.125000 0.308594 0.123047 0.306641 0.123047 0.304688 0.121094 0.302734 0.121094 0.300781 0.115234 0.300781 0.115234 0.304688 0.119141 0.308594 0.119141 0.310547 0.123047 0.314453 0.123047 0.316406 0.125000 0.318359 0.125000 0.320312 0.126953 0.322266 0.126953 0.326172 0.136719 0.326172 0.136719 0.324219 0.140625 0.320312 0.142578 0.320312 0.142578 0.318359 0.146484 0.314453 0.146484 0.312500 0.150391 0.308594 0.150391 0.304688 0.152344 0.302734 0.152344 0.298828 0.154297 0.296875 0.154297 0.294922 0.156250 0.292969 0.156250 0.291016 0.158203 0.289062 0.158203 0.287109 0.164062 0.281250 0.164062 0.275391 0.167969 0.271484 0.167969 0.259766
0 0.152344 0.251953 0.152344 0.261719 0.150391 0.263672 0.150391 0.265625 0.148438 0.267578 0.148438 0.275391 0.152344 0.275391 0.152344 0.269531 0.154297 0.267578 0.156250 0.267578 0.156250 0.251953
0 0.132812 0.205078 0.132812 0.208984 0.134766 0.210938 0.134766 0.214844 0.136719 0.216797 0.136719 0.218750 0.138672 0.220703 0.138672 0.224609 0.140625 0.224609 0.142578 0.226562 0.142578 0.228516 0.144531 0.228516 0.146484 0.230469 0.146484 0.232422 0.148438 0.234375 0.148438 0.238281 0.150391 0.240234 0.150391 0.244141 0.154297 0.244141 0.154297 0.240234 0.152344 0.238281 0.152344 0.234375 0.150391 0.232422 0.150391 0.228516 0.148438 0.228516 0.146484 0.226562 0.146484 0.224609 0.144531 0.224609 0.142578 0.222656 0.142578 0.218750 0.140625 0.216797 0.140625 0.214844 0.138672 0.212891 0.138672 0.205078
0 0.412109 0.197266 0.412109 0.199219 0.410156 0.201172 0.408203 0.201172 0.408203 0.210938 0.406250 0.212891 0.406250 0.214844 0.404297 0.216797 0.404297 0.220703 0.402344 0.222656 0.400391 0.222656 0.400391 0.224609 0.398438 0.226562 0.398438 0.230469 0.402344 0.230469 0.402344 0.228516 0.404297 0.226562 0.404297 0.222656 0.406250 0.220703 0.408203 0.220703 0.408203 0.218750 0.410156 0.216797 0.410156 0.212891 0.412109 0.210938 0.412109 0.203125 0.414062 0.201172 0.416016 0.201172 0.416016 0.197266
0 0.439453 0.160156 0.439453 0.164062 0.437500 0.166016 0.433594 0.166016 0.433594 0.169922 0.431641 0.171875 0.429688 0.171875 0.429688 0.173828 0.427734 0.175781 0.425781 0.175781 0.423828 0.177734 0.423828 0.179688 0.421875 0.181641 0.421875 0.183594 0.419922 0.185547 0.417969 0.185547 0.417969 0.187500 0.416016 0.189453 0.414062 0.189453 0.414062 0.193359 0.417969 0.193359 0.417969 0.191406 0.419922 0.189453 0.421875 0.189453 0.421875 0.187500 0.423828 0.185547 0.425781 0.185547 0.425781 0.183594 0.429688 0.179688 0.429688 0.177734 0.431641 0.175781 0.433594 0.175781 0.433594 0.171875 0.435547 0.169922 0.439453 0.169922 0.439453 0.167969 0.441406 0.166016 0.443359 0.166016 0.445312 0.164062 0.445312 0.160156
0 0.546875 0.056641 0.546875 0.060547 0.552734 0.060547 0.554688 0.062500 0.562500 0.062500 0.564453 0.064453 0.566406 0.064453 0.568359 0.066406 0.572266 0.066406 0.572266 0.060547 0.566406 0.060547 0.564453 0.058594 0.556641 0.058594 0.554688 0.056641
0 0.533203 0.054688 0.533203 0.058594 0.542969 0.058594 0.542969 0.054688
0 0.519531 0.050781 0.519531 0.054688 0.523438 0.054688 0.525391 0.056641 0.529297 0.056641 0.529297 0.052734 0.525391 0.052734 0.523438 0.050781
0 0.511719 0.048828 0.511719 0.052734 0.515625 0.052734 0.515625 0.048828
0 0.519531 0.013672 0.519531 0.017578 0.517578 0.019531 0.515625 0.019531 0.515625 0.023438 0.513672 0.025391 0.511719 0.025391 0.509766 0.027344 0.509766 0.031250 0.507812 0.033203 0.505859 0.033203 0.503906 0.035156 0.503906 0.039062 0.501953 0.041016 0.500000 0.039062 0.484375 0.039062 0.482422 0.041016 0.480469 0.041016 0.480469 0.042969 0.478516 0.044922 0.476562 0.044922 0.476562 0.046875 0.470703 0.052734 0.470703 0.056641 0.474609 0.056641 0.478516 0.052734 0.478516 0.050781 0.480469 0.048828 0.484375 0.048828 0.484375 0.044922 0.486328 0.042969 0.496094 0.042969 0.501953 0.048828 0.507812 0.048828 0.507812 0.044922 0.505859 0.044922 0.501953 0.041016 0.503906 0.039062 0.509766 0.039062 0.509766 0.037109 0.511719 0.035156 0.513672 0.035156 0.513672 0.031250 0.517578 0.027344 0.519531 0.027344 0.519531 0.021484 0.521484 0.019531 0.523438 0.019531 0.523438 0.013672
0 0.453125 0.013672 0.453125 0.017578 0.455078 0.019531 0.457031 0.019531 0.458984 0.021484 0.458984 0.023438 0.462891 0.023438 0.464844 0.025391 0.464844 0.027344 0.470703 0.033203 0.470703 0.035156 0.474609 0.035156 0.474609 0.029297 0.468750 0.023438 0.464844 0.023438 0.462891 0.021484 0.462891 0.019531 0.460938 0.019531 0.458984 0.017578 0.458984 0.013672