0 0.675781 0.869141 0.675781 0.876953 0.673828 0.878906 0.671875 0.878906 0.671875 0.886719 0.669922 0.888672 0.666016 0.888672 0.666016 0.890625 0.664062 0.892578 0.662109 0.892578 0.662109 0.896484 0.660156 0.898438 0.660156 0.904297 0.658203 0.906250 0.652344 0.906250 0.652344 0.925781 0.654297 0.925781 0.656250 0.927734 0.656250 0.935547 0.666016 0.935547 0.666016 0.919922 0.664062 0.919922 0.662109 0.917969 0.662109 0.910156 0.664062 0.908203 0.669922 0.908203 0.669922 0.904297 0.671875 0.902344 0.671875 0.900391 0.673828 0.898438 0.675781 0.898438 0.675781 0.890625 0.677734 0.888672 0.681641 0.888672 0.681641 0.880859 0.683594 0.878906 0.685547 0.878906 0.685547 0.869141
0 0.683594 0.849609 0.683594 0.859375 0.693359 0.859375 0.693359 0.849609
0 0.685547 0.816406 0.685547 0.833984 0.683594 0.835938 0.683594 0.845703 0.693359 0.845703 0.693359 0.837891 0.695312 0.835938 0.695312 0.816406
0 0.683594 0.798828 0.683594 0.808594 0.693359 0.808594 0.693359 0.798828
0 0.671875 0.775391 0.671875 0.785156 0.681641 0.785156 0.681641 0.775391
0 0.646484 0.732422 0.646484 0.742188 0.648438 0.742188 0.650391 0.744141 0.650391 0.746094 0.654297 0.746094 0.656250 0.748047 0.656250 0.751953 0.660156 0.751953 0.662109 0.753906 0.662109 0.759766 0.664062 0.759766 0.666016 0.761719 0.666016 0.769531 0.675781 0.769531 0.675781 0.759766 0.673828 0.759766 0.671875 0.757812 0.671875 0.750000 0.667969 0.750000 0.666016 0.748047 0.666016 0.742188 0.662109 0.742188 0.660156 0.740234 0.660156 0.732422
0 0.607422 0.689453 0.607422 0.699219 0.605469 0.701172 0.603516 0.701172 0.603516 0.726562 0.613281 0.726562 0.613281 0.701172 0.615234 0.699219 0.617188 0.699219 0.617188 0.689453
0 0.615234 0.667969 0.615234 0.677734 0.625000 0.677734 0.625000 0.667969
0 0.748047 0.654297 0.748047 0.658203 0.746094 0.660156 0.742188 0.660156 0.742188 0.664062 0.740234 0.666016 0.738281 0.666016 0.738281 0.667969 0.736328 0.669922 0.734375 0.669922 0.734375 0.671875 0.732422 0.673828 0.722656 0.673828 0.720703 0.671875 0.720703 0.669922 0.716797 0.669922 0.714844 0.667969 0.712891 0.667969 0.710938 0.666016 0.710938 0.662109 0.707031 0.662109 0.705078 0.660156 0.705078 0.656250 0.695312 0.656250 0.695312 0.666016 0.699219 0.666016 0.701172 0.667969 0.701172 0.671875 0.703125 0.671875 0.705078 0.673828 0.705078 0.677734 0.708984 0.677734 0.710938 0.679688 0.714844 0.679688 0.716797 0.681641 0.716797 0.683594 0.738281 0.683594 0.738281 0.681641 0.740234 0.679688 0.744141 0.679688 0.744141 0.677734 0.746094 0.675781 0.748047 0.675781 0.748047 0.671875 0.750000 0.669922 0.751953 0.669922 0.751953 0.667969 0.753906 0.666016 0.757812 0.666016 0.757812 0.654297
0 0.623047 0.654297 0.623047 0.664062 0.632812 0.664062 0.632812 0.654297
0 0.654297 0.626953 0.652344 0.628906 0.648438 0.628906 0.648438 0.632812 0.646484 0.634766 0.642578 0.634766 0.642578 0.638672 0.640625 0.640625 0.630859 0.640625 0.630859 0.650391 0.640625 0.650391 0.640625 0.646484 0.642578 0.644531 0.652344 0.644531 0.652344 0.640625 0.654297 0.638672 0.658203 0.638672 0.660156 0.636719 0.662109 0.638672 0.662109 0.642578 0.667969 0.642578 0.669922 0.644531 0.669922 0.646484 0.679688 0.646484 0.681641 0.648438 0.681641 0.658203 0.691406 0.658203 0.691406 0.648438 0.681641 0.648438 0.679688 0.646484 0.679688 0.636719 0.673828 0.636719 0.671875 0.634766 0.671875 0.632812 0.667969 0.632812 0.666016 0.630859 0.666016 0.626953
0 0.931641 0.455078 0.927734 0.458984 0.925781 0.458984 0.925781 0.460938 0.923828 0.462891 0.921875 0.462891 0.921875 0.464844 0.919922 0.466797 0.919922 0.468750 0.917969 0.470703 0.916016 0.470703 0.916016 0.472656 0.914062 0.474609 0.912109 0.474609 0.912109 0.484375 0.910156 0.486328 0.908203 0.486328 0.908203 0.492188 0.906250 0.494141 0.904297 0.494141 0.904297 0.500000 0.902344 0.501953 0.900391 0.501953 0.900391 0.507812 0.898438 0.509766 0.898438 0.511719 0.896484 0.513672 0.896484 0.515625 0.890625 0.521484 0.890625 0.525391 0.888672 0.527344 0.886719 0.527344 0.884766 0.529297 0.882812 0.529297 0.882812 0.531250 0.880859 0.533203 0.876953 0.533203 0.875000 0.535156 0.875000 0.537109 0.873047 0.539062 0.871094 0.539062 0.871094 0.541016 0.869141 0.542969 0.867188 0.542969 0.865234 0.544922 0.863281 0.544922 0.863281 0.546875 0.859375 0.550781 0.849609 0.550781 0.847656 0.548828 0.847656 0.546875 0.845703 0.546875 0.841797 0.542969 0.841797 0.541016 0.839844 0.541016 0.837891 0.539062 0.837891 0.537109 0.835938 0.537109 0.832031 0.533203 0.832031 0.529297 0.830078 0.529297 0.828125 0.527344 0.828125 0.525391 0.826172 0.523438 0.826172 0.517578 0.828125 0.515625 0.828125 0.488281 0.816406 0.488281 0.816406 0.500000 0.818359 0.501953 0.818359 0.507812 0.816406 0.509766 0.816406 0.531250 0.818359 0.533203 0.818359 0.537109 0.820312 0.537109 0.822266 0.539062 0.822266 0.542969 0.824219 0.544922 0.826172 0.544922 0.828125 0.546875 0.830078 0.546875 0.832031 0.548828 0.832031 0.550781 0.833984 0.552734 0.833984 0.554688 0.835938 0.554688 0.837891 0.556641 0.839844 0.556641 0.841797 0.558594 0.841797 0.560547 0.867188 0.560547 0.869141 0.558594 0.871094 0.558594 0.871094 0.556641 0.875000 0.552734 0.876953 0.552734 0.876953 0.550781 0.878906 0.548828 0.880859 0.548828 0.880859 0.546875 0.882812 0.544922 0.884766 0.544922 0.886719 0.542969 0.886719 0.541016 0.888672 0.539062 0.892578 0.539062 0.894531 0.537109 0.896484 0.537109 0.896484 0.535156 0.898438 0.533203 0.900391 0.533203 0.904297 0.529297 0.904297 0.525391 0.906250 0.523438 0.906250 0.521484 0.908203 0.519531 0.908203 0.513672 0.910156 0.511719 0.910156 0.505859 0.912109 0.503906 0.914062 0.503906 0.914062 0.498047 0.916016 0.496094 0.917969 0.496094 0.917969 0.492188 0.919922 0.490234 0.921875 0.490234 0.921875 0.482422 0.923828 0.480469 0.925781 0.480469 0.925781 0.478516 0.927734 0.476562 0.929688 0.476562 0.929688 0.474609 0.931641 0.472656 0.931641 0.470703 0.933594 0.468750 0.935547 0.468750 0.937500 0.466797 0.939453 0.466797 0.941406 0.464844 0.953125 0.464844 0.953125 0.455078
0 0.701172 0.402344 0.699219 0.404297 0.699219 0.406250 0.697266 0.408203 0.697266 0.419922 0.695312 0.421875 0.695312 0.451172 0.693359 0.453125 0.693359 0.472656 0.691406 0.474609 0.691406 0.482422 0.685547 0.488281 0.683594 0.488281 0.681641 0.490234 0.679688 0.490234 0.679688 0.492188 0.675781 0.496094 0.675781 0.498047 0.673828 0.500000 0.671875 0.500000 0.671875 0.507812 0.669922 0.509766 0.667969 0.509766 0.667969 0.511719 0.666016 0.513672 0.664062 0.513672 0.664062 0.521484 0.662109 0.523438 0.662109 0.535156 0.658203 0.539062 0.652344 0.539062 0.650391 0.537109 0.644531 0.537109 0.642578 0.535156 0.628906 0.535156 0.628906 0.537109 0.625000 0.541016 0.625000 0.542969 0.623047 0.544922 0.619141 0.544922 0.619141 0.546875 0.617188 0.548828 0.611328 0.548828 0.611328 0.550781 0.609375 0.552734 0.605469 0.552734 0.605469 0.554688 0.603516 0.556641 0.601562 0.556641 0.599609 0.558594 0.595703 0.558594 0.593750 0.560547 0.591797 0.560547 0.589844 0.562500 0.582031 0.562500 0.580078 0.564453 0.572266 0.564453 0.570312 0.562500 0.558594 0.562500 0.554688 0.566406 0.550781 0.566406 0.548828 0.568359 0.546875 0.568359 0.546875 0.570312 0.544922 0.572266 0.544922 0.574219 0.542969 0.576172 0.541016 0.576172 0.537109 0.580078 0.537109 0.589844 0.546875 0.589844 0.550781 0.585938 0.550781 0.583984 0.552734 0.582031 0.554688 0.582031 0.554688 0.580078 0.558594 0.576172 0.560547 0.576172 0.562500 0.574219 0.589844 0.574219 0.591797 0.572266 0.597656 0.572266 0.599609 0.570312 0.601562 0.570312 0.603516 0.568359 0.605469 0.568359 0.607422 0.566406 0.611328 0.566406 0.611328 0.564453 0.613281 0.562500 0.615234 0.562500 0.615234 0.560547 0.617188 0.558594 0.621094 0.558594 0.621094 0.556641 0.623047 0.554688 0.628906 0.554688 0.628906 0.552734 0.630859 0.550781 0.634766 0.550781 0.638672 0.546875 0.642578 0.546875 0.644531 0.548828 0.669922 0.548828 0.671875 0.546875 0.671875 0.531250 0.673828 0.529297 0.673828 0.521484 0.675781 0.519531 0.677734 0.519531 0.677734 0.513672 0.679688 0.511719 0.681641 0.511719 0.681641 0.507812 0.683594 0.505859 0.685547 0.505859 0.687500 0.503906 0.687500 0.501953 0.691406 0.498047 0.693359 0.498047 0.695312 0.496094 0.697266 0.496094 0.701172 0.492188 0.701172 0.482422 0.703125 0.480469 0.703125 0.462891 0.705078 0.460938 0.705078 0.431641 0.707031 0.429688 0.707031 0.417969 0.710938 0.414062 0.724609 0.414062 0.728516 0.417969 0.730469 0.417969 0.732422 0.419922 0.732422 0.421875 0.734375 0.423828 0.738281 0.423828 0.740234 0.425781 0.740234 0.427734 0.742188 0.429688 0.757812 0.429688 0.757812 0.419922 0.751953 0.419922 0.750000 0.417969 0.746094 0.417969 0.744141 0.416016 0.744141 0.414062 0.742188 0.412109 0.740234 0.412109 0.738281 0.410156 0.738281 0.408203 0.734375 0.404297 0.716797 0.404297 0.714844 0.402344
0 0.318359 0.273438 0.318359 0.296875 0.320312 0.298828 0.320312 0.306641 0.322266 0.308594 0.322266 0.314453 0.326172 0.318359 0.326172 0.322266 0.328125 0.322266 0.332031 0.326172 0.333984 0.326172 0.335938 0.328125 0.335938 0.332031 0.339844 0.332031 0.341797 0.333984 0.341797 0.335938 0.343750 0.337891 0.345703 0.337891 0.349609 0.341797 0.351562 0.341797 0.353516 0.343750 0.353516 0.345703 0.357422 0.349609 0.359375 0.349609 0.361328 0.351562 0.361328 0.357422 0.363281 0.357422 0.365234 0.359375 0.365234 0.363281 0.367188 0.363281 0.369141 0.365234 0.369141 0.369141 0.371094 0.371094 0.371094 0.373047 0.375000 0.376953 0.375000 0.380859 0.376953 0.382812 0.398438 0.382812 0.402344 0.378906 0.404297 0.378906 0.406250 0.376953 0.406250 0.375000 0.408203 0.373047 0.410156 0.373047 0.412109 0.371094 0.414062 0.371094 0.416016 0.369141 0.419922 0.369141 0.421875 0.371094 0.425781 0.371094 0.427734 0.373047 0.429688 0.373047 0.431641 0.375000 0.453125 0.375000 0.455078 0.373047 0.457031 0.373047 0.458984 0.371094 0.462891 0.371094 0.464844 0.369141 0.470703 0.369141 0.472656 0.367188 0.474609 0.367188 0.474609 0.363281 0.478516 0.359375 0.484375 0.359375 0.486328 0.361328 0.494141 0.361328 0.496094 0.363281 0.496094 0.367188 0.529297 0.367188 0.529297 0.365234 0.533203 0.361328 0.535156 0.361328 0.537109 0.359375 0.539062 0.359375 0.541016 0.357422 0.546875 0.357422 0.546875 0.355469 0.548828 0.353516 0.554688 0.353516 0.556641 0.351562 0.566406 0.351562 0.568359 0.349609 0.572266 0.349609 0.574219 0.347656 0.576172 0.349609 0.576172 0.351562 0.578125 0.353516 0.587891 0.353516 0.587891 0.343750 0.585938 0.341797 0.582031 0.341797 0.580078 0.339844 0.580078 0.337891 0.564453 0.337891 0.562500 0.339844 0.558594 0.339844 0.556641 0.341797 0.546875 0.341797 0.544922 0.343750 0.541016 0.343750 0.541016 0.345703 0.539062 0.347656 0.533203 0.347656 0.531250 0.349609 0.529297 0.349609 0.527344 0.351562 0.525391 0.351562 0.523438 0.353516 0.521484 0.353516 0.521484 0.355469 0.519531 0.357422 0.503906 0.357422 0.501953 0.355469 0.501953 0.351562 0.494141 0.351562 0.492188 0.349609 0.490234 0.349609 0.488281 0.347656 0.474609 0.347656 0.470703 0.351562 0.466797 0.351562 0.466797 0.355469 0.462891 0.359375 0.460938 0.359375 0.458984 0.361328 0.453125 0.361328 0.451172 0.363281 0.447266 0.363281 0.445312 0.365234 0.439453 0.365234 0.437500 0.363281 0.433594 0.363281 0.431641 0.361328 0.429688 0.361328 0.425781 0.357422 0.408203 0.357422 0.402344 0.363281 0.400391 0.363281 0.400391 0.365234 0.398438 0.367188 0.396484 0.367188 0.392578 0.371094 0.390625 0.371094 0.388672 0.373047 0.386719 0.373047 0.384766 0.371094 0.384766 0.369141 0.382812 0.367188 0.382812 0.365234 0.378906 0.361328 0.378906 0.359375 0.376953 0.359375 0.375000 0.357422 0.375000 0.351562 0.373047 0.351562 0.371094 0.349609 0.371094 0.343750 0.369141 0.343750 0.367188 0.341797 0.367188 0.339844 0.363281 0.335938 0.361328 0.335938 0.359375 0.333984 0.359375 0.332031 0.357422 0.330078 0.355469 0.330078 0.351562 0.326172 0.349609 0.326172 0.347656 0.324219 0.347656 0.322266 0.343750 0.322266 0.341797 0.320312 0.341797 0.316406 0.333984 0.308594 0.333984 0.306641 0.332031 0.304688 0.332031 0.300781 0.330078 0.298828 0.330078 0.292969 0.328125 0.291016 0.328125 0.273438
0 0.603516 0.207031 0.603516 0.210938 0.601562 0.212891 0.595703 0.212891 0.595703 0.224609 0.593750 0.226562 0.593750 0.228516 0.591797 0.230469 0.589844 0.230469 0.589844 0.232422 0.587891 0.234375 0.585938 0.234375 0.585938 0.242188 0.583984 0.244141 0.582031 0.244141 0.582031 0.251953 0.580078 0.253906 0.576172 0.253906 0.576172 0.267578 0.574219 0.269531 0.570312 0.269531 0.570312 0.281250 0.568359 0.283203 0.566406 0.283203 0.566406 0.285156 0.564453 0.287109 0.562500 0.287109 0.562500 0.291016 0.560547 0.292969 0.556641 0.292969 0.556641 0.300781 0.554688 0.302734 0.548828 0.302734 0.548828 0.304688 0.546875 0.306641 0.542969 0.306641 0.542969 0.308594 0.541016 0.310547 0.537109 0.310547 0.537109 0.312500 0.535156 0.314453 0.533203 0.314453 0.533203 0.318359 0.531250 0.320312 0.486328 0.320312 0.486328 0.322266 0.484375 0.324219 0.480469 0.324219 0.478516 0.326172 0.431641 0.326172 0.429688 0.324219 0.427734 0.324219 0.425781 0.322266 0.425781 0.320312 0.410156 0.320312 0.410156 0.330078 0.417969 0.330078 0.419922 0.332031 0.419922 0.333984 0.427734 0.333984 0.429688 0.335938 0.482422 0.335938 0.484375 0.333984 0.490234 0.333984 0.490234 0.332031 0.492188 0.330078 0.537109 0.330078 0.537109 0.326172 0.539062 0.324219 0.542969 0.324219 0.542969 0.322266 0.544922 0.320312 0.546875 0.320312 0.546875 0.318359 0.548828 0.316406 0.552734 0.316406 0.552734 0.314453 0.554688 0.312500 0.558594 0.312500 0.558594 0.308594 0.560547 0.306641 0.566406 0.306641 0.566406 0.298828 0.568359 0.296875 0.572266 0.296875 0.572266 0.294922 0.574219 0.292969 0.580078 0.292969 0.580078 0.271484 0.582031 0.269531 0.585938 0.269531 0.585938 0.261719 0.587891 0.259766 0.591797 0.259766 0.591797 0.251953 0.593750 0.250000 0.595703 0.250000 0.595703 0.242188 0.597656 0.240234 0.599609 0.240234 0.599609 0.238281 0.601562 0.236328 0.603516 0.236328 0.603516 0.232422 0.605469 0.230469 0.605469 0.224609 0.607422 0.222656 0.609375 0.222656 0.609375 0.218750 0.611328 0.216797 0.623047 0.216797 0.623047 0.207031