0 0.330078 0.898438 0.330078 0.902344 0.333984 0.902344 0.335938 0.904297 0.335938 0.906250 0.339844 0.906250 0.341797 0.908203 0.341797 0.912109 0.343750 0.912109 0.345703 0.914062 0.345703 0.916016 0.347656 0.917969 0.361328 0.917969 0.361328 0.914062 0.351562 0.914062 0.349609 0.912109 0.347656 0.912109 0.345703 0.910156 0.345703 0.908203 0.341797 0.908203 0.339844 0.906250 0.339844 0.902344 0.335938 0.902344 0.333984 0.900391 0.333984 0.898438
0 0.322266 0.894531 0.322266 0.898438 0.326172 0.898438 0.326172 0.894531
0 0.314453 0.892578 0.314453 0.896484 0.318359 0.896484 0.318359 0.892578
0 0.279297 0.843750 0.279297 0.851562 0.281250 0.851562 0.283203 0.853516 0.283203 0.865234 0.285156 0.867188 0.285156 0.869141 0.291016 0.875000 0.291016 0.876953 0.292969 0.878906 0.294922 0.878906 0.296875 0.880859 0.296875 0.882812 0.298828 0.882812 0.302734 0.886719 0.302734 0.888672 0.304688 0.888672 0.306641 0.890625 0.310547 0.890625 0.310547 0.886719 0.308594 0.886719 0.304688 0.882812 0.304688 0.880859 0.302734 0.880859 0.300781 0.878906 0.298828 0.878906 0.296875 0.876953 0.296875 0.875000 0.292969 0.871094 0.292969 0.869141 0.287109 0.863281 0.287109 0.853516 0.285156 0.853516 0.283203 0.851562 0.283203 0.843750
0 0.277344 0.828125 0.277344 0.837891 0.281250 0.837891 0.281250 0.828125
0 0.283203 0.775391 0.283203 0.787109 0.281250 0.789062 0.279297 0.789062 0.277344 0.791016 0.277344 0.824219 0.281250 0.824219 0.281250 0.794922 0.283203 0.792969 0.283203 0.791016 0.285156 0.789062 0.287109 0.789062 0.287109 0.775391
0 0.074219 0.492188 0.074219 0.494141 0.072266 0.496094 0.068359 0.496094 0.068359 0.500000 0.066406 0.501953 0.064453 0.501953 0.064453 0.509766 0.068359 0.509766 0.068359 0.501953 0.070312 0.500000 0.072266 0.500000 0.072266 0.498047 0.074219 0.496094 0.078125 0.496094 0.078125 0.492188
0 0.082031 0.480469 0.082031 0.482422 0.080078 0.484375 0.078125 0.484375 0.078125 0.488281 0.082031 0.488281 0.082031 0.486328 0.083984 0.484375 0.085938 0.484375 0.085938 0.480469
0 0.089844 0.466797 0.089844 0.470703 0.087891 0.472656 0.083984 0.472656 0.083984 0.476562 0.087891 0.476562 0.087891 0.472656 0.089844 0.470703 0.093750 0.470703 0.093750 0.466797
0 0.113281 0.404297 0.113281 0.406250 0.111328 0.408203 0.111328 0.410156 0.109375 0.412109 0.109375 0.414062 0.105469 0.417969 0.105469 0.421875 0.103516 0.423828 0.101562 0.423828 0.101562 0.425781 0.099609 0.427734 0.097656 0.427734 0.097656 0.433594 0.095703 0.435547 0.095703 0.457031 0.093750 0.458984 0.093750 0.462891 0.097656 0.462891 0.097656 0.460938 0.099609 0.458984 0.099609 0.437500 0.101562 0.435547 0.101562 0.431641 0.103516 0.429688 0.105469 0.429688 0.107422 0.427734 0.107422 0.423828 0.111328 0.419922 0.111328 0.417969 0.115234 0.414062 0.115234 0.410156 0.117188 0.408203 0.117188 0.404297
0 0.246094 0.376953 0.246094 0.380859 0.248047 0.380859 0.253906 0.386719 0.253906 0.388672 0.257812 0.388672 0.259766 0.390625 0.259766 0.392578 0.261719 0.392578 0.267578 0.398438 0.267578 0.400391 0.269531 0.402344 0.271484 0.402344 0.273438 0.404297 0.273438 0.406250 0.275391 0.406250 0.277344 0.408203 0.277344 0.410156 0.279297 0.410156 0.283203 0.414062 0.283203 0.416016 0.285156 0.417969 0.287109 0.417969 0.291016 0.421875 0.291016 0.423828 0.294922 0.427734 0.296875 0.427734 0.298828 0.429688 0.298828 0.453125 0.296875 0.455078 0.294922 0.455078 0.294922 0.458984 0.292969 0.460938 0.292969 0.462891 0.291016 0.464844 0.291016 0.468750 0.289062 0.470703 0.289062 0.478516 0.287109 0.480469 0.285156 0.480469 0.283203 0.482422 0.283203 0.488281 0.281250 0.490234 0.277344 0.490234 0.277344 0.494141 0.275391 0.496094 0.273438 0.496094 0.271484 0.498047 0.269531 0.498047 0.265625 0.501953 0.265625 0.507812 0.269531 0.507812 0.269531 0.505859 0.275391 0.500000 0.277344 0.500000 0.277344 0.496094 0.279297 0.494141 0.283203 0.494141 0.283203 0.492188 0.285156 0.490234 0.287109 0.490234 0.287109 0.486328 0.289062 0.484375 0.289062 0.480469 0.291016 0.478516 0.292969 0.478516 0.292969 0.472656 0.294922 0.470703 0.294922 0.468750 0.296875 0.466797 0.296875 0.462891 0.298828 0.460938 0.298828 0.458984 0.300781 0.457031 0.302734 0.457031 0.302734 0.427734 0.300781 0.427734 0.298828 0.425781 0.298828 0.423828 0.292969 0.417969 0.292969 0.416016 0.291016 0.416016 0.285156 0.410156 0.285156 0.408203 0.283203 0.408203 0.281250 0.406250 0.279297 0.406250 0.277344 0.404297 0.277344 0.402344 0.275391 0.402344 0.273438 0.400391 0.273438 0.398438 0.269531 0.394531 0.269531 0.392578 0.267578 0.390625 0.265625 0.390625 0.263672 0.388672 0.261719 0.388672 0.259766 0.386719 0.259766 0.384766 0.253906 0.378906 0.251953 0.378906 0.250000 0.376953
0 0.140625 0.375000 0.140625 0.378906 0.136719 0.382812 0.119141 0.382812 0.119141 0.386719 0.125000 0.386719 0.126953 0.388672 0.126953 0.392578 0.123047 0.396484 0.121094 0.396484 0.121094 0.400391 0.125000 0.400391 0.126953 0.398438 0.128906 0.398438 0.128906 0.394531 0.130859 0.392578 0.130859 0.390625 0.132812 0.388672 0.136719 0.388672 0.140625 0.384766 0.142578 0.384766 0.142578 0.382812 0.144531 0.380859 0.144531 0.375000
0 0.169922 0.246094 0.169922 0.250000 0.173828 0.250000 0.173828 0.246094
0 0.048828 0.187500 0.044922 0.191406 0.042969 0.191406 0.039062 0.195312 0.037109 0.195312 0.037109 0.197266 0.035156 0.199219 0.035156 0.201172 0.033203 0.203125 0.031250 0.203125 0.029297 0.205078 0.029297 0.207031 0.027344 0.208984 0.025391 0.208984 0.025391 0.210938 0.023438 0.212891 0.021484 0.212891 0.019531 0.214844 0.019531 0.216797 0.017578 0.218750 0.011719 0.218750 0.011719 0.222656 0.019531 0.222656 0.019531 0.220703 0.021484 0.218750 0.023438 0.218750 0.025391 0.216797 0.025391 0.214844 0.027344 0.212891 0.029297 0.212891 0.029297 0.210938 0.031250 0.208984 0.033203 0.208984 0.035156 0.207031 0.035156 0.205078 0.037109 0.203125 0.039062 0.203125 0.039062 0.201172 0.042969 0.197266 0.046875 0.197266 0.046875 0.195312 0.048828 0.193359 0.050781 0.193359 0.052734 0.191406 0.054688 0.191406 0.056641 0.193359 0.056641 0.195312 0.058594 0.197266 0.060547 0.197266 0.062500 0.199219 0.066406 0.199219 0.068359 0.201172 0.068359 0.203125 0.070312 0.203125 0.072266 0.205078 0.072266 0.207031 0.076172 0.207031 0.080078 0.210938 0.082031 0.210938 0.083984 0.212891 0.083984 0.216797 0.085938 0.216797 0.087891 0.218750 0.089844 0.218750 0.091797 0.220703 0.091797 0.222656 0.093750 0.224609 0.095703 0.224609 0.099609 0.228516 0.099609 0.230469 0.103516 0.230469 0.105469 0.232422 0.105469 0.234375 0.107422 0.236328 0.121094 0.236328 0.123047 0.234375 0.128906 0.234375 0.128906 0.232422 0.130859 0.230469 0.132812 0.230469 0.136719 0.226562 0.138672 0.228516 0.138672 0.230469 0.140625 0.232422 0.140625 0.234375 0.142578 0.234375 0.146484 0.238281 0.148438 0.238281 0.152344 0.242188 0.152344 0.244141 0.154297 0.246094 0.158203 0.246094 0.160156 0.248047 0.160156 0.250000 0.164062 0.250000 0.164062 0.246094 0.160156 0.246094 0.158203 0.244141 0.158203 0.242188 0.154297 0.238281 0.154297 0.236328 0.152344 0.234375 0.150391 0.234375 0.148438 0.232422 0.146484 0.232422 0.142578 0.228516 0.142578 0.226562 0.140625 0.224609 0.140625 0.222656 0.132812 0.222656 0.128906 0.226562 0.126953 0.226562 0.126953 0.228516 0.125000 0.230469 0.123047 0.230469 0.121094 0.232422 0.111328 0.232422 0.109375 0.230469 0.105469 0.230469 0.103516 0.228516 0.103516 0.226562 0.101562 0.224609 0.101562 0.222656 0.099609 0.222656 0.095703 0.218750 0.093750 0.218750 0.091797 0.216797 0.091797 0.214844 0.089844 0.214844 0.087891 0.212891 0.085938 0.212891 0.083984 0.210938 0.083984 0.207031 0.082031 0.205078 0.078125 0.205078 0.076172 0.203125 0.074219 0.203125 0.072266 0.201172 0.072266 0.199219 0.068359 0.199219 0.066406 0.197266 0.066406 0.195312 0.064453 0.195312 0.060547 0.191406 0.058594 0.191406 0.056641 0.189453 0.056641 0.187500
0 0.162109 0.132812 0.162109 0.146484 0.164062 0.148438 0.162109 0.150391 0.162109 0.171875 0.164062 0.173828 0.164062 0.177734 0.166016 0.179688 0.166016 0.181641 0.167969 0.181641 0.175781 0.189453 0.175781 0.193359 0.169922 0.199219 0.167969 0.199219 0.166016 0.201172 0.162109 0.201172 0.160156 0.203125 0.154297 0.203125 0.152344 0.205078 0.150391 0.205078 0.148438 0.207031 0.142578 0.207031 0.136719 0.201172 0.134766 0.201172 0.132812 0.199219 0.132812 0.197266 0.130859 0.197266 0.128906 0.195312 0.128906 0.191406 0.126953 0.191406 0.123047 0.187500 0.123047 0.183594 0.121094 0.183594 0.117188 0.179688 0.111328 0.179688 0.111328 0.185547 0.109375 0.187500 0.109375 0.189453 0.107422 0.191406 0.103516 0.187500 0.103516 0.185547 0.101562 0.185547 0.099609 0.183594 0.099609 0.179688 0.095703 0.179688 0.093750 0.177734 0.093750 0.173828 0.091797 0.173828 0.089844 0.171875 0.089844 0.169922 0.085938 0.166016 0.082031 0.166016 0.080078 0.164062 0.080078 0.162109 0.078125 0.162109 0.074219 0.158203 0.072266 0.158203 0.068359 0.154297 0.066406 0.154297 0.064453 0.152344 0.064453 0.150391 0.060547 0.150391 0.056641 0.146484 0.056641 0.144531 0.054688 0.142578 0.042969 0.142578 0.041016 0.144531 0.037109 0.144531 0.037109 0.146484 0.035156 0.148438 0.031250 0.148438 0.025391 0.154297 0.023438 0.154297 0.019531 0.158203 0.009766 0.158203 0.007812 0.156250 0.001953 0.156250 0.001953 0.160156 0.003906 0.160156 0.005859 0.162109 0.023438 0.162109 0.027344 0.158203 0.031250 0.158203 0.037109 0.152344 0.041016 0.152344 0.041016 0.150391 0.042969 0.148438 0.046875 0.148438 0.048828 0.146484 0.050781 0.148438 0.052734 0.148438 0.054688 0.150391 0.054688 0.152344 0.056641 0.152344 0.062500 0.158203 0.064453 0.158203 0.066406 0.160156 0.066406 0.162109 0.070312 0.162109 0.072266 0.164062 0.072266 0.166016 0.074219 0.166016 0.076172 0.167969 0.078125 0.167969 0.080078 0.169922 0.082031 0.169922 0.085938 0.173828 0.087891 0.173828 0.089844 0.175781 0.089844 0.177734 0.093750 0.177734 0.095703 0.179688 0.095703 0.183594 0.097656 0.183594 0.099609 0.185547 0.099609 0.189453 0.101562 0.191406 0.101562 0.193359 0.103516 0.193359 0.105469 0.195312 0.105469 0.197266 0.111328 0.197266 0.113281 0.195312 0.113281 0.189453 0.117188 0.185547 0.121094 0.189453 0.121094 0.193359 0.123047 0.193359 0.125000 0.195312 0.125000 0.197266 0.126953 0.197266 0.128906 0.199219 0.128906 0.203125 0.130859 0.203125 0.132812 0.205078 0.132812 0.207031 0.134766 0.207031 0.136719 0.208984 0.136719 0.210938 0.154297 0.210938 0.154297 0.208984 0.156250 0.207031 0.164062 0.207031 0.166016 0.205078 0.169922 0.205078 0.173828 0.201172 0.177734 0.201172 0.177734 0.199219 0.179688 0.197266 0.179688 0.183594 0.175781 0.179688 0.173828 0.179688 0.169922 0.175781 0.169922 0.173828 0.167969 0.173828 0.166016 0.171875 0.166016 0.156250 0.167969 0.154297 0.167969 0.144531 0.166016 0.142578 0.166016 0.138672 0.167969 0.136719 0.169922 0.138672 0.171875 0.138672 0.175781 0.142578 0.177734 0.142578 0.183594 0.148438 0.185547 0.148438 0.187500 0.150391 0.187500 0.152344 0.189453 0.152344 0.191406 0.154297 0.193359 0.154297 0.197266 0.158203 0.199219 0.158203 0.203125 0.162109 0.205078 0.162109 0.207031 0.164062 0.208984 0.164062 0.212891 0.167969 0.214844 0.167969 0.216797 0.169922 0.218750 0.169922 0.220703 0.171875 0.224609 0.171875 0.226562 0.173828 0.228516 0.173828 0.232422 0.177734 0.238281 0.177734 0.240234 0.179688 0.240234 0.181641 0.242188 0.181641 0.246094 0.185547 0.248047 0.185547 0.251953 0.189453 0.251953 0.191406 0.255859 0.195312 0.257812 0.195312 0.261719 0.199219 0.261719 0.208984 0.259766 0.210938 0.259766 0.224609 0.261719 0.226562 0.261719 0.230469 0.265625 0.234375 0.265625 0.236328 0.267578 0.238281 0.269531 0.238281 0.271484 0.240234 0.271484 0.244141 0.275391 0.248047 0.275391 0.259766 0.277344 0.261719 0.277344 0.267578 0.279297 0.269531 0.279297 0.283203 0.283203 0.283203 0.283203 0.265625 0.281250 0.263672 0.281250 0.255859 0.279297 0.253906 0.279297 0.244141 0.275391 0.240234 0.275391 0.236328 0.273438 0.236328 0.267578 0.230469 0.267578 0.226562 0.265625 0.226562 0.263672 0.224609 0.263672 0.216797 0.265625 0.214844 0.265625 0.193359 0.263672 0.193359 0.251953 0.181641 0.250000 0.181641 0.246094 0.177734 0.242188 0.177734 0.240234 0.175781 0.240234 0.173828 0.236328 0.173828 0.234375 0.171875 0.232422 0.171875 0.230469 0.169922 0.228516 0.169922 0.226562 0.167969 0.224609 0.167969 0.222656 0.166016 0.218750 0.166016 0.214844 0.162109 0.212891 0.162109 0.208984 0.158203 0.207031 0.158203 0.205078 0.156250 0.203125 0.156250 0.199219 0.152344 0.197266 0.152344 0.193359 0.148438 0.189453 0.148438 0.187500 0.146484 0.187500 0.144531 0.183594 0.140625 0.181641 0.140625 0.175781 0.134766 0.173828 0.134766 0.171875 0.132812
0 0.968750 0.015625 0.968750 0.019531 0.976562 0.019531 0.978516 0.021484 0.978516 0.029297 0.976562 0.031250 0.976562 0.033203 0.974609 0.035156 0.974609 0.039062 0.972656 0.041016 0.972656 0.042969 0.970703 0.044922 0.970703 0.050781 0.974609 0.050781 0.974609 0.046875 0.976562 0.044922 0.976562 0.041016 0.978516 0.039062 0.978516 0.037109 0.980469 0.035156 0.980469 0.033203 0.982422 0.031250 0.982422 0.017578 0.980469 0.015625
0 0.929688 0.005859 0.929688 0.015625 0.933594 0.019531 0.935547 0.019531 0.937500 0.021484 0.937500 0.023438 0.939453 0.023438 0.941406 0.025391 0.951172 0.025391 0.953125 0.023438 0.962891 0.023438 0.962891 0.019531 0.949219 0.019531 0.947266 0.021484 0.943359 0.021484 0.941406 0.019531 0.941406 0.017578 0.939453 0.015625 0.941406 0.013672 0.953125 0.013672 0.955078 0.011719 0.958984 0.011719 0.960938 0.009766 0.962891 0.009766 0.962891 0.005859 0.957031 0.005859 0.955078 0.007812 0.949219 0.007812 0.947266 0.009766 0.941406 0.009766 0.937500 0.005859
0 0.902344 0.000000 0.902344 0.009766 0.904297 0.011719 0.904297 0.015625 0.906250 0.017578 0.908203 0.017578 0.912109 0.021484 0.916016 0.021484 0.917969 0.023438 0.921875 0.023438 0.929688 0.031250 0.931641 0.031250 0.935547 0.035156 0.935547 0.037109 0.941406 0.042969 0.941406 0.044922 0.945312 0.048828 0.945312 0.052734 0.947266 0.052734 0.951172 0.056641 0.951172 0.058594 0.953125 0.058594 0.955078 0.060547 0.955078 0.064453 0.957031 0.064453 0.958984 0.066406 0.960938 0.066406 0.966797 0.072266 0.968750 0.072266 0.970703 0.074219 0.970703 0.076172 0.980469 0.076172 0.980469 0.074219 0.986328 0.068359 0.988281 0.068359 0.990234 0.066406 0.990234 0.060547 0.986328 0.060547 0.986328 0.062500 0.984375 0.064453 0.982422 0.064453 0.976562 0.070312 0.972656 0.070312 0.962891 0.060547 0.960938 0.060547 0.958984 0.058594 0.958984 0.056641 0.953125 0.050781 0.951172 0.050781 0.949219 0.048828 0.949219 0.044922 0.947266 0.042969 0.947266 0.041016 0.945312 0.039062 0.945312 0.037109 0.943359 0.037109 0.939453 0.033203 0.939453 0.031250 0.937500 0.029297 0.935547 0.029297 0.929688 0.023438 0.929688 0.021484 0.927734 0.021484 0.925781 0.019531 0.921875 0.019531 0.919922 0.017578 0.916016 0.017578 0.914062 0.015625 0.912109 0.015625 0.910156 0.013672 0.910156 0.011719 0.908203 0.009766 0.908203 0.005859 0.906250 0.003906 0.906250 0.000000