0 0.843750 0.974609 0.843750 0.986328 0.849609 0.992188 0.855469 0.992188 0.855469 0.984375 0.851562 0.980469 0.851562 0.976562 0.849609 0.974609
0 0.046875 0.941406 0.046875 0.943359 0.044922 0.945312 0.044922 0.949219 0.042969 0.951172 0.042969 0.955078 0.039062 0.958984 0.037109 0.958984 0.033203 0.962891 0.033203 0.964844 0.031250 0.966797 0.031250 0.972656 0.033203 0.972656 0.035156 0.974609 0.037109 0.974609 0.041016 0.978516 0.039062 0.980469 0.035156 0.980469 0.039062 0.984375 0.039062 0.988281 0.041016 0.990234 0.041016 0.992188 0.064453 0.992188 0.066406 0.990234 0.068359 0.990234 0.070312 0.988281 0.070312 0.984375 0.072266 0.982422 0.074219 0.982422 0.076172 0.980469 0.076172 0.978516 0.080078 0.974609 0.080078 0.968750 0.082031 0.966797 0.082031 0.964844 0.078125 0.960938 0.078125 0.958984 0.083984 0.953125 0.082031 0.951172 0.082031 0.949219 0.080078 0.949219 0.078125 0.947266 0.076172 0.947266 0.072266 0.943359 0.068359 0.943359 0.066406 0.945312 0.064453 0.945312 0.062500 0.943359 0.058594 0.943359 0.056641 0.945312 0.052734 0.945312 0.050781 0.943359 0.048828 0.943359
0 0.109375 0.908203 0.105469 0.912109 0.105469 0.919922 0.107422 0.921875 0.115234 0.921875 0.117188 0.919922 0.117188 0.917969 0.119141 0.916016 0.119141 0.908203
0 0.035156 0.900391 0.031250 0.904297 0.031250 0.908203 0.027344 0.912109 0.025391 0.912109 0.023438 0.914062 0.021484 0.914062 0.025391 0.914062 0.027344 0.916016 0.029297 0.916016 0.035156 0.921875 0.037109 0.919922 0.041016 0.923828 0.041016 0.921875 0.042969 0.919922 0.046875 0.923828 0.048828 0.921875 0.052734 0.921875 0.054688 0.919922 0.054688 0.917969 0.052734 0.916016 0.052734 0.910156 0.054688 0.908203 0.054688 0.906250 0.048828 0.900391 0.044922 0.900391 0.042969 0.902344 0.041016 0.900391
0 0.904297 0.878906 0.900391 0.882812 0.900391 0.884766 0.898438 0.886719 0.898438 0.892578 0.896484 0.894531 0.896484 0.910156 0.900391 0.914062 0.900391 0.917969 0.902344 0.919922 0.902344 0.923828 0.904297 0.923828 0.910156 0.929688 0.910156 0.931641 0.912109 0.931641 0.914062 0.933594 0.916016 0.933594 0.925781 0.943359 0.925781 0.945312 0.927734 0.947266 0.931641 0.947266 0.933594 0.949219 0.935547 0.947266 0.939453 0.951172 0.945312 0.951172 0.947266 0.953125 0.947266 0.958984 0.953125 0.964844 0.951172 0.966797 0.951172 0.968750 0.949219 0.970703 0.949219 0.972656 0.953125 0.976562 0.955078 0.976562 0.958984 0.980469 0.972656 0.980469 0.974609 0.978516 0.976562 0.978516 0.978516 0.976562 0.982422 0.976562 0.984375 0.974609 0.986328 0.976562 0.986328 0.980469 0.990234 0.980469 0.992188 0.982422 0.992188 0.984375 0.992188 0.917969 0.986328 0.917969 0.984375 0.916016 0.980469 0.916016 0.976562 0.912109 0.974609 0.912109 0.972656 0.910156 0.972656 0.906250 0.968750 0.902344 0.962891 0.902344 0.960938 0.900391 0.958984 0.900391 0.957031 0.898438 0.953125 0.898438 0.951172 0.896484 0.949219 0.896484 0.947266 0.894531 0.945312 0.894531 0.943359 0.892578 0.941406 0.892578 0.937500 0.888672 0.935547 0.888672 0.931641 0.884766 0.929688 0.886719 0.927734 0.886719 0.925781 0.884766 0.923828 0.884766 0.919922 0.880859 0.917969 0.880859 0.916016 0.878906
0 0.021484 0.841797 0.017578 0.845703 0.017578 0.847656 0.015625 0.849609 0.015625 0.853516 0.019531 0.853516 0.023438 0.849609 0.025391 0.849609 0.027344 0.851562 0.033203 0.851562 0.033203 0.843750 0.031250 0.843750 0.029297 0.841797
0 0.044922 0.824219 0.041016 0.828125 0.041016 0.830078 0.044922 0.833984 0.042969 0.835938 0.042969 0.837891 0.041016 0.839844 0.041016 0.845703 0.050781 0.845703 0.052734 0.843750 0.052734 0.841797 0.054688 0.839844 0.054688 0.837891 0.056641 0.835938 0.056641 0.826172 0.054688 0.826172 0.052734 0.824219
0 0.707031 0.630859 0.705078 0.632812 0.703125 0.632812 0.701172 0.634766 0.701172 0.636719 0.699219 0.638672 0.697266 0.638672 0.697266 0.642578 0.693359 0.646484 0.693359 0.648438 0.705078 0.660156 0.705078 0.662109 0.707031 0.664062 0.707031 0.667969 0.705078 0.669922 0.707031 0.669922 0.708984 0.671875 0.708984 0.673828 0.712891 0.673828 0.712891 0.671875 0.716797 0.667969 0.718750 0.667969 0.720703 0.669922 0.722656 0.669922 0.724609 0.667969 0.726562 0.669922 0.728516 0.669922 0.730469 0.667969 0.732422 0.667969 0.734375 0.669922 0.740234 0.669922 0.744141 0.666016 0.744141 0.664062 0.746094 0.662109 0.746094 0.646484 0.740234 0.640625 0.738281 0.640625 0.736328 0.638672 0.732422 0.638672 0.730469 0.636719 0.726562 0.636719 0.724609 0.634766 0.722656 0.634766 0.718750 0.630859
0 0.035156 0.554688 0.033203 0.556641 0.023438 0.556641 0.021484 0.558594 0.019531 0.558594 0.013672 0.564453 0.013672 0.566406 0.011719 0.568359 0.011719 0.576172 0.013672 0.578125 0.025391 0.578125 0.025391 0.576172 0.027344 0.574219 0.029297 0.576172 0.029297 0.578125 0.031250 0.580078 0.031250 0.583984 0.033203 0.583984 0.037109 0.587891 0.046875 0.587891 0.048828 0.585938 0.050781 0.587891 0.054688 0.587891 0.056641 0.589844 0.070312 0.589844 0.072266 0.587891 0.074219 0.587891 0.074219 0.583984 0.072266 0.582031 0.072266 0.576172 0.070312 0.574219 0.072266 0.572266 0.074219 0.572266 0.076172 0.574219 0.076172 0.576172 0.078125 0.576172 0.082031 0.580078 0.083984 0.580078 0.085938 0.582031 0.089844 0.582031 0.091797 0.580078 0.091797 0.576172 0.085938 0.570312 0.085938 0.568359 0.083984 0.566406 0.080078 0.566406 0.078125 0.564453 0.074219 0.564453 0.072266 0.562500 0.068359 0.562500 0.068359 0.564453 0.066406 0.566406 0.064453 0.566406 0.060547 0.562500 0.060547 0.560547 0.058594 0.558594 0.054688 0.558594 0.052734 0.560547 0.050781 0.558594 0.046875 0.558594 0.044922 0.556641 0.039062 0.556641 0.037109 0.554688
0 0.029297 0.507812 0.023438 0.513672 0.021484 0.513672 0.021484 0.515625 0.019531 0.517578 0.019531 0.519531 0.015625 0.523438 0.015625 0.529297 0.017578 0.531250 0.021484 0.531250 0.023438 0.533203 0.029297 0.533203 0.033203 0.529297 0.033203 0.527344 0.031250 0.525391 0.029297 0.525391 0.027344 0.523438 0.033203 0.517578 0.033203 0.509766 0.031250 0.507812
0 0.724609 0.494141 0.724609 0.500000 0.722656 0.501953 0.720703 0.501953 0.716797 0.505859 0.714844 0.505859 0.710938 0.509766 0.701172 0.509766 0.701172 0.511719 0.699219 0.513672 0.695312 0.509766 0.695312 0.511719 0.693359 0.513672 0.677734 0.513672 0.677734 0.515625 0.675781 0.517578 0.675781 0.519531 0.671875 0.523438 0.671875 0.525391 0.673828 0.527344 0.671875 0.529297 0.671875 0.531250 0.669922 0.533203 0.669922 0.542969 0.666016 0.546875 0.666016 0.552734 0.669922 0.556641 0.669922 0.560547 0.673828 0.560547 0.675781 0.562500 0.683594 0.562500 0.685547 0.564453 0.685547 0.566406 0.689453 0.570312 0.689453 0.572266 0.697266 0.580078 0.699219 0.580078 0.705078 0.585938 0.705078 0.591797 0.707031 0.593750 0.707031 0.601562 0.712891 0.607422 0.714844 0.605469 0.722656 0.605469 0.724609 0.603516 0.724609 0.599609 0.726562 0.597656 0.726562 0.595703 0.728516 0.593750 0.730469 0.593750 0.732422 0.595703 0.740234 0.595703 0.744141 0.599609 0.744141 0.601562 0.750000 0.601562 0.753906 0.597656 0.755859 0.599609 0.755859 0.601562 0.757812 0.603516 0.767578 0.603516 0.771484 0.599609 0.771484 0.593750 0.767578 0.589844 0.767578 0.587891 0.765625 0.585938 0.767578 0.583984 0.767578 0.582031 0.769531 0.580078 0.769531 0.578125 0.773438 0.574219 0.773438 0.570312 0.775391 0.568359 0.775391 0.562500 0.771484 0.562500 0.769531 0.560547 0.757812 0.560547 0.755859 0.562500 0.755859 0.564453 0.753906 0.566406 0.751953 0.564453 0.748047 0.564453 0.746094 0.562500 0.744141 0.562500 0.738281 0.556641 0.732422 0.556641 0.730469 0.554688 0.724609 0.554688 0.720703 0.550781 0.720703 0.544922 0.722656 0.542969 0.724609 0.542969 0.722656 0.541016 0.722656 0.535156 0.726562 0.531250 0.728516 0.531250 0.730469 0.529297 0.730469 0.527344 0.732422 0.525391 0.730469 0.523438 0.730469 0.521484 0.732422 0.519531 0.734375 0.519531 0.734375 0.511719 0.736328 0.509766 0.736328 0.496094 0.732422 0.496094 0.730469 0.494141
0 0.361328 0.455078 0.359375 0.457031 0.355469 0.457031 0.353516 0.458984 0.353516 0.460938 0.351562 0.462891 0.353516 0.464844 0.353516 0.466797 0.355469 0.468750 0.357422 0.468750 0.361328 0.472656 0.369141 0.472656 0.371094 0.474609 0.373047 0.474609 0.375000 0.472656 0.376953 0.472656 0.376953 0.466797 0.375000 0.464844 0.375000 0.462891 0.373047 0.462891 0.369141 0.458984 0.369141 0.457031 0.367188 0.455078
0 0.365234 0.421875 0.363281 0.423828 0.361328 0.423828 0.361328 0.431641 0.363281 0.433594 0.373047 0.433594 0.373047 0.431641 0.367188 0.425781 0.367188 0.423828
0 0.410156 0.369141 0.408203 0.371094 0.410156 0.373047 0.410156 0.376953 0.412109 0.378906 0.410156 0.380859 0.410156 0.386719 0.414062 0.390625 0.414062 0.398438 0.416016 0.398438 0.417969 0.396484 0.421875 0.396484 0.423828 0.394531 0.423828 0.375000 0.417969 0.369141
0 0.529297 0.351562 0.525391 0.355469 0.525391 0.357422 0.523438 0.359375 0.523438 0.365234 0.525391 0.367188 0.537109 0.367188 0.539062 0.365234 0.539062 0.355469 0.535156 0.351562
0 0.560547 0.298828 0.548828 0.310547 0.544922 0.310547 0.542969 0.312500 0.542969 0.320312 0.546875 0.320312 0.550781 0.324219 0.550781 0.328125 0.554688 0.328125 0.558594 0.332031 0.562500 0.332031 0.566406 0.335938 0.566406 0.343750 0.568359 0.345703 0.568359 0.347656 0.570312 0.347656 0.572266 0.349609 0.582031 0.349609 0.583984 0.347656 0.585938 0.347656 0.585938 0.341797 0.578125 0.333984 0.578125 0.332031 0.574219 0.328125 0.574219 0.326172 0.572266 0.324219 0.574219 0.322266 0.574219 0.316406 0.572266 0.314453 0.572266 0.310547 0.570312 0.308594 0.570312 0.306641 0.566406 0.302734 0.566406 0.298828
0 0.832031 0.191406 0.832031 0.193359 0.828125 0.197266 0.828125 0.201172 0.832031 0.205078 0.837891 0.205078 0.839844 0.207031 0.841797 0.207031 0.839844 0.205078 0.839844 0.203125 0.841797 0.201172 0.841797 0.197266 0.839844 0.195312 0.839844 0.191406
0 0.339844 0.136719 0.339844 0.138672 0.337891 0.140625 0.335938 0.140625 0.333984 0.142578 0.333984 0.148438 0.341797 0.148438 0.343750 0.146484 0.345703 0.146484 0.349609 0.150391 0.353516 0.150391 0.355469 0.148438 0.353516 0.146484 0.353516 0.144531 0.347656 0.138672 0.345703 0.138672 0.343750 0.136719
0 0.685547 0.128906 0.683594 0.130859 0.681641 0.130859 0.679688 0.132812 0.675781 0.132812 0.671875 0.136719 0.669922 0.136719 0.667969 0.138672 0.666016 0.138672 0.662109 0.142578 0.662109 0.148438 0.658203 0.152344 0.656250 0.152344 0.654297 0.154297 0.654297 0.156250 0.650391 0.160156 0.650391 0.169922 0.652344 0.169922 0.654297 0.171875 0.654297 0.173828 0.658203 0.177734 0.656250 0.179688 0.656250 0.181641 0.658203 0.183594 0.658203 0.187500 0.656250 0.189453 0.654297 0.189453 0.658203 0.193359 0.660156 0.193359 0.662109 0.195312 0.666016 0.195312 0.667969 0.197266 0.667969 0.199219 0.673828 0.205078 0.671875 0.207031 0.671875 0.208984 0.673828 0.210938 0.673828 0.212891 0.671875 0.214844 0.673828 0.216797 0.669922 0.220703 0.669922 0.226562 0.675781 0.226562 0.677734 0.228516 0.677734 0.230469 0.679688 0.230469 0.683594 0.234375 0.691406 0.234375 0.693359 0.236328 0.697266 0.236328 0.699219 0.238281 0.701172 0.238281 0.703125 0.240234 0.710938 0.240234 0.712891 0.242188 0.714844 0.242188 0.716797 0.244141 0.718750 0.244141 0.720703 0.246094 0.720703 0.250000 0.722656 0.250000 0.724609 0.251953 0.724609 0.253906 0.738281 0.253906 0.740234 0.255859 0.738281 0.257812 0.738281 0.263672 0.744141 0.263672 0.748047 0.259766 0.750000 0.259766 0.753906 0.255859 0.757812 0.255859 0.759766 0.257812 0.761719 0.257812 0.763672 0.259766 0.765625 0.259766 0.769531 0.255859 0.769531 0.253906 0.783203 0.240234 0.789062 0.240234 0.791016 0.238281 0.794922 0.238281 0.798828 0.234375 0.798828 0.230469 0.800781 0.228516 0.800781 0.226562 0.804688 0.222656 0.804688 0.218750 0.802734 0.216797 0.802734 0.214844 0.804688 0.212891 0.804688 0.210938 0.806641 0.208984 0.808594 0.208984 0.808594 0.207031 0.810547 0.205078 0.812500 0.207031 0.818359 0.207031 0.818359 0.203125 0.814453 0.199219 0.814453 0.197266 0.812500 0.195312 0.804688 0.195312 0.802734 0.197266 0.798828 0.197266 0.794922 0.193359 0.794922 0.183594 0.791016 0.179688 0.791016 0.175781 0.789062 0.175781 0.787109 0.173828 0.785156 0.173828 0.781250 0.169922 0.781250 0.167969 0.779297 0.167969 0.773438 0.162109 0.771484 0.162109 0.771484 0.164062 0.767578 0.167969 0.763672 0.167969 0.757812 0.162109 0.757812 0.158203 0.759766 0.156250 0.759766 0.154297 0.755859 0.154297 0.753906 0.152344 0.748047 0.152344 0.744141 0.156250 0.742188 0.156250 0.740234 0.158203 0.736328 0.158203 0.736328 0.160156 0.734375 0.162109 0.728516 0.162109 0.726562 0.160156 0.726562 0.156250 0.708984 0.156250 0.707031 0.154297 0.707031 0.144531 0.708984 0.142578 0.707031 0.140625 0.707031 0.138672 0.705078 0.136719 0.705078 0.134766 0.703125 0.132812 0.701172 0.132812 0.697266 0.128906
0 0.134766 0.123047 0.130859 0.126953 0.130859 0.128906 0.128906 0.130859 0.128906 0.136719 0.130859 0.138672 0.130859 0.140625 0.132812 0.142578 0.144531 0.142578 0.150391 0.136719 0.150391 0.134766 0.152344 0.132812 0.152344 0.126953 0.150391 0.125000 0.148438 0.125000 0.146484 0.123047
0 0.332031 0.107422 0.330078 0.109375 0.328125 0.109375 0.328125 0.119141 0.326172 0.121094 0.324219 0.121094 0.324219 0.128906 0.318359 0.134766 0.318359 0.144531 0.322266 0.144531 0.324219 0.142578 0.324219 0.140625 0.326172 0.138672 0.328125 0.138672 0.332031 0.134766 0.332031 0.130859 0.333984 0.128906 0.333984 0.109375
0 0.234375 0.064453 0.232422 0.066406 0.230469 0.066406 0.228516 0.068359 0.228516 0.070312 0.222656 0.076172 0.222656 0.078125 0.220703 0.080078 0.220703 0.089844 0.222656 0.091797 0.222656 0.093750 0.224609 0.095703 0.222656 0.097656 0.222656 0.099609 0.218750 0.103516 0.216797 0.103516 0.216797 0.105469 0.214844 0.107422 0.214844 0.109375 0.212891 0.111328 0.212891 0.113281 0.210938 0.115234 0.208984 0.115234 0.210938 0.117188 0.210938 0.119141 0.208984 0.121094 0.208984 0.126953 0.205078 0.130859 0.205078 0.140625 0.212891 0.148438 0.212891 0.150391 0.214844 0.152344 0.214844 0.154297 0.212891 0.156250 0.212891 0.166016 0.216797 0.166016 0.218750 0.167969 0.222656 0.167969 0.226562 0.171875 0.228516 0.171875 0.232422 0.175781 0.232422 0.179688 0.234375 0.181641 0.236328 0.181641 0.238281 0.179688 0.240234 0.181641 0.242188 0.181641 0.246094 0.185547 0.246094 0.187500 0.251953 0.193359 0.251953 0.195312 0.253906 0.197266 0.255859 0.197266 0.257812 0.199219 0.259766 0.197266 0.261719 0.197266 0.265625 0.193359 0.267578 0.195312 0.269531 0.195312 0.271484 0.197266 0.273438 0.197266 0.275391 0.199219 0.281250 0.199219 0.283203 0.197266 0.285156 0.197266 0.287109 0.195312 0.287109 0.185547 0.285156 0.183594 0.285156 0.181641 0.283203 0.179688 0.281250 0.179688 0.279297 0.177734 0.279297 0.173828 0.277344 0.171875 0.277344 0.162109 0.279297 0.160156 0.279297 0.154297 0.281250 0.152344 0.281250 0.148438 0.283203 0.146484 0.283203 0.134766 0.277344 0.128906 0.277344 0.126953 0.275391 0.126953 0.269531 0.121094 0.255859 0.121094 0.253906 0.119141 0.251953 0.119141 0.246094 0.113281 0.251953 0.107422 0.253906 0.107422 0.253906 0.105469 0.257812 0.101562 0.257812 0.095703 0.259766 0.093750 0.259766 0.072266 0.257812 0.072266 0.253906 0.068359 0.251953 0.068359 0.250000 0.066406 0.240234 0.066406 0.238281 0.064453
0 0.240234 0.027344 0.240234 0.029297 0.238281 0.031250 0.238281 0.033203 0.236328 0.035156 0.236328 0.039062 0.232422 0.042969 0.232422 0.048828 0.236328 0.052734 0.238281 0.050781 0.242188 0.050781 0.242188 0.048828 0.246094 0.044922 0.246094 0.041016 0.250000 0.037109 0.250000 0.029297 0.248047 0.027344
0 0.806641 0.000000 0.808594 0.000000 0.810547 0.001953 0.810547 0.003906 0.808594 0.005859 0.808594 0.007812 0.806641 0.009766 0.808594 0.011719 0.808594 0.021484 0.810547 0.023438 0.810547 0.027344 0.812500 0.029297 0.814453 0.029297 0.820312 0.035156 0.820312 0.037109 0.824219 0.041016 0.824219 0.042969 0.826172 0.042969 0.828125 0.044922 0.833984 0.044922 0.833984 0.042969 0.835938 0.041016 0.837891 0.042969 0.837891 0.044922 0.839844 0.046875 0.845703 0.046875 0.853516 0.054688 0.851562 0.056641 0.851562 0.060547 0.849609 0.062500 0.847656 0.062500 0.847656 0.068359 0.863281 0.068359 0.875000 0.056641 0.880859 0.056641 0.882812 0.054688 0.884766 0.054688 0.886719 0.056641 0.886719 0.060547 0.884766 0.062500 0.884766 0.072266 0.890625 0.072266 0.892578 0.070312 0.894531 0.070312 0.900391 0.064453 0.908203 0.064453 0.912109 0.060547 0.912109 0.050781 0.910156 0.048828 0.910156 0.046875 0.908203 0.044922 0.908203 0.039062 0.910156 0.037109 0.908203 0.035156 0.912109 0.031250 0.914062 0.031250 0.914062 0.029297 0.917969 0.025391 0.917969 0.023438 0.919922 0.021484 0.919922 0.019531 0.921875 0.017578 0.919922 0.017578 0.917969 0.015625 0.917969 0.011719 0.916016 0.011719 0.914062 0.009766 0.912109 0.009766 0.910156 0.007812 0.910156 0.005859 0.908203 0.005859 0.902344 0.011719 0.900391 0.009766 0.900391 0.007812 0.902344 0.005859 0.902344 0.000000