0 0.439453 0.990234 0.437500 0.992188 0.443359 0.992188 0.441406 0.990234
0 0.460938 0.986328 0.460938 0.988281 0.464844 0.988281 0.466797 0.990234 0.468750 0.990234 0.468750 0.988281 0.466797 0.986328
0 0.505859 0.976562 0.505859 0.980469 0.509766 0.984375 0.511719 0.984375 0.511719 0.980469 0.507812 0.976562
0 0.941406 0.974609 0.943359 0.976562 0.943359 0.978516 0.951172 0.978516 0.947266 0.974609
0 0.074219 0.960938 0.072266 0.962891 0.070312 0.962891 0.070312 0.964844 0.068359 0.966797 0.064453 0.966797 0.060547 0.962891 0.046875 0.962891 0.044922 0.964844 0.044922 0.970703 0.046875 0.970703 0.048828 0.972656 0.052734 0.972656 0.054688 0.974609 0.056641 0.974609 0.058594 0.976562 0.060547 0.976562 0.062500 0.978516 0.070312 0.978516 0.072266 0.980469 0.072266 0.982422 0.074219 0.984375 0.074219 0.988281 0.076172 0.990234 0.080078 0.990234 0.082031 0.992188 0.091797 0.992188 0.091797 0.980469 0.089844 0.978516 0.085938 0.978516 0.083984 0.976562 0.083984 0.974609 0.085938 0.972656 0.085938 0.964844 0.082031 0.960938
0 0.480469 0.958984 0.480469 0.960938 0.484375 0.964844 0.488281 0.964844 0.488281 0.960938 0.486328 0.958984
0 0.992188 0.955078 0.988281 0.958984 0.984375 0.958984 0.984375 0.960938 0.982422 0.962891 0.980469 0.962891 0.978516 0.964844 0.972656 0.964844 0.970703 0.966797 0.970703 0.968750 0.964844 0.974609 0.960938 0.974609 0.960938 0.984375 0.964844 0.988281 0.964844 0.992188 0.992188 0.992188 0.992188 0.968750 0.988281 0.964844 0.988281 0.960938 0.990234 0.958984 0.992188 0.958984
0 0.123047 0.951172 0.123047 0.953125 0.119141 0.957031 0.119141 0.968750 0.121094 0.970703 0.121094 0.974609 0.119141 0.976562 0.119141 0.978516 0.117188 0.980469 0.117188 0.982422 0.115234 0.984375 0.115234 0.990234 0.117188 0.988281 0.119141 0.990234 0.119141 0.992188 0.132812 0.992188 0.134766 0.990234 0.136719 0.990234 0.140625 0.986328 0.140625 0.978516 0.146484 0.972656 0.148438 0.972656 0.148438 0.968750 0.150391 0.966797 0.152344 0.966797 0.152344 0.962891 0.144531 0.962891 0.142578 0.960938 0.142578 0.958984 0.138672 0.958984 0.134766 0.955078 0.132812 0.955078 0.128906 0.951172
0 0.390625 0.890625 0.388672 0.892578 0.388672 0.902344 0.386719 0.904297 0.384766 0.904297 0.380859 0.900391 0.376953 0.900391 0.375000 0.902344 0.369141 0.902344 0.367188 0.904297 0.367188 0.906250 0.363281 0.910156 0.355469 0.910156 0.353516 0.908203 0.347656 0.908203 0.345703 0.910156 0.343750 0.910156 0.341797 0.912109 0.339844 0.912109 0.337891 0.910156 0.335938 0.910156 0.333984 0.908203 0.328125 0.908203 0.326172 0.910156 0.316406 0.910156 0.314453 0.912109 0.314453 0.914062 0.310547 0.917969 0.310547 0.919922 0.308594 0.921875 0.306641 0.921875 0.306641 0.923828 0.302734 0.927734 0.300781 0.927734 0.294922 0.921875 0.294922 0.919922 0.292969 0.919922 0.283203 0.910156 0.279297 0.910156 0.275391 0.914062 0.275391 0.916016 0.271484 0.919922 0.271484 0.927734 0.275391 0.927734 0.279297 0.931641 0.279297 0.935547 0.275391 0.939453 0.275391 0.943359 0.269531 0.949219 0.267578 0.947266 0.267578 0.941406 0.265625 0.939453 0.265625 0.937500 0.259766 0.931641 0.253906 0.931641 0.251953 0.929688 0.250000 0.929688 0.246094 0.925781 0.238281 0.925781 0.234375 0.921875 0.216797 0.921875 0.216797 0.923828 0.214844 0.925781 0.214844 0.935547 0.216797 0.937500 0.216797 0.941406 0.220703 0.945312 0.222656 0.945312 0.224609 0.947266 0.222656 0.949219 0.216797 0.949219 0.214844 0.947266 0.212891 0.947266 0.210938 0.945312 0.210938 0.943359 0.208984 0.941406 0.201172 0.941406 0.201172 0.943359 0.203125 0.945312 0.201172 0.947266 0.199219 0.947266 0.197266 0.945312 0.193359 0.945312 0.191406 0.943359 0.189453 0.943359 0.189453 0.947266 0.191406 0.949219 0.191406 0.951172 0.189453 0.953125 0.187500 0.953125 0.181641 0.947266 0.181641 0.941406 0.179688 0.941406 0.177734 0.939453 0.169922 0.939453 0.169922 0.945312 0.173828 0.949219 0.173828 0.953125 0.171875 0.955078 0.171875 0.964844 0.173828 0.964844 0.177734 0.968750 0.177734 0.974609 0.175781 0.976562 0.175781 0.978516 0.173828 0.980469 0.173828 0.986328 0.179688 0.992188 0.296875 0.992188 0.296875 0.984375 0.298828 0.982422 0.298828 0.980469 0.300781 0.978516 0.300781 0.974609 0.294922 0.968750 0.289062 0.968750 0.283203 0.974609 0.281250 0.972656 0.277344 0.972656 0.275391 0.970703 0.275391 0.964844 0.273438 0.962891 0.273438 0.960938 0.269531 0.957031 0.269531 0.955078 0.271484 0.953125 0.279297 0.953125 0.285156 0.947266 0.287109 0.947266 0.289062 0.945312 0.292969 0.945312 0.294922 0.947266 0.300781 0.947266 0.304688 0.943359 0.310547 0.943359 0.312500 0.945312 0.312500 0.947266 0.314453 0.949219 0.316406 0.949219 0.318359 0.951172 0.318359 0.953125 0.322266 0.953125 0.324219 0.955078 0.326172 0.955078 0.328125 0.957031 0.328125 0.958984 0.333984 0.958984 0.335938 0.960938 0.335938 0.962891 0.339844 0.966797 0.341797 0.966797 0.343750 0.968750 0.347656 0.968750 0.349609 0.970703 0.351562 0.970703 0.359375 0.978516 0.363281 0.978516 0.365234 0.976562 0.365234 0.974609 0.371094 0.968750 0.371094 0.966797 0.375000 0.962891 0.376953 0.962891 0.378906 0.960938 0.378906 0.958984 0.380859 0.957031 0.382812 0.957031 0.384766 0.955078 0.386719 0.955078 0.388672 0.957031 0.390625 0.957031 0.392578 0.955078 0.394531 0.955078 0.394531 0.953125 0.396484 0.951172 0.396484 0.947266 0.400391 0.943359 0.402344 0.945312 0.404297 0.945312 0.408203 0.949219 0.410156 0.949219 0.410156 0.943359 0.408203 0.941406 0.408203 0.939453 0.404297 0.939453 0.402344 0.941406 0.400391 0.941406 0.398438 0.939453 0.400391 0.937500 0.400391 0.935547 0.404297 0.931641 0.404297 0.929688 0.400391 0.925781 0.404297 0.921875 0.404297 0.916016 0.402344 0.914062 0.402344 0.904297 0.400391 0.902344 0.400391 0.898438 0.398438 0.896484 0.398438 0.894531 0.396484 0.892578 0.396484 0.890625
0 0.324219 0.890625 0.324219 0.898438 0.328125 0.898438 0.330078 0.900391 0.332031 0.900391 0.332031 0.896484 0.330078 0.894531 0.330078 0.892578 0.328125 0.890625
0 0.474609 0.886719 0.474609 0.888672 0.476562 0.890625 0.476562 0.892578 0.474609 0.894531 0.474609 0.896484 0.472656 0.898438 0.470703 0.898438 0.468750 0.900391 0.464844 0.900391 0.462891 0.902344 0.458984 0.902344 0.457031 0.904297 0.455078 0.904297 0.453125 0.906250 0.451172 0.906250 0.451172 0.917969 0.449219 0.919922 0.449219 0.923828 0.447266 0.925781 0.447266 0.929688 0.449219 0.929688 0.451172 0.931641 0.451172 0.933594 0.453125 0.933594 0.455078 0.935547 0.460938 0.935547 0.462891 0.933594 0.464844 0.933594 0.464844 0.923828 0.466797 0.921875 0.468750 0.921875 0.468750 0.919922 0.470703 0.917969 0.476562 0.917969 0.478516 0.919922 0.480469 0.919922 0.482422 0.921875 0.484375 0.921875 0.486328 0.923828 0.486328 0.925781 0.488281 0.925781 0.488281 0.923828 0.490234 0.921875 0.490234 0.908203 0.492188 0.906250 0.496094 0.906250 0.498047 0.908203 0.498047 0.906250 0.501953 0.902344 0.501953 0.896484 0.500000 0.896484 0.498047 0.898438 0.496094 0.896484 0.496094 0.892578 0.494141 0.890625 0.494141 0.888672 0.492188 0.886719
0 0.716797 0.869141 0.716797 0.876953 0.718750 0.878906 0.718750 0.880859 0.720703 0.882812 0.728516 0.882812 0.740234 0.871094 0.740234 0.869141 0.738281 0.869141 0.736328 0.871094 0.734375 0.871094 0.730469 0.875000 0.726562 0.875000 0.724609 0.876953 0.722656 0.875000 0.722656 0.873047 0.720703 0.871094 0.720703 0.869141
0 0.056641 0.845703 0.056641 0.851562 0.050781 0.857422 0.048828 0.857422 0.042969 0.863281 0.041016 0.863281 0.039062 0.861328 0.035156 0.861328 0.029297 0.855469 0.029297 0.853516 0.027344 0.851562 0.027344 0.849609 0.019531 0.849609 0.017578 0.851562 0.017578 0.859375 0.019531 0.861328 0.021484 0.861328 0.025391 0.865234 0.025391 0.869141 0.029297 0.873047 0.031250 0.873047 0.033203 0.875000 0.035156 0.875000 0.037109 0.876953 0.041016 0.876953 0.044922 0.873047 0.054688 0.873047 0.062500 0.880859 0.074219 0.880859 0.076172 0.882812 0.083984 0.882812 0.083984 0.878906 0.085938 0.876953 0.085938 0.875000 0.089844 0.871094 0.089844 0.867188 0.087891 0.865234 0.085938 0.865234 0.082031 0.861328 0.080078 0.861328 0.078125 0.859375 0.078125 0.857422 0.074219 0.853516 0.072266 0.853516 0.068359 0.849609 0.068359 0.847656 0.066406 0.845703
0 0.974609 0.843750 0.970703 0.847656 0.966797 0.847656 0.966797 0.853516 0.962891 0.857422 0.962891 0.859375 0.960938 0.861328 0.958984 0.861328 0.957031 0.863281 0.960938 0.867188 0.960938 0.865234 0.962891 0.863281 0.972656 0.863281 0.974609 0.865234 0.974609 0.875000 0.976562 0.875000 0.978516 0.876953 0.984375 0.876953 0.984375 0.865234 0.982422 0.863281 0.984375 0.861328 0.984375 0.855469 0.986328 0.853516 0.986328 0.847656 0.984375 0.845703 0.976562 0.845703
0 0.910156 0.837891 0.908203 0.839844 0.908203 0.847656 0.906250 0.849609 0.900391 0.849609 0.898438 0.851562 0.898438 0.857422 0.904297 0.863281 0.906250 0.863281 0.906250 0.857422 0.910156 0.853516 0.912109 0.855469 0.916016 0.855469 0.923828 0.847656 0.923828 0.843750 0.921875 0.843750 0.916016 0.837891
0 0.892578 0.832031 0.890625 0.833984 0.884766 0.833984 0.882812 0.835938 0.880859 0.835938 0.878906 0.837891 0.875000 0.837891 0.875000 0.839844 0.873047 0.841797 0.863281 0.841797 0.861328 0.843750 0.861328 0.849609 0.867188 0.855469 0.867188 0.857422 0.865234 0.859375 0.865234 0.861328 0.861328 0.865234 0.861328 0.867188 0.857422 0.871094 0.857422 0.875000 0.853516 0.878906 0.853516 0.880859 0.851562 0.882812 0.851562 0.884766 0.853516 0.886719 0.853516 0.888672 0.851562 0.890625 0.849609 0.888672 0.847656 0.888672 0.845703 0.890625 0.843750 0.890625 0.841797 0.888672 0.833984 0.888672 0.832031 0.890625 0.832031 0.894531 0.835938 0.898438 0.835938 0.900391 0.833984 0.902344 0.832031 0.902344 0.826172 0.896484 0.826172 0.892578 0.818359 0.892578 0.816406 0.890625 0.814453 0.890625 0.812500 0.888672 0.812500 0.886719 0.814453 0.884766 0.816406 0.884766 0.820312 0.880859 0.820312 0.878906 0.822266 0.876953 0.820312 0.875000 0.820312 0.873047 0.816406 0.869141 0.814453 0.869141 0.812500 0.867188 0.810547 0.867188 0.808594 0.865234 0.798828 0.865234 0.794922 0.869141 0.792969 0.869141 0.791016 0.871094 0.789062 0.869141 0.785156 0.869141 0.783203 0.871094 0.783203 0.875000 0.787109 0.878906 0.787109 0.880859 0.789062 0.882812 0.789062 0.908203 0.792969 0.912109 0.792969 0.917969 0.791016 0.919922 0.791016 0.923828 0.796875 0.929688 0.796875 0.931641 0.808594 0.931641 0.812500 0.927734 0.814453 0.927734 0.816406 0.925781 0.826172 0.925781 0.828125 0.927734 0.830078 0.927734 0.833984 0.931641 0.833984 0.933594 0.835938 0.935547 0.835938 0.939453 0.833984 0.941406 0.828125 0.941406 0.826172 0.943359 0.818359 0.943359 0.816406 0.941406 0.806641 0.941406 0.804688 0.943359 0.806641 0.943359 0.808594 0.945312 0.808594 0.947266 0.810547 0.949219 0.808594 0.951172 0.804688 0.951172 0.796875 0.943359 0.794922 0.943359 0.792969 0.941406 0.783203 0.941406 0.781250 0.939453 0.775391 0.939453 0.773438 0.941406 0.773438 0.951172 0.777344 0.955078 0.777344 0.958984 0.771484 0.964844 0.771484 0.966797 0.769531 0.968750 0.769531 0.972656 0.767578 0.974609 0.759766 0.974609 0.755859 0.970703 0.755859 0.966797 0.753906 0.966797 0.751953 0.964844 0.750000 0.964844 0.748047 0.962891 0.744141 0.962891 0.744141 0.964844 0.742188 0.966797 0.738281 0.966797 0.736328 0.964844 0.734375 0.964844 0.734375 0.968750 0.736328 0.970703 0.738281 0.970703 0.742188 0.974609 0.744141 0.974609 0.746094 0.976562 0.748047 0.976562 0.757812 0.986328 0.757812 0.988281 0.761719 0.988281 0.765625 0.992188 0.929688 0.992188 0.929688 0.990234 0.931641 0.988281 0.931641 0.980469 0.929688 0.978516 0.929688 0.972656 0.914062 0.972656 0.912109 0.970703 0.910156 0.970703 0.908203 0.968750 0.908203 0.964844 0.910156 0.962891 0.914062 0.962891 0.916016 0.960938 0.912109 0.957031 0.914062 0.955078 0.917969 0.955078 0.919922 0.953125 0.919922 0.951172 0.923828 0.947266 0.923828 0.943359 0.925781 0.941406 0.925781 0.939453 0.929688 0.935547 0.933594 0.935547 0.931641 0.933594 0.931641 0.923828 0.939453 0.916016 0.939453 0.904297 0.935547 0.904297 0.933594 0.902344 0.933594 0.898438 0.923828 0.898438 0.921875 0.896484 0.919922 0.896484 0.917969 0.894531 0.910156 0.894531 0.908203 0.892578 0.908203 0.890625 0.904297 0.886719 0.906250 0.884766 0.906250 0.882812 0.910156 0.878906 0.912109 0.880859 0.914062 0.878906 0.914062 0.875000 0.910156 0.875000 0.908203 0.873047 0.906250 0.873047 0.898438 0.865234 0.896484 0.865234 0.894531 0.863281 0.890625 0.863281 0.886719 0.859375 0.886719 0.857422 0.884766 0.857422 0.878906 0.851562 0.878906 0.847656 0.882812 0.843750 0.884766 0.843750 0.888672 0.839844 0.890625 0.839844 0.892578 0.837891 0.894531 0.837891 0.894531 0.832031
0 0.033203 0.812500 0.029297 0.816406 0.029297 0.818359 0.027344 0.820312 0.027344 0.828125 0.029297 0.828125 0.031250 0.826172 0.035156 0.826172 0.035156 0.824219 0.037109 0.822266 0.037109 0.818359 0.039062 0.816406 0.039062 0.814453 0.037109 0.814453 0.035156 0.812500
0 0.521484 0.808594 0.521484 0.812500 0.523438 0.814453 0.523438 0.816406 0.527344 0.816406 0.527344 0.810547 0.525391 0.808594
0 0.927734 0.794922 0.927734 0.796875 0.925781 0.798828 0.925781 0.802734 0.927734 0.804688 0.933594 0.804688 0.935547 0.802734 0.935547 0.794922
0 0.890625 0.794922 0.888672 0.796875 0.886719 0.796875 0.892578 0.796875 0.894531 0.798828 0.900391 0.798828 0.902344 0.800781 0.902344 0.796875 0.900391 0.794922
0 0.753906 0.791016 0.751953 0.792969 0.750000 0.792969 0.748047 0.794922 0.748047 0.800781 0.750000 0.802734 0.750000 0.806641 0.748047 0.808594 0.748047 0.812500 0.746094 0.814453 0.746094 0.816406 0.744141 0.818359 0.744141 0.820312 0.742188 0.822266 0.738281 0.822266 0.738281 0.824219 0.736328 0.826172 0.732422 0.826172 0.730469 0.828125 0.730469 0.832031 0.734375 0.832031 0.736328 0.830078 0.738281 0.830078 0.740234 0.832031 0.740234 0.833984 0.746094 0.833984 0.746094 0.832031 0.748047 0.830078 0.748047 0.828125 0.751953 0.824219 0.751953 0.820312 0.753906 0.818359 0.753906 0.814453 0.755859 0.812500 0.755859 0.810547 0.757812 0.808594 0.757812 0.804688 0.761719 0.800781 0.761719 0.796875 0.755859 0.791016
0 0.029297 0.787109 0.027344 0.789062 0.027344 0.792969 0.031250 0.796875 0.033203 0.796875 0.035156 0.798828 0.041016 0.798828 0.042969 0.796875 0.046875 0.796875 0.046875 0.794922 0.044922 0.792969 0.042969 0.792969 0.041016 0.791016 0.039062 0.791016 0.037109 0.789062 0.035156 0.789062 0.033203 0.787109
0 0.000000 0.767578 0.000000 0.781250 0.003906 0.785156 0.003906 0.787109 0.005859 0.789062 0.005859 0.792969 0.007812 0.794922 0.007812 0.796875 0.013672 0.796875 0.015625 0.794922 0.015625 0.783203 0.013672 0.783203 0.007812 0.777344 0.007812 0.775391 0.005859 0.773438 0.005859 0.771484 0.003906 0.769531 0.003906 0.767578
0 0.826172 0.759766 0.824219 0.761719 0.822266 0.761719 0.818359 0.765625 0.818359 0.769531 0.816406 0.771484 0.816406 0.773438 0.814453 0.775391 0.814453 0.777344 0.812500 0.779297 0.810547 0.779297 0.810547 0.791016 0.806641 0.794922 0.800781 0.794922 0.798828 0.792969 0.798828 0.791016 0.791016 0.791016 0.789062 0.789062 0.787109 0.791016 0.779297 0.791016 0.779297 0.794922 0.781250 0.796875 0.781250 0.802734 0.783203 0.804688 0.783203 0.810547 0.781250 0.812500 0.781250 0.814453 0.779297 0.816406 0.779297 0.820312 0.781250 0.822266 0.783203 0.822266 0.785156 0.824219 0.789062 0.824219 0.791016 0.826172 0.791016 0.828125 0.792969 0.830078 0.792969 0.832031 0.794922 0.833984 0.794922 0.837891 0.798828 0.841797 0.798828 0.843750 0.802734 0.847656 0.804688 0.847656 0.806641 0.849609 0.810547 0.849609 0.812500 0.851562 0.816406 0.851562 0.818359 0.853516 0.820312 0.853516 0.818359 0.851562 0.816406 0.851562 0.810547 0.845703 0.810547 0.843750 0.812500 0.841797 0.820312 0.841797 0.826172 0.847656 0.826172 0.851562 0.830078 0.855469 0.837891 0.855469 0.841797 0.851562 0.841797 0.849609 0.845703 0.845703 0.845703 0.841797 0.847656 0.839844 0.847656 0.830078 0.843750 0.826172 0.843750 0.822266 0.849609 0.816406 0.849609 0.814453 0.853516 0.810547 0.853516 0.808594 0.857422 0.804688 0.857422 0.798828 0.849609 0.791016 0.849609 0.781250 0.851562 0.779297 0.851562 0.771484 0.847656 0.767578 0.847656 0.765625 0.845703 0.763672 0.839844 0.763672 0.837891 0.761719 0.830078 0.761719 0.828125 0.759766
0 0.068359 0.718750 0.066406 0.720703 0.066406 0.722656 0.064453 0.724609 0.060547 0.724609 0.056641 0.728516 0.056641 0.730469 0.054688 0.732422 0.054688 0.734375 0.052734 0.736328 0.052734 0.740234 0.056641 0.744141 0.056641 0.748047 0.046875 0.757812 0.041016 0.757812 0.039062 0.755859 0.039062 0.748047 0.033203 0.748047 0.033203 0.751953 0.031250 0.753906 0.031250 0.757812 0.035156 0.761719 0.037109 0.761719 0.041016 0.765625 0.035156 0.771484 0.035156 0.779297 0.044922 0.779297 0.046875 0.781250 0.046875 0.783203 0.048828 0.783203 0.052734 0.787109 0.052734 0.789062 0.054688 0.791016 0.052734 0.792969 0.052734 0.802734 0.054688 0.804688 0.054688 0.820312 0.056641 0.822266 0.056641 0.826172 0.052734 0.830078 0.050781 0.830078 0.050781 0.837891 0.052734 0.839844 0.056641 0.839844 0.056641 0.837891 0.062500 0.832031 0.064453 0.832031 0.066406 0.830078 0.066406 0.826172 0.070312 0.822266 0.074219 0.822266 0.076172 0.824219 0.076172 0.826172 0.078125 0.826172 0.080078 0.828125 0.082031 0.828125 0.083984 0.826172 0.085938 0.826172 0.085938 0.824219 0.087891 0.822266 0.089844 0.824219 0.093750 0.824219 0.095703 0.826172 0.095703 0.835938 0.097656 0.837891 0.097656 0.839844 0.101562 0.839844 0.103516 0.837891 0.105469 0.837891 0.105469 0.826172 0.107422 0.824219 0.107422 0.818359 0.105469 0.818359 0.103516 0.816406 0.105469 0.814453 0.103516 0.814453 0.097656 0.808594 0.097656 0.802734 0.095703 0.800781 0.095703 0.796875 0.097656 0.794922 0.097656 0.791016 0.099609 0.789062 0.099609 0.787109 0.101562 0.785156 0.105469 0.785156 0.105469 0.781250 0.103516 0.779297 0.101562 0.779297 0.099609 0.777344 0.099609 0.775391 0.097656 0.775391 0.095703 0.773438 0.095703 0.771484 0.093750 0.769531 0.091797 0.769531 0.087891 0.765625 0.087891 0.763672 0.083984 0.763672 0.082031 0.761719 0.082031 0.757812 0.080078 0.755859 0.078125 0.755859 0.076172 0.753906 0.082031 0.748047 0.082031 0.744141 0.078125 0.740234 0.078125 0.734375 0.076172 0.732422 0.076172 0.728516 0.074219 0.728516 0.072266 0.726562 0.072266 0.722656
0 0.121094 0.714844 0.119141 0.716797 0.109375 0.716797 0.107422 0.718750 0.105469 0.718750 0.103516 0.716797 0.101562 0.716797 0.099609 0.718750 0.099609 0.720703 0.097656 0.722656 0.095703 0.722656 0.093750 0.724609 0.093750 0.726562 0.095703 0.728516 0.097656 0.728516 0.099609 0.730469 0.101562 0.730469 0.103516 0.732422 0.103516 0.734375 0.099609 0.738281 0.099609 0.744141 0.101562 0.744141 0.103516 0.746094 0.103516 0.748047 0.105469 0.750000 0.107422 0.750000 0.109375 0.751953 0.117188 0.751953 0.119141 0.753906 0.125000 0.753906 0.128906 0.750000 0.128906 0.748047 0.130859 0.746094 0.130859 0.742188 0.132812 0.740234 0.132812 0.738281 0.134766 0.736328 0.134766 0.732422 0.140625 0.726562 0.140625 0.722656 0.132812 0.722656 0.130859 0.720703 0.130859 0.716797 0.126953 0.716797 0.125000 0.714844
0 0.894531 0.693359 0.892578 0.695312 0.892578 0.699219 0.896484 0.699219 0.898438 0.697266 0.902344 0.697266 0.904297 0.695312 0.902344 0.693359
0 0.906250 0.673828 0.906250 0.675781 0.902344 0.679688 0.902344 0.683594 0.904297 0.683594 0.906250 0.685547 0.912109 0.679688 0.912109 0.675781 0.910156 0.673828
0 0.685547 0.664062 0.683594 0.666016 0.683594 0.671875 0.679688 0.675781 0.677734 0.675781 0.675781 0.677734 0.675781 0.679688 0.679688 0.679688 0.681641 0.677734 0.683594 0.677734 0.685547 0.675781 0.691406 0.675781 0.697266 0.681641 0.697266 0.683594 0.685547 0.695312 0.685547 0.697266 0.687500 0.699219 0.689453 0.699219 0.691406 0.701172 0.693359 0.701172 0.697266 0.705078 0.697266 0.710938 0.701172 0.710938 0.703125 0.712891 0.710938 0.712891 0.712891 0.714844 0.712891 0.718750 0.714844 0.718750 0.718750 0.722656 0.724609 0.722656 0.724609 0.720703 0.718750 0.714844 0.716797 0.714844 0.714844 0.712891 0.714844 0.703125 0.712891 0.703125 0.710938 0.701172 0.708984 0.701172 0.703125 0.695312 0.703125 0.689453 0.707031 0.685547 0.710938 0.685547 0.710938 0.683594 0.712891 0.681641 0.707031 0.675781 0.707031 0.673828 0.705078 0.673828 0.701172 0.669922 0.699219 0.669922 0.697266 0.667969 0.693359 0.667969 0.691406 0.666016 0.687500 0.666016
0 0.927734 0.658203 0.921875 0.664062 0.916016 0.664062 0.916016 0.666016 0.917969 0.666016 0.919922 0.667969 0.921875 0.667969 0.925781 0.671875 0.925781 0.673828 0.927734 0.675781 0.925781 0.677734 0.925781 0.679688 0.921875 0.683594 0.919922 0.683594 0.917969 0.685547 0.916016 0.685547 0.914062 0.687500 0.912109 0.687500 0.910156 0.689453 0.910156 0.691406 0.919922 0.691406 0.921875 0.693359 0.921875 0.701172 0.929688 0.701172 0.931641 0.703125 0.935547 0.703125 0.937500 0.701172 0.939453 0.701172 0.941406 0.699219 0.943359 0.701172 0.943359 0.703125 0.945312 0.703125 0.947266 0.705078 0.949219 0.705078 0.960938 0.716797 0.960938 0.718750 0.962891 0.720703 0.964844 0.718750 0.966797 0.718750 0.974609 0.710938 0.976562 0.710938 0.978516 0.712891 0.980469 0.712891 0.982422 0.710938 0.984375 0.710938 0.984375 0.707031 0.982422 0.705078 0.982422 0.701172 0.984375 0.699219 0.990234 0.699219 0.992188 0.701172 0.992188 0.693359 0.990234 0.693359 0.984375 0.687500 0.984375 0.685547 0.980469 0.685547 0.978516 0.683594 0.976562 0.685547 0.974609 0.683594 0.972656 0.685547 0.970703 0.685547 0.966797 0.689453 0.966797 0.691406 0.964844 0.693359 0.960938 0.693359 0.958984 0.691406 0.958984 0.683594 0.957031 0.681641 0.957031 0.679688 0.955078 0.677734 0.955078 0.673828 0.953125 0.671875 0.951172 0.671875 0.949219 0.669922 0.945312 0.669922 0.943359 0.667969 0.941406 0.669922 0.935547 0.669922 0.933594 0.667969 0.933594 0.660156 0.931641 0.660156 0.929688 0.658203
0 0.662109 0.656250 0.658203 0.660156 0.658203 0.664062 0.660156 0.666016 0.656250 0.669922 0.652344 0.669922 0.650391 0.667969 0.646484 0.667969 0.644531 0.669922 0.634766 0.669922 0.634766 0.671875 0.632812 0.673828 0.632812 0.677734 0.636719 0.681641 0.636719 0.683594 0.640625 0.683594 0.642578 0.685547 0.650391 0.685547 0.654297 0.689453 0.656250 0.687500 0.660156 0.687500 0.660156 0.681641 0.658203 0.679688 0.658203 0.677734 0.656250 0.675781 0.656250 0.673828 0.658203 0.671875 0.658203 0.667969 0.660156 0.666016 0.662109 0.667969 0.666016 0.667969 0.666016 0.664062 0.664062 0.662109 0.666016 0.660156 0.664062 0.658203 0.666016 0.656250
0 0.482422 0.650391 0.482422 0.652344 0.480469 0.654297 0.480469 0.656250 0.476562 0.660156 0.474609 0.660156 0.472656 0.662109 0.470703 0.662109 0.468750 0.664062 0.466797 0.664062 0.464844 0.666016 0.462891 0.666016 0.460938 0.667969 0.457031 0.664062 0.457031 0.660156 0.447266 0.660156 0.441406 0.666016 0.437500 0.666016 0.435547 0.667969 0.433594 0.667969 0.431641 0.669922 0.431641 0.673828 0.441406 0.683594 0.439453 0.685547 0.433594 0.685547 0.433594 0.693359 0.431641 0.695312 0.431641 0.699219 0.427734 0.703125 0.427734 0.707031 0.425781 0.708984 0.425781 0.712891 0.421875 0.716797 0.421875 0.720703 0.419922 0.722656 0.419922 0.757812 0.423828 0.761719 0.423828 0.763672 0.421875 0.765625 0.423828 0.767578 0.423828 0.773438 0.425781 0.775391 0.425781 0.777344 0.427734 0.779297 0.427734 0.785156 0.431641 0.789062 0.431641 0.796875 0.435547 0.800781 0.439453 0.800781 0.441406 0.798828 0.443359 0.800781 0.443359 0.812500 0.447266 0.816406 0.449219 0.816406 0.453125 0.820312 0.455078 0.820312 0.457031 0.822266 0.458984 0.822266 0.466797 0.830078 0.466797 0.839844 0.468750 0.841797 0.472656 0.841797 0.476562 0.845703 0.474609 0.847656 0.476562 0.847656 0.478516 0.849609 0.478516 0.851562 0.476562 0.853516 0.476562 0.855469 0.472656 0.859375 0.470703 0.859375 0.470703 0.861328 0.476562 0.861328 0.478516 0.863281 0.478516 0.869141 0.482422 0.873047 0.484375 0.873047 0.486328 0.875000 0.490234 0.875000 0.494141 0.878906 0.500000 0.878906 0.505859 0.873047 0.505859 0.871094 0.498047 0.871094 0.494141 0.867188 0.494141 0.865234 0.496094 0.863281 0.496094 0.853516 0.494141 0.851562 0.490234 0.851562 0.488281 0.849609 0.490234 0.847656 0.492188 0.847656 0.492188 0.835938 0.488281 0.832031 0.488281 0.826172 0.494141 0.820312 0.494141 0.818359 0.496094 0.816406 0.496094 0.814453 0.498047 0.812500 0.498047 0.810547 0.500000 0.808594 0.501953 0.810547 0.501953 0.812500 0.509766 0.820312 0.511719 0.820312 0.511719 0.816406 0.509766 0.814453 0.509766 0.812500 0.507812 0.810547 0.507812 0.798828 0.509766 0.796875 0.519531 0.796875 0.521484 0.794922 0.527344 0.794922 0.533203 0.800781 0.535156 0.800781 0.537109 0.802734 0.537109 0.804688 0.539062 0.802734 0.546875 0.802734 0.550781 0.806641 0.550781 0.808594 0.552734 0.810547 0.552734 0.812500 0.556641 0.816406 0.556641 0.820312 0.558594 0.820312 0.560547 0.822266 0.562500 0.822266 0.564453 0.824219 0.566406 0.824219 0.568359 0.826172 0.568359 0.830078 0.576172 0.837891 0.576172 0.863281 0.578125 0.865234 0.578125 0.869141 0.580078 0.871094 0.580078 0.878906 0.578125 0.880859 0.578125 0.882812 0.576172 0.884766 0.576172 0.890625 0.580078 0.894531 0.578125 0.896484 0.578125 0.902344 0.576172 0.904297 0.574219 0.904297 0.574219 0.906250 0.572266 0.908203 0.570312 0.908203 0.566406 0.912109 0.562500 0.912109 0.560547 0.914062 0.556641 0.914062 0.554688 0.916016 0.552734 0.916016 0.550781 0.914062 0.550781 0.908203 0.548828 0.906250 0.548828 0.900391 0.546875 0.900391 0.544922 0.902344 0.542969 0.900391 0.541016 0.900391 0.539062 0.898438 0.537109 0.898438 0.535156 0.896484 0.533203 0.898438 0.531250 0.896484 0.531250 0.894531 0.533203 0.892578 0.535156 0.892578 0.535156 0.888672 0.531250 0.888672 0.527344 0.884766 0.527344 0.882812 0.525391 0.882812 0.523438 0.884766 0.519531 0.884766 0.517578 0.886719 0.509766 0.886719 0.507812 0.888672 0.505859 0.888672 0.505859 0.908203 0.507812 0.908203 0.511719 0.912109 0.511719 0.916016 0.509766 0.917969 0.507812 0.917969 0.501953 0.923828 0.501953 0.927734 0.500000 0.929688 0.498047 0.929688 0.496094 0.931641 0.494141 0.931641 0.494141 0.933594 0.490234 0.937500 0.490234 0.941406 0.492188 0.943359 0.498047 0.943359 0.501953 0.939453 0.509766 0.939453 0.513672 0.943359 0.515625 0.943359 0.521484 0.949219 0.523438 0.949219 0.527344 0.953125 0.527344 0.955078 0.531250 0.955078 0.533203 0.957031 0.533203 0.966797 0.541016 0.966797 0.544922 0.970703 0.542969 0.972656 0.548828 0.972656 0.550781 0.974609 0.550781 0.976562 0.548828 0.978516 0.548828 0.986328 0.554688 0.992188 0.716797 0.992188 0.716797 0.990234 0.714844 0.990234 0.710938 0.986328 0.710938 0.980469 0.708984 0.978516 0.707031 0.978516 0.705078 0.980469 0.695312 0.980469 0.691406 0.976562 0.691406 0.966797 0.689453 0.964844 0.689453 0.955078 0.685547 0.951172 0.685547 0.949219 0.683594 0.947266 0.683594 0.939453 0.685547 0.937500 0.687500 0.937500 0.689453 0.935547 0.689453 0.933594 0.687500 0.933594 0.685547 0.935547 0.683594 0.933594 0.683594 0.927734 0.685547 0.925781 0.687500 0.927734 0.689453 0.927734 0.691406 0.929688 0.695312 0.929688 0.695312 0.923828 0.693359 0.923828 0.689453 0.919922 0.689453 0.917969 0.683594 0.912109 0.683594 0.910156 0.681641 0.910156 0.679688 0.908203 0.679688 0.906250 0.671875 0.898438 0.673828 0.896484 0.673828 0.888672 0.671875 0.886719 0.671875 0.884766 0.666016 0.878906 0.666016 0.876953 0.664062 0.875000 0.664062 0.871094 0.667969 0.867188 0.671875 0.867188 0.675781 0.863281 0.683594 0.863281 0.685547 0.861328 0.687500 0.861328 0.689453 0.859375 0.693359 0.859375 0.695312 0.857422 0.695312 0.853516 0.701172 0.847656 0.710938 0.847656 0.714844 0.843750 0.718750 0.843750 0.720703 0.841797 0.720703 0.839844 0.718750 0.837891 0.718750 0.833984 0.716797 0.832031 0.716797 0.822266 0.720703 0.818359 0.720703 0.814453 0.722656 0.812500 0.710938 0.800781 0.710938 0.796875 0.712891 0.794922 0.712891 0.779297 0.714844 0.777344 0.718750 0.777344 0.720703 0.779297 0.720703 0.781250 0.726562 0.781250 0.728516 0.779297 0.732422 0.779297 0.734375 0.781250 0.734375 0.783203 0.732422 0.785156 0.730469 0.785156 0.728516 0.787109 0.728516 0.789062 0.726562 0.791016 0.726562 0.796875 0.730469 0.800781 0.730469 0.806641 0.734375 0.806641 0.734375 0.804688 0.736328 0.802734 0.736328 0.800781 0.738281 0.798828 0.738281 0.796875 0.740234 0.794922 0.740234 0.792969 0.746094 0.787109 0.746094 0.763672 0.750000 0.759766 0.750000 0.757812 0.751953 0.755859 0.750000 0.753906 0.750000 0.751953 0.748047 0.750000 0.748047 0.748047 0.744141 0.748047 0.742188 0.746094 0.740234 0.746094 0.738281 0.744141 0.738281 0.742188 0.736328 0.742188 0.730469 0.736328 0.728516 0.736328 0.724609 0.732422 0.724609 0.734375 0.716797 0.742188 0.716797 0.761719 0.714844 0.763672 0.701172 0.763672 0.699219 0.761719 0.697266 0.761719 0.687500 0.751953 0.687500 0.744141 0.689453 0.742188 0.691406 0.742188 0.691406 0.738281 0.697266 0.732422 0.701172 0.736328 0.705078 0.736328 0.708984 0.732422 0.708984 0.730469 0.710938 0.728516 0.708984 0.726562 0.705078 0.726562 0.697266 0.718750 0.697266 0.716797 0.695312 0.714844 0.687500 0.714844 0.681641 0.708984 0.681641 0.707031 0.679688 0.705078 0.677734 0.705078 0.675781 0.703125 0.673828 0.703125 0.669922 0.699219 0.669922 0.697266 0.662109 0.697266 0.660156 0.699219 0.644531 0.699219 0.642578 0.697266 0.630859 0.697266 0.628906 0.699219 0.623047 0.699219 0.621094 0.697266 0.619141 0.697266 0.617188 0.695312 0.611328 0.695312 0.609375 0.693359 0.607422 0.693359 0.605469 0.695312 0.603516 0.695312 0.603516 0.699219 0.601562 0.701172 0.599609 0.701172 0.593750 0.695312 0.593750 0.691406 0.589844 0.687500 0.582031 0.687500 0.580078 0.689453 0.580078 0.691406 0.578125 0.693359 0.572266 0.693359 0.570312 0.691406 0.562500 0.691406 0.560547 0.693359 0.560547 0.695312 0.558594 0.697266 0.558594 0.699219 0.556641 0.701172 0.556641 0.703125 0.554688 0.705078 0.554688 0.707031 0.550781 0.710938 0.550781 0.712891 0.548828 0.714844 0.548828 0.724609 0.550781 0.726562 0.550781 0.730469 0.548828 0.732422 0.546875 0.732422 0.544922 0.734375 0.544922 0.736328 0.542969 0.738281 0.539062 0.738281 0.537109 0.736328 0.537109 0.732422 0.535156 0.730469 0.523438 0.730469 0.517578 0.724609 0.517578 0.722656 0.513672 0.718750 0.513672 0.714844 0.515625 0.712891 0.515625 0.710938 0.519531 0.707031 0.519531 0.705078 0.517578 0.703125 0.517578 0.699219 0.513672 0.695312 0.521484 0.687500 0.523438 0.687500 0.531250 0.695312 0.535156 0.695312 0.535156 0.689453 0.529297 0.683594 0.527344 0.683594 0.523438 0.679688 0.523438 0.669922 0.521484 0.667969 0.517578 0.667969 0.515625 0.666016 0.511719 0.666016 0.507812 0.662109 0.507812 0.660156 0.501953 0.654297 0.498047 0.654297 0.496094 0.652344 0.492188 0.652344 0.490234 0.650391
0 0.246094 0.607422 0.244141 0.609375 0.244141 0.611328 0.248047 0.615234 0.251953 0.615234 0.251953 0.609375 0.250000 0.607422
0 0.253906 0.580078 0.253906 0.582031 0.251953 0.583984 0.251953 0.591797 0.257812 0.597656 0.269531 0.597656 0.269531 0.593750 0.265625 0.589844 0.263672 0.589844 0.259766 0.585938 0.259766 0.583984 0.257812 0.582031 0.257812 0.580078
0 0.890625 0.525391 0.888672 0.527344 0.886719 0.527344 0.884766 0.529297 0.884766 0.531250 0.886719 0.533203 0.886719 0.535156 0.884766 0.537109 0.882812 0.537109 0.880859 0.539062 0.884766 0.539062 0.886719 0.541016 0.884766 0.542969 0.884766 0.548828 0.890625 0.548828 0.892578 0.546875 0.894531 0.546875 0.896484 0.548828 0.896484 0.556641 0.898438 0.558594 0.898438 0.560547 0.904297 0.566406 0.904297 0.572266 0.902344 0.574219 0.902344 0.576172 0.904297 0.578125 0.904297 0.585938 0.906250 0.587891 0.908203 0.587891 0.910156 0.589844 0.910156 0.591797 0.912109 0.593750 0.912109 0.595703 0.916016 0.599609 0.916016 0.605469 0.919922 0.605469 0.929688 0.615234 0.929688 0.621094 0.931641 0.623047 0.931641 0.625000 0.933594 0.626953 0.935547 0.626953 0.937500 0.628906 0.945312 0.628906 0.947266 0.630859 0.949219 0.630859 0.951172 0.628906 0.955078 0.628906 0.957031 0.630859 0.958984 0.630859 0.960938 0.632812 0.960938 0.642578 0.962891 0.644531 0.962891 0.652344 0.960938 0.654297 0.957031 0.650391 0.957031 0.648438 0.955078 0.646484 0.955078 0.640625 0.953125 0.638672 0.951172 0.638672 0.951172 0.640625 0.949219 0.642578 0.949219 0.646484 0.947266 0.648438 0.947266 0.658203 0.949219 0.660156 0.955078 0.660156 0.957031 0.662109 0.960938 0.662109 0.962891 0.664062 0.964844 0.664062 0.966797 0.666016 0.970703 0.666016 0.970703 0.664062 0.968750 0.662109 0.968750 0.658203 0.970703 0.656250 0.970703 0.654297 0.972656 0.652344 0.976562 0.652344 0.978516 0.650391 0.978516 0.648438 0.980469 0.646484 0.982422 0.646484 0.984375 0.644531 0.986328 0.644531 0.988281 0.646484 0.992188 0.646484 0.992188 0.539062 0.990234 0.537109 0.992188 0.535156 0.992188 0.531250 0.990234 0.531250 0.988281 0.529297 0.986328 0.529297 0.982422 0.525391 0.976562 0.525391 0.976562 0.531250 0.980469 0.531250 0.982422 0.533203 0.980469 0.535156 0.980469 0.537109 0.974609 0.542969 0.974609 0.546875 0.978516 0.550781 0.978516 0.554688 0.976562 0.556641 0.976562 0.558594 0.970703 0.564453 0.964844 0.564453 0.960938 0.560547 0.960938 0.558594 0.958984 0.556641 0.958984 0.554688 0.957031 0.554688 0.951172 0.548828 0.951172 0.544922 0.941406 0.544922 0.941406 0.546875 0.935547 0.552734 0.935547 0.554688 0.933594 0.556641 0.927734 0.556641 0.923828 0.552734 0.923828 0.550781 0.921875 0.550781 0.914062 0.542969 0.914062 0.539062 0.916016 0.537109 0.914062 0.535156 0.906250 0.535156 0.904297 0.533203 0.906250 0.531250 0.906250 0.529297 0.904297 0.527344 0.900391 0.527344 0.898438 0.529297 0.896484 0.529297 0.894531 0.527344 0.894531 0.525391
0 0.578125 0.443359 0.576172 0.445312 0.576172 0.451172 0.582031 0.451172 0.583984 0.449219 0.585938 0.449219 0.585938 0.445312 0.583984 0.443359
0 0.705078 0.435547 0.701172 0.439453 0.697266 0.439453 0.697266 0.441406 0.695312 0.443359 0.693359 0.443359 0.693359 0.445312 0.691406 0.447266 0.691406 0.451172 0.697266 0.451172 0.699219 0.453125 0.701172 0.453125 0.703125 0.455078 0.705078 0.455078 0.707031 0.457031 0.705078 0.458984 0.699219 0.458984 0.701172 0.458984 0.703125 0.460938 0.703125 0.462891 0.707031 0.462891 0.712891 0.468750 0.712891 0.472656 0.714844 0.474609 0.714844 0.480469 0.712891 0.482422 0.705078 0.482422 0.705078 0.484375 0.699219 0.490234 0.695312 0.490234 0.693359 0.488281 0.693359 0.484375 0.695312 0.482422 0.697266 0.482422 0.697266 0.476562 0.691406 0.470703 0.687500 0.470703 0.685547 0.472656 0.683594 0.472656 0.681641 0.474609 0.681641 0.476562 0.679688 0.478516 0.681641 0.480469 0.681641 0.490234 0.683594 0.490234 0.685547 0.492188 0.687500 0.492188 0.691406 0.496094 0.691406 0.498047 0.697266 0.503906 0.701172 0.503906 0.703125 0.501953 0.705078 0.501953 0.707031 0.500000 0.716797 0.500000 0.724609 0.507812 0.726562 0.507812 0.728516 0.509766 0.740234 0.509766 0.742188 0.511719 0.744141 0.511719 0.748047 0.507812 0.746094 0.505859 0.746094 0.503906 0.748047 0.501953 0.750000 0.501953 0.750000 0.498047 0.753906 0.494141 0.753906 0.492188 0.755859 0.490234 0.757812 0.490234 0.759766 0.488281 0.761719 0.488281 0.761719 0.486328 0.763672 0.484375 0.763672 0.482422 0.765625 0.480469 0.771484 0.480469 0.771484 0.472656 0.773438 0.470703 0.773438 0.468750 0.775391 0.466797 0.777344 0.466797 0.779297 0.464844 0.779297 0.462891 0.775391 0.462891 0.773438 0.460938 0.771484 0.460938 0.767578 0.457031 0.767578 0.455078 0.765625 0.453125 0.765625 0.451172 0.757812 0.443359 0.757812 0.441406 0.751953 0.435547 0.746094 0.435547 0.744141 0.437500 0.740234 0.437500 0.738281 0.439453 0.736328 0.439453 0.734375 0.441406 0.732422 0.441406 0.730469 0.443359 0.728516 0.443359 0.724609 0.439453 0.722656 0.441406 0.710938 0.441406 0.707031 0.437500 0.707031 0.435547
0 0.617188 0.435547 0.615234 0.437500 0.613281 0.437500 0.611328 0.439453 0.611328 0.441406 0.609375 0.443359 0.597656 0.443359 0.597656 0.447266 0.599609 0.449219 0.599609 0.455078 0.597656 0.457031 0.595703 0.457031 0.593750 0.455078 0.591797 0.455078 0.589844 0.453125 0.587891 0.455078 0.587891 0.458984 0.589844 0.458984 0.591797 0.460938 0.591797 0.462891 0.593750 0.462891 0.595703 0.464844 0.597656 0.464844 0.601562 0.468750 0.601562 0.470703 0.607422 0.470703 0.609375 0.468750 0.615234 0.468750 0.617188 0.470703 0.617188 0.472656 0.619141 0.474609 0.626953 0.474609 0.628906 0.472656 0.628906 0.470703 0.623047 0.464844 0.623047 0.460938 0.619141 0.457031 0.619141 0.451172 0.621094 0.449219 0.625000 0.449219 0.626953 0.451172 0.626953 0.453125 0.628906 0.455078 0.628906 0.457031 0.636719 0.457031 0.636719 0.449219 0.632812 0.445312 0.632812 0.437500 0.630859 0.435547
0 0.605469 0.425781 0.603516 0.427734 0.601562 0.427734 0.599609 0.429688 0.599609 0.431641 0.607422 0.431641 0.609375 0.429688 0.611328 0.429688 0.611328 0.427734 0.609375 0.425781
0 0.595703 0.390625 0.593750 0.392578 0.589844 0.392578 0.587891 0.394531 0.583984 0.394531 0.580078 0.398438 0.580078 0.406250 0.578125 0.408203 0.578125 0.410156 0.576172 0.412109 0.576172 0.414062 0.574219 0.416016 0.576172 0.417969 0.572266 0.421875 0.572266 0.423828 0.570312 0.425781 0.570312 0.429688 0.574219 0.429688 0.576172 0.431641 0.580078 0.431641 0.585938 0.425781 0.587891 0.425781 0.589844 0.423828 0.593750 0.423828 0.593750 0.419922 0.591797 0.419922 0.589844 0.417969 0.587891 0.417969 0.585938 0.416016 0.587891 0.414062 0.589844 0.414062 0.589844 0.412109 0.591797 0.410156 0.591797 0.408203 0.593750 0.406250 0.593750 0.404297 0.595703 0.402344 0.597656 0.402344 0.601562 0.398438 0.603516 0.398438 0.605469 0.396484 0.605469 0.392578 0.603516 0.390625
0 0.525391 0.390625 0.525391 0.400391 0.531250 0.406250 0.537109 0.406250 0.539062 0.408203 0.541016 0.408203 0.541016 0.404297 0.537109 0.400391 0.537109 0.396484 0.535156 0.396484 0.533203 0.394531 0.533203 0.392578 0.531250 0.390625
0 0.326172 0.322266 0.322266 0.326172 0.322266 0.328125 0.320312 0.330078 0.320312 0.335938 0.318359 0.337891 0.318359 0.349609 0.322266 0.349609 0.324219 0.351562 0.324219 0.363281 0.326172 0.365234 0.333984 0.365234 0.335938 0.363281 0.337891 0.363281 0.341797 0.359375 0.343750 0.361328 0.343750 0.367188 0.347656 0.367188 0.357422 0.376953 0.359375 0.376953 0.361328 0.375000 0.361328 0.367188 0.355469 0.361328 0.355469 0.359375 0.351562 0.355469 0.349609 0.355469 0.343750 0.361328 0.341797 0.359375 0.341797 0.355469 0.345703 0.351562 0.345703 0.345703 0.343750 0.343750 0.343750 0.341797 0.335938 0.333984 0.335938 0.324219 0.333984 0.322266
0 0.486328 0.304688 0.484375 0.306641 0.484375 0.312500 0.482422 0.314453 0.480469 0.314453 0.478516 0.312500 0.476562 0.312500 0.474609 0.310547 0.474609 0.308594 0.470703 0.308594 0.470703 0.314453 0.474609 0.318359 0.472656 0.320312 0.470703 0.320312 0.470703 0.332031 0.472656 0.333984 0.476562 0.333984 0.480469 0.337891 0.488281 0.337891 0.488281 0.335938 0.490234 0.333984 0.490234 0.330078 0.492188 0.328125 0.492188 0.326172 0.496094 0.322266 0.496094 0.310547 0.494141 0.308594 0.494141 0.306641 0.492188 0.306641 0.490234 0.304688
0 0.253906 0.298828 0.253906 0.304688 0.257812 0.308594 0.261719 0.308594 0.263672 0.306641 0.263672 0.300781 0.261719 0.298828
0 0.427734 0.267578 0.425781 0.269531 0.425781 0.271484 0.423828 0.273438 0.423828 0.275391 0.427734 0.279297 0.433594 0.279297 0.435547 0.281250 0.437500 0.281250 0.437500 0.279297 0.439453 0.277344 0.445312 0.277344 0.445312 0.275391 0.443359 0.273438 0.443359 0.271484 0.441406 0.269531 0.433594 0.269531 0.431641 0.267578
0 0.003906 0.265625 0.000000 0.269531 0.000000 0.525391 0.001953 0.525391 0.003906 0.527344 0.003906 0.533203 0.005859 0.535156 0.009766 0.531250 0.011719 0.531250 0.013672 0.533203 0.013672 0.537109 0.011719 0.539062 0.009766 0.539062 0.009766 0.542969 0.011719 0.544922 0.011719 0.546875 0.015625 0.550781 0.021484 0.550781 0.031250 0.541016 0.031250 0.539062 0.035156 0.535156 0.035156 0.529297 0.033203 0.527344 0.033203 0.525391 0.027344 0.519531 0.027344 0.517578 0.025391 0.515625 0.027344 0.513672 0.037109 0.513672 0.039062 0.515625 0.048828 0.515625 0.050781 0.513672 0.052734 0.513672 0.054688 0.511719 0.054688 0.509766 0.056641 0.507812 0.056641 0.505859 0.060547 0.501953 0.066406 0.501953 0.068359 0.500000 0.074219 0.500000 0.076172 0.498047 0.085938 0.498047 0.087891 0.500000 0.087891 0.501953 0.089844 0.503906 0.093750 0.503906 0.097656 0.507812 0.097656 0.509766 0.107422 0.519531 0.107422 0.523438 0.109375 0.523438 0.111328 0.525391 0.111328 0.539062 0.109375 0.541016 0.097656 0.541016 0.097656 0.546875 0.099609 0.548828 0.103516 0.548828 0.105469 0.550781 0.105469 0.554688 0.103516 0.556641 0.099609 0.556641 0.097656 0.558594 0.095703 0.558594 0.093750 0.556641 0.089844 0.556641 0.082031 0.548828 0.082031 0.544922 0.080078 0.542969 0.080078 0.541016 0.072266 0.541016 0.070312 0.542969 0.070312 0.548828 0.072266 0.550781 0.072266 0.556641 0.078125 0.562500 0.078125 0.564453 0.080078 0.566406 0.080078 0.570312 0.074219 0.576172 0.074219 0.578125 0.072266 0.580078 0.070312 0.580078 0.070312 0.582031 0.072266 0.583984 0.074219 0.583984 0.076172 0.585938 0.076172 0.593750 0.074219 0.595703 0.064453 0.595703 0.062500 0.593750 0.060547 0.593750 0.058594 0.591797 0.058594 0.589844 0.048828 0.580078 0.046875 0.580078 0.042969 0.576172 0.042969 0.574219 0.041016 0.572266 0.039062 0.572266 0.037109 0.570312 0.033203 0.570312 0.031250 0.572266 0.027344 0.572266 0.025391 0.574219 0.023438 0.574219 0.023438 0.576172 0.021484 0.578125 0.019531 0.578125 0.015625 0.582031 0.013672 0.582031 0.011719 0.583984 0.011719 0.585938 0.009766 0.587891 0.009766 0.591797 0.007812 0.593750 0.007812 0.595703 0.003906 0.599609 0.001953 0.599609 0.000000 0.597656 0.000000 0.751953 0.003906 0.748047 0.003906 0.744141 0.000000 0.740234 0.000000 0.736328 0.001953 0.734375 0.005859 0.734375 0.009766 0.738281 0.009766 0.742188 0.011719 0.744141 0.021484 0.744141 0.023438 0.742188 0.027344 0.742188 0.031250 0.738281 0.035156 0.738281 0.035156 0.736328 0.037109 0.734375 0.039062 0.734375 0.041016 0.732422 0.042969 0.732422 0.048828 0.726562 0.048828 0.722656 0.050781 0.720703 0.050781 0.716797 0.052734 0.714844 0.052734 0.712891 0.056641 0.708984 0.058594 0.708984 0.064453 0.703125 0.064453 0.699219 0.062500 0.699219 0.058594 0.695312 0.056641 0.695312 0.054688 0.693359 0.054688 0.689453 0.052734 0.687500 0.052734 0.683594 0.046875 0.683594 0.044922 0.681641 0.044922 0.679688 0.042969 0.677734 0.046875 0.673828 0.046875 0.662109 0.048828 0.660156 0.048828 0.658203 0.054688 0.652344 0.056641 0.652344 0.058594 0.650391 0.064453 0.650391 0.064453 0.648438 0.066406 0.646484 0.068359 0.646484 0.072266 0.642578 0.074219 0.642578 0.076172 0.640625 0.080078 0.640625 0.082031 0.638672 0.082031 0.636719 0.085938 0.632812 0.085938 0.623047 0.083984 0.621094 0.083984 0.617188 0.080078 0.613281 0.080078 0.609375 0.078125 0.607422 0.080078 0.605469 0.080078 0.603516 0.082031 0.601562 0.082031 0.599609 0.083984 0.597656 0.085938 0.597656 0.087891 0.595703 0.089844 0.595703 0.091797 0.593750 0.093750 0.593750 0.097656 0.597656 0.097656 0.599609 0.099609 0.601562 0.099609 0.607422 0.101562 0.607422 0.103516 0.609375 0.103516 0.626953 0.099609 0.630859 0.099609 0.632812 0.097656 0.634766 0.095703 0.634766 0.095703 0.636719 0.093750 0.638672 0.091797 0.638672 0.091797 0.640625 0.089844 0.642578 0.087891 0.642578 0.087891 0.644531 0.082031 0.650391 0.080078 0.650391 0.078125 0.652344 0.078125 0.656250 0.082031 0.660156 0.082031 0.671875 0.080078 0.673828 0.080078 0.679688 0.082031 0.681641 0.083984 0.681641 0.089844 0.687500 0.099609 0.687500 0.101562 0.685547 0.103516 0.687500 0.103516 0.689453 0.105469 0.691406 0.107422 0.689453 0.109375 0.691406 0.111328 0.691406 0.113281 0.693359 0.121094 0.693359 0.125000 0.697266 0.125000 0.701172 0.126953 0.703125 0.126953 0.705078 0.128906 0.707031 0.132812 0.707031 0.134766 0.705078 0.140625 0.710938 0.144531 0.710938 0.152344 0.703125 0.152344 0.701172 0.156250 0.697266 0.156250 0.695312 0.160156 0.691406 0.160156 0.689453 0.162109 0.687500 0.164062 0.687500 0.164062 0.685547 0.166016 0.683594 0.169922 0.687500 0.179688 0.687500 0.179688 0.683594 0.181641 0.681641 0.181641 0.679688 0.183594 0.677734 0.183594 0.673828 0.185547 0.671875 0.183594 0.669922 0.187500 0.666016 0.191406 0.666016 0.193359 0.664062 0.195312 0.664062 0.201172 0.658203 0.203125 0.658203 0.201172 0.656250 0.205078 0.652344 0.205078 0.650391 0.201172 0.646484 0.199219 0.646484 0.191406 0.638672 0.191406 0.636719 0.189453 0.636719 0.187500 0.634766 0.187500 0.630859 0.181641 0.630859 0.179688 0.628906 0.179688 0.625000 0.177734 0.623047 0.173828 0.623047 0.171875 0.621094 0.171875 0.615234 0.173828 0.613281 0.177734 0.613281 0.179688 0.611328 0.181641 0.611328 0.183594 0.609375 0.185547 0.609375 0.185547 0.607422 0.187500 0.605469 0.187500 0.603516 0.181641 0.603516 0.179688 0.601562 0.179688 0.591797 0.173828 0.585938 0.171875 0.585938 0.169922 0.583984 0.169922 0.582031 0.167969 0.582031 0.164062 0.578125 0.164062 0.572266 0.169922 0.566406 0.175781 0.566406 0.181641 0.560547 0.181641 0.552734 0.179688 0.550781 0.179688 0.517578 0.185547 0.511719 0.189453 0.511719 0.191406 0.509766 0.201172 0.509766 0.203125 0.511719 0.205078 0.511719 0.207031 0.509766 0.216797 0.519531 0.222656 0.519531 0.224609 0.517578 0.230469 0.517578 0.232422 0.519531 0.255859 0.519531 0.255859 0.513672 0.253906 0.513672 0.251953 0.511719 0.251953 0.509766 0.250000 0.507812 0.250000 0.505859 0.251953 0.503906 0.255859 0.503906 0.257812 0.501953 0.259766 0.503906 0.269531 0.503906 0.271484 0.501953 0.271484 0.500000 0.273438 0.498047 0.273438 0.490234 0.271484 0.488281 0.263672 0.488281 0.261719 0.486328 0.261719 0.482422 0.263672 0.480469 0.271484 0.480469 0.273438 0.478516 0.273438 0.476562 0.275391 0.474609 0.275391 0.466797 0.273438 0.464844 0.273438 0.460938 0.271484 0.458984 0.271484 0.457031 0.269531 0.455078 0.271484 0.453125 0.271484 0.427734 0.267578 0.423828 0.267578 0.421875 0.265625 0.419922 0.263672 0.419922 0.259766 0.416016 0.255859 0.416016 0.250000 0.410156 0.250000 0.408203 0.251953 0.406250 0.251953 0.404297 0.250000 0.406250 0.238281 0.406250 0.236328 0.404297 0.236328 0.402344 0.238281 0.400391 0.238281 0.394531 0.226562 0.382812 0.226562 0.380859 0.218750 0.373047 0.218750 0.371094 0.222656 0.367188 0.222656 0.359375 0.218750 0.355469 0.218750 0.353516 0.216797 0.351562 0.216797 0.345703 0.214844 0.345703 0.208984 0.339844 0.210938 0.337891 0.216797 0.337891 0.216797 0.332031 0.212891 0.328125 0.212891 0.324219 0.210938 0.322266 0.210938 0.316406 0.208984 0.314453 0.201172 0.314453 0.199219 0.316406 0.197266 0.316406 0.195312 0.318359 0.191406 0.318359 0.189453 0.316406 0.181641 0.316406 0.179688 0.318359 0.177734 0.318359 0.173828 0.322266 0.171875 0.322266 0.169922 0.324219 0.169922 0.330078 0.171875 0.330078 0.177734 0.335938 0.179688 0.335938 0.181641 0.337891 0.181641 0.341797 0.183594 0.343750 0.183594 0.345703 0.185547 0.347656 0.185547 0.349609 0.179688 0.355469 0.177734 0.353516 0.175781 0.353516 0.167969 0.345703 0.167969 0.341797 0.164062 0.337891 0.156250 0.337891 0.154297 0.335938 0.154297 0.333984 0.150391 0.330078 0.150391 0.328125 0.148438 0.326172 0.148438 0.324219 0.146484 0.322266 0.146484 0.320312 0.144531 0.320312 0.142578 0.318359 0.134766 0.318359 0.132812 0.320312 0.130859 0.320312 0.128906 0.318359 0.126953 0.318359 0.123047 0.314453 0.123047 0.310547 0.111328 0.298828 0.111328 0.296875 0.109375 0.296875 0.107422 0.294922 0.103516 0.294922 0.099609 0.298828 0.095703 0.298828 0.091797 0.302734 0.087891 0.302734 0.085938 0.304688 0.082031 0.304688 0.080078 0.302734 0.076172 0.302734 0.074219 0.300781 0.074219 0.298828 0.072266 0.298828 0.064453 0.291016 0.062500 0.291016 0.060547 0.289062 0.058594 0.289062 0.056641 0.291016 0.054688 0.291016 0.052734 0.292969 0.050781 0.292969 0.048828 0.291016 0.046875 0.291016 0.044922 0.289062 0.042969 0.289062 0.041016 0.287109 0.031250 0.287109 0.029297 0.285156 0.027344 0.285156 0.023438 0.281250 0.019531 0.281250 0.017578 0.279297 0.015625 0.279297 0.011719 0.275391 0.013672 0.273438 0.015625 0.273438 0.017578 0.271484 0.021484 0.271484 0.021484 0.269531 0.019531 0.267578 0.015625 0.267578 0.013672 0.265625
0 0.007812 0.232422 0.005859 0.234375 0.005859 0.238281 0.000000 0.244141 0.000000 0.251953 0.003906 0.251953 0.009766 0.246094 0.015625 0.246094 0.017578 0.248047 0.023438 0.248047 0.025391 0.250000 0.027344 0.250000 0.029297 0.251953 0.031250 0.251953 0.033203 0.253906 0.033203 0.255859 0.035156 0.257812 0.042969 0.257812 0.042969 0.253906 0.039062 0.253906 0.035156 0.250000 0.033203 0.250000 0.031250 0.248047 0.031250 0.246094 0.029297 0.244141 0.029297 0.242188 0.027344 0.240234 0.019531 0.240234 0.017578 0.238281 0.017578 0.236328 0.015625 0.236328 0.011719 0.232422
0 0.041016 0.179688 0.041016 0.183594 0.042969 0.185547 0.042969 0.187500 0.044922 0.187500 0.046875 0.189453 0.052734 0.189453 0.052734 0.187500 0.048828 0.183594 0.048828 0.181641 0.046875 0.179688
0 0.048828 0.156250 0.044922 0.160156 0.044922 0.169922 0.048828 0.173828 0.048828 0.175781 0.050781 0.177734 0.052734 0.177734 0.054688 0.179688 0.058594 0.179688 0.060547 0.177734 0.060547 0.175781 0.066406 0.169922 0.066406 0.167969 0.062500 0.167969 0.058594 0.171875 0.056641 0.169922 0.056641 0.167969 0.052734 0.164062 0.054688 0.162109 0.054688 0.158203 0.052734 0.156250
0 0.371094 0.154297 0.369141 0.156250 0.367188 0.156250 0.363281 0.160156 0.363281 0.171875 0.365234 0.173828 0.365234 0.175781 0.378906 0.189453 0.378906 0.201172 0.376953 0.203125 0.373047 0.199219 0.373047 0.195312 0.371094 0.193359 0.367188 0.193359 0.363281 0.197266 0.363281 0.199219 0.361328 0.201172 0.359375 0.201172 0.357422 0.199219 0.357422 0.193359 0.359375 0.191406 0.359375 0.183594 0.361328 0.181641 0.361328 0.177734 0.359375 0.175781 0.359375 0.173828 0.355469 0.169922 0.353516 0.169922 0.351562 0.167969 0.347656 0.167969 0.345703 0.166016 0.345703 0.164062 0.343750 0.162109 0.345703 0.160156 0.345703 0.158203 0.343750 0.156250 0.337891 0.156250 0.335938 0.158203 0.335938 0.162109 0.337891 0.164062 0.337891 0.167969 0.335938 0.169922 0.335938 0.171875 0.333984 0.173828 0.332031 0.173828 0.330078 0.175781 0.328125 0.175781 0.326172 0.177734 0.316406 0.177734 0.312500 0.181641 0.312500 0.183594 0.314453 0.185547 0.314453 0.189453 0.316406 0.191406 0.316406 0.193359 0.318359 0.195312 0.318359 0.197266 0.320312 0.199219 0.324219 0.199219 0.326172 0.201172 0.326172 0.203125 0.328125 0.205078 0.326172 0.207031 0.320312 0.207031 0.318359 0.208984 0.318359 0.212891 0.316406 0.214844 0.312500 0.210938 0.312500 0.208984 0.314453 0.207031 0.314453 0.205078 0.312500 0.205078 0.308594 0.201172 0.308594 0.199219 0.304688 0.195312 0.304688 0.193359 0.306641 0.191406 0.306641 0.187500 0.304688 0.185547 0.298828 0.185547 0.298828 0.187500 0.296875 0.189453 0.296875 0.193359 0.294922 0.195312 0.294922 0.205078 0.296875 0.207031 0.296875 0.208984 0.298828 0.210938 0.298828 0.214844 0.296875 0.216797 0.296875 0.218750 0.302734 0.224609 0.302734 0.226562 0.306641 0.230469 0.306641 0.236328 0.304688 0.238281 0.298828 0.238281 0.291016 0.230469 0.289062 0.230469 0.285156 0.226562 0.281250 0.226562 0.279297 0.224609 0.279297 0.234375 0.281250 0.236328 0.281250 0.240234 0.283203 0.240234 0.285156 0.242188 0.287109 0.242188 0.289062 0.244141 0.291016 0.244141 0.292969 0.246094 0.292969 0.250000 0.294922 0.251953 0.294922 0.255859 0.296875 0.257812 0.302734 0.257812 0.304688 0.259766 0.300781 0.263672 0.298828 0.263672 0.298828 0.267578 0.300781 0.269531 0.300781 0.271484 0.304688 0.275391 0.316406 0.275391 0.318359 0.277344 0.318359 0.279297 0.322266 0.283203 0.322266 0.285156 0.324219 0.287109 0.326172 0.287109 0.328125 0.289062 0.337891 0.289062 0.339844 0.291016 0.339844 0.294922 0.337891 0.296875 0.332031 0.296875 0.332031 0.302734 0.333984 0.302734 0.335938 0.304688 0.335938 0.306641 0.337891 0.308594 0.337891 0.312500 0.341797 0.316406 0.339844 0.318359 0.339844 0.320312 0.345703 0.326172 0.347656 0.326172 0.349609 0.328125 0.349609 0.333984 0.353516 0.333984 0.359375 0.328125 0.359375 0.326172 0.361328 0.324219 0.371094 0.324219 0.373047 0.326172 0.378906 0.326172 0.380859 0.324219 0.390625 0.324219 0.400391 0.333984 0.402344 0.333984 0.406250 0.337891 0.406250 0.339844 0.404297 0.341797 0.404297 0.347656 0.406250 0.349609 0.404297 0.351562 0.404297 0.355469 0.400391 0.359375 0.398438 0.357422 0.390625 0.357422 0.390625 0.365234 0.392578 0.367188 0.392578 0.380859 0.394531 0.382812 0.400391 0.382812 0.404297 0.378906 0.404297 0.369141 0.406250 0.367188 0.406250 0.365234 0.408203 0.363281 0.412109 0.367188 0.412109 0.371094 0.410156 0.373047 0.410156 0.376953 0.408203 0.378906 0.408203 0.382812 0.410156 0.384766 0.412109 0.384766 0.414062 0.386719 0.417969 0.386719 0.417969 0.384766 0.421875 0.380859 0.425781 0.380859 0.427734 0.378906 0.429688 0.378906 0.431641 0.376953 0.437500 0.376953 0.439453 0.375000 0.441406 0.375000 0.443359 0.376953 0.445312 0.375000 0.458984 0.375000 0.462891 0.378906 0.470703 0.378906 0.474609 0.375000 0.474609 0.371094 0.466797 0.371094 0.462891 0.367188 0.453125 0.367188 0.451172 0.365234 0.449219 0.365234 0.447266 0.363281 0.445312 0.363281 0.443359 0.361328 0.443359 0.355469 0.445312 0.353516 0.447266 0.353516 0.449219 0.351562 0.449219 0.349609 0.451172 0.347656 0.453125 0.347656 0.455078 0.345703 0.455078 0.339844 0.453125 0.337891 0.453125 0.332031 0.455078 0.330078 0.455078 0.326172 0.445312 0.326172 0.443359 0.328125 0.439453 0.328125 0.435547 0.324219 0.435547 0.322266 0.431641 0.318359 0.421875 0.318359 0.419922 0.316406 0.417969 0.316406 0.416016 0.314453 0.417969 0.312500 0.417969 0.306641 0.416016 0.304688 0.417969 0.302734 0.423828 0.302734 0.431641 0.294922 0.437500 0.294922 0.437500 0.291016 0.435547 0.289062 0.435547 0.287109 0.433594 0.285156 0.427734 0.285156 0.423828 0.281250 0.417969 0.281250 0.414062 0.285156 0.402344 0.285156 0.400391 0.287109 0.398438 0.287109 0.396484 0.289062 0.384766 0.289062 0.380859 0.285156 0.386719 0.279297 0.388672 0.279297 0.390625 0.277344 0.390625 0.275391 0.392578 0.273438 0.394531 0.273438 0.394531 0.271484 0.392578 0.269531 0.392578 0.267578 0.388672 0.263672 0.388672 0.261719 0.386719 0.259766 0.386719 0.257812 0.384766 0.257812 0.382812 0.255859 0.384766 0.253906 0.386719 0.253906 0.388672 0.251953 0.390625 0.251953 0.394531 0.255859 0.396484 0.255859 0.398438 0.253906 0.402344 0.253906 0.404297 0.255859 0.414062 0.255859 0.416016 0.253906 0.421875 0.253906 0.427734 0.248047 0.431641 0.248047 0.433594 0.246094 0.435547 0.246094 0.439453 0.250000 0.441406 0.250000 0.447266 0.255859 0.447266 0.261719 0.453125 0.267578 0.453125 0.271484 0.455078 0.271484 0.457031 0.273438 0.457031 0.275391 0.460938 0.275391 0.462891 0.273438 0.466797 0.273438 0.466797 0.271484 0.468750 0.269531 0.470703 0.269531 0.470703 0.263672 0.466797 0.259766 0.466797 0.257812 0.464844 0.257812 0.458984 0.251953 0.455078 0.251953 0.453125 0.250000 0.453125 0.248047 0.451172 0.246094 0.457031 0.240234 0.457031 0.234375 0.451172 0.234375 0.449219 0.236328 0.447266 0.234375 0.447266 0.228516 0.443359 0.224609 0.443359 0.220703 0.441406 0.218750 0.441406 0.212891 0.437500 0.208984 0.435547 0.208984 0.433594 0.207031 0.431641 0.207031 0.427734 0.203125 0.427734 0.199219 0.423828 0.195312 0.416016 0.195312 0.414062 0.193359 0.410156 0.193359 0.402344 0.185547 0.402344 0.183594 0.400391 0.181641 0.400391 0.179688 0.398438 0.179688 0.396484 0.177734 0.396484 0.175781 0.394531 0.175781 0.392578 0.173828 0.390625 0.173828 0.386719 0.169922 0.386719 0.166016 0.388672 0.164062 0.388672 0.162109 0.386719 0.160156 0.386719 0.158203 0.382812 0.154297
0 0.128906 0.154297 0.126953 0.156250 0.123047 0.156250 0.121094 0.158203 0.117188 0.158203 0.117188 0.160156 0.119141 0.162109 0.119141 0.175781 0.121094 0.177734 0.121094 0.179688 0.119141 0.181641 0.117188 0.181641 0.115234 0.183594 0.113281 0.181641 0.101562 0.181641 0.099609 0.179688 0.099609 0.177734 0.097656 0.175781 0.093750 0.175781 0.093750 0.189453 0.099609 0.195312 0.101562 0.195312 0.103516 0.197266 0.103516 0.199219 0.105469 0.201172 0.105469 0.203125 0.109375 0.207031 0.109375 0.208984 0.113281 0.212891 0.115234 0.212891 0.117188 0.214844 0.123047 0.214844 0.125000 0.216797 0.134766 0.216797 0.136719 0.214844 0.136719 0.208984 0.130859 0.203125 0.130859 0.201172 0.136719 0.195312 0.136719 0.191406 0.138672 0.189453 0.138672 0.175781 0.144531 0.169922 0.144531 0.162109 0.146484 0.160156 0.146484 0.158203 0.144531 0.158203 0.142578 0.156250 0.140625 0.156250 0.138672 0.154297
0 0.611328 0.136719 0.609375 0.138672 0.607422 0.138672 0.605469 0.140625 0.607422 0.142578 0.605469 0.144531 0.607422 0.146484 0.607422 0.148438 0.611328 0.148438 0.613281 0.146484 0.613281 0.140625 0.611328 0.138672
0 0.603516 0.128906 0.601562 0.130859 0.601562 0.132812 0.599609 0.134766 0.601562 0.132812 0.603516 0.132812 0.605469 0.130859
0 0.585938 0.117188 0.580078 0.123047 0.580078 0.125000 0.583984 0.125000 0.583984 0.123047 0.585938 0.121094
0 0.306641 0.076172 0.306641 0.080078 0.308594 0.082031 0.312500 0.082031 0.312500 0.080078 0.308594 0.076172
0 0.027344 0.039062 0.025391 0.041016 0.015625 0.041016 0.011719 0.044922 0.009766 0.044922 0.007812 0.046875 0.001953 0.046875 0.000000 0.044922 0.000000 0.054688 0.001953 0.054688 0.005859 0.058594 0.005859 0.060547 0.007812 0.062500 0.009766 0.062500 0.013672 0.066406 0.013672 0.070312 0.011719 0.072266 0.011719 0.076172 0.009766 0.078125 0.009766 0.083984 0.005859 0.087891 0.005859 0.091797 0.007812 0.091797 0.009766 0.093750 0.013672 0.093750 0.015625 0.095703 0.015625 0.097656 0.019531 0.101562 0.027344 0.101562 0.029297 0.099609 0.031250 0.099609 0.035156 0.095703 0.037109 0.095703 0.037109 0.089844 0.025391 0.089844 0.023438 0.091797 0.021484 0.091797 0.019531 0.093750 0.017578 0.093750 0.015625 0.091797 0.015625 0.089844 0.017578 0.087891 0.017578 0.085938 0.019531 0.083984 0.029297 0.083984 0.031250 0.082031 0.031250 0.080078 0.033203 0.078125 0.033203 0.076172 0.035156 0.074219 0.035156 0.068359 0.033203 0.066406 0.033203 0.064453 0.027344 0.058594 0.017578 0.058594 0.015625 0.056641 0.013672 0.056641 0.011719 0.054688 0.011719 0.048828 0.013672 0.046875 0.015625 0.046875 0.019531 0.050781 0.021484 0.050781 0.023438 0.052734 0.023438 0.054688 0.027344 0.054688 0.027344 0.052734 0.025391 0.050781 0.025391 0.048828 0.031250 0.042969 0.031250 0.041016 0.029297 0.039062
0 0.330078 0.023438 0.324219 0.029297 0.308594 0.029297 0.304688 0.033203 0.304688 0.039062 0.308594 0.042969 0.308594 0.044922 0.310547 0.046875 0.310547 0.052734 0.314453 0.056641 0.314453 0.058594 0.316406 0.060547 0.316406 0.062500 0.312500 0.066406 0.310547 0.066406 0.310547 0.072266 0.314453 0.072266 0.316406 0.074219 0.318359 0.074219 0.322266 0.078125 0.322266 0.082031 0.320312 0.083984 0.320312 0.085938 0.318359 0.087891 0.316406 0.087891 0.314453 0.089844 0.310547 0.085938 0.308594 0.087891 0.308594 0.093750 0.310547 0.093750 0.312500 0.095703 0.312500 0.097656 0.310547 0.099609 0.310547 0.105469 0.314453 0.109375 0.333984 0.109375 0.333984 0.107422 0.335938 0.105469 0.335938 0.101562 0.333984 0.099609 0.332031 0.099609 0.328125 0.095703 0.328125 0.089844 0.330078 0.087891 0.335938 0.087891 0.335938 0.085938 0.324219 0.074219 0.324219 0.064453 0.326172 0.062500 0.330078 0.062500 0.332031 0.064453 0.333984 0.064453 0.337891 0.068359 0.341797 0.068359 0.343750 0.070312 0.355469 0.070312 0.361328 0.076172 0.361328 0.080078 0.359375 0.082031 0.357422 0.082031 0.351562 0.087891 0.349609 0.087891 0.349609 0.091797 0.355469 0.097656 0.355469 0.099609 0.357422 0.101562 0.363281 0.101562 0.369141 0.095703 0.369141 0.089844 0.371094 0.087891 0.371094 0.085938 0.375000 0.082031 0.384766 0.082031 0.384766 0.080078 0.382812 0.080078 0.380859 0.078125 0.378906 0.078125 0.376953 0.076172 0.373047 0.076172 0.369141 0.072266 0.369141 0.066406 0.373047 0.062500 0.375000 0.064453 0.375000 0.068359 0.376953 0.068359 0.378906 0.066406 0.380859 0.066406 0.380859 0.060547 0.378906 0.058594 0.378906 0.056641 0.376953 0.056641 0.375000 0.054688 0.376953 0.052734 0.378906 0.052734 0.378906 0.050781 0.376953 0.048828 0.378906 0.046875 0.378906 0.044922 0.365234 0.044922 0.361328 0.041016 0.361328 0.039062 0.357422 0.039062 0.351562 0.033203 0.349609 0.033203 0.347656 0.031250 0.345703 0.031250 0.343750 0.029297 0.341797 0.029297 0.339844 0.027344 0.339844 0.023438
0 0.785156 0.000000 0.783203 0.001953 0.783203 0.003906 0.781250 0.005859 0.785156 0.009766 0.787109 0.009766 0.791016 0.013672 0.791016 0.015625 0.792969 0.017578 0.792969 0.019531 0.794922 0.021484 0.791016 0.025391 0.791016 0.037109 0.792969 0.039062 0.792969 0.044922 0.794922 0.046875 0.794922 0.050781 0.802734 0.050781 0.806641 0.054688 0.806641 0.056641 0.804688 0.058594 0.802734 0.058594 0.800781 0.060547 0.800781 0.068359 0.814453 0.082031 0.814453 0.089844 0.816406 0.089844 0.818359 0.091797 0.824219 0.091797 0.828125 0.095703 0.828125 0.101562 0.830078 0.103516 0.826172 0.107422 0.826172 0.111328 0.830078 0.115234 0.832031 0.115234 0.833984 0.117188 0.835938 0.117188 0.837891 0.119141 0.839844 0.119141 0.841797 0.121094 0.843750 0.121094 0.847656 0.125000 0.853516 0.125000 0.855469 0.126953 0.855469 0.128906 0.857422 0.128906 0.859375 0.130859 0.878906 0.130859 0.882812 0.126953 0.882812 0.123047 0.884766 0.121094 0.884766 0.119141 0.886719 0.117188 0.886719 0.115234 0.888672 0.113281 0.906250 0.113281 0.906250 0.109375 0.908203 0.107422 0.914062 0.107422 0.917969 0.111328 0.917969 0.115234 0.919922 0.115234 0.923828 0.119141 0.923828 0.123047 0.925781 0.125000 0.925781 0.138672 0.927734 0.140625 0.933594 0.140625 0.935547 0.142578 0.937500 0.142578 0.939453 0.144531 0.939453 0.146484 0.941406 0.146484 0.943359 0.148438 0.941406 0.150391 0.939453 0.150391 0.937500 0.152344 0.937500 0.154297 0.935547 0.156250 0.931641 0.152344 0.931641 0.150391 0.927734 0.150391 0.927734 0.158203 0.929688 0.160156 0.929688 0.162109 0.927734 0.164062 0.919922 0.164062 0.917969 0.166016 0.917969 0.167969 0.916016 0.169922 0.912109 0.166016 0.912109 0.162109 0.910156 0.160156 0.902344 0.160156 0.902344 0.167969 0.900391 0.169922 0.900391 0.175781 0.902344 0.177734 0.904297 0.177734 0.906250 0.179688 0.908203 0.179688 0.910156 0.181641 0.910156 0.183594 0.908203 0.185547 0.904297 0.185547 0.900391 0.181641 0.894531 0.181641 0.894531 0.185547 0.892578 0.187500 0.890625 0.187500 0.886719 0.191406 0.878906 0.191406 0.876953 0.193359 0.876953 0.195312 0.875000 0.197266 0.873047 0.197266 0.871094 0.195312 0.871094 0.193359 0.863281 0.193359 0.861328 0.195312 0.851562 0.195312 0.849609 0.193359 0.849609 0.191406 0.853516 0.187500 0.855469 0.187500 0.857422 0.185547 0.859375 0.185547 0.859375 0.183594 0.861328 0.181641 0.865234 0.181641 0.865234 0.167969 0.869141 0.164062 0.869141 0.162109 0.871094 0.160156 0.871094 0.154297 0.867188 0.150391 0.861328 0.150391 0.861328 0.156250 0.859375 0.158203 0.851562 0.158203 0.851562 0.160156 0.847656 0.164062 0.847656 0.166016 0.845703 0.167969 0.843750 0.167969 0.841797 0.169922 0.835938 0.169922 0.833984 0.167969 0.833984 0.162109 0.835938 0.160156 0.837891 0.160156 0.839844 0.158203 0.841797 0.158203 0.845703 0.154297 0.845703 0.146484 0.853516 0.138672 0.849609 0.138672 0.847656 0.140625 0.843750 0.140625 0.839844 0.144531 0.833984 0.144531 0.832031 0.142578 0.832031 0.140625 0.833984 0.138672 0.833984 0.134766 0.830078 0.130859 0.830078 0.126953 0.824219 0.121094 0.824219 0.119141 0.820312 0.115234 0.808594 0.115234 0.808594 0.128906 0.810547 0.130859 0.810547 0.138672 0.812500 0.140625 0.812500 0.142578 0.814453 0.144531 0.814453 0.150391 0.822266 0.158203 0.822266 0.164062 0.820312 0.166016 0.812500 0.166016 0.812500 0.169922 0.816406 0.173828 0.818359 0.173828 0.820312 0.175781 0.820312 0.177734 0.822266 0.179688 0.822266 0.187500 0.820312 0.189453 0.814453 0.189453 0.810547 0.193359 0.810547 0.205078 0.806641 0.208984 0.800781 0.208984 0.798828 0.207031 0.794922 0.207031 0.792969 0.205078 0.789062 0.205078 0.789062 0.207031 0.787109 0.208984 0.785156 0.207031 0.783203 0.208984 0.779297 0.208984 0.777344 0.207031 0.777344 0.195312 0.773438 0.191406 0.773438 0.187500 0.771484 0.187500 0.769531 0.185547 0.765625 0.185547 0.761719 0.181641 0.759766 0.181641 0.753906 0.187500 0.753906 0.189453 0.751953 0.191406 0.746094 0.191406 0.744141 0.189453 0.742188 0.189453 0.740234 0.187500 0.738281 0.187500 0.736328 0.185547 0.732422 0.185547 0.730469 0.183594 0.730469 0.181641 0.726562 0.177734 0.724609 0.177734 0.720703 0.181641 0.718750 0.179688 0.718750 0.177734 0.718750 0.179688 0.716797 0.181641 0.714844 0.181641 0.712891 0.179688 0.712891 0.173828 0.714844 0.171875 0.714844 0.169922 0.716797 0.167969 0.716797 0.166016 0.718750 0.164062 0.718750 0.162109 0.714844 0.162109 0.712891 0.160156 0.712891 0.158203 0.707031 0.152344 0.707031 0.146484 0.705078 0.144531 0.695312 0.144531 0.695312 0.146484 0.693359 0.148438 0.691406 0.148438 0.689453 0.150391 0.687500 0.148438 0.683594 0.148438 0.681641 0.146484 0.679688 0.146484 0.673828 0.152344 0.675781 0.154297 0.675781 0.167969 0.679688 0.171875 0.679688 0.173828 0.677734 0.175781 0.673828 0.175781 0.667969 0.181641 0.667969 0.187500 0.673828 0.193359 0.673828 0.195312 0.675781 0.197266 0.675781 0.203125 0.679688 0.207031 0.683594 0.207031 0.691406 0.199219 0.693359 0.199219 0.695312 0.197266 0.699219 0.197266 0.701172 0.199219 0.701172 0.207031 0.699219 0.208984 0.695312 0.208984 0.693359 0.210938 0.691406 0.210938 0.685547 0.216797 0.681641 0.216797 0.681641 0.228516 0.685547 0.232422 0.685547 0.236328 0.687500 0.238281 0.687500 0.240234 0.691406 0.240234 0.695312 0.244141 0.695312 0.246094 0.691406 0.250000 0.689453 0.250000 0.685547 0.253906 0.685547 0.255859 0.681641 0.259766 0.681641 0.267578 0.679688 0.269531 0.679688 0.283203 0.677734 0.285156 0.669922 0.285156 0.666016 0.281250 0.666016 0.277344 0.664062 0.277344 0.662109 0.275391 0.658203 0.275391 0.656250 0.273438 0.656250 0.271484 0.654297 0.269531 0.654297 0.263672 0.656250 0.261719 0.656250 0.257812 0.658203 0.255859 0.658203 0.246094 0.660156 0.244141 0.660156 0.238281 0.652344 0.230469 0.652344 0.228516 0.650391 0.228516 0.648438 0.226562 0.644531 0.226562 0.642578 0.224609 0.638672 0.224609 0.636719 0.226562 0.632812 0.226562 0.630859 0.228516 0.623047 0.228516 0.621094 0.230469 0.617188 0.230469 0.615234 0.232422 0.607422 0.232422 0.605469 0.230469 0.605469 0.226562 0.607422 0.224609 0.607422 0.210938 0.605469 0.208984 0.605469 0.203125 0.601562 0.199219 0.597656 0.199219 0.595703 0.197266 0.580078 0.197266 0.578125 0.195312 0.578125 0.191406 0.572266 0.191406 0.570312 0.193359 0.570312 0.195312 0.568359 0.197266 0.568359 0.201172 0.570312 0.203125 0.570312 0.205078 0.568359 0.207031 0.564453 0.207031 0.562500 0.205078 0.562500 0.199219 0.560547 0.197266 0.558594 0.197266 0.550781 0.189453 0.550781 0.187500 0.548828 0.185547 0.548828 0.183594 0.546875 0.181641 0.546875 0.179688 0.544922 0.177734 0.542969 0.177734 0.541016 0.175781 0.539062 0.175781 0.537109 0.177734 0.535156 0.177734 0.535156 0.185547 0.537109 0.187500 0.537109 0.191406 0.541016 0.195312 0.541016 0.197266 0.539062 0.199219 0.539062 0.201172 0.537109 0.203125 0.527344 0.203125 0.525391 0.201172 0.525391 0.199219 0.523438 0.197266 0.523438 0.195312 0.521484 0.193359 0.511719 0.193359 0.507812 0.189453 0.507812 0.187500 0.505859 0.185547 0.492188 0.185547 0.488281 0.189453 0.486328 0.187500 0.486328 0.185547 0.484375 0.183594 0.484375 0.181641 0.482422 0.179688 0.478516 0.179688 0.476562 0.181641 0.470703 0.181641 0.470703 0.191406 0.474609 0.195312 0.476562 0.195312 0.480469 0.199219 0.480469 0.203125 0.482422 0.205078 0.482422 0.214844 0.486328 0.218750 0.486328 0.222656 0.484375 0.224609 0.480469 0.224609 0.480469 0.228516 0.482422 0.230469 0.486328 0.230469 0.490234 0.234375 0.492188 0.234375 0.494141 0.236328 0.494141 0.240234 0.496094 0.242188 0.496094 0.244141 0.494141 0.246094 0.492188 0.246094 0.490234 0.248047 0.490234 0.251953 0.492188 0.253906 0.492188 0.257812 0.494141 0.259766 0.507812 0.259766 0.509766 0.261719 0.511719 0.261719 0.515625 0.265625 0.519531 0.265625 0.521484 0.263672 0.521484 0.255859 0.519531 0.255859 0.515625 0.251953 0.515625 0.250000 0.517578 0.248047 0.523438 0.248047 0.527344 0.251953 0.527344 0.253906 0.529297 0.255859 0.529297 0.265625 0.535156 0.271484 0.539062 0.271484 0.541016 0.273438 0.541016 0.275391 0.542969 0.273438 0.544922 0.275391 0.544922 0.277344 0.546875 0.277344 0.548828 0.279297 0.548828 0.285156 0.550781 0.287109 0.552734 0.287109 0.558594 0.281250 0.558594 0.275391 0.560547 0.273438 0.568359 0.273438 0.570312 0.275391 0.574219 0.275391 0.576172 0.277344 0.576172 0.281250 0.583984 0.289062 0.585938 0.289062 0.587891 0.291016 0.589844 0.291016 0.591797 0.292969 0.591797 0.294922 0.593750 0.296875 0.593750 0.300781 0.595703 0.302734 0.597656 0.302734 0.599609 0.304688 0.601562 0.304688 0.603516 0.306641 0.607422 0.306641 0.609375 0.304688 0.613281 0.304688 0.615234 0.302734 0.623047 0.302734 0.625000 0.304688 0.625000 0.314453 0.628906 0.318359 0.628906 0.322266 0.630859 0.324219 0.630859 0.326172 0.632812 0.328125 0.632812 0.330078 0.636719 0.333984 0.636719 0.337891 0.638672 0.337891 0.640625 0.339844 0.642578 0.339844 0.644531 0.341797 0.646484 0.341797 0.648438 0.343750 0.650391 0.343750 0.652344 0.345703 0.652344 0.347656 0.656250 0.351562 0.658203 0.351562 0.660156 0.353516 0.664062 0.353516 0.667969 0.357422 0.667969 0.365234 0.666016 0.367188 0.662109 0.367188 0.660156 0.365234 0.658203 0.365234 0.656250 0.363281 0.652344 0.363281 0.648438 0.367188 0.648438 0.371094 0.650391 0.373047 0.650391 0.378906 0.652344 0.380859 0.667969 0.380859 0.669922 0.382812 0.677734 0.382812 0.679688 0.380859 0.681641 0.380859 0.683594 0.382812 0.683594 0.384766 0.685547 0.386719 0.685547 0.388672 0.687500 0.390625 0.687500 0.392578 0.697266 0.392578 0.699219 0.394531 0.699219 0.390625 0.701172 0.388672 0.703125 0.388672 0.708984 0.394531 0.708984 0.396484 0.712891 0.396484 0.714844 0.398438 0.718750 0.398438 0.720703 0.400391 0.722656 0.400391 0.724609 0.402344 0.724609 0.406250 0.726562 0.408203 0.732422 0.408203 0.734375 0.410156 0.734375 0.412109 0.738281 0.416016 0.744141 0.416016 0.744141 0.414062 0.746094 0.412109 0.746094 0.410156 0.750000 0.406250 0.751953 0.408203 0.751953 0.412109 0.753906 0.412109 0.757812 0.408203 0.763672 0.408203 0.767578 0.412109 0.771484 0.412109 0.775391 0.408203 0.779297 0.412109 0.779297 0.416016 0.783203 0.416016 0.785156 0.417969 0.787109 0.417969 0.789062 0.419922 0.791016 0.419922 0.792969 0.421875 0.794922 0.421875 0.796875 0.419922 0.796875 0.414062 0.802734 0.408203 0.804688 0.408203 0.804688 0.404297 0.806641 0.402344 0.806641 0.400391 0.804688 0.398438 0.804688 0.396484 0.802734 0.394531 0.802734 0.386719 0.804688 0.384766 0.806641 0.384766 0.808594 0.382812 0.810547 0.382812 0.812500 0.380859 0.812500 0.376953 0.810547 0.375000 0.810547 0.373047 0.808594 0.371094 0.808594 0.367188 0.810547 0.365234 0.810547 0.361328 0.812500 0.359375 0.812500 0.353516 0.814453 0.351562 0.814453 0.345703 0.816406 0.343750 0.824219 0.343750 0.826172 0.345703 0.826172 0.347656 0.830078 0.343750 0.835938 0.349609 0.835938 0.351562 0.837891 0.353516 0.839844 0.353516 0.841797 0.355469 0.843750 0.355469 0.849609 0.361328 0.853516 0.361328 0.855469 0.363281 0.859375 0.363281 0.861328 0.365234 0.861328 0.367188 0.863281 0.367188 0.865234 0.369141 0.867188 0.369141 0.869141 0.367188 0.876953 0.367188 0.876953 0.365234 0.875000 0.365234 0.871094 0.361328 0.871094 0.357422 0.873047 0.355469 0.873047 0.353516 0.869141 0.349609 0.869141 0.347656 0.871094 0.345703 0.873047 0.345703 0.873047 0.343750 0.875000 0.341797 0.876953 0.343750 0.878906 0.343750 0.880859 0.341797 0.886719 0.341797 0.888672 0.339844 0.896484 0.339844 0.900391 0.335938 0.902344 0.335938 0.902344 0.333984 0.906250 0.330078 0.908203 0.330078 0.910156 0.328125 0.914062 0.328125 0.914062 0.326172 0.912109 0.324219 0.912109 0.322266 0.914062 0.320312 0.916016 0.320312 0.919922 0.316406 0.919922 0.312500 0.917969 0.310547 0.917969 0.306641 0.919922 0.304688 0.919922 0.298828 0.917969 0.298828 0.916016 0.296875 0.914062 0.296875 0.912109 0.294922 0.912109 0.291016 0.914062 0.289062 0.917969 0.289062 0.919922 0.287109 0.921875 0.287109 0.923828 0.285156 0.927734 0.285156 0.929688 0.283203 0.931641 0.285156 0.933594 0.283203 0.935547 0.283203 0.937500 0.285156 0.937500 0.287109 0.931641 0.292969 0.931641 0.296875 0.935547 0.296875 0.939453 0.300781 0.939453 0.302734 0.945312 0.302734 0.951172 0.296875 0.951172 0.292969 0.949219 0.291016 0.947266 0.291016 0.945312 0.289062 0.945312 0.285156 0.943359 0.283203 0.939453 0.283203 0.937500 0.281250 0.937500 0.279297 0.941406 0.275391 0.941406 0.273438 0.943359 0.271484 0.943359 0.269531 0.937500 0.263672 0.935547 0.263672 0.933594 0.261719 0.935547 0.259766 0.937500 0.259766 0.939453 0.257812 0.939453 0.250000 0.937500 0.248047 0.931641 0.248047 0.929688 0.246094 0.929688 0.244141 0.933594 0.240234 0.931641 0.238281 0.931641 0.232422 0.933594 0.230469 0.933594 0.226562 0.937500 0.222656 0.937500 0.205078 0.933594 0.201172 0.933594 0.193359 0.935547 0.191406 0.937500 0.191406 0.937500 0.189453 0.939453 0.187500 0.939453 0.185547 0.937500 0.183594 0.933594 0.183594 0.931641 0.181641 0.925781 0.181641 0.925781 0.183594 0.921875 0.187500 0.919922 0.187500 0.917969 0.185547 0.917969 0.179688 0.921875 0.175781 0.923828 0.175781 0.925781 0.173828 0.929688 0.173828 0.931641 0.171875 0.929688 0.169922 0.929688 0.162109 0.931641 0.160156 0.937500 0.166016 0.937500 0.167969 0.939453 0.169922 0.941406 0.169922 0.943359 0.171875 0.943359 0.173828 0.945312 0.173828 0.947266 0.175781 0.949219 0.175781 0.953125 0.179688 0.957031 0.179688 0.958984 0.181641 0.974609 0.181641 0.976562 0.183594 0.976562 0.185547 0.980469 0.185547 0.982422 0.187500 0.982422 0.191406 0.984375 0.193359 0.984375 0.199219 0.986328 0.201172 0.988281 0.201172 0.990234 0.203125 0.992188 0.203125 0.992188 0.000000 0.859375 0.000000 0.859375 0.007812 0.857422 0.009766 0.857422 0.011719 0.853516 0.015625 0.851562 0.013672 0.847656 0.013672 0.845703 0.011719 0.837891 0.011719 0.835938 0.009766 0.835938 0.007812 0.837891 0.005859 0.837891 0.000000
0 0.548828 0.000000 0.548828 0.003906 0.550781 0.005859 0.558594 0.005859 0.560547 0.003906 0.560547 0.000000
0 0.013672 0.000000 0.013672 0.001953 0.021484 0.009766 0.021484 0.011719 0.023438 0.011719 0.027344 0.015625 0.029297 0.015625 0.033203 0.019531 0.033203 0.027344 0.041016 0.027344 0.048828 0.019531 0.050781 0.019531 0.056641 0.013672 0.060547 0.013672 0.064453 0.009766 0.064453 0.001953 0.062500 0.000000