0 0.074219 0.896484 0.074219 0.910156 0.082031 0.910156 0.082031 0.896484
0 0.236328 0.884766 0.236328 0.890625 0.234375 0.892578 0.230469 0.892578 0.230469 0.894531 0.228516 0.896484 0.226562 0.896484 0.226562 0.900391 0.224609 0.902344 0.224609 0.904297 0.222656 0.906250 0.220703 0.906250 0.220703 0.916016 0.228516 0.916016 0.230469 0.914062 0.234375 0.914062 0.234375 0.906250 0.236328 0.904297 0.238281 0.904297 0.238281 0.894531 0.240234 0.892578 0.244141 0.892578 0.244141 0.884766
0 0.078125 0.884766 0.078125 0.892578 0.085938 0.892578 0.085938 0.884766
0 0.240234 0.873047 0.240234 0.880859 0.248047 0.880859 0.248047 0.873047
0 0.083984 0.865234 0.083984 0.873047 0.091797 0.873047 0.091797 0.865234
0 0.253906 0.855469 0.253906 0.863281 0.255859 0.863281 0.257812 0.865234 0.257812 0.871094 0.265625 0.871094 0.265625 0.855469
0 0.263672 0.839844 0.263672 0.847656 0.271484 0.847656 0.271484 0.839844
0 0.083984 0.822266 0.083984 0.833984 0.085938 0.833984 0.087891 0.835938 0.087891 0.857422 0.095703 0.857422 0.095703 0.832031 0.093750 0.832031 0.091797 0.830078 0.091797 0.822266
0 0.335938 0.773438 0.335938 0.777344 0.333984 0.779297 0.333984 0.787109 0.332031 0.789062 0.326172 0.789062 0.326172 0.794922 0.324219 0.796875 0.316406 0.796875 0.316406 0.800781 0.314453 0.802734 0.314453 0.804688 0.312500 0.806641 0.302734 0.806641 0.300781 0.808594 0.292969 0.808594 0.292969 0.814453 0.291016 0.816406 0.291016 0.820312 0.289062 0.822266 0.283203 0.822266 0.283203 0.830078 0.291016 0.830078 0.291016 0.826172 0.292969 0.824219 0.298828 0.824219 0.298828 0.818359 0.300781 0.816406 0.304688 0.816406 0.306641 0.814453 0.318359 0.814453 0.318359 0.812500 0.320312 0.810547 0.322266 0.810547 0.322266 0.806641 0.324219 0.804688 0.324219 0.798828 0.326172 0.796875 0.333984 0.796875 0.333984 0.789062 0.335938 0.787109 0.341797 0.787109 0.341797 0.783203 0.343750 0.781250 0.343750 0.773438
0 0.339844 0.759766 0.339844 0.767578 0.347656 0.767578 0.347656 0.759766
0 0.349609 0.718750 0.349609 0.720703 0.347656 0.722656 0.347656 0.730469 0.345703 0.732422 0.343750 0.732422 0.343750 0.753906 0.351562 0.753906 0.351562 0.732422 0.353516 0.730469 0.355469 0.730469 0.355469 0.728516 0.357422 0.726562 0.357422 0.718750
0 0.353516 0.707031 0.353516 0.714844 0.361328 0.714844 0.361328 0.707031
0 0.548828 0.650391 0.548828 0.658203 0.550781 0.658203 0.552734 0.660156 0.558594 0.660156 0.560547 0.662109 0.560547 0.664062 0.568359 0.664062 0.570312 0.666016 0.570312 0.667969 0.574219 0.667969 0.576172 0.669922 0.578125 0.669922 0.580078 0.671875 0.580078 0.673828 0.582031 0.675781 0.582031 0.677734 0.583984 0.677734 0.585938 0.679688 0.587891 0.679688 0.589844 0.681641 0.589844 0.683594 0.597656 0.683594 0.597656 0.671875 0.591797 0.671875 0.587891 0.667969 0.587891 0.666016 0.585938 0.666016 0.583984 0.664062 0.583984 0.662109 0.580078 0.662109 0.578125 0.660156 0.576172 0.660156 0.574219 0.658203 0.574219 0.656250 0.562500 0.656250 0.560547 0.654297 0.560547 0.652344 0.558594 0.652344 0.556641 0.650391
0 0.404297 0.650391 0.404297 0.654297 0.402344 0.656250 0.396484 0.656250 0.396484 0.660156 0.394531 0.662109 0.392578 0.662109 0.392578 0.664062 0.390625 0.666016 0.386719 0.666016 0.386719 0.669922 0.384766 0.671875 0.382812 0.671875 0.382812 0.677734 0.380859 0.679688 0.376953 0.679688 0.376953 0.681641 0.375000 0.683594 0.367188 0.683594 0.367188 0.691406 0.365234 0.693359 0.363281 0.693359 0.363281 0.701172 0.371094 0.701172 0.371094 0.693359 0.373047 0.691406 0.375000 0.691406 0.375000 0.689453 0.376953 0.687500 0.384766 0.687500 0.384766 0.681641 0.386719 0.679688 0.390625 0.679688 0.390625 0.675781 0.392578 0.673828 0.394531 0.673828 0.394531 0.671875 0.396484 0.669922 0.400391 0.669922 0.400391 0.666016 0.402344 0.664062 0.404297 0.664062 0.404297 0.660156 0.406250 0.658203 0.412109 0.658203 0.412109 0.650391
0 0.423828 0.628906 0.423828 0.636719 0.421875 0.638672 0.414062 0.638672 0.414062 0.646484 0.421875 0.646484 0.421875 0.638672 0.423828 0.636719 0.431641 0.636719 0.431641 0.628906
0 0.490234 0.603516 0.490234 0.611328 0.494141 0.611328 0.496094 0.613281 0.498047 0.613281 0.500000 0.615234 0.500000 0.621094 0.507812 0.621094 0.509766 0.623047 0.509766 0.625000 0.511719 0.625000 0.513672 0.626953 0.513672 0.630859 0.517578 0.630859 0.519531 0.632812 0.519531 0.636719 0.521484 0.636719 0.523438 0.638672 0.523438 0.640625 0.527344 0.640625 0.529297 0.642578 0.529297 0.644531 0.537109 0.644531 0.539062 0.646484 0.546875 0.646484 0.546875 0.638672 0.544922 0.636719 0.533203 0.636719 0.531250 0.634766 0.531250 0.632812 0.529297 0.632812 0.527344 0.630859 0.527344 0.628906 0.523438 0.628906 0.521484 0.626953 0.521484 0.623047 0.519531 0.623047 0.517578 0.621094 0.517578 0.617188 0.513672 0.617188 0.511719 0.615234 0.511719 0.613281 0.505859 0.613281 0.503906 0.611328 0.503906 0.605469 0.500000 0.605469 0.498047 0.603516
0 0.482422 0.589844 0.482422 0.597656 0.490234 0.597656 0.490234 0.589844
0 0.048828 0.574219 0.048828 0.582031 0.046875 0.583984 0.046875 0.591797 0.044922 0.593750 0.044922 0.597656 0.042969 0.599609 0.042969 0.613281 0.041016 0.615234 0.041016 0.617188 0.039062 0.619141 0.039062 0.623047 0.037109 0.625000 0.037109 0.642578 0.035156 0.644531 0.035156 0.650391 0.033203 0.652344 0.033203 0.656250 0.031250 0.658203 0.029297 0.658203 0.027344 0.660156 0.027344 0.662109 0.025391 0.664062 0.023438 0.664062 0.021484 0.666016 0.021484 0.667969 0.017578 0.671875 0.017578 0.673828 0.015625 0.675781 0.011719 0.675781 0.011719 0.683594 0.021484 0.683594 0.021484 0.681641 0.023438 0.679688 0.025391 0.679688 0.027344 0.677734 0.027344 0.675781 0.031250 0.671875 0.031250 0.669922 0.033203 0.667969 0.035156 0.667969 0.037109 0.666016 0.037109 0.664062 0.039062 0.662109 0.041016 0.662109 0.041016 0.660156 0.042969 0.658203 0.042969 0.648438 0.044922 0.646484 0.044922 0.628906 0.046875 0.626953 0.046875 0.625000 0.048828 0.623047 0.048828 0.621094 0.050781 0.619141 0.050781 0.603516 0.052734 0.601562 0.052734 0.599609 0.054688 0.597656 0.054688 0.589844 0.056641 0.587891 0.056641 0.583984 0.058594 0.582031 0.060547 0.582031 0.060547 0.574219
0 0.476562 0.570312 0.476562 0.578125 0.484375 0.578125 0.484375 0.570312
0 0.708984 0.560547 0.707031 0.562500 0.703125 0.562500 0.703125 0.564453 0.701172 0.566406 0.699219 0.566406 0.699219 0.570312 0.697266 0.572266 0.675781 0.572266 0.673828 0.570312 0.666016 0.570312 0.666016 0.580078 0.701172 0.580078 0.701172 0.576172 0.703125 0.574219 0.707031 0.574219 0.707031 0.572266 0.708984 0.570312 0.710938 0.570312 0.712891 0.568359 0.716797 0.568359 0.716797 0.560547
0 0.357422 0.552734 0.357422 0.564453 0.359375 0.566406 0.359375 0.568359 0.361328 0.570312 0.361328 0.583984 0.359375 0.585938 0.359375 0.587891 0.357422 0.589844 0.357422 0.591797 0.355469 0.593750 0.355469 0.595703 0.353516 0.597656 0.353516 0.599609 0.351562 0.601562 0.349609 0.601562 0.349609 0.603516 0.347656 0.605469 0.347656 0.607422 0.343750 0.611328 0.341797 0.611328 0.341797 0.613281 0.337891 0.617188 0.335938 0.617188 0.333984 0.619141 0.333984 0.621094 0.332031 0.623047 0.328125 0.623047 0.326172 0.625000 0.324219 0.625000 0.322266 0.626953 0.320312 0.626953 0.318359 0.628906 0.316406 0.628906 0.316406 0.630859 0.312500 0.634766 0.310547 0.634766 0.308594 0.636719 0.306641 0.636719 0.306641 0.638672 0.304688 0.640625 0.300781 0.640625 0.298828 0.642578 0.294922 0.642578 0.292969 0.644531 0.291016 0.644531 0.291016 0.646484 0.287109 0.650391 0.281250 0.650391 0.279297 0.652344 0.277344 0.652344 0.277344 0.654297 0.275391 0.656250 0.273438 0.656250 0.271484 0.658203 0.269531 0.658203 0.269531 0.662109 0.267578 0.664062 0.265625 0.664062 0.263672 0.666016 0.261719 0.666016 0.257812 0.669922 0.257812 0.677734 0.265625 0.677734 0.271484 0.671875 0.273438 0.671875 0.273438 0.667969 0.275391 0.666016 0.277344 0.666016 0.279297 0.664062 0.281250 0.664062 0.281250 0.662109 0.283203 0.660156 0.285156 0.660156 0.287109 0.658203 0.292969 0.658203 0.294922 0.656250 0.296875 0.656250 0.296875 0.654297 0.298828 0.652344 0.300781 0.652344 0.304688 0.648438 0.310547 0.648438 0.310547 0.646484 0.312500 0.644531 0.314453 0.644531 0.316406 0.642578 0.318359 0.642578 0.320312 0.640625 0.322266 0.640625 0.322266 0.638672 0.326172 0.634766 0.328125 0.634766 0.330078 0.632812 0.332031 0.632812 0.333984 0.630859 0.337891 0.630859 0.337891 0.628906 0.339844 0.626953 0.341797 0.626953 0.345703 0.623047 0.347656 0.623047 0.347656 0.621094 0.349609 0.619141 0.351562 0.619141 0.353516 0.617188 0.353516 0.615234 0.355469 0.613281 0.355469 0.611328 0.357422 0.609375 0.357422 0.607422 0.359375 0.605469 0.361328 0.605469 0.361328 0.603516 0.363281 0.601562 0.363281 0.599609 0.365234 0.597656 0.365234 0.595703 0.369141 0.591797 0.369141 0.564453 0.367188 0.562500 0.367188 0.560547 0.365234 0.558594 0.365234 0.552734
0 0.779297 0.509766 0.779297 0.511719 0.777344 0.513672 0.769531 0.513672 0.769531 0.517578 0.767578 0.519531 0.761719 0.519531 0.761719 0.521484 0.759766 0.523438 0.755859 0.523438 0.755859 0.527344 0.753906 0.529297 0.746094 0.529297 0.746094 0.531250 0.744141 0.533203 0.742188 0.533203 0.742188 0.535156 0.740234 0.537109 0.732422 0.537109 0.732422 0.541016 0.730469 0.542969 0.726562 0.542969 0.726562 0.544922 0.724609 0.546875 0.722656 0.546875 0.720703 0.548828 0.716797 0.548828 0.716797 0.556641 0.724609 0.556641 0.726562 0.554688 0.730469 0.554688 0.730469 0.552734 0.732422 0.550781 0.734375 0.550781 0.734375 0.546875 0.736328 0.544922 0.748047 0.544922 0.748047 0.542969 0.750000 0.541016 0.750000 0.539062 0.751953 0.537109 0.759766 0.537109 0.759766 0.533203 0.761719 0.531250 0.763672 0.531250 0.763672 0.529297 0.765625 0.527344 0.769531 0.527344 0.769531 0.523438 0.771484 0.521484 0.777344 0.521484 0.777344 0.519531 0.779297 0.517578 0.787109 0.517578 0.787109 0.509766
0 0.792969 0.500000 0.792969 0.507812 0.800781 0.507812 0.800781 0.500000
0 0.500000 0.500000 0.500000 0.501953 0.498047 0.503906 0.496094 0.503906 0.496094 0.507812 0.494141 0.509766 0.494141 0.513672 0.492188 0.515625 0.490234 0.515625 0.490234 0.521484 0.488281 0.523438 0.486328 0.523438 0.486328 0.527344 0.484375 0.529297 0.480469 0.529297 0.480469 0.535156 0.478516 0.537109 0.472656 0.537109 0.472656 0.541016 0.470703 0.542969 0.466797 0.542969 0.466797 0.546875 0.464844 0.548828 0.462891 0.548828 0.462891 0.556641 0.470703 0.556641 0.472656 0.558594 0.472656 0.560547 0.480469 0.560547 0.480469 0.548828 0.476562 0.548828 0.474609 0.546875 0.476562 0.544922 0.480469 0.544922 0.480469 0.539062 0.482422 0.537109 0.488281 0.537109 0.488281 0.533203 0.490234 0.531250 0.494141 0.531250 0.494141 0.529297 0.496094 0.527344 0.498047 0.527344 0.498047 0.519531 0.500000 0.517578 0.501953 0.517578 0.501953 0.513672 0.503906 0.511719 0.503906 0.509766 0.505859 0.507812 0.507812 0.507812 0.507812 0.500000
0 0.486328 0.335938 0.486328 0.337891 0.484375 0.339844 0.482422 0.339844 0.482422 0.345703 0.480469 0.347656 0.472656 0.347656 0.470703 0.349609 0.462891 0.349609 0.462891 0.357422 0.460938 0.359375 0.457031 0.359375 0.457031 0.365234 0.455078 0.367188 0.449219 0.367188 0.447266 0.369141 0.443359 0.369141 0.443359 0.375000 0.441406 0.376953 0.439453 0.376953 0.439453 0.380859 0.437500 0.382812 0.429688 0.382812 0.429688 0.390625 0.437500 0.390625 0.437500 0.386719 0.439453 0.384766 0.447266 0.384766 0.447266 0.378906 0.449219 0.376953 0.451172 0.376953 0.453125 0.375000 0.457031 0.375000 0.457031 0.369141 0.458984 0.367188 0.464844 0.367188 0.464844 0.359375 0.466797 0.357422 0.470703 0.357422 0.472656 0.355469 0.480469 0.355469 0.480469 0.349609 0.482422 0.347656 0.490234 0.347656 0.490234 0.345703 0.492188 0.343750 0.494141 0.343750 0.494141 0.335938
0 0.349609 0.298828 0.343750 0.304688 0.343750 0.306641 0.339844 0.310547 0.339844 0.312500 0.337891 0.314453 0.337891 0.316406 0.335938 0.318359 0.335938 0.324219 0.333984 0.326172 0.332031 0.326172 0.332031 0.333984 0.330078 0.335938 0.330078 0.349609 0.328125 0.351562 0.326172 0.351562 0.326172 0.355469 0.324219 0.357422 0.320312 0.357422 0.320312 0.361328 0.316406 0.365234 0.314453 0.365234 0.314453 0.369141 0.312500 0.371094 0.310547 0.371094 0.310547 0.373047 0.308594 0.375000 0.306641 0.375000 0.306641 0.376953 0.304688 0.378906 0.304688 0.380859 0.302734 0.382812 0.302734 0.410156 0.298828 0.414062 0.298828 0.416016 0.296875 0.417969 0.294922 0.417969 0.294922 0.453125 0.296875 0.455078 0.296875 0.457031 0.298828 0.458984 0.298828 0.460938 0.300781 0.462891 0.300781 0.468750 0.302734 0.470703 0.302734 0.472656 0.306641 0.476562 0.306641 0.478516 0.308594 0.478516 0.310547 0.480469 0.310547 0.484375 0.312500 0.484375 0.314453 0.486328 0.314453 0.490234 0.316406 0.492188 0.318359 0.492188 0.320312 0.494141 0.320312 0.496094 0.328125 0.496094 0.328125 0.488281 0.326172 0.488281 0.324219 0.486328 0.324219 0.484375 0.322266 0.482422 0.320312 0.482422 0.318359 0.480469 0.318359 0.476562 0.316406 0.476562 0.314453 0.474609 0.314453 0.470703 0.312500 0.468750 0.312500 0.466797 0.308594 0.462891 0.308594 0.460938 0.306641 0.458984 0.306641 0.453125 0.304688 0.451172 0.304688 0.447266 0.302734 0.445312 0.302734 0.423828 0.304688 0.421875 0.306641 0.421875 0.308594 0.419922 0.308594 0.417969 0.310547 0.416016 0.310547 0.388672 0.312500 0.386719 0.312500 0.384766 0.316406 0.380859 0.318359 0.380859 0.318359 0.378906 0.320312 0.376953 0.322266 0.376953 0.322266 0.373047 0.324219 0.371094 0.326172 0.371094 0.326172 0.367188 0.328125 0.365234 0.332031 0.365234 0.332031 0.363281 0.333984 0.361328 0.333984 0.353516 0.335938 0.351562 0.337891 0.351562 0.337891 0.335938 0.339844 0.333984 0.339844 0.328125 0.341797 0.326172 0.343750 0.326172 0.343750 0.324219 0.345703 0.322266 0.345703 0.320312 0.351562 0.314453 0.351562 0.312500 0.357422 0.306641 0.357422 0.298828
0 0.751953 0.296875 0.751953 0.298828 0.748047 0.302734 0.748047 0.306641 0.746094 0.308594 0.746094 0.310547 0.742188 0.314453 0.740234 0.314453 0.740234 0.324219 0.736328 0.328125 0.736328 0.335938 0.730469 0.341797 0.730469 0.343750 0.728516 0.345703 0.724609 0.345703 0.724609 0.349609 0.720703 0.353516 0.718750 0.353516 0.716797 0.355469 0.712891 0.355469 0.712891 0.357422 0.708984 0.361328 0.708984 0.363281 0.707031 0.365234 0.707031 0.367188 0.703125 0.371094 0.703125 0.378906 0.710938 0.378906 0.714844 0.375000 0.714844 0.371094 0.718750 0.367188 0.718750 0.365234 0.722656 0.361328 0.726562 0.361328 0.728516 0.359375 0.730469 0.359375 0.730469 0.355469 0.732422 0.353516 0.734375 0.353516 0.734375 0.351562 0.736328 0.349609 0.738281 0.349609 0.744141 0.343750 0.744141 0.335938 0.746094 0.333984 0.746094 0.332031 0.748047 0.330078 0.748047 0.322266 0.750000 0.320312 0.751953 0.320312 0.751953 0.318359 0.753906 0.316406 0.753906 0.312500 0.761719 0.304688 0.773438 0.304688 0.773438 0.296875
0 0.804688 0.150391 0.804688 0.158203 0.806641 0.158203 0.808594 0.160156 0.810547 0.160156 0.812500 0.162109 0.812500 0.164062 0.816406 0.167969 0.816406 0.169922 0.818359 0.171875 0.818359 0.177734 0.822266 0.181641 0.822266 0.185547 0.824219 0.185547 0.826172 0.187500 0.826172 0.193359 0.828125 0.195312 0.828125 0.197266 0.830078 0.199219 0.830078 0.201172 0.832031 0.203125 0.832031 0.207031 0.833984 0.208984 0.833984 0.218750 0.835938 0.218750 0.837891 0.220703 0.837891 0.224609 0.839844 0.224609 0.841797 0.226562 0.841797 0.253906 0.849609 0.253906 0.849609 0.224609 0.847656 0.224609 0.845703 0.222656 0.845703 0.216797 0.843750 0.216797 0.841797 0.214844 0.841797 0.201172 0.837891 0.197266 0.837891 0.193359 0.835938 0.191406 0.835938 0.189453 0.833984 0.187500 0.833984 0.183594 0.832031 0.183594 0.830078 0.181641 0.830078 0.175781 0.828125 0.173828 0.828125 0.171875 0.826172 0.169922 0.826172 0.164062 0.824219 0.162109 0.824219 0.160156 0.820312 0.156250 0.818359 0.156250 0.816406 0.154297 0.816406 0.152344 0.814453 0.150391
0 0.892578 0.111328 0.892578 0.152344 0.894531 0.152344 0.896484 0.154297 0.896484 0.162109 0.900391 0.162109 0.902344 0.164062 0.902344 0.171875 0.906250 0.171875 0.908203 0.173828 0.908203 0.177734 0.910156 0.177734 0.912109 0.179688 0.912109 0.187500 0.917969 0.187500 0.919922 0.189453 0.919922 0.191406 0.921875 0.193359 0.921875 0.197266 0.927734 0.197266 0.929688 0.199219 0.929688 0.205078 0.933594 0.205078 0.935547 0.207031 0.935547 0.210938 0.937500 0.210938 0.939453 0.212891 0.939453 0.218750 0.941406 0.220703 0.949219 0.220703 0.949219 0.210938 0.945312 0.210938 0.943359 0.208984 0.943359 0.203125 0.939453 0.203125 0.937500 0.201172 0.937500 0.197266 0.931641 0.197266 0.929688 0.195312 0.929688 0.189453 0.927734 0.187500 0.927734 0.183594 0.921875 0.183594 0.919922 0.181641 0.919922 0.179688 0.917969 0.179688 0.916016 0.177734 0.916016 0.169922 0.912109 0.169922 0.910156 0.167969 0.910156 0.156250 0.906250 0.156250 0.904297 0.154297 0.902344 0.154297 0.900391 0.152344 0.900391 0.111328