0 0.115234 0.976562 0.115234 0.984375 0.117188 0.986328 0.117188 0.988281 0.119141 0.990234 0.117188 0.992188 0.113281 0.992188 0.154297 0.992188 0.154297 0.988281 0.150391 0.984375 0.150391 0.980469 0.148438 0.978516 0.128906 0.978516 0.126953 0.980469 0.123047 0.976562
0 0.175781 0.968750 0.175781 0.992188 0.197266 0.992188 0.197266 0.988281 0.199219 0.986328 0.199219 0.984375 0.203125 0.980469 0.203125 0.976562 0.201172 0.974609 0.201172 0.972656 0.187500 0.972656 0.185547 0.970703 0.185547 0.968750 0.179688 0.968750 0.177734 0.970703
0 0.074219 0.968750 0.072266 0.970703 0.072266 0.972656 0.070312 0.974609 0.070312 0.992188 0.103516 0.992188 0.103516 0.986328 0.107422 0.982422 0.105469 0.982422 0.103516 0.980469 0.103516 0.976562 0.095703 0.976562 0.093750 0.974609 0.091797 0.974609 0.089844 0.972656 0.087891 0.972656 0.083984 0.968750
0 0.431641 0.937500 0.431641 0.943359 0.443359 0.955078 0.443359 0.957031 0.449219 0.957031 0.451172 0.955078 0.451172 0.951172 0.449219 0.951172 0.445312 0.947266 0.445312 0.945312 0.443359 0.943359 0.443359 0.941406 0.441406 0.939453 0.439453 0.939453 0.437500 0.937500
0 0.039062 0.935547 0.037109 0.937500 0.035156 0.937500 0.033203 0.939453 0.031250 0.939453 0.029297 0.941406 0.027344 0.941406 0.025391 0.943359 0.023438 0.943359 0.023438 0.949219 0.027344 0.953125 0.027344 0.955078 0.025391 0.957031 0.025391 0.958984 0.023438 0.960938 0.023438 0.968750 0.027344 0.972656 0.033203 0.972656 0.039062 0.966797 0.039062 0.964844 0.044922 0.958984 0.044922 0.957031 0.046875 0.955078 0.046875 0.947266 0.044922 0.945312 0.044922 0.941406 0.046875 0.939453 0.046875 0.935547
0 0.089844 0.927734 0.085938 0.931641 0.083984 0.931641 0.083984 0.933594 0.082031 0.935547 0.082031 0.939453 0.095703 0.939453 0.097656 0.941406 0.095703 0.943359 0.095703 0.949219 0.103516 0.949219 0.105469 0.947266 0.109375 0.947266 0.109375 0.937500 0.105469 0.933594 0.103516 0.933594 0.097656 0.927734
0 0.320312 0.902344 0.318359 0.904297 0.318359 0.906250 0.316406 0.908203 0.316406 0.914062 0.314453 0.916016 0.314453 0.921875 0.312500 0.923828 0.310547 0.921875 0.298828 0.921875 0.296875 0.919922 0.296875 0.917969 0.292969 0.917969 0.281250 0.929688 0.273438 0.921875 0.271484 0.921875 0.267578 0.917969 0.263672 0.917969 0.261719 0.919922 0.261719 0.927734 0.263672 0.929688 0.261719 0.931641 0.259766 0.931641 0.257812 0.933594 0.250000 0.933594 0.250000 0.935547 0.248047 0.937500 0.242188 0.937500 0.240234 0.935547 0.230469 0.935547 0.228516 0.933594 0.220703 0.933594 0.218750 0.931641 0.218750 0.929688 0.216797 0.927734 0.216797 0.919922 0.218750 0.917969 0.220703 0.917969 0.222656 0.919922 0.226562 0.919922 0.228516 0.917969 0.228516 0.912109 0.230469 0.910156 0.226562 0.906250 0.226562 0.904297 0.220703 0.904297 0.216797 0.908203 0.216797 0.912109 0.214844 0.914062 0.212891 0.914062 0.210938 0.912109 0.199219 0.912109 0.197266 0.914062 0.195312 0.914062 0.191406 0.917969 0.191406 0.919922 0.189453 0.921875 0.189453 0.923828 0.187500 0.925781 0.187500 0.929688 0.191406 0.933594 0.193359 0.933594 0.195312 0.935547 0.197266 0.935547 0.197266 0.933594 0.203125 0.927734 0.208984 0.927734 0.212891 0.931641 0.212891 0.935547 0.208984 0.939453 0.208984 0.941406 0.201172 0.949219 0.201172 0.951172 0.199219 0.953125 0.199219 0.966797 0.207031 0.966797 0.208984 0.964844 0.210938 0.964844 0.212891 0.966797 0.216797 0.966797 0.222656 0.972656 0.222656 0.974609 0.224609 0.974609 0.226562 0.976562 0.226562 0.978516 0.232422 0.978516 0.234375 0.980469 0.230469 0.984375 0.230469 0.990234 0.228516 0.992188 0.226562 0.992188 0.427734 0.992188 0.427734 0.990234 0.429688 0.988281 0.429688 0.970703 0.427734 0.970703 0.425781 0.968750 0.419922 0.968750 0.416016 0.964844 0.416016 0.962891 0.419922 0.958984 0.421875 0.958984 0.423828 0.957031 0.425781 0.957031 0.425781 0.953125 0.417969 0.953125 0.414062 0.949219 0.414062 0.947266 0.410156 0.943359 0.410156 0.941406 0.408203 0.941406 0.404297 0.945312 0.404297 0.951172 0.406250 0.953125 0.404297 0.955078 0.396484 0.955078 0.394531 0.953125 0.390625 0.953125 0.388672 0.951172 0.386719 0.951172 0.384766 0.949219 0.382812 0.949219 0.375000 0.941406 0.373047 0.941406 0.371094 0.939453 0.369141 0.939453 0.367188 0.937500 0.363281 0.937500 0.361328 0.935547 0.355469 0.935547 0.353516 0.933594 0.351562 0.933594 0.347656 0.937500 0.345703 0.937500 0.343750 0.939453 0.341797 0.937500 0.341797 0.935547 0.339844 0.935547 0.337891 0.933594 0.337891 0.929688 0.335938 0.927734 0.335938 0.921875 0.332031 0.917969 0.332031 0.908203 0.330078 0.906250 0.330078 0.904297 0.328125 0.902344
0 0.300781 0.886719 0.300781 0.890625 0.302734 0.892578 0.304688 0.892578 0.306641 0.894531 0.312500 0.894531 0.312500 0.890625 0.308594 0.886719
0 0.248047 0.855469 0.246094 0.857422 0.244141 0.857422 0.242188 0.859375 0.240234 0.859375 0.238281 0.861328 0.232422 0.861328 0.230469 0.863281 0.230469 0.865234 0.228516 0.867188 0.222656 0.867188 0.222656 0.871094 0.224609 0.873047 0.224609 0.875000 0.228516 0.878906 0.230469 0.878906 0.232422 0.876953 0.234375 0.876953 0.236328 0.875000 0.242188 0.880859 0.242188 0.882812 0.244141 0.884766 0.250000 0.884766 0.251953 0.882812 0.253906 0.884766 0.259766 0.884766 0.261719 0.886719 0.261719 0.888672 0.263672 0.888672 0.265625 0.890625 0.265625 0.892578 0.271484 0.892578 0.271484 0.890625 0.273438 0.888672 0.279297 0.888672 0.283203 0.884766 0.285156 0.884766 0.292969 0.876953 0.292969 0.875000 0.291016 0.873047 0.289062 0.873047 0.287109 0.871094 0.285156 0.871094 0.283203 0.869141 0.285156 0.867188 0.285156 0.863281 0.283203 0.861328 0.283203 0.859375 0.281250 0.857422 0.277344 0.857422 0.275391 0.859375 0.275391 0.861328 0.273438 0.863281 0.261719 0.863281 0.255859 0.857422 0.253906 0.857422 0.251953 0.855469
0 0.322266 0.849609 0.320312 0.851562 0.320312 0.855469 0.322266 0.857422 0.322266 0.859375 0.328125 0.859375 0.330078 0.857422 0.332031 0.857422 0.332031 0.851562 0.330078 0.849609
0 0.787109 0.826172 0.783203 0.830078 0.783203 0.839844 0.787109 0.839844 0.787109 0.837891 0.792969 0.832031 0.792969 0.828125 0.791016 0.828125 0.789062 0.826172
0 0.404297 0.820312 0.404297 0.822266 0.396484 0.830078 0.396484 0.837891 0.402344 0.843750 0.404297 0.843750 0.406250 0.845703 0.406250 0.847656 0.408203 0.847656 0.410156 0.849609 0.412109 0.849609 0.412109 0.843750 0.414062 0.841797 0.414062 0.839844 0.417969 0.835938 0.419922 0.837891 0.419922 0.839844 0.421875 0.841797 0.425781 0.841797 0.427734 0.843750 0.431641 0.843750 0.431641 0.839844 0.429688 0.837891 0.429688 0.824219 0.412109 0.824219 0.408203 0.820312
0 0.820312 0.814453 0.818359 0.816406 0.814453 0.816406 0.812500 0.818359 0.812500 0.820312 0.808594 0.824219 0.806641 0.824219 0.804688 0.826172 0.804688 0.830078 0.802734 0.832031 0.800781 0.832031 0.796875 0.835938 0.796875 0.837891 0.794922 0.839844 0.794922 0.841797 0.792969 0.843750 0.789062 0.843750 0.787109 0.845703 0.787109 0.855469 0.785156 0.857422 0.783203 0.857422 0.781250 0.859375 0.779297 0.859375 0.775391 0.863281 0.777344 0.865234 0.777344 0.869141 0.775391 0.871094 0.777344 0.873047 0.777344 0.878906 0.775391 0.880859 0.775391 0.888672 0.777344 0.890625 0.777344 0.892578 0.781250 0.896484 0.781250 0.898438 0.779297 0.900391 0.779297 0.906250 0.777344 0.908203 0.777344 0.916016 0.779297 0.917969 0.779297 0.919922 0.781250 0.921875 0.781250 0.925781 0.779297 0.927734 0.779297 0.933594 0.781250 0.935547 0.781250 0.937500 0.783203 0.939453 0.783203 0.943359 0.787109 0.947266 0.789062 0.947266 0.791016 0.949219 0.791016 0.951172 0.789062 0.953125 0.783203 0.953125 0.781250 0.955078 0.781250 0.960938 0.777344 0.964844 0.777344 0.966797 0.775391 0.968750 0.775391 0.988281 0.779297 0.992188 0.865234 0.992188 0.865234 0.988281 0.861328 0.984375 0.863281 0.982422 0.865234 0.982422 0.865234 0.980469 0.867188 0.978516 0.873047 0.978516 0.873047 0.974609 0.875000 0.972656 0.876953 0.972656 0.878906 0.970703 0.886719 0.970703 0.888672 0.968750 0.890625 0.968750 0.892578 0.970703 0.892578 0.978516 0.894531 0.980469 0.894531 0.982422 0.896484 0.982422 0.898438 0.984375 0.906250 0.984375 0.906250 0.982422 0.910156 0.978516 0.910156 0.976562 0.912109 0.974609 0.914062 0.974609 0.916016 0.976562 0.919922 0.976562 0.921875 0.978516 0.929688 0.978516 0.931641 0.976562 0.933594 0.976562 0.937500 0.980469 0.947266 0.980469 0.947266 0.966797 0.949219 0.964844 0.955078 0.964844 0.962891 0.957031 0.962891 0.953125 0.960938 0.951172 0.960938 0.949219 0.958984 0.947266 0.958984 0.941406 0.960938 0.939453 0.960938 0.937500 0.962891 0.935547 0.962891 0.931641 0.960938 0.929688 0.960938 0.927734 0.958984 0.925781 0.958984 0.919922 0.957031 0.919922 0.955078 0.917969 0.957031 0.916016 0.957031 0.914062 0.958984 0.912109 0.958984 0.910156 0.960938 0.908203 0.962891 0.908203 0.966797 0.904297 0.970703 0.904297 0.974609 0.900391 0.974609 0.878906 0.972656 0.878906 0.968750 0.882812 0.968750 0.884766 0.966797 0.886719 0.964844 0.884766 0.964844 0.882812 0.960938 0.878906 0.960938 0.875000 0.958984 0.873047 0.958984 0.871094 0.955078 0.867188 0.955078 0.861328 0.953125 0.859375 0.949219 0.859375 0.947266 0.861328 0.937500 0.861328 0.935547 0.859375 0.925781 0.859375 0.923828 0.857422 0.916016 0.857422 0.914062 0.855469 0.910156 0.855469 0.908203 0.857422 0.906250 0.857422 0.904297 0.855469 0.904297 0.851562 0.896484 0.851562 0.894531 0.849609 0.896484 0.847656 0.898438 0.847656 0.900391 0.845703 0.904297 0.845703 0.904297 0.843750 0.906250 0.841797 0.906250 0.828125 0.876953 0.828125 0.875000 0.826172 0.871094 0.826172 0.869141 0.828125 0.867188 0.828125 0.867188 0.832031 0.865234 0.833984 0.865234 0.841797 0.863281 0.843750 0.859375 0.843750 0.857422 0.841797 0.857422 0.839844 0.855469 0.839844 0.853516 0.837891 0.853516 0.833984 0.851562 0.833984 0.849609 0.832031 0.849609 0.830078 0.847656 0.828125 0.845703 0.828125 0.835938 0.818359 0.832031 0.818359 0.828125 0.814453
0 0.705078 0.812500 0.701172 0.816406 0.701172 0.820312 0.699219 0.822266 0.699219 0.832031 0.703125 0.835938 0.703125 0.845703 0.710938 0.845703 0.712891 0.843750 0.714844 0.843750 0.716797 0.841797 0.718750 0.841797 0.722656 0.845703 0.722656 0.849609 0.724609 0.849609 0.724609 0.847656 0.726562 0.845703 0.728516 0.845703 0.728516 0.839844 0.730469 0.837891 0.732422 0.837891 0.736328 0.833984 0.736328 0.826172 0.728516 0.818359 0.720703 0.818359 0.718750 0.816406 0.716797 0.816406 0.714844 0.818359 0.712891 0.818359 0.710938 0.816406 0.710938 0.814453 0.708984 0.812500
0 0.353516 0.808594 0.351562 0.810547 0.351562 0.826172 0.353516 0.828125 0.361328 0.828125 0.363281 0.830078 0.363281 0.835938 0.365234 0.837891 0.365234 0.839844 0.367188 0.841797 0.367188 0.843750 0.365234 0.845703 0.363281 0.845703 0.363281 0.847656 0.365234 0.849609 0.367188 0.849609 0.369141 0.851562 0.373047 0.851562 0.373047 0.849609 0.375000 0.847656 0.375000 0.845703 0.378906 0.841797 0.380859 0.841797 0.384766 0.837891 0.384766 0.826172 0.382812 0.824219 0.382812 0.820312 0.376953 0.820312 0.375000 0.822266 0.373047 0.820312 0.373047 0.818359 0.371094 0.818359 0.369141 0.816406 0.367188 0.816406 0.365234 0.814453 0.365234 0.810547 0.363281 0.810547 0.361328 0.808594
0 0.736328 0.789062 0.732422 0.792969 0.732422 0.796875 0.734375 0.798828 0.736328 0.798828 0.740234 0.802734 0.740234 0.812500 0.742188 0.814453 0.742188 0.818359 0.744141 0.818359 0.746094 0.820312 0.746094 0.830078 0.740234 0.835938 0.740234 0.843750 0.744141 0.847656 0.750000 0.847656 0.750000 0.845703 0.753906 0.841797 0.753906 0.839844 0.757812 0.835938 0.759766 0.837891 0.767578 0.837891 0.773438 0.832031 0.773438 0.826172 0.775391 0.824219 0.781250 0.824219 0.781250 0.818359 0.779297 0.816406 0.779297 0.810547 0.775391 0.810547 0.769531 0.816406 0.767578 0.816406 0.765625 0.814453 0.765625 0.812500 0.763672 0.812500 0.761719 0.810547 0.759766 0.812500 0.757812 0.812500 0.755859 0.814453 0.753906 0.814453 0.751953 0.816406 0.750000 0.814453 0.750000 0.802734 0.748047 0.800781 0.748047 0.796875 0.746094 0.794922 0.746094 0.792969 0.744141 0.791016 0.742188 0.791016 0.740234 0.789062
0 0.939453 0.744141 0.939453 0.750000 0.937500 0.751953 0.935547 0.751953 0.935547 0.757812 0.933594 0.759766 0.933594 0.765625 0.935547 0.767578 0.935547 0.775391 0.933594 0.777344 0.916016 0.777344 0.916016 0.779297 0.914062 0.781250 0.914062 0.783203 0.912109 0.785156 0.912109 0.792969 0.916016 0.796875 0.916016 0.800781 0.929688 0.800781 0.933594 0.804688 0.933594 0.810547 0.937500 0.814453 0.937500 0.818359 0.939453 0.820312 0.941406 0.820312 0.943359 0.822266 0.943359 0.824219 0.941406 0.826172 0.941406 0.832031 0.945312 0.835938 0.949219 0.835938 0.951172 0.833984 0.951172 0.832031 0.953125 0.830078 0.955078 0.832031 0.955078 0.833984 0.960938 0.839844 0.960938 0.841797 0.962891 0.841797 0.964844 0.843750 0.966797 0.843750 0.968750 0.845703 0.970703 0.845703 0.972656 0.847656 0.976562 0.847656 0.978516 0.849609 0.980469 0.849609 0.982422 0.847656 0.986328 0.847656 0.988281 0.845703 0.992188 0.845703 0.992188 0.761719 0.988281 0.761719 0.988281 0.763672 0.986328 0.765625 0.986328 0.771484 0.984375 0.773438 0.976562 0.773438 0.974609 0.771484 0.972656 0.771484 0.970703 0.769531 0.968750 0.769531 0.966797 0.767578 0.953125 0.767578 0.945312 0.759766 0.947266 0.757812 0.949219 0.757812 0.951172 0.755859 0.951172 0.753906 0.949219 0.751953 0.949219 0.750000 0.947266 0.748047 0.947266 0.746094 0.945312 0.746094 0.943359 0.744141
0 0.941406 0.714844 0.939453 0.716797 0.937500 0.716797 0.935547 0.718750 0.935547 0.730469 0.939453 0.734375 0.945312 0.734375 0.947266 0.732422 0.947266 0.724609 0.949219 0.722656 0.949219 0.718750 0.945312 0.714844
0 0.902344 0.708984 0.898438 0.712891 0.898438 0.716797 0.900391 0.718750 0.908203 0.718750 0.908203 0.710938 0.906250 0.710938 0.904297 0.708984
0 0.871094 0.648438 0.867188 0.652344 0.865234 0.652344 0.863281 0.654297 0.863281 0.656250 0.861328 0.658203 0.861328 0.683594 0.857422 0.687500 0.857422 0.693359 0.859375 0.693359 0.861328 0.695312 0.863281 0.695312 0.867188 0.699219 0.875000 0.699219 0.880859 0.705078 0.892578 0.705078 0.898438 0.699219 0.898438 0.697266 0.900391 0.695312 0.900391 0.691406 0.908203 0.683594 0.908203 0.677734 0.906250 0.677734 0.902344 0.673828 0.900391 0.673828 0.898438 0.671875 0.894531 0.671875 0.892578 0.673828 0.890625 0.673828 0.888672 0.675781 0.886719 0.675781 0.884766 0.673828 0.884766 0.671875 0.882812 0.671875 0.880859 0.669922 0.880859 0.667969 0.878906 0.667969 0.876953 0.666016 0.875000 0.666016 0.873047 0.664062 0.873047 0.658203 0.875000 0.656250 0.880859 0.662109 0.890625 0.662109 0.890625 0.654297 0.888672 0.652344 0.886719 0.652344 0.882812 0.648438
0 0.078125 0.607422 0.074219 0.611328 0.074219 0.613281 0.070312 0.617188 0.070312 0.621094 0.068359 0.623047 0.066406 0.623047 0.062500 0.619141 0.062500 0.617188 0.060547 0.615234 0.060547 0.613281 0.058594 0.613281 0.056641 0.611328 0.048828 0.611328 0.046875 0.613281 0.046875 0.626953 0.044922 0.628906 0.044922 0.632812 0.042969 0.634766 0.042969 0.636719 0.037109 0.642578 0.037109 0.644531 0.035156 0.646484 0.035156 0.650391 0.033203 0.652344 0.033203 0.667969 0.035156 0.669922 0.035156 0.671875 0.033203 0.673828 0.031250 0.671875 0.029297 0.671875 0.029297 0.675781 0.031250 0.677734 0.031250 0.681641 0.035156 0.685547 0.035156 0.687500 0.037109 0.689453 0.037109 0.699219 0.039062 0.701172 0.039062 0.703125 0.041016 0.705078 0.041016 0.707031 0.042969 0.708984 0.042969 0.712891 0.052734 0.722656 0.048828 0.726562 0.048828 0.730469 0.058594 0.740234 0.060547 0.740234 0.068359 0.748047 0.070312 0.748047 0.076172 0.753906 0.078125 0.753906 0.080078 0.755859 0.091797 0.755859 0.093750 0.753906 0.095703 0.755859 0.101562 0.755859 0.103516 0.753906 0.105469 0.753906 0.105469 0.751953 0.109375 0.748047 0.111328 0.748047 0.113281 0.746094 0.115234 0.746094 0.117188 0.748047 0.121094 0.748047 0.123047 0.750000 0.123047 0.753906 0.119141 0.757812 0.117188 0.757812 0.115234 0.759766 0.113281 0.757812 0.107422 0.757812 0.105469 0.759766 0.105469 0.765625 0.107422 0.765625 0.109375 0.767578 0.111328 0.767578 0.117188 0.773438 0.117188 0.775391 0.119141 0.777344 0.121094 0.777344 0.123047 0.779297 0.128906 0.779297 0.130859 0.781250 0.132812 0.781250 0.134766 0.783203 0.134766 0.785156 0.136719 0.787109 0.144531 0.787109 0.148438 0.783203 0.150391 0.783203 0.154297 0.779297 0.158203 0.779297 0.160156 0.781250 0.164062 0.781250 0.166016 0.783203 0.167969 0.783203 0.169922 0.785156 0.173828 0.785156 0.175781 0.787109 0.173828 0.789062 0.173828 0.791016 0.175781 0.792969 0.175781 0.806641 0.181641 0.806641 0.183594 0.808594 0.183594 0.810547 0.181641 0.812500 0.179688 0.812500 0.179688 0.814453 0.181641 0.814453 0.183594 0.816406 0.183594 0.822266 0.181641 0.824219 0.179688 0.822266 0.173828 0.822266 0.171875 0.820312 0.167969 0.820312 0.167969 0.822266 0.158203 0.832031 0.156250 0.832031 0.156250 0.837891 0.160156 0.837891 0.162109 0.835938 0.164062 0.835938 0.166016 0.833984 0.185547 0.833984 0.187500 0.835938 0.189453 0.835938 0.191406 0.833984 0.205078 0.833984 0.208984 0.837891 0.216797 0.837891 0.216797 0.835938 0.218750 0.833984 0.220703 0.833984 0.220703 0.832031 0.222656 0.830078 0.224609 0.830078 0.224609 0.826172 0.226562 0.824219 0.226562 0.820312 0.228516 0.818359 0.228516 0.816406 0.230469 0.814453 0.232422 0.814453 0.232422 0.812500 0.234375 0.810547 0.244141 0.810547 0.244141 0.804688 0.246094 0.802734 0.248047 0.802734 0.248047 0.800781 0.250000 0.798828 0.250000 0.796875 0.251953 0.794922 0.251953 0.783203 0.250000 0.781250 0.250000 0.773438 0.248047 0.771484 0.246094 0.771484 0.242188 0.767578 0.242188 0.761719 0.244141 0.759766 0.244141 0.755859 0.246094 0.753906 0.248047 0.753906 0.250000 0.751953 0.250000 0.744141 0.257812 0.736328 0.259766 0.736328 0.259766 0.734375 0.261719 0.732422 0.261719 0.726562 0.255859 0.720703 0.255859 0.718750 0.251953 0.714844 0.251953 0.712891 0.250000 0.712891 0.248047 0.710938 0.246094 0.710938 0.244141 0.708984 0.234375 0.708984 0.232422 0.707031 0.232422 0.703125 0.234375 0.701172 0.234375 0.695312 0.232422 0.693359 0.232422 0.689453 0.228516 0.685547 0.228516 0.683594 0.226562 0.681641 0.226562 0.675781 0.224609 0.673828 0.224609 0.671875 0.226562 0.669922 0.226562 0.666016 0.230469 0.662109 0.230469 0.656250 0.226562 0.652344 0.216797 0.652344 0.212891 0.656250 0.212891 0.660156 0.210938 0.662109 0.210938 0.664062 0.208984 0.666016 0.207031 0.664062 0.207031 0.660156 0.205078 0.658203 0.203125 0.658203 0.201172 0.660156 0.201172 0.667969 0.199219 0.669922 0.199219 0.677734 0.205078 0.677734 0.207031 0.679688 0.207031 0.685547 0.205078 0.687500 0.195312 0.687500 0.191406 0.691406 0.191406 0.701172 0.199219 0.708984 0.201172 0.708984 0.203125 0.710938 0.203125 0.714844 0.205078 0.716797 0.205078 0.720703 0.203125 0.722656 0.199219 0.722656 0.195312 0.718750 0.195312 0.716797 0.179688 0.716797 0.175781 0.712891 0.173828 0.712891 0.169922 0.708984 0.167969 0.708984 0.166016 0.707031 0.162109 0.707031 0.160156 0.708984 0.156250 0.708984 0.154297 0.710938 0.152344 0.710938 0.150391 0.708984 0.150391 0.707031 0.158203 0.699219 0.158203 0.697266 0.164062 0.691406 0.164062 0.675781 0.162109 0.673828 0.162109 0.671875 0.156250 0.671875 0.152344 0.667969 0.156250 0.664062 0.156250 0.662109 0.154297 0.660156 0.152344 0.660156 0.148438 0.656250 0.146484 0.656250 0.142578 0.652344 0.134766 0.652344 0.132812 0.650391 0.132812 0.642578 0.130859 0.640625 0.130859 0.638672 0.126953 0.634766 0.126953 0.632812 0.123047 0.628906 0.123047 0.621094 0.117188 0.621094 0.113281 0.617188 0.113281 0.615234 0.111328 0.613281 0.101562 0.613281 0.099609 0.611328 0.093750 0.611328 0.091797 0.609375 0.089844 0.609375 0.087891 0.607422
0 0.154297 0.572266 0.154297 0.574219 0.150391 0.578125 0.152344 0.580078 0.152344 0.582031 0.148438 0.585938 0.142578 0.585938 0.140625 0.583984 0.140625 0.585938 0.138672 0.587891 0.132812 0.587891 0.130859 0.585938 0.123047 0.585938 0.121094 0.583984 0.119141 0.583984 0.117188 0.582031 0.109375 0.582031 0.107422 0.580078 0.105469 0.580078 0.103516 0.582031 0.103516 0.589844 0.113281 0.599609 0.115234 0.599609 0.117188 0.601562 0.119141 0.601562 0.121094 0.603516 0.126953 0.603516 0.130859 0.599609 0.132812 0.599609 0.138672 0.605469 0.142578 0.605469 0.142578 0.603516 0.144531 0.601562 0.148438 0.601562 0.150391 0.603516 0.156250 0.603516 0.158203 0.601562 0.158203 0.593750 0.156250 0.593750 0.154297 0.591797 0.156250 0.589844 0.156250 0.583984 0.158203 0.582031 0.158203 0.580078 0.160156 0.578125 0.160156 0.572266
0 0.119141 0.560547 0.117188 0.562500 0.115234 0.562500 0.113281 0.564453 0.111328 0.564453 0.109375 0.566406 0.109375 0.572266 0.111328 0.572266 0.113281 0.574219 0.115234 0.574219 0.117188 0.576172 0.119141 0.574219 0.121094 0.574219 0.123047 0.572266 0.126953 0.572266 0.128906 0.574219 0.136719 0.574219 0.136719 0.570312 0.134766 0.570312 0.132812 0.568359 0.132812 0.566406 0.128906 0.562500 0.126953 0.562500 0.125000 0.560547
0 0.181641 0.550781 0.179688 0.552734 0.179688 0.556641 0.183594 0.556641 0.185547 0.558594 0.189453 0.558594 0.189453 0.552734 0.187500 0.550781
0 0.820312 0.544922 0.818359 0.546875 0.812500 0.546875 0.808594 0.550781 0.808594 0.552734 0.806641 0.554688 0.794922 0.554688 0.791016 0.558594 0.791016 0.562500 0.789062 0.564453 0.789062 0.570312 0.791016 0.572266 0.791016 0.574219 0.792969 0.576172 0.792969 0.580078 0.796875 0.583984 0.798828 0.583984 0.800781 0.585938 0.804688 0.585938 0.806641 0.587891 0.810547 0.587891 0.816406 0.582031 0.818359 0.582031 0.820312 0.580078 0.822266 0.580078 0.824219 0.578125 0.833984 0.578125 0.835938 0.576172 0.835938 0.570312 0.837891 0.568359 0.837891 0.564453 0.835938 0.562500 0.835938 0.560547 0.833984 0.558594 0.835938 0.556641 0.835938 0.546875 0.832031 0.546875 0.830078 0.544922
0 0.544922 0.486328 0.544922 0.490234 0.548828 0.494141 0.550781 0.494141 0.552734 0.496094 0.554688 0.496094 0.556641 0.498047 0.560547 0.498047 0.560547 0.496094 0.562500 0.494141 0.564453 0.494141 0.566406 0.496094 0.572266 0.496094 0.572266 0.494141 0.570312 0.492188 0.568359 0.492188 0.566406 0.490234 0.554688 0.490234 0.552734 0.488281 0.548828 0.488281 0.546875 0.486328
0 0.529297 0.484375 0.529297 0.490234 0.531250 0.490234 0.533203 0.492188 0.539062 0.492188 0.539062 0.488281 0.537109 0.488281 0.533203 0.484375
0 0.275391 0.478516 0.271484 0.482422 0.271484 0.490234 0.273438 0.492188 0.273438 0.496094 0.269531 0.500000 0.269531 0.515625 0.277344 0.523438 0.281250 0.523438 0.285156 0.527344 0.285156 0.531250 0.287109 0.533203 0.283203 0.537109 0.283203 0.544922 0.279297 0.548828 0.269531 0.548828 0.269531 0.550781 0.267578 0.552734 0.267578 0.556641 0.265625 0.558594 0.263672 0.556641 0.259766 0.556641 0.255859 0.552734 0.253906 0.552734 0.251953 0.550781 0.250000 0.550781 0.248047 0.548828 0.246094 0.548828 0.244141 0.546875 0.240234 0.546875 0.238281 0.548828 0.236328 0.548828 0.234375 0.550781 0.228516 0.550781 0.226562 0.548828 0.224609 0.548828 0.222656 0.546875 0.222656 0.544922 0.224609 0.542969 0.224609 0.539062 0.210938 0.539062 0.208984 0.541016 0.208984 0.544922 0.214844 0.550781 0.214844 0.552734 0.212891 0.554688 0.210938 0.554688 0.210938 0.556641 0.207031 0.560547 0.207031 0.566406 0.210938 0.570312 0.210938 0.582031 0.207031 0.585938 0.205078 0.585938 0.203125 0.587891 0.201172 0.587891 0.199219 0.589844 0.199219 0.591797 0.203125 0.591797 0.207031 0.595703 0.207031 0.599609 0.205078 0.601562 0.203125 0.601562 0.203125 0.603516 0.201172 0.605469 0.201172 0.611328 0.203125 0.613281 0.203125 0.621094 0.201172 0.623047 0.201172 0.625000 0.199219 0.626953 0.199219 0.628906 0.205078 0.628906 0.208984 0.625000 0.214844 0.625000 0.216797 0.626953 0.216797 0.628906 0.218750 0.628906 0.222656 0.632812 0.224609 0.632812 0.226562 0.634766 0.226562 0.636719 0.228516 0.638672 0.236328 0.638672 0.242188 0.632812 0.250000 0.632812 0.251953 0.634766 0.255859 0.634766 0.257812 0.636719 0.259766 0.636719 0.261719 0.638672 0.265625 0.638672 0.267578 0.640625 0.277344 0.640625 0.287109 0.630859 0.289062 0.630859 0.291016 0.628906 0.294922 0.628906 0.296875 0.626953 0.300781 0.626953 0.302734 0.628906 0.302734 0.632812 0.294922 0.640625 0.294922 0.650391 0.296875 0.652344 0.296875 0.656250 0.298828 0.658203 0.298828 0.662109 0.300781 0.664062 0.300781 0.671875 0.302734 0.673828 0.306641 0.673828 0.308594 0.675781 0.314453 0.675781 0.322266 0.667969 0.330078 0.675781 0.339844 0.675781 0.343750 0.679688 0.343750 0.683594 0.351562 0.691406 0.347656 0.695312 0.345703 0.693359 0.341797 0.693359 0.341797 0.699219 0.343750 0.701172 0.343750 0.708984 0.341797 0.710938 0.341797 0.716797 0.343750 0.718750 0.343750 0.720703 0.345703 0.722656 0.345703 0.724609 0.347656 0.726562 0.355469 0.726562 0.357422 0.728516 0.361328 0.728516 0.363281 0.730469 0.365234 0.730469 0.367188 0.732422 0.369141 0.732422 0.373047 0.736328 0.373047 0.746094 0.375000 0.748047 0.376953 0.748047 0.380859 0.751953 0.382812 0.751953 0.384766 0.753906 0.386719 0.753906 0.398438 0.765625 0.398438 0.773438 0.400391 0.775391 0.400391 0.777344 0.404297 0.781250 0.408203 0.781250 0.412109 0.785156 0.412109 0.789062 0.414062 0.791016 0.414062 0.792969 0.416016 0.792969 0.417969 0.794922 0.419922 0.794922 0.423828 0.798828 0.425781 0.798828 0.427734 0.800781 0.431641 0.800781 0.433594 0.802734 0.437500 0.802734 0.439453 0.804688 0.439453 0.806641 0.441406 0.808594 0.441406 0.810547 0.455078 0.810547 0.457031 0.808594 0.458984 0.808594 0.462891 0.804688 0.462891 0.802734 0.464844 0.800781 0.464844 0.791016 0.466797 0.789062 0.462891 0.785156 0.460938 0.785156 0.458984 0.783203 0.458984 0.775391 0.462891 0.771484 0.466797 0.771484 0.470703 0.775391 0.470703 0.777344 0.472656 0.779297 0.476562 0.779297 0.478516 0.781250 0.478516 0.783203 0.488281 0.783203 0.492188 0.787109 0.494141 0.787109 0.496094 0.789062 0.500000 0.789062 0.501953 0.791016 0.505859 0.791016 0.507812 0.792969 0.519531 0.792969 0.521484 0.791016 0.523438 0.792969 0.523438 0.794922 0.525391 0.794922 0.529297 0.798828 0.535156 0.798828 0.537109 0.796875 0.546875 0.796875 0.548828 0.794922 0.552734 0.794922 0.554688 0.792969 0.556641 0.792969 0.556641 0.791016 0.560547 0.787109 0.560547 0.785156 0.564453 0.781250 0.564453 0.779297 0.568359 0.775391 0.568359 0.773438 0.570312 0.771484 0.572266 0.771484 0.578125 0.765625 0.580078 0.765625 0.585938 0.759766 0.585938 0.753906 0.587891 0.751953 0.587891 0.738281 0.585938 0.736328 0.580078 0.736328 0.574219 0.742188 0.572266 0.740234 0.572266 0.738281 0.570312 0.738281 0.568359 0.736328 0.568359 0.734375 0.560547 0.726562 0.556641 0.726562 0.554688 0.724609 0.554688 0.722656 0.556641 0.720703 0.556641 0.712891 0.558594 0.710938 0.560547 0.710938 0.560547 0.708984 0.562500 0.707031 0.564453 0.708984 0.568359 0.708984 0.572266 0.712891 0.582031 0.712891 0.589844 0.705078 0.589844 0.703125 0.591797 0.701172 0.591797 0.699219 0.593750 0.697266 0.599609 0.697266 0.603516 0.693359 0.603516 0.691406 0.607422 0.687500 0.607422 0.685547 0.609375 0.683594 0.609375 0.664062 0.607422 0.662109 0.605469 0.662109 0.603516 0.660156 0.593750 0.660156 0.585938 0.652344 0.587891 0.650391 0.587891 0.648438 0.593750 0.642578 0.593750 0.636719 0.595703 0.634766 0.595703 0.632812 0.597656 0.630859 0.597656 0.626953 0.593750 0.623047 0.583984 0.623047 0.578125 0.628906 0.576172 0.628906 0.572266 0.625000 0.572266 0.615234 0.570312 0.613281 0.570312 0.611328 0.564453 0.605469 0.562500 0.605469 0.560547 0.603516 0.560547 0.597656 0.564453 0.593750 0.564453 0.589844 0.570312 0.583984 0.572266 0.583984 0.572266 0.582031 0.574219 0.580078 0.576172 0.580078 0.576172 0.566406 0.574219 0.564453 0.576172 0.562500 0.578125 0.562500 0.580078 0.560547 0.582031 0.560547 0.585938 0.556641 0.585938 0.550781 0.578125 0.542969 0.578125 0.541016 0.574219 0.537109 0.574219 0.533203 0.570312 0.529297 0.570312 0.521484 0.568359 0.519531 0.568359 0.517578 0.572266 0.513672 0.572266 0.507812 0.570312 0.507812 0.568359 0.505859 0.558594 0.505859 0.554688 0.509766 0.552734 0.509766 0.550781 0.511719 0.546875 0.511719 0.542969 0.507812 0.541016 0.507812 0.539062 0.505859 0.513672 0.505859 0.509766 0.501953 0.509766 0.500000 0.503906 0.494141 0.498047 0.494141 0.494141 0.498047 0.484375 0.498047 0.482422 0.500000 0.480469 0.500000 0.480469 0.505859 0.478516 0.507812 0.470703 0.507812 0.468750 0.509766 0.466797 0.509766 0.457031 0.500000 0.457031 0.498047 0.455078 0.498047 0.453125 0.496094 0.449219 0.496094 0.445312 0.500000 0.439453 0.500000 0.437500 0.498047 0.437500 0.496094 0.435547 0.494141 0.435547 0.492188 0.431641 0.492188 0.427734 0.496094 0.423828 0.492188 0.423828 0.490234 0.421875 0.488281 0.421875 0.486328 0.416016 0.486328 0.416016 0.488281 0.414062 0.490234 0.414062 0.492188 0.412109 0.494141 0.410156 0.494141 0.410156 0.501953 0.417969 0.509766 0.417969 0.511719 0.416016 0.513672 0.416016 0.515625 0.417969 0.517578 0.417969 0.521484 0.419922 0.521484 0.423828 0.525391 0.423828 0.533203 0.425781 0.535156 0.423828 0.537109 0.421875 0.537109 0.419922 0.539062 0.417969 0.539062 0.416016 0.541016 0.414062 0.541016 0.414062 0.550781 0.412109 0.552734 0.408203 0.552734 0.406250 0.554688 0.404297 0.554688 0.404297 0.556641 0.402344 0.558594 0.400391 0.558594 0.398438 0.560547 0.386719 0.560547 0.380859 0.566406 0.378906 0.566406 0.376953 0.568359 0.375000 0.568359 0.371094 0.564453 0.371094 0.562500 0.369141 0.560547 0.369141 0.558594 0.371094 0.556641 0.371094 0.548828 0.373047 0.546875 0.375000 0.546875 0.376953 0.548828 0.382812 0.548828 0.386719 0.544922 0.392578 0.544922 0.392578 0.539062 0.394531 0.537109 0.394531 0.535156 0.396484 0.533203 0.400391 0.533203 0.402344 0.531250 0.406250 0.531250 0.406250 0.525391 0.402344 0.525391 0.400391 0.523438 0.398438 0.523438 0.394531 0.519531 0.394531 0.517578 0.390625 0.513672 0.390625 0.509766 0.392578 0.507812 0.392578 0.505859 0.390625 0.503906 0.388672 0.503906 0.384766 0.500000 0.382812 0.500000 0.380859 0.498047 0.380859 0.496094 0.378906 0.494141 0.376953 0.494141 0.375000 0.492188 0.373047 0.492188 0.371094 0.490234 0.367188 0.490234 0.365234 0.492188 0.365234 0.494141 0.363281 0.496094 0.353516 0.496094 0.351562 0.498047 0.345703 0.498047 0.343750 0.500000 0.339844 0.500000 0.339844 0.505859 0.337891 0.507812 0.337891 0.513672 0.335938 0.515625 0.333984 0.515625 0.332031 0.517578 0.328125 0.517578 0.326172 0.519531 0.324219 0.519531 0.322266 0.521484 0.320312 0.521484 0.318359 0.523438 0.316406 0.523438 0.314453 0.525391 0.310547 0.525391 0.308594 0.527344 0.308594 0.531250 0.302734 0.537109 0.298828 0.537109 0.296875 0.535156 0.296875 0.533203 0.294922 0.533203 0.291016 0.529297 0.291016 0.521484 0.292969 0.519531 0.292969 0.515625 0.294922 0.513672 0.294922 0.507812 0.292969 0.505859 0.292969 0.503906 0.291016 0.501953 0.291016 0.500000 0.285156 0.494141 0.285156 0.482422 0.283203 0.480469 0.283203 0.478516
0 0.523438 0.455078 0.523438 0.457031 0.521484 0.458984 0.521484 0.460938 0.517578 0.464844 0.515625 0.464844 0.513672 0.466797 0.513672 0.470703 0.515625 0.472656 0.517578 0.472656 0.523438 0.478516 0.525391 0.478516 0.527344 0.480469 0.531250 0.480469 0.531250 0.478516 0.533203 0.476562 0.535156 0.476562 0.537109 0.474609 0.539062 0.474609 0.541016 0.476562 0.544922 0.476562 0.546875 0.474609 0.548828 0.474609 0.548828 0.464844 0.542969 0.458984 0.541016 0.458984 0.539062 0.457031 0.529297 0.457031 0.527344 0.455078
0 0.414062 0.433594 0.414062 0.437500 0.416016 0.439453 0.414062 0.441406 0.414062 0.443359 0.412109 0.445312 0.406250 0.445312 0.406250 0.453125 0.402344 0.457031 0.398438 0.457031 0.396484 0.458984 0.396484 0.462891 0.398438 0.464844 0.398438 0.468750 0.400391 0.468750 0.402344 0.470703 0.406250 0.470703 0.406250 0.468750 0.408203 0.466797 0.408203 0.462891 0.410156 0.460938 0.410156 0.458984 0.414062 0.455078 0.416016 0.455078 0.416016 0.451172 0.419922 0.447266 0.421875 0.447266 0.425781 0.443359 0.427734 0.443359 0.427734 0.439453 0.423828 0.439453 0.417969 0.433594
0 0.390625 0.427734 0.384766 0.433594 0.384766 0.435547 0.382812 0.437500 0.380859 0.437500 0.375000 0.443359 0.375000 0.445312 0.386719 0.445312 0.388672 0.443359 0.392578 0.443359 0.392578 0.441406 0.394531 0.439453 0.400391 0.439453 0.402344 0.437500 0.408203 0.437500 0.408203 0.433594 0.406250 0.431641 0.406250 0.429688 0.402344 0.429688 0.400391 0.427734
0 0.435547 0.421875 0.435547 0.423828 0.433594 0.425781 0.433594 0.433594 0.435547 0.435547 0.443359 0.435547 0.445312 0.433594 0.447266 0.433594 0.447266 0.429688 0.445312 0.427734 0.445312 0.425781 0.441406 0.421875
0 0.343750 0.410156 0.343750 0.412109 0.341797 0.414062 0.333984 0.414062 0.332031 0.416016 0.330078 0.416016 0.326172 0.419922 0.324219 0.417969 0.320312 0.417969 0.316406 0.421875 0.316406 0.435547 0.320312 0.439453 0.318359 0.441406 0.318359 0.443359 0.316406 0.445312 0.316406 0.451172 0.314453 0.453125 0.314453 0.460938 0.320312 0.460938 0.320312 0.458984 0.326172 0.453125 0.326172 0.451172 0.328125 0.449219 0.330078 0.451172 0.343750 0.451172 0.345703 0.449219 0.345703 0.435547 0.343750 0.433594 0.343750 0.427734 0.339844 0.423828 0.341797 0.421875 0.343750 0.421875 0.343750 0.419922 0.345703 0.417969 0.355469 0.417969 0.355469 0.414062 0.353516 0.412109 0.351562 0.412109 0.349609 0.410156
0 0.269531 0.408203 0.265625 0.412109 0.263672 0.412109 0.263672 0.416016 0.261719 0.417969 0.261719 0.425781 0.257812 0.429688 0.251953 0.429688 0.251953 0.431641 0.250000 0.433594 0.250000 0.435547 0.248047 0.437500 0.248047 0.439453 0.242188 0.445312 0.240234 0.445312 0.242188 0.447266 0.242188 0.451172 0.240234 0.453125 0.240234 0.455078 0.242188 0.457031 0.242188 0.458984 0.240234 0.460938 0.240234 0.470703 0.242188 0.470703 0.244141 0.472656 0.253906 0.472656 0.255859 0.470703 0.257812 0.470703 0.257812 0.468750 0.261719 0.464844 0.261719 0.462891 0.263672 0.460938 0.263672 0.458984 0.267578 0.455078 0.269531 0.455078 0.269531 0.453125 0.273438 0.449219 0.279297 0.449219 0.279297 0.447266 0.285156 0.441406 0.287109 0.441406 0.287109 0.431641 0.283203 0.427734 0.283203 0.423828 0.285156 0.421875 0.285156 0.414062 0.283203 0.414062 0.277344 0.408203
0 0.355469 0.392578 0.353516 0.394531 0.353516 0.402344 0.355469 0.404297 0.365234 0.404297 0.365234 0.396484 0.363281 0.394531 0.361328 0.394531 0.359375 0.392578
0 0.937500 0.359375 0.937500 0.361328 0.933594 0.365234 0.933594 0.384766 0.943359 0.394531 0.945312 0.394531 0.947266 0.396484 0.949219 0.396484 0.951172 0.398438 0.957031 0.398438 0.958984 0.396484 0.958984 0.386719 0.960938 0.384766 0.960938 0.376953 0.958984 0.375000 0.958984 0.373047 0.955078 0.369141 0.955078 0.367188 0.949219 0.361328 0.947266 0.361328 0.945312 0.359375
0 0.761719 0.326172 0.759766 0.328125 0.757812 0.328125 0.755859 0.330078 0.753906 0.330078 0.753906 0.339844 0.755859 0.341797 0.755859 0.347656 0.753906 0.349609 0.753906 0.353516 0.757812 0.357422 0.759766 0.357422 0.763672 0.353516 0.767578 0.353516 0.769531 0.351562 0.769531 0.349609 0.771484 0.347656 0.771484 0.341797 0.773438 0.339844 0.773438 0.335938 0.775391 0.333984 0.775391 0.330078 0.773438 0.328125 0.771484 0.328125 0.769531 0.326172
0 0.441406 0.277344 0.441406 0.283203 0.449219 0.283203 0.451172 0.281250 0.451172 0.277344
0 0.955078 0.273438 0.953125 0.275391 0.951172 0.275391 0.951172 0.279297 0.958984 0.287109 0.958984 0.292969 0.955078 0.296875 0.953125 0.296875 0.951172 0.294922 0.949219 0.294922 0.947266 0.292969 0.943359 0.292969 0.941406 0.294922 0.941406 0.316406 0.943359 0.318359 0.945312 0.318359 0.949219 0.322266 0.949219 0.324219 0.955078 0.324219 0.957031 0.326172 0.957031 0.330078 0.958984 0.332031 0.960938 0.332031 0.966797 0.337891 0.968750 0.337891 0.970703 0.339844 0.980469 0.339844 0.984375 0.335938 0.984375 0.332031 0.986328 0.330078 0.986328 0.318359 0.984375 0.316406 0.984375 0.312500 0.982422 0.310547 0.982422 0.308594 0.980469 0.306641 0.980469 0.304688 0.976562 0.300781 0.976562 0.298828 0.972656 0.294922 0.972656 0.292969 0.968750 0.289062 0.968750 0.287109 0.966797 0.285156 0.966797 0.283203 0.964844 0.281250 0.964844 0.277344 0.962891 0.275391 0.962891 0.273438
0 0.908203 0.265625 0.906250 0.267578 0.906250 0.271484 0.908203 0.273438 0.908203 0.279297 0.902344 0.285156 0.902344 0.291016 0.904297 0.292969 0.904297 0.296875 0.900391 0.300781 0.898438 0.300781 0.896484 0.298828 0.896484 0.296875 0.892578 0.292969 0.884766 0.292969 0.880859 0.296875 0.880859 0.302734 0.882812 0.304688 0.875000 0.312500 0.875000 0.314453 0.873047 0.316406 0.871094 0.314453 0.871094 0.310547 0.869141 0.308594 0.869141 0.306641 0.867188 0.304688 0.867188 0.302734 0.853516 0.302734 0.853516 0.308594 0.843750 0.318359 0.841797 0.318359 0.841797 0.320312 0.837891 0.324219 0.837891 0.326172 0.835938 0.328125 0.832031 0.328125 0.830078 0.326172 0.830078 0.324219 0.826172 0.320312 0.812500 0.320312 0.808594 0.324219 0.804688 0.324219 0.802734 0.326172 0.798828 0.326172 0.796875 0.328125 0.796875 0.335938 0.798828 0.337891 0.798828 0.339844 0.800781 0.339844 0.802734 0.341797 0.802734 0.345703 0.800781 0.347656 0.796875 0.347656 0.792969 0.343750 0.792969 0.341797 0.785156 0.341797 0.783203 0.339844 0.777344 0.345703 0.777344 0.361328 0.779297 0.363281 0.779297 0.369141 0.777344 0.371094 0.777344 0.375000 0.779297 0.376953 0.789062 0.376953 0.792969 0.373047 0.794922 0.373047 0.796875 0.375000 0.796875 0.380859 0.798828 0.382812 0.798828 0.402344 0.792969 0.408203 0.789062 0.408203 0.787109 0.406250 0.787109 0.404297 0.783203 0.404297 0.781250 0.406250 0.781250 0.408203 0.777344 0.412109 0.775391 0.412109 0.769531 0.417969 0.767578 0.417969 0.765625 0.419922 0.763672 0.419922 0.763672 0.421875 0.755859 0.429688 0.753906 0.429688 0.750000 0.433594 0.748047 0.433594 0.746094 0.435547 0.746094 0.437500 0.742188 0.441406 0.742188 0.443359 0.738281 0.447266 0.738281 0.457031 0.740234 0.458984 0.740234 0.460938 0.746094 0.466797 0.748047 0.466797 0.753906 0.472656 0.753906 0.474609 0.755859 0.476562 0.755859 0.478516 0.757812 0.480469 0.757812 0.486328 0.761719 0.486328 0.765625 0.490234 0.767578 0.490234 0.773438 0.496094 0.773438 0.498047 0.775391 0.500000 0.775391 0.503906 0.779297 0.507812 0.781250 0.507812 0.783203 0.509766 0.783203 0.511719 0.785156 0.513672 0.792969 0.513672 0.794922 0.515625 0.798828 0.515625 0.804688 0.521484 0.804688 0.525391 0.806641 0.525391 0.810547 0.529297 0.816406 0.529297 0.818359 0.527344 0.822266 0.527344 0.832031 0.517578 0.832031 0.515625 0.835938 0.511719 0.837891 0.511719 0.841797 0.507812 0.845703 0.511719 0.847656 0.511719 0.849609 0.513672 0.855469 0.513672 0.857422 0.511719 0.861328 0.511719 0.863281 0.509766 0.865234 0.509766 0.867188 0.507812 0.869141 0.507812 0.873047 0.503906 0.875000 0.503906 0.876953 0.501953 0.878906 0.501953 0.880859 0.500000 0.880859 0.498047 0.884766 0.494141 0.886719 0.494141 0.886719 0.492188 0.888672 0.490234 0.892578 0.490234 0.894531 0.492188 0.902344 0.492188 0.904297 0.494141 0.912109 0.494141 0.914062 0.492188 0.914062 0.486328 0.912109 0.486328 0.910156 0.484375 0.910156 0.482422 0.908203 0.480469 0.908203 0.478516 0.906250 0.476562 0.906250 0.474609 0.904297 0.472656 0.904297 0.468750 0.902344 0.466797 0.902344 0.464844 0.904297 0.462891 0.906250 0.462891 0.910156 0.458984 0.910156 0.453125 0.908203 0.451172 0.908203 0.449219 0.910156 0.447266 0.910156 0.445312 0.912109 0.443359 0.912109 0.441406 0.914062 0.439453 0.914062 0.433594 0.912109 0.433594 0.910156 0.431641 0.910156 0.429688 0.902344 0.421875 0.902344 0.416016 0.900391 0.414062 0.900391 0.406250 0.898438 0.404297 0.898438 0.390625 0.894531 0.386719 0.890625 0.386719 0.888672 0.388672 0.886719 0.386719 0.884766 0.388672 0.878906 0.388672 0.876953 0.386719 0.878906 0.384766 0.878906 0.376953 0.876953 0.375000 0.875000 0.375000 0.873047 0.373047 0.869141 0.373047 0.867188 0.371094 0.867188 0.369141 0.878906 0.357422 0.882812 0.357422 0.884766 0.359375 0.884766 0.361328 0.886719 0.363281 0.886719 0.369141 0.888672 0.371094 0.888672 0.373047 0.892578 0.376953 0.894531 0.376953 0.896484 0.378906 0.900391 0.378906 0.902344 0.380859 0.908203 0.380859 0.910156 0.378906 0.914062 0.378906 0.916016 0.376953 0.919922 0.376953 0.921875 0.375000 0.925781 0.375000 0.925781 0.371094 0.923828 0.369141 0.923828 0.367188 0.917969 0.361328 0.917969 0.359375 0.919922 0.357422 0.925781 0.357422 0.927734 0.359375 0.931641 0.355469 0.933594 0.355469 0.939453 0.349609 0.941406 0.349609 0.941406 0.337891 0.935547 0.332031 0.933594 0.332031 0.925781 0.324219 0.925781 0.322266 0.923828 0.320312 0.923828 0.318359 0.925781 0.316406 0.925781 0.310547 0.923828 0.308594 0.921875 0.308594 0.917969 0.304688 0.917969 0.294922 0.919922 0.292969 0.919922 0.291016 0.921875 0.289062 0.925781 0.289062 0.927734 0.287109 0.927734 0.277344 0.925781 0.277344 0.923828 0.275391 0.923828 0.271484 0.921875 0.271484 0.919922 0.269531 0.917969 0.269531 0.914062 0.265625
0 0.476562 0.263672 0.476562 0.265625 0.474609 0.267578 0.474609 0.269531 0.472656 0.271484 0.472656 0.273438 0.470703 0.275391 0.470703 0.277344 0.464844 0.283203 0.460938 0.283203 0.460938 0.287109 0.458984 0.289062 0.451172 0.289062 0.449219 0.291016 0.447266 0.291016 0.447266 0.292969 0.445312 0.294922 0.445312 0.306641 0.455078 0.316406 0.455078 0.318359 0.453125 0.320312 0.453125 0.328125 0.455078 0.330078 0.460938 0.330078 0.462891 0.328125 0.462891 0.326172 0.470703 0.318359 0.472656 0.318359 0.476562 0.314453 0.478516 0.314453 0.486328 0.306641 0.486328 0.294922 0.484375 0.292969 0.484375 0.291016 0.482422 0.289062 0.482422 0.281250 0.484375 0.279297 0.484375 0.275391 0.486328 0.273438 0.486328 0.263672
0 0.275391 0.238281 0.273438 0.240234 0.269531 0.240234 0.267578 0.242188 0.265625 0.242188 0.263672 0.244141 0.261719 0.244141 0.259766 0.246094 0.257812 0.246094 0.255859 0.248047 0.255859 0.250000 0.253906 0.251953 0.253906 0.263672 0.257812 0.267578 0.259766 0.267578 0.261719 0.269531 0.261719 0.271484 0.263672 0.271484 0.265625 0.273438 0.267578 0.273438 0.269531 0.275391 0.271484 0.275391 0.273438 0.277344 0.279297 0.277344 0.279297 0.275391 0.281250 0.273438 0.281250 0.261719 0.283203 0.259766 0.283203 0.251953 0.285156 0.250000 0.285156 0.242188 0.283203 0.242188 0.281250 0.240234 0.281250 0.238281
0 0.318359 0.216797 0.316406 0.218750 0.316406 0.222656 0.314453 0.224609 0.314453 0.226562 0.310547 0.230469 0.310547 0.234375 0.308594 0.236328 0.308594 0.240234 0.310547 0.240234 0.312500 0.242188 0.312500 0.251953 0.314453 0.253906 0.322266 0.253906 0.324219 0.251953 0.326172 0.251953 0.330078 0.255859 0.330078 0.257812 0.328125 0.259766 0.328125 0.261719 0.322266 0.267578 0.322266 0.273438 0.324219 0.273438 0.326172 0.275391 0.326172 0.277344 0.324219 0.279297 0.333984 0.289062 0.333984 0.291016 0.337891 0.294922 0.345703 0.294922 0.349609 0.291016 0.353516 0.291016 0.359375 0.296875 0.359375 0.298828 0.353516 0.304688 0.349609 0.304688 0.349609 0.306641 0.343750 0.312500 0.339844 0.312500 0.337891 0.314453 0.337891 0.316406 0.335938 0.318359 0.335938 0.322266 0.333984 0.324219 0.333984 0.341797 0.335938 0.343750 0.335938 0.345703 0.337891 0.347656 0.337891 0.349609 0.339844 0.351562 0.339844 0.355469 0.343750 0.359375 0.343750 0.361328 0.341797 0.363281 0.341797 0.371094 0.345703 0.375000 0.347656 0.375000 0.349609 0.376953 0.359375 0.376953 0.367188 0.369141 0.375000 0.369141 0.380859 0.375000 0.382812 0.375000 0.384766 0.376953 0.394531 0.376953 0.396484 0.375000 0.396484 0.371094 0.398438 0.369141 0.398438 0.363281 0.400391 0.361328 0.400391 0.359375 0.402344 0.357422 0.402344 0.355469 0.398438 0.351562 0.398438 0.345703 0.402344 0.341797 0.402344 0.339844 0.404297 0.337891 0.404297 0.335938 0.410156 0.330078 0.410156 0.328125 0.412109 0.326172 0.414062 0.326172 0.416016 0.328125 0.419922 0.328125 0.423828 0.324219 0.425781 0.324219 0.425781 0.322266 0.429688 0.318359 0.429688 0.308594 0.431641 0.306641 0.431641 0.304688 0.437500 0.298828 0.437500 0.296875 0.439453 0.294922 0.439453 0.287109 0.435547 0.283203 0.435547 0.279297 0.437500 0.277344 0.437500 0.275391 0.439453 0.273438 0.439453 0.271484 0.437500 0.269531 0.437500 0.263672 0.433594 0.259766 0.433594 0.257812 0.431641 0.255859 0.431641 0.253906 0.429688 0.251953 0.425781 0.251953 0.421875 0.255859 0.421875 0.257812 0.416016 0.263672 0.414062 0.263672 0.414062 0.269531 0.406250 0.277344 0.404297 0.277344 0.402344 0.275391 0.402344 0.271484 0.400391 0.269531 0.400391 0.267578 0.398438 0.267578 0.390625 0.259766 0.390625 0.257812 0.386719 0.253906 0.386719 0.250000 0.384766 0.248047 0.380859 0.248047 0.380859 0.251953 0.378906 0.253906 0.375000 0.253906 0.367188 0.246094 0.367188 0.244141 0.365234 0.242188 0.365234 0.238281 0.363281 0.236328 0.363281 0.234375 0.361328 0.232422 0.359375 0.232422 0.355469 0.228516 0.353516 0.228516 0.349609 0.224609 0.349609 0.222656 0.343750 0.216797 0.339844 0.216797 0.337891 0.218750 0.337891 0.220703 0.335938 0.222656 0.335938 0.226562 0.333984 0.228516 0.332031 0.228516 0.330078 0.230469 0.328125 0.228516 0.328125 0.220703 0.324219 0.216797
0 0.992188 0.212891 0.992188 0.218750 0.988281 0.222656 0.988281 0.224609 0.986328 0.226562 0.986328 0.228516 0.988281 0.230469 0.988281 0.232422 0.992188 0.236328 0.992188 0.244141
0 0.263672 0.183594 0.261719 0.185547 0.259766 0.185547 0.255859 0.189453 0.255859 0.193359 0.253906 0.195312 0.253906 0.197266 0.251953 0.199219 0.251953 0.205078 0.259766 0.212891 0.261719 0.212891 0.263672 0.214844 0.271484 0.214844 0.275391 0.218750 0.275391 0.220703 0.277344 0.222656 0.285156 0.222656 0.287109 0.224609 0.296875 0.224609 0.298828 0.222656 0.298828 0.220703 0.296875 0.218750 0.294922 0.218750 0.292969 0.216797 0.292969 0.208984 0.294922 0.207031 0.294922 0.203125 0.285156 0.193359 0.285156 0.187500 0.281250 0.183594
0 0.236328 0.169922 0.232422 0.173828 0.232422 0.175781 0.230469 0.177734 0.230469 0.187500 0.232422 0.187500 0.236328 0.191406 0.238281 0.191406 0.240234 0.193359 0.246094 0.193359 0.248047 0.191406 0.248047 0.189453 0.250000 0.187500 0.250000 0.185547 0.251953 0.183594 0.251953 0.171875 0.250000 0.171875 0.248047 0.169922
0 0.812500 0.083984 0.812500 0.085938 0.810547 0.087891 0.810547 0.095703 0.808594 0.097656 0.804688 0.097656 0.802734 0.099609 0.800781 0.099609 0.798828 0.101562 0.798828 0.103516 0.796875 0.105469 0.796875 0.117188 0.798828 0.119141 0.798828 0.125000 0.800781 0.126953 0.798828 0.128906 0.794922 0.128906 0.792969 0.130859 0.791016 0.130859 0.789062 0.132812 0.785156 0.132812 0.783203 0.134766 0.781250 0.134766 0.779297 0.136719 0.775391 0.136719 0.773438 0.138672 0.771484 0.138672 0.767578 0.134766 0.759766 0.134766 0.753906 0.140625 0.751953 0.140625 0.750000 0.138672 0.744141 0.138672 0.742188 0.136719 0.734375 0.136719 0.732422 0.138672 0.728516 0.138672 0.726562 0.140625 0.718750 0.140625 0.718750 0.142578 0.716797 0.144531 0.714844 0.144531 0.712891 0.146484 0.710938 0.146484 0.705078 0.152344 0.705078 0.156250 0.699219 0.162109 0.699219 0.167969 0.697266 0.169922 0.697266 0.171875 0.695312 0.173828 0.695312 0.175781 0.693359 0.177734 0.693359 0.181641 0.685547 0.189453 0.685547 0.197266 0.695312 0.207031 0.695312 0.212891 0.693359 0.214844 0.689453 0.214844 0.687500 0.212891 0.687500 0.210938 0.683594 0.207031 0.681641 0.208984 0.681641 0.210938 0.671875 0.220703 0.671875 0.232422 0.673828 0.234375 0.673828 0.236328 0.675781 0.238281 0.675781 0.240234 0.677734 0.242188 0.679688 0.242188 0.685547 0.248047 0.679688 0.253906 0.679688 0.261719 0.683594 0.265625 0.683594 0.267578 0.689453 0.273438 0.699219 0.273438 0.701172 0.271484 0.703125 0.271484 0.705078 0.269531 0.707031 0.269531 0.708984 0.267578 0.710938 0.267578 0.712891 0.265625 0.714844 0.265625 0.716797 0.263672 0.718750 0.263672 0.720703 0.261719 0.722656 0.261719 0.724609 0.259766 0.724609 0.257812 0.726562 0.255859 0.728516 0.255859 0.728516 0.253906 0.738281 0.244141 0.740234 0.244141 0.742188 0.242188 0.750000 0.242188 0.751953 0.240234 0.769531 0.240234 0.771484 0.238281 0.783203 0.238281 0.785156 0.236328 0.822266 0.236328 0.826172 0.232422 0.828125 0.232422 0.830078 0.230469 0.830078 0.228516 0.832031 0.226562 0.832031 0.222656 0.833984 0.220703 0.833984 0.218750 0.837891 0.214844 0.839844 0.214844 0.841797 0.212891 0.843750 0.212891 0.851562 0.205078 0.853516 0.205078 0.855469 0.203125 0.855469 0.201172 0.861328 0.195312 0.863281 0.195312 0.863281 0.187500 0.865234 0.185547 0.865234 0.183594 0.867188 0.181641 0.869141 0.181641 0.871094 0.183594 0.878906 0.183594 0.880859 0.181641 0.882812 0.181641 0.882812 0.173828 0.878906 0.169922 0.878906 0.166016 0.873047 0.160156 0.873047 0.158203 0.867188 0.152344 0.867188 0.150391 0.869141 0.148438 0.876953 0.148438 0.882812 0.142578 0.882812 0.140625 0.884766 0.138672 0.884766 0.136719 0.888672 0.132812 0.888672 0.130859 0.890625 0.128906 0.890625 0.126953 0.888672 0.125000 0.888672 0.121094 0.884766 0.117188 0.884766 0.115234 0.882812 0.113281 0.882812 0.109375 0.878906 0.105469 0.878906 0.101562 0.880859 0.099609 0.876953 0.099609 0.871094 0.093750 0.871094 0.091797 0.869141 0.089844 0.863281 0.089844 0.861328 0.091797 0.857422 0.091797 0.855469 0.093750 0.853516 0.093750 0.851562 0.091797 0.851562 0.089844 0.849609 0.087891 0.832031 0.087891 0.830078 0.089844 0.824219 0.083984
0 0.476562 0.058594 0.474609 0.060547 0.466797 0.060547 0.466797 0.062500 0.464844 0.064453 0.462891 0.064453 0.458984 0.068359 0.457031 0.068359 0.455078 0.070312 0.453125 0.070312 0.451172 0.072266 0.451172 0.074219 0.449219 0.076172 0.449219 0.082031 0.447266 0.083984 0.441406 0.083984 0.435547 0.078125 0.431641 0.078125 0.427734 0.082031 0.427734 0.083984 0.425781 0.085938 0.423828 0.085938 0.423828 0.087891 0.421875 0.089844 0.421875 0.095703 0.423828 0.097656 0.423828 0.117188 0.427734 0.121094 0.429688 0.121094 0.431641 0.123047 0.431641 0.125000 0.437500 0.130859 0.443359 0.130859 0.447266 0.134766 0.466797 0.134766 0.468750 0.132812 0.470703 0.132812 0.472656 0.130859 0.474609 0.130859 0.474609 0.128906 0.476562 0.126953 0.478516 0.126953 0.478516 0.125000 0.480469 0.123047 0.482422 0.123047 0.482422 0.119141 0.484375 0.117188 0.484375 0.111328 0.490234 0.105469 0.490234 0.103516 0.492188 0.101562 0.492188 0.099609 0.494141 0.097656 0.494141 0.095703 0.496094 0.093750 0.496094 0.072266 0.494141 0.070312 0.494141 0.068359 0.490234 0.064453 0.490234 0.062500 0.488281 0.062500 0.486328 0.060547 0.482422 0.060547 0.480469 0.058594
0 0.927734 0.000000 0.929688 0.001953 0.931641 0.001953 0.933594 0.003906 0.935547 0.003906 0.939453 0.007812 0.941406 0.007812 0.943359 0.009766 0.953125 0.009766 0.958984 0.015625 0.964844 0.015625 0.968750 0.011719 0.970703 0.013672 0.970703 0.015625 0.972656 0.017578 0.972656 0.021484 0.970703 0.023438 0.970703 0.025391 0.968750 0.027344 0.968750 0.029297 0.966797 0.031250 0.966797 0.041016 0.970703 0.041016 0.976562 0.046875 0.978516 0.046875 0.982422 0.050781 0.980469 0.052734 0.980469 0.056641 0.978516 0.058594 0.978516 0.068359 0.984375 0.074219 0.984375 0.076172 0.988281 0.076172 0.990234 0.078125 0.992188 0.078125 0.992188 0.000000