0 0.726562 0.943359 0.724609 0.945312 0.722656 0.945312 0.720703 0.947266 0.714844 0.947266 0.714844 0.955078 0.716797 0.957031 0.716797 0.960938 0.718750 0.962891 0.720703 0.962891 0.724609 0.966797 0.724609 0.970703 0.722656 0.972656 0.722656 0.974609 0.724609 0.976562 0.724609 0.978516 0.728516 0.982422 0.728516 0.984375 0.730469 0.984375 0.732422 0.986328 0.732422 0.990234 0.734375 0.992188 0.736328 0.992188 0.736328 0.982422 0.734375 0.980469 0.732422 0.980469 0.728516 0.976562 0.728516 0.974609 0.726562 0.972656 0.726562 0.964844 0.722656 0.960938 0.722656 0.957031 0.720703 0.957031 0.718750 0.955078 0.720703 0.953125 0.722656 0.953125 0.726562 0.949219 0.732422 0.955078 0.734375 0.955078 0.736328 0.957031 0.738281 0.957031 0.740234 0.958984 0.744141 0.958984 0.748047 0.962891 0.748047 0.964844 0.753906 0.970703 0.757812 0.970703 0.763672 0.976562 0.763672 0.978516 0.767578 0.982422 0.769531 0.982422 0.769531 0.972656 0.767578 0.970703 0.767578 0.968750 0.761719 0.968750 0.755859 0.962891 0.753906 0.962891 0.750000 0.958984 0.750000 0.957031 0.744141 0.957031 0.742188 0.955078 0.740234 0.955078 0.738281 0.953125 0.736328 0.953125 0.730469 0.947266 0.730469 0.945312 0.728516 0.943359
0 0.189453 0.875000 0.189453 0.882812 0.197266 0.882812 0.197266 0.875000
0 0.173828 0.865234 0.173828 0.873047 0.181641 0.873047 0.181641 0.865234
0 0.859375 0.849609 0.859375 0.857422 0.857422 0.859375 0.849609 0.859375 0.849609 0.863281 0.847656 0.865234 0.841797 0.865234 0.841797 0.871094 0.839844 0.873047 0.839844 0.876953 0.837891 0.878906 0.835938 0.878906 0.835938 0.880859 0.833984 0.882812 0.832031 0.882812 0.832031 0.890625 0.839844 0.890625 0.839844 0.888672 0.841797 0.886719 0.843750 0.886719 0.843750 0.882812 0.845703 0.880859 0.847656 0.880859 0.847656 0.875000 0.849609 0.873047 0.849609 0.869141 0.851562 0.867188 0.857422 0.867188 0.857422 0.859375 0.859375 0.857422 0.867188 0.857422 0.867188 0.849609
0 0.156250 0.845703 0.156250 0.853516 0.164062 0.853516 0.164062 0.845703
0 0.865234 0.835938 0.865234 0.843750 0.873047 0.843750 0.873047 0.835938
0 0.259766 0.835938 0.259766 0.845703 0.261719 0.845703 0.263672 0.847656 0.263672 0.861328 0.273438 0.861328 0.273438 0.845703 0.271484 0.845703 0.269531 0.843750 0.269531 0.835938
0 0.921875 0.832031 0.921875 0.833984 0.919922 0.835938 0.898438 0.835938 0.898438 0.837891 0.896484 0.839844 0.892578 0.839844 0.892578 0.849609 0.908203 0.849609 0.908203 0.847656 0.910156 0.845703 0.921875 0.845703 0.921875 0.843750 0.923828 0.841797 0.931641 0.841797 0.931641 0.832031
0 0.878906 0.830078 0.878906 0.837891 0.886719 0.837891 0.886719 0.830078
0 0.941406 0.826172 0.941406 0.828125 0.939453 0.830078 0.935547 0.830078 0.935547 0.839844 0.945312 0.839844 0.945312 0.837891 0.947266 0.835938 0.951172 0.835938 0.951172 0.826172
0 0.130859 0.826172 0.130859 0.833984 0.138672 0.833984 0.138672 0.826172
0 0.246094 0.822266 0.246094 0.832031 0.255859 0.832031 0.255859 0.822266
0 0.968750 0.818359 0.968750 0.820312 0.966797 0.822266 0.962891 0.822266 0.962891 0.832031 0.972656 0.832031 0.972656 0.830078 0.974609 0.828125 0.988281 0.828125 0.988281 0.818359
0 0.113281 0.808594 0.113281 0.816406 0.121094 0.816406 0.121094 0.808594
0 0.216797 0.802734 0.216797 0.812500 0.218750 0.812500 0.220703 0.814453 0.220703 0.818359 0.228516 0.818359 0.230469 0.820312 0.230469 0.826172 0.240234 0.826172 0.240234 0.816406 0.232422 0.816406 0.230469 0.814453 0.230469 0.802734
0 0.101562 0.796875 0.101562 0.804688 0.109375 0.804688 0.109375 0.796875
0 0.912109 0.792969 0.912109 0.800781 0.910156 0.802734 0.902344 0.802734 0.902344 0.804688 0.900391 0.806641 0.898438 0.806641 0.898438 0.814453 0.896484 0.816406 0.892578 0.816406 0.892578 0.824219 0.900391 0.824219 0.900391 0.816406 0.902344 0.814453 0.906250 0.814453 0.906250 0.812500 0.908203 0.810547 0.910156 0.810547 0.910156 0.806641 0.912109 0.804688 0.919922 0.804688 0.919922 0.792969
0 0.697266 0.787109 0.695312 0.789062 0.695312 0.791016 0.693359 0.792969 0.689453 0.792969 0.689453 0.794922 0.687500 0.796875 0.685547 0.796875 0.685547 0.835938 0.683594 0.837891 0.683594 0.839844 0.681641 0.841797 0.677734 0.841797 0.675781 0.843750 0.675781 0.845703 0.673828 0.847656 0.671875 0.847656 0.671875 0.849609 0.669922 0.851562 0.669922 0.853516 0.667969 0.855469 0.666016 0.855469 0.666016 0.857422 0.664062 0.859375 0.662109 0.859375 0.662109 0.876953 0.660156 0.878906 0.658203 0.878906 0.658203 0.896484 0.669922 0.896484 0.669922 0.890625 0.671875 0.888672 0.671875 0.867188 0.673828 0.865234 0.679688 0.865234 0.679688 0.861328 0.681641 0.859375 0.681641 0.855469 0.683594 0.853516 0.685547 0.853516 0.687500 0.851562 0.689453 0.851562 0.689453 0.849609 0.691406 0.847656 0.693359 0.847656 0.693359 0.845703 0.695312 0.843750 0.695312 0.808594 0.697266 0.806641 0.697266 0.804688 0.699219 0.802734 0.699219 0.800781 0.701172 0.798828 0.703125 0.800781 0.703125 0.804688 0.712891 0.804688 0.712891 0.787109
0 0.087891 0.769531 0.087891 0.777344 0.089844 0.779297 0.089844 0.791016 0.097656 0.791016 0.097656 0.775391 0.095703 0.773438 0.095703 0.769531
0 0.080078 0.750000 0.080078 0.757812 0.082031 0.757812 0.083984 0.759766 0.083984 0.763672 0.091797 0.763672 0.091797 0.751953 0.089844 0.751953 0.087891 0.750000
0 0.732422 0.740234 0.728516 0.744141 0.728516 0.746094 0.726562 0.748047 0.726562 0.751953 0.730469 0.751953 0.730469 0.746094 0.732422 0.744141 0.734375 0.744141 0.734375 0.740234
0 0.441406 0.718750 0.441406 0.732422 0.443359 0.732422 0.445312 0.734375 0.445312 0.736328 0.474609 0.736328 0.476562 0.738281 0.496094 0.738281 0.498047 0.740234 0.500000 0.740234 0.501953 0.742188 0.501953 0.744141 0.505859 0.744141 0.507812 0.746094 0.507812 0.750000 0.509766 0.751953 0.509766 0.753906 0.513672 0.753906 0.515625 0.755859 0.515625 0.757812 0.517578 0.757812 0.519531 0.759766 0.519531 0.765625 0.521484 0.767578 0.527344 0.767578 0.529297 0.769531 0.529297 0.771484 0.531250 0.771484 0.533203 0.773438 0.533203 0.779297 0.544922 0.779297 0.546875 0.781250 0.544922 0.783203 0.544922 0.791016 0.542969 0.792969 0.541016 0.792969 0.541016 0.794922 0.539062 0.796875 0.535156 0.796875 0.535156 0.824219 0.539062 0.824219 0.541016 0.826172 0.542969 0.826172 0.544922 0.828125 0.544922 0.830078 0.552734 0.830078 0.554688 0.832031 0.554688 0.833984 0.556641 0.833984 0.558594 0.835938 0.558594 0.839844 0.556641 0.841797 0.554688 0.841797 0.552734 0.843750 0.552734 0.863281 0.548828 0.867188 0.546875 0.867188 0.546875 0.871094 0.542969 0.875000 0.542969 0.894531 0.544922 0.896484 0.548828 0.896484 0.550781 0.898438 0.550781 0.900391 0.554688 0.904297 0.554688 0.906250 0.560547 0.906250 0.562500 0.908203 0.562500 0.912109 0.568359 0.912109 0.570312 0.914062 0.570312 0.916016 0.568359 0.917969 0.560547 0.917969 0.558594 0.919922 0.552734 0.919922 0.552734 0.929688 0.564453 0.929688 0.566406 0.927734 0.580078 0.927734 0.580078 0.921875 0.582031 0.919922 0.585938 0.919922 0.585938 0.910156 0.582031 0.910156 0.580078 0.908203 0.580078 0.906250 0.576172 0.906250 0.574219 0.904297 0.574219 0.902344 0.572266 0.902344 0.570312 0.900391 0.570312 0.896484 0.566406 0.896484 0.564453 0.894531 0.564453 0.892578 0.562500 0.892578 0.560547 0.890625 0.560547 0.886719 0.554688 0.886719 0.552734 0.884766 0.554688 0.882812 0.554688 0.880859 0.556641 0.878906 0.556641 0.876953 0.558594 0.875000 0.560547 0.875000 0.560547 0.871094 0.562500 0.869141 0.562500 0.855469 0.564453 0.853516 0.564453 0.851562 0.566406 0.849609 0.570312 0.849609 0.570312 0.828125 0.566406 0.828125 0.564453 0.826172 0.564453 0.824219 0.558594 0.824219 0.556641 0.822266 0.556641 0.820312 0.554688 0.820312 0.552734 0.818359 0.552734 0.816406 0.550781 0.814453 0.546875 0.814453 0.544922 0.812500 0.544922 0.808594 0.548828 0.804688 0.550781 0.804688 0.550781 0.800781 0.552734 0.798828 0.554688 0.798828 0.554688 0.794922 0.556641 0.792969 0.556641 0.783203 0.558594 0.781250 0.560547 0.781250 0.560547 0.765625 0.558594 0.765625 0.556641 0.763672 0.556641 0.761719 0.554688 0.761719 0.550781 0.757812 0.541016 0.757812 0.539062 0.755859 0.539062 0.753906 0.535156 0.753906 0.533203 0.751953 0.533203 0.744141 0.531250 0.744141 0.529297 0.742188 0.529297 0.740234 0.523438 0.740234 0.521484 0.738281 0.521484 0.732422 0.519531 0.730469 0.517578 0.730469 0.515625 0.728516 0.513672 0.728516 0.509766 0.724609 0.490234 0.724609 0.488281 0.722656 0.457031 0.722656 0.455078 0.720703 0.455078 0.718750
0 0.839844 0.695312 0.837891 0.697266 0.832031 0.697266 0.832031 0.701172 0.830078 0.703125 0.828125 0.703125 0.826172 0.705078 0.822266 0.705078 0.820312 0.707031 0.818359 0.707031 0.816406 0.708984 0.810547 0.708984 0.810547 0.710938 0.806641 0.714844 0.802734 0.714844 0.802734 0.718750 0.800781 0.720703 0.800781 0.722656 0.798828 0.724609 0.796875 0.724609 0.794922 0.726562 0.792969 0.726562 0.792969 0.730469 0.791016 0.732422 0.787109 0.732422 0.787109 0.757812 0.789062 0.757812 0.791016 0.759766 0.791016 0.761719 0.800781 0.761719 0.800781 0.750000 0.798828 0.750000 0.796875 0.748047 0.796875 0.744141 0.798828 0.742188 0.802734 0.742188 0.802734 0.738281 0.806641 0.734375 0.810547 0.734375 0.810547 0.732422 0.812500 0.730469 0.812500 0.726562 0.814453 0.724609 0.818359 0.724609 0.818359 0.720703 0.820312 0.718750 0.822266 0.718750 0.824219 0.716797 0.830078 0.716797 0.833984 0.712891 0.839844 0.712891 0.839844 0.710938 0.843750 0.707031 0.847656 0.707031 0.849609 0.705078 0.859375 0.705078 0.859375 0.695312
0 0.818359 0.636719 0.818359 0.650391 0.820312 0.652344 0.820312 0.669922 0.822266 0.671875 0.822266 0.673828 0.824219 0.675781 0.824219 0.679688 0.826172 0.679688 0.830078 0.683594 0.830078 0.687500 0.845703 0.687500 0.845703 0.677734 0.839844 0.677734 0.837891 0.675781 0.837891 0.671875 0.835938 0.671875 0.832031 0.667969 0.832031 0.662109 0.830078 0.660156 0.830078 0.640625 0.828125 0.638672 0.828125 0.636719
0 0.197266 0.480469 0.197266 0.488281 0.195312 0.490234 0.189453 0.490234 0.189453 0.498047 0.187500 0.500000 0.183594 0.500000 0.183594 0.509766 0.193359 0.509766 0.193359 0.507812 0.195312 0.505859 0.199219 0.505859 0.199219 0.492188 0.201172 0.490234 0.207031 0.490234 0.207031 0.480469
0 0.201172 0.466797 0.201172 0.476562 0.220703 0.476562 0.220703 0.466797
0 0.750000 0.400391 0.750000 0.410156 0.751953 0.410156 0.753906 0.412109 0.753906 0.417969 0.755859 0.419922 0.757812 0.419922 0.759766 0.421875 0.759766 0.425781 0.761719 0.427734 0.761719 0.429688 0.763672 0.429688 0.765625 0.431641 0.765625 0.433594 0.761719 0.437500 0.759766 0.437500 0.757812 0.439453 0.757812 0.441406 0.755859 0.443359 0.753906 0.443359 0.753906 0.445312 0.751953 0.447266 0.738281 0.447266 0.738281 0.460938 0.740234 0.462891 0.740234 0.466797 0.742188 0.468750 0.742188 0.474609 0.740234 0.476562 0.732422 0.476562 0.730469 0.478516 0.728516 0.478516 0.724609 0.482422 0.724609 0.513672 0.722656 0.515625 0.720703 0.515625 0.720703 0.517578 0.716797 0.521484 0.716797 0.523438 0.714844 0.525391 0.712891 0.525391 0.712891 0.527344 0.710938 0.529297 0.705078 0.529297 0.703125 0.527344 0.701172 0.527344 0.699219 0.525391 0.689453 0.525391 0.685547 0.529297 0.685547 0.533203 0.683594 0.535156 0.681641 0.535156 0.681641 0.542969 0.677734 0.546875 0.677734 0.550781 0.673828 0.554688 0.673828 0.556641 0.666016 0.564453 0.664062 0.564453 0.664062 0.566406 0.662109 0.568359 0.646484 0.568359 0.646484 0.574219 0.669922 0.574219 0.669922 0.572266 0.671875 0.570312 0.673828 0.570312 0.675781 0.568359 0.675781 0.566406 0.679688 0.562500 0.679688 0.560547 0.683594 0.556641 0.683594 0.552734 0.687500 0.548828 0.687500 0.539062 0.689453 0.537109 0.691406 0.537109 0.691406 0.535156 0.695312 0.531250 0.697266 0.533203 0.699219 0.533203 0.701172 0.535156 0.716797 0.535156 0.716797 0.533203 0.718750 0.531250 0.720703 0.531250 0.720703 0.529297 0.722656 0.527344 0.724609 0.527344 0.726562 0.525391 0.726562 0.519531 0.728516 0.517578 0.730469 0.517578 0.730469 0.488281 0.732422 0.486328 0.734375 0.486328 0.738281 0.482422 0.744141 0.482422 0.746094 0.480469 0.748047 0.480469 0.748047 0.478516 0.750000 0.476562 0.750000 0.468750 0.748047 0.466797 0.748047 0.462891 0.746094 0.460938 0.746094 0.458984 0.744141 0.457031 0.744141 0.455078 0.746094 0.453125 0.757812 0.453125 0.757812 0.451172 0.759766 0.449219 0.761719 0.449219 0.761719 0.447266 0.763672 0.445312 0.765625 0.445312 0.767578 0.443359 0.769531 0.443359 0.769531 0.439453 0.771484 0.437500 0.773438 0.437500 0.773438 0.429688 0.771484 0.427734 0.771484 0.425781 0.769531 0.423828 0.767578 0.423828 0.765625 0.421875 0.765625 0.417969 0.763672 0.417969 0.761719 0.416016 0.761719 0.414062 0.759766 0.412109 0.759766 0.406250 0.757812 0.406250 0.755859 0.404297 0.755859 0.400391
0 0.287109 0.343750 0.287109 0.353516 0.291016 0.353516 0.292969 0.355469 0.292969 0.357422 0.300781 0.357422 0.302734 0.359375 0.302734 0.367188 0.308594 0.367188 0.310547 0.369141 0.310547 0.373047 0.320312 0.373047 0.320312 0.363281 0.314453 0.363281 0.312500 0.361328 0.312500 0.357422 0.304688 0.357422 0.302734 0.355469 0.302734 0.343750
0 0.273438 0.335938 0.273438 0.345703 0.283203 0.345703 0.283203 0.335938
0 0.250000 0.335938 0.250000 0.345703 0.269531 0.345703 0.269531 0.335938
0 0.236328 0.326172 0.236328 0.332031 0.234375 0.333984 0.224609 0.333984 0.224609 0.343750 0.234375 0.343750 0.234375 0.337891 0.236328 0.335938 0.246094 0.335938 0.246094 0.326172
0 0.210938 0.296875 0.210938 0.310547 0.212891 0.312500 0.212891 0.320312 0.214844 0.320312 0.216797 0.322266 0.216797 0.330078 0.226562 0.330078 0.226562 0.326172 0.228516 0.324219 0.230469 0.324219 0.230469 0.314453 0.224609 0.314453 0.222656 0.312500 0.222656 0.310547 0.220703 0.308594 0.220703 0.296875
0 0.220703 0.212891 0.220703 0.214844 0.218750 0.216797 0.216797 0.216797 0.216797 0.218750 0.214844 0.220703 0.210938 0.220703 0.210938 0.222656 0.208984 0.224609 0.201172 0.224609 0.199219 0.226562 0.193359 0.226562 0.193359 0.232422 0.191406 0.234375 0.183594 0.234375 0.181641 0.236328 0.177734 0.236328 0.177734 0.244141 0.191406 0.244141 0.191406 0.236328 0.193359 0.234375 0.201172 0.234375 0.203125 0.232422 0.208984 0.232422 0.208984 0.230469 0.210938 0.228516 0.218750 0.228516 0.218750 0.226562 0.220703 0.224609 0.224609 0.224609 0.224609 0.222656 0.226562 0.220703 0.228516 0.220703 0.228516 0.212891