0 0.162109 0.925781 0.162109 0.941406 0.164062 0.943359 0.164062 0.945312 0.166016 0.945312 0.167969 0.947266 0.169922 0.947266 0.171875 0.949219 0.179688 0.949219 0.181641 0.947266 0.187500 0.947266 0.189453 0.945312 0.191406 0.945312 0.193359 0.943359 0.193359 0.939453 0.187500 0.939453 0.183594 0.943359 0.171875 0.943359 0.166016 0.937500 0.166016 0.925781
0 0.783203 0.800781 0.783203 0.802734 0.781250 0.804688 0.779297 0.804688 0.773438 0.810547 0.771484 0.810547 0.769531 0.812500 0.767578 0.812500 0.765625 0.814453 0.761719 0.814453 0.761719 0.818359 0.769531 0.818359 0.771484 0.816406 0.773438 0.816406 0.777344 0.812500 0.781250 0.812500 0.781250 0.810547 0.785156 0.806641 0.787109 0.806641 0.789062 0.804688 0.789062 0.800781
0 0.808594 0.777344 0.806641 0.779297 0.794922 0.779297 0.794922 0.783203 0.814453 0.783203 0.818359 0.787109 0.814453 0.791016 0.812500 0.791016 0.810547 0.792969 0.808594 0.792969 0.806641 0.794922 0.806641 0.800781 0.810547 0.800781 0.814453 0.796875 0.816406 0.796875 0.818359 0.794922 0.820312 0.794922 0.822266 0.792969 0.822266 0.783203 0.820312 0.781250 0.820312 0.779297 0.818359 0.779297 0.816406 0.777344
0 0.748047 0.705078 0.746094 0.707031 0.746094 0.708984 0.744141 0.710938 0.744141 0.712891 0.742188 0.714844 0.740234 0.714844 0.738281 0.716797 0.738281 0.720703 0.736328 0.722656 0.734375 0.722656 0.734375 0.736328 0.736328 0.736328 0.738281 0.738281 0.738281 0.742188 0.748047 0.742188 0.748047 0.734375 0.746094 0.732422 0.746094 0.730469 0.744141 0.728516 0.746094 0.726562 0.746094 0.724609 0.748047 0.722656 0.750000 0.722656 0.750000 0.720703 0.751953 0.718750 0.751953 0.716797 0.755859 0.712891 0.755859 0.705078
0 0.664062 0.662109 0.664062 0.669922 0.666016 0.669922 0.667969 0.671875 0.671875 0.671875 0.673828 0.673828 0.677734 0.673828 0.679688 0.675781 0.689453 0.675781 0.689453 0.667969 0.687500 0.667969 0.685547 0.666016 0.681641 0.666016 0.679688 0.664062 0.675781 0.664062 0.673828 0.662109
0 0.669922 0.605469 0.667969 0.607422 0.666016 0.607422 0.664062 0.609375 0.658203 0.609375 0.656250 0.611328 0.650391 0.611328 0.648438 0.613281 0.646484 0.613281 0.640625 0.619141 0.640625 0.626953 0.642578 0.628906 0.642578 0.632812 0.644531 0.634766 0.644531 0.638672 0.642578 0.640625 0.642578 0.642578 0.636719 0.648438 0.636719 0.650391 0.634766 0.652344 0.634766 0.660156 0.636719 0.662109 0.636719 0.664062 0.644531 0.671875 0.646484 0.671875 0.648438 0.673828 0.650391 0.673828 0.652344 0.675781 0.656250 0.675781 0.658203 0.677734 0.656250 0.675781 0.652344 0.675781 0.650391 0.673828 0.648438 0.673828 0.640625 0.666016 0.638672 0.666016 0.636719 0.664062 0.636719 0.662109 0.634766 0.660156 0.634766 0.654297 0.636719 0.652344 0.636719 0.650391 0.642578 0.644531 0.642578 0.642578 0.644531 0.640625 0.644531 0.632812 0.642578 0.630859 0.642578 0.626953 0.640625 0.625000 0.640625 0.621094 0.642578 0.619141 0.642578 0.617188 0.644531 0.615234 0.646484 0.615234 0.648438 0.613281 0.650391 0.613281 0.652344 0.611328 0.656250 0.611328 0.658203 0.609375 0.666016 0.609375
0 0.882812 0.603516 0.882812 0.642578 0.880859 0.644531 0.880859 0.646484 0.878906 0.648438 0.878906 0.652344 0.876953 0.654297 0.876953 0.660156 0.873047 0.664062 0.873047 0.693359 0.875000 0.695312 0.882812 0.695312 0.882812 0.687500 0.880859 0.685547 0.880859 0.671875 0.882812 0.669922 0.882812 0.666016 0.884766 0.664062 0.884766 0.658203 0.886719 0.656250 0.886719 0.654297 0.888672 0.652344 0.888672 0.650391 0.890625 0.648438 0.890625 0.603516
0 0.380859 0.591797 0.380859 0.593750 0.390625 0.603516 0.392578 0.603516 0.392578 0.601562 0.390625 0.599609 0.390625 0.597656 0.388672 0.595703 0.386719 0.595703 0.382812 0.591797
0 0.355469 0.576172 0.353516 0.578125 0.353516 0.582031 0.361328 0.582031 0.363281 0.580078 0.363281 0.578125 0.361328 0.578125 0.359375 0.576172
0 0.058594 0.562500 0.058594 0.564453 0.062500 0.568359 0.062500 0.570312 0.064453 0.570312 0.068359 0.574219 0.072266 0.574219 0.070312 0.572266 0.070312 0.568359 0.068359 0.568359 0.066406 0.566406 0.066406 0.564453 0.060547 0.564453
0 0.732422 0.552734 0.736328 0.552734 0.738281 0.554688 0.742188 0.554688 0.746094 0.558594 0.748047 0.558594 0.750000 0.560547 0.750000 0.562500 0.751953 0.564453 0.751953 0.566406 0.750000 0.568359 0.750000 0.580078 0.751953 0.580078 0.753906 0.582031 0.755859 0.582031 0.757812 0.583984 0.759766 0.583984 0.763672 0.587891 0.763672 0.589844 0.767578 0.589844 0.765625 0.589844 0.763672 0.587891 0.763672 0.585938 0.761719 0.585938 0.757812 0.582031 0.755859 0.582031 0.753906 0.580078 0.751953 0.580078 0.750000 0.578125 0.750000 0.570312 0.751953 0.568359 0.751953 0.562500 0.750000 0.560547 0.750000 0.558594 0.748047 0.558594 0.746094 0.556641 0.744141 0.556641 0.742188 0.554688 0.740234 0.554688 0.738281 0.552734
0 0.894531 0.361328 0.904297 0.361328 0.908203 0.365234 0.908203 0.371094 0.910156 0.373047 0.910156 0.376953 0.912109 0.378906 0.912109 0.380859 0.917969 0.386719 0.919922 0.386719 0.921875 0.388672 0.929688 0.388672 0.923828 0.388672 0.921875 0.386719 0.919922 0.386719 0.912109 0.378906 0.912109 0.376953 0.910156 0.375000 0.910156 0.371094 0.908203 0.369141 0.908203 0.363281 0.906250 0.361328
0 0.937500 0.316406 0.935547 0.318359 0.935547 0.335938 0.937500 0.337891 0.937500 0.345703 0.939453 0.345703 0.941406 0.347656 0.943359 0.347656 0.945312 0.349609 0.947266 0.349609 0.951172 0.353516 0.951172 0.371094 0.949219 0.373047 0.949219 0.376953 0.947266 0.378906 0.947266 0.380859 0.945312 0.382812 0.943359 0.382812 0.939453 0.386719 0.937500 0.386719 0.935547 0.388672 0.933594 0.388672 0.935547 0.388672 0.937500 0.386719 0.941406 0.386719 0.949219 0.378906 0.949219 0.375000 0.951172 0.373047 0.951172 0.353516 0.949219 0.351562 0.949219 0.349609 0.947266 0.349609 0.945312 0.347656 0.941406 0.347656 0.937500 0.343750 0.937500 0.335938 0.935547 0.333984 0.935547 0.320312 0.939453 0.316406