0 0.583984 0.941406 0.583984 0.951172 0.585938 0.951172 0.589844 0.955078 0.589844 0.957031 0.587891 0.958984 0.587891 0.970703 0.589844 0.972656 0.589844 0.974609 0.605469 0.974609 0.607422 0.976562 0.613281 0.976562 0.615234 0.974609 0.615234 0.968750 0.617188 0.966797 0.617188 0.958984 0.619141 0.957031 0.619141 0.947266 0.617188 0.947266 0.615234 0.945312 0.609375 0.945312 0.607422 0.947266 0.605469 0.947266 0.601562 0.951172 0.597656 0.951172 0.595703 0.949219 0.593750 0.949219 0.591797 0.947266 0.591797 0.941406
0 0.773438 0.921875 0.773438 0.931641 0.775391 0.933594 0.779297 0.933594 0.779297 0.931641 0.781250 0.929688 0.779297 0.927734 0.779297 0.923828 0.777344 0.923828 0.775391 0.921875
0 0.601562 0.902344 0.601562 0.908203 0.603516 0.910156 0.603516 0.912109 0.605469 0.912109 0.611328 0.917969 0.611328 0.919922 0.613281 0.921875 0.613281 0.929688 0.617188 0.929688 0.619141 0.927734 0.619141 0.921875 0.621094 0.919922 0.626953 0.919922 0.626953 0.912109 0.625000 0.910156 0.621094 0.910156 0.615234 0.904297 0.611328 0.904297 0.609375 0.902344
0 0.662109 0.855469 0.658203 0.859375 0.658203 0.861328 0.656250 0.863281 0.656250 0.869141 0.654297 0.871094 0.654297 0.880859 0.664062 0.890625 0.664062 0.902344 0.660156 0.906250 0.660156 0.912109 0.666016 0.912109 0.671875 0.917969 0.669922 0.919922 0.669922 0.921875 0.666016 0.925781 0.664062 0.925781 0.664062 0.931641 0.666016 0.933594 0.667969 0.933594 0.669922 0.935547 0.669922 0.937500 0.671875 0.939453 0.671875 0.941406 0.677734 0.941406 0.679688 0.943359 0.679688 0.945312 0.681641 0.945312 0.683594 0.947266 0.683594 0.949219 0.681641 0.951172 0.671875 0.951172 0.669922 0.953125 0.667969 0.953125 0.666016 0.951172 0.656250 0.951172 0.656250 0.957031 0.658203 0.957031 0.660156 0.958984 0.666016 0.958984 0.667969 0.960938 0.671875 0.960938 0.673828 0.962891 0.681641 0.962891 0.689453 0.970703 0.689453 0.972656 0.691406 0.972656 0.693359 0.974609 0.693359 0.978516 0.695312 0.980469 0.705078 0.980469 0.708984 0.976562 0.708984 0.974609 0.712891 0.970703 0.716797 0.970703 0.718750 0.968750 0.718750 0.962891 0.722656 0.958984 0.722656 0.955078 0.724609 0.953125 0.724609 0.949219 0.722656 0.947266 0.722656 0.945312 0.718750 0.941406 0.718750 0.939453 0.724609 0.933594 0.728516 0.933594 0.732422 0.929688 0.732422 0.925781 0.722656 0.925781 0.718750 0.921875 0.716797 0.921875 0.714844 0.919922 0.714844 0.916016 0.716797 0.914062 0.722656 0.914062 0.726562 0.910156 0.726562 0.908203 0.718750 0.908203 0.716797 0.906250 0.716797 0.900391 0.707031 0.900391 0.705078 0.898438 0.705078 0.880859 0.703125 0.878906 0.703125 0.876953 0.687500 0.876953 0.681641 0.871094 0.681641 0.869141 0.675781 0.869141 0.669922 0.863281 0.669922 0.861328 0.664062 0.855469
0 0.527344 0.830078 0.523438 0.833984 0.519531 0.833984 0.517578 0.835938 0.515625 0.833984 0.513672 0.833984 0.509766 0.837891 0.509766 0.839844 0.505859 0.843750 0.500000 0.843750 0.500000 0.849609 0.501953 0.851562 0.501953 0.855469 0.503906 0.855469 0.507812 0.859375 0.511719 0.855469 0.519531 0.855469 0.521484 0.853516 0.523438 0.853516 0.525391 0.855469 0.525391 0.857422 0.519531 0.863281 0.511719 0.863281 0.505859 0.869141 0.505859 0.873047 0.511719 0.873047 0.513672 0.871094 0.521484 0.871094 0.523438 0.869141 0.523438 0.867188 0.525391 0.865234 0.527344 0.865234 0.529297 0.863281 0.537109 0.863281 0.541016 0.859375 0.541016 0.855469 0.537109 0.851562 0.537109 0.849609 0.533203 0.845703 0.533203 0.841797 0.529297 0.837891 0.531250 0.835938 0.531250 0.830078
0 0.289062 0.693359 0.289062 0.699219 0.291016 0.701172 0.291016 0.703125 0.292969 0.705078 0.294922 0.705078 0.294922 0.695312 0.292969 0.695312 0.291016 0.693359
0 0.187500 0.660156 0.185547 0.662109 0.185547 0.664062 0.183594 0.666016 0.183594 0.673828 0.187500 0.677734 0.187500 0.699219 0.189453 0.699219 0.191406 0.697266 0.193359 0.697266 0.193359 0.695312 0.195312 0.693359 0.195312 0.691406 0.199219 0.687500 0.201172 0.689453 0.203125 0.689453 0.205078 0.691406 0.207031 0.691406 0.212891 0.697266 0.212891 0.699219 0.214844 0.701172 0.214844 0.705078 0.220703 0.705078 0.220703 0.701172 0.224609 0.697266 0.226562 0.697266 0.228516 0.695312 0.232422 0.695312 0.232422 0.691406 0.242188 0.681641 0.242188 0.679688 0.244141 0.677734 0.244141 0.675781 0.246094 0.673828 0.246094 0.669922 0.242188 0.666016 0.240234 0.666016 0.238281 0.664062 0.228516 0.664062 0.226562 0.662109 0.218750 0.662109 0.216797 0.664062 0.210938 0.664062 0.208984 0.666016 0.207031 0.664062 0.205078 0.664062 0.203125 0.662109 0.203125 0.660156 0.197266 0.660156 0.195312 0.662109 0.193359 0.662109 0.191406 0.660156
0 0.119141 0.552734 0.119141 0.558594 0.121094 0.560547 0.121094 0.562500 0.126953 0.562500 0.128906 0.560547 0.128906 0.556641 0.125000 0.556641 0.123047 0.554688 0.123047 0.552734
0 0.406250 0.361328 0.406250 0.363281 0.402344 0.367188 0.400391 0.367188 0.400391 0.369141 0.404297 0.373047 0.410156 0.373047 0.410156 0.369141 0.412109 0.367188 0.412109 0.361328
0 0.251953 0.300781 0.251953 0.310547 0.265625 0.310547 0.265625 0.300781
0 0.007812 0.287109 0.003906 0.291016 0.000000 0.291016 0.000000 0.521484 0.003906 0.525391 0.015625 0.525391 0.017578 0.527344 0.017578 0.529297 0.015625 0.531250 0.015625 0.533203 0.013672 0.535156 0.017578 0.535156 0.019531 0.537109 0.021484 0.537109 0.023438 0.539062 0.025391 0.539062 0.027344 0.541016 0.027344 0.544922 0.033203 0.550781 0.035156 0.550781 0.037109 0.552734 0.037109 0.556641 0.041016 0.560547 0.042969 0.560547 0.044922 0.562500 0.060547 0.562500 0.060547 0.556641 0.062500 0.554688 0.064453 0.554688 0.068359 0.550781 0.070312 0.550781 0.074219 0.546875 0.078125 0.546875 0.078125 0.544922 0.082031 0.541016 0.085938 0.541016 0.087891 0.539062 0.089844 0.539062 0.091797 0.537109 0.093750 0.537109 0.093750 0.535156 0.101562 0.527344 0.101562 0.525391 0.103516 0.523438 0.105469 0.523438 0.107422 0.521484 0.107422 0.513672 0.109375 0.511719 0.121094 0.511719 0.123047 0.513672 0.123047 0.515625 0.126953 0.519531 0.134766 0.519531 0.134766 0.513672 0.132812 0.511719 0.132812 0.505859 0.136719 0.501953 0.136719 0.496094 0.132812 0.496094 0.126953 0.490234 0.126953 0.488281 0.125000 0.486328 0.126953 0.484375 0.125000 0.484375 0.123047 0.482422 0.123047 0.480469 0.121094 0.478516 0.119141 0.478516 0.115234 0.474609 0.113281 0.474609 0.111328 0.472656 0.103516 0.472656 0.101562 0.474609 0.097656 0.474609 0.095703 0.472656 0.095703 0.470703 0.093750 0.468750 0.093750 0.466797 0.091797 0.464844 0.093750 0.462891 0.093750 0.455078 0.095703 0.453125 0.095703 0.439453 0.099609 0.435547 0.097656 0.433594 0.097656 0.431641 0.095703 0.429688 0.095703 0.423828 0.097656 0.421875 0.103516 0.421875 0.105469 0.419922 0.107422 0.419922 0.107422 0.414062 0.099609 0.406250 0.099609 0.394531 0.097656 0.394531 0.095703 0.392578 0.095703 0.390625 0.093750 0.390625 0.091797 0.388672 0.091797 0.386719 0.087891 0.382812 0.087891 0.380859 0.085938 0.380859 0.082031 0.376953 0.082031 0.375000 0.080078 0.375000 0.078125 0.373047 0.076172 0.373047 0.074219 0.371094 0.074219 0.369141 0.072266 0.367188 0.072266 0.349609 0.068359 0.345703 0.066406 0.345703 0.064453 0.343750 0.062500 0.343750 0.060547 0.341797 0.060547 0.339844 0.058594 0.337891 0.056641 0.337891 0.054688 0.335938 0.054688 0.333984 0.050781 0.333984 0.046875 0.330078 0.031250 0.330078 0.029297 0.328125 0.027344 0.328125 0.023438 0.324219 0.023438 0.318359 0.025391 0.316406 0.025391 0.304688 0.027344 0.302734 0.027344 0.300781 0.025391 0.298828 0.025391 0.291016 0.023438 0.291016 0.019531 0.287109 0.017578 0.289062 0.015625 0.287109 0.015625 0.289062 0.013672 0.291016 0.009766 0.291016 0.007812 0.289062
0 0.283203 0.275391 0.283203 0.277344 0.281250 0.279297 0.281250 0.283203 0.275391 0.289062 0.273438 0.289062 0.271484 0.291016 0.271484 0.294922 0.275391 0.294922 0.277344 0.296875 0.277344 0.298828 0.279297 0.300781 0.279297 0.304688 0.285156 0.304688 0.285156 0.302734 0.289062 0.298828 0.289062 0.281250 0.287109 0.279297 0.287109 0.275391
0 0.339844 0.199219 0.337891 0.201172 0.332031 0.201172 0.332031 0.205078 0.335938 0.208984 0.335938 0.210938 0.333984 0.212891 0.333984 0.216797 0.337891 0.220703 0.337891 0.222656 0.339844 0.224609 0.339844 0.226562 0.349609 0.226562 0.349609 0.220703 0.351562 0.218750 0.353516 0.218750 0.353516 0.207031 0.351562 0.205078 0.349609 0.205078 0.345703 0.201172 0.343750 0.201172 0.341797 0.199219
0 0.300781 0.197266 0.300781 0.203125 0.298828 0.205078 0.287109 0.205078 0.285156 0.207031 0.285156 0.208984 0.283203 0.210938 0.279297 0.210938 0.279297 0.216797 0.281250 0.216797 0.283203 0.218750 0.291016 0.218750 0.292969 0.216797 0.294922 0.218750 0.298828 0.218750 0.300781 0.220703 0.300781 0.222656 0.306641 0.222656 0.308594 0.220703 0.310547 0.220703 0.312500 0.218750 0.314453 0.218750 0.314453 0.210938 0.312500 0.208984 0.312500 0.207031 0.310547 0.205078 0.310547 0.201172 0.306641 0.197266
0 0.001953 0.195312 0.000000 0.197266 0.000000 0.281250 0.001953 0.281250 0.001953 0.279297 0.003906 0.277344 0.013672 0.277344 0.013672 0.275391 0.015625 0.273438 0.021484 0.273438 0.021484 0.269531 0.025391 0.265625 0.025391 0.259766 0.027344 0.257812 0.029297 0.257812 0.029297 0.255859 0.025391 0.251953 0.027344 0.250000 0.025391 0.248047 0.025391 0.246094 0.029297 0.242188 0.029297 0.240234 0.031250 0.238281 0.031250 0.236328 0.029297 0.234375 0.029297 0.224609 0.027344 0.222656 0.027344 0.220703 0.025391 0.218750 0.025391 0.210938 0.023438 0.210938 0.017578 0.205078 0.015625 0.205078 0.011719 0.201172 0.009766 0.201172 0.007812 0.199219 0.007812 0.197266 0.005859 0.197266 0.003906 0.195312
0 0.335938 0.041016 0.333984 0.042969 0.332031 0.042969 0.332031 0.046875 0.333984 0.046875 0.335938 0.048828 0.341797 0.048828 0.343750 0.046875 0.343750 0.042969 0.341797 0.042969 0.339844 0.044922 0.337891 0.042969 0.337891 0.041016
0 0.375000 0.000000 0.375000 0.003906 0.376953 0.003906 0.378906 0.005859 0.378906 0.011719 0.382812 0.011719 0.388672 0.017578 0.392578 0.017578 0.392578 0.011719 0.400391 0.003906 0.402344 0.003906 0.404297 0.005859 0.404297 0.003906 0.406250 0.001953 0.408203 0.003906 0.408203 0.005859 0.410156 0.007812 0.412109 0.007812 0.414062 0.009766 0.414062 0.031250 0.412109 0.033203 0.408203 0.033203 0.404297 0.037109 0.404297 0.039062 0.400391 0.042969 0.400391 0.048828 0.404297 0.052734 0.408203 0.052734 0.408203 0.048828 0.412109 0.044922 0.414062 0.044922 0.416016 0.042969 0.423828 0.042969 0.427734 0.046875 0.427734 0.048828 0.431641 0.052734 0.441406 0.052734 0.443359 0.054688 0.443359 0.056641 0.439453 0.060547 0.437500 0.060547 0.437500 0.062500 0.435547 0.064453 0.433594 0.064453 0.431641 0.066406 0.429688 0.066406 0.427734 0.068359 0.427734 0.072266 0.433594 0.078125 0.433594 0.080078 0.431641 0.082031 0.429688 0.082031 0.427734 0.080078 0.417969 0.080078 0.416016 0.078125 0.410156 0.078125 0.402344 0.070312 0.398438 0.070312 0.396484 0.072266 0.394531 0.072266 0.390625 0.076172 0.388672 0.076172 0.380859 0.068359 0.378906 0.068359 0.376953 0.070312 0.375000 0.070312 0.375000 0.072266 0.373047 0.074219 0.371094 0.074219 0.367188 0.078125 0.365234 0.078125 0.363281 0.080078 0.359375 0.080078 0.357422 0.078125 0.357422 0.072266 0.361328 0.068359 0.359375 0.066406 0.345703 0.066406 0.343750 0.064453 0.341797 0.064453 0.339844 0.062500 0.333984 0.062500 0.328125 0.068359 0.324219 0.068359 0.324219 0.074219 0.320312 0.078125 0.320312 0.080078 0.318359 0.082031 0.318359 0.083984 0.316406 0.085938 0.316406 0.089844 0.312500 0.093750 0.312500 0.097656 0.314453 0.099609 0.318359 0.099609 0.322266 0.103516 0.318359 0.107422 0.316406 0.107422 0.316406 0.111328 0.322266 0.117188 0.322266 0.119141 0.328125 0.119141 0.332031 0.123047 0.351562 0.123047 0.355469 0.119141 0.359375 0.119141 0.361328 0.121094 0.361328 0.123047 0.363281 0.125000 0.363281 0.126953 0.359375 0.130859 0.359375 0.134766 0.357422 0.136719 0.357422 0.148438 0.359375 0.150391 0.361328 0.150391 0.363281 0.152344 0.363281 0.158203 0.367188 0.162109 0.367188 0.164062 0.369141 0.166016 0.375000 0.166016 0.378906 0.162109 0.382812 0.166016 0.382812 0.171875 0.378906 0.175781 0.378906 0.177734 0.376953 0.179688 0.375000 0.179688 0.373047 0.181641 0.371094 0.181641 0.369141 0.183594 0.369141 0.187500 0.376953 0.187500 0.378906 0.189453 0.378906 0.207031 0.380859 0.207031 0.384766 0.210938 0.388672 0.210938 0.390625 0.212891 0.390625 0.230469 0.388672 0.232422 0.386719 0.232422 0.386719 0.234375 0.382812 0.238281 0.382812 0.250000 0.380859 0.251953 0.375000 0.251953 0.371094 0.248047 0.373047 0.246094 0.373047 0.238281 0.371094 0.238281 0.369141 0.236328 0.361328 0.236328 0.359375 0.238281 0.353516 0.238281 0.351562 0.236328 0.349609 0.236328 0.347656 0.234375 0.341797 0.234375 0.339844 0.236328 0.337891 0.236328 0.335938 0.238281 0.333984 0.238281 0.332031 0.240234 0.330078 0.240234 0.328125 0.242188 0.322266 0.242188 0.318359 0.246094 0.318359 0.253906 0.316406 0.255859 0.316406 0.261719 0.318359 0.263672 0.318359 0.267578 0.324219 0.267578 0.328125 0.271484 0.328125 0.285156 0.324219 0.289062 0.324219 0.292969 0.330078 0.292969 0.332031 0.294922 0.332031 0.306641 0.333984 0.308594 0.333984 0.310547 0.335938 0.312500 0.337891 0.312500 0.337891 0.310547 0.339844 0.308594 0.341797 0.308594 0.341797 0.302734 0.345703 0.298828 0.345703 0.296875 0.347656 0.294922 0.353516 0.294922 0.355469 0.292969 0.357422 0.292969 0.359375 0.294922 0.359375 0.298828 0.361328 0.300781 0.373047 0.300781 0.376953 0.296875 0.376953 0.291016 0.373047 0.291016 0.369141 0.287109 0.369141 0.277344 0.371094 0.275391 0.371094 0.273438 0.373047 0.271484 0.375000 0.273438 0.376953 0.273438 0.378906 0.275391 0.378906 0.287109 0.384766 0.292969 0.384766 0.294922 0.390625 0.294922 0.390625 0.281250 0.388672 0.279297 0.388672 0.277344 0.390625 0.275391 0.390625 0.271484 0.388672 0.271484 0.386719 0.269531 0.386719 0.267578 0.390625 0.263672 0.390625 0.261719 0.392578 0.259766 0.398438 0.259766 0.400391 0.257812 0.400391 0.255859 0.404297 0.251953 0.404297 0.250000 0.412109 0.242188 0.427734 0.242188 0.429688 0.244141 0.429688 0.246094 0.431641 0.246094 0.433594 0.248047 0.433594 0.250000 0.435547 0.250000 0.437500 0.251953 0.443359 0.251953 0.445312 0.253906 0.445312 0.255859 0.443359 0.257812 0.439453 0.257812 0.437500 0.259766 0.437500 0.263672 0.435547 0.265625 0.433594 0.265625 0.433594 0.271484 0.431641 0.273438 0.429688 0.273438 0.427734 0.275391 0.427734 0.277344 0.431641 0.281250 0.431641 0.283203 0.433594 0.283203 0.435547 0.285156 0.435547 0.289062 0.437500 0.291016 0.437500 0.298828 0.441406 0.298828 0.445312 0.294922 0.449219 0.294922 0.451172 0.296875 0.453125 0.296875 0.455078 0.294922 0.457031 0.294922 0.458984 0.292969 0.460938 0.294922 0.460938 0.298828 0.462891 0.300781 0.468750 0.300781 0.470703 0.302734 0.468750 0.304688 0.468750 0.306641 0.462891 0.312500 0.462891 0.328125 0.464844 0.330078 0.464844 0.332031 0.460938 0.335938 0.460938 0.339844 0.462891 0.341797 0.462891 0.343750 0.464844 0.345703 0.464844 0.351562 0.466797 0.353516 0.466797 0.361328 0.472656 0.367188 0.474609 0.367188 0.476562 0.369141 0.476562 0.371094 0.478516 0.373047 0.482422 0.373047 0.484375 0.371094 0.486328 0.371094 0.486328 0.369141 0.488281 0.367188 0.488281 0.365234 0.490234 0.363281 0.492188 0.363281 0.494141 0.365234 0.500000 0.365234 0.500000 0.361328 0.496094 0.357422 0.496094 0.355469 0.494141 0.353516 0.494141 0.343750 0.498047 0.339844 0.498047 0.337891 0.500000 0.335938 0.503906 0.335938 0.507812 0.332031 0.511719 0.332031 0.511719 0.328125 0.509766 0.326172 0.503906 0.326172 0.500000 0.322266 0.501953 0.320312 0.501953 0.318359 0.513672 0.306641 0.515625 0.306641 0.517578 0.304688 0.517578 0.296875 0.515625 0.294922 0.515625 0.285156 0.517578 0.283203 0.517578 0.279297 0.519531 0.277344 0.523438 0.277344 0.525391 0.275391 0.527344 0.275391 0.529297 0.277344 0.535156 0.277344 0.537109 0.275391 0.537109 0.269531 0.539062 0.267578 0.539062 0.257812 0.537109 0.255859 0.537109 0.251953 0.535156 0.250000 0.535156 0.248047 0.537109 0.246094 0.537109 0.236328 0.535156 0.234375 0.535156 0.232422 0.533203 0.230469 0.533203 0.226562 0.535156 0.224609 0.535156 0.222656 0.533203 0.220703 0.531250 0.220703 0.529297 0.218750 0.529297 0.214844 0.525391 0.210938 0.525391 0.208984 0.523438 0.208984 0.521484 0.207031 0.521484 0.205078 0.525391 0.201172 0.525391 0.197266 0.523438 0.197266 0.521484 0.195312 0.521484 0.191406 0.519531 0.189453 0.519531 0.185547 0.517578 0.183594 0.515625 0.183594 0.513672 0.181641 0.515625 0.179688 0.515625 0.177734 0.517578 0.175781 0.517578 0.171875 0.519531 0.169922 0.519531 0.162109 0.521484 0.160156 0.519531 0.158203 0.521484 0.156250 0.523438 0.156250 0.523438 0.154297 0.525391 0.152344 0.531250 0.152344 0.533203 0.154297 0.533203 0.158203 0.535156 0.160156 0.541016 0.160156 0.541016 0.154297 0.542969 0.152344 0.544922 0.152344 0.544922 0.150391 0.546875 0.148438 0.560547 0.148438 0.562500 0.150391 0.562500 0.152344 0.564453 0.152344 0.566406 0.154297 0.566406 0.158203 0.568359 0.158203 0.574219 0.164062 0.574219 0.166016 0.576172 0.167969 0.576172 0.179688 0.578125 0.179688 0.580078 0.181641 0.587891 0.181641 0.589844 0.179688 0.593750 0.179688 0.597656 0.183594 0.597656 0.191406 0.599609 0.191406 0.601562 0.193359 0.601562 0.195312 0.605469 0.195312 0.607422 0.197266 0.607422 0.201172 0.603516 0.205078 0.603516 0.207031 0.601562 0.208984 0.601562 0.210938 0.603516 0.212891 0.607422 0.212891 0.611328 0.216797 0.613281 0.216797 0.615234 0.218750 0.613281 0.220703 0.613281 0.242188 0.615234 0.244141 0.615234 0.248047 0.609375 0.253906 0.607422 0.253906 0.605469 0.255859 0.597656 0.255859 0.595703 0.257812 0.593750 0.257812 0.591797 0.259766 0.580078 0.259766 0.580078 0.261719 0.578125 0.263672 0.578125 0.265625 0.580078 0.265625 0.582031 0.267578 0.582031 0.269531 0.580078 0.271484 0.578125 0.271484 0.578125 0.277344 0.576172 0.279297 0.566406 0.279297 0.566406 0.287109 0.564453 0.289062 0.562500 0.289062 0.562500 0.294922 0.564453 0.296875 0.564453 0.298828 0.562500 0.300781 0.560547 0.300781 0.558594 0.302734 0.556641 0.302734 0.552734 0.306641 0.550781 0.304688 0.546875 0.304688 0.544922 0.302734 0.541016 0.302734 0.539062 0.304688 0.537109 0.304688 0.533203 0.308594 0.531250 0.308594 0.531250 0.318359 0.529297 0.320312 0.529297 0.324219 0.527344 0.326172 0.525391 0.326172 0.523438 0.328125 0.523438 0.330078 0.527344 0.333984 0.527344 0.335938 0.531250 0.339844 0.531250 0.347656 0.529297 0.349609 0.527344 0.349609 0.527344 0.359375 0.531250 0.363281 0.531250 0.378906 0.533203 0.378906 0.535156 0.380859 0.535156 0.382812 0.541016 0.382812 0.542969 0.384766 0.542969 0.392578 0.546875 0.392578 0.550781 0.396484 0.552734 0.396484 0.554688 0.398438 0.554688 0.402344 0.548828 0.408203 0.548828 0.412109 0.554688 0.412109 0.556641 0.410156 0.558594 0.410156 0.562500 0.406250 0.564453 0.406250 0.566406 0.404297 0.576172 0.404297 0.578125 0.406250 0.585938 0.406250 0.589844 0.402344 0.591797 0.402344 0.593750 0.400391 0.593750 0.398438 0.597656 0.394531 0.599609 0.394531 0.599609 0.390625 0.601562 0.388672 0.605469 0.388672 0.607422 0.386719 0.613281 0.386719 0.617188 0.390625 0.625000 0.390625 0.628906 0.386719 0.628906 0.384766 0.636719 0.376953 0.638672 0.376953 0.640625 0.375000 0.642578 0.375000 0.646484 0.371094 0.654297 0.371094 0.658203 0.375000 0.658203 0.378906 0.664062 0.384766 0.675781 0.384766 0.677734 0.382812 0.681641 0.382812 0.681641 0.373047 0.675781 0.367188 0.675781 0.365234 0.671875 0.361328 0.671875 0.353516 0.675781 0.349609 0.679688 0.349609 0.681641 0.351562 0.683594 0.351562 0.685547 0.353516 0.685547 0.355469 0.687500 0.355469 0.689453 0.357422 0.689453 0.359375 0.691406 0.359375 0.693359 0.361328 0.701172 0.361328 0.703125 0.359375 0.707031 0.359375 0.710938 0.355469 0.716797 0.355469 0.718750 0.357422 0.718750 0.371094 0.720703 0.371094 0.722656 0.373047 0.722656 0.375000 0.716797 0.380859 0.714844 0.380859 0.714844 0.382812 0.712891 0.384766 0.710938 0.384766 0.710938 0.386719 0.708984 0.388672 0.708984 0.390625 0.707031 0.392578 0.707031 0.408203 0.705078 0.410156 0.705078 0.412109 0.703125 0.414062 0.703125 0.416016 0.701172 0.417969 0.699219 0.417969 0.697266 0.416016 0.695312 0.416016 0.693359 0.414062 0.693359 0.412109 0.691406 0.414062 0.689453 0.414062 0.687500 0.412109 0.687500 0.410156 0.685547 0.412109 0.677734 0.412109 0.675781 0.414062 0.675781 0.416016 0.671875 0.419922 0.671875 0.423828 0.673828 0.425781 0.677734 0.425781 0.679688 0.427734 0.679688 0.433594 0.675781 0.437500 0.671875 0.437500 0.671875 0.439453 0.669922 0.441406 0.667969 0.439453 0.666016 0.439453 0.664062 0.437500 0.664062 0.433594 0.660156 0.429688 0.656250 0.429688 0.654297 0.427734 0.652344 0.427734 0.646484 0.421875 0.644531 0.421875 0.642578 0.419922 0.636719 0.419922 0.636719 0.421875 0.634766 0.423828 0.625000 0.423828 0.623047 0.421875 0.623047 0.412109 0.613281 0.412109 0.613281 0.417969 0.611328 0.419922 0.609375 0.419922 0.611328 0.421875 0.609375 0.423828 0.601562 0.423828 0.599609 0.421875 0.599609 0.423828 0.597656 0.425781 0.597656 0.427734 0.593750 0.431641 0.591797 0.431641 0.589844 0.433594 0.589844 0.437500 0.591797 0.437500 0.593750 0.439453 0.593750 0.441406 0.591797 0.443359 0.591797 0.447266 0.593750 0.449219 0.593750 0.453125 0.597656 0.453125 0.605469 0.460938 0.605469 0.464844 0.603516 0.466797 0.599609 0.466797 0.595703 0.462891 0.593750 0.462891 0.591797 0.460938 0.589844 0.460938 0.587891 0.458984 0.585938 0.458984 0.583984 0.457031 0.580078 0.457031 0.578125 0.455078 0.574219 0.455078 0.572266 0.453125 0.570312 0.453125 0.568359 0.455078 0.566406 0.455078 0.568359 0.457031 0.566406 0.458984 0.562500 0.458984 0.560547 0.457031 0.558594 0.458984 0.554688 0.455078 0.554688 0.457031 0.552734 0.458984 0.550781 0.457031 0.550781 0.455078 0.544922 0.449219 0.539062 0.449219 0.537109 0.447266 0.537109 0.445312 0.529297 0.445312 0.529297 0.451172 0.525391 0.455078 0.523438 0.455078 0.521484 0.457031 0.519531 0.457031 0.515625 0.460938 0.513672 0.460938 0.511719 0.462891 0.509766 0.462891 0.507812 0.460938 0.505859 0.460938 0.503906 0.458984 0.501953 0.458984 0.500000 0.457031 0.500000 0.455078 0.498047 0.455078 0.496094 0.453125 0.492188 0.453125 0.490234 0.451172 0.488281 0.451172 0.486328 0.449219 0.484375 0.449219 0.482422 0.447266 0.482422 0.435547 0.478516 0.431641 0.478516 0.429688 0.476562 0.429688 0.474609 0.427734 0.472656 0.427734 0.470703 0.425781 0.470703 0.423828 0.466797 0.427734 0.464844 0.425781 0.462891 0.425781 0.460938 0.427734 0.455078 0.427734 0.453125 0.429688 0.451172 0.427734 0.451172 0.419922 0.447266 0.416016 0.443359 0.416016 0.441406 0.414062 0.441406 0.410156 0.439453 0.408203 0.441406 0.406250 0.441406 0.404297 0.447266 0.398438 0.451172 0.398438 0.453125 0.396484 0.457031 0.400391 0.458984 0.400391 0.460938 0.398438 0.462891 0.398438 0.462891 0.394531 0.460938 0.392578 0.460938 0.386719 0.457031 0.382812 0.457031 0.380859 0.455078 0.378906 0.455078 0.373047 0.451172 0.369141 0.451172 0.363281 0.449219 0.363281 0.443359 0.357422 0.443359 0.355469 0.429688 0.355469 0.427734 0.353516 0.427734 0.347656 0.431641 0.343750 0.439453 0.343750 0.441406 0.341797 0.443359 0.341797 0.443359 0.333984 0.437500 0.328125 0.437500 0.324219 0.435547 0.322266 0.429688 0.322266 0.425781 0.318359 0.425781 0.312500 0.427734 0.310547 0.427734 0.308594 0.425781 0.306641 0.423828 0.306641 0.419922 0.302734 0.423828 0.298828 0.423828 0.294922 0.421875 0.292969 0.416016 0.292969 0.414062 0.291016 0.408203 0.291016 0.408203 0.302734 0.406250 0.304688 0.404297 0.304688 0.404297 0.308594 0.408203 0.312500 0.410156 0.312500 0.412109 0.314453 0.412109 0.318359 0.414062 0.320312 0.414062 0.326172 0.410156 0.330078 0.410156 0.333984 0.408203 0.335938 0.408203 0.349609 0.412109 0.353516 0.414062 0.353516 0.416016 0.355469 0.417969 0.355469 0.419922 0.357422 0.423828 0.357422 0.427734 0.361328 0.427734 0.371094 0.431641 0.371094 0.433594 0.373047 0.433594 0.376953 0.435547 0.378906 0.435547 0.382812 0.437500 0.384766 0.437500 0.388672 0.435547 0.390625 0.435547 0.392578 0.431641 0.396484 0.429688 0.396484 0.427734 0.398438 0.425781 0.396484 0.421875 0.400391 0.419922 0.400391 0.417969 0.402344 0.410156 0.394531 0.408203 0.394531 0.402344 0.388672 0.404297 0.386719 0.402344 0.386719 0.398438 0.382812 0.396484 0.382812 0.394531 0.380859 0.394531 0.378906 0.390625 0.375000 0.390625 0.373047 0.388672 0.371094 0.388672 0.369141 0.384766 0.369141 0.375000 0.359375 0.365234 0.359375 0.361328 0.363281 0.357422 0.363281 0.355469 0.361328 0.355469 0.359375 0.353516 0.359375 0.351562 0.357422 0.345703 0.357422 0.341797 0.353516 0.337891 0.353516 0.337891 0.355469 0.335938 0.357422 0.333984 0.357422 0.332031 0.355469 0.332031 0.353516 0.328125 0.349609 0.326172 0.349609 0.324219 0.347656 0.320312 0.347656 0.316406 0.343750 0.308594 0.343750 0.306641 0.341797 0.300781 0.341797 0.298828 0.339844 0.298828 0.337891 0.292969 0.332031 0.289062 0.332031 0.287109 0.330078 0.283203 0.330078 0.279297 0.326172 0.279297 0.328125 0.275391 0.332031 0.273438 0.332031 0.271484 0.330078 0.273438 0.328125 0.273438 0.326172 0.269531 0.330078 0.265625 0.330078 0.263672 0.328125 0.259766 0.328125 0.257812 0.326172 0.253906 0.326172 0.251953 0.324219 0.251953 0.322266 0.251953 0.324219 0.250000 0.326172 0.246094 0.322266 0.240234 0.322266 0.236328 0.318359 0.234375 0.318359 0.230469 0.314453 0.214844 0.314453 0.212891 0.312500 0.210938 0.312500 0.208984 0.314453 0.205078 0.314453 0.205078 0.316406 0.203125 0.318359 0.203125 0.343750 0.201172 0.345703 0.199219 0.345703 0.199219 0.363281 0.203125 0.367188 0.203125 0.371094 0.212891 0.371094 0.214844 0.373047 0.214844 0.386719 0.220703 0.386719 0.226562 0.380859 0.228516 0.380859 0.230469 0.382812 0.230469 0.384766 0.232422 0.386719 0.230469 0.388672 0.230469 0.390625 0.228516 0.392578 0.228516 0.394531 0.226562 0.396484 0.226562 0.402344 0.224609 0.404297 0.224609 0.406250 0.222656 0.408203 0.216797 0.408203 0.214844 0.410156 0.214844 0.421875 0.220703 0.427734 0.220703 0.433594 0.218750 0.435547 0.218750 0.441406 0.216797 0.443359 0.214844 0.443359 0.212891 0.445312 0.210938 0.445312 0.208984 0.447266 0.207031 0.445312 0.203125 0.445312 0.203125 0.460938 0.205078 0.462891 0.205078 0.464844 0.203125 0.466797 0.205078 0.464844 0.207031 0.464844 0.216797 0.474609 0.218750 0.474609 0.220703 0.476562 0.222656 0.476562 0.226562 0.480469 0.226562 0.484375 0.228516 0.484375 0.228516 0.482422 0.230469 0.480469 0.234375 0.480469 0.242188 0.488281 0.244141 0.486328 0.246094 0.486328 0.251953 0.492188 0.269531 0.492188 0.269531 0.486328 0.271484 0.484375 0.271484 0.482422 0.273438 0.480469 0.273438 0.478516 0.275391 0.476562 0.283203 0.476562 0.283203 0.474609 0.285156 0.472656 0.287109 0.472656 0.287109 0.470703 0.289062 0.468750 0.291016 0.468750 0.294922 0.472656 0.294922 0.470703 0.296875 0.468750 0.308594 0.468750 0.310547 0.466797 0.312500 0.466797 0.314453 0.464844 0.318359 0.464844 0.320312 0.466797 0.320312 0.476562 0.318359 0.478516 0.312500 0.478516 0.306641 0.484375 0.300781 0.484375 0.298828 0.486328 0.296875 0.486328 0.294922 0.488281 0.294922 0.496094 0.296875 0.496094 0.298828 0.498047 0.298828 0.500000 0.300781 0.500000 0.302734 0.501953 0.302734 0.503906 0.304688 0.505859 0.304688 0.507812 0.302734 0.509766 0.300781 0.509766 0.296875 0.505859 0.287109 0.505859 0.285156 0.507812 0.283203 0.507812 0.281250 0.509766 0.279297 0.509766 0.279297 0.521484 0.283203 0.525391 0.283203 0.533203 0.285156 0.535156 0.283203 0.537109 0.281250 0.537109 0.281250 0.539062 0.275391 0.544922 0.273438 0.544922 0.271484 0.542969 0.261719 0.542969 0.261719 0.546875 0.265625 0.550781 0.267578 0.550781 0.269531 0.552734 0.269531 0.554688 0.273438 0.558594 0.271484 0.560547 0.271484 0.570312 0.269531 0.572266 0.269531 0.578125 0.277344 0.578125 0.281250 0.582031 0.285156 0.582031 0.287109 0.583984 0.287109 0.595703 0.294922 0.595703 0.296875 0.593750 0.310547 0.593750 0.312500 0.591797 0.328125 0.591797 0.332031 0.595703 0.332031 0.601562 0.328125 0.605469 0.324219 0.605469 0.320312 0.609375 0.320312 0.617188 0.322266 0.617188 0.324219 0.619141 0.330078 0.619141 0.332031 0.621094 0.335938 0.621094 0.337891 0.623047 0.339844 0.623047 0.341797 0.625000 0.351562 0.625000 0.353516 0.626953 0.355469 0.626953 0.359375 0.630859 0.359375 0.632812 0.361328 0.632812 0.363281 0.634766 0.363281 0.644531 0.365234 0.646484 0.365234 0.650391 0.369141 0.650391 0.371094 0.652344 0.371094 0.656250 0.375000 0.656250 0.378906 0.660156 0.378906 0.662109 0.380859 0.664062 0.380859 0.666016 0.384766 0.669922 0.384766 0.671875 0.396484 0.671875 0.400391 0.675781 0.402344 0.675781 0.404297 0.677734 0.404297 0.683594 0.406250 0.685547 0.406250 0.687500 0.408203 0.687500 0.410156 0.689453 0.417969 0.689453 0.419922 0.687500 0.421875 0.687500 0.423828 0.689453 0.425781 0.689453 0.427734 0.691406 0.429688 0.691406 0.431641 0.693359 0.433594 0.693359 0.435547 0.695312 0.435547 0.697266 0.441406 0.703125 0.441406 0.705078 0.443359 0.705078 0.445312 0.707031 0.447266 0.707031 0.449219 0.708984 0.449219 0.710938 0.451172 0.710938 0.453125 0.712891 0.455078 0.712891 0.457031 0.714844 0.457031 0.716797 0.451172 0.722656 0.451172 0.728516 0.453125 0.728516 0.457031 0.732422 0.458984 0.732422 0.460938 0.734375 0.460938 0.740234 0.462891 0.742188 0.462891 0.748047 0.464844 0.750000 0.464844 0.751953 0.462891 0.753906 0.460938 0.753906 0.458984 0.755859 0.457031 0.755859 0.457031 0.759766 0.453125 0.763672 0.451172 0.763672 0.451172 0.771484 0.455078 0.775391 0.455078 0.779297 0.457031 0.781250 0.457031 0.787109 0.466797 0.787109 0.486328 0.806641 0.488281 0.806641 0.490234 0.808594 0.488281 0.810547 0.480469 0.810547 0.478516 0.812500 0.476562 0.810547 0.476562 0.806641 0.472656 0.806641 0.470703 0.804688 0.466797 0.804688 0.464844 0.802734 0.457031 0.802734 0.455078 0.800781 0.457031 0.798828 0.455078 0.798828 0.445312 0.789062 0.443359 0.789062 0.441406 0.787109 0.427734 0.787109 0.425781 0.789062 0.414062 0.789062 0.412109 0.791016 0.402344 0.791016 0.392578 0.800781 0.390625 0.800781 0.388672 0.798828 0.386719 0.798828 0.384766 0.796875 0.382812 0.796875 0.380859 0.794922 0.376953 0.794922 0.376953 0.798828 0.373047 0.802734 0.371094 0.802734 0.369141 0.800781 0.369141 0.798828 0.363281 0.798828 0.361328 0.796875 0.361328 0.794922 0.359375 0.794922 0.357422 0.792969 0.357422 0.791016 0.355469 0.789062 0.359375 0.785156 0.361328 0.785156 0.367188 0.779297 0.369141 0.781250 0.371094 0.781250 0.375000 0.785156 0.380859 0.785156 0.384766 0.781250 0.384766 0.779297 0.388672 0.775391 0.388672 0.773438 0.392578 0.769531 0.400391 0.769531 0.408203 0.761719 0.410156 0.761719 0.410156 0.759766 0.412109 0.757812 0.412109 0.755859 0.416016 0.751953 0.417969 0.751953 0.419922 0.750000 0.421875 0.750000 0.421875 0.748047 0.425781 0.744141 0.425781 0.742188 0.427734 0.740234 0.427734 0.738281 0.429688 0.736328 0.429688 0.734375 0.431641 0.732422 0.431641 0.726562 0.429688 0.726562 0.423828 0.720703 0.423828 0.714844 0.425781 0.712891 0.425781 0.703125 0.421875 0.703125 0.417969 0.707031 0.414062 0.707031 0.412109 0.705078 0.412109 0.703125 0.406250 0.697266 0.404297 0.697266 0.398438 0.691406 0.398438 0.689453 0.396484 0.687500 0.394531 0.687500 0.390625 0.683594 0.386719 0.683594 0.382812 0.679688 0.382812 0.677734 0.380859 0.677734 0.376953 0.673828 0.376953 0.671875 0.371094 0.666016 0.365234 0.666016 0.365234 0.667969 0.363281 0.669922 0.361328 0.667969 0.359375 0.667969 0.357422 0.666016 0.357422 0.656250 0.353516 0.652344 0.353516 0.650391 0.347656 0.650391 0.341797 0.644531 0.339844 0.644531 0.337891 0.646484 0.335938 0.644531 0.333984 0.646484 0.332031 0.644531 0.330078 0.644531 0.326172 0.640625 0.324219 0.640625 0.310547 0.626953 0.300781 0.626953 0.296875 0.630859 0.296875 0.632812 0.294922 0.634766 0.294922 0.636719 0.292969 0.638672 0.291016 0.638672 0.287109 0.642578 0.287109 0.648438 0.285156 0.650391 0.283203 0.650391 0.281250 0.652344 0.279297 0.652344 0.279297 0.658203 0.285156 0.664062 0.292969 0.664062 0.304688 0.675781 0.306641 0.675781 0.308594 0.677734 0.308594 0.685547 0.312500 0.689453 0.312500 0.693359 0.316406 0.697266 0.316406 0.699219 0.314453 0.701172 0.312500 0.701172 0.310547 0.703125 0.310547 0.714844 0.308594 0.716797 0.308594 0.718750 0.310547 0.720703 0.310547 0.722656 0.308594 0.724609 0.302734 0.724609 0.302734 0.728516 0.304688 0.730469 0.314453 0.730469 0.316406 0.732422 0.316406 0.734375 0.318359 0.734375 0.320312 0.736328 0.320312 0.740234 0.324219 0.744141 0.324219 0.746094 0.328125 0.750000 0.330078 0.750000 0.332031 0.751953 0.328125 0.755859 0.328125 0.757812 0.330078 0.759766 0.335938 0.759766 0.337891 0.757812 0.339844 0.759766 0.341797 0.759766 0.343750 0.761719 0.343750 0.763672 0.345703 0.763672 0.347656 0.765625 0.347656 0.767578 0.351562 0.771484 0.351562 0.773438 0.345703 0.779297 0.343750 0.779297 0.341797 0.777344 0.328125 0.777344 0.326172 0.779297 0.324219 0.777344 0.320312 0.777344 0.318359 0.775391 0.318359 0.773438 0.316406 0.775391 0.314453 0.773438 0.310547 0.777344 0.306641 0.773438 0.302734 0.773438 0.300781 0.775391 0.298828 0.773438 0.298828 0.771484 0.296875 0.771484 0.296875 0.777344 0.294922 0.779297 0.294922 0.781250 0.292969 0.783203 0.291016 0.783203 0.291016 0.791016 0.287109 0.794922 0.287109 0.798828 0.283203 0.802734 0.281250 0.802734 0.275391 0.808594 0.261719 0.808594 0.259766 0.810547 0.257812 0.810547 0.255859 0.812500 0.253906 0.812500 0.242188 0.800781 0.240234 0.800781 0.230469 0.791016 0.228516 0.791016 0.226562 0.789062 0.224609 0.789062 0.218750 0.783203 0.207031 0.783203 0.203125 0.779297 0.203125 0.773438 0.205078 0.771484 0.205078 0.759766 0.195312 0.750000 0.193359 0.750000 0.191406 0.751953 0.187500 0.751953 0.185547 0.753906 0.181641 0.753906 0.177734 0.757812 0.173828 0.757812 0.169922 0.753906 0.169922 0.748047 0.173828 0.744141 0.173828 0.736328 0.175781 0.734375 0.175781 0.728516 0.173828 0.726562 0.173828 0.724609 0.171875 0.722656 0.171875 0.720703 0.169922 0.718750 0.169922 0.712891 0.166016 0.712891 0.164062 0.710938 0.164062 0.708984 0.162109 0.708984 0.160156 0.707031 0.160156 0.705078 0.162109 0.703125 0.160156 0.701172 0.160156 0.695312 0.158203 0.693359 0.158203 0.687500 0.156250 0.685547 0.156250 0.681641 0.154297 0.679688 0.152344 0.679688 0.150391 0.677734 0.150391 0.675781 0.142578 0.675781 0.140625 0.677734 0.138672 0.677734 0.134766 0.673828 0.134766 0.664062 0.132812 0.662109 0.132812 0.660156 0.130859 0.658203 0.130859 0.656250 0.128906 0.656250 0.125000 0.652344 0.123047 0.652344 0.119141 0.648438 0.117188 0.648438 0.115234 0.646484 0.115234 0.642578 0.113281 0.642578 0.109375 0.638672 0.107422 0.638672 0.105469 0.636719 0.101562 0.636719 0.099609 0.634766 0.099609 0.632812 0.097656 0.630859 0.095703 0.632812 0.093750 0.630859 0.087891 0.630859 0.085938 0.632812 0.083984 0.632812 0.082031 0.630859 0.080078 0.632812 0.072266 0.632812 0.070312 0.630859 0.054688 0.630859 0.052734 0.628906 0.050781 0.628906 0.048828 0.626953 0.048828 0.625000 0.046875 0.625000 0.042969 0.621094 0.042969 0.619141 0.039062 0.619141 0.037109 0.617188 0.037109 0.611328 0.035156 0.609375 0.035156 0.607422 0.033203 0.609375 0.031250 0.607422 0.023438 0.607422 0.023438 0.609375 0.021484 0.611328 0.019531 0.609375 0.019531 0.607422 0.019531 0.609375 0.017578 0.611328 0.019531 0.613281 0.019531 0.615234 0.017578 0.617188 0.019531 0.619141 0.019531 0.621094 0.017578 0.623047 0.017578 0.626953 0.015625 0.628906 0.015625 0.634766 0.011719 0.638672 0.009766 0.638672 0.007812 0.640625 0.005859 0.638672 0.001953 0.638672 0.000000 0.636719 0.000000 0.767578 0.001953 0.765625 0.001953 0.763672 0.003906 0.761719 0.013672 0.761719 0.015625 0.763672 0.015625 0.767578 0.017578 0.769531 0.025391 0.769531 0.027344 0.771484 0.027344 0.773438 0.035156 0.773438 0.037109 0.775391 0.037109 0.777344 0.039062 0.779297 0.039062 0.781250 0.041016 0.783203 0.041016 0.785156 0.044922 0.785156 0.044922 0.783203 0.046875 0.781250 0.048828 0.781250 0.050781 0.783203 0.050781 0.785156 0.058594 0.792969 0.060547 0.792969 0.062500 0.794922 0.062500 0.798828 0.058594 0.802734 0.058594 0.822266 0.060547 0.824219 0.060547 0.830078 0.064453 0.830078 0.076172 0.818359 0.078125 0.818359 0.080078 0.820312 0.083984 0.820312 0.085938 0.822266 0.085938 0.828125 0.089844 0.828125 0.091797 0.830078 0.091797 0.833984 0.093750 0.833984 0.095703 0.835938 0.097656 0.833984 0.105469 0.833984 0.107422 0.835938 0.107422 0.837891 0.111328 0.833984 0.115234 0.833984 0.117188 0.832031 0.119141 0.832031 0.121094 0.830078 0.125000 0.830078 0.126953 0.828125 0.136719 0.828125 0.138672 0.830078 0.138672 0.835938 0.148438 0.835938 0.150391 0.833984 0.150391 0.830078 0.152344 0.828125 0.152344 0.826172 0.154297 0.824219 0.154297 0.818359 0.156250 0.816406 0.160156 0.816406 0.162109 0.814453 0.164062 0.814453 0.164062 0.812500 0.166016 0.810547 0.166016 0.806641 0.167969 0.804688 0.171875 0.804688 0.171875 0.802734 0.169922 0.800781 0.169922 0.792969 0.173828 0.789062 0.175781 0.791016 0.175781 0.796875 0.179688 0.796875 0.181641 0.798828 0.181641 0.800781 0.185547 0.800781 0.187500 0.798828 0.189453 0.798828 0.191406 0.800781 0.193359 0.800781 0.195312 0.802734 0.197266 0.802734 0.203125 0.808594 0.203125 0.812500 0.201172 0.814453 0.199219 0.814453 0.199219 0.816406 0.197266 0.818359 0.195312 0.818359 0.195312 0.828125 0.197266 0.830078 0.197266 0.832031 0.199219 0.833984 0.197266 0.835938 0.197266 0.837891 0.193359 0.841797 0.191406 0.841797 0.191406 0.851562 0.187500 0.855469 0.179688 0.855469 0.179688 0.857422 0.177734 0.859375 0.167969 0.859375 0.167969 0.863281 0.166016 0.865234 0.164062 0.865234 0.164062 0.867188 0.162109 0.869141 0.160156 0.869141 0.158203 0.871094 0.156250 0.871094 0.156250 0.886719 0.158203 0.888672 0.152344 0.894531 0.150391 0.894531 0.146484 0.898438 0.144531 0.898438 0.138672 0.892578 0.140625 0.890625 0.140625 0.882812 0.134766 0.876953 0.132812 0.876953 0.130859 0.875000 0.126953 0.875000 0.121094 0.869141 0.113281 0.869141 0.111328 0.871094 0.111328 0.875000 0.107422 0.878906 0.107422 0.880859 0.105469 0.882812 0.105469 0.884766 0.103516 0.886719 0.103516 0.888672 0.101562 0.890625 0.099609 0.890625 0.097656 0.892578 0.097656 0.894531 0.095703 0.896484 0.095703 0.898438 0.093750 0.900391 0.093750 0.904297 0.085938 0.912109 0.085938 0.914062 0.080078 0.919922 0.080078 0.925781 0.083984 0.925781 0.085938 0.927734 0.085938 0.933594 0.083984 0.935547 0.083984 0.962891 0.085938 0.964844 0.085938 0.968750 0.080078 0.974609 0.080078 0.980469 0.085938 0.986328 0.085938 0.992188 0.482422 0.992188 0.484375 0.990234 0.486328 0.992188 0.496094 0.982422 0.496094 0.974609 0.494141 0.972656 0.494141 0.970703 0.490234 0.966797 0.488281 0.966797 0.486328 0.964844 0.484375 0.964844 0.482422 0.962891 0.480469 0.962891 0.470703 0.953125 0.470703 0.945312 0.468750 0.943359 0.470703 0.941406 0.470703 0.939453 0.472656 0.937500 0.472656 0.933594 0.470703 0.931641 0.470703 0.927734 0.468750 0.925781 0.468750 0.923828 0.464844 0.919922 0.457031 0.919922 0.451172 0.914062 0.451172 0.912109 0.449219 0.910156 0.453125 0.906250 0.453125 0.904297 0.455078 0.902344 0.457031 0.902344 0.462891 0.896484 0.462891 0.894531 0.466797 0.890625 0.466797 0.888672 0.470703 0.884766 0.470703 0.882812 0.472656 0.880859 0.474609 0.880859 0.476562 0.878906 0.478516 0.878906 0.484375 0.873047 0.486328 0.873047 0.486328 0.871094 0.488281 0.869141 0.488281 0.867188 0.490234 0.865234 0.490234 0.863281 0.496094 0.857422 0.496094 0.855469 0.494141 0.855469 0.492188 0.853516 0.492188 0.849609 0.494141 0.847656 0.494141 0.839844 0.490234 0.839844 0.486328 0.835938 0.486328 0.833984 0.492188 0.828125 0.492188 0.826172 0.494141 0.824219 0.494141 0.816406 0.492188 0.814453 0.492188 0.812500 0.490234 0.812500 0.488281 0.810547 0.490234 0.808594 0.492188 0.808594 0.494141 0.806641 0.496094 0.808594 0.498047 0.806641 0.503906 0.812500 0.505859 0.812500 0.509766 0.816406 0.513672 0.816406 0.513672 0.814453 0.515625 0.812500 0.515625 0.810547 0.519531 0.806641 0.519531 0.804688 0.517578 0.802734 0.517578 0.800781 0.525391 0.792969 0.527344 0.792969 0.535156 0.785156 0.537109 0.785156 0.539062 0.783203 0.539062 0.781250 0.541016 0.779297 0.541016 0.777344 0.542969 0.775391 0.542969 0.769531 0.544922 0.767578 0.544922 0.759766 0.542969 0.757812 0.542969 0.748047 0.544922 0.746094 0.544922 0.744141 0.546875 0.742188 0.554688 0.742188 0.556641 0.744141 0.556641 0.746094 0.558594 0.746094 0.560547 0.748047 0.564453 0.748047 0.564453 0.746094 0.566406 0.744141 0.566406 0.742188 0.568359 0.740234 0.568359 0.734375 0.570312 0.732422 0.572266 0.734375 0.572266 0.736328 0.574219 0.738281 0.583984 0.738281 0.583984 0.736328 0.585938 0.734375 0.585938 0.732422 0.583984 0.732422 0.582031 0.730469 0.580078 0.730469 0.576172 0.726562 0.574219 0.726562 0.572266 0.724609 0.568359 0.724609 0.566406 0.722656 0.564453 0.722656 0.558594 0.716797 0.558594 0.712891 0.560547 0.710938 0.564453 0.710938 0.564453 0.707031 0.566406 0.705078 0.572266 0.705078 0.574219 0.703125 0.576172 0.703125 0.576172 0.701172 0.578125 0.699219 0.587891 0.699219 0.587891 0.697266 0.589844 0.695312 0.591797 0.695312 0.597656 0.701172 0.597656 0.714844 0.599609 0.716797 0.603516 0.716797 0.607422 0.712891 0.615234 0.712891 0.617188 0.714844 0.617188 0.718750 0.619141 0.718750 0.621094 0.720703 0.621094 0.722656 0.619141 0.724609 0.621094 0.726562 0.621094 0.728516 0.617188 0.732422 0.617188 0.751953 0.615234 0.753906 0.615234 0.755859 0.617188 0.757812 0.615234 0.759766 0.615234 0.767578 0.617188 0.769531 0.625000 0.769531 0.628906 0.773438 0.636719 0.773438 0.636719 0.771484 0.638672 0.769531 0.642578 0.769531 0.644531 0.771484 0.646484 0.771484 0.648438 0.769531 0.654297 0.769531 0.656250 0.767578 0.664062 0.767578 0.666016 0.769531 0.669922 0.769531 0.671875 0.771484 0.671875 0.777344 0.673828 0.779297 0.673828 0.781250 0.687500 0.781250 0.689453 0.783203 0.689453 0.785156 0.697266 0.792969 0.699219 0.792969 0.703125 0.796875 0.703125 0.802734 0.701172 0.804688 0.699219 0.804688 0.697266 0.806641 0.687500 0.806641 0.687500 0.808594 0.683594 0.812500 0.683594 0.814453 0.685547 0.816406 0.683594 0.818359 0.675781 0.818359 0.675781 0.820312 0.673828 0.822266 0.671875 0.822266 0.671875 0.824219 0.669922 0.826172 0.669922 0.837891 0.673828 0.837891 0.675781 0.839844 0.677734 0.839844 0.679688 0.841797 0.681641 0.841797 0.685547 0.845703 0.687500 0.845703 0.693359 0.851562 0.707031 0.851562 0.708984 0.849609 0.710938 0.851562 0.712891 0.851562 0.714844 0.849609 0.720703 0.849609 0.724609 0.845703 0.726562 0.845703 0.732422 0.839844 0.736328 0.843750 0.740234 0.843750 0.740234 0.841797 0.742188 0.839844 0.757812 0.839844 0.759766 0.841797 0.759766 0.845703 0.761719 0.845703 0.765625 0.841797 0.767578 0.841797 0.765625 0.839844 0.765625 0.835938 0.767578 0.833984 0.769531 0.833984 0.775391 0.839844 0.775391 0.841797 0.777344 0.841797 0.779297 0.843750 0.787109 0.843750 0.789062 0.845703 0.791016 0.845703 0.792969 0.847656 0.792969 0.853516 0.791016 0.855469 0.791016 0.857422 0.787109 0.861328 0.779297 0.861328 0.777344 0.863281 0.777344 0.869141 0.779297 0.871094 0.779297 0.878906 0.781250 0.880859 0.781250 0.882812 0.789062 0.890625 0.789062 0.892578 0.791016 0.892578 0.792969 0.894531 0.792969 0.896484 0.794922 0.898438 0.794922 0.900391 0.798828 0.900391 0.802734 0.896484 0.806641 0.896484 0.808594 0.898438 0.808594 0.904297 0.806641 0.906250 0.806641 0.908203 0.808594 0.910156 0.812500 0.910156 0.816406 0.914062 0.816406 0.916016 0.818359 0.917969 0.818359 0.921875 0.816406 0.923828 0.814453 0.923828 0.812500 0.921875 0.810547 0.921875 0.808594 0.919922 0.804688 0.919922 0.804688 0.921875 0.796875 0.929688 0.796875 0.931641 0.794922 0.933594 0.792969 0.933594 0.792969 0.937500 0.791016 0.939453 0.791016 0.943359 0.789062 0.945312 0.789062 0.953125 0.787109 0.955078 0.785156 0.955078 0.783203 0.957031 0.783203 0.958984 0.771484 0.970703 0.771484 0.972656 0.769531 0.974609 0.769531 0.978516 0.767578 0.980469 0.767578 0.984375 0.769531 0.986328 0.769531 0.992188 0.992188 0.992188 0.992188 0.000000 0.753906 0.000000 0.753906 0.001953 0.755859 0.003906 0.755859 0.007812 0.757812 0.009766 0.757812 0.031250 0.759766 0.031250 0.761719 0.033203 0.761719 0.041016 0.759766 0.042969 0.759766 0.044922 0.757812 0.046875 0.757812 0.048828 0.755859 0.050781 0.751953 0.050781 0.748047 0.046875 0.748047 0.041016 0.746094 0.039062 0.746094 0.025391 0.744141 0.023438 0.744141 0.021484 0.736328 0.013672 0.736328 0.011719 0.734375 0.009766 0.734375 0.003906 0.732422 0.001953 0.732422 0.000000
0 0.000000 0.000000 0.000000 0.121094 0.000000 0.119141 0.001953 0.117188 0.007812 0.117188 0.009766 0.119141 0.009766 0.123047 0.007812 0.125000 0.009766 0.125000 0.011719 0.126953 0.011719 0.128906 0.013672 0.128906 0.015625 0.130859 0.017578 0.130859 0.019531 0.132812 0.019531 0.138672 0.017578 0.140625 0.015625 0.140625 0.015625 0.156250 0.011719 0.160156 0.015625 0.160156 0.021484 0.166016 0.025391 0.166016 0.031250 0.171875 0.031250 0.177734 0.029297 0.179688 0.029297 0.195312 0.033203 0.195312 0.033203 0.193359 0.035156 0.191406 0.041016 0.191406 0.042969 0.189453 0.044922 0.189453 0.046875 0.187500 0.050781 0.187500 0.052734 0.185547 0.054688 0.185547 0.056641 0.187500 0.060547 0.187500 0.062500 0.189453 0.062500 0.195312 0.066406 0.191406 0.070312 0.195312 0.074219 0.195312 0.074219 0.193359 0.076172 0.191406 0.082031 0.191406 0.083984 0.189453 0.085938 0.191406 0.085938 0.195312 0.097656 0.195312 0.103516 0.201172 0.117188 0.201172 0.119141 0.199219 0.125000 0.199219 0.126953 0.201172 0.128906 0.201172 0.132812 0.205078 0.132812 0.207031 0.134766 0.207031 0.140625 0.212891 0.142578 0.212891 0.144531 0.214844 0.146484 0.212891 0.148438 0.214844 0.148438 0.218750 0.154297 0.218750 0.156250 0.220703 0.156250 0.228516 0.158203 0.230469 0.162109 0.230469 0.162109 0.228516 0.160156 0.228516 0.158203 0.226562 0.158203 0.220703 0.160156 0.218750 0.164062 0.218750 0.166016 0.216797 0.167969 0.218750 0.167969 0.228516 0.169922 0.230469 0.169922 0.232422 0.171875 0.234375 0.171875 0.240234 0.169922 0.242188 0.181641 0.242188 0.183594 0.244141 0.183594 0.246094 0.191406 0.246094 0.191406 0.244141 0.193359 0.242188 0.197266 0.246094 0.197266 0.250000 0.199219 0.251953 0.199219 0.255859 0.197266 0.257812 0.197266 0.259766 0.195312 0.261719 0.195312 0.263672 0.193359 0.265625 0.191406 0.265625 0.189453 0.267578 0.189453 0.273438 0.185547 0.277344 0.181641 0.277344 0.175781 0.283203 0.175781 0.289062 0.187500 0.300781 0.205078 0.300781 0.210938 0.294922 0.212891 0.294922 0.214844 0.292969 0.216797 0.292969 0.218750 0.291016 0.220703 0.291016 0.222656 0.292969 0.232422 0.292969 0.234375 0.291016 0.242188 0.291016 0.244141 0.289062 0.246094 0.291016 0.248047 0.291016 0.253906 0.285156 0.255859 0.285156 0.257812 0.283203 0.261719 0.283203 0.263672 0.281250 0.263672 0.277344 0.265625 0.275391 0.267578 0.277344 0.267578 0.275391 0.269531 0.273438 0.269531 0.269531 0.277344 0.261719 0.277344 0.259766 0.279297 0.257812 0.279297 0.242188 0.277344 0.240234 0.277344 0.238281 0.273438 0.234375 0.273438 0.232422 0.271484 0.230469 0.265625 0.230469 0.263672 0.228516 0.267578 0.224609 0.273438 0.224609 0.273438 0.220703 0.275391 0.218750 0.275391 0.205078 0.273438 0.203125 0.273438 0.201172 0.271484 0.201172 0.267578 0.197266 0.267578 0.189453 0.271484 0.185547 0.273438 0.185547 0.275391 0.183594 0.277344 0.185547 0.277344 0.187500 0.283203 0.193359 0.283203 0.197266 0.287109 0.197266 0.287109 0.195312 0.289062 0.193359 0.289062 0.181641 0.273438 0.166016 0.273438 0.164062 0.269531 0.160156 0.267578 0.160156 0.263672 0.156250 0.263672 0.152344 0.261719 0.150391 0.261719 0.148438 0.263672 0.146484 0.263672 0.144531 0.265625 0.142578 0.267578 0.142578 0.271484 0.146484 0.273438 0.146484 0.275391 0.148438 0.281250 0.148438 0.283203 0.146484 0.285156 0.146484 0.285156 0.142578 0.283203 0.140625 0.283203 0.138672 0.275391 0.130859 0.273438 0.130859 0.269531 0.126953 0.267578 0.126953 0.265625 0.125000 0.265625 0.121094 0.267578 0.119141 0.269531 0.119141 0.269531 0.117188 0.271484 0.115234 0.271484 0.113281 0.273438 0.111328 0.273438 0.107422 0.265625 0.107422 0.265625 0.109375 0.263672 0.111328 0.257812 0.111328 0.255859 0.113281 0.251953 0.109375 0.250000 0.109375 0.248047 0.107422 0.244141 0.107422 0.238281 0.101562 0.238281 0.091797 0.236328 0.089844 0.236328 0.080078 0.232422 0.080078 0.230469 0.078125 0.228516 0.078125 0.226562 0.076172 0.218750 0.076172 0.216797 0.078125 0.214844 0.078125 0.212891 0.080078 0.203125 0.080078 0.203125 0.082031 0.201172 0.083984 0.199219 0.083984 0.195312 0.087891 0.193359 0.085938 0.191406 0.087891 0.183594 0.087891 0.181641 0.085938 0.179688 0.085938 0.177734 0.083984 0.177734 0.082031 0.175781 0.080078 0.171875 0.080078 0.171875 0.082031 0.169922 0.083984 0.162109 0.083984 0.160156 0.082031 0.148438 0.082031 0.146484 0.080078 0.140625 0.080078 0.138672 0.078125 0.138672 0.076172 0.136719 0.078125 0.134766 0.078125 0.132812 0.080078 0.128906 0.080078 0.128906 0.085938 0.132812 0.089844 0.130859 0.091797 0.130859 0.093750 0.126953 0.097656 0.125000 0.097656 0.123047 0.095703 0.121094 0.095703 0.119141 0.097656 0.117188 0.097656 0.115234 0.099609 0.113281 0.097656 0.111328 0.097656 0.109375 0.095703 0.107422 0.095703 0.105469 0.097656 0.103516 0.097656 0.101562 0.099609 0.095703 0.099609 0.085938 0.089844 0.085938 0.087891 0.089844 0.083984 0.089844 0.082031 0.093750 0.078125 0.095703 0.078125 0.097656 0.076172 0.099609 0.076172 0.101562 0.078125 0.103516 0.078125 0.105469 0.076172 0.105469 0.072266 0.103516 0.070312 0.103516 0.068359 0.105469 0.066406 0.107422 0.066406 0.107422 0.064453 0.109375 0.062500 0.109375 0.058594 0.107422 0.056641 0.107422 0.048828 0.109375 0.046875 0.109375 0.042969 0.107422 0.041016 0.109375 0.039062 0.109375 0.035156 0.115234 0.029297 0.117188 0.029297 0.117188 0.027344 0.121094 0.023438 0.123047 0.025391 0.125000 0.025391 0.126953 0.027344 0.126953 0.029297 0.125000 0.031250 0.123047 0.031250 0.121094 0.033203 0.121094 0.041016 0.126953 0.041016 0.132812 0.035156 0.138672 0.041016 0.138672 0.046875 0.140625 0.048828 0.140625 0.050781 0.144531 0.054688 0.154297 0.054688 0.156250 0.052734 0.162109 0.052734 0.164062 0.054688 0.167969 0.054688 0.169922 0.052734 0.171875 0.052734 0.173828 0.050781 0.177734 0.050781 0.179688 0.048828 0.181641 0.048828 0.183594 0.046875 0.187500 0.046875 0.193359 0.041016 0.195312 0.041016 0.195312 0.039062 0.197266 0.037109 0.197266 0.029297 0.201172 0.025391 0.201172 0.023438 0.203125 0.021484 0.203125 0.019531 0.205078 0.017578 0.205078 0.015625 0.207031 0.013672 0.216797 0.013672 0.220703 0.017578 0.222656 0.017578 0.224609 0.019531 0.230469 0.019531 0.236328 0.025391 0.236328 0.035156 0.240234 0.035156 0.242188 0.037109 0.250000 0.037109 0.251953 0.035156 0.251953 0.033203 0.253906 0.031250 0.263672 0.031250 0.265625 0.029297 0.271484 0.029297 0.275391 0.025391 0.275391 0.017578 0.277344 0.015625 0.277344 0.013672 0.279297 0.011719 0.279297 0.005859 0.281250 0.003906 0.281250 0.000000