0 0.214844 0.550781 0.214844 0.556641 0.228516 0.556641 0.230469 0.558594 0.232422 0.558594 0.234375 0.560547 0.234375 0.562500 0.242188 0.570312 0.248047 0.570312 0.250000 0.572266 0.251953 0.572266 0.253906 0.574219 0.257812 0.574219 0.257812 0.568359 0.253906 0.568359 0.251953 0.566406 0.248047 0.566406 0.242188 0.560547 0.240234 0.560547 0.238281 0.558594 0.238281 0.556641 0.234375 0.552734 0.220703 0.552734 0.218750 0.550781
0 0.277344 0.490234 0.275391 0.492188 0.269531 0.492188 0.267578 0.494141 0.255859 0.494141 0.255859 0.498047 0.253906 0.500000 0.251953 0.500000 0.253906 0.501953 0.253906 0.505859 0.257812 0.509766 0.257812 0.511719 0.259766 0.513672 0.259766 0.517578 0.261719 0.519531 0.261719 0.539062 0.267578 0.544922 0.267578 0.546875 0.289062 0.546875 0.289062 0.521484 0.287109 0.519531 0.285156 0.519531 0.283203 0.517578 0.283203 0.503906 0.281250 0.501953 0.281250 0.496094 0.279297 0.494141 0.279297 0.490234
0 0.001953 0.464844 0.001953 0.478516 0.000000 0.480469 0.000000 0.515625 0.005859 0.515625 0.005859 0.486328 0.007812 0.484375 0.007812 0.464844
0 0.019531 0.449219 0.019531 0.457031 0.021484 0.458984 0.021484 0.464844 0.019531 0.466797 0.019531 0.468750 0.017578 0.470703 0.017578 0.482422 0.015625 0.484375 0.015625 0.496094 0.013672 0.498047 0.013672 0.501953 0.011719 0.503906 0.011719 0.515625 0.013672 0.517578 0.013672 0.519531 0.015625 0.519531 0.017578 0.521484 0.015625 0.523438 0.015625 0.525391 0.013672 0.527344 0.013672 0.533203 0.017578 0.533203 0.017578 0.531250 0.021484 0.527344 0.021484 0.517578 0.017578 0.513672 0.017578 0.511719 0.015625 0.509766 0.015625 0.507812 0.017578 0.505859 0.017578 0.503906 0.019531 0.501953 0.019531 0.488281 0.021484 0.486328 0.021484 0.472656 0.025391 0.468750 0.025391 0.455078 0.023438 0.453125 0.023438 0.449219
0 0.248047 0.443359 0.246094 0.445312 0.246094 0.447266 0.240234 0.453125 0.238281 0.453125 0.236328 0.455078 0.236328 0.457031 0.234375 0.458984 0.232422 0.458984 0.232422 0.462891 0.230469 0.464844 0.230469 0.474609 0.238281 0.474609 0.238281 0.470703 0.240234 0.468750 0.240234 0.466797 0.242188 0.464844 0.244141 0.464844 0.244141 0.462891 0.248047 0.458984 0.250000 0.458984 0.257812 0.451172 0.259766 0.453125 0.269531 0.453125 0.271484 0.455078 0.273438 0.455078 0.275391 0.457031 0.283203 0.457031 0.285156 0.458984 0.287109 0.458984 0.289062 0.460938 0.291016 0.460938 0.292969 0.462891 0.292969 0.464844 0.298828 0.470703 0.298828 0.472656 0.300781 0.474609 0.300781 0.478516 0.308594 0.478516 0.308594 0.466797 0.304688 0.462891 0.304688 0.460938 0.300781 0.457031 0.298828 0.457031 0.296875 0.455078 0.296875 0.453125 0.294922 0.453125 0.291016 0.449219 0.283203 0.449219 0.281250 0.447266 0.277344 0.447266 0.275391 0.445312 0.267578 0.445312 0.265625 0.443359
0 0.029297 0.351562 0.029297 0.357422 0.033203 0.361328 0.033203 0.363281 0.035156 0.365234 0.035156 0.367188 0.037109 0.367188 0.039062 0.369141 0.041016 0.369141 0.042969 0.371094 0.060547 0.371094 0.062500 0.373047 0.062500 0.375000 0.064453 0.375000 0.068359 0.378906 0.068359 0.380859 0.072266 0.384766 0.072266 0.388672 0.074219 0.390625 0.074219 0.406250 0.078125 0.406250 0.078125 0.384766 0.076172 0.382812 0.076172 0.378906 0.074219 0.378906 0.072266 0.376953 0.072266 0.375000 0.064453 0.367188 0.046875 0.367188 0.042969 0.363281 0.041016 0.363281 0.039062 0.361328 0.039062 0.359375 0.037109 0.357422 0.037109 0.355469 0.033203 0.351562
0 0.041016 0.302734 0.041016 0.316406 0.048828 0.324219 0.048828 0.330078 0.052734 0.333984 0.052734 0.335938 0.054688 0.335938 0.056641 0.337891 0.056641 0.339844 0.062500 0.339844 0.064453 0.341797 0.064453 0.347656 0.076172 0.347656 0.076172 0.337891 0.074219 0.335938 0.068359 0.335938 0.066406 0.333984 0.066406 0.330078 0.064453 0.330078 0.062500 0.328125 0.062500 0.326172 0.060547 0.324219 0.060547 0.322266 0.058594 0.320312 0.058594 0.314453 0.054688 0.310547 0.054688 0.308594 0.050781 0.304688 0.050781 0.302734
0 0.095703 0.292969 0.095703 0.294922 0.085938 0.304688 0.085938 0.318359 0.087891 0.320312 0.087891 0.322266 0.089844 0.322266 0.093750 0.326172 0.093750 0.328125 0.095703 0.330078 0.095703 0.332031 0.097656 0.333984 0.097656 0.335938 0.099609 0.337891 0.099609 0.345703 0.093750 0.351562 0.093750 0.355469 0.091797 0.357422 0.091797 0.365234 0.099609 0.365234 0.099609 0.363281 0.101562 0.361328 0.101562 0.359375 0.107422 0.353516 0.107422 0.351562 0.109375 0.349609 0.109375 0.335938 0.107422 0.333984 0.107422 0.328125 0.103516 0.324219 0.103516 0.322266 0.101562 0.320312 0.101562 0.318359 0.099609 0.316406 0.099609 0.314453 0.097656 0.314453 0.095703 0.312500 0.095703 0.310547 0.103516 0.302734 0.103516 0.292969
0 0.029297 0.228516 0.029297 0.234375 0.031250 0.234375 0.033203 0.236328 0.039062 0.236328 0.039062 0.232422 0.037109 0.232422 0.033203 0.228516
0 0.015625 0.220703 0.013672 0.222656 0.013672 0.224609 0.005859 0.232422 0.005859 0.240234 0.007812 0.240234 0.009766 0.242188 0.011719 0.242188 0.013672 0.244141 0.019531 0.244141 0.021484 0.246094 0.021484 0.248047 0.023438 0.250000 0.029297 0.250000 0.031250 0.251953 0.039062 0.251953 0.039062 0.248047 0.035156 0.248047 0.033203 0.246094 0.029297 0.246094 0.023438 0.240234 0.019531 0.240234 0.017578 0.238281 0.013672 0.238281 0.011719 0.236328 0.011719 0.234375 0.021484 0.224609 0.021484 0.220703
0 0.000000 0.085938 0.000000 0.101562 0.003906 0.105469 0.017578 0.105469 0.017578 0.091797 0.013672 0.087891 0.013672 0.085938
0 0.013672 0.072266 0.013672 0.078125 0.015625 0.080078 0.019531 0.080078 0.025391 0.085938 0.025391 0.087891 0.029297 0.091797 0.029297 0.109375 0.027344 0.111328 0.027344 0.123047 0.031250 0.123047 0.031250 0.117188 0.033203 0.115234 0.033203 0.085938 0.031250 0.085938 0.029297 0.083984 0.029297 0.082031 0.023438 0.076172 0.021484 0.076172 0.017578 0.072266