0 0.000000 0.958984 0.000000 0.986328 0.007812 0.986328 0.011719 0.982422 0.011719 0.978516 0.013672 0.976562 0.013672 0.974609 0.009766 0.970703 0.009766 0.966797 0.001953 0.958984
0 0.880859 0.861328 0.878906 0.863281 0.876953 0.863281 0.876953 0.873047 0.886719 0.873047 0.886719 0.871094 0.888672 0.869141 0.890625 0.869141 0.890625 0.867188 0.888672 0.865234 0.888672 0.863281 0.884766 0.863281 0.882812 0.861328
0 0.000000 0.773438 0.000000 0.916016 0.001953 0.914062 0.003906 0.914062 0.007812 0.910156 0.007812 0.908203 0.009766 0.906250 0.009766 0.894531 0.007812 0.892578 0.007812 0.890625 0.009766 0.888672 0.009766 0.884766 0.011719 0.882812 0.011719 0.861328 0.009766 0.859375 0.009766 0.857422 0.007812 0.855469 0.001953 0.855469 0.000000 0.853516 0.000000 0.843750 0.003906 0.839844 0.005859 0.839844 0.005859 0.837891 0.011719 0.832031 0.011719 0.814453 0.009766 0.812500 0.009766 0.808594 0.007812 0.806641 0.007812 0.802734 0.005859 0.800781 0.005859 0.798828 0.009766 0.794922 0.009766 0.792969 0.015625 0.787109 0.015625 0.775391 0.013672 0.773438
0 0.406250 0.744141 0.406250 0.746094 0.396484 0.755859 0.396484 0.767578 0.398438 0.769531 0.398438 0.773438 0.402344 0.777344 0.404297 0.777344 0.404297 0.775391 0.406250 0.773438 0.408203 0.773438 0.408203 0.771484 0.410156 0.769531 0.416016 0.769531 0.416016 0.755859 0.414062 0.753906 0.414062 0.750000 0.412109 0.748047 0.412109 0.744141
0 0.046875 0.378906 0.046875 0.384766 0.044922 0.386719 0.044922 0.388672 0.046875 0.390625 0.046875 0.394531 0.048828 0.396484 0.048828 0.400391 0.050781 0.402344 0.052734 0.400391 0.054688 0.400391 0.054688 0.388672 0.052734 0.386719 0.052734 0.382812 0.050781 0.380859 0.050781 0.378906
0 0.000000 0.359375 0.000000 0.376953 0.001953 0.375000 0.001953 0.365234 0.003906 0.363281 0.003906 0.359375
0 0.072266 0.119141 0.070312 0.121094 0.058594 0.121094 0.058594 0.130859 0.056641 0.132812 0.060547 0.136719 0.060547 0.138672 0.056641 0.142578 0.054688 0.142578 0.052734 0.144531 0.050781 0.144531 0.050781 0.156250 0.052734 0.158203 0.062500 0.158203 0.064453 0.156250 0.070312 0.156250 0.070312 0.154297 0.072266 0.152344 0.072266 0.148438 0.074219 0.146484 0.076172 0.146484 0.080078 0.142578 0.082031 0.142578 0.083984 0.140625 0.085938 0.140625 0.087891 0.138672 0.087891 0.136719 0.089844 0.134766 0.089844 0.125000 0.085938 0.125000 0.082031 0.121094 0.076172 0.121094 0.074219 0.119141
0 0.554688 0.062500 0.552734 0.064453 0.552734 0.066406 0.546875 0.072266 0.546875 0.083984 0.548828 0.083984 0.550781 0.085938 0.562500 0.085938 0.562500 0.083984 0.564453 0.082031 0.564453 0.066406 0.562500 0.064453 0.562500 0.062500
0 0.052734 0.029297 0.050781 0.031250 0.048828 0.031250 0.048828 0.033203 0.046875 0.035156 0.044922 0.035156 0.048828 0.039062 0.048828 0.041016 0.050781 0.042969 0.050781 0.044922 0.054688 0.044922 0.058594 0.048828 0.056641 0.050781 0.056641 0.052734 0.058594 0.052734 0.062500 0.048828 0.062500 0.039062 0.060547 0.039062 0.058594 0.037109 0.058594 0.033203 0.056641 0.031250 0.056641 0.029297
0 0.041016 0.019531 0.041016 0.025391 0.048828 0.025391 0.048828 0.023438 0.046875 0.021484 0.044922 0.021484 0.042969 0.019531
0 0.978516 0.011719 0.974609 0.015625 0.972656 0.015625 0.970703 0.017578 0.968750 0.017578 0.966797 0.019531 0.962891 0.019531 0.962891 0.021484 0.960938 0.023438 0.955078 0.023438 0.953125 0.021484 0.951172 0.021484 0.949219 0.019531 0.945312 0.019531 0.943359 0.017578 0.941406 0.017578 0.939453 0.015625 0.927734 0.015625 0.927734 0.019531 0.929688 0.021484 0.929688 0.023438 0.933594 0.027344 0.933594 0.033203 0.935547 0.033203 0.939453 0.037109 0.941406 0.037109 0.943359 0.039062 0.943359 0.041016 0.947266 0.041016 0.951172 0.044922 0.953125 0.044922 0.955078 0.046875 0.955078 0.048828 0.974609 0.048828 0.976562 0.050781 0.978516 0.050781 0.980469 0.052734 0.992188 0.052734 0.992188 0.015625 0.982422 0.015625 0.980469 0.013672 0.980469 0.011719
0 0.568359 0.001953 0.568359 0.007812 0.566406 0.009766 0.562500 0.009766 0.560547 0.011719 0.556641 0.011719 0.556641 0.019531 0.552734 0.023438 0.552734 0.025391 0.550781 0.027344 0.550781 0.029297 0.548828 0.031250 0.546875 0.031250 0.544922 0.033203 0.542969 0.033203 0.541016 0.031250 0.542969 0.029297 0.542969 0.023438 0.544922 0.021484 0.544922 0.009766 0.542969 0.007812 0.529297 0.007812 0.527344 0.009766 0.527344 0.019531 0.529297 0.021484 0.531250 0.021484 0.533203 0.023438 0.533203 0.041016 0.537109 0.044922 0.544922 0.044922 0.546875 0.042969 0.558594 0.042969 0.558594 0.041016 0.556641 0.039062 0.556641 0.029297 0.558594 0.027344 0.562500 0.027344 0.568359 0.033203 0.574219 0.033203 0.574219 0.023438 0.580078 0.017578 0.580078 0.005859 0.578125 0.003906 0.576172 0.003906 0.574219 0.001953
0 0.865234 0.000000 0.865234 0.013672 0.869141 0.017578 0.869141 0.021484 0.882812 0.035156 0.884766 0.035156 0.886719 0.037109 0.888672 0.037109 0.892578 0.041016 0.892578 0.042969 0.916016 0.042969 0.917969 0.041016 0.917969 0.035156 0.906250 0.023438 0.906250 0.019531 0.904297 0.017578 0.900391 0.017578 0.894531 0.011719 0.892578 0.011719 0.888672 0.007812 0.888672 0.005859 0.886719 0.003906 0.886719 0.000000
0 0.826172 0.000000 0.824219 0.001953 0.824219 0.009766 0.822266 0.011719 0.822266 0.021484 0.830078 0.021484 0.832031 0.019531 0.833984 0.019531 0.839844 0.013672 0.839844 0.011719 0.841797 0.009766 0.841797 0.007812 0.843750 0.005859 0.843750 0.000000
0 0.781250 0.000000 0.781250 0.001953 0.773438 0.009766 0.773438 0.015625 0.771484 0.017578 0.769531 0.017578 0.769531 0.019531 0.767578 0.021484 0.767578 0.023438 0.763672 0.027344 0.761719 0.027344 0.761719 0.033203 0.763672 0.035156 0.763672 0.039062 0.767578 0.042969 0.767578 0.054688 0.769531 0.056641 0.781250 0.056641 0.783203 0.054688 0.785156 0.054688 0.787109 0.052734 0.789062 0.052734 0.792969 0.048828 0.794922 0.048828 0.800781 0.042969 0.800781 0.041016 0.802734 0.039062 0.802734 0.037109 0.804688 0.035156 0.804688 0.021484 0.806641 0.019531 0.806641 0.017578 0.808594 0.015625 0.808594 0.011719 0.806641 0.009766 0.806641 0.001953 0.804688 0.000000
0 0.111328 0.000000 0.111328 0.009766 0.113281 0.011719 0.113281 0.019531 0.115234 0.021484 0.115234 0.029297 0.113281 0.031250 0.103516 0.031250 0.103516 0.037109 0.105469 0.039062 0.105469 0.041016 0.109375 0.044922 0.113281 0.044922 0.115234 0.046875 0.117188 0.046875 0.119141 0.044922 0.126953 0.044922 0.128906 0.046875 0.128906 0.050781 0.126953 0.052734 0.126953 0.054688 0.119141 0.062500 0.117188 0.062500 0.113281 0.066406 0.111328 0.066406 0.109375 0.064453 0.105469 0.064453 0.103516 0.062500 0.097656 0.062500 0.097656 0.064453 0.095703 0.066406 0.091797 0.066406 0.087891 0.070312 0.085938 0.070312 0.089844 0.074219 0.089844 0.076172 0.091797 0.078125 0.091797 0.089844 0.089844 0.091797 0.089844 0.101562 0.101562 0.101562 0.103516 0.099609 0.107422 0.099609 0.109375 0.101562 0.109375 0.111328 0.111328 0.113281 0.111328 0.115234 0.113281 0.117188 0.113281 0.119141 0.115234 0.121094 0.115234 0.128906 0.113281 0.130859 0.111328 0.130859 0.111328 0.134766 0.109375 0.136719 0.105469 0.136719 0.103516 0.134766 0.103516 0.140625 0.099609 0.144531 0.097656 0.144531 0.097656 0.152344 0.099609 0.154297 0.103516 0.154297 0.107422 0.158203 0.109375 0.156250 0.113281 0.156250 0.115234 0.158203 0.121094 0.158203 0.121094 0.156250 0.123047 0.154297 0.125000 0.154297 0.125000 0.150391 0.126953 0.148438 0.130859 0.152344 0.136719 0.152344 0.140625 0.156250 0.146484 0.156250 0.146484 0.148438 0.148438 0.146484 0.160156 0.146484 0.162109 0.148438 0.162109 0.152344 0.158203 0.156250 0.156250 0.156250 0.154297 0.158203 0.152344 0.158203 0.152344 0.164062 0.164062 0.164062 0.166016 0.166016 0.167969 0.164062 0.169922 0.164062 0.173828 0.167969 0.173828 0.169922 0.175781 0.169922 0.177734 0.167969 0.179688 0.167969 0.181641 0.169922 0.185547 0.169922 0.187500 0.171875 0.189453 0.171875 0.191406 0.173828 0.195312 0.173828 0.197266 0.175781 0.193359 0.179688 0.193359 0.181641 0.191406 0.183594 0.189453 0.183594 0.189453 0.185547 0.193359 0.189453 0.193359 0.197266 0.191406 0.199219 0.189453 0.199219 0.189453 0.205078 0.193359 0.205078 0.195312 0.207031 0.193359 0.208984 0.191406 0.208984 0.191406 0.210938 0.189453 0.212891 0.189453 0.214844 0.187500 0.216797 0.179688 0.216797 0.177734 0.218750 0.171875 0.218750 0.166016 0.224609 0.166016 0.228516 0.162109 0.232422 0.162109 0.234375 0.160156 0.236328 0.160156 0.238281 0.158203 0.240234 0.158203 0.250000 0.160156 0.251953 0.160156 0.257812 0.158203 0.259766 0.156250 0.259766 0.152344 0.263672 0.150391 0.263672 0.148438 0.265625 0.146484 0.265625 0.146484 0.267578 0.144531 0.269531 0.142578 0.269531 0.146484 0.273438 0.146484 0.283203 0.144531 0.285156 0.140625 0.285156 0.136719 0.281250 0.136719 0.279297 0.134766 0.277344 0.126953 0.277344 0.123047 0.281250 0.123047 0.283203 0.121094 0.285156 0.119141 0.285156 0.119141 0.287109 0.117188 0.289062 0.115234 0.289062 0.113281 0.287109 0.107422 0.287109 0.107422 0.289062 0.103516 0.292969 0.103516 0.294922 0.101562 0.296875 0.101562 0.298828 0.099609 0.300781 0.082031 0.300781 0.083984 0.302734 0.082031 0.304688 0.076172 0.304688 0.076172 0.306641 0.074219 0.308594 0.072266 0.308594 0.072266 0.310547 0.070312 0.312500 0.070312 0.328125 0.068359 0.330078 0.070312 0.332031 0.070312 0.333984 0.074219 0.333984 0.076172 0.332031 0.080078 0.335938 0.080078 0.341797 0.078125 0.343750 0.078125 0.349609 0.076172 0.351562 0.076172 0.361328 0.078125 0.361328 0.080078 0.363281 0.080078 0.369141 0.078125 0.371094 0.078125 0.384766 0.083984 0.390625 0.083984 0.398438 0.085938 0.398438 0.089844 0.402344 0.085938 0.406250 0.083984 0.406250 0.083984 0.408203 0.082031 0.410156 0.080078 0.410156 0.080078 0.427734 0.083984 0.427734 0.089844 0.421875 0.093750 0.425781 0.093750 0.427734 0.113281 0.427734 0.121094 0.435547 0.121094 0.439453 0.123047 0.441406 0.123047 0.445312 0.119141 0.449219 0.117188 0.449219 0.115234 0.451172 0.115234 0.453125 0.111328 0.457031 0.111328 0.466797 0.115234 0.470703 0.111328 0.474609 0.105469 0.474609 0.103516 0.472656 0.099609 0.472656 0.095703 0.468750 0.095703 0.470703 0.093750 0.472656 0.093750 0.474609 0.091797 0.476562 0.091797 0.478516 0.089844 0.480469 0.087891 0.480469 0.087891 0.482422 0.085938 0.484375 0.080078 0.484375 0.080078 0.486328 0.078125 0.488281 0.072266 0.488281 0.072266 0.498047 0.070312 0.500000 0.068359 0.500000 0.068359 0.505859 0.066406 0.507812 0.064453 0.507812 0.064453 0.509766 0.062500 0.511719 0.056641 0.511719 0.054688 0.513672 0.052734 0.511719 0.052734 0.513672 0.050781 0.515625 0.044922 0.515625 0.042969 0.517578 0.041016 0.517578 0.039062 0.515625 0.037109 0.515625 0.033203 0.519531 0.033203 0.521484 0.031250 0.523438 0.029297 0.523438 0.029297 0.525391 0.027344 0.527344 0.021484 0.527344 0.017578 0.531250 0.013672 0.531250 0.011719 0.529297 0.011719 0.525391 0.013672 0.523438 0.009766 0.523438 0.007812 0.521484 0.007812 0.517578 0.005859 0.517578 0.003906 0.515625 0.003906 0.513672 0.001953 0.511719 0.000000 0.511719 0.000000 0.533203 0.001953 0.533203 0.003906 0.535156 0.003906 0.541016 0.001953 0.542969 0.000000 0.542969 0.000000 0.595703 0.001953 0.597656 0.001953 0.601562 0.003906 0.603516 0.007812 0.603516 0.009766 0.605469 0.011719 0.605469 0.013672 0.607422 0.013672 0.615234 0.011719 0.617188 0.009766 0.617188 0.009766 0.621094 0.011719 0.623047 0.009766 0.625000 0.013672 0.628906 0.013672 0.630859 0.011719 0.632812 0.009766 0.632812 0.007812 0.630859 0.005859 0.630859 0.003906 0.628906 0.000000 0.628906 0.000000 0.755859 0.009766 0.755859 0.011719 0.753906 0.011719 0.751953 0.015625 0.748047 0.019531 0.748047 0.019531 0.746094 0.021484 0.744141 0.031250 0.744141 0.033203 0.746094 0.033203 0.748047 0.035156 0.748047 0.037109 0.750000 0.037109 0.748047 0.039062 0.746094 0.041016 0.746094 0.041016 0.744141 0.044922 0.740234 0.046875 0.740234 0.048828 0.738281 0.056641 0.738281 0.056641 0.732422 0.064453 0.724609 0.066406 0.724609 0.066406 0.722656 0.068359 0.720703 0.074219 0.720703 0.082031 0.712891 0.089844 0.712891 0.089844 0.710938 0.091797 0.708984 0.091797 0.707031 0.095703 0.703125 0.097656 0.703125 0.095703 0.701172 0.095703 0.699219 0.097656 0.697266 0.099609 0.699219 0.101562 0.697266 0.101562 0.685547 0.103516 0.683594 0.105469 0.683594 0.109375 0.679688 0.111328 0.681641 0.113281 0.681641 0.115234 0.683594 0.115234 0.691406 0.117188 0.691406 0.119141 0.693359 0.121094 0.693359 0.123047 0.691406 0.125000 0.691406 0.125000 0.689453 0.128906 0.685547 0.130859 0.685547 0.130859 0.683594 0.136719 0.677734 0.138672 0.677734 0.138672 0.675781 0.140625 0.673828 0.140625 0.656250 0.138672 0.654297 0.138672 0.650391 0.136719 0.648438 0.136719 0.640625 0.142578 0.634766 0.142578 0.632812 0.146484 0.628906 0.152344 0.628906 0.154297 0.626953 0.156250 0.628906 0.160156 0.628906 0.162109 0.626953 0.164062 0.626953 0.166016 0.628906 0.166016 0.630859 0.171875 0.630859 0.171875 0.625000 0.169922 0.625000 0.167969 0.623047 0.166016 0.623047 0.164062 0.621094 0.162109 0.621094 0.160156 0.619141 0.160156 0.605469 0.162109 0.603516 0.162109 0.599609 0.166016 0.595703 0.169922 0.595703 0.173828 0.591797 0.183594 0.591797 0.185547 0.593750 0.185547 0.615234 0.183594 0.617188 0.181641 0.617188 0.181641 0.623047 0.179688 0.625000 0.181641 0.626953 0.183594 0.626953 0.185547 0.628906 0.185547 0.638672 0.183594 0.640625 0.173828 0.640625 0.171875 0.638672 0.171875 0.636719 0.169922 0.636719 0.169922 0.638672 0.167969 0.640625 0.166016 0.640625 0.162109 0.644531 0.162109 0.658203 0.166016 0.662109 0.167969 0.662109 0.169922 0.664062 0.171875 0.664062 0.173828 0.666016 0.181641 0.666016 0.183594 0.664062 0.185547 0.666016 0.187500 0.666016 0.195312 0.658203 0.197266 0.658203 0.197266 0.652344 0.199219 0.650391 0.203125 0.650391 0.205078 0.652344 0.205078 0.656250 0.201172 0.660156 0.201172 0.669922 0.199219 0.671875 0.197266 0.671875 0.197266 0.673828 0.195312 0.675781 0.166016 0.675781 0.166016 0.683594 0.167969 0.685547 0.167969 0.691406 0.169922 0.693359 0.169922 0.697266 0.171875 0.699219 0.171875 0.703125 0.173828 0.705078 0.173828 0.708984 0.179688 0.708984 0.181641 0.710938 0.183594 0.710938 0.185547 0.712891 0.191406 0.712891 0.193359 0.714844 0.189453 0.718750 0.185547 0.718750 0.185547 0.726562 0.189453 0.730469 0.189453 0.742188 0.187500 0.744141 0.185547 0.744141 0.183594 0.746094 0.179688 0.746094 0.177734 0.744141 0.177734 0.736328 0.167969 0.736328 0.167969 0.738281 0.166016 0.740234 0.166016 0.744141 0.164062 0.746094 0.162109 0.746094 0.156250 0.751953 0.156250 0.761719 0.158203 0.763672 0.158203 0.767578 0.162109 0.771484 0.162109 0.775391 0.164062 0.775391 0.166016 0.777344 0.166016 0.779297 0.167969 0.779297 0.171875 0.783203 0.171875 0.785156 0.173828 0.787109 0.173828 0.791016 0.175781 0.791016 0.183594 0.798828 0.189453 0.798828 0.189453 0.792969 0.191406 0.791016 0.191406 0.789062 0.193359 0.787109 0.195312 0.789062 0.195312 0.791016 0.199219 0.794922 0.199219 0.798828 0.201172 0.800781 0.203125 0.800781 0.205078 0.802734 0.205078 0.804688 0.207031 0.806641 0.207031 0.808594 0.210938 0.812500 0.220703 0.812500 0.220703 0.806641 0.226562 0.800781 0.230469 0.800781 0.230469 0.798828 0.232422 0.796875 0.234375 0.798828 0.242188 0.798828 0.244141 0.800781 0.244141 0.814453 0.248047 0.818359 0.250000 0.818359 0.253906 0.822266 0.265625 0.822266 0.267578 0.824219 0.267578 0.826172 0.277344 0.826172 0.281250 0.822266 0.281250 0.802734 0.283203 0.800781 0.285156 0.800781 0.287109 0.798828 0.289062 0.798828 0.289062 0.792969 0.291016 0.791016 0.294922 0.791016 0.294922 0.789062 0.298828 0.785156 0.300781 0.785156 0.302734 0.783203 0.314453 0.783203 0.318359 0.779297 0.318359 0.777344 0.324219 0.771484 0.326172 0.771484 0.332031 0.765625 0.332031 0.763672 0.333984 0.761719 0.333984 0.759766 0.335938 0.757812 0.335938 0.750000 0.337891 0.748047 0.337891 0.746094 0.341797 0.742188 0.341797 0.740234 0.347656 0.734375 0.351562 0.734375 0.353516 0.736328 0.353516 0.740234 0.355469 0.740234 0.361328 0.746094 0.361328 0.748047 0.363281 0.750000 0.369141 0.750000 0.371094 0.748047 0.371094 0.746094 0.373047 0.744141 0.375000 0.744141 0.378906 0.740234 0.380859 0.740234 0.380859 0.736328 0.382812 0.734375 0.384766 0.734375 0.384766 0.732422 0.396484 0.720703 0.402344 0.720703 0.404297 0.722656 0.406250 0.722656 0.410156 0.726562 0.412109 0.726562 0.416016 0.730469 0.416016 0.732422 0.417969 0.732422 0.419922 0.734375 0.419922 0.773438 0.417969 0.775391 0.416016 0.775391 0.414062 0.777344 0.414062 0.787109 0.416016 0.789062 0.425781 0.789062 0.429688 0.792969 0.429688 0.796875 0.435547 0.802734 0.437500 0.802734 0.439453 0.804688 0.439453 0.806641 0.447266 0.806641 0.449219 0.808594 0.458984 0.808594 0.458984 0.806641 0.462891 0.802734 0.472656 0.802734 0.474609 0.804688 0.474609 0.810547 0.472656 0.812500 0.470703 0.812500 0.470703 0.814453 0.468750 0.816406 0.466797 0.816406 0.466797 0.826172 0.468750 0.826172 0.470703 0.828125 0.470703 0.830078 0.476562 0.830078 0.478516 0.832031 0.478516 0.833984 0.480469 0.833984 0.482422 0.835938 0.482422 0.837891 0.480469 0.839844 0.462891 0.839844 0.458984 0.835938 0.447266 0.835938 0.445312 0.833984 0.443359 0.833984 0.441406 0.835938 0.437500 0.835938 0.435547 0.833984 0.431641 0.833984 0.429688 0.835938 0.427734 0.835938 0.425781 0.837891 0.423828 0.837891 0.421875 0.839844 0.421875 0.841797 0.419922 0.843750 0.419922 0.845703 0.421875 0.847656 0.421875 0.851562 0.423828 0.851562 0.425781 0.853516 0.423828 0.855469 0.423828 0.859375 0.419922 0.863281 0.419922 0.869141 0.417969 0.871094 0.412109 0.871094 0.410156 0.869141 0.408203 0.869141 0.406250 0.867188 0.396484 0.867188 0.392578 0.871094 0.390625 0.871094 0.386719 0.875000 0.386719 0.876953 0.384766 0.878906 0.382812 0.878906 0.380859 0.880859 0.378906 0.880859 0.378906 0.884766 0.376953 0.886719 0.371094 0.886719 0.369141 0.884766 0.369141 0.882812 0.367188 0.880859 0.367188 0.878906 0.365234 0.876953 0.365234 0.875000 0.343750 0.875000 0.339844 0.878906 0.326172 0.878906 0.326172 0.888672 0.330078 0.892578 0.330078 0.902344 0.332031 0.904297 0.333984 0.904297 0.335938 0.902344 0.337891 0.902344 0.339844 0.900391 0.341797 0.900391 0.343750 0.898438 0.347656 0.898438 0.349609 0.896484 0.353516 0.900391 0.355469 0.900391 0.359375 0.904297 0.359375 0.908203 0.357422 0.910156 0.357422 0.919922 0.355469 0.921875 0.353516 0.921875 0.353516 0.927734 0.351562 0.929688 0.349609 0.929688 0.349609 0.935547 0.345703 0.939453 0.341797 0.939453 0.339844 0.941406 0.337891 0.939453 0.337891 0.937500 0.335938 0.935547 0.335938 0.929688 0.330078 0.923828 0.330078 0.921875 0.314453 0.921875 0.312500 0.919922 0.312500 0.916016 0.304688 0.916016 0.302734 0.917969 0.300781 0.917969 0.298828 0.919922 0.296875 0.919922 0.296875 0.923828 0.294922 0.925781 0.287109 0.925781 0.287109 0.927734 0.277344 0.937500 0.275391 0.937500 0.275391 0.939453 0.273438 0.941406 0.273438 0.943359 0.271484 0.945312 0.259766 0.945312 0.257812 0.943359 0.257812 0.939453 0.255859 0.937500 0.255859 0.935547 0.253906 0.933594 0.253906 0.931641 0.246094 0.931641 0.244141 0.929688 0.232422 0.929688 0.230469 0.931641 0.224609 0.931641 0.224609 0.935547 0.220703 0.939453 0.218750 0.939453 0.214844 0.943359 0.210938 0.943359 0.208984 0.945312 0.207031 0.945312 0.205078 0.947266 0.197266 0.947266 0.195312 0.949219 0.189453 0.949219 0.187500 0.951172 0.183594 0.951172 0.179688 0.955078 0.177734 0.955078 0.175781 0.957031 0.175781 0.958984 0.179688 0.958984 0.181641 0.960938 0.181641 0.972656 0.173828 0.980469 0.173828 0.982422 0.171875 0.984375 0.171875 0.986328 0.169922 0.988281 0.169922 0.990234 0.167969 0.992188 0.166016 0.992188 0.164062 0.990234 0.166016 0.988281 0.164062 0.988281 0.160156 0.992188 0.158203 0.992188 0.414062 0.992188 0.414062 0.988281 0.416016 0.986328 0.417969 0.986328 0.419922 0.988281 0.419922 0.992188 0.851562 0.992188 0.851562 0.990234 0.857422 0.984375 0.859375 0.984375 0.863281 0.980469 0.876953 0.980469 0.878906 0.978516 0.886719 0.978516 0.888672 0.980469 0.888672 0.982422 0.890625 0.982422 0.896484 0.988281 0.896484 0.990234 0.898438 0.990234 0.900391 0.992188 0.957031 0.992188 0.960938 0.988281 0.962891 0.988281 0.962891 0.970703 0.960938 0.968750 0.960938 0.966797 0.953125 0.958984 0.949219 0.958984 0.945312 0.955078 0.929688 0.955078 0.927734 0.957031 0.925781 0.955078 0.923828 0.955078 0.917969 0.949219 0.916016 0.949219 0.914062 0.947266 0.914062 0.945312 0.910156 0.941406 0.912109 0.939453 0.914062 0.939453 0.917969 0.935547 0.919922 0.935547 0.919922 0.933594 0.921875 0.931641 0.929688 0.931641 0.931641 0.929688 0.931641 0.925781 0.933594 0.923828 0.933594 0.921875 0.935547 0.919922 0.935547 0.917969 0.939453 0.914062 0.939453 0.904297 0.937500 0.904297 0.935547 0.902344 0.933594 0.902344 0.929688 0.898438 0.929688 0.896484 0.927734 0.894531 0.927734 0.892578 0.921875 0.886719 0.921875 0.884766 0.919922 0.884766 0.917969 0.882812 0.908203 0.882812 0.908203 0.892578 0.910156 0.894531 0.910156 0.896484 0.912109 0.898438 0.914062 0.898438 0.917969 0.902344 0.917969 0.904297 0.919922 0.906250 0.914062 0.912109 0.914062 0.914062 0.912109 0.916016 0.912109 0.921875 0.910156 0.923828 0.908203 0.923828 0.904297 0.927734 0.902344 0.927734 0.900391 0.925781 0.900391 0.921875 0.902344 0.919922 0.902344 0.914062 0.904297 0.912109 0.904297 0.902344 0.902344 0.900391 0.902344 0.898438 0.900391 0.898438 0.896484 0.894531 0.884766 0.894531 0.882812 0.892578 0.880859 0.892578 0.875000 0.886719 0.873047 0.886719 0.865234 0.878906 0.863281 0.878906 0.861328 0.876953 0.861328 0.875000 0.859375 0.875000 0.857422 0.873047 0.845703 0.873047 0.843750 0.875000 0.841797 0.875000 0.841797 0.878906 0.839844 0.880859 0.839844 0.882812 0.837891 0.884766 0.835938 0.884766 0.833984 0.886719 0.828125 0.886719 0.828125 0.898438 0.832031 0.902344 0.832031 0.904297 0.826172 0.910156 0.824219 0.908203 0.820312 0.908203 0.818359 0.906250 0.818359 0.904297 0.816406 0.904297 0.812500 0.900391 0.810547 0.900391 0.808594 0.898438 0.808594 0.894531 0.804688 0.890625 0.804688 0.886719 0.802734 0.884766 0.802734 0.878906 0.806641 0.875000 0.806641 0.873047 0.808594 0.871094 0.808594 0.863281 0.818359 0.853516 0.820312 0.853516 0.822266 0.851562 0.826172 0.851562 0.828125 0.853516 0.833984 0.853516 0.835938 0.855469 0.839844 0.855469 0.839844 0.853516 0.841797 0.851562 0.841797 0.847656 0.843750 0.845703 0.841797 0.843750 0.841797 0.839844 0.839844 0.837891 0.839844 0.835938 0.841797 0.833984 0.843750 0.833984 0.845703 0.832031 0.847656 0.832031 0.849609 0.833984 0.849609 0.837891 0.855469 0.843750 0.855469 0.845703 0.857422 0.847656 0.857422 0.851562 0.863281 0.851562 0.867188 0.847656 0.869141 0.847656 0.869141 0.839844 0.867188 0.839844 0.865234 0.837891 0.865234 0.835938 0.863281 0.835938 0.861328 0.833984 0.857422 0.833984 0.855469 0.832031 0.855469 0.830078 0.857422 0.828125 0.863281 0.828125 0.869141 0.822266 0.871094 0.822266 0.871094 0.806641 0.869141 0.804688 0.869141 0.802734 0.859375 0.792969 0.859375 0.791016 0.857422 0.789062 0.859375 0.787109 0.859375 0.785156 0.861328 0.783203 0.863281 0.783203 0.863281 0.779297 0.861328 0.777344 0.863281 0.775391 0.863281 0.765625 0.861328 0.763672 0.861328 0.757812 0.859375 0.755859 0.859375 0.753906 0.857422 0.751953 0.857422 0.750000 0.851562 0.744141 0.833984 0.744141 0.832031 0.742188 0.832031 0.740234 0.824219 0.740234 0.822266 0.738281 0.820312 0.738281 0.818359 0.736328 0.818359 0.734375 0.816406 0.732422 0.816406 0.722656 0.818359 0.720703 0.820312 0.720703 0.820312 0.718750 0.824219 0.714844 0.824219 0.712891 0.826172 0.710938 0.828125 0.710938 0.830078 0.708984 0.832031 0.708984 0.833984 0.707031 0.833984 0.683594 0.832031 0.681641 0.824219 0.681641 0.824219 0.683594 0.822266 0.685547 0.822266 0.687500 0.816406 0.693359 0.814453 0.691406 0.810547 0.691406 0.806641 0.687500 0.800781 0.687500 0.798828 0.689453 0.798828 0.699219 0.800781 0.701172 0.800781 0.705078 0.798828 0.707031 0.796875 0.707031 0.796875 0.708984 0.791016 0.714844 0.789062 0.712891 0.789062 0.710938 0.787109 0.708984 0.787109 0.699219 0.785156 0.697266 0.785156 0.691406 0.783203 0.689453 0.783203 0.687500 0.779297 0.683594 0.779297 0.681641 0.777344 0.681641 0.775391 0.679688 0.775391 0.675781 0.773438 0.673828 0.773438 0.667969 0.771484 0.666016 0.771484 0.650391 0.769531 0.648438 0.769531 0.640625 0.771484 0.638672 0.771484 0.636719 0.779297 0.628906 0.792969 0.628906 0.794922 0.630859 0.796875 0.630859 0.798828 0.632812 0.798828 0.634766 0.800781 0.636719 0.810547 0.636719 0.810547 0.630859 0.812500 0.628906 0.812500 0.626953 0.814453 0.625000 0.816406 0.626953 0.818359 0.626953 0.820312 0.628906 0.822266 0.628906 0.824219 0.630859 0.824219 0.634766 0.832031 0.634766 0.833984 0.632812 0.833984 0.619141 0.832031 0.617188 0.832031 0.613281 0.833984 0.611328 0.835938 0.613281 0.837891 0.611328 0.839844 0.611328 0.843750 0.615234 0.845703 0.615234 0.851562 0.621094 0.851562 0.623047 0.853516 0.625000 0.853516 0.626953 0.855469 0.626953 0.857422 0.628906 0.857422 0.632812 0.859375 0.634766 0.869141 0.634766 0.869141 0.621094 0.863281 0.615234 0.863281 0.613281 0.861328 0.611328 0.861328 0.603516 0.863281 0.601562 0.863281 0.599609 0.861328 0.597656 0.861328 0.593750 0.863281 0.591797 0.863281 0.589844 0.867188 0.585938 0.869141 0.585938 0.871094 0.583984 0.878906 0.583984 0.880859 0.585938 0.880859 0.587891 0.882812 0.587891 0.884766 0.589844 0.890625 0.589844 0.892578 0.591797 0.898438 0.591797 0.898438 0.580078 0.892578 0.574219 0.892578 0.570312 0.890625 0.568359 0.890625 0.566406 0.884766 0.566406 0.878906 0.560547 0.876953 0.560547 0.875000 0.558594 0.875000 0.554688 0.871094 0.550781 0.867188 0.550781 0.865234 0.548828 0.849609 0.548828 0.849609 0.550781 0.845703 0.554688 0.843750 0.554688 0.839844 0.558594 0.833984 0.558594 0.832031 0.556641 0.832031 0.548828 0.833984 0.546875 0.833984 0.544922 0.837891 0.541016 0.837891 0.535156 0.839844 0.533203 0.847656 0.533203 0.847656 0.527344 0.841797 0.527344 0.839844 0.525391 0.835938 0.525391 0.833984 0.523438 0.828125 0.523438 0.818359 0.513672 0.814453 0.513672 0.812500 0.511719 0.808594 0.511719 0.804688 0.507812 0.794922 0.507812 0.792969 0.505859 0.791016 0.505859 0.789062 0.503906 0.789062 0.498047 0.787109 0.498047 0.783203 0.494141 0.783203 0.484375 0.785156 0.482422 0.785156 0.474609 0.775391 0.474609 0.773438 0.476562 0.769531 0.472656 0.769531 0.470703 0.767578 0.468750 0.767578 0.455078 0.763672 0.451172 0.763672 0.449219 0.753906 0.449219 0.753906 0.451172 0.751953 0.453125 0.751953 0.455078 0.748047 0.458984 0.746094 0.457031 0.742188 0.457031 0.740234 0.455078 0.738281 0.455078 0.736328 0.453125 0.732422 0.453125 0.730469 0.451172 0.730469 0.449219 0.728516 0.449219 0.726562 0.447266 0.726562 0.445312 0.724609 0.443359 0.724609 0.441406 0.722656 0.441406 0.720703 0.439453 0.718750 0.439453 0.716797 0.437500 0.701172 0.437500 0.701172 0.439453 0.695312 0.445312 0.695312 0.460938 0.693359 0.462891 0.691406 0.462891 0.687500 0.466797 0.681641 0.466797 0.675781 0.472656 0.673828 0.472656 0.669922 0.476562 0.667969 0.476562 0.662109 0.482422 0.660156 0.482422 0.658203 0.484375 0.654297 0.484375 0.652344 0.482422 0.638672 0.482422 0.632812 0.476562 0.630859 0.476562 0.628906 0.474609 0.628906 0.464844 0.625000 0.464844 0.621094 0.460938 0.621094 0.458984 0.623047 0.457031 0.623047 0.453125 0.625000 0.451172 0.628906 0.451172 0.628906 0.449219 0.626953 0.447266 0.626953 0.443359 0.625000 0.441406 0.625000 0.437500 0.623047 0.435547 0.623047 0.433594 0.607422 0.433594 0.597656 0.443359 0.593750 0.443359 0.591797 0.445312 0.585938 0.445312 0.583984 0.447266 0.582031 0.447266 0.582031 0.449219 0.580078 0.451172 0.582031 0.451172 0.583984 0.453125 0.583984 0.462891 0.585938 0.464844 0.587891 0.464844 0.591797 0.468750 0.591797 0.472656 0.593750 0.474609 0.593750 0.476562 0.595703 0.478516 0.595703 0.482422 0.591797 0.486328 0.591797 0.488281 0.589844 0.490234 0.589844 0.492188 0.580078 0.501953 0.580078 0.503906 0.578125 0.505859 0.578125 0.517578 0.580078 0.519531 0.580078 0.521484 0.582031 0.521484 0.583984 0.523438 0.593750 0.523438 0.595703 0.525391 0.595703 0.529297 0.593750 0.531250 0.591797 0.531250 0.591797 0.533203 0.589844 0.535156 0.583984 0.535156 0.583984 0.537109 0.582031 0.539062 0.580078 0.539062 0.580078 0.550781 0.576172 0.554688 0.574219 0.554688 0.570312 0.558594 0.570312 0.560547 0.568359 0.562500 0.566406 0.562500 0.566406 0.564453 0.564453 0.566406 0.556641 0.566406 0.556641 0.572266 0.552734 0.576172 0.550781 0.576172 0.550781 0.578125 0.544922 0.583984 0.533203 0.583984 0.531250 0.582031 0.525391 0.582031 0.523438 0.580078 0.521484 0.580078 0.519531 0.578125 0.519531 0.576172 0.517578 0.574219 0.517578 0.568359 0.515625 0.566406 0.515625 0.564453 0.513672 0.562500 0.513672 0.560547 0.509766 0.556641 0.509766 0.554688 0.498047 0.542969 0.498047 0.541016 0.496094 0.539062 0.482422 0.539062 0.482422 0.546875 0.484375 0.548828 0.484375 0.552734 0.488281 0.556641 0.488281 0.562500 0.492188 0.566406 0.492188 0.568359 0.496094 0.568359 0.500000 0.572266 0.500000 0.574219 0.501953 0.576172 0.501953 0.585938 0.500000 0.587891 0.500000 0.589844 0.501953 0.591797 0.501953 0.597656 0.503906 0.599609 0.503906 0.607422 0.505859 0.609375 0.505859 0.611328 0.507812 0.613281 0.507812 0.621094 0.509766 0.623047 0.509766 0.626953 0.511719 0.626953 0.513672 0.628906 0.513672 0.656250 0.509766 0.660156 0.503906 0.660156 0.501953 0.658203 0.501953 0.648438 0.500000 0.646484 0.500000 0.644531 0.498047 0.644531 0.496094 0.642578 0.496094 0.640625 0.482422 0.640625 0.482422 0.642578 0.480469 0.644531 0.478516 0.644531 0.476562 0.646484 0.464844 0.646484 0.462891 0.644531 0.457031 0.644531 0.455078 0.646484 0.453125 0.646484 0.449219 0.642578 0.445312 0.642578 0.437500 0.634766 0.437500 0.619141 0.439453 0.617188 0.441406 0.617188 0.441406 0.615234 0.443359 0.613281 0.443359 0.611328 0.445312 0.609375 0.445312 0.595703 0.443359 0.593750 0.443359 0.591797 0.441406 0.589844 0.441406 0.587891 0.435547 0.582031 0.435547 0.576172 0.433594 0.576172 0.429688 0.572266 0.425781 0.572266 0.423828 0.570312 0.417969 0.570312 0.416016 0.572266 0.410156 0.572266 0.408203 0.570312 0.408203 0.558594 0.414062 0.552734 0.414062 0.548828 0.412109 0.548828 0.408203 0.544922 0.408203 0.542969 0.400391 0.535156 0.396484 0.535156 0.394531 0.537109 0.386719 0.537109 0.380859 0.542969 0.371094 0.542969 0.369141 0.541016 0.369141 0.531250 0.378906 0.521484 0.384766 0.521484 0.386719 0.519531 0.396484 0.519531 0.398438 0.521484 0.414062 0.521484 0.416016 0.523438 0.416016 0.525391 0.439453 0.525391 0.443359 0.529297 0.449219 0.529297 0.451172 0.527344 0.453125 0.527344 0.455078 0.525391 0.458984 0.525391 0.458984 0.523438 0.460938 0.521484 0.464844 0.521484 0.468750 0.517578 0.470703 0.517578 0.474609 0.521484 0.476562 0.521484 0.476562 0.519531 0.474609 0.517578 0.474609 0.515625 0.472656 0.513672 0.476562 0.509766 0.476562 0.503906 0.478516 0.501953 0.484375 0.501953 0.484375 0.500000 0.486328 0.498047 0.488281 0.498047 0.488281 0.492188 0.490234 0.490234 0.496094 0.490234 0.496094 0.488281 0.498047 0.486328 0.501953 0.486328 0.503906 0.484375 0.513672 0.484375 0.515625 0.482422 0.515625 0.480469 0.517578 0.478516 0.523438 0.478516 0.523438 0.474609 0.525391 0.472656 0.525391 0.470703 0.531250 0.464844 0.531250 0.462891 0.533203 0.460938 0.533203 0.455078 0.529297 0.451172 0.531250 0.449219 0.533203 0.449219 0.533203 0.443359 0.529297 0.439453 0.527344 0.439453 0.525391 0.437500 0.515625 0.437500 0.513672 0.435547 0.501953 0.435547 0.501953 0.437500 0.500000 0.439453 0.498047 0.439453 0.498047 0.441406 0.496094 0.443359 0.494141 0.443359 0.494141 0.445312 0.492188 0.447266 0.490234 0.447266 0.484375 0.453125 0.484375 0.455078 0.482422 0.457031 0.476562 0.457031 0.474609 0.455078 0.470703 0.458984 0.468750 0.458984 0.468750 0.460938 0.464844 0.464844 0.464844 0.466797 0.462891 0.468750 0.462891 0.470703 0.460938 0.472656 0.458984 0.470703 0.457031 0.470703 0.455078 0.468750 0.455078 0.466797 0.451172 0.466797 0.449219 0.464844 0.447266 0.464844 0.445312 0.462891 0.441406 0.462891 0.437500 0.458984 0.433594 0.458984 0.431641 0.457031 0.427734 0.457031 0.425781 0.455078 0.423828 0.455078 0.421875 0.453125 0.414062 0.453125 0.408203 0.447266 0.408203 0.443359 0.402344 0.443359 0.398438 0.439453 0.398438 0.437500 0.396484 0.435547 0.396484 0.433594 0.402344 0.427734 0.406250 0.427734 0.406250 0.417969 0.408203 0.416016 0.412109 0.416016 0.412109 0.412109 0.414062 0.410156 0.416016 0.410156 0.416016 0.402344 0.414062 0.400391 0.414062 0.398438 0.412109 0.396484 0.412109 0.394531 0.410156 0.392578 0.406250 0.392578 0.404297 0.390625 0.408203 0.386719 0.408203 0.384766 0.410156 0.382812 0.410156 0.373047 0.408203 0.371094 0.408203 0.367188 0.398438 0.367188 0.398438 0.369141 0.394531 0.373047 0.394531 0.375000 0.388672 0.380859 0.388672 0.382812 0.386719 0.384766 0.386719 0.396484 0.388672 0.398438 0.388672 0.402344 0.396484 0.410156 0.396484 0.425781 0.392578 0.429688 0.384766 0.429688 0.380859 0.425781 0.380859 0.423828 0.376953 0.419922 0.376953 0.416016 0.375000 0.416016 0.373047 0.414062 0.365234 0.414062 0.363281 0.412109 0.363281 0.410156 0.359375 0.406250 0.353516 0.406250 0.351562 0.404297 0.347656 0.404297 0.345703 0.402344 0.341797 0.402344 0.337891 0.398438 0.335938 0.398438 0.332031 0.394531 0.332031 0.388672 0.333984 0.386719 0.333984 0.382812 0.332031 0.380859 0.332031 0.378906 0.333984 0.376953 0.333984 0.373047 0.337891 0.369141 0.339844 0.369141 0.339844 0.365234 0.343750 0.361328 0.343750 0.359375 0.347656 0.355469 0.355469 0.355469 0.357422 0.353516 0.380859 0.353516 0.382812 0.351562 0.390625 0.351562 0.392578 0.349609 0.404297 0.349609 0.404297 0.347656 0.406250 0.345703 0.408203 0.345703 0.412109 0.341797 0.414062 0.341797 0.416016 0.339844 0.414062 0.339844 0.412109 0.337891 0.412109 0.330078 0.414062 0.328125 0.414062 0.326172 0.416016 0.324219 0.417969 0.324219 0.419922 0.322266 0.419922 0.320312 0.421875 0.318359 0.419922 0.316406 0.419922 0.312500 0.416016 0.312500 0.414062 0.310547 0.408203 0.310547 0.406250 0.308594 0.406250 0.298828 0.410156 0.294922 0.410156 0.292969 0.412109 0.291016 0.414062 0.291016 0.414062 0.289062 0.416016 0.287109 0.417969 0.287109 0.417969 0.281250 0.419922 0.279297 0.425781 0.279297 0.425781 0.277344 0.427734 0.275391 0.441406 0.275391 0.441406 0.273438 0.443359 0.271484 0.445312 0.271484 0.445312 0.265625 0.447266 0.263672 0.449219 0.263672 0.449219 0.257812 0.451172 0.255859 0.453125 0.255859 0.453125 0.253906 0.455078 0.251953 0.460938 0.251953 0.460938 0.250000 0.462891 0.248047 0.464844 0.248047 0.466797 0.250000 0.466797 0.251953 0.468750 0.251953 0.470703 0.253906 0.470703 0.259766 0.472656 0.259766 0.474609 0.261719 0.474609 0.267578 0.476562 0.267578 0.478516 0.269531 0.478516 0.271484 0.484375 0.271484 0.486328 0.273438 0.486328 0.275391 0.488281 0.275391 0.490234 0.277344 0.490234 0.279297 0.492188 0.279297 0.496094 0.283203 0.496094 0.285156 0.498047 0.287109 0.498047 0.300781 0.503906 0.300781 0.505859 0.298828 0.507812 0.298828 0.507812 0.289062 0.509766 0.287109 0.509766 0.285156 0.511719 0.283203 0.517578 0.283203 0.521484 0.287109 0.529297 0.287109 0.531250 0.285156 0.531250 0.273438 0.523438 0.265625 0.525391 0.263672 0.546875 0.263672 0.546875 0.261719 0.548828 0.259766 0.550781 0.259766 0.550781 0.257812 0.552734 0.255859 0.558594 0.255859 0.560547 0.257812 0.560547 0.259766 0.562500 0.261719 0.562500 0.263672 0.564453 0.263672 0.566406 0.265625 0.568359 0.265625 0.572266 0.269531 0.572266 0.271484 0.576172 0.275391 0.601562 0.275391 0.601562 0.273438 0.599609 0.271484 0.599609 0.261719 0.603516 0.257812 0.605469 0.257812 0.605469 0.253906 0.607422 0.251953 0.609375 0.251953 0.609375 0.248047 0.611328 0.246094 0.615234 0.246094 0.621094 0.240234 0.626953 0.240234 0.626953 0.238281 0.628906 0.236328 0.632812 0.236328 0.634766 0.234375 0.636719 0.234375 0.636719 0.232422 0.638672 0.230469 0.642578 0.230469 0.646484 0.234375 0.646484 0.236328 0.648438 0.238281 0.648438 0.242188 0.654297 0.242188 0.656250 0.244141 0.660156 0.244141 0.662109 0.246094 0.662109 0.248047 0.664062 0.248047 0.666016 0.250000 0.666016 0.251953 0.683594 0.251953 0.685547 0.253906 0.699219 0.253906 0.701172 0.251953 0.710938 0.251953 0.712891 0.250000 0.718750 0.250000 0.720703 0.251953 0.724609 0.251953 0.726562 0.253906 0.728516 0.251953 0.730469 0.251953 0.734375 0.248047 0.740234 0.248047 0.744141 0.251953 0.748047 0.251953 0.750000 0.253906 0.753906 0.253906 0.755859 0.255859 0.757812 0.255859 0.759766 0.257812 0.759766 0.259766 0.761719 0.259766 0.763672 0.261719 0.765625 0.261719 0.767578 0.263672 0.781250 0.263672 0.781250 0.259766 0.791016 0.250000 0.791016 0.238281 0.789062 0.236328 0.789062 0.234375 0.787109 0.232422 0.787109 0.230469 0.783203 0.226562 0.783203 0.224609 0.781250 0.222656 0.781250 0.220703 0.785156 0.216797 0.794922 0.216797 0.794922 0.214844 0.796875 0.212891 0.800781 0.212891 0.802734 0.210938 0.804688 0.210938 0.808594 0.207031 0.808594 0.195312 0.806641 0.195312 0.804688 0.193359 0.798828 0.193359 0.794922 0.189453 0.792969 0.189453 0.785156 0.181641 0.785156 0.179688 0.783203 0.179688 0.781250 0.177734 0.777344 0.177734 0.765625 0.166016 0.765625 0.162109 0.769531 0.158203 0.769531 0.156250 0.771484 0.154297 0.771484 0.146484 0.769531 0.146484 0.765625 0.142578 0.765625 0.140625 0.767578 0.138672 0.765625 0.136719 0.759766 0.136719 0.757812 0.134766 0.757812 0.132812 0.753906 0.132812 0.751953 0.130859 0.751953 0.128906 0.748047 0.128906 0.746094 0.126953 0.742188 0.126953 0.740234 0.125000 0.720703 0.125000 0.714844 0.119141 0.714844 0.117188 0.712891 0.115234 0.712891 0.113281 0.716797 0.109375 0.718750 0.109375 0.720703 0.107422 0.722656 0.107422 0.722656 0.105469 0.724609 0.103516 0.726562 0.103516 0.726562 0.087891 0.724609 0.085938 0.724609 0.076172 0.722656 0.074219 0.722656 0.070312 0.720703 0.068359 0.720703 0.066406 0.718750 0.064453 0.720703 0.062500 0.720703 0.054688 0.722656 0.052734 0.722656 0.050781 0.724609 0.048828 0.724609 0.044922 0.726562 0.042969 0.726562 0.041016 0.730469 0.037109 0.732422 0.037109 0.732422 0.023438 0.730469 0.021484 0.730469 0.019531 0.722656 0.011719 0.720703 0.011719 0.718750 0.009766 0.718750 0.000000 0.693359 0.000000 0.693359 0.001953 0.687500 0.007812 0.685547 0.007812 0.685547 0.009766 0.683594 0.011719 0.683594 0.021484 0.689453 0.027344 0.689453 0.029297 0.691406 0.031250 0.691406 0.035156 0.689453 0.037109 0.689453 0.041016 0.687500 0.042969 0.683594 0.042969 0.681641 0.044922 0.679688 0.042969 0.675781 0.042969 0.673828 0.041016 0.656250 0.041016 0.654297 0.042969 0.646484 0.035156 0.646484 0.033203 0.644531 0.031250 0.644531 0.025391 0.646484 0.023438 0.646484 0.021484 0.648438 0.019531 0.652344 0.019531 0.654297 0.017578 0.669922 0.017578 0.669922 0.009766 0.667969 0.009766 0.664062 0.005859 0.664062 0.003906 0.660156 0.000000 0.642578 0.000000 0.642578 0.005859 0.640625 0.007812 0.632812 0.007812 0.628906 0.003906 0.628906 0.000000 0.605469 0.000000 0.603516 0.001953 0.601562 0.001953 0.593750 0.009766 0.591797 0.009766 0.591797 0.021484 0.599609 0.029297 0.599609 0.031250 0.601562 0.033203 0.603516 0.033203 0.605469 0.035156 0.605469 0.037109 0.607422 0.039062 0.609375 0.039062 0.611328 0.041016 0.611328 0.044922 0.615234 0.048828 0.615234 0.052734 0.617188 0.054688 0.611328 0.060547 0.609375 0.058594 0.607422 0.058594 0.605469 0.056641 0.601562 0.056641 0.599609 0.054688 0.597656 0.056641 0.593750 0.056641 0.593750 0.068359 0.589844 0.072266 0.589844 0.074219 0.585938 0.078125 0.585938 0.080078 0.583984 0.082031 0.582031 0.082031 0.582031 0.083984 0.580078 0.085938 0.580078 0.109375 0.582031 0.111328 0.582031 0.113281 0.583984 0.113281 0.591797 0.121094 0.591797 0.123047 0.593750 0.125000 0.593750 0.126953 0.595703 0.128906 0.593750 0.130859 0.593750 0.146484 0.597656 0.150391 0.599609 0.150391 0.601562 0.152344 0.603516 0.152344 0.607422 0.156250 0.607422 0.158203 0.611328 0.158203 0.617188 0.164062 0.615234 0.166016 0.599609 0.166016 0.597656 0.167969 0.595703 0.167969 0.593750 0.169922 0.587891 0.169922 0.585938 0.171875 0.558594 0.171875 0.556641 0.169922 0.556641 0.164062 0.554688 0.162109 0.542969 0.162109 0.541016 0.164062 0.539062 0.164062 0.537109 0.166016 0.537109 0.171875 0.535156 0.173828 0.533203 0.171875 0.533203 0.169922 0.529297 0.169922 0.525391 0.166016 0.513672 0.166016 0.513672 0.173828 0.515625 0.173828 0.521484 0.179688 0.517578 0.183594 0.517578 0.185547 0.515625 0.187500 0.501953 0.187500 0.500000 0.185547 0.500000 0.183594 0.498047 0.183594 0.494141 0.179688 0.494141 0.177734 0.492188 0.175781 0.492188 0.169922 0.488281 0.166016 0.488281 0.162109 0.486328 0.162109 0.484375 0.164062 0.476562 0.164062 0.474609 0.162109 0.474609 0.156250 0.478516 0.152344 0.482422 0.152344 0.484375 0.150391 0.488281 0.150391 0.488281 0.148438 0.490234 0.146484 0.492188 0.146484 0.496094 0.142578 0.496094 0.136719 0.498047 0.134766 0.500000 0.134766 0.500000 0.125000 0.501953 0.123047 0.505859 0.123047 0.509766 0.119141 0.513672 0.119141 0.515625 0.117188 0.521484 0.117188 0.523438 0.115234 0.525391 0.115234 0.525391 0.113281 0.529297 0.109375 0.529297 0.107422 0.531250 0.105469 0.531250 0.103516 0.533203 0.101562 0.535156 0.101562 0.535156 0.093750 0.531250 0.089844 0.531250 0.087891 0.527344 0.083984 0.527344 0.082031 0.525391 0.080078 0.525391 0.076172 0.523438 0.074219 0.523438 0.072266 0.519531 0.068359 0.521484 0.066406 0.529297 0.066406 0.529297 0.056641 0.525391 0.052734 0.515625 0.052734 0.511719 0.048828 0.511719 0.046875 0.507812 0.042969 0.507812 0.037109 0.511719 0.033203 0.511719 0.025391 0.513672 0.023438 0.513672 0.015625 0.511719 0.013672 0.511719 0.011719 0.509766 0.009766 0.498047 0.009766 0.494141 0.005859 0.490234 0.005859 0.488281 0.003906 0.486328 0.003906 0.484375 0.005859 0.484375 0.009766 0.482422 0.011719 0.480469 0.011719 0.472656 0.019531 0.470703 0.019531 0.472656 0.021484 0.472656 0.023438 0.476562 0.027344 0.476562 0.029297 0.478516 0.031250 0.478516 0.035156 0.488281 0.044922 0.492188 0.044922 0.494141 0.046875 0.494141 0.048828 0.496094 0.050781 0.500000 0.050781 0.505859 0.056641 0.505859 0.058594 0.509766 0.062500 0.509766 0.078125 0.511719 0.078125 0.513672 0.080078 0.513672 0.089844 0.511719 0.091797 0.511719 0.093750 0.509766 0.095703 0.509766 0.097656 0.503906 0.103516 0.488281 0.103516 0.486328 0.101562 0.486328 0.097656 0.484375 0.097656 0.482422 0.095703 0.482422 0.093750 0.466797 0.093750 0.464844 0.091797 0.462891 0.091797 0.458984 0.095703 0.457031 0.095703 0.453125 0.099609 0.449219 0.095703 0.449219 0.093750 0.447266 0.091797 0.449219 0.089844 0.455078 0.089844 0.458984 0.085938 0.460938 0.085938 0.462891 0.083984 0.462891 0.072266 0.464844 0.070312 0.464844 0.066406 0.466797 0.064453 0.466797 0.054688 0.462891 0.050781 0.462891 0.048828 0.458984 0.044922 0.458984 0.042969 0.455078 0.042969 0.453125 0.041016 0.453125 0.037109 0.449219 0.033203 0.449219 0.031250 0.443359 0.031250 0.441406 0.029297 0.441406 0.025391 0.437500 0.021484 0.437500 0.019531 0.425781 0.019531 0.423828 0.017578 0.423828 0.015625 0.419922 0.015625 0.417969 0.013672 0.416016 0.013672 0.410156 0.007812 0.406250 0.007812 0.404297 0.005859 0.402344 0.005859 0.400391 0.003906 0.400391 0.001953 0.398438 0.001953 0.396484 0.000000 0.376953 0.000000 0.376953 0.005859 0.375000 0.007812 0.375000 0.009766 0.373047 0.011719 0.373047 0.013672 0.371094 0.015625 0.369141 0.015625 0.367188 0.017578 0.365234 0.017578 0.363281 0.019531 0.359375 0.019531 0.357422 0.021484 0.343750 0.021484 0.337891 0.015625 0.337891 0.011719 0.333984 0.007812 0.333984 0.005859 0.330078 0.001953 0.330078 0.000000 0.263672 0.000000 0.261719 0.001953 0.259766 0.001953 0.257812 0.003906 0.242188 0.003906 0.238281 0.000000
0 0.046875 0.000000 0.050781 0.000000 0.052734 0.001953 0.064453 0.001953 0.066406 0.003906 0.066406 0.009766 0.062500 0.013672 0.060547 0.013672 0.064453 0.017578 0.064453 0.019531 0.068359 0.019531 0.070312 0.017578 0.087891 0.017578 0.097656 0.007812 0.097656 0.005859 0.101562 0.001953 0.101562 0.000000
0 0.000000 0.000000 0.000000 0.041016 0.003906 0.044922 0.019531 0.044922 0.019531 0.042969 0.025391 0.037109 0.025391 0.031250 0.027344 0.029297 0.027344 0.027344 0.031250 0.023438 0.031250 0.015625 0.029297 0.013672 0.029297 0.011719 0.025391 0.007812 0.025391 0.005859 0.023438 0.003906 0.023438 0.000000