0 0.240234 0.982422 0.240234 0.986328 0.238281 0.988281 0.238281 0.992188 0.251953 0.992188 0.251953 0.986328 0.250000 0.986328 0.248047 0.984375 0.248047 0.982422
0 0.328125 0.904297 0.326172 0.906250 0.324219 0.906250 0.322266 0.908203 0.320312 0.908203 0.318359 0.910156 0.316406 0.908203 0.316406 0.910156 0.314453 0.912109 0.312500 0.912109 0.306641 0.917969 0.304688 0.917969 0.304688 0.919922 0.306641 0.921875 0.306641 0.925781 0.322266 0.941406 0.322266 0.945312 0.320312 0.947266 0.320312 0.951172 0.318359 0.953125 0.316406 0.953125 0.316406 0.957031 0.320312 0.960938 0.322266 0.960938 0.324219 0.962891 0.324219 0.964844 0.328125 0.968750 0.330078 0.968750 0.332031 0.970703 0.335938 0.970703 0.335938 0.960938 0.337891 0.958984 0.337891 0.957031 0.343750 0.951172 0.343750 0.947266 0.345703 0.945312 0.345703 0.943359 0.343750 0.941406 0.339844 0.941406 0.337891 0.943359 0.335938 0.943359 0.333984 0.941406 0.339844 0.935547 0.339844 0.933594 0.341797 0.931641 0.341797 0.925781 0.337891 0.925781 0.335938 0.923828 0.335938 0.921875 0.330078 0.916016 0.330078 0.912109 0.332031 0.910156 0.332031 0.908203 0.335938 0.904297
0 0.988281 0.728516 0.984375 0.732422 0.982422 0.732422 0.982422 0.734375 0.980469 0.736328 0.980469 0.738281 0.982422 0.738281 0.984375 0.740234 0.984375 0.744141 0.988281 0.748047 0.988281 0.753906 0.990234 0.755859 0.990234 0.757812 0.992188 0.759766 0.992188 0.761719 0.992188 0.728516
0 0.765625 0.617188 0.765625 0.619141 0.761719 0.623047 0.761719 0.626953 0.757812 0.630859 0.755859 0.630859 0.753906 0.632812 0.753906 0.636719 0.761719 0.636719 0.763672 0.634766 0.767578 0.634766 0.769531 0.632812 0.773438 0.632812 0.773438 0.625000 0.771484 0.623047 0.771484 0.617188
0 0.785156 0.611328 0.781250 0.615234 0.781250 0.619141 0.783203 0.621094 0.787109 0.621094 0.789062 0.623047 0.791016 0.623047 0.791016 0.621094 0.792969 0.619141 0.798828 0.619141 0.798828 0.615234 0.794922 0.615234 0.792969 0.613281 0.791016 0.613281 0.789062 0.611328
0 0.310547 0.599609 0.308594 0.601562 0.306641 0.601562 0.304688 0.603516 0.304688 0.605469 0.302734 0.607422 0.302734 0.609375 0.300781 0.611328 0.300781 0.619141 0.304688 0.619141 0.306641 0.621094 0.306641 0.623047 0.308594 0.623047 0.306641 0.621094 0.310547 0.617188 0.310547 0.613281 0.312500 0.611328 0.314453 0.613281 0.316406 0.613281 0.316406 0.611328 0.314453 0.609375 0.316406 0.607422 0.316406 0.601562 0.314453 0.601562 0.312500 0.599609
0 0.705078 0.587891 0.701172 0.591797 0.697266 0.591797 0.695312 0.593750 0.689453 0.593750 0.689453 0.597656 0.691406 0.599609 0.693359 0.599609 0.695312 0.601562 0.697266 0.599609 0.701172 0.599609 0.701172 0.597656 0.703125 0.595703 0.703125 0.591797 0.705078 0.589844
0 0.373047 0.574219 0.371094 0.576172 0.369141 0.576172 0.367188 0.578125 0.367188 0.585938 0.369141 0.587891 0.369141 0.593750 0.371094 0.595703 0.373047 0.595703 0.376953 0.599609 0.376953 0.601562 0.380859 0.601562 0.380859 0.595703 0.382812 0.593750 0.384766 0.593750 0.384766 0.591797 0.386719 0.589844 0.386719 0.580078 0.384766 0.578125 0.378906 0.578125 0.375000 0.574219
0 0.248047 0.548828 0.248047 0.554688 0.246094 0.556641 0.244141 0.556641 0.242188 0.558594 0.240234 0.558594 0.234375 0.564453 0.234375 0.566406 0.236328 0.568359 0.236328 0.570312 0.246094 0.570312 0.248047 0.572266 0.248047 0.570312 0.255859 0.562500 0.259766 0.562500 0.259766 0.556641 0.257812 0.554688 0.257812 0.550781 0.255859 0.548828
0 0.214844 0.529297 0.212891 0.531250 0.208984 0.531250 0.208984 0.539062 0.205078 0.542969 0.203125 0.541016 0.203125 0.544922 0.201172 0.546875 0.201172 0.548828 0.199219 0.550781 0.199219 0.552734 0.197266 0.554688 0.197266 0.560547 0.195312 0.562500 0.193359 0.562500 0.193359 0.564453 0.191406 0.566406 0.191406 0.572266 0.193359 0.574219 0.201172 0.574219 0.203125 0.576172 0.205078 0.576172 0.207031 0.578125 0.207031 0.580078 0.212891 0.580078 0.214844 0.578125 0.218750 0.578125 0.218750 0.568359 0.220703 0.566406 0.220703 0.556641 0.224609 0.552734 0.224609 0.550781 0.230469 0.544922 0.230469 0.539062 0.226562 0.539062 0.218750 0.531250 0.216797 0.531250
0 0.185547 0.521484 0.185547 0.525391 0.183594 0.527344 0.181641 0.527344 0.179688 0.529297 0.177734 0.529297 0.175781 0.531250 0.175781 0.537109 0.181641 0.542969 0.187500 0.542969 0.193359 0.537109 0.195312 0.537109 0.197266 0.535156 0.199219 0.535156 0.199219 0.533203 0.197266 0.533203 0.193359 0.529297 0.195312 0.527344 0.195312 0.525391 0.193359 0.523438 0.191406 0.523438 0.189453 0.521484
0 0.000000 0.521484 0.000000 0.992188 0.216797 0.992188 0.222656 0.986328 0.220703 0.984375 0.232422 0.972656 0.236328 0.972656 0.238281 0.970703 0.244141 0.970703 0.246094 0.972656 0.251953 0.972656 0.251953 0.970703 0.255859 0.966797 0.255859 0.962891 0.253906 0.962891 0.251953 0.960938 0.251953 0.957031 0.250000 0.955078 0.250000 0.953125 0.246094 0.949219 0.246094 0.943359 0.248047 0.941406 0.246094 0.939453 0.242188 0.939453 0.240234 0.937500 0.244141 0.933594 0.246094 0.933594 0.246094 0.929688 0.250000 0.925781 0.251953 0.925781 0.253906 0.927734 0.253906 0.931641 0.255859 0.933594 0.255859 0.937500 0.257812 0.935547 0.259766 0.937500 0.259766 0.943359 0.261719 0.943359 0.271484 0.953125 0.271484 0.957031 0.269531 0.958984 0.267578 0.958984 0.267578 0.960938 0.271484 0.964844 0.269531 0.966797 0.269531 0.968750 0.267578 0.970703 0.269531 0.972656 0.267578 0.974609 0.271484 0.978516 0.271484 0.984375 0.275391 0.984375 0.277344 0.986328 0.279297 0.986328 0.283203 0.982422 0.285156 0.982422 0.287109 0.984375 0.289062 0.984375 0.291016 0.986328 0.289062 0.988281 0.292969 0.984375 0.294922 0.984375 0.294922 0.982422 0.296875 0.980469 0.296875 0.978516 0.294922 0.976562 0.294922 0.970703 0.292969 0.968750 0.292969 0.966797 0.294922 0.964844 0.294922 0.953125 0.296875 0.951172 0.296875 0.943359 0.294922 0.943359 0.292969 0.941406 0.292969 0.939453 0.291016 0.939453 0.289062 0.937500 0.289062 0.933594 0.285156 0.929688 0.285156 0.927734 0.283203 0.925781 0.273438 0.925781 0.271484 0.927734 0.263672 0.927734 0.261719 0.925781 0.259766 0.925781 0.257812 0.923828 0.257812 0.919922 0.255859 0.917969 0.255859 0.916016 0.253906 0.914062 0.253906 0.906250 0.250000 0.906250 0.248047 0.904297 0.248047 0.902344 0.246094 0.900391 0.242188 0.900391 0.240234 0.902344 0.236328 0.902344 0.236328 0.908203 0.230469 0.914062 0.230469 0.916016 0.226562 0.919922 0.224609 0.919922 0.226562 0.921875 0.220703 0.927734 0.212891 0.927734 0.210938 0.925781 0.210938 0.923828 0.210938 0.925781 0.207031 0.929688 0.205078 0.929688 0.203125 0.927734 0.203125 0.929688 0.201172 0.931641 0.201172 0.935547 0.199219 0.937500 0.201172 0.939453 0.201172 0.943359 0.203125 0.945312 0.201172 0.947266 0.199219 0.947266 0.195312 0.951172 0.191406 0.951172 0.189453 0.949219 0.187500 0.949219 0.185547 0.947266 0.187500 0.945312 0.189453 0.945312 0.191406 0.943359 0.193359 0.943359 0.191406 0.941406 0.189453 0.941406 0.187500 0.939453 0.179688 0.939453 0.177734 0.937500 0.167969 0.937500 0.164062 0.933594 0.160156 0.937500 0.160156 0.939453 0.158203 0.941406 0.154297 0.941406 0.148438 0.935547 0.148438 0.933594 0.146484 0.931641 0.146484 0.927734 0.144531 0.925781 0.148438 0.921875 0.150391 0.923828 0.150391 0.925781 0.156250 0.925781 0.158203 0.927734 0.160156 0.925781 0.164062 0.925781 0.166016 0.923828 0.167969 0.923828 0.173828 0.917969 0.173828 0.916016 0.175781 0.914062 0.177734 0.916016 0.177734 0.917969 0.179688 0.917969 0.181641 0.916016 0.183594 0.917969 0.183594 0.919922 0.181641 0.921875 0.181641 0.927734 0.183594 0.929688 0.187500 0.929688 0.195312 0.921875 0.199219 0.921875 0.199219 0.919922 0.197266 0.921875 0.195312 0.919922 0.195312 0.916016 0.193359 0.916016 0.191406 0.914062 0.191406 0.912109 0.185547 0.912109 0.183594 0.910156 0.183594 0.908203 0.181641 0.908203 0.179688 0.906250 0.179688 0.904297 0.173828 0.904297 0.171875 0.906250 0.169922 0.906250 0.167969 0.908203 0.166016 0.906250 0.162109 0.910156 0.160156 0.908203 0.154297 0.908203 0.152344 0.906250 0.142578 0.906250 0.140625 0.908203 0.138672 0.908203 0.136719 0.906250 0.136719 0.904297 0.138672 0.902344 0.138672 0.900391 0.140625 0.898438 0.144531 0.898438 0.146484 0.896484 0.146484 0.894531 0.148438 0.892578 0.142578 0.886719 0.142578 0.888672 0.140625 0.890625 0.138672 0.888672 0.138672 0.886719 0.132812 0.880859 0.132812 0.878906 0.130859 0.876953 0.138672 0.869141 0.142578 0.869141 0.144531 0.871094 0.156250 0.871094 0.160156 0.867188 0.166016 0.867188 0.169922 0.863281 0.171875 0.863281 0.173828 0.861328 0.175781 0.861328 0.177734 0.859375 0.179688 0.859375 0.179688 0.857422 0.183594 0.853516 0.183594 0.851562 0.185547 0.849609 0.187500 0.849609 0.187500 0.847656 0.189453 0.845703 0.193359 0.845703 0.195312 0.847656 0.195312 0.855469 0.197266 0.857422 0.197266 0.859375 0.195312 0.861328 0.195312 0.865234 0.197266 0.867188 0.197266 0.869141 0.199219 0.871094 0.201172 0.871094 0.205078 0.875000 0.205078 0.873047 0.207031 0.871094 0.208984 0.871094 0.210938 0.873047 0.212891 0.871094 0.218750 0.871094 0.220703 0.873047 0.220703 0.876953 0.214844 0.882812 0.214844 0.890625 0.216797 0.890625 0.218750 0.892578 0.226562 0.892578 0.228516 0.890625 0.228516 0.888672 0.236328 0.880859 0.236328 0.876953 0.238281 0.875000 0.238281 0.873047 0.240234 0.871094 0.240234 0.867188 0.242188 0.865234 0.242188 0.859375 0.244141 0.857422 0.244141 0.855469 0.246094 0.853516 0.246094 0.847656 0.244141 0.845703 0.244141 0.839844 0.240234 0.835938 0.240234 0.833984 0.230469 0.833984 0.226562 0.830078 0.226562 0.826172 0.224609 0.824219 0.224609 0.822266 0.222656 0.820312 0.222656 0.818359 0.230469 0.810547 0.232422 0.810547 0.234375 0.808594 0.236328 0.808594 0.238281 0.806641 0.240234 0.806641 0.242188 0.808594 0.244141 0.808594 0.246094 0.806641 0.248047 0.806641 0.250000 0.808594 0.251953 0.808594 0.253906 0.810547 0.248047 0.816406 0.248047 0.826172 0.251953 0.830078 0.251953 0.832031 0.253906 0.833984 0.253906 0.837891 0.263672 0.837891 0.265625 0.835938 0.265625 0.833984 0.267578 0.832031 0.269531 0.833984 0.271484 0.833984 0.279297 0.841797 0.279297 0.843750 0.281250 0.845703 0.285156 0.845703 0.287109 0.843750 0.287109 0.841797 0.289062 0.839844 0.289062 0.837891 0.292969 0.833984 0.298828 0.833984 0.306641 0.826172 0.308594 0.826172 0.308594 0.824219 0.310547 0.822266 0.310547 0.814453 0.312500 0.812500 0.314453 0.812500 0.314453 0.810547 0.316406 0.808594 0.318359 0.808594 0.320312 0.810547 0.320312 0.812500 0.324219 0.812500 0.326172 0.810547 0.328125 0.810547 0.330078 0.812500 0.330078 0.816406 0.332031 0.816406 0.333984 0.818359 0.333984 0.832031 0.337891 0.832031 0.341797 0.835938 0.341797 0.837891 0.349609 0.837891 0.353516 0.841797 0.353516 0.849609 0.355469 0.851562 0.355469 0.853516 0.361328 0.859375 0.361328 0.865234 0.363281 0.865234 0.365234 0.867188 0.367188 0.867188 0.371094 0.863281 0.373047 0.863281 0.375000 0.861328 0.376953 0.861328 0.378906 0.859375 0.386719 0.859375 0.390625 0.863281 0.390625 0.859375 0.394531 0.855469 0.400391 0.855469 0.402344 0.857422 0.406250 0.857422 0.410156 0.861328 0.410156 0.863281 0.412109 0.865234 0.412109 0.867188 0.414062 0.869141 0.414062 0.871094 0.408203 0.876953 0.408203 0.878906 0.406250 0.880859 0.404297 0.880859 0.402344 0.878906 0.402344 0.876953 0.400391 0.876953 0.398438 0.875000 0.396484 0.876953 0.396484 0.880859 0.394531 0.882812 0.394531 0.884766 0.392578 0.886719 0.394531 0.888672 0.396484 0.888672 0.398438 0.890625 0.398438 0.898438 0.394531 0.902344 0.394531 0.904297 0.388672 0.910156 0.386719 0.910156 0.388672 0.912109 0.388672 0.914062 0.386719 0.916016 0.384766 0.916016 0.382812 0.917969 0.382812 0.919922 0.378906 0.923828 0.376953 0.923828 0.373047 0.927734 0.373047 0.929688 0.378906 0.935547 0.386719 0.935547 0.386719 0.933594 0.390625 0.929688 0.392578 0.929688 0.396484 0.933594 0.396484 0.935547 0.402344 0.941406 0.402344 0.947266 0.400391 0.949219 0.394531 0.949219 0.392578 0.951172 0.392578 0.955078 0.386719 0.960938 0.386719 0.962891 0.384766 0.964844 0.386719 0.966797 0.386719 0.972656 0.384766 0.974609 0.380859 0.974609 0.378906 0.972656 0.373047 0.972656 0.371094 0.974609 0.365234 0.974609 0.365234 0.982422 0.367188 0.984375 0.365234 0.986328 0.361328 0.986328 0.361328 0.992188 0.992188 0.992188 0.992188 0.917969 0.990234 0.917969 0.986328 0.914062 0.984375 0.916016 0.982422 0.916016 0.980469 0.914062 0.980469 0.910156 0.978516 0.908203 0.978516 0.906250 0.980469 0.904297 0.980469 0.902344 0.982422 0.900391 0.984375 0.902344 0.990234 0.902344 0.992188 0.900391 0.992188 0.769531 0.990234 0.769531 0.988281 0.767578 0.988281 0.769531 0.986328 0.771484 0.982422 0.771484 0.980469 0.773438 0.980469 0.777344 0.978516 0.779297 0.978516 0.781250 0.976562 0.783203 0.968750 0.775391 0.968750 0.773438 0.970703 0.771484 0.966797 0.767578 0.968750 0.765625 0.968750 0.763672 0.966797 0.761719 0.974609 0.753906 0.976562 0.753906 0.976562 0.746094 0.974609 0.746094 0.972656 0.744141 0.972656 0.738281 0.968750 0.738281 0.968750 0.740234 0.966797 0.742188 0.966797 0.750000 0.964844 0.751953 0.964844 0.753906 0.958984 0.759766 0.958984 0.761719 0.957031 0.763672 0.955078 0.763672 0.953125 0.761719 0.953125 0.757812 0.949219 0.753906 0.945312 0.753906 0.945312 0.755859 0.943359 0.757812 0.941406 0.755859 0.939453 0.755859 0.935547 0.751953 0.933594 0.751953 0.931641 0.750000 0.925781 0.750000 0.921875 0.753906 0.921875 0.755859 0.919922 0.757812 0.921875 0.759766 0.921875 0.763672 0.927734 0.769531 0.929688 0.769531 0.933594 0.773438 0.929688 0.777344 0.929688 0.781250 0.925781 0.785156 0.917969 0.785156 0.914062 0.789062 0.914062 0.796875 0.916016 0.798828 0.910156 0.804688 0.904297 0.804688 0.902344 0.802734 0.900391 0.802734 0.896484 0.806641 0.896484 0.808594 0.894531 0.810547 0.894531 0.812500 0.888672 0.818359 0.888672 0.820312 0.884766 0.824219 0.884766 0.830078 0.886719 0.830078 0.890625 0.833984 0.894531 0.833984 0.896484 0.835938 0.898438 0.835938 0.900391 0.837891 0.900391 0.839844 0.906250 0.839844 0.908203 0.841797 0.910156 0.839844 0.910156 0.837891 0.912109 0.835938 0.914062 0.837891 0.917969 0.837891 0.919922 0.835938 0.929688 0.845703 0.929688 0.847656 0.935547 0.847656 0.937500 0.849609 0.937500 0.851562 0.939453 0.853516 0.947266 0.853516 0.951172 0.849609 0.951172 0.847656 0.953125 0.845703 0.953125 0.841797 0.955078 0.839844 0.958984 0.839844 0.960938 0.841797 0.962891 0.841797 0.964844 0.843750 0.964844 0.845703 0.970703 0.851562 0.968750 0.853516 0.964844 0.853516 0.955078 0.863281 0.949219 0.863281 0.951172 0.865234 0.951172 0.867188 0.953125 0.867188 0.955078 0.869141 0.955078 0.871094 0.957031 0.871094 0.958984 0.873047 0.957031 0.875000 0.958984 0.876953 0.958984 0.880859 0.960938 0.880859 0.962891 0.882812 0.962891 0.884766 0.966797 0.888672 0.966797 0.890625 0.968750 0.892578 0.968750 0.904297 0.966797 0.906250 0.960938 0.906250 0.962891 0.908203 0.958984 0.912109 0.955078 0.912109 0.953125 0.910156 0.947266 0.910156 0.945312 0.912109 0.935547 0.912109 0.933594 0.914062 0.931641 0.914062 0.927734 0.917969 0.919922 0.917969 0.916016 0.921875 0.914062 0.921875 0.914062 0.923828 0.912109 0.925781 0.910156 0.925781 0.908203 0.927734 0.904297 0.927734 0.902344 0.925781 0.902344 0.919922 0.904297 0.917969 0.904297 0.916016 0.912109 0.908203 0.908203 0.904297 0.908203 0.902344 0.910156 0.900391 0.908203 0.898438 0.910156 0.896484 0.910156 0.892578 0.908203 0.892578 0.906250 0.890625 0.906250 0.888672 0.896484 0.888672 0.892578 0.892578 0.888672 0.892578 0.882812 0.898438 0.882812 0.902344 0.880859 0.904297 0.880859 0.914062 0.878906 0.916016 0.876953 0.916016 0.875000 0.914062 0.873047 0.914062 0.871094 0.916016 0.869141 0.916016 0.867188 0.914062 0.863281 0.914062 0.861328 0.916016 0.859375 0.914062 0.859375 0.912109 0.857422 0.912109 0.855469 0.910156 0.853516 0.912109 0.851562 0.910156 0.851562 0.908203 0.847656 0.908203 0.845703 0.910156 0.843750 0.908203 0.843750 0.904297 0.837891 0.898438 0.839844 0.896484 0.837891 0.896484 0.835938 0.894531 0.835938 0.892578 0.830078 0.892578 0.828125 0.890625 0.828125 0.888672 0.826172 0.888672 0.826172 0.890625 0.824219 0.892578 0.820312 0.892578 0.816406 0.888672 0.808594 0.888672 0.804688 0.884766 0.804688 0.880859 0.802734 0.878906 0.796875 0.878906 0.792969 0.875000 0.791016 0.876953 0.785156 0.876953 0.783203 0.878906 0.777344 0.878906 0.773438 0.875000 0.773438 0.873047 0.771484 0.871094 0.765625 0.871094 0.763672 0.869141 0.763672 0.867188 0.761719 0.869141 0.759766 0.867188 0.755859 0.867188 0.753906 0.865234 0.751953 0.865234 0.748047 0.869141 0.744141 0.869141 0.742188 0.871094 0.740234 0.871094 0.738281 0.873047 0.738281 0.875000 0.734375 0.878906 0.732422 0.878906 0.730469 0.880859 0.724609 0.880859 0.722656 0.878906 0.722656 0.875000 0.724609 0.873047 0.724609 0.871094 0.722656 0.869141 0.722656 0.863281 0.724609 0.861328 0.724609 0.849609 0.718750 0.843750 0.716797 0.843750 0.714844 0.841797 0.710938 0.841797 0.708984 0.843750 0.703125 0.837891 0.701172 0.837891 0.697266 0.833984 0.697266 0.832031 0.699219 0.830078 0.699219 0.824219 0.697266 0.822266 0.695312 0.822266 0.691406 0.818359 0.689453 0.818359 0.687500 0.816406 0.685547 0.816406 0.683594 0.814453 0.683594 0.812500 0.681641 0.810547 0.681641 0.806641 0.679688 0.804688 0.675781 0.804688 0.673828 0.806641 0.671875 0.806641 0.671875 0.810547 0.675781 0.814453 0.675781 0.822266 0.671875 0.826172 0.666016 0.826172 0.664062 0.824219 0.664062 0.816406 0.666016 0.814453 0.666016 0.812500 0.660156 0.812500 0.656250 0.808594 0.656250 0.806641 0.652344 0.806641 0.652344 0.814453 0.654297 0.816406 0.652344 0.818359 0.652344 0.820312 0.654297 0.822266 0.654297 0.826172 0.656250 0.828125 0.656250 0.830078 0.658203 0.832031 0.658203 0.839844 0.656250 0.841797 0.656250 0.849609 0.654297 0.851562 0.652344 0.849609 0.650391 0.849609 0.648438 0.847656 0.648438 0.845703 0.644531 0.845703 0.640625 0.841797 0.638672 0.841797 0.636719 0.839844 0.636719 0.828125 0.634766 0.826172 0.634766 0.812500 0.628906 0.806641 0.628906 0.798828 0.626953 0.796875 0.625000 0.796875 0.619141 0.791016 0.619141 0.785156 0.617188 0.783203 0.617188 0.775391 0.615234 0.773438 0.615234 0.771484 0.611328 0.771484 0.611328 0.773438 0.609375 0.775391 0.607422 0.775391 0.607422 0.777344 0.603516 0.781250 0.603516 0.783203 0.599609 0.787109 0.597656 0.787109 0.595703 0.789062 0.595703 0.800781 0.593750 0.802734 0.593750 0.804688 0.591797 0.806641 0.589844 0.806641 0.583984 0.812500 0.578125 0.812500 0.576172 0.814453 0.574219 0.814453 0.574219 0.816406 0.572266 0.818359 0.570312 0.818359 0.568359 0.820312 0.564453 0.820312 0.562500 0.822266 0.560547 0.822266 0.558594 0.820312 0.556641 0.822266 0.556641 0.824219 0.554688 0.826172 0.552734 0.826172 0.552734 0.830078 0.550781 0.832031 0.544922 0.832031 0.542969 0.830078 0.541016 0.830078 0.539062 0.828125 0.539062 0.820312 0.535156 0.816406 0.529297 0.816406 0.527344 0.814453 0.525391 0.814453 0.523438 0.812500 0.523438 0.804688 0.521484 0.802734 0.521484 0.800781 0.519531 0.800781 0.517578 0.798828 0.517578 0.792969 0.515625 0.791016 0.515625 0.787109 0.523438 0.779297 0.525391 0.779297 0.527344 0.781250 0.527344 0.783203 0.531250 0.787109 0.531250 0.789062 0.533203 0.791016 0.535156 0.791016 0.537109 0.792969 0.537109 0.794922 0.539062 0.796875 0.544922 0.796875 0.546875 0.794922 0.550781 0.794922 0.556641 0.789062 0.558594 0.791016 0.558594 0.796875 0.564453 0.796875 0.566406 0.798828 0.568359 0.798828 0.570312 0.796875 0.572266 0.798828 0.574219 0.796875 0.574219 0.794922 0.576172 0.792969 0.576172 0.791016 0.578125 0.789062 0.578125 0.785156 0.580078 0.783203 0.582031 0.783203 0.582031 0.781250 0.583984 0.779297 0.585938 0.779297 0.585938 0.775391 0.587891 0.773438 0.595703 0.773438 0.593750 0.771484 0.593750 0.767578 0.595703 0.765625 0.595703 0.763672 0.597656 0.761719 0.597656 0.757812 0.599609 0.755859 0.599609 0.744141 0.601562 0.742188 0.601562 0.736328 0.603516 0.734375 0.603516 0.732422 0.611328 0.724609 0.611328 0.718750 0.609375 0.718750 0.607422 0.716797 0.607422 0.712891 0.601562 0.707031 0.601562 0.705078 0.597656 0.705078 0.593750 0.701172 0.591797 0.701172 0.589844 0.699219 0.587891 0.699219 0.585938 0.697266 0.583984 0.697266 0.582031 0.695312 0.578125 0.695312 0.576172 0.693359 0.570312 0.693359 0.568359 0.695312 0.568359 0.697266 0.566406 0.699219 0.564453 0.699219 0.562500 0.701172 0.562500 0.703125 0.560547 0.705078 0.558594 0.705078 0.554688 0.708984 0.552734 0.708984 0.550781 0.710938 0.546875 0.710938 0.544922 0.712891 0.541016 0.712891 0.539062 0.714844 0.535156 0.714844 0.533203 0.716797 0.515625 0.716797 0.513672 0.718750 0.511719 0.718750 0.509766 0.716797 0.503906 0.716797 0.501953 0.714844 0.500000 0.714844 0.498047 0.712891 0.496094 0.712891 0.488281 0.705078 0.482422 0.705078 0.480469 0.703125 0.474609 0.703125 0.472656 0.705078 0.466797 0.705078 0.464844 0.703125 0.464844 0.701172 0.462891 0.703125 0.460938 0.703125 0.458984 0.701172 0.449219 0.701172 0.447266 0.703125 0.439453 0.703125 0.433594 0.708984 0.431641 0.707031 0.425781 0.707031 0.421875 0.703125 0.419922 0.703125 0.417969 0.701172 0.417969 0.699219 0.416016 0.699219 0.414062 0.697266 0.412109 0.697266 0.408203 0.693359 0.406250 0.695312 0.404297 0.693359 0.392578 0.693359 0.390625 0.695312 0.386719 0.695312 0.386719 0.697266 0.382812 0.701172 0.380859 0.701172 0.378906 0.699219 0.376953 0.699219 0.375000 0.701172 0.371094 0.701172 0.367188 0.705078 0.367188 0.708984 0.365234 0.710938 0.363281 0.710938 0.363281 0.712891 0.361328 0.714844 0.357422 0.714844 0.355469 0.712891 0.355469 0.710938 0.353516 0.708984 0.351562 0.708984 0.349609 0.707031 0.349609 0.705078 0.347656 0.703125 0.349609 0.701172 0.349609 0.699219 0.351562 0.697266 0.357422 0.697266 0.359375 0.699219 0.363281 0.699219 0.365234 0.697266 0.365234 0.693359 0.367188 0.691406 0.359375 0.683594 0.359375 0.681641 0.357422 0.679688 0.357422 0.675781 0.351562 0.675781 0.351562 0.677734 0.349609 0.679688 0.345703 0.679688 0.343750 0.677734 0.341797 0.677734 0.339844 0.675781 0.339844 0.667969 0.335938 0.664062 0.335938 0.662109 0.333984 0.660156 0.333984 0.658203 0.326172 0.658203 0.324219 0.656250 0.322266 0.656250 0.320312 0.654297 0.318359 0.656250 0.314453 0.656250 0.312500 0.658203 0.310547 0.656250 0.310547 0.652344 0.308594 0.654297 0.302734 0.654297 0.300781 0.652344 0.300781 0.650391 0.304688 0.646484 0.308594 0.646484 0.312500 0.642578 0.316406 0.642578 0.318359 0.640625 0.322266 0.640625 0.322266 0.634766 0.320312 0.634766 0.316406 0.630859 0.312500 0.630859 0.310547 0.632812 0.308594 0.632812 0.306641 0.634766 0.304688 0.634766 0.302734 0.636719 0.296875 0.636719 0.296875 0.638672 0.294922 0.640625 0.292969 0.640625 0.289062 0.636719 0.287109 0.636719 0.283203 0.632812 0.281250 0.632812 0.279297 0.630859 0.275391 0.630859 0.275391 0.634766 0.273438 0.636719 0.271484 0.636719 0.271484 0.638672 0.263672 0.646484 0.255859 0.646484 0.253906 0.648438 0.251953 0.648438 0.250000 0.646484 0.250000 0.644531 0.251953 0.642578 0.253906 0.642578 0.253906 0.638672 0.259766 0.632812 0.259766 0.630859 0.255859 0.630859 0.253906 0.628906 0.253906 0.625000 0.251953 0.623047 0.253906 0.621094 0.253906 0.613281 0.257812 0.609375 0.257812 0.599609 0.259766 0.597656 0.261719 0.597656 0.265625 0.601562 0.265625 0.603516 0.267578 0.605469 0.267578 0.609375 0.273438 0.609375 0.275391 0.607422 0.277344 0.607422 0.279297 0.605469 0.281250 0.605469 0.283203 0.603516 0.283203 0.597656 0.281250 0.595703 0.281250 0.585938 0.283203 0.583984 0.283203 0.576172 0.275391 0.576172 0.271484 0.580078 0.269531 0.580078 0.267578 0.582031 0.269531 0.583984 0.267578 0.585938 0.265625 0.585938 0.263672 0.587891 0.259766 0.587891 0.261719 0.589844 0.257812 0.593750 0.255859 0.593750 0.251953 0.589844 0.251953 0.587891 0.250000 0.587891 0.248047 0.585938 0.244141 0.585938 0.242188 0.583984 0.238281 0.583984 0.236328 0.582031 0.234375 0.582031 0.232422 0.583984 0.232422 0.587891 0.230469 0.589844 0.228516 0.589844 0.228516 0.591797 0.232422 0.595703 0.232422 0.601562 0.230469 0.603516 0.230469 0.609375 0.232422 0.611328 0.232422 0.621094 0.230469 0.623047 0.224609 0.623047 0.226562 0.625000 0.222656 0.628906 0.220703 0.626953 0.216797 0.630859 0.210938 0.625000 0.207031 0.625000 0.205078 0.623047 0.205078 0.621094 0.203125 0.621094 0.201172 0.619141 0.199219 0.619141 0.197266 0.617188 0.197266 0.605469 0.189453 0.597656 0.189453 0.591797 0.187500 0.589844 0.187500 0.587891 0.185547 0.585938 0.187500 0.583984 0.181641 0.578125 0.181641 0.576172 0.179688 0.574219 0.179688 0.572266 0.175781 0.572266 0.173828 0.570312 0.167969 0.570312 0.166016 0.572266 0.164062 0.570312 0.162109 0.572266 0.162109 0.574219 0.160156 0.576172 0.154297 0.576172 0.148438 0.570312 0.148438 0.564453 0.140625 0.564453 0.138672 0.562500 0.138672 0.560547 0.130859 0.560547 0.130859 0.562500 0.128906 0.564453 0.126953 0.564453 0.126953 0.572266 0.123047 0.576172 0.119141 0.576172 0.117188 0.574219 0.117188 0.572266 0.115234 0.572266 0.115234 0.574219 0.113281 0.576172 0.111328 0.576172 0.109375 0.578125 0.101562 0.578125 0.099609 0.580078 0.099609 0.582031 0.095703 0.585938 0.095703 0.587891 0.093750 0.589844 0.091797 0.589844 0.089844 0.591797 0.083984 0.585938 0.083984 0.580078 0.085938 0.578125 0.087891 0.578125 0.087891 0.576172 0.083984 0.576172 0.082031 0.574219 0.080078 0.576172 0.076172 0.576172 0.074219 0.574219 0.074219 0.564453 0.070312 0.564453 0.068359 0.562500 0.068359 0.560547 0.070312 0.558594 0.070312 0.554688 0.068359 0.554688 0.066406 0.552734 0.064453 0.554688 0.062500 0.554688 0.060547 0.552734 0.060547 0.550781 0.058594 0.548828 0.054688 0.548828 0.050781 0.544922 0.048828 0.544922 0.046875 0.542969 0.044922 0.542969 0.042969 0.541016 0.037109 0.541016 0.035156 0.539062 0.035156 0.537109 0.033203 0.537109 0.031250 0.535156 0.031250 0.529297 0.025391 0.529297 0.021484 0.525391 0.017578 0.525391 0.015625 0.527344 0.011719 0.527344 0.009766 0.525391 0.009766 0.523438 0.007812 0.521484
0 0.591797 0.517578 0.589844 0.519531 0.587891 0.519531 0.587891 0.531250 0.589844 0.533203 0.591797 0.533203 0.597656 0.539062 0.599609 0.539062 0.607422 0.546875 0.607422 0.550781 0.611328 0.550781 0.613281 0.552734 0.613281 0.554688 0.617188 0.558594 0.611328 0.564453 0.607422 0.564453 0.607422 0.570312 0.609375 0.570312 0.611328 0.572266 0.609375 0.574219 0.609375 0.578125 0.607422 0.580078 0.607422 0.595703 0.605469 0.597656 0.605469 0.599609 0.601562 0.603516 0.601562 0.605469 0.593750 0.613281 0.593750 0.615234 0.595703 0.615234 0.597656 0.617188 0.597656 0.621094 0.605469 0.628906 0.605469 0.630859 0.607422 0.630859 0.609375 0.632812 0.611328 0.632812 0.613281 0.634766 0.615234 0.632812 0.625000 0.632812 0.626953 0.634766 0.628906 0.634766 0.630859 0.636719 0.636719 0.636719 0.636719 0.632812 0.638672 0.630859 0.636719 0.628906 0.644531 0.621094 0.644531 0.615234 0.638672 0.609375 0.632812 0.609375 0.628906 0.605469 0.628906 0.587891 0.630859 0.585938 0.636719 0.585938 0.636719 0.583984 0.638672 0.582031 0.638672 0.580078 0.640625 0.578125 0.640625 0.572266 0.630859 0.562500 0.630859 0.556641 0.632812 0.554688 0.638672 0.554688 0.640625 0.556641 0.642578 0.556641 0.644531 0.554688 0.652344 0.554688 0.656250 0.550781 0.658203 0.552734 0.658203 0.554688 0.664062 0.554688 0.666016 0.552734 0.666016 0.548828 0.664062 0.546875 0.664062 0.544922 0.660156 0.541016 0.660156 0.539062 0.658203 0.539062 0.656250 0.537109 0.648438 0.537109 0.648438 0.539062 0.646484 0.541016 0.636719 0.541016 0.634766 0.539062 0.632812 0.541016 0.630859 0.541016 0.628906 0.539062 0.628906 0.537109 0.632812 0.533203 0.632812 0.531250 0.628906 0.527344 0.628906 0.521484 0.626953 0.519531 0.625000 0.519531 0.623047 0.521484 0.621094 0.519531 0.621094 0.517578 0.619141 0.517578 0.619141 0.527344 0.617188 0.529297 0.609375 0.529297 0.607422 0.527344 0.607422 0.523438 0.603516 0.519531 0.595703 0.519531 0.593750 0.517578
0 0.341797 0.511719 0.337891 0.515625 0.335938 0.515625 0.333984 0.517578 0.337891 0.521484 0.335938 0.523438 0.337891 0.523438 0.339844 0.525391 0.341797 0.525391 0.345703 0.529297 0.345703 0.531250 0.347656 0.531250 0.349609 0.533203 0.349609 0.539062 0.351562 0.541016 0.351562 0.548828 0.353516 0.550781 0.357422 0.550781 0.359375 0.552734 0.359375 0.554688 0.355469 0.558594 0.355469 0.562500 0.349609 0.568359 0.347656 0.568359 0.349609 0.570312 0.349609 0.572266 0.351562 0.572266 0.355469 0.568359 0.355469 0.566406 0.357422 0.564453 0.357422 0.562500 0.359375 0.560547 0.361328 0.560547 0.361328 0.558594 0.363281 0.556641 0.365234 0.556641 0.367188 0.558594 0.376953 0.558594 0.376953 0.556641 0.373047 0.556641 0.371094 0.554688 0.375000 0.550781 0.375000 0.548828 0.376953 0.546875 0.375000 0.546875 0.373047 0.544922 0.373047 0.539062 0.371094 0.537109 0.371094 0.529297 0.367188 0.529297 0.365234 0.527344 0.365234 0.525391 0.363281 0.523438 0.363281 0.519531 0.359375 0.519531 0.357422 0.521484 0.355469 0.521484 0.353516 0.519531 0.349609 0.519531 0.347656 0.517578 0.347656 0.515625 0.345703 0.515625
0 0.058594 0.472656 0.056641 0.474609 0.056641 0.476562 0.054688 0.478516 0.052734 0.476562 0.052734 0.478516 0.046875 0.484375 0.044922 0.484375 0.042969 0.486328 0.042969 0.492188 0.044922 0.494141 0.046875 0.494141 0.048828 0.496094 0.052734 0.496094 0.056641 0.500000 0.058594 0.500000 0.060547 0.498047 0.066406 0.498047 0.066406 0.496094 0.068359 0.494141 0.068359 0.484375 0.070312 0.482422 0.068359 0.482422 0.066406 0.480469 0.068359 0.478516 0.066406 0.476562 0.066406 0.474609 0.064453 0.474609 0.062500 0.472656 0.060547 0.474609
0 0.037109 0.435547 0.035156 0.437500 0.031250 0.437500 0.029297 0.439453 0.029297 0.443359 0.027344 0.445312 0.027344 0.447266 0.031250 0.451172 0.031250 0.458984 0.033203 0.460938 0.033203 0.472656 0.035156 0.474609 0.037109 0.472656 0.041016 0.476562 0.041016 0.474609 0.042969 0.472656 0.042969 0.470703 0.044922 0.468750 0.044922 0.466797 0.042969 0.464844 0.044922 0.462891 0.046875 0.462891 0.052734 0.457031 0.054688 0.457031 0.054688 0.451172 0.050781 0.447266 0.050781 0.445312 0.048828 0.443359 0.044922 0.443359 0.044922 0.445312 0.042969 0.447266 0.039062 0.443359 0.039062 0.439453 0.037109 0.437500
0 0.000000 0.423828 0.000000 0.476562 0.001953 0.476562 0.003906 0.478516 0.003906 0.480469 0.007812 0.480469 0.007812 0.478516 0.009766 0.476562 0.015625 0.476562 0.015625 0.472656 0.017578 0.470703 0.017578 0.464844 0.019531 0.462891 0.019531 0.457031 0.017578 0.455078 0.017578 0.439453 0.023438 0.433594 0.025391 0.435547 0.027344 0.435547 0.027344 0.425781 0.025391 0.425781 0.021484 0.429688 0.011719 0.429688 0.009766 0.427734 0.007812 0.427734 0.005859 0.425781 0.003906 0.425781 0.001953 0.423828
0 0.162109 0.406250 0.160156 0.408203 0.158203 0.408203 0.158203 0.412109 0.154297 0.416016 0.154297 0.419922 0.160156 0.419922 0.162109 0.417969 0.162109 0.416016 0.164062 0.414062 0.164062 0.412109 0.166016 0.410156 0.166016 0.406250
0 0.250000 0.402344 0.250000 0.404297 0.248047 0.406250 0.242188 0.406250 0.240234 0.408203 0.238281 0.408203 0.236328 0.410156 0.234375 0.410156 0.234375 0.414062 0.236328 0.416016 0.236328 0.419922 0.238281 0.421875 0.238281 0.423828 0.240234 0.425781 0.244141 0.425781 0.246094 0.427734 0.248047 0.425781 0.248047 0.423828 0.251953 0.419922 0.251953 0.417969 0.255859 0.414062 0.257812 0.414062 0.261719 0.410156 0.261719 0.404297 0.259766 0.402344
0 0.314453 0.396484 0.310547 0.400391 0.302734 0.400391 0.302734 0.404297 0.300781 0.406250 0.300781 0.412109 0.298828 0.414062 0.296875 0.414062 0.296875 0.417969 0.300781 0.421875 0.300781 0.423828 0.304688 0.427734 0.312500 0.427734 0.316406 0.423828 0.318359 0.423828 0.320312 0.421875 0.322266 0.421875 0.324219 0.419922 0.326172 0.419922 0.328125 0.417969 0.330078 0.417969 0.330078 0.406250 0.324219 0.400391 0.324219 0.396484
0 0.119141 0.390625 0.119141 0.402344 0.121094 0.404297 0.121094 0.406250 0.123047 0.408203 0.123047 0.410156 0.126953 0.414062 0.126953 0.416016 0.130859 0.416016 0.130859 0.414062 0.132812 0.412109 0.132812 0.408203 0.134766 0.406250 0.134766 0.400391 0.132812 0.398438 0.132812 0.396484 0.126953 0.390625
0 0.201172 0.386719 0.197266 0.390625 0.197266 0.394531 0.195312 0.396484 0.193359 0.396484 0.193359 0.398438 0.191406 0.400391 0.193359 0.402344 0.193359 0.404297 0.195312 0.404297 0.199219 0.408203 0.199219 0.410156 0.203125 0.410156 0.205078 0.408203 0.208984 0.408203 0.212891 0.412109 0.218750 0.412109 0.218750 0.408203 0.220703 0.406250 0.220703 0.400391 0.218750 0.398438 0.218750 0.396484 0.208984 0.386719
0 0.091797 0.359375 0.089844 0.361328 0.085938 0.361328 0.083984 0.363281 0.083984 0.369141 0.085938 0.371094 0.087891 0.371094 0.089844 0.373047 0.093750 0.373047 0.095703 0.375000 0.107422 0.375000 0.107422 0.369141 0.103516 0.365234 0.103516 0.361328 0.101562 0.359375
0 0.144531 0.339844 0.142578 0.341797 0.140625 0.341797 0.140625 0.343750 0.138672 0.345703 0.134766 0.345703 0.128906 0.351562 0.126953 0.351562 0.119141 0.359375 0.115234 0.359375 0.115234 0.365234 0.117188 0.367188 0.121094 0.367188 0.123047 0.369141 0.123047 0.371094 0.126953 0.371094 0.128906 0.369141 0.130859 0.369141 0.134766 0.365234 0.136719 0.367188 0.138672 0.367188 0.140625 0.369141 0.140625 0.371094 0.142578 0.373047 0.140625 0.375000 0.140625 0.380859 0.142578 0.382812 0.144531 0.382812 0.146484 0.384766 0.148438 0.384766 0.152344 0.388672 0.152344 0.390625 0.154297 0.392578 0.156250 0.392578 0.158203 0.394531 0.164062 0.394531 0.167969 0.390625 0.169922 0.392578 0.169922 0.386719 0.167969 0.384766 0.167969 0.380859 0.166016 0.378906 0.166016 0.376953 0.164062 0.376953 0.162109 0.375000 0.162109 0.373047 0.158203 0.369141 0.158203 0.365234 0.162109 0.361328 0.162109 0.359375 0.164062 0.357422 0.164062 0.353516 0.162109 0.351562 0.162109 0.347656 0.160156 0.345703 0.158203 0.345703 0.156250 0.343750 0.154297 0.343750 0.150391 0.339844
0 0.548828 0.146484 0.548828 0.150391 0.546875 0.152344 0.546875 0.156250 0.544922 0.158203 0.542969 0.158203 0.546875 0.162109 0.546875 0.164062 0.548828 0.166016 0.554688 0.166016 0.554688 0.162109 0.556641 0.160156 0.556641 0.158203 0.562500 0.152344 0.562500 0.148438 0.558594 0.148438 0.556641 0.146484
0 0.509766 0.142578 0.509766 0.144531 0.511719 0.146484 0.511719 0.148438 0.519531 0.156250 0.519531 0.158203 0.525391 0.158203 0.529297 0.154297 0.529297 0.148438 0.527344 0.146484 0.521484 0.146484 0.519531 0.144531 0.519531 0.142578
0 0.144531 0.134766 0.142578 0.136719 0.142578 0.138672 0.140625 0.140625 0.136719 0.140625 0.136719 0.146484 0.138672 0.148438 0.140625 0.148438 0.144531 0.152344 0.144531 0.154297 0.148438 0.158203 0.148438 0.162109 0.158203 0.171875 0.169922 0.171875 0.169922 0.169922 0.171875 0.167969 0.171875 0.166016 0.173828 0.164062 0.173828 0.160156 0.171875 0.158203 0.171875 0.154297 0.167969 0.150391 0.166016 0.152344 0.164062 0.152344 0.162109 0.154297 0.160156 0.152344 0.158203 0.152344 0.152344 0.146484 0.152344 0.142578 0.150391 0.140625 0.150391 0.134766
0 0.492188 0.101562 0.490234 0.103516 0.484375 0.103516 0.484375 0.105469 0.480469 0.109375 0.480469 0.111328 0.476562 0.115234 0.474609 0.115234 0.474609 0.117188 0.472656 0.119141 0.472656 0.125000 0.474609 0.125000 0.476562 0.126953 0.476562 0.140625 0.478516 0.142578 0.484375 0.142578 0.486328 0.140625 0.501953 0.140625 0.501953 0.136719 0.503906 0.134766 0.503906 0.130859 0.501953 0.128906 0.501953 0.126953 0.500000 0.125000 0.500000 0.121094 0.498047 0.121094 0.496094 0.119141 0.494141 0.119141 0.492188 0.117188 0.494141 0.115234 0.496094 0.115234 0.496094 0.109375 0.498047 0.107422 0.498047 0.101562
0 0.732422 0.037109 0.730469 0.039062 0.730469 0.041016 0.722656 0.048828 0.722656 0.058594 0.730469 0.058594 0.734375 0.054688 0.734375 0.052734 0.742188 0.044922 0.742188 0.037109
0 0.632812 0.000000 0.628906 0.003906 0.626953 0.003906 0.626953 0.011719 0.630859 0.015625 0.630859 0.017578 0.634766 0.017578 0.636719 0.019531 0.638672 0.019531 0.642578 0.023438 0.652344 0.023438 0.654297 0.025391 0.654297 0.027344 0.656250 0.029297 0.658203 0.027344 0.660156 0.029297 0.667969 0.029297 0.669922 0.031250 0.671875 0.031250 0.673828 0.029297 0.677734 0.033203 0.677734 0.035156 0.679688 0.035156 0.679688 0.033203 0.681641 0.031250 0.685547 0.035156 0.687500 0.035156 0.689453 0.037109 0.689453 0.039062 0.687500 0.041016 0.687500 0.042969 0.689453 0.044922 0.689453 0.046875 0.691406 0.046875 0.693359 0.048828 0.693359 0.050781 0.699219 0.050781 0.701172 0.052734 0.703125 0.052734 0.705078 0.054688 0.708984 0.054688 0.708984 0.052734 0.710938 0.050781 0.710938 0.044922 0.712891 0.042969 0.714844 0.042969 0.720703 0.037109 0.720703 0.033203 0.722656 0.031250 0.722656 0.021484 0.720703 0.019531 0.716797 0.019531 0.714844 0.017578 0.714844 0.015625 0.712891 0.013672 0.714844 0.011719 0.714844 0.005859 0.712891 0.003906 0.712891 0.000000