0 0.160156 0.824219 0.160156 0.833984 0.169922 0.833984 0.169922 0.824219
0 0.023438 0.804688 0.021484 0.806641 0.019531 0.806641 0.019531 0.808594 0.017578 0.810547 0.017578 0.812500 0.015625 0.814453 0.013672 0.814453 0.013672 0.820312 0.011719 0.822266 0.009766 0.822266 0.009766 0.824219 0.005859 0.828125 0.005859 0.833984 0.003906 0.835938 0.003906 0.845703 0.013672 0.845703 0.015625 0.843750 0.015625 0.837891 0.017578 0.835938 0.017578 0.833984 0.019531 0.832031 0.019531 0.826172 0.021484 0.824219 0.023438 0.824219 0.025391 0.822266 0.027344 0.822266 0.027344 0.818359 0.029297 0.816406 0.031250 0.816406 0.033203 0.814453 0.042969 0.814453 0.044922 0.816406 0.056641 0.816406 0.066406 0.826172 0.066406 0.828125 0.070312 0.828125 0.072266 0.830078 0.072266 0.832031 0.074219 0.833984 0.074219 0.835938 0.076172 0.837891 0.078125 0.837891 0.080078 0.839844 0.080078 0.841797 0.082031 0.843750 0.089844 0.843750 0.093750 0.847656 0.093750 0.849609 0.099609 0.849609 0.101562 0.851562 0.101562 0.855469 0.105469 0.855469 0.107422 0.857422 0.107422 0.859375 0.109375 0.859375 0.111328 0.861328 0.115234 0.861328 0.117188 0.863281 0.126953 0.863281 0.128906 0.865234 0.140625 0.865234 0.142578 0.863281 0.154297 0.863281 0.156250 0.861328 0.169922 0.861328 0.169922 0.839844 0.160156 0.839844 0.160156 0.849609 0.158203 0.851562 0.146484 0.851562 0.144531 0.853516 0.136719 0.853516 0.134766 0.855469 0.132812 0.853516 0.123047 0.853516 0.121094 0.851562 0.119141 0.851562 0.115234 0.847656 0.115234 0.845703 0.111328 0.845703 0.109375 0.843750 0.109375 0.839844 0.103516 0.839844 0.101562 0.837891 0.101562 0.835938 0.097656 0.835938 0.095703 0.833984 0.093750 0.833984 0.091797 0.832031 0.089844 0.832031 0.087891 0.830078 0.087891 0.828125 0.085938 0.828125 0.082031 0.824219 0.082031 0.822266 0.078125 0.822266 0.076172 0.820312 0.076172 0.818359 0.074219 0.816406 0.074219 0.814453 0.068359 0.808594 0.064453 0.808594 0.062500 0.806641 0.056641 0.806641 0.054688 0.804688
0 0.031250 0.759766 0.031250 0.767578 0.029297 0.769531 0.027344 0.769531 0.027344 0.785156 0.037109 0.785156 0.037109 0.771484 0.039062 0.769531 0.041016 0.769531 0.041016 0.759766
0 0.068359 0.705078 0.068359 0.712891 0.066406 0.714844 0.066406 0.716797 0.064453 0.718750 0.060547 0.718750 0.060547 0.720703 0.058594 0.722656 0.052734 0.722656 0.050781 0.724609 0.050781 0.726562 0.048828 0.728516 0.044922 0.728516 0.044922 0.730469 0.042969 0.732422 0.041016 0.732422 0.041016 0.740234 0.039062 0.742188 0.037109 0.742188 0.037109 0.751953 0.046875 0.751953 0.046875 0.744141 0.048828 0.742188 0.050781 0.742188 0.050781 0.740234 0.052734 0.738281 0.054688 0.738281 0.054688 0.736328 0.056641 0.734375 0.060547 0.734375 0.062500 0.732422 0.064453 0.732422 0.066406 0.734375 0.066406 0.742188 0.076172 0.742188 0.076172 0.740234 0.078125 0.738281 0.082031 0.738281 0.083984 0.736328 0.085938 0.736328 0.085938 0.730469 0.087891 0.728516 0.091797 0.728516 0.091797 0.722656 0.093750 0.720703 0.101562 0.720703 0.101562 0.710938 0.091797 0.710938 0.091797 0.716797 0.089844 0.718750 0.083984 0.718750 0.082031 0.716797 0.083984 0.714844 0.083984 0.705078
0 0.105469 0.695312 0.105469 0.705078 0.115234 0.705078 0.115234 0.695312
0 0.121094 0.683594 0.121094 0.693359 0.130859 0.693359 0.130859 0.683594
0 0.074219 0.681641 0.074219 0.691406 0.076172 0.693359 0.076172 0.701172 0.085938 0.701172 0.085938 0.681641
0 0.814453 0.667969 0.814453 0.677734 0.816406 0.679688 0.816406 0.683594 0.820312 0.687500 0.820312 0.689453 0.828125 0.689453 0.830078 0.691406 0.830078 0.693359 0.832031 0.695312 0.837891 0.695312 0.839844 0.697266 0.839844 0.699219 0.841797 0.699219 0.843750 0.701172 0.843750 0.707031 0.845703 0.707031 0.847656 0.708984 0.849609 0.708984 0.851562 0.710938 0.853516 0.710938 0.855469 0.712891 0.865234 0.712891 0.867188 0.714844 0.867188 0.716797 0.878906 0.716797 0.878906 0.707031 0.873047 0.707031 0.871094 0.705078 0.871094 0.703125 0.865234 0.703125 0.863281 0.701172 0.859375 0.701172 0.857422 0.699219 0.855469 0.699219 0.853516 0.697266 0.851562 0.697266 0.849609 0.695312 0.849609 0.689453 0.843750 0.689453 0.841797 0.687500 0.841797 0.685547 0.839844 0.683594 0.832031 0.683594 0.830078 0.681641 0.830078 0.679688 0.828125 0.677734 0.828125 0.675781 0.826172 0.673828 0.826172 0.667969
0 0.076172 0.664062 0.076172 0.673828 0.085938 0.673828 0.085938 0.664062
0 0.144531 0.662109 0.142578 0.664062 0.142578 0.666016 0.140625 0.667969 0.138672 0.667969 0.138672 0.669922 0.136719 0.671875 0.134766 0.671875 0.134766 0.681641 0.144531 0.681641 0.144531 0.679688 0.146484 0.677734 0.148438 0.677734 0.148438 0.675781 0.150391 0.673828 0.152344 0.673828 0.154297 0.671875 0.154297 0.662109
0 0.076172 0.640625 0.076172 0.650391 0.078125 0.652344 0.078125 0.660156 0.087891 0.660156 0.087891 0.650391 0.085938 0.648438 0.085938 0.640625
0 0.076172 0.626953 0.076172 0.636719 0.085938 0.636719 0.085938 0.626953
0 0.076172 0.613281 0.076172 0.623047 0.091797 0.623047 0.091797 0.613281
0 0.076172 0.591797 0.076172 0.609375 0.085938 0.609375 0.085938 0.605469 0.087891 0.603516 0.087891 0.593750 0.085938 0.591797
0 0.085938 0.556641 0.085938 0.558594 0.083984 0.560547 0.058594 0.560547 0.056641 0.562500 0.052734 0.562500 0.050781 0.564453 0.048828 0.564453 0.048828 0.570312 0.044922 0.574219 0.044922 0.576172 0.042969 0.578125 0.041016 0.578125 0.041016 0.580078 0.039062 0.582031 0.037109 0.582031 0.037109 0.583984 0.035156 0.585938 0.035156 0.593750 0.033203 0.595703 0.031250 0.595703 0.029297 0.597656 0.027344 0.597656 0.027344 0.599609 0.023438 0.603516 0.023438 0.607422 0.021484 0.609375 0.021484 0.632812 0.031250 0.632812 0.031250 0.615234 0.035156 0.611328 0.035156 0.609375 0.039062 0.605469 0.041016 0.605469 0.041016 0.601562 0.042969 0.599609 0.044922 0.599609 0.044922 0.595703 0.046875 0.593750 0.046875 0.589844 0.048828 0.587891 0.050781 0.587891 0.050781 0.585938 0.052734 0.583984 0.054688 0.583984 0.058594 0.580078 0.058594 0.576172 0.062500 0.572266 0.064453 0.572266 0.066406 0.570312 0.095703 0.570312 0.095703 0.568359 0.097656 0.566406 0.097656 0.556641
0 0.914062 0.380859 0.912109 0.382812 0.912109 0.384766 0.910156 0.386719 0.910156 0.388672 0.908203 0.390625 0.908203 0.392578 0.906250 0.394531 0.904297 0.394531 0.902344 0.396484 0.902344 0.398438 0.900391 0.400391 0.900391 0.402344 0.896484 0.406250 0.896484 0.414062 0.894531 0.416016 0.894531 0.419922 0.892578 0.421875 0.888672 0.421875 0.888672 0.431641 0.886719 0.433594 0.884766 0.433594 0.884766 0.443359 0.882812 0.445312 0.878906 0.445312 0.878906 0.449219 0.876953 0.451172 0.875000 0.451172 0.873047 0.453125 0.853516 0.453125 0.851562 0.451172 0.841797 0.451172 0.839844 0.449219 0.839844 0.445312 0.832031 0.445312 0.830078 0.443359 0.830078 0.439453 0.818359 0.439453 0.818359 0.449219 0.828125 0.449219 0.830078 0.451172 0.830078 0.455078 0.839844 0.455078 0.841797 0.457031 0.841797 0.460938 0.849609 0.460938 0.851562 0.462891 0.880859 0.462891 0.882812 0.460938 0.884766 0.460938 0.884766 0.457031 0.886719 0.455078 0.888672 0.455078 0.888672 0.445312 0.890625 0.443359 0.894531 0.443359 0.894531 0.433594 0.896484 0.431641 0.898438 0.431641 0.898438 0.427734 0.900391 0.425781 0.904297 0.425781 0.904297 0.417969 0.908203 0.414062 0.908203 0.412109 0.910156 0.410156 0.910156 0.408203 0.914062 0.404297 0.914062 0.402344 0.916016 0.400391 0.917969 0.400391 0.917969 0.398438 0.919922 0.396484 0.919922 0.394531 0.923828 0.390625 0.925781 0.390625 0.925781 0.380859
0 0.468750 0.328125 0.468750 0.332031 0.466797 0.333984 0.464844 0.333984 0.464844 0.359375 0.466797 0.359375 0.468750 0.361328 0.468750 0.371094 0.470703 0.373047 0.470703 0.376953 0.468750 0.378906 0.468750 0.384766 0.466797 0.386719 0.464844 0.386719 0.462891 0.388672 0.462891 0.390625 0.460938 0.392578 0.458984 0.392578 0.458984 0.394531 0.457031 0.396484 0.453125 0.396484 0.453125 0.398438 0.451172 0.400391 0.449219 0.400391 0.447266 0.402344 0.445312 0.402344 0.443359 0.404297 0.433594 0.404297 0.431641 0.406250 0.427734 0.406250 0.425781 0.408203 0.416016 0.408203 0.414062 0.410156 0.386719 0.410156 0.386719 0.412109 0.384766 0.414062 0.367188 0.414062 0.365234 0.416016 0.363281 0.416016 0.359375 0.419922 0.357422 0.419922 0.355469 0.421875 0.345703 0.421875 0.345703 0.423828 0.343750 0.425781 0.341797 0.425781 0.341797 0.427734 0.339844 0.429688 0.333984 0.429688 0.332031 0.431641 0.328125 0.431641 0.326172 0.433594 0.308594 0.433594 0.308594 0.443359 0.332031 0.443359 0.333984 0.441406 0.341797 0.441406 0.343750 0.439453 0.343750 0.437500 0.345703 0.435547 0.351562 0.435547 0.351562 0.433594 0.353516 0.431641 0.363281 0.431641 0.365234 0.429688 0.367188 0.429688 0.369141 0.427734 0.371094 0.427734 0.375000 0.423828 0.390625 0.423828 0.390625 0.421875 0.392578 0.419922 0.423828 0.419922 0.425781 0.417969 0.431641 0.417969 0.433594 0.416016 0.439453 0.416016 0.441406 0.414062 0.451172 0.414062 0.453125 0.412109 0.455078 0.412109 0.457031 0.410156 0.458984 0.410156 0.458984 0.408203 0.460938 0.406250 0.462891 0.406250 0.462891 0.404297 0.464844 0.402344 0.470703 0.402344 0.470703 0.400391 0.474609 0.396484 0.474609 0.392578 0.476562 0.390625 0.478516 0.390625 0.478516 0.386719 0.480469 0.384766 0.480469 0.363281 0.478516 0.361328 0.478516 0.353516 0.476562 0.353516 0.474609 0.351562 0.474609 0.345703 0.476562 0.343750 0.478516 0.343750 0.478516 0.328125
0 0.353516 0.306641 0.353516 0.324219 0.351562 0.326172 0.349609 0.326172 0.349609 0.332031 0.347656 0.333984 0.343750 0.333984 0.341797 0.335938 0.339844 0.335938 0.339844 0.341797 0.337891 0.343750 0.335938 0.343750 0.335938 0.345703 0.332031 0.349609 0.326172 0.349609 0.326172 0.355469 0.324219 0.357422 0.320312 0.357422 0.320312 0.361328 0.318359 0.363281 0.316406 0.363281 0.316406 0.365234 0.314453 0.367188 0.310547 0.367188 0.308594 0.369141 0.306641 0.367188 0.306641 0.363281 0.302734 0.363281 0.300781 0.361328 0.300781 0.353516 0.291016 0.353516 0.291016 0.363281 0.294922 0.363281 0.296875 0.365234 0.296875 0.373047 0.300781 0.373047 0.302734 0.375000 0.302734 0.378906 0.316406 0.378906 0.318359 0.376953 0.320312 0.376953 0.320312 0.375000 0.322266 0.373047 0.326172 0.373047 0.326172 0.369141 0.328125 0.367188 0.330078 0.367188 0.330078 0.361328 0.332031 0.359375 0.335938 0.359375 0.337891 0.357422 0.343750 0.357422 0.343750 0.355469 0.345703 0.353516 0.345703 0.351562 0.347656 0.349609 0.349609 0.349609 0.349609 0.345703 0.351562 0.343750 0.353516 0.343750 0.353516 0.337891 0.355469 0.335938 0.359375 0.335938 0.361328 0.333984 0.363281 0.333984 0.363281 0.306641
0 0.349609 0.292969 0.349609 0.302734 0.363281 0.302734 0.363281 0.292969
0 0.375000 0.265625 0.375000 0.275391 0.380859 0.281250 0.384766 0.281250 0.386719 0.283203 0.386719 0.287109 0.388672 0.289062 0.388672 0.291016 0.390625 0.292969 0.390625 0.294922 0.396484 0.294922 0.398438 0.296875 0.398438 0.300781 0.400391 0.302734 0.398438 0.304688 0.398438 0.306641 0.396484 0.308594 0.394531 0.308594 0.394531 0.310547 0.390625 0.314453 0.390625 0.320312 0.386719 0.324219 0.386719 0.333984 0.384766 0.335938 0.384766 0.351562 0.382812 0.353516 0.380859 0.353516 0.380859 0.365234 0.378906 0.367188 0.378906 0.371094 0.369141 0.380859 0.365234 0.380859 0.365234 0.386719 0.363281 0.388672 0.363281 0.398438 0.373047 0.398438 0.375000 0.396484 0.375000 0.390625 0.376953 0.388672 0.380859 0.388672 0.386719 0.382812 0.386719 0.378906 0.388672 0.376953 0.388672 0.375000 0.390625 0.373047 0.390625 0.365234 0.392578 0.363281 0.394531 0.363281 0.394531 0.339844 0.396484 0.337891 0.396484 0.333984 0.400391 0.330078 0.400391 0.326172 0.402344 0.324219 0.402344 0.322266 0.404297 0.320312 0.404297 0.318359 0.406250 0.316406 0.408203 0.316406 0.408203 0.310547 0.410156 0.308594 0.410156 0.294922 0.408203 0.292969 0.408203 0.291016 0.404297 0.291016 0.402344 0.289062 0.402344 0.285156 0.400391 0.285156 0.398438 0.283203 0.398438 0.281250 0.396484 0.279297 0.396484 0.277344 0.392578 0.277344 0.390625 0.275391 0.390625 0.271484 0.384766 0.265625
0 0.207031 0.240234 0.203125 0.244141 0.199219 0.244141 0.199219 0.246094 0.197266 0.248047 0.195312 0.248047 0.195312 0.265625 0.197266 0.267578 0.197266 0.271484 0.199219 0.273438 0.199219 0.275391 0.201172 0.275391 0.203125 0.277344 0.203125 0.279297 0.205078 0.281250 0.205078 0.287109 0.207031 0.289062 0.207031 0.291016 0.210938 0.294922 0.210938 0.306641 0.212891 0.308594 0.212891 0.316406 0.214844 0.316406 0.216797 0.318359 0.216797 0.345703 0.218750 0.347656 0.218750 0.355469 0.220703 0.357422 0.220703 0.361328 0.224609 0.365234 0.228516 0.365234 0.230469 0.367188 0.230469 0.369141 0.232422 0.369141 0.238281 0.375000 0.240234 0.375000 0.242188 0.376953 0.242188 0.378906 0.244141 0.378906 0.246094 0.380859 0.246094 0.382812 0.248047 0.384766 0.250000 0.384766 0.251953 0.386719 0.257812 0.386719 0.259766 0.388672 0.259766 0.392578 0.261719 0.394531 0.261719 0.398438 0.265625 0.402344 0.265625 0.404297 0.269531 0.408203 0.269531 0.410156 0.273438 0.410156 0.275391 0.412109 0.275391 0.414062 0.296875 0.414062 0.296875 0.404297 0.281250 0.404297 0.279297 0.402344 0.279297 0.400391 0.277344 0.398438 0.277344 0.396484 0.275391 0.394531 0.275391 0.392578 0.269531 0.386719 0.269531 0.376953 0.261719 0.376953 0.259766 0.375000 0.257812 0.375000 0.255859 0.373047 0.253906 0.373047 0.251953 0.371094 0.251953 0.369141 0.250000 0.369141 0.248047 0.367188 0.248047 0.365234 0.246094 0.363281 0.246094 0.361328 0.244141 0.359375 0.236328 0.359375 0.234375 0.357422 0.234375 0.355469 0.230469 0.351562 0.230469 0.347656 0.228516 0.345703 0.228516 0.339844 0.226562 0.337891 0.226562 0.306641 0.224609 0.306641 0.222656 0.304688 0.222656 0.302734 0.220703 0.300781 0.220703 0.285156 0.216797 0.281250 0.216797 0.277344 0.214844 0.275391 0.214844 0.271484 0.212891 0.269531 0.212891 0.267578 0.210938 0.267578 0.208984 0.265625 0.208984 0.263672 0.205078 0.259766 0.205078 0.255859 0.207031 0.253906 0.208984 0.253906 0.210938 0.251953 0.218750 0.251953 0.220703 0.253906 0.220703 0.257812 0.246094 0.257812 0.246094 0.253906 0.248047 0.251953 0.263672 0.251953 0.263672 0.242188 0.261719 0.240234 0.246094 0.240234 0.244141 0.242188 0.238281 0.242188 0.238281 0.246094 0.236328 0.248047 0.228516 0.248047 0.226562 0.246094 0.226562 0.242188 0.224609 0.242188 0.222656 0.240234
0 0.306641 0.031250 0.304688 0.033203 0.300781 0.033203 0.300781 0.035156 0.298828 0.037109 0.296875 0.037109 0.296875 0.060547 0.298828 0.060547 0.300781 0.062500 0.300781 0.066406 0.302734 0.068359 0.302734 0.076172 0.312500 0.076172 0.312500 0.066406 0.310547 0.064453 0.310547 0.056641 0.308594 0.056641 0.306641 0.054688 0.306641 0.044922 0.308594 0.042969 0.312500 0.042969 0.314453 0.041016 0.316406 0.041016 0.316406 0.031250
0 0.150391 0.027344 0.150391 0.037109 0.177734 0.037109 0.179688 0.039062 0.179688 0.041016 0.185547 0.041016 0.189453 0.044922 0.189453 0.046875 0.195312 0.046875 0.197266 0.048828 0.197266 0.050781 0.199219 0.050781 0.201172 0.052734 0.201172 0.060547 0.205078 0.060547 0.207031 0.062500 0.207031 0.064453 0.210938 0.064453 0.212891 0.066406 0.212891 0.070312 0.214844 0.070312 0.216797 0.072266 0.216797 0.076172 0.224609 0.076172 0.226562 0.078125 0.226562 0.083984 0.228516 0.083984 0.230469 0.085938 0.230469 0.089844 0.234375 0.089844 0.236328 0.091797 0.236328 0.097656 0.238281 0.097656 0.240234 0.099609 0.240234 0.103516 0.244141 0.103516 0.246094 0.105469 0.246094 0.111328 0.255859 0.111328 0.257812 0.113281 0.257812 0.117188 0.261719 0.117188 0.263672 0.119141 0.263672 0.121094 0.265625 0.121094 0.267578 0.123047 0.271484 0.123047 0.273438 0.125000 0.273438 0.126953 0.296875 0.126953 0.296875 0.125000 0.298828 0.123047 0.302734 0.123047 0.302734 0.119141 0.304688 0.117188 0.306641 0.117188 0.306641 0.115234 0.308594 0.113281 0.312500 0.113281 0.314453 0.111328 0.316406 0.111328 0.316406 0.080078 0.306641 0.080078 0.306641 0.101562 0.304688 0.103516 0.302734 0.103516 0.302734 0.105469 0.300781 0.107422 0.296875 0.107422 0.296875 0.111328 0.294922 0.113281 0.292969 0.113281 0.292969 0.115234 0.291016 0.117188 0.279297 0.117188 0.277344 0.115234 0.277344 0.113281 0.275391 0.113281 0.273438 0.111328 0.269531 0.111328 0.267578 0.109375 0.267578 0.107422 0.257812 0.107422 0.255859 0.105469 0.255859 0.101562 0.251953 0.101562 0.250000 0.099609 0.250000 0.093750 0.248047 0.093750 0.246094 0.091797 0.246094 0.087891 0.242188 0.087891 0.240234 0.085938 0.240234 0.080078 0.238281 0.080078 0.236328 0.078125 0.236328 0.074219 0.228516 0.074219 0.226562 0.072266 0.226562 0.066406 0.224609 0.066406 0.222656 0.064453 0.222656 0.060547 0.218750 0.060547 0.216797 0.058594 0.216797 0.054688 0.212891 0.054688 0.210938 0.052734 0.210938 0.050781 0.208984 0.050781 0.207031 0.048828 0.207031 0.041016 0.201172 0.041016 0.199219 0.039062 0.199219 0.037109 0.197266 0.035156 0.197266 0.033203 0.191406 0.033203 0.189453 0.031250 0.181641 0.031250 0.179688 0.029297 0.179688 0.027344