0 0.896484 0.880859 0.896484 0.882812 0.894531 0.884766 0.894531 0.886719 0.892578 0.888672 0.892578 0.894531 0.894531 0.896484 0.900391 0.896484 0.908203 0.904297 0.906250 0.906250 0.904297 0.906250 0.902344 0.908203 0.900391 0.908203 0.896484 0.912109 0.896484 0.916016 0.898438 0.917969 0.898438 0.921875 0.896484 0.923828 0.886719 0.923828 0.884766 0.921875 0.882812 0.921875 0.878906 0.917969 0.875000 0.917969 0.873047 0.916016 0.871094 0.916016 0.869141 0.914062 0.869141 0.916016 0.871094 0.916016 0.873047 0.917969 0.878906 0.917969 0.884766 0.923828 0.898438 0.923828 0.898438 0.917969 0.896484 0.916016 0.896484 0.914062 0.902344 0.908203 0.904297 0.908203 0.908203 0.904297 0.908203 0.902344 0.902344 0.896484 0.896484 0.896484 0.892578 0.892578 0.892578 0.888672 0.894531 0.886719 0.894531 0.884766 0.896484 0.882812
0 0.343750 0.843750 0.343750 0.849609 0.341797 0.851562 0.341797 0.853516 0.339844 0.855469 0.339844 0.857422 0.335938 0.861328 0.335938 0.865234 0.333984 0.867188 0.333984 0.869141 0.332031 0.871094 0.332031 0.875000 0.330078 0.876953 0.330078 0.878906 0.328125 0.880859 0.328125 0.882812 0.326172 0.884766 0.324219 0.884766 0.318359 0.890625 0.316406 0.890625 0.316406 0.900391 0.328125 0.900391 0.333984 0.894531 0.333984 0.892578 0.335938 0.890625 0.337891 0.890625 0.337891 0.888672 0.339844 0.886719 0.339844 0.884766 0.341797 0.882812 0.341797 0.880859 0.343750 0.878906 0.343750 0.876953 0.345703 0.875000 0.345703 0.871094 0.347656 0.869141 0.347656 0.867188 0.349609 0.865234 0.349609 0.863281 0.351562 0.861328 0.351562 0.859375 0.353516 0.857422 0.353516 0.843750
0 0.779297 0.835938 0.779297 0.839844 0.785156 0.845703 0.787109 0.845703 0.791016 0.849609 0.791016 0.851562 0.792969 0.853516 0.792969 0.863281 0.796875 0.863281 0.796875 0.847656 0.794922 0.845703 0.794922 0.843750 0.792969 0.841797 0.791016 0.841797 0.789062 0.839844 0.787109 0.839844 0.783203 0.835938
0 0.867188 0.822266 0.867188 0.830078 0.865234 0.832031 0.861328 0.832031 0.861328 0.833984 0.859375 0.835938 0.855469 0.835938 0.855469 0.843750 0.861328 0.843750 0.863281 0.845703 0.863281 0.847656 0.865234 0.847656 0.867188 0.849609 0.867188 0.855469 0.875000 0.855469 0.875000 0.845703 0.876953 0.843750 0.878906 0.843750 0.878906 0.835938 0.876953 0.835938 0.875000 0.833984 0.875000 0.822266
0 0.267578 0.804688 0.267578 0.808594 0.269531 0.808594 0.271484 0.810547 0.273438 0.810547 0.277344 0.814453 0.277344 0.816406 0.279297 0.816406 0.285156 0.822266 0.285156 0.824219 0.291016 0.830078 0.291016 0.832031 0.294922 0.835938 0.294922 0.837891 0.287109 0.845703 0.285156 0.845703 0.281250 0.849609 0.279297 0.849609 0.279297 0.853516 0.287109 0.853516 0.298828 0.841797 0.298828 0.830078 0.294922 0.826172 0.294922 0.824219 0.277344 0.806641 0.275391 0.806641 0.273438 0.804688
0 0.410156 0.757812 0.406250 0.761719 0.404297 0.761719 0.400391 0.765625 0.400391 0.769531 0.388672 0.781250 0.388672 0.789062 0.390625 0.791016 0.402344 0.791016 0.404297 0.789062 0.406250 0.789062 0.402344 0.789062 0.400391 0.791016 0.390625 0.791016 0.388672 0.789062 0.388672 0.783203 0.400391 0.771484 0.400391 0.767578 0.408203 0.759766 0.410156 0.759766
0 0.431641 0.750000 0.433594 0.751953 0.433594 0.753906 0.435547 0.753906 0.437500 0.755859 0.437500 0.757812 0.441406 0.761719 0.441406 0.763672 0.443359 0.763672 0.445312 0.765625 0.445312 0.767578 0.447266 0.767578 0.449219 0.769531 0.449219 0.771484 0.451172 0.773438 0.451172 0.777344 0.447266 0.781250 0.443359 0.781250 0.449219 0.781250 0.453125 0.777344 0.453125 0.775391 0.451172 0.773438 0.451172 0.771484 0.449219 0.769531 0.449219 0.767578 0.447266 0.767578 0.441406 0.761719 0.441406 0.759766 0.439453 0.759766 0.437500 0.757812 0.437500 0.755859
0 0.341797 0.693359 0.339844 0.695312 0.339844 0.697266 0.337891 0.699219 0.335938 0.699219 0.328125 0.707031 0.326172 0.707031 0.324219 0.708984 0.322266 0.708984 0.320312 0.710938 0.306641 0.697266 0.294922 0.697266 0.294922 0.705078 0.296875 0.705078 0.298828 0.707031 0.300781 0.707031 0.308594 0.714844 0.308594 0.716797 0.310547 0.718750 0.312500 0.718750 0.314453 0.720703 0.324219 0.720703 0.326172 0.718750 0.328125 0.718750 0.330078 0.716797 0.332031 0.716797 0.333984 0.714844 0.335938 0.714844 0.337891 0.712891 0.339844 0.712891 0.351562 0.701172 0.351562 0.693359
0 0.958984 0.617188 0.958984 0.626953 0.960938 0.628906 0.960938 0.630859 0.962891 0.630859 0.964844 0.632812 0.964844 0.636719 0.966797 0.638672 0.966797 0.640625 0.968750 0.642578 0.968750 0.658203 0.970703 0.660156 0.970703 0.662109 0.972656 0.664062 0.974609 0.664062 0.976562 0.666016 0.976562 0.667969 0.974609 0.669922 0.972656 0.669922 0.970703 0.667969 0.968750 0.667969 0.966797 0.666016 0.964844 0.666016 0.962891 0.664062 0.955078 0.664062 0.955078 0.673828 0.960938 0.673828 0.962891 0.675781 0.966797 0.675781 0.968750 0.677734 0.984375 0.677734 0.984375 0.675781 0.986328 0.673828 0.986328 0.662109 0.984375 0.660156 0.984375 0.658203 0.982422 0.656250 0.980469 0.656250 0.978516 0.654297 0.978516 0.650391 0.976562 0.648438 0.976562 0.634766 0.974609 0.632812 0.974609 0.628906 0.972656 0.626953 0.972656 0.625000 0.966797 0.619141 0.966797 0.617188
0 0.525391 0.380859 0.525391 0.390625 0.523438 0.392578 0.517578 0.392578 0.517578 0.398438 0.515625 0.400391 0.515625 0.402344 0.513672 0.404297 0.511719 0.404297 0.511719 0.423828 0.521484 0.423828 0.521484 0.416016 0.523438 0.414062 0.523438 0.412109 0.525391 0.410156 0.525391 0.408203 0.527344 0.406250 0.527344 0.394531 0.529297 0.392578 0.535156 0.392578 0.535156 0.380859
0 0.527344 0.373047 0.525391 0.375000 0.509766 0.375000 0.507812 0.376953 0.505859 0.376953 0.501953 0.380859 0.501953 0.382812 0.500000 0.384766 0.500000 0.390625 0.488281 0.402344 0.488281 0.404297 0.486328 0.406250 0.486328 0.414062 0.494141 0.414062 0.496094 0.416016 0.498047 0.416016 0.500000 0.417969 0.500000 0.419922 0.496094 0.423828 0.496094 0.429688 0.500000 0.433594 0.500000 0.435547 0.503906 0.439453 0.503906 0.449219 0.503906 0.437500 0.496094 0.429688 0.496094 0.425781 0.498047 0.423828 0.498047 0.421875 0.500000 0.419922 0.500000 0.417969 0.496094 0.414062 0.488281 0.414062 0.486328 0.412109 0.486328 0.406250 0.490234 0.402344 0.490234 0.400391 0.492188 0.398438 0.494141 0.398438 0.498047 0.394531 0.498047 0.392578 0.500000 0.390625 0.500000 0.384766 0.501953 0.382812 0.501953 0.380859 0.503906 0.378906 0.505859 0.378906 0.509766 0.375000 0.525391 0.375000
0 0.685547 0.367188 0.685547 0.376953 0.687500 0.378906 0.689453 0.378906 0.691406 0.380859 0.691406 0.382812 0.693359 0.382812 0.695312 0.384766 0.695312 0.386719 0.701172 0.386719 0.703125 0.388672 0.703125 0.390625 0.705078 0.392578 0.716797 0.392578 0.716797 0.382812 0.714844 0.380859 0.707031 0.380859 0.705078 0.378906 0.705078 0.376953 0.703125 0.376953 0.701172 0.375000 0.701172 0.373047 0.699219 0.373047 0.697266 0.371094 0.697266 0.369141 0.695312 0.367188
0 0.667969 0.359375 0.666016 0.361328 0.666016 0.369141 0.669922 0.373047 0.671875 0.373047 0.673828 0.375000 0.675781 0.375000 0.679688 0.378906 0.679688 0.380859 0.681641 0.382812 0.681641 0.388672 0.683594 0.388672 0.685547 0.390625 0.691406 0.390625 0.699219 0.398438 0.699219 0.400391 0.703125 0.404297 0.703125 0.406250 0.712891 0.406250 0.716797 0.410156 0.718750 0.410156 0.720703 0.412109 0.720703 0.414062 0.722656 0.416016 0.722656 0.421875 0.726562 0.425781 0.730469 0.425781 0.730469 0.423828 0.728516 0.425781 0.722656 0.419922 0.722656 0.414062 0.720703 0.412109 0.720703 0.410156 0.718750 0.410156 0.714844 0.406250 0.705078 0.406250 0.703125 0.404297 0.703125 0.402344 0.699219 0.398438 0.699219 0.396484 0.697266 0.396484 0.695312 0.394531 0.695312 0.392578 0.693359 0.392578 0.691406 0.390625 0.687500 0.390625 0.685547 0.388672 0.683594 0.388672 0.681641 0.386719 0.681641 0.380859 0.679688 0.378906 0.679688 0.376953 0.677734 0.375000 0.673828 0.375000 0.669922 0.371094 0.667969 0.371094 0.666016 0.369141 0.666016 0.363281 0.667969 0.361328
0 0.224609 0.271484 0.236328 0.271484 0.238281 0.273438 0.238281 0.283203 0.232422 0.289062 0.230469 0.289062 0.228516 0.291016 0.224609 0.291016 0.222656 0.292969 0.201172 0.292969 0.199219 0.294922 0.197266 0.294922 0.195312 0.296875 0.189453 0.296875 0.187500 0.298828 0.185547 0.298828 0.183594 0.296875 0.173828 0.296875 0.169922 0.300781 0.169922 0.302734 0.164062 0.308594 0.164062 0.312500 0.162109 0.314453 0.152344 0.314453 0.144531 0.306641 0.140625 0.306641 0.136719 0.310547 0.136719 0.314453 0.138672 0.316406 0.138672 0.320312 0.140625 0.322266 0.140625 0.326172 0.138672 0.328125 0.138672 0.330078 0.134766 0.333984 0.132812 0.333984 0.126953 0.339844 0.121094 0.339844 0.117188 0.343750 0.115234 0.343750 0.109375 0.349609 0.109375 0.363281 0.113281 0.367188 0.113281 0.365234 0.111328 0.365234 0.109375 0.363281 0.109375 0.351562 0.113281 0.347656 0.113281 0.345703 0.115234 0.343750 0.117188 0.343750 0.119141 0.341797 0.121094 0.341797 0.123047 0.339844 0.126953 0.339844 0.130859 0.335938 0.132812 0.335938 0.136719 0.332031 0.138672 0.332031 0.138672 0.330078 0.140625 0.328125 0.140625 0.322266 0.138672 0.320312 0.138672 0.314453 0.136719 0.312500 0.136719 0.310547 0.140625 0.306641 0.144531 0.306641 0.146484 0.308594 0.146484 0.310547 0.148438 0.310547 0.152344 0.314453 0.162109 0.314453 0.164062 0.312500 0.164062 0.310547 0.166016 0.308594 0.166016 0.306641 0.175781 0.296875 0.183594 0.296875 0.185547 0.298828 0.189453 0.298828 0.191406 0.296875 0.197266 0.296875 0.201172 0.292969 0.222656 0.292969 0.224609 0.291016 0.230469 0.291016 0.232422 0.289062 0.234375 0.289062 0.236328 0.287109 0.236328 0.285156 0.238281 0.283203 0.238281 0.271484
0 0.277344 0.250000 0.277344 0.253906 0.275391 0.255859 0.275391 0.257812 0.273438 0.259766 0.273438 0.261719 0.271484 0.263672 0.271484 0.267578 0.269531 0.269531 0.269531 0.279297 0.271484 0.281250 0.271484 0.285156 0.273438 0.287109 0.273438 0.289062 0.275391 0.289062 0.277344 0.291016 0.281250 0.291016 0.283203 0.292969 0.289062 0.292969 0.291016 0.291016 0.291016 0.289062 0.292969 0.287109 0.292969 0.285156 0.294922 0.283203 0.296875 0.285156 0.296875 0.287109 0.302734 0.292969 0.304688 0.292969 0.312500 0.300781 0.312500 0.308594 0.308594 0.312500 0.304688 0.312500 0.302734 0.314453 0.302734 0.316406 0.300781 0.318359 0.300781 0.324219 0.302734 0.326172 0.302734 0.330078 0.304688 0.332031 0.304688 0.333984 0.306641 0.335938 0.306641 0.341797 0.302734 0.345703 0.300781 0.345703 0.296875 0.341797 0.296875 0.330078 0.292969 0.326172 0.291016 0.326172 0.289062 0.324219 0.289062 0.322266 0.287109 0.320312 0.287109 0.314453 0.287109 0.320312 0.289062 0.322266 0.289062 0.326172 0.292969 0.326172 0.294922 0.328125 0.294922 0.330078 0.296875 0.332031 0.296875 0.343750 0.298828 0.345703 0.304688 0.345703 0.306641 0.343750 0.306641 0.333984 0.304688 0.332031 0.304688 0.330078 0.302734 0.328125 0.302734 0.326172 0.300781 0.324219 0.300781 0.318359 0.306641 0.312500 0.310547 0.312500 0.312500 0.310547 0.312500 0.298828 0.308594 0.294922 0.306641 0.294922 0.296875 0.285156 0.296875 0.283203 0.294922 0.281250 0.294922 0.277344 0.292969 0.275391 0.292969 0.273438 0.291016 0.273438 0.289062 0.275391 0.289062 0.277344 0.291016 0.279297 0.291016 0.281250 0.292969 0.283203 0.292969 0.287109 0.287109 0.292969 0.283203 0.292969 0.281250 0.291016 0.277344 0.291016 0.273438 0.287109 0.273438 0.285156 0.271484 0.283203 0.271484 0.281250 0.269531 0.279297 0.269531 0.269531 0.271484 0.267578 0.271484 0.265625 0.273438 0.263672 0.273438 0.259766 0.275391 0.257812 0.275391 0.255859 0.277344 0.253906
0 0.699219 0.183594 0.697266 0.185547 0.693359 0.185547 0.689453 0.189453 0.685547 0.189453 0.683594 0.191406 0.681641 0.191406 0.675781 0.197266 0.673828 0.197266 0.671875 0.199219 0.669922 0.199219 0.669922 0.201172 0.667969 0.203125 0.666016 0.203125 0.666016 0.205078 0.664062 0.207031 0.662109 0.207031 0.662109 0.208984 0.660156 0.210938 0.660156 0.214844 0.666016 0.220703 0.666016 0.224609 0.667969 0.226562 0.667969 0.230469 0.666016 0.232422 0.666016 0.238281 0.669922 0.242188 0.669922 0.244141 0.671875 0.244141 0.673828 0.246094 0.675781 0.246094 0.679688 0.250000 0.681641 0.250000 0.689453 0.257812 0.689453 0.259766 0.691406 0.261719 0.691406 0.265625 0.701172 0.265625 0.703125 0.267578 0.707031 0.267578 0.710938 0.271484 0.712891 0.271484 0.720703 0.279297 0.720703 0.285156 0.722656 0.287109 0.722656 0.289062 0.726562 0.292969 0.734375 0.292969 0.746094 0.281250 0.757812 0.281250 0.759766 0.279297 0.761719 0.279297 0.767578 0.273438 0.769531 0.273438 0.771484 0.271484 0.783203 0.271484 0.785156 0.269531 0.787109 0.269531 0.792969 0.263672 0.798828 0.263672 0.802734 0.259766 0.804688 0.259766 0.804688 0.257812 0.806641 0.255859 0.808594 0.255859 0.808594 0.253906 0.810547 0.251953 0.810547 0.242188 0.812500 0.240234 0.812500 0.238281 0.816406 0.234375 0.832031 0.234375 0.833984 0.232422 0.835938 0.232422 0.835938 0.226562 0.833984 0.224609 0.832031 0.224609 0.830078 0.222656 0.830078 0.216797 0.828125 0.216797 0.826172 0.218750 0.818359 0.218750 0.812500 0.212891 0.812500 0.203125 0.812500 0.212891 0.814453 0.214844 0.814453 0.216797 0.816406 0.218750 0.826172 0.218750 0.828125 0.216797 0.830078 0.218750 0.830078 0.222656 0.835938 0.228516 0.835938 0.230469 0.832031 0.234375 0.814453 0.234375 0.812500 0.236328 0.812500 0.238281 0.810547 0.240234 0.810547 0.250000 0.808594 0.251953 0.808594 0.253906 0.802734 0.259766 0.800781 0.259766 0.796875 0.263672 0.792969 0.263672 0.791016 0.265625 0.789062 0.265625 0.783203 0.271484 0.769531 0.271484 0.763672 0.277344 0.761719 0.277344 0.759766 0.279297 0.757812 0.279297 0.755859 0.281250 0.744141 0.281250 0.742188 0.283203 0.742188 0.285156 0.738281 0.289062 0.736328 0.289062 0.732422 0.292969 0.728516 0.292969 0.722656 0.287109 0.722656 0.285156 0.720703 0.283203 0.720703 0.277344 0.718750 0.277344 0.716797 0.275391 0.716797 0.273438 0.714844 0.271484 0.710938 0.271484 0.707031 0.267578 0.705078 0.267578 0.703125 0.265625 0.693359 0.265625 0.691406 0.263672 0.691406 0.261719 0.689453 0.259766 0.689453 0.257812 0.687500 0.255859 0.687500 0.253906 0.685547 0.251953 0.683594 0.251953 0.681641 0.250000 0.679688 0.250000 0.677734 0.248047 0.677734 0.246094 0.673828 0.246094 0.667969 0.240234 0.667969 0.238281 0.666016 0.236328 0.666016 0.232422 0.667969 0.230469 0.667969 0.224609 0.666016 0.222656 0.666016 0.220703 0.660156 0.214844 0.660156 0.212891 0.662109 0.210938 0.662109 0.208984 0.667969 0.203125 0.669922 0.203125 0.669922 0.201172 0.671875 0.199219 0.673828 0.199219 0.679688 0.193359 0.681641 0.193359 0.685547 0.189453 0.689453 0.189453 0.693359 0.185547 0.697266 0.185547
0 0.740234 0.158203 0.740234 0.160156 0.738281 0.162109 0.738281 0.164062 0.736328 0.166016 0.734375 0.166016 0.728516 0.171875 0.726562 0.171875 0.724609 0.173828 0.720703 0.173828 0.718750 0.175781 0.716797 0.175781 0.714844 0.177734 0.712891 0.177734 0.710938 0.179688 0.708984 0.179688 0.707031 0.181641 0.703125 0.181641 0.707031 0.181641 0.708984 0.179688 0.710938 0.179688 0.712891 0.177734 0.716797 0.177734 0.718750 0.175781 0.720703 0.175781 0.722656 0.173828 0.724609 0.173828 0.726562 0.171875 0.728516 0.171875 0.732422 0.167969 0.734375 0.167969 0.738281 0.164062 0.738281 0.162109 0.740234 0.160156
0 0.943359 0.017578 0.943359 0.021484 0.941406 0.023438 0.939453 0.023438 0.939453 0.025391 0.937500 0.027344 0.937500 0.031250 0.935547 0.033203 0.933594 0.033203 0.931641 0.035156 0.931641 0.037109 0.929688 0.039062 0.927734 0.039062 0.927734 0.041016 0.921875 0.046875 0.919922 0.046875 0.919922 0.048828 0.917969 0.050781 0.916016 0.050781 0.914062 0.052734 0.914062 0.054688 0.912109 0.056641 0.910156 0.056641 0.906250 0.060547 0.902344 0.060547 0.900391 0.062500 0.898438 0.062500 0.898438 0.066406 0.896484 0.068359 0.892578 0.068359 0.890625 0.070312 0.888672 0.070312 0.884766 0.074219 0.884766 0.076172 0.882812 0.078125 0.880859 0.078125 0.878906 0.080078 0.876953 0.080078 0.876953 0.082031 0.871094 0.087891 0.871094 0.091797 0.869141 0.093750 0.867188 0.093750 0.863281 0.097656 0.863281 0.099609 0.859375 0.103516 0.859375 0.113281 0.869141 0.113281 0.871094 0.111328 0.873047 0.111328 0.873047 0.107422 0.876953 0.103516 0.876953 0.099609 0.878906 0.097656 0.880859 0.097656 0.884766 0.093750 0.884766 0.091797 0.888672 0.087891 0.890625 0.087891 0.890625 0.085938 0.892578 0.083984 0.894531 0.083984 0.900391 0.078125 0.902344 0.078125 0.904297 0.076172 0.908203 0.076172 0.908203 0.074219 0.912109 0.070312 0.914062 0.070312 0.916016 0.068359 0.917969 0.068359 0.919922 0.066406 0.919922 0.064453 0.921875 0.062500 0.923828 0.062500 0.925781 0.060547 0.925781 0.058594 0.927734 0.056641 0.929688 0.056641 0.931641 0.054688 0.933594 0.054688 0.935547 0.052734 0.935547 0.050781 0.937500 0.048828 0.937500 0.046875 0.939453 0.044922 0.941406 0.044922 0.943359 0.042969 0.943359 0.039062 0.945312 0.037109 0.947266 0.037109 0.947266 0.035156 0.951172 0.031250 0.953125 0.031250 0.953125 0.029297 0.955078 0.027344 0.955078 0.017578