0 0.728516 0.988281 0.728516 0.992188 0.738281 0.992188 0.736328 0.990234 0.736328 0.988281
0 0.742188 0.962891 0.742188 0.964844 0.744141 0.966797 0.744141 0.976562 0.748047 0.980469 0.748047 0.982422 0.750000 0.984375 0.751953 0.984375 0.755859 0.988281 0.753906 0.990234 0.750000 0.990234 0.748047 0.992188 0.775391 0.992188 0.775391 0.990234 0.777344 0.988281 0.777344 0.980469 0.775391 0.978516 0.775391 0.974609 0.773438 0.972656 0.773438 0.970703 0.771484 0.968750 0.771484 0.966797 0.767578 0.966797 0.765625 0.964844 0.753906 0.964844 0.751953 0.962891
0 0.535156 0.943359 0.535156 0.949219 0.539062 0.953125 0.537109 0.955078 0.535156 0.955078 0.531250 0.958984 0.531250 0.960938 0.529297 0.962891 0.529297 0.974609 0.531250 0.976562 0.531250 0.978516 0.539062 0.978516 0.541016 0.976562 0.542969 0.976562 0.544922 0.974609 0.548828 0.974609 0.548828 0.966797 0.546875 0.964844 0.546875 0.955078 0.544922 0.953125 0.544922 0.951172 0.542969 0.949219 0.542969 0.947266 0.541016 0.945312 0.541016 0.943359
0 0.500000 0.916016 0.500000 0.917969 0.498047 0.919922 0.488281 0.919922 0.488281 0.925781 0.490234 0.925781 0.492188 0.927734 0.490234 0.929688 0.486328 0.929688 0.484375 0.927734 0.476562 0.927734 0.476562 0.935547 0.480469 0.939453 0.480469 0.941406 0.478516 0.943359 0.478516 0.945312 0.476562 0.947266 0.474609 0.947266 0.472656 0.949219 0.470703 0.949219 0.468750 0.951172 0.468750 0.953125 0.464844 0.957031 0.464844 0.960938 0.462891 0.962891 0.462891 0.976562 0.466797 0.980469 0.468750 0.980469 0.470703 0.982422 0.472656 0.982422 0.476562 0.978516 0.480469 0.978516 0.484375 0.982422 0.486328 0.982422 0.488281 0.984375 0.492188 0.980469 0.494141 0.980469 0.494141 0.978516 0.496094 0.976562 0.498047 0.976562 0.500000 0.974609 0.500000 0.972656 0.503906 0.968750 0.503906 0.955078 0.505859 0.953125 0.503906 0.951172 0.509766 0.945312 0.509766 0.939453 0.507812 0.937500 0.507812 0.933594 0.509766 0.931641 0.509766 0.929688 0.511719 0.927734 0.513672 0.927734 0.513672 0.925781 0.509766 0.921875 0.509766 0.916016 0.507812 0.916016 0.505859 0.917969 0.503906 0.916016
0 0.013672 0.914062 0.011719 0.916016 0.009766 0.916016 0.007812 0.917969 0.007812 0.919922 0.000000 0.927734 0.000000 0.992188 0.083984 0.992188 0.083984 0.988281 0.082031 0.986328 0.082031 0.980469 0.078125 0.980469 0.076172 0.978516 0.074219 0.978516 0.072266 0.976562 0.072266 0.974609 0.070312 0.974609 0.066406 0.970703 0.066406 0.964844 0.064453 0.962891 0.064453 0.960938 0.062500 0.960938 0.058594 0.957031 0.056641 0.957031 0.052734 0.953125 0.052734 0.949219 0.050781 0.947266 0.046875 0.947266 0.044922 0.945312 0.037109 0.945312 0.029297 0.937500 0.029297 0.929688 0.027344 0.927734 0.027344 0.923828 0.025391 0.921875 0.025391 0.919922 0.019531 0.914062
0 0.531250 0.910156 0.529297 0.912109 0.529297 0.917969 0.531250 0.919922 0.531250 0.923828 0.535156 0.927734 0.542969 0.927734 0.546875 0.923828 0.546875 0.914062 0.544922 0.912109 0.537109 0.912109 0.535156 0.910156
0 0.529297 0.890625 0.529297 0.892578 0.531250 0.894531 0.531250 0.896484 0.537109 0.902344 0.544922 0.902344 0.544922 0.896484 0.542969 0.894531 0.541016 0.894531 0.539062 0.892578 0.535156 0.892578 0.533203 0.890625
0 0.966797 0.884766 0.962891 0.888672 0.949219 0.888672 0.947266 0.890625 0.943359 0.890625 0.941406 0.892578 0.933594 0.892578 0.931641 0.894531 0.929688 0.894531 0.923828 0.900391 0.921875 0.900391 0.921875 0.902344 0.919922 0.904297 0.916016 0.904297 0.914062 0.902344 0.906250 0.902344 0.904297 0.904297 0.904297 0.912109 0.900391 0.916016 0.900391 0.917969 0.898438 0.919922 0.894531 0.919922 0.890625 0.916016 0.890625 0.914062 0.888672 0.912109 0.888672 0.908203 0.875000 0.908203 0.875000 0.910156 0.873047 0.912109 0.871094 0.912109 0.871094 0.914062 0.869141 0.916016 0.867188 0.916016 0.865234 0.917969 0.861328 0.914062 0.857422 0.914062 0.853516 0.917969 0.851562 0.916016 0.843750 0.916016 0.841797 0.917969 0.839844 0.917969 0.837891 0.919922 0.835938 0.919922 0.833984 0.921875 0.833984 0.923828 0.832031 0.925781 0.832031 0.931641 0.828125 0.935547 0.828125 0.937500 0.826172 0.939453 0.824219 0.939453 0.824219 0.947266 0.820312 0.951172 0.818359 0.951172 0.812500 0.957031 0.812500 0.962891 0.810547 0.964844 0.806641 0.964844 0.804688 0.962891 0.794922 0.962891 0.792969 0.964844 0.792969 0.968750 0.796875 0.968750 0.800781 0.972656 0.800781 0.978516 0.806641 0.978516 0.806641 0.976562 0.814453 0.968750 0.816406 0.968750 0.818359 0.966797 0.820312 0.968750 0.820312 0.970703 0.826172 0.976562 0.826172 0.980469 0.832031 0.980469 0.835938 0.984375 0.835938 0.988281 0.832031 0.992188 0.830078 0.992188 0.992188 0.992188 0.992188 0.904297 0.990234 0.904297 0.986328 0.900391 0.986328 0.898438 0.982422 0.894531 0.982422 0.892578 0.980469 0.892578 0.978516 0.890625 0.976562 0.890625 0.974609 0.888672 0.972656 0.888672 0.970703 0.886719 0.968750 0.886719
0 0.476562 0.880859 0.476562 0.890625 0.478516 0.892578 0.478516 0.894531 0.480469 0.896484 0.484375 0.896484 0.484375 0.884766 0.482422 0.882812 0.482422 0.880859
0 0.531250 0.865234 0.529297 0.867188 0.525391 0.867188 0.525391 0.875000 0.529297 0.875000 0.531250 0.876953 0.539062 0.876953 0.541016 0.878906 0.548828 0.878906 0.548828 0.876953 0.550781 0.875000 0.550781 0.869141 0.548828 0.867188 0.542969 0.867188 0.541016 0.865234
0 0.515625 0.804688 0.515625 0.818359 0.519531 0.822266 0.525391 0.822266 0.527344 0.824219 0.527344 0.826172 0.529297 0.828125 0.535156 0.828125 0.537109 0.830078 0.542969 0.824219 0.548828 0.824219 0.550781 0.826172 0.560547 0.826172 0.562500 0.824219 0.568359 0.824219 0.570312 0.822266 0.572266 0.822266 0.572266 0.818359 0.570312 0.818359 0.568359 0.816406 0.564453 0.816406 0.562500 0.814453 0.544922 0.814453 0.542969 0.812500 0.542969 0.810547 0.541016 0.810547 0.537109 0.806641 0.533203 0.806641 0.531250 0.804688
0 0.703125 0.685547 0.701172 0.687500 0.695312 0.687500 0.693359 0.689453 0.691406 0.689453 0.687500 0.693359 0.687500 0.695312 0.685547 0.697266 0.685547 0.699219 0.683594 0.701172 0.677734 0.701172 0.677734 0.707031 0.675781 0.708984 0.675781 0.710938 0.673828 0.712891 0.675781 0.712891 0.677734 0.714844 0.673828 0.718750 0.673828 0.724609 0.675781 0.726562 0.675781 0.734375 0.677734 0.736328 0.677734 0.738281 0.675781 0.740234 0.675781 0.742188 0.677734 0.742188 0.679688 0.744141 0.677734 0.746094 0.669922 0.746094 0.669922 0.748047 0.667969 0.750000 0.667969 0.751953 0.666016 0.753906 0.667969 0.755859 0.669922 0.755859 0.671875 0.757812 0.671875 0.759766 0.673828 0.761719 0.673828 0.765625 0.675781 0.767578 0.675781 0.769531 0.677734 0.769531 0.679688 0.771484 0.679688 0.773438 0.681641 0.773438 0.683594 0.775391 0.689453 0.775391 0.689453 0.767578 0.687500 0.765625 0.687500 0.763672 0.685547 0.763672 0.683594 0.761719 0.683594 0.759766 0.691406 0.751953 0.695312 0.751953 0.697266 0.750000 0.701172 0.750000 0.703125 0.751953 0.707031 0.748047 0.712891 0.748047 0.714844 0.750000 0.714844 0.751953 0.716797 0.753906 0.722656 0.753906 0.726562 0.750000 0.728516 0.750000 0.730469 0.748047 0.730469 0.742188 0.734375 0.738281 0.736328 0.738281 0.736328 0.736328 0.740234 0.732422 0.740234 0.720703 0.734375 0.720703 0.732422 0.718750 0.736328 0.714844 0.734375 0.712891 0.734375 0.714844 0.732422 0.716797 0.730469 0.716797 0.728516 0.714844 0.730469 0.712891 0.726562 0.708984 0.728516 0.707031 0.728516 0.703125 0.726562 0.701172 0.724609 0.701172 0.722656 0.699219 0.720703 0.699219 0.718750 0.697266 0.718750 0.689453 0.712891 0.689453 0.710938 0.687500 0.707031 0.687500 0.705078 0.685547
0 0.623047 0.595703 0.621094 0.597656 0.617188 0.597656 0.615234 0.599609 0.615234 0.601562 0.613281 0.603516 0.607422 0.603516 0.605469 0.605469 0.601562 0.605469 0.599609 0.607422 0.597656 0.607422 0.597656 0.611328 0.591797 0.617188 0.591797 0.619141 0.587891 0.623047 0.587891 0.628906 0.585938 0.630859 0.580078 0.630859 0.578125 0.628906 0.578125 0.626953 0.576172 0.625000 0.576172 0.621094 0.566406 0.611328 0.560547 0.617188 0.560547 0.621094 0.558594 0.623047 0.558594 0.630859 0.556641 0.632812 0.556641 0.634766 0.554688 0.636719 0.554688 0.642578 0.556641 0.644531 0.554688 0.646484 0.562500 0.654297 0.562500 0.656250 0.566406 0.656250 0.568359 0.658203 0.570312 0.658203 0.572266 0.660156 0.574219 0.660156 0.578125 0.664062 0.587891 0.664062 0.589844 0.666016 0.591797 0.666016 0.593750 0.667969 0.595703 0.667969 0.601562 0.673828 0.603516 0.673828 0.605469 0.675781 0.607422 0.673828 0.609375 0.673828 0.613281 0.677734 0.615234 0.677734 0.617188 0.679688 0.615234 0.681641 0.613281 0.681641 0.609375 0.685547 0.609375 0.687500 0.607422 0.689453 0.607422 0.697266 0.613281 0.697266 0.617188 0.693359 0.619141 0.693359 0.621094 0.691406 0.623047 0.693359 0.626953 0.693359 0.628906 0.695312 0.628906 0.697266 0.630859 0.695312 0.632812 0.697266 0.634766 0.697266 0.636719 0.695312 0.638672 0.695312 0.640625 0.693359 0.644531 0.697266 0.648438 0.693359 0.650391 0.695312 0.654297 0.691406 0.656250 0.691406 0.656250 0.689453 0.658203 0.687500 0.658203 0.677734 0.656250 0.675781 0.656250 0.673828 0.660156 0.669922 0.662109 0.671875 0.662109 0.673828 0.671875 0.673828 0.671875 0.666016 0.669922 0.664062 0.671875 0.662109 0.671875 0.660156 0.675781 0.656250 0.677734 0.658203 0.679688 0.658203 0.679688 0.656250 0.681641 0.654297 0.689453 0.654297 0.691406 0.656250 0.693359 0.654297 0.695312 0.656250 0.695312 0.652344 0.697266 0.650391 0.699219 0.650391 0.701172 0.648438 0.701172 0.646484 0.705078 0.642578 0.705078 0.632812 0.703125 0.630859 0.703125 0.625000 0.701172 0.625000 0.695312 0.619141 0.693359 0.619141 0.689453 0.615234 0.685547 0.615234 0.675781 0.605469 0.675781 0.603516 0.673828 0.601562 0.671875 0.601562 0.669922 0.599609 0.669922 0.595703 0.667969 0.597656 0.667969 0.599609 0.666016 0.601562 0.664062 0.601562 0.662109 0.599609 0.662109 0.595703 0.644531 0.595703 0.642578 0.597656 0.640625 0.597656 0.638672 0.595703 0.628906 0.595703 0.626953 0.597656 0.625000 0.597656
0 0.839844 0.482422 0.839844 0.488281 0.837891 0.490234 0.835938 0.490234 0.835938 0.492188 0.833984 0.494141 0.832031 0.492188 0.830078 0.494141 0.830078 0.496094 0.828125 0.498047 0.826172 0.498047 0.826172 0.513672 0.824219 0.515625 0.833984 0.515625 0.837891 0.519531 0.839844 0.519531 0.843750 0.523438 0.843750 0.527344 0.849609 0.527344 0.851562 0.529297 0.851562 0.531250 0.853516 0.531250 0.855469 0.533203 0.855469 0.535156 0.857422 0.535156 0.859375 0.537109 0.859375 0.539062 0.865234 0.539062 0.867188 0.541016 0.867188 0.544922 0.869141 0.546875 0.869141 0.550781 0.871094 0.552734 0.871094 0.558594 0.873047 0.560547 0.873047 0.562500 0.869141 0.566406 0.863281 0.566406 0.863281 0.574219 0.869141 0.580078 0.871094 0.580078 0.873047 0.582031 0.884766 0.582031 0.886719 0.580078 0.886719 0.576172 0.882812 0.576172 0.880859 0.574219 0.876953 0.574219 0.875000 0.572266 0.876953 0.570312 0.876953 0.568359 0.878906 0.566406 0.880859 0.566406 0.880859 0.560547 0.878906 0.560547 0.876953 0.558594 0.876953 0.554688 0.880859 0.550781 0.884766 0.550781 0.882812 0.548828 0.884766 0.546875 0.884766 0.542969 0.886719 0.541016 0.888672 0.541016 0.890625 0.539062 0.892578 0.539062 0.892578 0.537109 0.898438 0.531250 0.912109 0.531250 0.914062 0.533203 0.914062 0.541016 0.912109 0.542969 0.912109 0.546875 0.908203 0.550781 0.904297 0.550781 0.902344 0.552734 0.898438 0.552734 0.898438 0.558594 0.900391 0.558594 0.906250 0.564453 0.906250 0.568359 0.902344 0.572266 0.898438 0.572266 0.896484 0.570312 0.890625 0.570312 0.890625 0.574219 0.892578 0.576172 0.902344 0.576172 0.904297 0.578125 0.906250 0.578125 0.908203 0.580078 0.908203 0.582031 0.912109 0.585938 0.914062 0.585938 0.916016 0.587891 0.916016 0.589844 0.917969 0.591797 0.917969 0.595703 0.916016 0.597656 0.916016 0.599609 0.912109 0.603516 0.910156 0.603516 0.908203 0.605469 0.904297 0.605469 0.902344 0.607422 0.896484 0.607422 0.894531 0.609375 0.882812 0.609375 0.880859 0.611328 0.876953 0.607422 0.878906 0.609375 0.876953 0.611328 0.871094 0.611328 0.869141 0.609375 0.869141 0.607422 0.865234 0.603516 0.869141 0.599609 0.863281 0.599609 0.861328 0.601562 0.857422 0.601562 0.855469 0.599609 0.853516 0.599609 0.853516 0.605469 0.847656 0.611328 0.843750 0.611328 0.843750 0.613281 0.841797 0.615234 0.841797 0.619141 0.839844 0.621094 0.839844 0.623047 0.837891 0.625000 0.835938 0.625000 0.835938 0.638672 0.857422 0.638672 0.861328 0.634766 0.880859 0.634766 0.882812 0.636719 0.882812 0.638672 0.884766 0.640625 0.884766 0.646484 0.890625 0.646484 0.892578 0.648438 0.894531 0.648438 0.896484 0.650391 0.896484 0.652344 0.898438 0.654297 0.898438 0.662109 0.896484 0.664062 0.896484 0.667969 0.900391 0.671875 0.898438 0.673828 0.896484 0.673828 0.892578 0.677734 0.892578 0.681641 0.890625 0.683594 0.890625 0.685547 0.894531 0.689453 0.898438 0.689453 0.900391 0.687500 0.904297 0.687500 0.908203 0.683594 0.910156 0.683594 0.912109 0.681641 0.914062 0.683594 0.914062 0.685547 0.916016 0.685547 0.919922 0.689453 0.923828 0.689453 0.931641 0.697266 0.931641 0.699219 0.933594 0.701172 0.933594 0.708984 0.927734 0.714844 0.925781 0.714844 0.925781 0.716797 0.923828 0.718750 0.921875 0.718750 0.921875 0.720703 0.916016 0.726562 0.916016 0.730469 0.917969 0.732422 0.917969 0.738281 0.916016 0.740234 0.890625 0.740234 0.888672 0.742188 0.882812 0.742188 0.880859 0.740234 0.878906 0.742188 0.875000 0.742188 0.873047 0.740234 0.871094 0.740234 0.869141 0.738281 0.869141 0.736328 0.867188 0.734375 0.867188 0.726562 0.863281 0.726562 0.859375 0.730469 0.857422 0.730469 0.853516 0.734375 0.853516 0.736328 0.843750 0.746094 0.843750 0.755859 0.845703 0.757812 0.847656 0.757812 0.851562 0.761719 0.851562 0.763672 0.853516 0.765625 0.853516 0.767578 0.857422 0.771484 0.859375 0.771484 0.861328 0.773438 0.873047 0.773438 0.875000 0.771484 0.878906 0.775391 0.878906 0.781250 0.884766 0.781250 0.888672 0.785156 0.904297 0.785156 0.906250 0.787109 0.906250 0.789062 0.908203 0.791016 0.908203 0.792969 0.910156 0.794922 0.910156 0.804688 0.914062 0.808594 0.919922 0.808594 0.923828 0.812500 0.929688 0.812500 0.933594 0.816406 0.933594 0.818359 0.935547 0.820312 0.937500 0.818359 0.939453 0.818359 0.941406 0.816406 0.943359 0.816406 0.945312 0.814453 0.949219 0.814453 0.951172 0.812500 0.958984 0.812500 0.964844 0.818359 0.966797 0.818359 0.968750 0.820312 0.972656 0.816406 0.980469 0.816406 0.982422 0.814453 0.986328 0.814453 0.988281 0.812500 0.990234 0.814453 0.990234 0.812500 0.992188 0.810547 0.992188 0.546875 0.992188 0.548828 0.984375 0.556641 0.982422 0.556641 0.978516 0.552734 0.978516 0.550781 0.976562 0.548828 0.974609 0.548828 0.970703 0.552734 0.968750 0.552734 0.966797 0.554688 0.964844 0.552734 0.964844 0.548828 0.962891 0.548828 0.958984 0.552734 0.957031 0.552734 0.957031 0.554688 0.955078 0.556641 0.953125 0.556641 0.953125 0.558594 0.951172 0.560547 0.947266 0.560547 0.945312 0.558594 0.945312 0.556641 0.947266 0.554688 0.947266 0.546875 0.949219 0.544922 0.949219 0.542969 0.947266 0.541016 0.947266 0.537109 0.943359 0.537109 0.941406 0.535156 0.937500 0.535156 0.935547 0.533203 0.933594 0.533203 0.929688 0.529297 0.925781 0.529297 0.923828 0.527344 0.923828 0.521484 0.916016 0.521484 0.910156 0.515625 0.910156 0.513672 0.908203 0.511719 0.908203 0.509766 0.904297 0.509766 0.904297 0.511719 0.900391 0.515625 0.898438 0.515625 0.896484 0.517578 0.892578 0.513672 0.892578 0.509766 0.888672 0.505859 0.878906 0.505859 0.876953 0.503906 0.876953 0.501953 0.871094 0.501953 0.869141 0.500000 0.867188 0.500000 0.863281 0.496094 0.863281 0.494141 0.861328 0.492188 0.859375 0.492188 0.857422 0.490234 0.857422 0.486328 0.855469 0.486328 0.853516 0.484375 0.851562 0.484375 0.849609 0.482422
0 0.921875 0.341797 0.921875 0.343750 0.917969 0.347656 0.916016 0.347656 0.912109 0.351562 0.916016 0.351562 0.917969 0.353516 0.917969 0.355469 0.919922 0.357422 0.919922 0.361328 0.921875 0.363281 0.921875 0.365234 0.923828 0.367188 0.927734 0.367188 0.929688 0.369141 0.929688 0.371094 0.931641 0.373047 0.931641 0.375000 0.933594 0.376953 0.931641 0.378906 0.933594 0.380859 0.935547 0.378906 0.939453 0.378906 0.941406 0.376953 0.943359 0.376953 0.947266 0.380859 0.947266 0.382812 0.949219 0.384766 0.949219 0.390625 0.951172 0.392578 0.951172 0.390625 0.955078 0.386719 0.955078 0.382812 0.953125 0.382812 0.951172 0.380859 0.955078 0.376953 0.957031 0.378906 0.958984 0.378906 0.960938 0.380859 0.960938 0.382812 0.966797 0.382812 0.970703 0.378906 0.972656 0.378906 0.972656 0.376953 0.974609 0.375000 0.974609 0.371094 0.966797 0.363281 0.966797 0.361328 0.964844 0.361328 0.962891 0.359375 0.962891 0.355469 0.960938 0.355469 0.957031 0.359375 0.958984 0.361328 0.957031 0.363281 0.957031 0.365234 0.955078 0.367188 0.953125 0.367188 0.951172 0.365234 0.953125 0.363281 0.951172 0.361328 0.949219 0.361328 0.947266 0.359375 0.939453 0.359375 0.937500 0.357422 0.935547 0.357422 0.933594 0.355469 0.933594 0.353516 0.931641 0.351562 0.931641 0.345703 0.927734 0.341797
0 0.775391 0.169922 0.773438 0.171875 0.773438 0.175781 0.771484 0.177734 0.771484 0.179688 0.769531 0.181641 0.769531 0.183594 0.767578 0.185547 0.763672 0.185547 0.763672 0.187500 0.761719 0.189453 0.761719 0.191406 0.763672 0.193359 0.763672 0.199219 0.765625 0.201172 0.765625 0.203125 0.767578 0.205078 0.767578 0.208984 0.769531 0.208984 0.771484 0.207031 0.781250 0.207031 0.783203 0.208984 0.785156 0.208984 0.787109 0.210938 0.787109 0.207031 0.792969 0.201172 0.792969 0.197266 0.796875 0.193359 0.796875 0.189453 0.791016 0.183594 0.791016 0.173828 0.789062 0.173828 0.785156 0.169922
0 0.910156 0.101562 0.908203 0.103516 0.902344 0.103516 0.898438 0.107422 0.896484 0.105469 0.894531 0.105469 0.892578 0.107422 0.890625 0.105469 0.888672 0.107422 0.878906 0.107422 0.878906 0.109375 0.871094 0.117188 0.871094 0.119141 0.869141 0.121094 0.869141 0.126953 0.865234 0.130859 0.865234 0.132812 0.863281 0.134766 0.861328 0.134766 0.859375 0.136719 0.861328 0.138672 0.855469 0.144531 0.851562 0.144531 0.849609 0.146484 0.847656 0.146484 0.845703 0.148438 0.833984 0.148438 0.833984 0.154297 0.835938 0.154297 0.837891 0.156250 0.837891 0.158203 0.839844 0.160156 0.839844 0.162109 0.837891 0.164062 0.837891 0.167969 0.832031 0.173828 0.830078 0.173828 0.828125 0.175781 0.828125 0.177734 0.826172 0.179688 0.826172 0.181641 0.824219 0.183594 0.824219 0.197266 0.822266 0.199219 0.814453 0.199219 0.812500 0.201172 0.810547 0.201172 0.810547 0.226562 0.812500 0.226562 0.814453 0.228516 0.814453 0.230469 0.816406 0.232422 0.814453 0.234375 0.812500 0.234375 0.804688 0.242188 0.800781 0.242188 0.798828 0.244141 0.798828 0.246094 0.796875 0.248047 0.794922 0.246094 0.794922 0.244141 0.792969 0.242188 0.789062 0.242188 0.787109 0.240234 0.785156 0.242188 0.783203 0.240234 0.783203 0.224609 0.781250 0.222656 0.781250 0.218750 0.779297 0.216797 0.779297 0.214844 0.775391 0.214844 0.771484 0.218750 0.771484 0.220703 0.769531 0.222656 0.767578 0.222656 0.765625 0.220703 0.763672 0.220703 0.761719 0.218750 0.759766 0.218750 0.757812 0.216797 0.757812 0.214844 0.755859 0.214844 0.753906 0.212891 0.744141 0.212891 0.742188 0.214844 0.738281 0.214844 0.738281 0.222656 0.746094 0.222656 0.748047 0.224609 0.748047 0.226562 0.757812 0.236328 0.757812 0.238281 0.759766 0.238281 0.761719 0.240234 0.759766 0.242188 0.759766 0.253906 0.761719 0.255859 0.761719 0.261719 0.763672 0.261719 0.767578 0.265625 0.767578 0.269531 0.769531 0.267578 0.773438 0.271484 0.775391 0.271484 0.777344 0.273438 0.779297 0.273438 0.781250 0.275391 0.781250 0.277344 0.779297 0.279297 0.779297 0.287109 0.773438 0.292969 0.773438 0.294922 0.769531 0.298828 0.769531 0.300781 0.767578 0.302734 0.767578 0.306641 0.765625 0.308594 0.765625 0.318359 0.763672 0.320312 0.763672 0.330078 0.765625 0.332031 0.763672 0.333984 0.763672 0.335938 0.761719 0.337891 0.761719 0.339844 0.763672 0.341797 0.763672 0.345703 0.765625 0.347656 0.765625 0.349609 0.767578 0.351562 0.773438 0.351562 0.775391 0.353516 0.775391 0.355469 0.779297 0.355469 0.779297 0.351562 0.783203 0.347656 0.783203 0.345703 0.785156 0.343750 0.791016 0.343750 0.792969 0.345703 0.792969 0.347656 0.798828 0.347656 0.800781 0.349609 0.800781 0.351562 0.806641 0.351562 0.808594 0.353516 0.812500 0.353516 0.814453 0.355469 0.814453 0.359375 0.818359 0.363281 0.818359 0.365234 0.820312 0.367188 0.820312 0.369141 0.828125 0.376953 0.828125 0.378906 0.832031 0.378906 0.833984 0.376953 0.835938 0.376953 0.837891 0.375000 0.841797 0.375000 0.839844 0.373047 0.841797 0.371094 0.843750 0.371094 0.845703 0.369141 0.847656 0.369141 0.849609 0.371094 0.857422 0.371094 0.859375 0.373047 0.859375 0.375000 0.861328 0.375000 0.863281 0.376953 0.863281 0.378906 0.871094 0.378906 0.873047 0.376953 0.873047 0.375000 0.876953 0.371094 0.876953 0.369141 0.875000 0.367188 0.876953 0.365234 0.876953 0.361328 0.878906 0.359375 0.880859 0.359375 0.882812 0.361328 0.890625 0.361328 0.890625 0.357422 0.888672 0.355469 0.886719 0.355469 0.884766 0.353516 0.888672 0.349609 0.888672 0.345703 0.890625 0.343750 0.892578 0.343750 0.892578 0.341797 0.894531 0.339844 0.896484 0.339844 0.898438 0.337891 0.900391 0.337891 0.902344 0.335938 0.902344 0.333984 0.904297 0.332031 0.904297 0.326172 0.906250 0.324219 0.908203 0.324219 0.916016 0.316406 0.916016 0.314453 0.919922 0.310547 0.919922 0.304688 0.917969 0.302734 0.916016 0.302734 0.912109 0.298828 0.912109 0.296875 0.910156 0.294922 0.910156 0.292969 0.912109 0.291016 0.917969 0.291016 0.917969 0.289062 0.919922 0.287109 0.919922 0.283203 0.921875 0.281250 0.921875 0.261719 0.927734 0.255859 0.927734 0.248047 0.929688 0.246094 0.933594 0.246094 0.937500 0.242188 0.937500 0.230469 0.941406 0.226562 0.941406 0.216797 0.943359 0.214844 0.949219 0.214844 0.951172 0.216797 0.955078 0.216797 0.957031 0.214844 0.960938 0.214844 0.964844 0.210938 0.966797 0.210938 0.966797 0.208984 0.970703 0.205078 0.970703 0.199219 0.972656 0.197266 0.972656 0.195312 0.974609 0.193359 0.972656 0.191406 0.970703 0.191406 0.964844 0.185547 0.964844 0.171875 0.966797 0.169922 0.966797 0.166016 0.968750 0.164062 0.968750 0.162109 0.966797 0.160156 0.966797 0.158203 0.964844 0.156250 0.966797 0.154297 0.966797 0.152344 0.962891 0.148438 0.962891 0.146484 0.960938 0.146484 0.960938 0.148438 0.958984 0.150391 0.958984 0.152344 0.957031 0.154297 0.955078 0.154297 0.953125 0.152344 0.951172 0.152344 0.949219 0.150391 0.949219 0.148438 0.943359 0.148438 0.941406 0.150391 0.939453 0.150391 0.937500 0.152344 0.935547 0.150391 0.933594 0.150391 0.931641 0.148438 0.931641 0.144531 0.933594 0.142578 0.937500 0.142578 0.937500 0.140625 0.939453 0.138672 0.941406 0.138672 0.943359 0.136719 0.943359 0.134766 0.941406 0.134766 0.939453 0.132812 0.939453 0.130859 0.941406 0.128906 0.943359 0.128906 0.943359 0.126953 0.941406 0.125000 0.941406 0.121094 0.939453 0.119141 0.939453 0.117188 0.941406 0.115234 0.939453 0.113281 0.939453 0.107422 0.937500 0.107422 0.935547 0.105469 0.933594 0.105469 0.931641 0.107422 0.929688 0.105469 0.927734 0.105469 0.925781 0.103516 0.921875 0.103516 0.919922 0.101562
0 0.816406 0.000000 0.814453 0.001953 0.814453 0.005859 0.826172 0.005859 0.830078 0.009766 0.835938 0.009766 0.835938 0.005859 0.830078 0.000000
0 0.339844 0.000000 0.339844 0.005859 0.341797 0.007812 0.343750 0.007812 0.347656 0.011719 0.353516 0.011719 0.355469 0.013672 0.359375 0.013672 0.361328 0.015625 0.367188 0.015625 0.369141 0.013672 0.371094 0.013672 0.373047 0.011719 0.375000 0.011719 0.378906 0.007812 0.380859 0.007812 0.384766 0.003906 0.384766 0.001953 0.386719 0.000000 0.388672 0.000000
0 0.173828 0.000000 0.173828 0.011719 0.175781 0.013672 0.177734 0.013672 0.179688 0.015625 0.181641 0.015625 0.183594 0.017578 0.199219 0.017578 0.203125 0.013672 0.208984 0.013672 0.210938 0.011719 0.212891 0.011719 0.212891 0.009766 0.216797 0.005859 0.216797 0.000000