0 0.175781 0.921875 0.171875 0.925781 0.169922 0.925781 0.167969 0.927734 0.167969 0.931641 0.166016 0.933594 0.166016 0.939453 0.169922 0.939453 0.169922 0.937500 0.173828 0.933594 0.175781 0.935547 0.175781 0.939453 0.177734 0.941406 0.187500 0.941406 0.189453 0.943359 0.191406 0.943359 0.195312 0.947266 0.199219 0.947266 0.199219 0.939453 0.195312 0.935547 0.195312 0.933594 0.193359 0.931641 0.193359 0.929688 0.191406 0.929688 0.189453 0.927734 0.189453 0.925781 0.185547 0.921875
0 0.203125 0.876953 0.199219 0.880859 0.197266 0.880859 0.195312 0.882812 0.173828 0.882812 0.171875 0.884766 0.171875 0.886719 0.167969 0.890625 0.167969 0.892578 0.166016 0.894531 0.164062 0.894531 0.162109 0.896484 0.162109 0.898438 0.160156 0.900391 0.160156 0.904297 0.158203 0.906250 0.150391 0.906250 0.148438 0.908203 0.146484 0.908203 0.144531 0.910156 0.144531 0.912109 0.142578 0.914062 0.134766 0.914062 0.130859 0.917969 0.130859 0.921875 0.126953 0.925781 0.126953 0.929688 0.125000 0.931641 0.125000 0.937500 0.126953 0.939453 0.130859 0.939453 0.136719 0.933594 0.138672 0.933594 0.140625 0.935547 0.140625 0.945312 0.144531 0.945312 0.146484 0.943359 0.148438 0.943359 0.154297 0.949219 0.154297 0.951172 0.150391 0.955078 0.150391 0.958984 0.154297 0.958984 0.164062 0.949219 0.164062 0.943359 0.162109 0.943359 0.158203 0.939453 0.158203 0.931641 0.156250 0.931641 0.154297 0.929688 0.152344 0.929688 0.148438 0.925781 0.150391 0.923828 0.150391 0.917969 0.152344 0.916016 0.162109 0.916016 0.162109 0.914062 0.164062 0.912109 0.164062 0.910156 0.166016 0.908203 0.167969 0.910156 0.169922 0.910156 0.171875 0.908203 0.181641 0.908203 0.183594 0.906250 0.185547 0.906250 0.187500 0.908203 0.189453 0.908203 0.191406 0.906250 0.193359 0.906250 0.195312 0.908203 0.195312 0.916016 0.197266 0.916016 0.197266 0.914062 0.199219 0.912109 0.201172 0.912109 0.203125 0.914062 0.205078 0.912109 0.210938 0.917969 0.207031 0.921875 0.207031 0.923828 0.203125 0.927734 0.203125 0.929688 0.205078 0.931641 0.208984 0.931641 0.210938 0.929688 0.210938 0.927734 0.212891 0.925781 0.212891 0.923828 0.214844 0.921875 0.214844 0.919922 0.216797 0.917969 0.216797 0.914062 0.218750 0.912109 0.220703 0.912109 0.220703 0.910156 0.222656 0.908203 0.222656 0.906250 0.220703 0.904297 0.220703 0.898438 0.230469 0.888672 0.230469 0.884766 0.224609 0.878906 0.216797 0.878906 0.214844 0.876953
0 0.029297 0.742188 0.023438 0.748047 0.021484 0.748047 0.019531 0.750000 0.019531 0.751953 0.017578 0.753906 0.017578 0.755859 0.011719 0.761719 0.011719 0.763672 0.007812 0.767578 0.005859 0.765625 0.003906 0.765625 0.003906 0.767578 0.001953 0.769531 0.000000 0.769531 0.000000 0.802734 0.000000 0.800781 0.001953 0.798828 0.009766 0.798828 0.009766 0.794922 0.019531 0.785156 0.021484 0.785156 0.023438 0.783203 0.027344 0.783203 0.031250 0.779297 0.035156 0.779297 0.039062 0.775391 0.041016 0.775391 0.042969 0.773438 0.044922 0.773438 0.046875 0.771484 0.046875 0.759766 0.041016 0.753906 0.041016 0.742188
0 0.005859 0.730469 0.003906 0.732422 0.001953 0.732422 0.000000 0.734375 0.000000 0.753906 0.003906 0.753906 0.005859 0.751953 0.007812 0.751953 0.007812 0.750000 0.011719 0.746094 0.011719 0.742188 0.013672 0.740234 0.013672 0.730469
0 0.257812 0.644531 0.255859 0.646484 0.253906 0.646484 0.253906 0.652344 0.259766 0.652344 0.263672 0.648438 0.263672 0.644531
0 0.648438 0.625000 0.648438 0.626953 0.652344 0.630859 0.652344 0.634766 0.660156 0.634766 0.660156 0.626953 0.658203 0.625000
0 0.716797 0.521484 0.712891 0.525391 0.710938 0.525391 0.710938 0.531250 0.718750 0.531250 0.720703 0.529297 0.722656 0.529297 0.722656 0.521484
0 0.867188 0.496094 0.865234 0.498047 0.863281 0.498047 0.863281 0.500000 0.857422 0.505859 0.855469 0.505859 0.853516 0.507812 0.851562 0.507812 0.849609 0.509766 0.841797 0.509766 0.837891 0.513672 0.830078 0.513672 0.828125 0.515625 0.828125 0.523438 0.830078 0.525391 0.845703 0.525391 0.845703 0.517578 0.847656 0.515625 0.849609 0.515625 0.851562 0.517578 0.869141 0.517578 0.871094 0.515625 0.875000 0.515625 0.876953 0.513672 0.878906 0.513672 0.884766 0.507812 0.884766 0.505859 0.886719 0.503906 0.886719 0.501953 0.884766 0.500000 0.884766 0.498047 0.882812 0.498047 0.880859 0.496094
0 0.498047 0.312500 0.496094 0.314453 0.496094 0.318359 0.501953 0.318359 0.503906 0.316406 0.503906 0.312500
0 0.863281 0.294922 0.863281 0.302734 0.867188 0.306641 0.873047 0.306641 0.875000 0.304688 0.875000 0.294922 0.871094 0.294922 0.869141 0.296875 0.867188 0.294922
0 0.673828 0.253906 0.667969 0.259766 0.666016 0.257812 0.658203 0.257812 0.656250 0.259766 0.656250 0.267578 0.654297 0.269531 0.650391 0.269531 0.648438 0.271484 0.644531 0.271484 0.644531 0.273438 0.642578 0.275391 0.640625 0.275391 0.640625 0.279297 0.642578 0.281250 0.642578 0.283203 0.644531 0.285156 0.644531 0.289062 0.642578 0.291016 0.640625 0.291016 0.634766 0.296875 0.632812 0.296875 0.632812 0.300781 0.630859 0.302734 0.630859 0.304688 0.632812 0.306641 0.632812 0.308594 0.628906 0.312500 0.626953 0.312500 0.626953 0.314453 0.628906 0.316406 0.628906 0.318359 0.625000 0.322266 0.625000 0.328125 0.626953 0.330078 0.626953 0.332031 0.621094 0.337891 0.621094 0.339844 0.625000 0.343750 0.625000 0.345703 0.626953 0.345703 0.628906 0.347656 0.630859 0.347656 0.636719 0.353516 0.636719 0.359375 0.634766 0.361328 0.630859 0.361328 0.628906 0.363281 0.626953 0.363281 0.625000 0.361328 0.623047 0.361328 0.615234 0.353516 0.615234 0.351562 0.609375 0.345703 0.609375 0.343750 0.601562 0.343750 0.599609 0.341797 0.589844 0.341797 0.587891 0.343750 0.585938 0.343750 0.585938 0.345703 0.583984 0.347656 0.580078 0.347656 0.578125 0.345703 0.576172 0.345703 0.572266 0.341797 0.572266 0.339844 0.568359 0.335938 0.568359 0.332031 0.566406 0.332031 0.564453 0.333984 0.562500 0.332031 0.562500 0.330078 0.560547 0.328125 0.558594 0.328125 0.556641 0.326172 0.554688 0.328125 0.552734 0.328125 0.552734 0.330078 0.550781 0.332031 0.548828 0.330078 0.546875 0.330078 0.544922 0.328125 0.544922 0.324219 0.542969 0.324219 0.541016 0.322266 0.541016 0.318359 0.544922 0.314453 0.544922 0.312500 0.548828 0.308594 0.548828 0.304688 0.541016 0.304688 0.539062 0.306641 0.535156 0.306641 0.529297 0.312500 0.529297 0.314453 0.527344 0.316406 0.527344 0.318359 0.525391 0.320312 0.523438 0.320312 0.521484 0.322266 0.519531 0.322266 0.517578 0.324219 0.513672 0.324219 0.511719 0.326172 0.511719 0.335938 0.509766 0.337891 0.507812 0.337891 0.503906 0.341797 0.507812 0.345703 0.509766 0.345703 0.511719 0.347656 0.511719 0.349609 0.521484 0.349609 0.523438 0.351562 0.519531 0.355469 0.519531 0.359375 0.511719 0.367188 0.509766 0.365234 0.509766 0.363281 0.507812 0.365234 0.507812 0.376953 0.505859 0.378906 0.501953 0.378906 0.501953 0.380859 0.500000 0.382812 0.500000 0.384766 0.496094 0.388672 0.496094 0.392578 0.498047 0.392578 0.500000 0.390625 0.501953 0.390625 0.503906 0.392578 0.503906 0.400391 0.505859 0.402344 0.505859 0.404297 0.503906 0.406250 0.501953 0.406250 0.500000 0.408203 0.492188 0.408203 0.488281 0.412109 0.488281 0.417969 0.490234 0.419922 0.490234 0.421875 0.494141 0.425781 0.494141 0.429688 0.492188 0.431641 0.490234 0.431641 0.488281 0.433594 0.486328 0.433594 0.484375 0.435547 0.474609 0.435547 0.472656 0.433594 0.472656 0.431641 0.470703 0.429688 0.472656 0.427734 0.474609 0.427734 0.478516 0.423828 0.480469 0.423828 0.480469 0.417969 0.478516 0.417969 0.476562 0.416016 0.474609 0.416016 0.472656 0.414062 0.472656 0.412109 0.470703 0.412109 0.468750 0.410156 0.453125 0.410156 0.451172 0.412109 0.449219 0.412109 0.445312 0.416016 0.443359 0.414062 0.441406 0.414062 0.441406 0.416016 0.437500 0.419922 0.431641 0.419922 0.429688 0.421875 0.427734 0.421875 0.427734 0.431641 0.435547 0.431641 0.437500 0.429688 0.439453 0.429688 0.441406 0.427734 0.445312 0.427734 0.447266 0.425781 0.451172 0.425781 0.453125 0.423828 0.455078 0.423828 0.455078 0.421875 0.457031 0.419922 0.458984 0.419922 0.460938 0.417969 0.462891 0.419922 0.462891 0.431641 0.460938 0.433594 0.458984 0.433594 0.458984 0.435547 0.455078 0.439453 0.455078 0.443359 0.453125 0.445312 0.453125 0.447266 0.449219 0.451172 0.449219 0.455078 0.455078 0.455078 0.457031 0.457031 0.457031 0.458984 0.455078 0.460938 0.433594 0.460938 0.431641 0.458984 0.431641 0.457031 0.429688 0.457031 0.427734 0.455078 0.425781 0.457031 0.402344 0.457031 0.400391 0.458984 0.398438 0.458984 0.396484 0.457031 0.394531 0.457031 0.390625 0.453125 0.390625 0.449219 0.394531 0.445312 0.400391 0.445312 0.400391 0.433594 0.398438 0.433594 0.392578 0.427734 0.392578 0.425781 0.390625 0.423828 0.390625 0.416016 0.384766 0.416016 0.382812 0.417969 0.382812 0.419922 0.380859 0.421875 0.380859 0.427734 0.378906 0.429688 0.378906 0.433594 0.376953 0.435547 0.376953 0.443359 0.375000 0.445312 0.375000 0.447266 0.373047 0.449219 0.371094 0.449219 0.371094 0.455078 0.373047 0.457031 0.373047 0.458984 0.375000 0.460938 0.376953 0.460938 0.378906 0.462891 0.378906 0.468750 0.375000 0.472656 0.375000 0.474609 0.373047 0.476562 0.373047 0.482422 0.371094 0.484375 0.371094 0.494141 0.373047 0.494141 0.375000 0.496094 0.375000 0.513672 0.371094 0.517578 0.373047 0.519531 0.373047 0.521484 0.375000 0.521484 0.378906 0.525391 0.378906 0.527344 0.380859 0.527344 0.382812 0.529297 0.384766 0.529297 0.386719 0.531250 0.386719 0.533203 0.384766 0.535156 0.386719 0.537109 0.382812 0.541016 0.380859 0.541016 0.378906 0.542969 0.376953 0.542969 0.375000 0.544922 0.367188 0.544922 0.367188 0.546875 0.365234 0.548828 0.365234 0.552734 0.367188 0.554688 0.367188 0.556641 0.371094 0.556641 0.373047 0.558594 0.367188 0.564453 0.369141 0.564453 0.371094 0.566406 0.371094 0.568359 0.369141 0.570312 0.363281 0.570312 0.363281 0.572266 0.365234 0.574219 0.365234 0.576172 0.367188 0.576172 0.369141 0.578125 0.369141 0.580078 0.376953 0.587891 0.380859 0.587891 0.382812 0.589844 0.382812 0.591797 0.384766 0.591797 0.384766 0.589844 0.386719 0.587891 0.390625 0.587891 0.392578 0.585938 0.396484 0.585938 0.398438 0.587891 0.398438 0.591797 0.394531 0.595703 0.394531 0.599609 0.392578 0.601562 0.386719 0.601562 0.386719 0.603516 0.384766 0.605469 0.382812 0.605469 0.380859 0.607422 0.373047 0.607422 0.371094 0.609375 0.369141 0.609375 0.367188 0.611328 0.365234 0.611328 0.363281 0.613281 0.361328 0.613281 0.359375 0.611328 0.357422 0.613281 0.347656 0.613281 0.347656 0.617188 0.345703 0.619141 0.343750 0.619141 0.343750 0.621094 0.339844 0.625000 0.335938 0.625000 0.335938 0.628906 0.333984 0.630859 0.332031 0.630859 0.328125 0.634766 0.326172 0.634766 0.324219 0.636719 0.316406 0.636719 0.308594 0.644531 0.306641 0.644531 0.302734 0.648438 0.300781 0.648438 0.298828 0.650391 0.298828 0.652344 0.296875 0.654297 0.294922 0.654297 0.292969 0.656250 0.291016 0.656250 0.291016 0.677734 0.294922 0.681641 0.294922 0.685547 0.296875 0.687500 0.296875 0.693359 0.298828 0.695312 0.298828 0.697266 0.300781 0.699219 0.300781 0.728516 0.302734 0.730469 0.324219 0.730469 0.326172 0.728516 0.326172 0.716797 0.324219 0.716797 0.320312 0.712891 0.324219 0.708984 0.324219 0.707031 0.326172 0.705078 0.326172 0.703125 0.328125 0.701172 0.330078 0.701172 0.332031 0.703125 0.335938 0.703125 0.339844 0.707031 0.341797 0.707031 0.343750 0.708984 0.345703 0.708984 0.349609 0.712891 0.351562 0.712891 0.353516 0.714844 0.353516 0.716797 0.355469 0.716797 0.357422 0.718750 0.357422 0.720703 0.359375 0.722656 0.359375 0.728516 0.371094 0.728516 0.375000 0.732422 0.375000 0.734375 0.376953 0.734375 0.378906 0.736328 0.378906 0.742188 0.380859 0.744141 0.380859 0.746094 0.384766 0.750000 0.384766 0.751953 0.390625 0.757812 0.408203 0.757812 0.408203 0.755859 0.410156 0.753906 0.412109 0.753906 0.414062 0.751953 0.414062 0.750000 0.419922 0.744141 0.421875 0.746094 0.421875 0.751953 0.423828 0.753906 0.423828 0.777344 0.425781 0.779297 0.425781 0.781250 0.427734 0.783203 0.443359 0.783203 0.443359 0.761719 0.445312 0.759766 0.445312 0.740234 0.449219 0.736328 0.457031 0.736328 0.458984 0.734375 0.460938 0.734375 0.466797 0.740234 0.470703 0.740234 0.472656 0.742188 0.470703 0.744141 0.458984 0.744141 0.455078 0.748047 0.455078 0.759766 0.460938 0.765625 0.458984 0.767578 0.458984 0.769531 0.457031 0.771484 0.457031 0.773438 0.455078 0.775391 0.455078 0.791016 0.457031 0.792969 0.468750 0.792969 0.470703 0.791016 0.472656 0.791016 0.474609 0.792969 0.474609 0.794922 0.476562 0.796875 0.478516 0.796875 0.480469 0.798828 0.480469 0.800781 0.482422 0.800781 0.484375 0.802734 0.498047 0.802734 0.500000 0.800781 0.505859 0.800781 0.505859 0.787109 0.503906 0.787109 0.501953 0.785156 0.503906 0.783203 0.503906 0.781250 0.507812 0.777344 0.509766 0.777344 0.509766 0.775391 0.511719 0.773438 0.513672 0.773438 0.515625 0.771484 0.517578 0.771484 0.521484 0.767578 0.523438 0.767578 0.527344 0.763672 0.537109 0.763672 0.541016 0.767578 0.544922 0.767578 0.546875 0.769531 0.546875 0.771484 0.548828 0.771484 0.550781 0.773438 0.550781 0.775391 0.552734 0.777344 0.552734 0.779297 0.554688 0.779297 0.556641 0.781250 0.556641 0.783203 0.558594 0.783203 0.560547 0.785156 0.560547 0.796875 0.572266 0.796875 0.574219 0.798828 0.574219 0.810547 0.576172 0.812500 0.578125 0.812500 0.582031 0.816406 0.583984 0.816406 0.585938 0.818359 0.595703 0.818359 0.597656 0.820312 0.599609 0.820312 0.601562 0.822266 0.607422 0.822266 0.609375 0.824219 0.609375 0.826172 0.605469 0.830078 0.605469 0.841797 0.607422 0.841797 0.609375 0.843750 0.609375 0.845703 0.607422 0.847656 0.605469 0.847656 0.605469 0.849609 0.609375 0.849609 0.611328 0.847656 0.613281 0.849609 0.615234 0.849609 0.617188 0.851562 0.619141 0.851562 0.621094 0.849609 0.621094 0.847656 0.623047 0.845703 0.623047 0.839844 0.625000 0.837891 0.626953 0.837891 0.626953 0.835938 0.628906 0.833984 0.630859 0.833984 0.630859 0.832031 0.632812 0.830078 0.646484 0.830078 0.646484 0.828125 0.648438 0.826172 0.650391 0.826172 0.654297 0.822266 0.654297 0.820312 0.656250 0.818359 0.658203 0.818359 0.658203 0.816406 0.656250 0.816406 0.654297 0.814453 0.654297 0.789062 0.656250 0.787109 0.654297 0.785156 0.654297 0.783203 0.658203 0.779297 0.658203 0.775391 0.662109 0.771484 0.662109 0.769531 0.664062 0.767578 0.666016 0.769531 0.669922 0.765625 0.671875 0.765625 0.673828 0.767578 0.677734 0.767578 0.679688 0.769531 0.679688 0.771484 0.685547 0.771484 0.687500 0.773438 0.687500 0.775391 0.689453 0.773438 0.691406 0.773438 0.691406 0.769531 0.689453 0.767578 0.695312 0.761719 0.697266 0.763672 0.705078 0.763672 0.705078 0.761719 0.707031 0.759766 0.708984 0.759766 0.708984 0.753906 0.710938 0.751953 0.712891 0.751953 0.714844 0.750000 0.716797 0.751953 0.718750 0.750000 0.718750 0.746094 0.720703 0.744141 0.720703 0.740234 0.724609 0.736328 0.724609 0.726562 0.722656 0.724609 0.724609 0.722656 0.724609 0.714844 0.726562 0.712891 0.730469 0.712891 0.730469 0.708984 0.732422 0.707031 0.738281 0.712891 0.740234 0.712891 0.746094 0.718750 0.751953 0.718750 0.751953 0.712891 0.738281 0.699219 0.736328 0.699219 0.734375 0.697266 0.734375 0.695312 0.730469 0.691406 0.734375 0.687500 0.736328 0.687500 0.736328 0.675781 0.734375 0.675781 0.730469 0.671875 0.730469 0.667969 0.728516 0.666016 0.728516 0.662109 0.726562 0.660156 0.726562 0.656250 0.724609 0.654297 0.726562 0.652344 0.728516 0.652344 0.728516 0.640625 0.726562 0.638672 0.718750 0.638672 0.716797 0.640625 0.703125 0.640625 0.701172 0.642578 0.697266 0.642578 0.689453 0.634766 0.685547 0.634766 0.683594 0.636719 0.683594 0.640625 0.681641 0.642578 0.681641 0.644531 0.679688 0.646484 0.675781 0.646484 0.673828 0.648438 0.658203 0.648438 0.658203 0.650391 0.656250 0.652344 0.652344 0.648438 0.652344 0.652344 0.650391 0.654297 0.638672 0.654297 0.636719 0.656250 0.634766 0.656250 0.634766 0.667969 0.632812 0.669922 0.630859 0.669922 0.632812 0.671875 0.632812 0.683594 0.630859 0.685547 0.630859 0.687500 0.626953 0.691406 0.611328 0.691406 0.607422 0.695312 0.595703 0.695312 0.593750 0.697266 0.591797 0.695312 0.591797 0.691406 0.589844 0.689453 0.591797 0.687500 0.591797 0.683594 0.585938 0.683594 0.583984 0.681641 0.585938 0.679688 0.585938 0.677734 0.587891 0.675781 0.587891 0.671875 0.589844 0.669922 0.587891 0.667969 0.585938 0.667969 0.583984 0.669922 0.582031 0.669922 0.580078 0.671875 0.574219 0.671875 0.572266 0.669922 0.572266 0.667969 0.574219 0.666016 0.576172 0.666016 0.576172 0.664062 0.578125 0.662109 0.580078 0.662109 0.580078 0.660156 0.582031 0.658203 0.583984 0.658203 0.583984 0.640625 0.589844 0.634766 0.591797 0.634766 0.591797 0.632812 0.593750 0.630859 0.595703 0.630859 0.595703 0.625000 0.597656 0.623047 0.623047 0.623047 0.623047 0.621094 0.619141 0.617188 0.619141 0.611328 0.617188 0.609375 0.619141 0.607422 0.619141 0.589844 0.617188 0.587891 0.609375 0.587891 0.607422 0.589844 0.605469 0.589844 0.603516 0.591797 0.601562 0.589844 0.597656 0.589844 0.597656 0.591797 0.595703 0.593750 0.593750 0.591797 0.583984 0.591797 0.582031 0.593750 0.582031 0.599609 0.580078 0.601562 0.580078 0.603516 0.578125 0.605469 0.574219 0.605469 0.574219 0.613281 0.570312 0.617188 0.568359 0.617188 0.566406 0.619141 0.562500 0.615234 0.562500 0.613281 0.560547 0.611328 0.562500 0.609375 0.562500 0.607422 0.560547 0.605469 0.560547 0.601562 0.562500 0.599609 0.564453 0.599609 0.564453 0.593750 0.566406 0.591797 0.576172 0.591797 0.580078 0.587891 0.580078 0.583984 0.582031 0.582031 0.582031 0.580078 0.580078 0.578125 0.578125 0.578125 0.576172 0.576172 0.576172 0.572266 0.578125 0.570312 0.580078 0.570312 0.580078 0.568359 0.587891 0.560547 0.589844 0.560547 0.589844 0.556641 0.591797 0.554688 0.607422 0.554688 0.613281 0.548828 0.615234 0.548828 0.617188 0.550781 0.617188 0.552734 0.619141 0.554688 0.621094 0.554688 0.623047 0.556641 0.623047 0.558594 0.621094 0.560547 0.621094 0.562500 0.619141 0.564453 0.617188 0.564453 0.617188 0.572266 0.623047 0.572266 0.625000 0.570312 0.632812 0.570312 0.634766 0.568359 0.638672 0.568359 0.642578 0.564453 0.654297 0.564453 0.654297 0.558594 0.652344 0.558594 0.650391 0.556641 0.644531 0.556641 0.640625 0.552734 0.640625 0.548828 0.644531 0.544922 0.644531 0.542969 0.646484 0.541016 0.642578 0.537109 0.642578 0.535156 0.638672 0.531250 0.628906 0.531250 0.625000 0.527344 0.625000 0.525391 0.623047 0.523438 0.621094 0.523438 0.619141 0.521484 0.617188 0.521484 0.615234 0.519531 0.615234 0.507812 0.617188 0.505859 0.630859 0.505859 0.630859 0.500000 0.626953 0.496094 0.625000 0.496094 0.623047 0.494141 0.623047 0.492188 0.621094 0.490234 0.621094 0.480469 0.628906 0.472656 0.634766 0.472656 0.636719 0.474609 0.636719 0.476562 0.638672 0.476562 0.640625 0.478516 0.640625 0.480469 0.644531 0.484375 0.646484 0.484375 0.650391 0.488281 0.650391 0.494141 0.646484 0.498047 0.644531 0.498047 0.642578 0.500000 0.642578 0.501953 0.640625 0.503906 0.636719 0.503906 0.636719 0.505859 0.638672 0.505859 0.640625 0.507812 0.640625 0.513672 0.642578 0.513672 0.644531 0.515625 0.646484 0.515625 0.648438 0.517578 0.650391 0.517578 0.652344 0.519531 0.652344 0.521484 0.654297 0.521484 0.656250 0.523438 0.656250 0.525391 0.658203 0.527344 0.658203 0.529297 0.660156 0.531250 0.660156 0.539062 0.667969 0.539062 0.677734 0.529297 0.687500 0.529297 0.689453 0.531250 0.695312 0.531250 0.697266 0.529297 0.703125 0.529297 0.703125 0.517578 0.701172 0.515625 0.701172 0.507812 0.703125 0.505859 0.703125 0.503906 0.707031 0.500000 0.708984 0.500000 0.710938 0.501953 0.710938 0.503906 0.712891 0.505859 0.720703 0.505859 0.726562 0.500000 0.734375 0.500000 0.736328 0.498047 0.744141 0.498047 0.746094 0.496094 0.746094 0.494141 0.748047 0.492188 0.748047 0.490234 0.751953 0.486328 0.753906 0.486328 0.763672 0.476562 0.763672 0.474609 0.769531 0.468750 0.773438 0.468750 0.775391 0.470703 0.775391 0.468750 0.773438 0.468750 0.771484 0.466797 0.771484 0.462891 0.767578 0.462891 0.765625 0.460938 0.767578 0.458984 0.769531 0.458984 0.769531 0.457031 0.771484 0.455078 0.777344 0.455078 0.779297 0.453125 0.781250 0.453125 0.783203 0.451172 0.787109 0.451172 0.787109 0.433594 0.789062 0.431641 0.791016 0.431641 0.791016 0.425781 0.792969 0.423828 0.812500 0.423828 0.816406 0.419922 0.822266 0.419922 0.822266 0.417969 0.832031 0.408203 0.833984 0.408203 0.837891 0.404297 0.839844 0.404297 0.841797 0.402344 0.843750 0.404297 0.845703 0.402344 0.853516 0.402344 0.855469 0.400391 0.857422 0.400391 0.857422 0.398438 0.859375 0.396484 0.863281 0.400391 0.865234 0.400391 0.865234 0.386719 0.861328 0.390625 0.857422 0.390625 0.855469 0.388672 0.857422 0.386719 0.855469 0.384766 0.855469 0.378906 0.857422 0.376953 0.855469 0.375000 0.855469 0.373047 0.853516 0.371094 0.853516 0.367188 0.851562 0.367188 0.845703 0.361328 0.845703 0.353516 0.841797 0.349609 0.841797 0.341797 0.839844 0.339844 0.839844 0.337891 0.841797 0.335938 0.841797 0.328125 0.833984 0.320312 0.832031 0.320312 0.828125 0.316406 0.826172 0.316406 0.824219 0.314453 0.822266 0.314453 0.816406 0.308594 0.804688 0.308594 0.802734 0.310547 0.798828 0.310547 0.796875 0.308594 0.787109 0.308594 0.785156 0.306641 0.785156 0.302734 0.783203 0.300781 0.769531 0.300781 0.767578 0.298828 0.765625 0.298828 0.763672 0.296875 0.763672 0.292969 0.765625 0.291016 0.765625 0.287109 0.767578 0.285156 0.767578 0.277344 0.765625 0.275391 0.765625 0.273438 0.763672 0.271484 0.755859 0.271484 0.753906 0.273438 0.751953 0.273438 0.751953 0.275391 0.736328 0.291016 0.734375 0.291016 0.732422 0.292969 0.726562 0.292969 0.724609 0.291016 0.722656 0.292969 0.720703 0.292969 0.718750 0.291016 0.716797 0.292969 0.708984 0.292969 0.707031 0.291016 0.707031 0.289062 0.703125 0.285156 0.697266 0.291016 0.695312 0.289062 0.693359 0.289062 0.691406 0.287109 0.691406 0.285156 0.689453 0.283203 0.689453 0.281250 0.687500 0.279297 0.687500 0.277344 0.685547 0.275391 0.685547 0.273438 0.683594 0.271484 0.683594 0.269531 0.681641 0.269531 0.679688 0.267578 0.679688 0.255859 0.677734 0.253906
0 0.628906 0.234375 0.626953 0.236328 0.626953 0.238281 0.623047 0.242188 0.623047 0.248047 0.625000 0.250000 0.625000 0.251953 0.628906 0.251953 0.630859 0.250000 0.630859 0.248047 0.632812 0.246094 0.632812 0.234375
0 0.794922 0.203125 0.792969 0.205078 0.789062 0.205078 0.787109 0.207031 0.785156 0.207031 0.783203 0.208984 0.783203 0.216797 0.787109 0.216797 0.791016 0.212891 0.798828 0.212891 0.804688 0.207031 0.804688 0.203125
0 0.404297 0.185547 0.402344 0.187500 0.398438 0.187500 0.396484 0.189453 0.388672 0.189453 0.388672 0.197266 0.390625 0.199219 0.396484 0.199219 0.402344 0.205078 0.408203 0.205078 0.410156 0.207031 0.421875 0.207031 0.423828 0.208984 0.425781 0.208984 0.435547 0.218750 0.437500 0.218750 0.439453 0.220703 0.447266 0.220703 0.449219 0.222656 0.453125 0.222656 0.455078 0.224609 0.455078 0.232422 0.458984 0.236328 0.458984 0.238281 0.466797 0.238281 0.468750 0.240234 0.470703 0.240234 0.472656 0.238281 0.476562 0.242188 0.478516 0.242188 0.480469 0.244141 0.490234 0.244141 0.490234 0.222656 0.484375 0.222656 0.482422 0.224609 0.480469 0.224609 0.480469 0.228516 0.478516 0.230469 0.474609 0.230469 0.474609 0.232422 0.476562 0.234375 0.474609 0.236328 0.470703 0.236328 0.462891 0.228516 0.462891 0.220703 0.460938 0.218750 0.460938 0.207031 0.458984 0.205078 0.458984 0.199219 0.455078 0.199219 0.453125 0.197266 0.441406 0.197266 0.439453 0.195312 0.429688 0.195312 0.423828 0.189453 0.423828 0.187500 0.421875 0.185547
0 0.988281 0.134766 0.986328 0.136719 0.986328 0.138672 0.984375 0.140625 0.976562 0.140625 0.976562 0.142578 0.978516 0.144531 0.974609 0.148438 0.974609 0.150391 0.966797 0.158203 0.966797 0.160156 0.964844 0.162109 0.958984 0.162109 0.957031 0.164062 0.955078 0.162109 0.953125 0.162109 0.953125 0.164062 0.955078 0.166016 0.955078 0.167969 0.964844 0.177734 0.964844 0.181641 0.962891 0.183594 0.964844 0.185547 0.964844 0.187500 0.970703 0.187500 0.972656 0.185547 0.982422 0.185547 0.982422 0.183594 0.990234 0.175781 0.992188 0.175781 0.992188 0.134766
0 0.433594 0.119141 0.433594 0.125000 0.435547 0.126953 0.435547 0.130859 0.437500 0.130859 0.441406 0.134766 0.441406 0.142578 0.443359 0.142578 0.443359 0.140625 0.445312 0.138672 0.449219 0.138672 0.453125 0.134766 0.455078 0.134766 0.455078 0.126953 0.453125 0.126953 0.451172 0.125000 0.451172 0.121094 0.443359 0.121094 0.441406 0.119141 0.439453 0.121094 0.437500 0.119141
0 0.992188 0.105469 0.990234 0.107422 0.988281 0.107422 0.988281 0.115234 0.986328 0.117188 0.986328 0.121094 0.988281 0.123047 0.990234 0.123047 0.992188 0.125000
0 0.470703 0.000000 0.470703 0.001953 0.472656 0.003906 0.472656 0.005859 0.474609 0.007812 0.474609 0.011719 0.470703 0.015625 0.468750 0.015625 0.466797 0.017578 0.466797 0.019531 0.464844 0.021484 0.466797 0.021484 0.468750 0.023438 0.468750 0.025391 0.488281 0.025391 0.490234 0.023438 0.492188 0.025391 0.494141 0.023438 0.496094 0.025391 0.498047 0.025391 0.500000 0.027344 0.501953 0.027344 0.503906 0.029297 0.501953 0.031250 0.505859 0.035156 0.505859 0.037109 0.496094 0.046875 0.494141 0.044922 0.490234 0.044922 0.490234 0.046875 0.496094 0.052734 0.500000 0.052734 0.500000 0.050781 0.498047 0.048828 0.500000 0.046875 0.501953 0.046875 0.507812 0.041016 0.511719 0.041016 0.513672 0.039062 0.515625 0.039062 0.517578 0.041016 0.517578 0.044922 0.519531 0.046875 0.517578 0.048828 0.517578 0.050781 0.519531 0.052734 0.519531 0.060547 0.517578 0.062500 0.517578 0.068359 0.515625 0.070312 0.507812 0.070312 0.505859 0.072266 0.503906 0.070312 0.500000 0.070312 0.498047 0.072266 0.492188 0.072266 0.490234 0.070312 0.488281 0.070312 0.484375 0.074219 0.476562 0.074219 0.476562 0.083984 0.478516 0.083984 0.480469 0.085938 0.478516 0.087891 0.478516 0.091797 0.480469 0.093750 0.480469 0.099609 0.478516 0.101562 0.476562 0.101562 0.474609 0.099609 0.470703 0.103516 0.472656 0.105469 0.474609 0.105469 0.478516 0.109375 0.478516 0.111328 0.480469 0.113281 0.480469 0.115234 0.478516 0.117188 0.476562 0.117188 0.476562 0.119141 0.480469 0.119141 0.484375 0.123047 0.484375 0.126953 0.486328 0.126953 0.488281 0.128906 0.486328 0.130859 0.486328 0.134766 0.484375 0.136719 0.484375 0.138672 0.482422 0.140625 0.482422 0.142578 0.486328 0.142578 0.488281 0.144531 0.488281 0.150391 0.486328 0.152344 0.484375 0.152344 0.488281 0.156250 0.488281 0.181641 0.486328 0.183594 0.486328 0.185547 0.484375 0.187500 0.484375 0.199219 0.486328 0.199219 0.488281 0.201172 0.492188 0.201172 0.496094 0.205078 0.496094 0.212891 0.498047 0.212891 0.501953 0.216797 0.501953 0.218750 0.500000 0.220703 0.500000 0.224609 0.501953 0.226562 0.501953 0.230469 0.503906 0.232422 0.503906 0.236328 0.501953 0.238281 0.500000 0.238281 0.501953 0.240234 0.500000 0.242188 0.500000 0.246094 0.498047 0.248047 0.498047 0.251953 0.494141 0.255859 0.492188 0.253906 0.488281 0.253906 0.486328 0.255859 0.486328 0.257812 0.484375 0.259766 0.486328 0.261719 0.486328 0.263672 0.484375 0.265625 0.476562 0.265625 0.474609 0.263672 0.470703 0.263672 0.468750 0.261719 0.468750 0.271484 0.470703 0.271484 0.472656 0.269531 0.480469 0.269531 0.482422 0.267578 0.486328 0.271484 0.486328 0.273438 0.488281 0.275391 0.490234 0.275391 0.494141 0.279297 0.494141 0.281250 0.498047 0.285156 0.498047 0.287109 0.505859 0.287109 0.509766 0.283203 0.509766 0.279297 0.513672 0.275391 0.519531 0.275391 0.521484 0.273438 0.525391 0.273438 0.527344 0.271484 0.541016 0.271484 0.541016 0.267578 0.542969 0.265625 0.542969 0.261719 0.544922 0.259766 0.548828 0.259766 0.550781 0.261719 0.550781 0.265625 0.552734 0.267578 0.554688 0.267578 0.556641 0.269531 0.570312 0.269531 0.572266 0.271484 0.572266 0.275391 0.574219 0.275391 0.576172 0.277344 0.576172 0.291016 0.578125 0.292969 0.578125 0.296875 0.580078 0.298828 0.580078 0.300781 0.582031 0.300781 0.583984 0.302734 0.599609 0.302734 0.599609 0.292969 0.597656 0.292969 0.595703 0.291016 0.593750 0.291016 0.591797 0.289062 0.591797 0.287109 0.587891 0.283203 0.587891 0.267578 0.589844 0.265625 0.591797 0.265625 0.591797 0.263672 0.593750 0.261719 0.593750 0.244141 0.591797 0.242188 0.591797 0.240234 0.587891 0.236328 0.587891 0.232422 0.576172 0.232422 0.574219 0.230469 0.574219 0.222656 0.576172 0.220703 0.585938 0.220703 0.589844 0.224609 0.599609 0.224609 0.603516 0.228516 0.605469 0.228516 0.605469 0.226562 0.607422 0.224609 0.611328 0.224609 0.613281 0.222656 0.615234 0.222656 0.617188 0.220703 0.621094 0.220703 0.623047 0.222656 0.626953 0.222656 0.628906 0.224609 0.640625 0.224609 0.642578 0.222656 0.644531 0.222656 0.646484 0.220703 0.648438 0.220703 0.650391 0.218750 0.650391 0.214844 0.652344 0.212891 0.658203 0.212891 0.660156 0.210938 0.664062 0.210938 0.666016 0.208984 0.664062 0.207031 0.666016 0.205078 0.667969 0.205078 0.667969 0.203125 0.669922 0.201172 0.673828 0.201172 0.673828 0.197266 0.677734 0.193359 0.677734 0.189453 0.679688 0.187500 0.677734 0.185547 0.679688 0.183594 0.679688 0.181641 0.681641 0.179688 0.683594 0.179688 0.685547 0.177734 0.693359 0.177734 0.693359 0.175781 0.697266 0.171875 0.699219 0.171875 0.701172 0.169922 0.701172 0.162109 0.695312 0.162109 0.693359 0.160156 0.685547 0.160156 0.683594 0.162109 0.681641 0.160156 0.681641 0.156250 0.677734 0.152344 0.677734 0.136719 0.675781 0.134766 0.675781 0.132812 0.673828 0.130859 0.671875 0.130859 0.664062 0.123047 0.664062 0.111328 0.669922 0.105469 0.669922 0.103516 0.671875 0.101562 0.671875 0.095703 0.666016 0.095703 0.662109 0.099609 0.660156 0.099609 0.658203 0.101562 0.656250 0.101562 0.654297 0.099609 0.656250 0.097656 0.654297 0.097656 0.652344 0.099609 0.644531 0.099609 0.642578 0.097656 0.640625 0.097656 0.638672 0.095703 0.636719 0.095703 0.625000 0.083984 0.625000 0.082031 0.621094 0.078125 0.623047 0.076172 0.625000 0.076172 0.621094 0.072266 0.623047 0.070312 0.625000 0.070312 0.628906 0.066406 0.628906 0.064453 0.632812 0.060547 0.634766 0.060547 0.636719 0.058594 0.642578 0.058594 0.644531 0.060547 0.646484 0.060547 0.648438 0.062500 0.648438 0.072266 0.656250 0.072266 0.658203 0.070312 0.660156 0.070312 0.662109 0.068359 0.662109 0.064453 0.664062 0.062500 0.666016 0.064453 0.667969 0.064453 0.671875 0.068359 0.671875 0.072266 0.675781 0.076172 0.675781 0.087891 0.687500 0.087891 0.689453 0.085938 0.693359 0.085938 0.699219 0.080078 0.701172 0.082031 0.703125 0.080078 0.705078 0.082031 0.705078 0.085938 0.707031 0.085938 0.708984 0.087891 0.708984 0.089844 0.720703 0.089844 0.722656 0.091797 0.722656 0.095703 0.724609 0.095703 0.734375 0.105469 0.734375 0.125000 0.738281 0.128906 0.738281 0.134766 0.740234 0.136719 0.740234 0.142578 0.744141 0.142578 0.750000 0.148438 0.751953 0.146484 0.761719 0.146484 0.763672 0.144531 0.765625 0.144531 0.767578 0.142578 0.773438 0.142578 0.775391 0.140625 0.777344 0.140625 0.777344 0.138672 0.779297 0.136719 0.781250 0.136719 0.781250 0.134766 0.789062 0.126953 0.792969 0.126953 0.794922 0.125000 0.798828 0.125000 0.800781 0.126953 0.800781 0.128906 0.802734 0.130859 0.802734 0.132812 0.804688 0.130859 0.806641 0.132812 0.806641 0.134766 0.808594 0.134766 0.810547 0.136719 0.812500 0.136719 0.814453 0.138672 0.814453 0.140625 0.816406 0.140625 0.818359 0.142578 0.822266 0.142578 0.824219 0.144531 0.828125 0.144531 0.830078 0.146484 0.832031 0.144531 0.835938 0.148438 0.835938 0.150391 0.837891 0.150391 0.839844 0.152344 0.839844 0.154297 0.841797 0.154297 0.843750 0.156250 0.839844 0.160156 0.839844 0.162109 0.837891 0.164062 0.833984 0.164062 0.832031 0.166016 0.832031 0.167969 0.830078 0.169922 0.830078 0.173828 0.832031 0.175781 0.832031 0.177734 0.826172 0.183594 0.826172 0.185547 0.820312 0.191406 0.820312 0.193359 0.818359 0.195312 0.816406 0.195312 0.816406 0.197266 0.814453 0.199219 0.812500 0.199219 0.812500 0.201172 0.810547 0.203125 0.810547 0.205078 0.808594 0.207031 0.808594 0.208984 0.806641 0.210938 0.808594 0.212891 0.808594 0.216797 0.812500 0.216797 0.814453 0.218750 0.814453 0.220703 0.816406 0.222656 0.816406 0.224609 0.818359 0.224609 0.820312 0.226562 0.820312 0.230469 0.822266 0.232422 0.822266 0.234375 0.824219 0.236328 0.824219 0.238281 0.826172 0.238281 0.828125 0.240234 0.824219 0.244141 0.822266 0.244141 0.820312 0.246094 0.804688 0.246094 0.804688 0.253906 0.808594 0.257812 0.826172 0.257812 0.830078 0.253906 0.832031 0.253906 0.835938 0.250000 0.837891 0.251953 0.839844 0.251953 0.843750 0.255859 0.843750 0.259766 0.845703 0.261719 0.845703 0.271484 0.847656 0.271484 0.857422 0.281250 0.875000 0.281250 0.875000 0.277344 0.876953 0.275391 0.880859 0.275391 0.882812 0.277344 0.886719 0.277344 0.888672 0.275391 0.896484 0.275391 0.898438 0.273438 0.902344 0.273438 0.904297 0.275391 0.912109 0.275391 0.914062 0.277344 0.916016 0.277344 0.919922 0.273438 0.923828 0.277344 0.923828 0.279297 0.929688 0.285156 0.923828 0.291016 0.914062 0.291016 0.912109 0.289062 0.910156 0.289062 0.906250 0.285156 0.904297 0.287109 0.898438 0.287109 0.896484 0.289062 0.890625 0.289062 0.890625 0.291016 0.888672 0.292969 0.888672 0.294922 0.886719 0.296875 0.886719 0.298828 0.884766 0.300781 0.884766 0.302734 0.882812 0.304688 0.882812 0.306641 0.880859 0.308594 0.880859 0.310547 0.884766 0.314453 0.884766 0.316406 0.886719 0.318359 0.884766 0.320312 0.884766 0.322266 0.880859 0.326172 0.878906 0.326172 0.876953 0.324219 0.876953 0.322266 0.876953 0.326172 0.873047 0.330078 0.871094 0.330078 0.871094 0.337891 0.873047 0.337891 0.875000 0.339844 0.875000 0.341797 0.876953 0.341797 0.878906 0.343750 0.878906 0.349609 0.876953 0.351562 0.875000 0.351562 0.875000 0.359375 0.869141 0.365234 0.867188 0.365234 0.867188 0.367188 0.869141 0.369141 0.869141 0.371094 0.871094 0.373047 0.871094 0.375000 0.873047 0.375000 0.875000 0.376953 0.873047 0.378906 0.869141 0.378906 0.869141 0.380859 0.871094 0.382812 0.871094 0.384766 0.873047 0.386719 0.873047 0.392578 0.875000 0.392578 0.878906 0.396484 0.880859 0.396484 0.882812 0.398438 0.884766 0.398438 0.890625 0.404297 0.890625 0.406250 0.892578 0.408203 0.892578 0.410156 0.896484 0.414062 0.898438 0.414062 0.900391 0.416016 0.896484 0.419922 0.894531 0.419922 0.892578 0.421875 0.882812 0.421875 0.882812 0.423828 0.886719 0.427734 0.886719 0.431641 0.890625 0.431641 0.892578 0.433594 0.890625 0.435547 0.898438 0.435547 0.900391 0.433594 0.902344 0.433594 0.904297 0.435547 0.908203 0.435547 0.910156 0.437500 0.910156 0.439453 0.939453 0.439453 0.943359 0.435547 0.947266 0.435547 0.949219 0.437500 0.949219 0.443359 0.947266 0.445312 0.949219 0.447266 0.949219 0.451172 0.951172 0.451172 0.953125 0.453125 0.953125 0.455078 0.951172 0.457031 0.949219 0.457031 0.945312 0.460938 0.941406 0.460938 0.941406 0.462891 0.939453 0.464844 0.925781 0.464844 0.925781 0.466797 0.929688 0.470703 0.933594 0.470703 0.937500 0.474609 0.939453 0.472656 0.939453 0.470703 0.947266 0.462891 0.957031 0.462891 0.955078 0.460938 0.957031 0.458984 0.960938 0.458984 0.960938 0.457031 0.962891 0.455078 0.974609 0.455078 0.976562 0.457031 0.974609 0.458984 0.976562 0.460938 0.976562 0.468750 0.974609 0.470703 0.974609 0.474609 0.976562 0.476562 0.976562 0.478516 0.982422 0.478516 0.984375 0.480469 0.984375 0.486328 0.978516 0.492188 0.978516 0.494141 0.980469 0.496094 0.980469 0.498047 0.976562 0.501953 0.972656 0.501953 0.970703 0.503906 0.968750 0.501953 0.962891 0.501953 0.960938 0.503906 0.949219 0.503906 0.947266 0.501953 0.947266 0.500000 0.943359 0.496094 0.943359 0.492188 0.941406 0.492188 0.937500 0.488281 0.933594 0.488281 0.933594 0.490234 0.931641 0.492188 0.925781 0.492188 0.925781 0.494141 0.923828 0.496094 0.923828 0.501953 0.925781 0.503906 0.925781 0.513672 0.923828 0.515625 0.917969 0.515625 0.914062 0.519531 0.916016 0.521484 0.923828 0.521484 0.925781 0.523438 0.921875 0.527344 0.921875 0.529297 0.919922 0.531250 0.919922 0.535156 0.916016 0.539062 0.916016 0.541016 0.914062 0.542969 0.914062 0.546875 0.910156 0.550781 0.910156 0.552734 0.912109 0.552734 0.914062 0.554688 0.914062 0.558594 0.916016 0.558594 0.917969 0.560547 0.919922 0.558594 0.921875 0.558594 0.925781 0.562500 0.923828 0.564453 0.919922 0.564453 0.917969 0.566406 0.914062 0.566406 0.912109 0.564453 0.910156 0.566406 0.910156 0.570312 0.908203 0.572266 0.906250 0.570312 0.902344 0.570312 0.898438 0.566406 0.898438 0.558594 0.896484 0.556641 0.896484 0.554688 0.892578 0.550781 0.890625 0.550781 0.888672 0.548828 0.888672 0.546875 0.892578 0.542969 0.892578 0.539062 0.890625 0.537109 0.890625 0.535156 0.888672 0.535156 0.886719 0.533203 0.886719 0.523438 0.875000 0.523438 0.873047 0.525391 0.871094 0.525391 0.869141 0.527344 0.867188 0.527344 0.867188 0.539062 0.871094 0.542969 0.871094 0.544922 0.873047 0.544922 0.875000 0.546875 0.875000 0.548828 0.876953 0.548828 0.878906 0.550781 0.878906 0.556641 0.875000 0.560547 0.869141 0.554688 0.867188 0.554688 0.861328 0.548828 0.859375 0.548828 0.857422 0.546875 0.855469 0.546875 0.853516 0.544922 0.851562 0.544922 0.841797 0.535156 0.835938 0.535156 0.833984 0.537109 0.833984 0.542969 0.835938 0.544922 0.837891 0.544922 0.839844 0.546875 0.839844 0.556641 0.837891 0.558594 0.835938 0.558594 0.835938 0.560547 0.833984 0.562500 0.828125 0.562500 0.826172 0.564453 0.824219 0.564453 0.822266 0.562500 0.822266 0.558594 0.816406 0.558594 0.812500 0.562500 0.808594 0.562500 0.808594 0.564453 0.806641 0.566406 0.806641 0.568359 0.804688 0.570312 0.804688 0.572266 0.800781 0.576172 0.800781 0.585938 0.798828 0.587891 0.798828 0.591797 0.796875 0.593750 0.796875 0.599609 0.794922 0.601562 0.791016 0.601562 0.789062 0.599609 0.789062 0.597656 0.787109 0.597656 0.785156 0.595703 0.783203 0.595703 0.781250 0.593750 0.771484 0.593750 0.771484 0.595703 0.773438 0.597656 0.773438 0.599609 0.779297 0.599609 0.783203 0.603516 0.783203 0.605469 0.785156 0.607422 0.785156 0.611328 0.783203 0.613281 0.783203 0.615234 0.785156 0.617188 0.785156 0.619141 0.787109 0.621094 0.787109 0.623047 0.783203 0.626953 0.783203 0.636719 0.785156 0.638672 0.785156 0.642578 0.787109 0.644531 0.787109 0.646484 0.785156 0.648438 0.785156 0.652344 0.779297 0.658203 0.781250 0.660156 0.781250 0.664062 0.783203 0.666016 0.787109 0.666016 0.794922 0.673828 0.794922 0.675781 0.796875 0.677734 0.796875 0.679688 0.794922 0.681641 0.792969 0.681641 0.792969 0.695312 0.794922 0.697266 0.794922 0.699219 0.798828 0.703125 0.798828 0.708984 0.802734 0.708984 0.804688 0.710938 0.804688 0.712891 0.806641 0.714844 0.806641 0.726562 0.800781 0.732422 0.794922 0.726562 0.785156 0.726562 0.783203 0.728516 0.783203 0.738281 0.785156 0.738281 0.789062 0.742188 0.789062 0.744141 0.785156 0.748047 0.785156 0.751953 0.789062 0.751953 0.791016 0.753906 0.791016 0.755859 0.794922 0.755859 0.796875 0.757812 0.796875 0.763672 0.802734 0.763672 0.804688 0.765625 0.804688 0.779297 0.806641 0.779297 0.808594 0.781250 0.808594 0.783203 0.810547 0.783203 0.812500 0.785156 0.814453 0.783203 0.816406 0.785156 0.818359 0.785156 0.820312 0.783203 0.822266 0.783203 0.822266 0.777344 0.824219 0.775391 0.830078 0.775391 0.832031 0.777344 0.835938 0.777344 0.839844 0.781250 0.839844 0.783203 0.837891 0.785156 0.835938 0.785156 0.835938 0.787109 0.839844 0.791016 0.841797 0.791016 0.843750 0.792969 0.843750 0.794922 0.841797 0.796875 0.835938 0.796875 0.833984 0.794922 0.833984 0.792969 0.828125 0.792969 0.828125 0.794922 0.826172 0.796875 0.826172 0.798828 0.824219 0.800781 0.824219 0.802734 0.822266 0.804688 0.818359 0.800781 0.794922 0.800781 0.794922 0.802734 0.796875 0.804688 0.796875 0.808594 0.798828 0.810547 0.796875 0.812500 0.796875 0.820312 0.794922 0.822266 0.794922 0.824219 0.792969 0.826172 0.792969 0.828125 0.791016 0.830078 0.791016 0.832031 0.789062 0.833984 0.789062 0.837891 0.787109 0.839844 0.787109 0.841797 0.783203 0.845703 0.783203 0.847656 0.781250 0.849609 0.781250 0.851562 0.773438 0.859375 0.771484 0.859375 0.767578 0.863281 0.765625 0.863281 0.763672 0.865234 0.750000 0.865234 0.748047 0.863281 0.736328 0.863281 0.734375 0.861328 0.734375 0.859375 0.726562 0.859375 0.722656 0.855469 0.720703 0.855469 0.718750 0.853516 0.716797 0.853516 0.708984 0.845703 0.693359 0.845703 0.693359 0.847656 0.691406 0.849609 0.689453 0.849609 0.687500 0.851562 0.685547 0.851562 0.679688 0.857422 0.677734 0.857422 0.675781 0.859375 0.671875 0.859375 0.667969 0.863281 0.666016 0.863281 0.654297 0.875000 0.654297 0.876953 0.652344 0.878906 0.652344 0.894531 0.646484 0.900391 0.644531 0.900391 0.644531 0.902344 0.642578 0.904297 0.642578 0.906250 0.644531 0.908203 0.644531 0.912109 0.646484 0.914062 0.646484 0.921875 0.644531 0.923828 0.644531 0.925781 0.642578 0.927734 0.642578 0.929688 0.644531 0.931641 0.644531 0.945312 0.640625 0.949219 0.640625 0.955078 0.638672 0.957031 0.638672 0.964844 0.640625 0.966797 0.640625 0.970703 0.634766 0.976562 0.634766 0.978516 0.632812 0.980469 0.632812 0.986328 0.634766 0.984375 0.640625 0.990234 0.640625 0.992188 0.992188 0.992188 0.992188 0.195312 0.992188 0.197266 0.990234 0.199219 0.990234 0.205078 0.988281 0.207031 0.988281 0.212891 0.986328 0.214844 0.984375 0.214844 0.982422 0.212891 0.982422 0.210938 0.978516 0.207031 0.978516 0.199219 0.962891 0.199219 0.958984 0.203125 0.955078 0.203125 0.951172 0.199219 0.949219 0.199219 0.947266 0.197266 0.947266 0.195312 0.941406 0.189453 0.941406 0.187500 0.939453 0.185547 0.939453 0.183594 0.937500 0.183594 0.935547 0.185547 0.933594 0.185547 0.931641 0.187500 0.925781 0.187500 0.921875 0.183594 0.919922 0.183594 0.916016 0.179688 0.912109 0.179688 0.910156 0.177734 0.910156 0.175781 0.908203 0.177734 0.904297 0.177734 0.902344 0.175781 0.894531 0.175781 0.890625 0.179688 0.886719 0.179688 0.884766 0.177734 0.884766 0.173828 0.888672 0.169922 0.888672 0.167969 0.886719 0.167969 0.882812 0.164062 0.882812 0.160156 0.880859 0.158203 0.880859 0.142578 0.884766 0.138672 0.884766 0.132812 0.882812 0.130859 0.882812 0.128906 0.884766 0.126953 0.888672 0.126953 0.890625 0.125000 0.890625 0.123047 0.892578 0.121094 0.892578 0.115234 0.896484 0.111328 0.898438 0.111328 0.898438 0.109375 0.900391 0.107422 0.904297 0.107422 0.908203 0.103516 0.908203 0.097656 0.910156 0.095703 0.916016 0.095703 0.917969 0.093750 0.933594 0.093750 0.937500 0.089844 0.939453 0.089844 0.941406 0.087891 0.947266 0.087891 0.949219 0.085938 0.949219 0.083984 0.951172 0.082031 0.957031 0.082031 0.958984 0.083984 0.958984 0.082031 0.960938 0.080078 0.960938 0.076172 0.962891 0.074219 0.962891 0.066406 0.966797 0.062500 0.966797 0.060547 0.970703 0.056641 0.970703 0.054688 0.972656 0.052734 0.984375 0.052734 0.984375 0.050781 0.988281 0.046875 0.992188 0.046875 0.992188 0.000000 0.496094 0.000000 0.496094 0.003906 0.494141 0.005859 0.492188 0.005859 0.490234 0.003906 0.488281 0.003906 0.486328 0.001953 0.486328 0.000000
0 0.130859 0.000000 0.128906 0.001953 0.128906 0.005859 0.125000 0.009766 0.125000 0.013672 0.126953 0.015625 0.126953 0.017578 0.125000 0.019531 0.111328 0.019531 0.109375 0.021484 0.107422 0.021484 0.105469 0.019531 0.099609 0.019531 0.097656 0.021484 0.095703 0.021484 0.095703 0.023438 0.093750 0.025391 0.093750 0.035156 0.095703 0.037109 0.095703 0.039062 0.101562 0.044922 0.101562 0.046875 0.103516 0.046875 0.105469 0.048828 0.105469 0.060547 0.101562 0.064453 0.101562 0.068359 0.099609 0.070312 0.099609 0.078125 0.093750 0.083984 0.091797 0.083984 0.093750 0.085938 0.093750 0.095703 0.091797 0.097656 0.091797 0.099609 0.083984 0.107422 0.078125 0.107422 0.078125 0.111328 0.074219 0.115234 0.074219 0.125000 0.072266 0.126953 0.072266 0.128906 0.070312 0.130859 0.070312 0.146484 0.072266 0.148438 0.072266 0.150391 0.074219 0.150391 0.080078 0.156250 0.083984 0.156250 0.089844 0.162109 0.089844 0.166016 0.091797 0.166016 0.095703 0.169922 0.095703 0.171875 0.103516 0.179688 0.103516 0.181641 0.107422 0.185547 0.107422 0.187500 0.109375 0.189453 0.109375 0.195312 0.111328 0.197266 0.111328 0.208984 0.109375 0.210938 0.109375 0.212891 0.107422 0.214844 0.107422 0.216797 0.105469 0.218750 0.103516 0.218750 0.097656 0.224609 0.097656 0.236328 0.099609 0.238281 0.113281 0.238281 0.115234 0.236328 0.117188 0.236328 0.119141 0.234375 0.121094 0.234375 0.121094 0.232422 0.123047 0.230469 0.128906 0.236328 0.132812 0.236328 0.134766 0.238281 0.136719 0.236328 0.140625 0.236328 0.140625 0.234375 0.146484 0.228516 0.146484 0.218750 0.144531 0.218750 0.142578 0.216797 0.142578 0.199219 0.140625 0.197266 0.140625 0.191406 0.138672 0.189453 0.138672 0.187500 0.144531 0.181641 0.144531 0.179688 0.150391 0.173828 0.150391 0.171875 0.152344 0.169922 0.152344 0.166016 0.160156 0.158203 0.164062 0.162109 0.166016 0.162109 0.167969 0.164062 0.173828 0.164062 0.175781 0.166016 0.175781 0.167969 0.177734 0.169922 0.177734 0.171875 0.187500 0.171875 0.189453 0.169922 0.191406 0.169922 0.193359 0.167969 0.195312 0.169922 0.197266 0.167969 0.199219 0.169922 0.201172 0.167969 0.205078 0.167969 0.207031 0.166016 0.216797 0.166016 0.216797 0.164062 0.218750 0.162109 0.220703 0.164062 0.224609 0.164062 0.230469 0.158203 0.230469 0.146484 0.228516 0.144531 0.228516 0.132812 0.230469 0.130859 0.230469 0.123047 0.232422 0.121094 0.232422 0.119141 0.234375 0.117188 0.236328 0.117188 0.236328 0.115234 0.238281 0.113281 0.238281 0.107422 0.240234 0.105469 0.240234 0.103516 0.238281 0.103516 0.236328 0.101562 0.236328 0.099609 0.234375 0.097656 0.234375 0.095703 0.232422 0.093750 0.234375 0.091797 0.232422 0.091797 0.230469 0.089844 0.230469 0.087891 0.228516 0.085938 0.228516 0.082031 0.230469 0.080078 0.230469 0.076172 0.232422 0.074219 0.234375 0.074219 0.236328 0.072266 0.238281 0.072266 0.238281 0.068359 0.240234 0.066406 0.240234 0.056641 0.242188 0.054688 0.242188 0.052734 0.244141 0.050781 0.244141 0.048828 0.246094 0.046875 0.240234 0.041016 0.240234 0.039062 0.238281 0.037109 0.238281 0.035156 0.236328 0.033203 0.236328 0.031250 0.232422 0.027344 0.232422 0.021484 0.234375 0.019531 0.234375 0.015625 0.236328 0.013672 0.238281 0.013672 0.238281 0.000000 0.169922 0.000000 0.167969 0.001953 0.164062 0.001953 0.162109 0.003906 0.160156 0.001953 0.160156 0.000000