0 0.978516 0.972656 0.978516 0.980469 0.980469 0.982422 0.978516 0.984375 0.955078 0.984375 0.955078 0.990234 0.984375 0.990234 0.986328 0.988281 0.986328 0.976562 0.984375 0.974609 0.984375 0.972656
0 0.964844 0.937500 0.962891 0.939453 0.962891 0.949219 0.958984 0.953125 0.949219 0.953125 0.947266 0.955078 0.943359 0.955078 0.943359 0.970703 0.945312 0.972656 0.945312 0.974609 0.943359 0.976562 0.941406 0.976562 0.937500 0.980469 0.935547 0.980469 0.933594 0.982422 0.929688 0.982422 0.927734 0.984375 0.919922 0.984375 0.919922 0.992188 0.927734 0.992188 0.929688 0.990234 0.931641 0.990234 0.933594 0.988281 0.935547 0.988281 0.937500 0.986328 0.941406 0.986328 0.943359 0.984375 0.945312 0.984375 0.947266 0.982422 0.949219 0.982422 0.949219 0.980469 0.951172 0.978516 0.951172 0.964844 0.949219 0.962891 0.953125 0.958984 0.966797 0.958984 0.966797 0.955078 0.968750 0.953125 0.968750 0.945312 0.970703 0.943359 0.970703 0.937500
0 0.035156 0.843750 0.035156 0.845703 0.033203 0.847656 0.033203 0.849609 0.031250 0.851562 0.027344 0.851562 0.025391 0.853516 0.015625 0.853516 0.015625 0.857422 0.011719 0.861328 0.007812 0.861328 0.007812 0.863281 0.013672 0.863281 0.015625 0.861328 0.015625 0.859375 0.019531 0.855469 0.027344 0.855469 0.029297 0.853516 0.033203 0.853516 0.035156 0.851562 0.035156 0.849609 0.037109 0.847656 0.037109 0.843750
0 0.955078 0.824219 0.953125 0.826172 0.953125 0.835938 0.947266 0.841797 0.939453 0.841797 0.937500 0.839844 0.935547 0.839844 0.933594 0.837891 0.931641 0.837891 0.929688 0.835938 0.927734 0.835938 0.925781 0.833984 0.925781 0.826172 0.908203 0.826172 0.908203 0.828125 0.921875 0.828125 0.923828 0.830078 0.923828 0.837891 0.925781 0.837891 0.927734 0.839844 0.931641 0.839844 0.935547 0.843750 0.949219 0.843750 0.955078 0.837891 0.955078 0.828125 0.957031 0.826172 0.957031 0.824219
0 0.966797 0.816406 0.966797 0.818359 0.968750 0.818359 0.970703 0.820312 0.972656 0.820312 0.980469 0.828125 0.982422 0.828125 0.984375 0.830078 0.984375 0.832031 0.986328 0.833984 0.986328 0.835938 0.988281 0.837891 0.990234 0.837891 0.990234 0.833984 0.986328 0.830078 0.984375 0.830078 0.982422 0.828125 0.982422 0.824219 0.980469 0.822266 0.978516 0.822266 0.974609 0.818359 0.970703 0.818359 0.968750 0.816406
0 0.947266 0.787109 0.947266 0.791016 0.945312 0.792969 0.945312 0.796875 0.943359 0.798828 0.935547 0.798828 0.933594 0.800781 0.927734 0.800781 0.927734 0.808594 0.925781 0.810547 0.923828 0.810547 0.921875 0.808594 0.919922 0.808594 0.917969 0.806641 0.916016 0.806641 0.914062 0.804688 0.910156 0.804688 0.910156 0.806641 0.908203 0.808594 0.908203 0.814453 0.910156 0.816406 0.910156 0.820312 0.914062 0.820312 0.914062 0.818359 0.912109 0.816406 0.912109 0.810547 0.914062 0.808594 0.916016 0.808594 0.917969 0.810547 0.919922 0.810547 0.921875 0.812500 0.929688 0.812500 0.929688 0.804688 0.931641 0.802734 0.933594 0.802734 0.935547 0.800781 0.947266 0.800781 0.947266 0.794922 0.949219 0.792969 0.949219 0.791016 0.951172 0.789062 0.957031 0.789062 0.958984 0.791016 0.958984 0.792969 0.960938 0.794922 0.960938 0.796875 0.964844 0.796875 0.964844 0.794922 0.966797 0.792969 0.974609 0.792969 0.976562 0.794922 0.978516 0.794922 0.980469 0.796875 0.980469 0.800781 0.982422 0.802734 0.982422 0.804688 0.984375 0.804688 0.984375 0.800781 0.982422 0.798828 0.982422 0.796875 0.980469 0.794922 0.980469 0.792969 0.978516 0.791016 0.974609 0.791016 0.972656 0.789062 0.970703 0.789062 0.968750 0.791016 0.962891 0.791016 0.960938 0.789062 0.958984 0.789062 0.957031 0.787109
0 0.054688 0.781250 0.048828 0.787109 0.048828 0.791016 0.046875 0.792969 0.046875 0.794922 0.042969 0.798828 0.041016 0.798828 0.041016 0.800781 0.039062 0.802734 0.031250 0.802734 0.031250 0.804688 0.029297 0.806641 0.029297 0.814453 0.031250 0.814453 0.035156 0.818359 0.035156 0.824219 0.037109 0.826172 0.039062 0.826172 0.042969 0.830078 0.042969 0.835938 0.044922 0.835938 0.044922 0.830078 0.042969 0.828125 0.042969 0.822266 0.039062 0.822266 0.037109 0.820312 0.037109 0.814453 0.035156 0.814453 0.031250 0.810547 0.031250 0.808594 0.035156 0.804688 0.041016 0.804688 0.041016 0.802734 0.044922 0.798828 0.046875 0.798828 0.046875 0.796875 0.048828 0.794922 0.048828 0.792969 0.052734 0.789062 0.052734 0.787109 0.056641 0.783203 0.058594 0.785156 0.060547 0.785156 0.064453 0.789062 0.070312 0.789062 0.074219 0.792969 0.074219 0.794922 0.078125 0.798828 0.089844 0.798828 0.089844 0.796875 0.080078 0.796875 0.076172 0.792969 0.076172 0.791016 0.074219 0.789062 0.074219 0.787109 0.066406 0.787109 0.060547 0.781250
0 0.080078 0.769531 0.080078 0.771484 0.085938 0.771484 0.089844 0.775391 0.093750 0.775391 0.093750 0.773438 0.091797 0.773438 0.089844 0.771484 0.087891 0.771484 0.085938 0.769531
0 0.031250 0.767578 0.031250 0.769531 0.033203 0.771484 0.033203 0.775391 0.039062 0.775391 0.041016 0.773438 0.046875 0.773438 0.048828 0.771484 0.050781 0.771484 0.052734 0.769531 0.052734 0.767578 0.050781 0.767578 0.048828 0.769531 0.046875 0.769531 0.044922 0.771484 0.041016 0.771484 0.039062 0.773438 0.037109 0.773438 0.033203 0.769531 0.033203 0.767578
0 0.027344 0.757812 0.027344 0.759766 0.029297 0.761719 0.029297 0.763672 0.031250 0.763672 0.031250 0.761719 0.029297 0.759766 0.029297 0.757812
0 0.021484 0.742188 0.019531 0.744141 0.017578 0.744141 0.017578 0.746094 0.015625 0.748047 0.013672 0.748047 0.009766 0.751953 0.009766 0.753906 0.007812 0.755859 0.007812 0.759766 0.009766 0.759766 0.009766 0.755859 0.015625 0.750000 0.015625 0.748047 0.017578 0.746094 0.019531 0.746094 0.021484 0.744141 0.025391 0.744141 0.027344 0.746094 0.027344 0.753906 0.029297 0.753906 0.029297 0.742188
0 0.125000 0.722656 0.125000 0.724609 0.126953 0.726562 0.128906 0.726562 0.128906 0.722656
0 0.123047 0.716797 0.123047 0.718750 0.125000 0.718750 0.125000 0.716797
0 0.121094 0.710938 0.121094 0.712891 0.123047 0.712891 0.123047 0.710938
0 0.119141 0.705078 0.119141 0.707031 0.121094 0.707031 0.121094 0.705078
0 0.099609 0.705078 0.099609 0.707031 0.095703 0.710938 0.093750 0.710938 0.093750 0.712891 0.099609 0.712891 0.099609 0.708984 0.101562 0.707031 0.101562 0.705078
0 0.101562 0.699219 0.101562 0.701172 0.103516 0.701172 0.103516 0.699219
0 0.113281 0.683594 0.111328 0.685547 0.111328 0.687500 0.109375 0.689453 0.109375 0.691406 0.107422 0.693359 0.105469 0.693359 0.105469 0.695312 0.107422 0.695312 0.107422 0.693359 0.109375 0.691406 0.111328 0.691406 0.111328 0.689453 0.113281 0.687500 0.115234 0.689453 0.115234 0.693359 0.117188 0.695312 0.117188 0.701172 0.119141 0.701172 0.119141 0.693359 0.117188 0.691406 0.117188 0.683594
0 0.050781 0.623047 0.050781 0.630859 0.052734 0.632812 0.052734 0.640625 0.050781 0.642578 0.041016 0.642578 0.039062 0.640625 0.035156 0.640625 0.035156 0.642578 0.033203 0.644531 0.033203 0.646484 0.031250 0.648438 0.029297 0.648438 0.029297 0.650391 0.027344 0.652344 0.025391 0.652344 0.025391 0.654297 0.023438 0.656250 0.023438 0.669922 0.019531 0.673828 0.019531 0.675781 0.015625 0.679688 0.015625 0.683594 0.017578 0.685547 0.017578 0.687500 0.019531 0.689453 0.019531 0.699219 0.021484 0.701172 0.021484 0.703125 0.023438 0.703125 0.023438 0.701172 0.021484 0.699219 0.021484 0.687500 0.019531 0.685547 0.019531 0.683594 0.017578 0.681641 0.021484 0.677734 0.021484 0.675781 0.025391 0.671875 0.025391 0.656250 0.027344 0.654297 0.027344 0.652344 0.029297 0.650391 0.031250 0.650391 0.031250 0.648438 0.033203 0.646484 0.035156 0.646484 0.035156 0.644531 0.037109 0.642578 0.039062 0.644531 0.052734 0.644531 0.054688 0.642578 0.054688 0.630859 0.052734 0.628906 0.052734 0.623047
0 0.332031 0.255859 0.332031 0.261719 0.333984 0.263672 0.333984 0.265625 0.335938 0.267578 0.335938 0.269531 0.333984 0.271484 0.333984 0.273438 0.332031 0.275391 0.330078 0.275391 0.326172 0.279297 0.324219 0.279297 0.322266 0.281250 0.320312 0.281250 0.318359 0.283203 0.314453 0.283203 0.310547 0.287109 0.310547 0.291016 0.312500 0.291016 0.320312 0.283203 0.324219 0.283203 0.326172 0.281250 0.330078 0.281250 0.335938 0.275391 0.335938 0.273438 0.337891 0.271484 0.337891 0.265625 0.335938 0.263672 0.335938 0.261719 0.333984 0.259766 0.333984 0.255859
0 0.306641 0.232422 0.306641 0.234375 0.302734 0.238281 0.300781 0.238281 0.298828 0.236328 0.291016 0.236328 0.289062 0.238281 0.289062 0.242188 0.287109 0.244141 0.287109 0.251953 0.292969 0.257812 0.292969 0.259766 0.291016 0.261719 0.291016 0.271484 0.292969 0.273438 0.291016 0.275391 0.289062 0.275391 0.285156 0.279297 0.285156 0.281250 0.281250 0.285156 0.281250 0.296875 0.279297 0.298828 0.277344 0.298828 0.275391 0.300781 0.271484 0.300781 0.267578 0.304688 0.267578 0.312500 0.261719 0.318359 0.261719 0.322266 0.263672 0.322266 0.263672 0.320312 0.269531 0.314453 0.269531 0.306641 0.273438 0.302734 0.279297 0.302734 0.279297 0.298828 0.281250 0.296875 0.283203 0.298828 0.285156 0.298828 0.285156 0.296875 0.283203 0.294922 0.283203 0.287109 0.285156 0.285156 0.285156 0.283203 0.289062 0.279297 0.291016 0.279297 0.294922 0.275391 0.294922 0.271484 0.292969 0.269531 0.292969 0.263672 0.294922 0.261719 0.294922 0.253906 0.289062 0.248047 0.289062 0.244141 0.294922 0.238281 0.296875 0.238281 0.298828 0.240234 0.304688 0.240234 0.308594 0.236328 0.310547 0.236328 0.314453 0.240234 0.318359 0.240234 0.318359 0.236328 0.314453 0.236328 0.310547 0.232422