0 0.246094 0.919922 0.242188 0.923828 0.240234 0.923828 0.234375 0.929688 0.234375 0.931641 0.230469 0.935547 0.234375 0.939453 0.234375 0.941406 0.236328 0.943359 0.236328 0.949219 0.238281 0.951172 0.238281 0.953125 0.242188 0.957031 0.244141 0.957031 0.246094 0.958984 0.259766 0.958984 0.261719 0.957031 0.261719 0.929688 0.255859 0.923828 0.251953 0.923828 0.248047 0.919922
0 0.285156 0.902344 0.285156 0.908203 0.283203 0.910156 0.279297 0.910156 0.277344 0.912109 0.277344 0.917969 0.281250 0.921875 0.283203 0.921875 0.289062 0.927734 0.289062 0.929688 0.291016 0.931641 0.291016 0.933594 0.292969 0.935547 0.292969 0.937500 0.294922 0.939453 0.294922 0.941406 0.296875 0.941406 0.300781 0.945312 0.302734 0.945312 0.304688 0.947266 0.308594 0.947266 0.310547 0.949219 0.316406 0.949219 0.316406 0.943359 0.314453 0.941406 0.314453 0.935547 0.310547 0.931641 0.310547 0.919922 0.308594 0.917969 0.308594 0.916016 0.304688 0.912109 0.298828 0.912109 0.296875 0.910156 0.296875 0.908203 0.294922 0.908203 0.289062 0.902344
0 0.349609 0.845703 0.349609 0.851562 0.353516 0.855469 0.353516 0.857422 0.357422 0.861328 0.357422 0.863281 0.359375 0.863281 0.365234 0.869141 0.365234 0.884766 0.367188 0.886719 0.373047 0.886719 0.373047 0.882812 0.375000 0.880859 0.375000 0.878906 0.376953 0.876953 0.376953 0.875000 0.380859 0.871094 0.382812 0.871094 0.390625 0.863281 0.388672 0.861328 0.388672 0.859375 0.386719 0.857422 0.375000 0.857422 0.371094 0.853516 0.369141 0.853516 0.365234 0.849609 0.363281 0.849609 0.359375 0.845703
0 0.648438 0.763672 0.646484 0.765625 0.644531 0.765625 0.644531 0.773438 0.650391 0.779297 0.658203 0.779297 0.658203 0.771484 0.656250 0.769531 0.656250 0.763672
0 0.601562 0.740234 0.601562 0.746094 0.599609 0.748047 0.595703 0.748047 0.593750 0.750000 0.589844 0.750000 0.585938 0.753906 0.585938 0.759766 0.597656 0.759766 0.599609 0.757812 0.603516 0.757812 0.609375 0.751953 0.615234 0.751953 0.617188 0.750000 0.617188 0.742188 0.615234 0.740234
0 0.527344 0.728516 0.527344 0.730469 0.523438 0.734375 0.521484 0.734375 0.519531 0.736328 0.519531 0.748047 0.521484 0.750000 0.539062 0.750000 0.541016 0.748047 0.542969 0.748047 0.542969 0.730469 0.537109 0.730469 0.535156 0.728516
0 0.550781 0.722656 0.550781 0.730469 0.556641 0.736328 0.558594 0.736328 0.560547 0.738281 0.560547 0.740234 0.566406 0.740234 0.568359 0.738281 0.568359 0.728516 0.564453 0.728516 0.558594 0.722656
0 0.103516 0.332031 0.103516 0.341797 0.105469 0.341797 0.107422 0.343750 0.109375 0.343750 0.111328 0.345703 0.111328 0.347656 0.113281 0.347656 0.117188 0.351562 0.117188 0.353516 0.123047 0.359375 0.125000 0.359375 0.128906 0.363281 0.142578 0.363281 0.142578 0.361328 0.144531 0.359375 0.144531 0.345703 0.142578 0.343750 0.142578 0.341797 0.136719 0.335938 0.128906 0.335938 0.128906 0.337891 0.123047 0.343750 0.121094 0.343750 0.117188 0.339844 0.117188 0.337891 0.115234 0.335938 0.115234 0.333984 0.113281 0.333984 0.111328 0.332031
0 0.128906 0.312500 0.126953 0.314453 0.125000 0.314453 0.125000 0.324219 0.128906 0.324219 0.128906 0.322266 0.130859 0.320312 0.138672 0.320312 0.138672 0.314453 0.134766 0.314453 0.132812 0.312500
0 0.056641 0.091797 0.054688 0.093750 0.046875 0.093750 0.044922 0.095703 0.041016 0.095703 0.039062 0.093750 0.037109 0.095703 0.035156 0.093750 0.029297 0.099609 0.029297 0.103516 0.025391 0.107422 0.023438 0.105469 0.023438 0.107422 0.021484 0.109375 0.017578 0.109375 0.015625 0.111328 0.009766 0.111328 0.005859 0.115234 0.001953 0.115234 0.000000 0.113281 0.000000 0.136719 0.003906 0.132812 0.005859 0.132812 0.005859 0.126953 0.009766 0.123047 0.011719 0.125000 0.011719 0.128906 0.013672 0.130859 0.013672 0.132812 0.027344 0.132812 0.027344 0.130859 0.029297 0.128906 0.029297 0.119141 0.027344 0.119141 0.023438 0.115234 0.023438 0.111328 0.025391 0.109375 0.033203 0.109375 0.035156 0.111328 0.035156 0.113281 0.037109 0.115234 0.039062 0.115234 0.039062 0.113281 0.042969 0.109375 0.044922 0.109375 0.046875 0.111328 0.054688 0.111328 0.058594 0.115234 0.062500 0.115234 0.064453 0.113281 0.064453 0.109375 0.066406 0.107422 0.064453 0.105469 0.064453 0.097656 0.060547 0.093750 0.058594 0.093750
0 0.000000 0.082031 0.000000 0.107422 0.001953 0.109375 0.005859 0.105469 0.007812 0.105469 0.011719 0.101562 0.013672 0.103516 0.013672 0.105469 0.013672 0.103516 0.015625 0.101562 0.019531 0.101562 0.019531 0.099609 0.017578 0.097656 0.017578 0.093750 0.015625 0.093750 0.009766 0.087891 0.009766 0.083984 0.007812 0.082031
0 0.029297 0.078125 0.027344 0.080078 0.027344 0.087891 0.033203 0.087891 0.035156 0.089844 0.039062 0.089844 0.041016 0.087891 0.046875 0.087891 0.048828 0.085938 0.048828 0.082031 0.044922 0.082031 0.042969 0.083984 0.041016 0.083984 0.037109 0.080078 0.037109 0.078125
0 0.015625 0.019531 0.013672 0.021484 0.013672 0.023438 0.009766 0.027344 0.007812 0.027344 0.001953 0.033203 0.000000 0.033203 0.000000 0.044922 0.001953 0.044922 0.003906 0.046875 0.003906 0.048828 0.005859 0.050781 0.005859 0.052734 0.007812 0.052734 0.009766 0.054688 0.011719 0.054688 0.013672 0.056641 0.015625 0.056641 0.017578 0.058594 0.017578 0.060547 0.023438 0.060547 0.025391 0.062500 0.029297 0.058594 0.031250 0.058594 0.033203 0.056641 0.033203 0.054688 0.035156 0.052734 0.035156 0.033203 0.031250 0.029297 0.029297 0.029297 0.021484 0.021484 0.021484 0.019531
0 0.062500 0.000000 0.062500 0.001953 0.064453 0.001953 0.066406 0.003906 0.066406 0.007812 0.068359 0.009766 0.068359 0.011719 0.070312 0.013672 0.070312 0.017578 0.072266 0.019531 0.072266 0.021484 0.078125 0.027344 0.078125 0.029297 0.083984 0.029297 0.087891 0.033203 0.087891 0.035156 0.089844 0.035156 0.091797 0.037109 0.095703 0.037109 0.097656 0.035156 0.113281 0.035156 0.117188 0.039062 0.119141 0.039062 0.121094 0.041016 0.125000 0.041016 0.130859 0.046875 0.130859 0.048828 0.132812 0.050781 0.128906 0.054688 0.126953 0.054688 0.125000 0.056641 0.123047 0.056641 0.117188 0.062500 0.117188 0.072266 0.121094 0.072266 0.123047 0.074219 0.123047 0.076172 0.125000 0.076172 0.128906 0.080078 0.130859 0.080078 0.134766 0.083984 0.136719 0.083984 0.140625 0.087891 0.140625 0.093750 0.144531 0.097656 0.144531 0.099609 0.146484 0.099609 0.150391 0.103516 0.152344 0.103516 0.154297 0.105469 0.156250 0.105469 0.158203 0.107422 0.162109 0.107422 0.166016 0.111328 0.166016 0.113281 0.169922 0.113281 0.173828 0.117188 0.171875 0.119141 0.171875 0.123047 0.175781 0.126953 0.177734 0.126953 0.179688 0.128906 0.179688 0.130859 0.181641 0.132812 0.179688 0.134766 0.179688 0.140625 0.183594 0.140625 0.187500 0.136719 0.191406 0.140625 0.193359 0.140625 0.195312 0.142578 0.197266 0.142578 0.201172 0.146484 0.210938 0.146484 0.220703 0.136719 0.222656 0.136719 0.228516 0.130859 0.228516 0.128906 0.230469 0.126953 0.232422 0.126953 0.232422 0.119141 0.228516 0.115234 0.228516 0.105469 0.226562 0.103516 0.226562 0.101562 0.224609 0.099609 0.224609 0.097656 0.220703 0.093750 0.220703 0.091797 0.222656 0.089844 0.222656 0.085938 0.224609 0.083984 0.232422 0.083984 0.234375 0.085938 0.234375 0.087891 0.236328 0.087891 0.240234 0.091797 0.240234 0.093750 0.242188 0.095703 0.242188 0.107422 0.244141 0.109375 0.244141 0.115234 0.250000 0.115234 0.250000 0.107422 0.251953 0.105469 0.253906 0.105469 0.257812 0.109375 0.261719 0.109375 0.265625 0.113281 0.265625 0.121094 0.263672 0.123047 0.257812 0.123047 0.255859 0.121094 0.251953 0.121094 0.250000 0.123047 0.248047 0.123047 0.248047 0.125000 0.246094 0.126953 0.246094 0.134766 0.248047 0.136719 0.248047 0.138672 0.246094 0.140625 0.246094 0.148438 0.244141 0.150391 0.244141 0.154297 0.265625 0.154297 0.267578 0.156250 0.275391 0.156250 0.279297 0.160156 0.279297 0.166016 0.283203 0.166016 0.285156 0.167969 0.285156 0.169922 0.287109 0.169922 0.289062 0.171875 0.289062 0.179688 0.291016 0.181641 0.291016 0.189453 0.289062 0.191406 0.287109 0.191406 0.287109 0.195312 0.285156 0.197266 0.283203 0.197266 0.281250 0.195312 0.281250 0.193359 0.279297 0.191406 0.279297 0.189453 0.277344 0.187500 0.277344 0.185547 0.273438 0.181641 0.269531 0.181641 0.267578 0.179688 0.265625 0.179688 0.263672 0.177734 0.259766 0.177734 0.257812 0.179688 0.253906 0.179688 0.251953 0.181641 0.238281 0.181641 0.234375 0.177734 0.230469 0.177734 0.228516 0.175781 0.230469 0.173828 0.230469 0.167969 0.226562 0.167969 0.224609 0.166016 0.224609 0.164062 0.222656 0.164062 0.220703 0.162109 0.218750 0.162109 0.216797 0.160156 0.212891 0.160156 0.210938 0.162109 0.208984 0.162109 0.207031 0.160156 0.201172 0.160156 0.201172 0.162109 0.199219 0.164062 0.195312 0.164062 0.193359 0.166016 0.193359 0.167969 0.191406 0.169922 0.189453 0.169922 0.183594 0.175781 0.179688 0.175781 0.175781 0.179688 0.169922 0.173828 0.167969 0.175781 0.167969 0.177734 0.169922 0.177734 0.173828 0.181641 0.175781 0.181641 0.179688 0.185547 0.179688 0.187500 0.181641 0.187500 0.185547 0.191406 0.185547 0.193359 0.191406 0.199219 0.191406 0.201172 0.193359 0.203125 0.191406 0.205078 0.191406 0.208984 0.187500 0.212891 0.189453 0.214844 0.189453 0.228516 0.191406 0.230469 0.191406 0.232422 0.193359 0.232422 0.195312 0.234375 0.195312 0.238281 0.201172 0.244141 0.203125 0.244141 0.205078 0.242188 0.207031 0.242188 0.208984 0.244141 0.210938 0.244141 0.212891 0.242188 0.214844 0.242188 0.216797 0.244141 0.216797 0.248047 0.220703 0.248047 0.222656 0.250000 0.218750 0.253906 0.216797 0.251953 0.214844 0.253906 0.208984 0.253906 0.205078 0.257812 0.203125 0.255859 0.195312 0.255859 0.193359 0.257812 0.183594 0.257812 0.183594 0.263672 0.191406 0.271484 0.191406 0.273438 0.189453 0.275391 0.189453 0.281250 0.191406 0.283203 0.197266 0.283203 0.199219 0.285156 0.201172 0.285156 0.203125 0.287109 0.205078 0.285156 0.216797 0.285156 0.218750 0.287109 0.224609 0.287109 0.226562 0.289062 0.228516 0.289062 0.230469 0.291016 0.232422 0.291016 0.234375 0.292969 0.234375 0.294922 0.246094 0.294922 0.250000 0.298828 0.255859 0.298828 0.257812 0.296875 0.257812 0.287109 0.255859 0.285156 0.253906 0.285156 0.251953 0.283203 0.250000 0.283203 0.248047 0.281250 0.244141 0.281250 0.240234 0.277344 0.242188 0.275391 0.240234 0.273438 0.240234 0.271484 0.236328 0.271484 0.234375 0.269531 0.228516 0.269531 0.226562 0.267578 0.226562 0.257812 0.224609 0.259766 0.222656 0.259766 0.220703 0.257812 0.220703 0.255859 0.218750 0.253906 0.220703 0.251953 0.234375 0.251953 0.236328 0.253906 0.240234 0.253906 0.242188 0.255859 0.244141 0.255859 0.246094 0.257812 0.250000 0.257812 0.251953 0.259766 0.267578 0.259766 0.269531 0.261719 0.271484 0.261719 0.273438 0.259766 0.275391 0.259766 0.277344 0.261719 0.279297 0.261719 0.283203 0.265625 0.283203 0.269531 0.285156 0.271484 0.283203 0.273438 0.285156 0.275391 0.287109 0.273438 0.289062 0.273438 0.292969 0.269531 0.292969 0.267578 0.294922 0.265625 0.294922 0.263672 0.298828 0.259766 0.300781 0.261719 0.300781 0.263672 0.302734 0.261719 0.302734 0.259766 0.300781 0.259766 0.298828 0.257812 0.300781 0.255859 0.302734 0.255859 0.302734 0.253906 0.312500 0.244141 0.314453 0.244141 0.318359 0.248047 0.318359 0.250000 0.316406 0.251953 0.316406 0.257812 0.314453 0.259766 0.314453 0.261719 0.316406 0.263672 0.316406 0.269531 0.314453 0.271484 0.314453 0.275391 0.310547 0.279297 0.308594 0.279297 0.308594 0.281250 0.306641 0.283203 0.300781 0.283203 0.298828 0.285156 0.296875 0.285156 0.294922 0.283203 0.292969 0.283203 0.292969 0.285156 0.291016 0.287109 0.287109 0.287109 0.285156 0.289062 0.283203 0.289062 0.283203 0.291016 0.281250 0.292969 0.279297 0.291016 0.279297 0.283203 0.281250 0.281250 0.281250 0.277344 0.273438 0.277344 0.273438 0.279297 0.271484 0.281250 0.269531 0.281250 0.265625 0.285156 0.265625 0.289062 0.263672 0.291016 0.263672 0.300781 0.265625 0.302734 0.265625 0.304688 0.267578 0.304688 0.271484 0.308594 0.271484 0.322266 0.271484 0.320312 0.273438 0.318359 0.273438 0.316406 0.275391 0.314453 0.277344 0.314453 0.281250 0.318359 0.281250 0.320312 0.283203 0.320312 0.283203 0.318359 0.285156 0.316406 0.287109 0.316406 0.289062 0.314453 0.289062 0.312500 0.291016 0.310547 0.292969 0.310547 0.294922 0.312500 0.294922 0.324219 0.292969 0.326172 0.289062 0.326172 0.287109 0.328125 0.281250 0.328125 0.281250 0.330078 0.279297 0.332031 0.279297 0.339844 0.281250 0.341797 0.279297 0.343750 0.265625 0.343750 0.263672 0.341797 0.261719 0.341797 0.259766 0.339844 0.253906 0.339844 0.251953 0.337891 0.248047 0.337891 0.244141 0.333984 0.244141 0.330078 0.242188 0.328125 0.242188 0.326172 0.240234 0.326172 0.238281 0.324219 0.238281 0.318359 0.240234 0.316406 0.240234 0.310547 0.242188 0.308594 0.242188 0.300781 0.236328 0.300781 0.232422 0.304688 0.232422 0.306641 0.230469 0.308594 0.228516 0.308594 0.226562 0.306641 0.224609 0.306641 0.222656 0.304688 0.218750 0.304688 0.216797 0.302734 0.214844 0.302734 0.212891 0.300781 0.205078 0.300781 0.203125 0.298828 0.191406 0.298828 0.191406 0.300781 0.189453 0.302734 0.189453 0.308594 0.187500 0.310547 0.187500 0.314453 0.185547 0.316406 0.187500 0.318359 0.195312 0.318359 0.197266 0.320312 0.210938 0.320312 0.212891 0.322266 0.214844 0.322266 0.216797 0.324219 0.216797 0.326172 0.218750 0.328125 0.216797 0.330078 0.208984 0.330078 0.207031 0.332031 0.203125 0.328125 0.201172 0.328125 0.197266 0.332031 0.195312 0.332031 0.193359 0.333984 0.191406 0.332031 0.187500 0.335938 0.185547 0.335938 0.183594 0.337891 0.181641 0.337891 0.179688 0.339844 0.177734 0.337891 0.177734 0.335938 0.175781 0.333984 0.175781 0.328125 0.173828 0.326172 0.169922 0.326172 0.167969 0.328125 0.167969 0.330078 0.166016 0.332031 0.166016 0.337891 0.167969 0.337891 0.169922 0.335938 0.171875 0.335938 0.173828 0.337891 0.173828 0.339844 0.175781 0.339844 0.177734 0.337891 0.179688 0.339844 0.179688 0.341797 0.177734 0.343750 0.179688 0.345703 0.179688 0.347656 0.177734 0.349609 0.173828 0.349609 0.169922 0.353516 0.166016 0.353516 0.162109 0.357422 0.158203 0.357422 0.156250 0.359375 0.152344 0.359375 0.150391 0.361328 0.150391 0.367188 0.152344 0.369141 0.152344 0.371094 0.150391 0.373047 0.152344 0.375000 0.144531 0.382812 0.140625 0.382812 0.134766 0.376953 0.134766 0.375000 0.130859 0.371094 0.130859 0.369141 0.119141 0.369141 0.117188 0.371094 0.115234 0.371094 0.115234 0.373047 0.113281 0.375000 0.111328 0.375000 0.109375 0.373047 0.109375 0.369141 0.107422 0.367188 0.107422 0.365234 0.105469 0.363281 0.105469 0.361328 0.095703 0.361328 0.093750 0.363281 0.091797 0.363281 0.089844 0.365234 0.085938 0.365234 0.083984 0.367188 0.080078 0.367188 0.078125 0.369141 0.076172 0.369141 0.072266 0.365234 0.074219 0.363281 0.074219 0.357422 0.070312 0.353516 0.072266 0.351562 0.074219 0.351562 0.078125 0.347656 0.078125 0.345703 0.085938 0.337891 0.087891 0.337891 0.093750 0.332031 0.093750 0.330078 0.097656 0.326172 0.101562 0.326172 0.107422 0.320312 0.107422 0.318359 0.111328 0.314453 0.111328 0.312500 0.113281 0.310547 0.113281 0.302734 0.111328 0.300781 0.111328 0.298828 0.109375 0.296875 0.103516 0.296875 0.101562 0.298828 0.101562 0.300781 0.099609 0.302734 0.099609 0.308594 0.097656 0.310547 0.095703 0.310547 0.091797 0.306641 0.091797 0.304688 0.087891 0.300781 0.087891 0.298828 0.085938 0.296875 0.085938 0.287109 0.083984 0.285156 0.083984 0.283203 0.082031 0.281250 0.082031 0.279297 0.080078 0.279297 0.078125 0.277344 0.078125 0.267578 0.076172 0.267578 0.074219 0.265625 0.070312 0.265625 0.068359 0.263672 0.058594 0.263672 0.056641 0.265625 0.056641 0.267578 0.054688 0.269531 0.052734 0.269531 0.052734 0.271484 0.050781 0.273438 0.050781 0.277344 0.048828 0.279297 0.048828 0.281250 0.044922 0.285156 0.044922 0.294922 0.056641 0.294922 0.058594 0.296875 0.058594 0.298828 0.062500 0.298828 0.064453 0.300781 0.068359 0.300781 0.074219 0.306641 0.074219 0.314453 0.072266 0.316406 0.072266 0.320312 0.066406 0.326172 0.064453 0.326172 0.062500 0.328125 0.060547 0.328125 0.056641 0.332031 0.052734 0.332031 0.050781 0.330078 0.048828 0.330078 0.046875 0.328125 0.046875 0.326172 0.042969 0.326172 0.039062 0.322266 0.039062 0.316406 0.037109 0.314453 0.037109 0.312500 0.035156 0.310547 0.035156 0.304688 0.033203 0.302734 0.033203 0.298828 0.029297 0.298828 0.027344 0.296875 0.025391 0.296875 0.021484 0.292969 0.017578 0.292969 0.015625 0.291016 0.015625 0.289062 0.011719 0.289062 0.007812 0.285156 0.000000 0.285156 0.000000 0.496094 0.003906 0.500000 0.003906 0.501953 0.007812 0.505859 0.007812 0.507812 0.009766 0.509766 0.009766 0.511719 0.007812 0.513672 0.007812 0.515625 0.005859 0.517578 0.005859 0.521484 0.003906 0.523438 0.003906 0.535156 0.005859 0.537109 0.005859 0.539062 0.007812 0.541016 0.007812 0.542969 0.009766 0.544922 0.009766 0.546875 0.011719 0.546875 0.013672 0.548828 0.013672 0.550781 0.007812 0.556641 0.005859 0.556641 0.005859 0.558594 0.003906 0.560547 0.003906 0.562500 0.001953 0.564453 0.000000 0.564453 0.000000 0.859375 0.001953 0.857422 0.003906 0.859375 0.003906 0.867188 0.000000 0.871094 0.000000 0.894531 0.001953 0.896484 0.001953 0.898438 0.003906 0.900391 0.003906 0.902344 0.001953 0.904297 0.001953 0.908203 0.000000 0.910156 0.000000 0.917969 0.001953 0.917969 0.003906 0.919922 0.009766 0.914062 0.007812 0.912109 0.009766 0.910156 0.011719 0.910156 0.013672 0.912109 0.013672 0.919922 0.015625 0.921875 0.017578 0.921875 0.021484 0.925781 0.021484 0.931641 0.015625 0.937500 0.011719 0.937500 0.007812 0.941406 0.005859 0.941406 0.005859 0.943359 0.003906 0.945312 0.003906 0.957031 0.005859 0.958984 0.007812 0.958984 0.009766 0.960938 0.009766 0.970703 0.007812 0.972656 0.007812 0.974609 0.005859 0.976562 0.003906 0.976562 0.000000 0.980469 0.000000 0.992188 0.089844 0.992188 0.101562 0.980469 0.103516 0.980469 0.107422 0.976562 0.109375 0.978516 0.115234 0.978516 0.117188 0.976562 0.123047 0.976562 0.125000 0.974609 0.128906 0.974609 0.130859 0.972656 0.130859 0.964844 0.132812 0.962891 0.132812 0.958984 0.134766 0.957031 0.134766 0.955078 0.142578 0.947266 0.142578 0.945312 0.144531 0.943359 0.144531 0.939453 0.148438 0.935547 0.148438 0.933594 0.150391 0.931641 0.152344 0.933594 0.154297 0.933594 0.156250 0.935547 0.160156 0.935547 0.160156 0.931641 0.162109 0.929688 0.164062 0.929688 0.164062 0.919922 0.166016 0.917969 0.171875 0.917969 0.179688 0.925781 0.179688 0.927734 0.181641 0.929688 0.181641 0.927734 0.183594 0.925781 0.183594 0.921875 0.185547 0.919922 0.185547 0.914062 0.183594 0.912109 0.183594 0.908203 0.181641 0.906250 0.181641 0.892578 0.183594 0.890625 0.183594 0.886719 0.187500 0.882812 0.189453 0.882812 0.191406 0.884766 0.193359 0.882812 0.195312 0.882812 0.197266 0.884766 0.199219 0.882812 0.203125 0.886719 0.203125 0.888672 0.207031 0.892578 0.208984 0.892578 0.210938 0.894531 0.210938 0.896484 0.214844 0.896484 0.216797 0.898438 0.216797 0.904297 0.220703 0.904297 0.222656 0.902344 0.222656 0.900391 0.228516 0.894531 0.226562 0.892578 0.226562 0.888672 0.222656 0.888672 0.216797 0.882812 0.214844 0.882812 0.212891 0.880859 0.212891 0.878906 0.210938 0.878906 0.208984 0.876953 0.208984 0.875000 0.205078 0.875000 0.203125 0.873047 0.203125 0.867188 0.205078 0.865234 0.208984 0.865234 0.210938 0.863281 0.214844 0.863281 0.214844 0.855469 0.212891 0.855469 0.208984 0.851562 0.208984 0.837891 0.212891 0.833984 0.226562 0.833984 0.228516 0.835938 0.238281 0.835938 0.240234 0.833984 0.246094 0.833984 0.246094 0.832031 0.248047 0.830078 0.250000 0.830078 0.250000 0.828125 0.253906 0.824219 0.253906 0.808594 0.251953 0.806641 0.251953 0.802734 0.250000 0.800781 0.250000 0.798828 0.248047 0.796875 0.248047 0.794922 0.246094 0.792969 0.246094 0.791016 0.244141 0.789062 0.244141 0.783203 0.248047 0.779297 0.248047 0.777344 0.251953 0.773438 0.251953 0.771484 0.253906 0.769531 0.255859 0.769531 0.257812 0.767578 0.257812 0.765625 0.259766 0.763672 0.259766 0.750000 0.257812 0.748047 0.257812 0.746094 0.259766 0.744141 0.257812 0.744141 0.255859 0.742188 0.259766 0.738281 0.263672 0.742188 0.265625 0.740234 0.269531 0.740234 0.271484 0.738281 0.271484 0.724609 0.273438 0.722656 0.273438 0.720703 0.271484 0.718750 0.271484 0.712891 0.269531 0.710938 0.269531 0.705078 0.271484 0.703125 0.275391 0.703125 0.279297 0.707031 0.279297 0.705078 0.281250 0.703125 0.279297 0.701172 0.279297 0.699219 0.277344 0.699219 0.273438 0.695312 0.273438 0.687500 0.275391 0.685547 0.279297 0.685547 0.281250 0.687500 0.281250 0.689453 0.287109 0.695312 0.287109 0.697266 0.289062 0.699219 0.289062 0.703125 0.291016 0.705078 0.287109 0.708984 0.287109 0.716797 0.289062 0.716797 0.291016 0.714844 0.291016 0.712891 0.292969 0.710938 0.292969 0.707031 0.296875 0.703125 0.298828 0.703125 0.300781 0.701172 0.304688 0.701172 0.304688 0.695312 0.306641 0.693359 0.306641 0.691406 0.308594 0.689453 0.308594 0.687500 0.310547 0.685547 0.312500 0.687500 0.320312 0.687500 0.320312 0.685547 0.322266 0.683594 0.322266 0.669922 0.330078 0.662109 0.332031 0.662109 0.332031 0.652344 0.330078 0.650391 0.330078 0.648438 0.328125 0.648438 0.326172 0.646484 0.318359 0.646484 0.316406 0.644531 0.316406 0.640625 0.314453 0.638672 0.318359 0.634766 0.320312 0.636719 0.322266 0.636719 0.322266 0.634766 0.324219 0.632812 0.326172 0.634766 0.328125 0.632812 0.328125 0.630859 0.330078 0.628906 0.330078 0.626953 0.328125 0.625000 0.328125 0.613281 0.333984 0.607422 0.343750 0.607422 0.345703 0.609375 0.345703 0.611328 0.349609 0.611328 0.351562 0.609375 0.353516 0.609375 0.355469 0.607422 0.355469 0.605469 0.357422 0.603516 0.357422 0.601562 0.359375 0.599609 0.367188 0.599609 0.369141 0.601562 0.373047 0.601562 0.375000 0.599609 0.378906 0.599609 0.378906 0.597656 0.380859 0.595703 0.382812 0.595703 0.382812 0.593750 0.384766 0.591797 0.384766 0.587891 0.386719 0.585938 0.386719 0.583984 0.388672 0.582031 0.388672 0.578125 0.390625 0.576172 0.390625 0.570312 0.392578 0.568359 0.392578 0.566406 0.390625 0.564453 0.390625 0.562500 0.392578 0.560547 0.392578 0.558594 0.394531 0.556641 0.394531 0.552734 0.398438 0.548828 0.400391 0.548828 0.400391 0.544922 0.402344 0.542969 0.402344 0.541016 0.404297 0.539062 0.404297 0.537109 0.412109 0.529297 0.414062 0.531250 0.417969 0.531250 0.419922 0.529297 0.421875 0.529297 0.421875 0.525391 0.417969 0.521484 0.417969 0.519531 0.416016 0.517578 0.416016 0.515625 0.419922 0.511719 0.421875 0.511719 0.423828 0.509766 0.425781 0.511719 0.425781 0.513672 0.425781 0.509766 0.427734 0.507812 0.437500 0.507812 0.437500 0.501953 0.441406 0.498047 0.443359 0.498047 0.445312 0.496094 0.449219 0.496094 0.449219 0.494141 0.451172 0.492188 0.453125 0.492188 0.453125 0.490234 0.455078 0.488281 0.457031 0.488281 0.458984 0.486328 0.460938 0.486328 0.460938 0.484375 0.464844 0.480469 0.468750 0.480469 0.470703 0.478516 0.474609 0.478516 0.476562 0.476562 0.478516 0.476562 0.478516 0.474609 0.480469 0.472656 0.484375 0.472656 0.484375 0.470703 0.486328 0.468750 0.490234 0.468750 0.490234 0.466797 0.496094 0.460938 0.507812 0.460938 0.509766 0.458984 0.509766 0.457031 0.511719 0.455078 0.513672 0.455078 0.513672 0.437500 0.509766 0.433594 0.509766 0.431641 0.507812 0.429688 0.507812 0.425781 0.505859 0.423828 0.507812 0.421875 0.513672 0.421875 0.515625 0.419922 0.519531 0.419922 0.521484 0.417969 0.533203 0.417969 0.537109 0.414062 0.537109 0.400391 0.535156 0.398438 0.535156 0.394531 0.533203 0.392578 0.533203 0.384766 0.531250 0.382812 0.531250 0.375000 0.535156 0.371094 0.535156 0.367188 0.539062 0.363281 0.542969 0.367188 0.542969 0.369141 0.544922 0.367188 0.544922 0.365234 0.556641 0.353516 0.558594 0.353516 0.560547 0.351562 0.562500 0.351562 0.566406 0.347656 0.570312 0.347656 0.572266 0.349609 0.574219 0.347656 0.583984 0.347656 0.585938 0.349609 0.585938 0.353516 0.589844 0.357422 0.589844 0.359375 0.585938 0.363281 0.570312 0.363281 0.568359 0.365234 0.566406 0.363281 0.566406 0.371094 0.564453 0.373047 0.566406 0.375000 0.560547 0.380859 0.558594 0.380859 0.556641 0.382812 0.554688 0.382812 0.552734 0.384766 0.550781 0.384766 0.550781 0.392578 0.556641 0.398438 0.556641 0.410156 0.554688 0.412109 0.554688 0.417969 0.556641 0.417969 0.560547 0.421875 0.560547 0.425781 0.564453 0.429688 0.564453 0.431641 0.566406 0.433594 0.566406 0.435547 0.572266 0.441406 0.572266 0.443359 0.580078 0.451172 0.580078 0.453125 0.585938 0.458984 0.585938 0.460938 0.589844 0.464844 0.589844 0.472656 0.585938 0.476562 0.585938 0.500000 0.587891 0.501953 0.587891 0.509766 0.589844 0.511719 0.589844 0.519531 0.591797 0.521484 0.591797 0.525391 0.593750 0.527344 0.593750 0.531250 0.595703 0.533203 0.595703 0.535156 0.599609 0.539062 0.601562 0.539062 0.603516 0.541016 0.603516 0.544922 0.605469 0.546875 0.605469 0.562500 0.609375 0.566406 0.609375 0.585938 0.611328 0.587891 0.611328 0.589844 0.613281 0.591797 0.613281 0.597656 0.615234 0.599609 0.615234 0.601562 0.617188 0.603516 0.617188 0.609375 0.621094 0.613281 0.621094 0.615234 0.623047 0.617188 0.623047 0.619141 0.626953 0.623047 0.626953 0.625000 0.628906 0.626953 0.628906 0.628906 0.634766 0.634766 0.636719 0.634766 0.644531 0.642578 0.644531 0.644531 0.652344 0.644531 0.654297 0.646484 0.660156 0.646484 0.662109 0.648438 0.664062 0.648438 0.666016 0.650391 0.677734 0.650391 0.679688 0.652344 0.683594 0.652344 0.687500 0.656250 0.687500 0.658203 0.685547 0.660156 0.685547 0.671875 0.687500 0.673828 0.687500 0.675781 0.689453 0.677734 0.689453 0.681641 0.691406 0.683594 0.697266 0.683594 0.701172 0.687500 0.703125 0.687500 0.705078 0.689453 0.705078 0.691406 0.703125 0.693359 0.703125 0.695312 0.701172 0.697266 0.699219 0.697266 0.699219 0.701172 0.701172 0.701172 0.703125 0.703125 0.701172 0.705078 0.699219 0.705078 0.697266 0.707031 0.693359 0.707031 0.693359 0.714844 0.691406 0.716797 0.691406 0.730469 0.693359 0.732422 0.695312 0.732422 0.699219 0.736328 0.708984 0.736328 0.710938 0.738281 0.710938 0.740234 0.712891 0.742188 0.712891 0.750000 0.714844 0.751953 0.714844 0.757812 0.716797 0.759766 0.716797 0.761719 0.714844 0.763672 0.712891 0.763672 0.708984 0.767578 0.707031 0.767578 0.705078 0.769531 0.703125 0.769531 0.703125 0.771484 0.701172 0.773438 0.699219 0.773438 0.695312 0.777344 0.693359 0.777344 0.693359 0.779297 0.689453 0.783203 0.689453 0.785156 0.685547 0.789062 0.681641 0.789062 0.681641 0.792969 0.673828 0.800781 0.673828 0.816406 0.675781 0.818359 0.675781 0.820312 0.673828 0.822266 0.673828 0.835938 0.679688 0.841797 0.679688 0.843750 0.681641 0.843750 0.683594 0.845703 0.685547 0.845703 0.687500 0.847656 0.693359 0.847656 0.697266 0.851562 0.695312 0.853516 0.695312 0.855469 0.693359 0.857422 0.691406 0.857422 0.691406 0.859375 0.687500 0.863281 0.685547 0.863281 0.681641 0.867188 0.675781 0.867188 0.664062 0.855469 0.664062 0.851562 0.660156 0.847656 0.662109 0.845703 0.662109 0.832031 0.654297 0.824219 0.654297 0.822266 0.652344 0.820312 0.652344 0.818359 0.648438 0.818359 0.642578 0.812500 0.642578 0.810547 0.644531 0.808594 0.644531 0.806641 0.646484 0.804688 0.648438 0.804688 0.648438 0.802734 0.650391 0.800781 0.650391 0.791016 0.646484 0.791016 0.644531 0.792969 0.642578 0.792969 0.634766 0.800781 0.632812 0.800781 0.626953 0.806641 0.625000 0.806641 0.619141 0.800781 0.617188 0.800781 0.613281 0.796875 0.613281 0.791016 0.611328 0.791016 0.609375 0.789062 0.609375 0.779297 0.607422 0.777344 0.607422 0.771484 0.605469 0.769531 0.599609 0.769531 0.599609 0.771484 0.597656 0.773438 0.597656 0.781250 0.595703 0.783203 0.595703 0.789062 0.593750 0.791016 0.593750 0.794922 0.591797 0.796875 0.583984 0.796875 0.580078 0.792969 0.566406 0.792969 0.566406 0.794922 0.562500 0.798828 0.554688 0.798828 0.550781 0.794922 0.550781 0.792969 0.548828 0.791016 0.546875 0.791016 0.544922 0.789062 0.542969 0.789062 0.541016 0.787109 0.541016 0.785156 0.535156 0.779297 0.535156 0.775391 0.529297 0.769531 0.529297 0.767578 0.527344 0.765625 0.527344 0.763672 0.523438 0.759766 0.517578 0.759766 0.515625 0.757812 0.513672 0.757812 0.511719 0.755859 0.500000 0.755859 0.498047 0.757812 0.498047 0.759766 0.496094 0.761719 0.496094 0.773438 0.494141 0.775391 0.494141 0.777344 0.490234 0.781250 0.488281 0.781250 0.488281 0.783203 0.486328 0.785156 0.486328 0.787109 0.484375 0.789062 0.480469 0.789062 0.478516 0.791016 0.476562 0.791016 0.474609 0.789062 0.458984 0.789062 0.457031 0.791016 0.457031 0.796875 0.462891 0.802734 0.468750 0.802734 0.470703 0.804688 0.472656 0.804688 0.474609 0.806641 0.474609 0.818359 0.472656 0.820312 0.472656 0.822266 0.470703 0.824219 0.470703 0.826172 0.468750 0.828125 0.468750 0.830078 0.464844 0.833984 0.462891 0.833984 0.462891 0.835938 0.460938 0.837891 0.458984 0.837891 0.458984 0.839844 0.457031 0.841797 0.455078 0.841797 0.453125 0.843750 0.451172 0.843750 0.449219 0.845703 0.445312 0.845703 0.443359 0.847656 0.441406 0.847656 0.439453 0.849609 0.435547 0.849609 0.433594 0.847656 0.433594 0.843750 0.425781 0.835938 0.425781 0.828125 0.423828 0.826172 0.416016 0.826172 0.416016 0.828125 0.408203 0.835938 0.408203 0.839844 0.410156 0.841797 0.414062 0.841797 0.417969 0.845703 0.417969 0.847656 0.419922 0.849609 0.419922 0.853516 0.423828 0.857422 0.423828 0.859375 0.425781 0.859375 0.427734 0.861328 0.427734 0.871094 0.429688 0.873047 0.429688 0.894531 0.427734 0.896484 0.423828 0.896484 0.421875 0.898438 0.419922 0.898438 0.417969 0.900391 0.416016 0.900391 0.414062 0.898438 0.408203 0.898438 0.406250 0.896484 0.396484 0.896484 0.396484 0.904297 0.398438 0.904297 0.404297 0.910156 0.406250 0.910156 0.408203 0.912109 0.408203 0.917969 0.412109 0.921875 0.417969 0.921875 0.425781 0.929688 0.425781 0.935547 0.423828 0.937500 0.421875 0.937500 0.416016 0.943359 0.414062 0.943359 0.414062 0.945312 0.412109 0.947266 0.404297 0.947266 0.404297 0.949219 0.402344 0.951172 0.398438 0.951172 0.396484 0.949219 0.394531 0.949219 0.390625 0.945312 0.390625 0.943359 0.388672 0.943359 0.384766 0.939453 0.382812 0.939453 0.380859 0.937500 0.380859 0.935547 0.378906 0.935547 0.371094 0.927734 0.369141 0.927734 0.365234 0.923828 0.363281 0.923828 0.355469 0.916016 0.355469 0.914062 0.353516 0.914062 0.351562 0.912109 0.349609 0.912109 0.347656 0.910156 0.345703 0.910156 0.343750 0.908203 0.343750 0.906250 0.341797 0.904297 0.330078 0.904297 0.330078 0.914062 0.332031 0.916016 0.332031 0.917969 0.333984 0.917969 0.339844 0.923828 0.339844 0.925781 0.343750 0.929688 0.343750 0.931641 0.341797 0.933594 0.339844 0.933594 0.339844 0.939453 0.341797 0.941406 0.341797 0.943359 0.345703 0.943359 0.349609 0.947266 0.349609 0.960938 0.351562 0.960938 0.355469 0.964844 0.355469 0.966797 0.357422 0.968750 0.357422 0.976562 0.355469 0.978516 0.355469 0.992188 0.416016 0.992188 0.417969 0.990234 0.419922 0.990234 0.421875 0.988281 0.423828 0.988281 0.425781 0.986328 0.427734 0.986328 0.431641 0.982422 0.435547 0.982422 0.441406 0.976562 0.451172 0.976562 0.455078 0.980469 0.457031 0.980469 0.458984 0.982422 0.462891 0.982422 0.464844 0.984375 0.466797 0.984375 0.468750 0.986328 0.472656 0.986328 0.474609 0.984375 0.484375 0.984375 0.486328 0.982422 0.488281 0.982422 0.490234 0.984375 0.492188 0.984375 0.494141 0.986328 0.496094 0.986328 0.498047 0.988281 0.498047 0.990234 0.500000 0.992188 0.513672 0.992188 0.511719 0.990234 0.511719 0.986328 0.515625 0.982422 0.515625 0.980469 0.521484 0.974609 0.521484 0.968750 0.523438 0.966797 0.525391 0.966797 0.529297 0.962891 0.531250 0.962891 0.533203 0.960938 0.537109 0.960938 0.539062 0.962891 0.539062 0.970703 0.541016 0.972656 0.550781 0.972656 0.550781 0.970703 0.556641 0.964844 0.556641 0.962891 0.558594 0.960938 0.564453 0.960938 0.568359 0.964844 0.568359 0.980469 0.570312 0.982422 0.572266 0.982422 0.576172 0.986328 0.578125 0.984375 0.582031 0.984375 0.582031 0.982422 0.583984 0.980469 0.583984 0.974609 0.585938 0.972656 0.587891 0.972656 0.591797 0.976562 0.595703 0.976562 0.605469 0.986328 0.607422 0.986328 0.613281 0.992188 0.841797 0.992188 0.843750 0.990234 0.843750 0.986328 0.841797 0.984375 0.841797 0.982422 0.839844 0.980469 0.839844 0.974609 0.835938 0.970703 0.837891 0.968750 0.837891 0.962891 0.841797 0.958984 0.853516 0.958984 0.855469 0.960938 0.857422 0.960938 0.859375 0.962891 0.861328 0.962891 0.863281 0.964844 0.867188 0.964844 0.869141 0.966797 0.871094 0.966797 0.873047 0.968750 0.880859 0.968750 0.884766 0.972656 0.886719 0.972656 0.888672 0.974609 0.890625 0.974609 0.892578 0.976562 0.894531 0.976562 0.896484 0.978516 0.900391 0.978516 0.902344 0.980469 0.904297 0.980469 0.906250 0.982422 0.935547 0.982422 0.937500 0.980469 0.939453 0.980469 0.941406 0.978516 0.953125 0.978516 0.953125 0.962891 0.957031 0.958984 0.957031 0.945312 0.955078 0.943359 0.955078 0.941406 0.953125 0.939453 0.951172 0.939453 0.949219 0.937500 0.949219 0.935547 0.951172 0.933594 0.951172 0.929688 0.955078 0.925781 0.958984 0.925781 0.960938 0.927734 0.960938 0.929688 0.968750 0.937500 0.970703 0.937500 0.976562 0.943359 0.976562 0.945312 0.978516 0.945312 0.980469 0.947266 0.980469 0.951172 0.984375 0.951172 0.986328 0.953125 0.988281 0.953125 0.988281 0.949219 0.992188 0.945312 0.992188 0.628906 0.990234 0.626953 0.990234 0.623047 0.988281 0.621094 0.988281 0.617188 0.990234 0.615234 0.990234 0.609375 0.992188 0.607422 0.992188 0.593750 0.990234 0.591797 0.990234 0.589844 0.986328 0.585938 0.984375 0.585938 0.982422 0.583984 0.980469 0.585938 0.978516 0.583984 0.978516 0.580078 0.980469 0.578125 0.980469 0.576172 0.982422 0.574219 0.980469 0.574219 0.978516 0.572266 0.980469 0.570312 0.980469 0.568359 0.976562 0.568359 0.972656 0.572266 0.970703 0.572266 0.968750 0.570312 0.968750 0.566406 0.970703 0.564453 0.970703 0.560547 0.972656 0.558594 0.972656 0.556641 0.970703 0.556641 0.966797 0.552734 0.966797 0.554688 0.964844 0.556641 0.957031 0.556641 0.955078 0.554688 0.957031 0.552734 0.958984 0.552734 0.958984 0.546875 0.960938 0.544922 0.958984 0.542969 0.962891 0.539062 0.962891 0.537109 0.966797 0.533203 0.968750 0.533203 0.972656 0.529297 0.972656 0.527344 0.976562 0.523438 0.976562 0.515625 0.974609 0.513672 0.974609 0.509766 0.972656 0.509766 0.970703 0.507812 0.970703 0.505859 0.968750 0.503906 0.972656 0.500000 0.974609 0.501953 0.976562 0.501953 0.978516 0.503906 0.978516 0.509766 0.980469 0.511719 0.982422 0.511719 0.986328 0.515625 0.988281 0.515625 0.990234 0.517578 0.992188 0.517578 0.992188 0.494141 0.990234 0.494141 0.988281 0.492188 0.988281 0.490234 0.990234 0.488281 0.992188 0.488281 0.992188 0.269531 0.990234 0.269531 0.988281 0.267578 0.986328 0.267578 0.984375 0.265625 0.982422 0.265625 0.976562 0.259766 0.974609 0.259766 0.972656 0.257812 0.974609 0.255859 0.974609 0.253906 0.976562 0.251953 0.978516 0.251953 0.980469 0.250000 0.980469 0.248047 0.982422 0.246094 0.982422 0.240234 0.980469 0.238281 0.980469 0.236328 0.982422 0.234375 0.984375 0.234375 0.986328 0.232422 0.988281 0.232422 0.990234 0.230469 0.992188 0.230469 0.992188 0.009766 0.990234 0.009766 0.990234 0.013672 0.986328 0.017578 0.986328 0.025391 0.982422 0.029297 0.980469 0.029297 0.978516 0.031250 0.978516 0.035156 0.976562 0.037109 0.976562 0.039062 0.974609 0.041016 0.974609 0.046875 0.972656 0.048828 0.974609 0.050781 0.974609 0.056641 0.976562 0.058594 0.976562 0.062500 0.978516 0.064453 0.978516 0.066406 0.974609 0.070312 0.972656 0.070312 0.970703 0.068359 0.968750 0.068359 0.966797 0.066406 0.960938 0.066406 0.958984 0.064453 0.949219 0.064453 0.947266 0.066406 0.947266 0.070312 0.945312 0.072266 0.945312 0.076172 0.947266 0.076172 0.949219 0.078125 0.947266 0.080078 0.939453 0.080078 0.939453 0.082031 0.935547 0.085938 0.931641 0.085938 0.929688 0.087891 0.927734 0.087891 0.925781 0.085938 0.925781 0.082031 0.923828 0.080078 0.923828 0.076172 0.931641 0.068359 0.935547 0.068359 0.939453 0.064453 0.939453 0.062500 0.945312 0.056641 0.945312 0.050781 0.947266 0.048828 0.947266 0.044922 0.949219 0.042969 0.949219 0.041016 0.947266 0.039062 0.947266 0.035156 0.951172 0.031250 0.953125 0.031250 0.955078 0.033203 0.957031 0.031250 0.957031 0.029297 0.958984 0.027344 0.958984 0.021484 0.957031 0.019531 0.957031 0.015625 0.960938 0.011719 0.960938 0.003906 0.962891 0.001953 0.962891 0.000000 0.943359 0.000000 0.941406 0.001953 0.939453 0.001953 0.937500 0.000000 0.896484 0.000000 0.896484 0.005859 0.898438 0.007812 0.894531 0.011719 0.894531 0.013672 0.892578 0.015625 0.890625 0.015625 0.886719 0.019531 0.884766 0.019531 0.882812 0.021484 0.882812 0.031250 0.888672 0.037109 0.888672 0.041016 0.890625 0.042969 0.888672 0.044922 0.888672 0.046875 0.886719 0.048828 0.884766 0.048828 0.882812 0.046875 0.880859 0.046875 0.876953 0.042969 0.873047 0.042969 0.871094 0.041016 0.859375 0.041016 0.857422 0.042969 0.857422 0.044922 0.847656 0.054688 0.843750 0.054688 0.839844 0.050781 0.841797 0.048828 0.841797 0.044922 0.845703 0.041016 0.845703 0.039062 0.849609 0.035156 0.849609 0.033203 0.847656 0.031250 0.847656 0.029297 0.849609 0.027344 0.855469 0.027344 0.857422 0.025391 0.859375 0.027344 0.863281 0.027344 0.867188 0.023438 0.869141 0.023438 0.873047 0.019531 0.873047 0.017578 0.875000 0.015625 0.875000 0.011719 0.873047 0.009766 0.873047 0.000000 0.857422 0.000000 0.853516 0.003906 0.853516 0.005859 0.847656 0.011719 0.845703 0.011719 0.843750 0.009766 0.839844 0.009766 0.841797 0.011719 0.837891 0.015625 0.835938 0.013672 0.833984 0.013672 0.830078 0.017578 0.828125 0.015625 0.824219 0.015625 0.822266 0.013672 0.822266 0.005859 0.828125 0.000000 0.830078 0.000000 0.337891 0.000000 0.339844 0.000000 0.341797 0.001953 0.339844 0.003906 0.337891 0.003906 0.335938 0.005859 0.333984 0.005859 0.332031 0.003906 0.332031 0.000000 0.330078 0.000000 0.328125 0.001953 0.326172 0.001953 0.324219 0.000000