0 0.951172 0.955078 0.951172 0.958984 0.955078 0.962891 0.962891 0.962891 0.962891 0.960938 0.958984 0.957031 0.957031 0.957031 0.955078 0.955078
0 0.916016 0.908203 0.914062 0.910156 0.914062 0.919922 0.908203 0.925781 0.908203 0.927734 0.906250 0.929688 0.904297 0.929688 0.900391 0.925781 0.898438 0.925781 0.896484 0.923828 0.894531 0.923828 0.892578 0.925781 0.890625 0.925781 0.886719 0.929688 0.884766 0.929688 0.882812 0.931641 0.882812 0.933594 0.884766 0.935547 0.882812 0.937500 0.875000 0.937500 0.871094 0.941406 0.869141 0.941406 0.869141 0.945312 0.867188 0.947266 0.867188 0.949219 0.861328 0.955078 0.861328 0.957031 0.859375 0.958984 0.857422 0.957031 0.853516 0.957031 0.851562 0.955078 0.847656 0.955078 0.845703 0.957031 0.843750 0.957031 0.843750 0.960938 0.845703 0.960938 0.847656 0.962891 0.849609 0.962891 0.857422 0.970703 0.857422 0.972656 0.859375 0.974609 0.857422 0.976562 0.857422 0.978516 0.861328 0.978516 0.867188 0.984375 0.867188 0.986328 0.869141 0.988281 0.871094 0.988281 0.873047 0.990234 0.871094 0.992188 0.949219 0.992188 0.947266 0.990234 0.947266 0.988281 0.945312 0.986328 0.945312 0.984375 0.943359 0.982422 0.945312 0.980469 0.945312 0.978516 0.943359 0.976562 0.943359 0.974609 0.941406 0.972656 0.941406 0.970703 0.939453 0.968750 0.937500 0.968750 0.933594 0.964844 0.931641 0.964844 0.929688 0.962891 0.927734 0.962891 0.925781 0.960938 0.923828 0.960938 0.919922 0.957031 0.917969 0.957031 0.914062 0.953125 0.914062 0.947266 0.916016 0.945312 0.916016 0.943359 0.917969 0.941406 0.917969 0.939453 0.919922 0.937500 0.919922 0.931641 0.921875 0.929688 0.923828 0.929688 0.925781 0.927734 0.925781 0.925781 0.927734 0.923828 0.929688 0.923828 0.931641 0.921875 0.931641 0.919922 0.929688 0.917969 0.929688 0.914062 0.923828 0.908203
0 0.007812 0.902344 0.007812 0.904297 0.003906 0.908203 0.003906 0.912109 0.005859 0.912109 0.009766 0.908203 0.009766 0.902344
0 0.181641 0.787109 0.181641 0.792969 0.183594 0.794922 0.189453 0.794922 0.189453 0.791016 0.185547 0.787109
0 0.103516 0.769531 0.099609 0.773438 0.093750 0.773438 0.091797 0.775391 0.091797 0.783203 0.089844 0.785156 0.087891 0.785156 0.083984 0.789062 0.082031 0.789062 0.080078 0.787109 0.068359 0.787109 0.068359 0.789062 0.066406 0.791016 0.060547 0.791016 0.060547 0.792969 0.058594 0.794922 0.044922 0.794922 0.044922 0.796875 0.042969 0.798828 0.037109 0.798828 0.035156 0.796875 0.033203 0.796875 0.029297 0.800781 0.029297 0.802734 0.025391 0.806641 0.025391 0.808594 0.023438 0.810547 0.023438 0.812500 0.015625 0.820312 0.007812 0.820312 0.000000 0.812500 0.000000 0.810547 0.000000 0.861328 0.001953 0.859375 0.007812 0.859375 0.009766 0.857422 0.011719 0.857422 0.015625 0.853516 0.019531 0.853516 0.021484 0.855469 0.019531 0.857422 0.021484 0.859375 0.021484 0.863281 0.019531 0.865234 0.021484 0.865234 0.027344 0.871094 0.027344 0.875000 0.033203 0.880859 0.033203 0.882812 0.035156 0.884766 0.035156 0.886719 0.037109 0.888672 0.041016 0.888672 0.042969 0.886719 0.044922 0.888672 0.046875 0.888672 0.050781 0.892578 0.050781 0.894531 0.054688 0.898438 0.060547 0.898438 0.062500 0.896484 0.062500 0.894531 0.064453 0.892578 0.066406 0.894531 0.066406 0.888672 0.068359 0.886719 0.070312 0.886719 0.070312 0.884766 0.068359 0.884766 0.066406 0.882812 0.066406 0.876953 0.064453 0.875000 0.064453 0.871094 0.068359 0.867188 0.068359 0.865234 0.070312 0.863281 0.070312 0.861328 0.072266 0.859375 0.078125 0.865234 0.078125 0.867188 0.089844 0.867188 0.091797 0.865234 0.093750 0.865234 0.101562 0.857422 0.103516 0.859375 0.111328 0.859375 0.113281 0.857422 0.113281 0.855469 0.117188 0.851562 0.117188 0.849609 0.121094 0.845703 0.121094 0.839844 0.123047 0.837891 0.125000 0.839844 0.125000 0.837891 0.126953 0.835938 0.126953 0.833984 0.128906 0.832031 0.128906 0.830078 0.126953 0.828125 0.126953 0.826172 0.125000 0.824219 0.125000 0.816406 0.123047 0.814453 0.123047 0.808594 0.125000 0.806641 0.125000 0.796875 0.126953 0.794922 0.126953 0.789062 0.128906 0.787109 0.128906 0.781250 0.130859 0.779297 0.130859 0.775391 0.126953 0.779297 0.125000 0.777344 0.113281 0.777344 0.111328 0.775391 0.111328 0.771484 0.109375 0.769531
0 0.138672 0.763672 0.136719 0.765625 0.134766 0.765625 0.134766 0.767578 0.136719 0.769531 0.138672 0.769531 0.140625 0.767578 0.142578 0.767578
0 0.111328 0.751953 0.111328 0.753906 0.109375 0.755859 0.107422 0.755859 0.107422 0.757812 0.109375 0.759766 0.115234 0.759766 0.117188 0.757812 0.119141 0.757812 0.117188 0.757812
0 0.839844 0.744141 0.839844 0.746094 0.837891 0.748047 0.835938 0.748047 0.833984 0.750000 0.832031 0.750000 0.830078 0.751953 0.828125 0.751953 0.824219 0.755859 0.822266 0.755859 0.820312 0.757812 0.818359 0.757812 0.818359 0.759766 0.820312 0.761719 0.824219 0.761719 0.826172 0.763672 0.826172 0.765625 0.828125 0.765625 0.830078 0.763672 0.835938 0.763672 0.837891 0.761719 0.845703 0.761719 0.845703 0.759766 0.847656 0.757812 0.853516 0.757812 0.855469 0.755859 0.855469 0.748047 0.853516 0.746094 0.853516 0.744141 0.849609 0.744141 0.849609 0.748047 0.847656 0.750000 0.845703 0.748047 0.845703 0.744141
0 0.636719 0.736328 0.628906 0.744141 0.626953 0.744141 0.626953 0.748047 0.628906 0.748047 0.630859 0.750000 0.630859 0.751953 0.632812 0.751953 0.636719 0.748047 0.640625 0.748047 0.642578 0.750000 0.644531 0.748047 0.644531 0.746094 0.646484 0.744141 0.646484 0.742188 0.642578 0.738281 0.640625 0.738281 0.638672 0.736328
0 0.826172 0.724609 0.822266 0.728516 0.822266 0.738281 0.824219 0.740234 0.824219 0.742188 0.826172 0.742188 0.828125 0.740234 0.833984 0.740234 0.835938 0.742188 0.835938 0.740234 0.841797 0.734375 0.839844 0.732422 0.839844 0.730469 0.837891 0.730469 0.835938 0.728516 0.833984 0.728516 0.832031 0.726562 0.832031 0.724609
0 0.607422 0.710938 0.607422 0.712891 0.605469 0.714844 0.605469 0.724609 0.607422 0.726562 0.607422 0.728516 0.611328 0.732422 0.611328 0.734375 0.613281 0.736328 0.615234 0.736328 0.617188 0.734375 0.617188 0.728516 0.615234 0.726562 0.615234 0.724609 0.619141 0.720703 0.619141 0.718750 0.615234 0.714844 0.613281 0.714844 0.609375 0.710938
0 0.726562 0.533203 0.726562 0.535156 0.728516 0.537109 0.724609 0.541016 0.724609 0.542969 0.722656 0.544922 0.720703 0.544922 0.718750 0.546875 0.716797 0.546875 0.714844 0.548828 0.712891 0.546875 0.708984 0.546875 0.707031 0.544922 0.707031 0.542969 0.703125 0.542969 0.703125 0.544922 0.697266 0.550781 0.695312 0.548828 0.689453 0.548828 0.689453 0.550781 0.687500 0.552734 0.685547 0.550781 0.683594 0.550781 0.681641 0.552734 0.675781 0.552734 0.673828 0.550781 0.673828 0.554688 0.669922 0.558594 0.667969 0.556641 0.666016 0.556641 0.666016 0.560547 0.664062 0.562500 0.662109 0.560547 0.660156 0.560547 0.660156 0.562500 0.656250 0.566406 0.652344 0.566406 0.650391 0.568359 0.638672 0.568359 0.634766 0.572266 0.626953 0.572266 0.626953 0.574219 0.621094 0.580078 0.615234 0.574219 0.615234 0.576172 0.617188 0.578125 0.617188 0.580078 0.613281 0.583984 0.611328 0.583984 0.611328 0.585938 0.609375 0.587891 0.599609 0.587891 0.599609 0.589844 0.597656 0.591797 0.601562 0.591797 0.603516 0.589844 0.605469 0.591797 0.605469 0.597656 0.609375 0.597656 0.611328 0.595703 0.613281 0.595703 0.617188 0.599609 0.615234 0.601562 0.615234 0.613281 0.617188 0.615234 0.617188 0.621094 0.619141 0.621094 0.621094 0.619141 0.625000 0.623047 0.623047 0.625000 0.623047 0.628906 0.621094 0.630859 0.623047 0.630859 0.625000 0.628906 0.630859 0.628906 0.636719 0.634766 0.636719 0.636719 0.638672 0.636719 0.640625 0.638672 0.640625 0.642578 0.642578 0.644531 0.642578 0.646484 0.644531 0.646484 0.646484 0.648438 0.646484 0.656250 0.648438 0.658203 0.648438 0.660156 0.646484 0.662109 0.650391 0.666016 0.650391 0.671875 0.652344 0.673828 0.654297 0.673828 0.656250 0.671875 0.658203 0.671875 0.660156 0.673828 0.662109 0.673828 0.664062 0.671875 0.679688 0.671875 0.681641 0.673828 0.681641 0.675781 0.683594 0.677734 0.683594 0.691406 0.685547 0.693359 0.685547 0.695312 0.691406 0.695312 0.693359 0.697266 0.693359 0.705078 0.695312 0.707031 0.695312 0.708984 0.697266 0.708984 0.699219 0.707031 0.701172 0.707031 0.703125 0.708984 0.703125 0.710938 0.708984 0.716797 0.708984 0.718750 0.710938 0.720703 0.710938 0.722656 0.712891 0.724609 0.710938 0.726562 0.712891 0.728516 0.712891 0.732422 0.710938 0.734375 0.714844 0.734375 0.718750 0.738281 0.716797 0.740234 0.716797 0.744141 0.718750 0.746094 0.718750 0.748047 0.720703 0.750000 0.730469 0.750000 0.732422 0.748047 0.734375 0.748047 0.734375 0.746094 0.736328 0.744141 0.738281 0.744141 0.740234 0.742188 0.742188 0.742188 0.742188 0.740234 0.744141 0.738281 0.746094 0.740234 0.746094 0.742188 0.750000 0.738281 0.751953 0.740234 0.753906 0.738281 0.753906 0.736328 0.759766 0.730469 0.763672 0.730469 0.763672 0.726562 0.767578 0.722656 0.769531 0.722656 0.769531 0.720703 0.767578 0.718750 0.767578 0.708984 0.769531 0.707031 0.769531 0.705078 0.767578 0.703125 0.767578 0.695312 0.763672 0.691406 0.763672 0.689453 0.765625 0.687500 0.765625 0.685547 0.777344 0.673828 0.777344 0.671875 0.775391 0.669922 0.775391 0.666016 0.771484 0.669922 0.773438 0.671875 0.771484 0.673828 0.765625 0.673828 0.761719 0.677734 0.759766 0.677734 0.759766 0.679688 0.755859 0.683594 0.751953 0.683594 0.750000 0.681641 0.750000 0.679688 0.748047 0.677734 0.750000 0.675781 0.750000 0.673828 0.751953 0.671875 0.753906 0.671875 0.753906 0.666016 0.751953 0.664062 0.751953 0.662109 0.759766 0.654297 0.759766 0.652344 0.757812 0.650391 0.759766 0.648438 0.759766 0.646484 0.757812 0.644531 0.757812 0.638672 0.759766 0.636719 0.761719 0.636719 0.763672 0.634766 0.763672 0.623047 0.765625 0.621094 0.763672 0.619141 0.763672 0.617188 0.765625 0.615234 0.765625 0.605469 0.763672 0.603516 0.763672 0.601562 0.765625 0.599609 0.765625 0.595703 0.767578 0.593750 0.769531 0.593750 0.771484 0.591797 0.773438 0.591797 0.775391 0.589844 0.777344 0.589844 0.777344 0.587891 0.781250 0.583984 0.781250 0.582031 0.785156 0.578125 0.785156 0.570312 0.781250 0.566406 0.779297 0.568359 0.777344 0.568359 0.773438 0.572266 0.771484 0.572266 0.767578 0.568359 0.769531 0.566406 0.767578 0.564453 0.767578 0.562500 0.765625 0.564453 0.761719 0.560547 0.761719 0.558594 0.757812 0.558594 0.753906 0.554688 0.753906 0.544922 0.751953 0.542969 0.751953 0.537109 0.750000 0.535156 0.748047 0.535156 0.746094 0.533203 0.744141 0.533203 0.742188 0.535156 0.740234 0.535156 0.738281 0.537109 0.732422 0.537109 0.730469 0.535156 0.730469 0.533203
0 0.677734 0.494141 0.673828 0.498047 0.673828 0.501953 0.671875 0.503906 0.671875 0.513672 0.679688 0.513672 0.681641 0.515625 0.683594 0.515625 0.683594 0.513672 0.687500 0.509766 0.689453 0.509766 0.691406 0.507812 0.691406 0.505859 0.683594 0.498047 0.681641 0.498047 0.679688 0.496094 0.679688 0.494141
0 0.648438 0.492188 0.646484 0.494141 0.640625 0.494141 0.640625 0.498047 0.632812 0.505859 0.632812 0.511719 0.634766 0.513672 0.642578 0.513672 0.644531 0.511719 0.646484 0.511719 0.650391 0.515625 0.648438 0.517578 0.650391 0.519531 0.650391 0.521484 0.652344 0.521484 0.654297 0.523438 0.652344 0.525391 0.652344 0.527344 0.650391 0.529297 0.650391 0.533203 0.648438 0.535156 0.648438 0.537109 0.650391 0.539062 0.656250 0.539062 0.656250 0.533203 0.658203 0.531250 0.660156 0.531250 0.662109 0.529297 0.662109 0.527344 0.664062 0.525391 0.664062 0.521484 0.660156 0.517578 0.662109 0.515625 0.662109 0.505859 0.660156 0.503906 0.660156 0.501953 0.658203 0.501953 0.656250 0.500000 0.656250 0.498047 0.652344 0.494141 0.650391 0.494141
0 0.904297 0.490234 0.902344 0.492188 0.898438 0.492188 0.896484 0.494141 0.896484 0.500000 0.898438 0.501953 0.896484 0.503906 0.896484 0.507812 0.892578 0.511719 0.892578 0.523438 0.890625 0.525391 0.888672 0.525391 0.888672 0.533203 0.890625 0.535156 0.892578 0.535156 0.894531 0.537109 0.894531 0.539062 0.892578 0.541016 0.890625 0.539062 0.888672 0.539062 0.886719 0.541016 0.884766 0.539062 0.882812 0.539062 0.880859 0.537109 0.880859 0.539062 0.878906 0.541016 0.878906 0.542969 0.875000 0.546875 0.876953 0.548828 0.876953 0.552734 0.878906 0.552734 0.882812 0.548828 0.884766 0.548828 0.886719 0.550781 0.886719 0.552734 0.888672 0.552734 0.890625 0.554688 0.894531 0.554688 0.896484 0.556641 0.896484 0.568359 0.898438 0.570312 0.898438 0.572266 0.902344 0.576172 0.902344 0.583984 0.904297 0.585938 0.904297 0.589844 0.900391 0.593750 0.898438 0.591797 0.896484 0.591797 0.894531 0.593750 0.890625 0.593750 0.888672 0.595703 0.888672 0.597656 0.886719 0.599609 0.886719 0.601562 0.884766 0.603516 0.884766 0.605469 0.886719 0.607422 0.886719 0.617188 0.884766 0.619141 0.884766 0.621094 0.886719 0.623047 0.886719 0.625000 0.884766 0.626953 0.884766 0.630859 0.880859 0.634766 0.880859 0.636719 0.876953 0.640625 0.876953 0.646484 0.875000 0.648438 0.873047 0.648438 0.871094 0.650391 0.869141 0.650391 0.865234 0.654297 0.861328 0.654297 0.861328 0.656250 0.855469 0.662109 0.853516 0.662109 0.853516 0.664062 0.851562 0.666016 0.851562 0.667969 0.853516 0.669922 0.851562 0.671875 0.849609 0.671875 0.847656 0.673828 0.845703 0.673828 0.843750 0.675781 0.841797 0.675781 0.841797 0.681641 0.837891 0.685547 0.835938 0.685547 0.833984 0.687500 0.833984 0.691406 0.837891 0.695312 0.837891 0.699219 0.839844 0.701172 0.839844 0.703125 0.841797 0.705078 0.841797 0.707031 0.865234 0.707031 0.867188 0.708984 0.867188 0.726562 0.869141 0.728516 0.869141 0.734375 0.871094 0.736328 0.871094 0.744141 0.875000 0.744141 0.875000 0.740234 0.878906 0.736328 0.878906 0.734375 0.884766 0.728516 0.886719 0.728516 0.888672 0.730469 0.890625 0.730469 0.894531 0.734375 0.896484 0.734375 0.900391 0.738281 0.900391 0.742188 0.902344 0.742188 0.902344 0.738281 0.900391 0.736328 0.900391 0.734375 0.898438 0.732422 0.898438 0.728516 0.908203 0.718750 0.914062 0.718750 0.919922 0.724609 0.919922 0.728516 0.921875 0.730469 0.925781 0.730469 0.927734 0.732422 0.933594 0.732422 0.935547 0.734375 0.937500 0.734375 0.937500 0.732422 0.939453 0.730469 0.941406 0.730469 0.943359 0.728516 0.945312 0.728516 0.947266 0.726562 0.947266 0.724609 0.949219 0.722656 0.949219 0.720703 0.951172 0.718750 0.953125 0.718750 0.957031 0.714844 0.964844 0.714844 0.966797 0.712891 0.968750 0.712891 0.968750 0.708984 0.970703 0.707031 0.974609 0.707031 0.976562 0.705078 0.978516 0.705078 0.982422 0.708984 0.984375 0.708984 0.986328 0.707031 0.988281 0.708984 0.990234 0.707031 0.992188 0.708984 0.992188 0.521484 0.988281 0.525391 0.988281 0.529297 0.986328 0.531250 0.988281 0.531250 0.990234 0.533203 0.986328 0.537109 0.986328 0.539062 0.982422 0.542969 0.980469 0.542969 0.978516 0.544922 0.974609 0.544922 0.972656 0.546875 0.968750 0.546875 0.966797 0.548828 0.964844 0.546875 0.964844 0.544922 0.962891 0.542969 0.964844 0.541016 0.964844 0.537109 0.966797 0.535156 0.966797 0.531250 0.968750 0.529297 0.968750 0.527344 0.970703 0.525391 0.970703 0.523438 0.972656 0.521484 0.974609 0.521484 0.974609 0.505859 0.972656 0.505859 0.968750 0.501953 0.962891 0.501953 0.960938 0.500000 0.958984 0.500000 0.955078 0.496094 0.951172 0.496094 0.945312 0.501953 0.943359 0.501953 0.941406 0.503906 0.937500 0.503906 0.935547 0.501953 0.933594 0.501953 0.933594 0.503906 0.931641 0.505859 0.929688 0.503906 0.927734 0.503906 0.925781 0.501953 0.921875 0.501953 0.919922 0.500000 0.919922 0.498047 0.921875 0.496094 0.917969 0.496094 0.916016 0.494141 0.914062 0.494141 0.912109 0.496094 0.908203 0.492188 0.908203 0.490234
0 0.662109 0.478516 0.662109 0.480469 0.667969 0.486328 0.669922 0.486328 0.673828 0.482422 0.673828 0.480469 0.667969 0.480469 0.666016 0.478516
0 0.435547 0.382812 0.431641 0.386719 0.429688 0.384766 0.425781 0.388672 0.421875 0.388672 0.419922 0.390625 0.417969 0.390625 0.416016 0.392578 0.408203 0.392578 0.406250 0.390625 0.404297 0.392578 0.402344 0.392578 0.400391 0.390625 0.398438 0.390625 0.396484 0.392578 0.398438 0.392578 0.400391 0.394531 0.398438 0.396484 0.400391 0.396484 0.404297 0.400391 0.404297 0.402344 0.402344 0.404297 0.400391 0.402344 0.398438 0.404297 0.392578 0.404297 0.392578 0.412109 0.390625 0.414062 0.388672 0.412109 0.388672 0.417969 0.390625 0.419922 0.390625 0.421875 0.388672 0.423828 0.384766 0.423828 0.382812 0.425781 0.382812 0.429688 0.380859 0.431641 0.380859 0.439453 0.378906 0.441406 0.378906 0.443359 0.376953 0.445312 0.376953 0.457031 0.378906 0.458984 0.378906 0.472656 0.382812 0.468750 0.384766 0.470703 0.386719 0.470703 0.388672 0.468750 0.396484 0.468750 0.398438 0.470703 0.398438 0.472656 0.402344 0.472656 0.404297 0.474609 0.404297 0.476562 0.410156 0.476562 0.414062 0.472656 0.417969 0.472656 0.417969 0.470703 0.419922 0.468750 0.425781 0.468750 0.431641 0.474609 0.431641 0.472656 0.439453 0.464844 0.441406 0.464844 0.443359 0.462891 0.447266 0.462891 0.449219 0.460938 0.449219 0.458984 0.451172 0.457031 0.451172 0.451172 0.453125 0.449219 0.453125 0.447266 0.455078 0.445312 0.455078 0.443359 0.457031 0.441406 0.458984 0.443359 0.460938 0.443359 0.460938 0.439453 0.462891 0.437500 0.462891 0.429688 0.460938 0.427734 0.460938 0.419922 0.458984 0.417969 0.460938 0.416016 0.460938 0.414062 0.462891 0.412109 0.460938 0.410156 0.460938 0.406250 0.458984 0.404297 0.460938 0.402344 0.460938 0.400391 0.458984 0.402344 0.457031 0.400391 0.457031 0.394531 0.453125 0.390625 0.451172 0.390625 0.449219 0.388672 0.449219 0.390625 0.447266 0.392578 0.441406 0.392578 0.439453 0.390625 0.439453 0.388672 0.441406 0.386719 0.441406 0.384766 0.439453 0.386719 0.437500 0.386719 0.435547 0.384766
0 0.474609 0.361328 0.476562 0.363281 0.476562 0.367188 0.478516 0.369141 0.478516 0.373047 0.480469 0.375000 0.480469 0.376953 0.482422 0.378906 0.484375 0.378906 0.484375 0.376953 0.486328 0.375000 0.488281 0.376953 0.490234 0.375000 0.492188 0.375000 0.494141 0.373047 0.494141 0.369141 0.492188 0.367188 0.488281 0.367188 0.486328 0.365234 0.486328 0.363281 0.484375 0.361328 0.482422 0.363281 0.478516 0.363281 0.476562 0.361328
0 0.941406 0.152344 0.939453 0.154297 0.935547 0.154297 0.931641 0.158203 0.929688 0.158203 0.927734 0.156250 0.921875 0.156250 0.919922 0.154297 0.917969 0.156250 0.916016 0.154297 0.916016 0.158203 0.914062 0.160156 0.914062 0.162109 0.912109 0.164062 0.912109 0.167969 0.910156 0.169922 0.908203 0.169922 0.908203 0.171875 0.906250 0.173828 0.906250 0.175781 0.904297 0.177734 0.904297 0.179688 0.900391 0.183594 0.898438 0.183594 0.896484 0.185547 0.896484 0.187500 0.892578 0.191406 0.888672 0.191406 0.884766 0.195312 0.880859 0.195312 0.875000 0.201172 0.873047 0.201172 0.873047 0.203125 0.871094 0.205078 0.871094 0.208984 0.869141 0.210938 0.869141 0.212891 0.867188 0.214844 0.867188 0.216797 0.861328 0.222656 0.861328 0.244141 0.857422 0.248047 0.855469 0.248047 0.855469 0.250000 0.853516 0.251953 0.853516 0.261719 0.851562 0.263672 0.851562 0.273438 0.853516 0.275391 0.853516 0.277344 0.851562 0.279297 0.849609 0.279297 0.849609 0.285156 0.847656 0.287109 0.847656 0.289062 0.849609 0.291016 0.849609 0.296875 0.853516 0.296875 0.859375 0.302734 0.861328 0.302734 0.861328 0.300781 0.865234 0.296875 0.865234 0.294922 0.867188 0.292969 0.869141 0.292969 0.871094 0.294922 0.873047 0.294922 0.875000 0.296875 0.876953 0.296875 0.878906 0.298828 0.880859 0.298828 0.886719 0.304688 0.886719 0.316406 0.884766 0.318359 0.884766 0.324219 0.890625 0.324219 0.892578 0.326172 0.892578 0.328125 0.894531 0.328125 0.896484 0.330078 0.896484 0.332031 0.916016 0.332031 0.917969 0.330078 0.923828 0.330078 0.925781 0.332031 0.925781 0.343750 0.923828 0.345703 0.923828 0.347656 0.919922 0.351562 0.919922 0.353516 0.916016 0.357422 0.916016 0.363281 0.914062 0.365234 0.914062 0.367188 0.912109 0.369141 0.912109 0.375000 0.914062 0.375000 0.916016 0.376953 0.916016 0.382812 0.917969 0.382812 0.919922 0.384766 0.919922 0.386719 0.921875 0.386719 0.923828 0.388672 0.925781 0.388672 0.927734 0.390625 0.929688 0.390625 0.931641 0.392578 0.931641 0.394531 0.943359 0.394531 0.947266 0.390625 0.957031 0.390625 0.958984 0.392578 0.958984 0.394531 0.976562 0.394531 0.978516 0.392578 0.980469 0.392578 0.984375 0.388672 0.988281 0.388672 0.990234 0.390625 0.990234 0.392578 0.984375 0.398438 0.982422 0.398438 0.982422 0.406250 0.986328 0.410156 0.992188 0.410156 0.992188 0.166016 0.990234 0.166016 0.988281 0.164062 0.982422 0.164062 0.980469 0.162109 0.976562 0.162109 0.974609 0.160156 0.972656 0.160156 0.970703 0.158203 0.968750 0.158203 0.964844 0.154297 0.957031 0.154297 0.955078 0.152344 0.953125 0.154297 0.951172 0.154297 0.949219 0.152344
0 0.574219 0.146484 0.572266 0.148438 0.572266 0.150391 0.574219 0.150391 0.576172 0.152344 0.576172 0.150391 0.578125 0.148438 0.578125 0.146484
0 0.621094 0.136719 0.619141 0.138672 0.619141 0.140625 0.621094 0.140625 0.623047 0.138672 0.623047 0.136719
0 0.634766 0.113281 0.634766 0.115234 0.626953 0.123047 0.626953 0.125000 0.628906 0.126953 0.628906 0.128906 0.630859 0.128906 0.632812 0.126953 0.632812 0.123047 0.634766 0.121094 0.634766 0.119141 0.636719 0.117188 0.636719 0.115234
0 0.337891 0.085938 0.332031 0.091797 0.332031 0.097656 0.337891 0.097656 0.345703 0.105469 0.347656 0.105469 0.347656 0.103516 0.351562 0.099609 0.351562 0.097656 0.353516 0.095703 0.347656 0.095703 0.345703 0.093750 0.345703 0.091797 0.343750 0.091797
0 0.332031 0.031250 0.330078 0.033203 0.328125 0.033203 0.328125 0.041016 0.330078 0.042969 0.330078 0.044922 0.328125 0.046875 0.330078 0.048828 0.330078 0.050781 0.328125 0.052734 0.328125 0.054688 0.330078 0.056641 0.330078 0.058594 0.333984 0.058594 0.335938 0.056641 0.335938 0.054688 0.337891 0.052734 0.339844 0.052734 0.339844 0.050781 0.341797 0.048828 0.337891 0.044922 0.337891 0.042969 0.333984 0.039062 0.335938 0.037109 0.335938 0.031250
0 0.343750 0.015625 0.341797 0.017578 0.339844 0.017578 0.339844 0.021484 0.341797 0.023438 0.343750 0.023438 0.345703 0.025391 0.345703 0.027344 0.343750 0.029297 0.339844 0.029297 0.339844 0.031250 0.347656 0.031250 0.351562 0.027344 0.351562 0.023438 0.353516 0.021484 0.353516 0.019531 0.351562 0.017578 0.347656 0.017578 0.345703 0.015625
0 0.941406 0.000000 0.941406 0.001953 0.947266 0.007812 0.951172 0.007812 0.953125 0.009766 0.955078 0.009766 0.960938 0.003906 0.966797 0.003906 0.970703 0.007812 0.972656 0.007812 0.974609 0.009766 0.974609 0.011719 0.984375 0.011719 0.984375 0.009766 0.986328 0.007812 0.988281 0.007812 0.988281 0.005859 0.990234 0.003906 0.990234 0.000000
0 0.404297 0.000000 0.404297 0.001953 0.402344 0.003906 0.400391 0.003906 0.398438 0.005859 0.396484 0.005859 0.396484 0.007812 0.394531 0.009766 0.392578 0.007812 0.392578 0.011719 0.390625 0.013672 0.386719 0.013672 0.386719 0.015625 0.384766 0.017578 0.384766 0.019531 0.382812 0.021484 0.380859 0.021484 0.380859 0.023438 0.378906 0.025391 0.376953 0.025391 0.375000 0.027344 0.375000 0.033203 0.373047 0.035156 0.373047 0.037109 0.371094 0.039062 0.369141 0.039062 0.369141 0.056641 0.371094 0.058594 0.371094 0.064453 0.369141 0.066406 0.369141 0.078125 0.371094 0.080078 0.376953 0.080078 0.378906 0.082031 0.380859 0.082031 0.382812 0.083984 0.384766 0.082031 0.386719 0.083984 0.388672 0.083984 0.392578 0.087891 0.390625 0.089844 0.390625 0.091797 0.392578 0.093750 0.392578 0.095703 0.388672 0.099609 0.388672 0.101562 0.394531 0.107422 0.394531 0.111328 0.392578 0.113281 0.392578 0.115234 0.390625 0.117188 0.390625 0.119141 0.388672 0.121094 0.388672 0.125000 0.386719 0.126953 0.384766 0.125000 0.382812 0.126953 0.384766 0.126953 0.386719 0.128906 0.386719 0.136719 0.388672 0.136719 0.388672 0.134766 0.390625 0.132812 0.394531 0.136719 0.392578 0.138672 0.394531 0.140625 0.396484 0.140625 0.398438 0.142578 0.400391 0.142578 0.402344 0.144531 0.404297 0.144531 0.410156 0.150391 0.425781 0.150391 0.429688 0.154297 0.429688 0.156250 0.431641 0.154297 0.433594 0.154297 0.435547 0.152344 0.437500 0.154297 0.437500 0.156250 0.443359 0.156250 0.447266 0.160156 0.447266 0.162109 0.449219 0.164062 0.449219 0.167969 0.451172 0.167969 0.453125 0.169922 0.462891 0.169922 0.464844 0.167969 0.468750 0.167969 0.470703 0.169922 0.470703 0.171875 0.472656 0.173828 0.474609 0.173828 0.478516 0.169922 0.484375 0.169922 0.486328 0.167969 0.492188 0.167969 0.498047 0.173828 0.498047 0.181641 0.501953 0.185547 0.500000 0.187500 0.500000 0.189453 0.498047 0.191406 0.500000 0.191406 0.501953 0.193359 0.503906 0.191406 0.505859 0.191406 0.507812 0.193359 0.507812 0.195312 0.513672 0.195312 0.517578 0.199219 0.515625 0.201172 0.515625 0.203125 0.523438 0.203125 0.529297 0.197266 0.531250 0.197266 0.533203 0.199219 0.533203 0.201172 0.537109 0.201172 0.539062 0.203125 0.541016 0.203125 0.542969 0.201172 0.544922 0.203125 0.544922 0.207031 0.546875 0.208984 0.546875 0.214844 0.548828 0.214844 0.550781 0.212891 0.558594 0.212891 0.566406 0.220703 0.568359 0.220703 0.568359 0.216797 0.570312 0.214844 0.572266 0.214844 0.574219 0.216797 0.576172 0.216797 0.578125 0.214844 0.580078 0.216797 0.582031 0.216797 0.583984 0.218750 0.585938 0.218750 0.591797 0.212891 0.591797 0.203125 0.589844 0.201172 0.589844 0.199219 0.591797 0.197266 0.591797 0.195312 0.589844 0.193359 0.587891 0.193359 0.585938 0.191406 0.583984 0.191406 0.582031 0.193359 0.580078 0.191406 0.580078 0.189453 0.578125 0.187500 0.578125 0.183594 0.582031 0.179688 0.582031 0.177734 0.583984 0.175781 0.585938 0.177734 0.587891 0.177734 0.589844 0.175781 0.589844 0.173828 0.591797 0.171875 0.593750 0.173828 0.593750 0.175781 0.597656 0.175781 0.601562 0.171875 0.603516 0.171875 0.605469 0.169922 0.605469 0.164062 0.603516 0.162109 0.599609 0.166016 0.597656 0.166016 0.595703 0.167969 0.593750 0.166016 0.593750 0.164062 0.595703 0.162109 0.591797 0.162109 0.589844 0.160156 0.589844 0.158203 0.587891 0.156250 0.591797 0.152344 0.591797 0.148438 0.587891 0.148438 0.585938 0.150391 0.585938 0.152344 0.583984 0.154297 0.582031 0.154297 0.578125 0.158203 0.566406 0.158203 0.564453 0.156250 0.558594 0.156250 0.556641 0.154297 0.552734 0.154297 0.550781 0.152344 0.550781 0.150391 0.548828 0.150391 0.546875 0.148438 0.546875 0.146484 0.544922 0.146484 0.542969 0.144531 0.541016 0.144531 0.539062 0.146484 0.529297 0.146484 0.527344 0.144531 0.527344 0.142578 0.529297 0.140625 0.531250 0.140625 0.531250 0.138672 0.533203 0.136719 0.533203 0.132812 0.535156 0.130859 0.535156 0.128906 0.533203 0.126953 0.533203 0.125000 0.537109 0.121094 0.539062 0.121094 0.541016 0.123047 0.542969 0.123047 0.544922 0.125000 0.548828 0.125000 0.550781 0.126953 0.554688 0.126953 0.558594 0.130859 0.558594 0.132812 0.560547 0.132812 0.564453 0.128906 0.568359 0.128906 0.572266 0.125000 0.574219 0.125000 0.578125 0.121094 0.578125 0.111328 0.580078 0.109375 0.580078 0.107422 0.582031 0.105469 0.583984 0.107422 0.585938 0.107422 0.587891 0.109375 0.587891 0.111328 0.589844 0.113281 0.589844 0.115234 0.593750 0.115234 0.595703 0.117188 0.595703 0.115234 0.597656 0.113281 0.593750 0.109375 0.595703 0.107422 0.595703 0.105469 0.597656 0.103516 0.599609 0.103516 0.603516 0.107422 0.603516 0.105469 0.605469 0.103516 0.607422 0.103516 0.611328 0.099609 0.611328 0.095703 0.615234 0.091797 0.615234 0.089844 0.617188 0.087891 0.617188 0.085938 0.615234 0.083984 0.615234 0.080078 0.613281 0.078125 0.613281 0.076172 0.611328 0.076172 0.607422 0.080078 0.603516 0.080078 0.601562 0.078125 0.599609 0.078125 0.597656 0.080078 0.595703 0.080078 0.591797 0.083984 0.589844 0.082031 0.589844 0.078125 0.591797 0.076172 0.591797 0.072266 0.583984 0.072266 0.583984 0.078125 0.582031 0.080078 0.582031 0.085938 0.583984 0.087891 0.582031 0.089844 0.582031 0.091797 0.578125 0.095703 0.578125 0.097656 0.576172 0.099609 0.574219 0.099609 0.572266 0.101562 0.570312 0.099609 0.570312 0.095703 0.566406 0.091797 0.568359 0.089844 0.566406 0.087891 0.566406 0.080078 0.568359 0.078125 0.570312 0.078125 0.572266 0.076172 0.572266 0.072266 0.574219 0.070312 0.574219 0.066406 0.572266 0.064453 0.574219 0.062500 0.576172 0.062500 0.576172 0.060547 0.578125 0.058594 0.582031 0.058594 0.583984 0.056641 0.585938 0.056641 0.585938 0.054688 0.589844 0.050781 0.589844 0.048828 0.595703 0.042969 0.595703 0.039062 0.593750 0.037109 0.593750 0.033203 0.595703 0.031250 0.597656 0.033203 0.599609 0.033203 0.601562 0.035156 0.601562 0.033203 0.603516 0.031250 0.603516 0.029297 0.601562 0.027344 0.601562 0.021484 0.599609 0.019531 0.601562 0.017578 0.599609 0.017578 0.595703 0.013672 0.591797 0.013672 0.589844 0.011719 0.589844 0.009766 0.591797 0.007812 0.591797 0.000000