0 0.414062 0.935547 0.414062 0.937500 0.412109 0.939453 0.400391 0.939453 0.398438 0.941406 0.376953 0.941406 0.376953 0.951172 0.400391 0.951172 0.402344 0.949219 0.414062 0.949219 0.414062 0.947266 0.416016 0.945312 0.425781 0.945312 0.425781 0.935547
0 0.671875 0.906250 0.671875 0.916016 0.681641 0.916016 0.683594 0.917969 0.683594 0.921875 0.705078 0.921875 0.705078 0.912109 0.691406 0.912109 0.689453 0.910156 0.689453 0.906250
0 0.396484 0.835938 0.396484 0.843750 0.394531 0.845703 0.392578 0.845703 0.392578 0.847656 0.388672 0.851562 0.386719 0.851562 0.386719 0.857422 0.384766 0.859375 0.380859 0.859375 0.380859 0.863281 0.378906 0.865234 0.376953 0.865234 0.376953 0.878906 0.386719 0.878906 0.386719 0.871094 0.388672 0.869141 0.392578 0.869141 0.392578 0.863281 0.394531 0.861328 0.396484 0.861328 0.398438 0.859375 0.400391 0.859375 0.400391 0.857422 0.402344 0.855469 0.402344 0.851562 0.404297 0.849609 0.406250 0.849609 0.406250 0.835938
0 0.537109 0.634766 0.535156 0.636719 0.535156 0.648438 0.533203 0.650391 0.533203 0.656250 0.531250 0.658203 0.531250 0.662109 0.533203 0.664062 0.533203 0.666016 0.529297 0.669922 0.529297 0.675781 0.533203 0.679688 0.535156 0.679688 0.537109 0.681641 0.537109 0.683594 0.539062 0.685547 0.544922 0.685547 0.546875 0.687500 0.554688 0.687500 0.556641 0.689453 0.560547 0.689453 0.562500 0.691406 0.562500 0.693359 0.566406 0.693359 0.566406 0.689453 0.568359 0.687500 0.568359 0.685547 0.570312 0.683594 0.574219 0.683594 0.576172 0.681641 0.578125 0.681641 0.587891 0.691406 0.582031 0.697266 0.582031 0.699219 0.578125 0.703125 0.576172 0.703125 0.576172 0.710938 0.578125 0.712891 0.578125 0.714844 0.582031 0.718750 0.582031 0.720703 0.583984 0.722656 0.585938 0.722656 0.589844 0.726562 0.589844 0.730469 0.593750 0.734375 0.593750 0.736328 0.595703 0.738281 0.595703 0.742188 0.597656 0.742188 0.597656 0.738281 0.595703 0.736328 0.595703 0.730469 0.593750 0.730469 0.591797 0.728516 0.591797 0.724609 0.580078 0.712891 0.580078 0.710938 0.578125 0.708984 0.578125 0.707031 0.587891 0.697266 0.587891 0.695312 0.591797 0.691406 0.591797 0.687500 0.589844 0.687500 0.585938 0.683594 0.583984 0.683594 0.580078 0.679688 0.580078 0.677734 0.578125 0.675781 0.576172 0.675781 0.570312 0.681641 0.568359 0.681641 0.566406 0.683594 0.566406 0.685547 0.564453 0.687500 0.558594 0.687500 0.556641 0.685547 0.550781 0.685547 0.548828 0.683594 0.542969 0.683594 0.535156 0.675781 0.533203 0.675781 0.531250 0.673828 0.531250 0.671875 0.533203 0.669922 0.535156 0.669922 0.535156 0.652344 0.537109 0.650391 0.537109 0.638672 0.539062 0.636719 0.539062 0.634766
0 0.560547 0.609375 0.558594 0.611328 0.558594 0.615234 0.556641 0.617188 0.556641 0.621094 0.554688 0.623047 0.554688 0.625000 0.552734 0.626953 0.552734 0.630859 0.554688 0.630859 0.556641 0.628906 0.556641 0.625000 0.558594 0.623047 0.558594 0.619141 0.560547 0.617188 0.560547 0.615234 0.564453 0.611328 0.564453 0.609375
0 0.283203 0.570312 0.283203 0.580078 0.285156 0.580078 0.287109 0.582031 0.287109 0.585938 0.291016 0.585938 0.292969 0.587891 0.292969 0.591797 0.294922 0.591797 0.296875 0.593750 0.296875 0.595703 0.304688 0.595703 0.306641 0.597656 0.306641 0.599609 0.308594 0.599609 0.310547 0.601562 0.310547 0.603516 0.326172 0.603516 0.326172 0.593750 0.318359 0.593750 0.316406 0.591797 0.316406 0.589844 0.308594 0.589844 0.306641 0.587891 0.306641 0.585938 0.304688 0.585938 0.302734 0.583984 0.302734 0.582031 0.298828 0.582031 0.296875 0.580078 0.296875 0.576172 0.294922 0.576172 0.292969 0.574219 0.292969 0.570312
0 0.283203 0.542969 0.283203 0.562500 0.292969 0.562500 0.292969 0.542969
0 0.474609 0.523438 0.474609 0.525391 0.476562 0.525391 0.478516 0.527344 0.492188 0.527344 0.492188 0.525391 0.478516 0.525391 0.476562 0.523438
0 0.468750 0.517578 0.468750 0.519531 0.470703 0.519531 0.470703 0.517578
0 0.287109 0.513672 0.287109 0.527344 0.285156 0.529297 0.283203 0.529297 0.283203 0.539062 0.292969 0.539062 0.292969 0.531250 0.294922 0.529297 0.296875 0.529297 0.296875 0.513672
0 0.468750 0.503906 0.468750 0.505859 0.470703 0.505859 0.470703 0.503906
0 0.140625 0.500000 0.140625 0.503906 0.138672 0.505859 0.126953 0.505859 0.126953 0.511719 0.125000 0.513672 0.117188 0.513672 0.117188 0.523438 0.132812 0.523438 0.132812 0.517578 0.134766 0.515625 0.144531 0.515625 0.144531 0.511719 0.146484 0.509766 0.150391 0.509766 0.150391 0.500000
0 0.482422 0.498047 0.482422 0.500000 0.480469 0.501953 0.480469 0.503906 0.482422 0.503906 0.482422 0.501953 0.484375 0.500000 0.486328 0.501953 0.486328 0.507812 0.480469 0.513672 0.476562 0.513672 0.476562 0.515625 0.484375 0.515625 0.484375 0.513672 0.486328 0.511719 0.488281 0.513672 0.490234 0.513672 0.490234 0.511719 0.488281 0.511719 0.486328 0.509766 0.488281 0.507812 0.488281 0.500000 0.486328 0.500000 0.484375 0.498047
0 0.457031 0.498047 0.457031 0.503906 0.458984 0.503906 0.462891 0.507812 0.464844 0.507812 0.466797 0.509766 0.466797 0.511719 0.468750 0.513672 0.472656 0.513672 0.472656 0.511719 0.470703 0.511719 0.468750 0.509766 0.466797 0.509766 0.464844 0.507812 0.464844 0.505859 0.462891 0.503906 0.460938 0.503906 0.458984 0.501953 0.460938 0.500000 0.464844 0.500000 0.464844 0.498047
0 0.470703 0.494141 0.470703 0.496094 0.468750 0.498047 0.468750 0.500000 0.474609 0.500000 0.474609 0.498047 0.476562 0.496094 0.478516 0.496094 0.478516 0.494141 0.476562 0.494141 0.476562 0.496094 0.474609 0.498047 0.472656 0.496094 0.472656 0.494141
0 0.287109 0.490234 0.287109 0.509766 0.296875 0.509766 0.296875 0.490234
0 0.150391 0.486328 0.150391 0.496094 0.160156 0.496094 0.160156 0.486328
0 0.292969 0.466797 0.292969 0.482422 0.302734 0.482422 0.302734 0.478516 0.304688 0.476562 0.318359 0.476562 0.320312 0.478516 0.320312 0.482422 0.330078 0.482422 0.330078 0.470703 0.328125 0.470703 0.326172 0.468750 0.326172 0.466797
0 0.179688 0.466797 0.179688 0.468750 0.177734 0.470703 0.173828 0.470703 0.171875 0.472656 0.164062 0.472656 0.164062 0.482422 0.173828 0.482422 0.175781 0.480469 0.183594 0.480469 0.183594 0.478516 0.185547 0.476562 0.189453 0.476562 0.189453 0.466797
0 0.707031 0.435547 0.707031 0.437500 0.705078 0.439453 0.699219 0.439453 0.697266 0.441406 0.693359 0.441406 0.689453 0.445312 0.689453 0.460938 0.685547 0.464844 0.685547 0.466797 0.683594 0.468750 0.681641 0.466797 0.677734 0.470703 0.677734 0.472656 0.679688 0.472656 0.681641 0.474609 0.681641 0.476562 0.683594 0.476562 0.687500 0.472656 0.687500 0.466797 0.691406 0.462891 0.693359 0.462891 0.693359 0.457031 0.691406 0.455078 0.691406 0.447266 0.693359 0.445312 0.695312 0.445312 0.697266 0.443359 0.699219 0.443359 0.701172 0.441406 0.708984 0.441406 0.708984 0.439453 0.710938 0.437500 0.712891 0.437500 0.714844 0.439453 0.714844 0.441406 0.716797 0.443359 0.716797 0.445312 0.718750 0.447266 0.722656 0.447266 0.724609 0.445312 0.726562 0.445312 0.726562 0.441406 0.728516 0.439453 0.728516 0.437500 0.726562 0.437500 0.724609 0.439453 0.724609 0.441406 0.722656 0.443359 0.720703 0.443359 0.716797 0.439453 0.716797 0.437500 0.714844 0.435547
0 0.269531 0.193359 0.269531 0.195312 0.285156 0.195312 0.287109 0.197266 0.289062 0.197266 0.291016 0.199219 0.291016 0.210938 0.296875 0.210938 0.298828 0.208984 0.304688 0.214844 0.304688 0.218750 0.306641 0.220703 0.312500 0.220703 0.314453 0.222656 0.318359 0.222656 0.320312 0.224609 0.320312 0.226562 0.324219 0.226562 0.326172 0.224609 0.326172 0.222656 0.328125 0.220703 0.328125 0.218750 0.324219 0.218750 0.324219 0.220703 0.322266 0.222656 0.320312 0.220703 0.318359 0.220703 0.316406 0.218750 0.310547 0.218750 0.306641 0.214844 0.306641 0.210938 0.304688 0.210938 0.302734 0.208984 0.302734 0.207031 0.296875 0.207031 0.294922 0.208984 0.292969 0.207031 0.292969 0.205078 0.294922 0.203125 0.294922 0.197266 0.292969 0.197266 0.289062 0.193359
0 0.062500 0.179688 0.062500 0.181641 0.060547 0.183594 0.060547 0.185547 0.056641 0.189453 0.056641 0.193359 0.054688 0.195312 0.054688 0.203125 0.058594 0.207031 0.058594 0.208984 0.060547 0.210938 0.060547 0.212891 0.062500 0.212891 0.062500 0.207031 0.058594 0.203125 0.058594 0.201172 0.056641 0.199219 0.056641 0.197266 0.058594 0.195312 0.058594 0.193359 0.060547 0.191406 0.060547 0.189453 0.062500 0.187500 0.062500 0.185547 0.064453 0.183594 0.068359 0.187500 0.070312 0.187500 0.074219 0.191406 0.076172 0.191406 0.076172 0.189453 0.072266 0.185547 0.070312 0.185547 0.066406 0.181641 0.066406 0.179688
0 0.007812 0.169922 0.003906 0.173828 0.000000 0.173828 0.000000 0.175781 0.007812 0.175781 0.009766 0.173828 0.011719 0.173828 0.015625 0.177734 0.015625 0.187500 0.017578 0.189453 0.017578 0.193359 0.015625 0.195312 0.013672 0.195312 0.009766 0.199219 0.009766 0.203125 0.011719 0.203125 0.013672 0.201172 0.013672 0.199219 0.015625 0.197266 0.017578 0.197266 0.019531 0.195312 0.019531 0.185547 0.017578 0.183594 0.017578 0.175781 0.015625 0.173828 0.015625 0.171875 0.013672 0.171875 0.011719 0.169922
0 0.177734 0.152344 0.177734 0.154297 0.179688 0.154297 0.183594 0.158203 0.183594 0.169922 0.185547 0.171875 0.185547 0.173828 0.187500 0.175781 0.189453 0.175781 0.191406 0.177734 0.197266 0.177734 0.199219 0.175781 0.201172 0.175781 0.201172 0.173828 0.197266 0.173828 0.195312 0.175781 0.193359 0.173828 0.191406 0.173828 0.187500 0.169922 0.187500 0.167969 0.185547 0.166016 0.185547 0.154297 0.183594 0.154297 0.181641 0.152344
0 0.369141 0.111328 0.361328 0.119141 0.359375 0.119141 0.357422 0.117188 0.353516 0.117188 0.349609 0.121094 0.349609 0.125000 0.355469 0.130859 0.359375 0.130859 0.361328 0.132812 0.363281 0.132812 0.367188 0.136719 0.375000 0.136719 0.376953 0.138672 0.378906 0.138672 0.380859 0.140625 0.378906 0.142578 0.378906 0.146484 0.375000 0.150391 0.375000 0.152344 0.371094 0.156250 0.371094 0.166016 0.382812 0.177734 0.384766 0.177734 0.386719 0.179688 0.392578 0.179688 0.396484 0.175781 0.396484 0.166016 0.398438 0.164062 0.400391 0.164062 0.400391 0.162109 0.402344 0.160156 0.402344 0.156250 0.404297 0.154297 0.404297 0.148438 0.406250 0.146484 0.408203 0.146484 0.408203 0.142578 0.406250 0.142578 0.404297 0.144531 0.402344 0.144531 0.402344 0.150391 0.400391 0.152344 0.400391 0.158203 0.394531 0.164062 0.394531 0.171875 0.390625 0.175781 0.386719 0.175781 0.380859 0.169922 0.378906 0.169922 0.375000 0.166016 0.375000 0.164062 0.373047 0.162109 0.373047 0.160156 0.375000 0.158203 0.375000 0.156250 0.378906 0.152344 0.378906 0.150391 0.380859 0.148438 0.380859 0.146484 0.382812 0.144531 0.382812 0.136719 0.380859 0.134766 0.378906 0.134766 0.376953 0.132812 0.373047 0.132812 0.371094 0.134766 0.367188 0.130859 0.365234 0.130859 0.363281 0.128906 0.359375 0.128906 0.357422 0.126953 0.355469 0.126953 0.353516 0.125000 0.353516 0.123047 0.355469 0.121094 0.365234 0.121094 0.365234 0.119141 0.369141 0.115234 0.371094 0.115234 0.373047 0.113281 0.373047 0.111328
0 0.544922 0.083984 0.533203 0.095703 0.529297 0.095703 0.523438 0.101562 0.523438 0.109375 0.525391 0.111328 0.527344 0.111328 0.529297 0.113281 0.531250 0.113281 0.533203 0.115234 0.533203 0.117188 0.535156 0.119141 0.535156 0.123047 0.537109 0.125000 0.537109 0.132812 0.541016 0.136719 0.541016 0.138672 0.542969 0.140625 0.542969 0.156250 0.544922 0.158203 0.542969 0.160156 0.542969 0.162109 0.541016 0.164062 0.541016 0.175781 0.542969 0.175781 0.544922 0.177734 0.544922 0.179688 0.542969 0.181641 0.541016 0.181641 0.541016 0.183594 0.539062 0.185547 0.537109 0.185547 0.537109 0.187500 0.533203 0.191406 0.531250 0.191406 0.529297 0.193359 0.529297 0.195312 0.525391 0.199219 0.523438 0.199219 0.521484 0.201172 0.519531 0.201172 0.513672 0.207031 0.498047 0.207031 0.496094 0.208984 0.492188 0.208984 0.488281 0.212891 0.486328 0.212891 0.486328 0.214844 0.484375 0.216797 0.484375 0.218750 0.482422 0.220703 0.480469 0.220703 0.478516 0.218750 0.476562 0.218750 0.472656 0.214844 0.470703 0.214844 0.468750 0.212891 0.464844 0.212891 0.462891 0.210938 0.462891 0.207031 0.464844 0.205078 0.464844 0.203125 0.466797 0.201172 0.466797 0.197266 0.468750 0.195312 0.468750 0.185547 0.466797 0.185547 0.466797 0.193359 0.464844 0.195312 0.464844 0.197266 0.462891 0.199219 0.462891 0.201172 0.460938 0.203125 0.460938 0.214844 0.466797 0.214844 0.468750 0.216797 0.470703 0.216797 0.472656 0.218750 0.472656 0.220703 0.474609 0.220703 0.476562 0.222656 0.486328 0.222656 0.486328 0.218750 0.492188 0.212891 0.494141 0.212891 0.496094 0.210938 0.498047 0.210938 0.500000 0.208984 0.517578 0.208984 0.519531 0.207031 0.519531 0.205078 0.521484 0.203125 0.523438 0.203125 0.525391 0.201172 0.529297 0.201172 0.529297 0.199219 0.541016 0.187500 0.542969 0.187500 0.542969 0.185547 0.546875 0.181641 0.546875 0.173828 0.544922 0.173828 0.542969 0.171875 0.542969 0.167969 0.544922 0.166016 0.544922 0.164062 0.546875 0.162109 0.546875 0.154297 0.544922 0.152344 0.544922 0.138672 0.542969 0.136719 0.542969 0.132812 0.539062 0.128906 0.539062 0.123047 0.537109 0.121094 0.537109 0.115234 0.535156 0.113281 0.535156 0.111328 0.531250 0.111328 0.529297 0.109375 0.527344 0.109375 0.525391 0.107422 0.525391 0.103516 0.529297 0.099609 0.531250 0.099609 0.533203 0.097656 0.537109 0.097656 0.537109 0.095703 0.546875 0.085938 0.552734 0.085938 0.552734 0.083984
0 0.371094 0.033203 0.367188 0.037109 0.365234 0.037109 0.363281 0.039062 0.363281 0.046875 0.365234 0.048828 0.365234 0.054688 0.363281 0.056641 0.363281 0.062500 0.365234 0.064453 0.363281 0.066406 0.357422 0.066406 0.357422 0.068359 0.355469 0.070312 0.355469 0.085938 0.353516 0.087891 0.353516 0.093750 0.359375 0.093750 0.359375 0.089844 0.363281 0.085938 0.365234 0.085938 0.365234 0.082031 0.369141 0.078125 0.369141 0.076172 0.365234 0.076172 0.365234 0.078125 0.363281 0.080078 0.363281 0.082031 0.359375 0.085938 0.357422 0.083984 0.357422 0.074219 0.359375 0.072266 0.359375 0.070312 0.361328 0.068359 0.365234 0.068359 0.367188 0.066406 0.369141 0.066406 0.369141 0.062500 0.367188 0.060547 0.367188 0.044922 0.365234 0.042969 0.369141 0.039062 0.371094 0.039062 0.371094 0.037109 0.373047 0.035156 0.375000 0.035156 0.375000 0.033203
0 0.570312 0.003906 0.570312 0.005859 0.574219 0.009766 0.574219 0.015625 0.572266 0.017578 0.572266 0.019531 0.568359 0.023438 0.568359 0.037109 0.576172 0.044922 0.580078 0.044922 0.582031 0.046875 0.582031 0.050781 0.585938 0.050781 0.587891 0.052734 0.591797 0.052734 0.593750 0.054688 0.595703 0.054688 0.599609 0.058594 0.599609 0.066406 0.595703 0.070312 0.595703 0.072266 0.593750 0.074219 0.593750 0.076172 0.589844 0.080078 0.587891 0.078125 0.587891 0.076172 0.576172 0.076172 0.576172 0.078125 0.583984 0.078125 0.587891 0.082031 0.591797 0.082031 0.597656 0.076172 0.597656 0.074219 0.601562 0.070312 0.601562 0.054688 0.599609 0.054688 0.597656 0.052734 0.595703 0.052734 0.593750 0.050781 0.591797 0.050781 0.589844 0.048828 0.585938 0.048828 0.583984 0.046875 0.583984 0.044922 0.582031 0.042969 0.578125 0.042969 0.572266 0.037109 0.572266 0.035156 0.570312 0.033203 0.570312 0.025391 0.576172 0.019531 0.576172 0.007812 0.572266 0.003906