0 0.925781 0.792969 0.925781 0.802734 0.929688 0.802734 0.931641 0.804688 0.931641 0.812500 0.941406 0.812500 0.941406 0.802734 0.937500 0.802734 0.935547 0.800781 0.935547 0.792969
0 0.925781 0.775391 0.925781 0.785156 0.935547 0.785156 0.935547 0.775391
0 0.916016 0.750000 0.916016 0.759766 0.925781 0.759766 0.925781 0.750000
0 0.908203 0.716797 0.908203 0.726562 0.917969 0.726562 0.917969 0.716797
0 0.908203 0.693359 0.908203 0.703125 0.917969 0.703125 0.917969 0.693359
0 0.802734 0.623047 0.802734 0.652344 0.812500 0.652344 0.812500 0.623047
0 0.802734 0.605469 0.802734 0.615234 0.812500 0.615234 0.812500 0.605469
0 0.599609 0.599609 0.599609 0.601562 0.597656 0.603516 0.593750 0.603516 0.593750 0.611328 0.591797 0.613281 0.589844 0.613281 0.589844 0.617188 0.587891 0.619141 0.582031 0.619141 0.582031 0.621094 0.580078 0.623047 0.580078 0.625000 0.578125 0.626953 0.576172 0.626953 0.576172 0.634766 0.574219 0.636719 0.572266 0.636719 0.570312 0.638672 0.566406 0.638672 0.566406 0.644531 0.564453 0.646484 0.562500 0.646484 0.562500 0.650391 0.560547 0.652344 0.560547 0.654297 0.558594 0.656250 0.556641 0.656250 0.556641 0.660156 0.554688 0.662109 0.552734 0.662109 0.552734 0.664062 0.550781 0.666016 0.548828 0.666016 0.548828 0.673828 0.546875 0.675781 0.546875 0.724609 0.544922 0.726562 0.542969 0.726562 0.542969 0.744141 0.541016 0.746094 0.539062 0.746094 0.539062 0.748047 0.537109 0.750000 0.537109 0.783203 0.539062 0.785156 0.539062 0.798828 0.541016 0.798828 0.542969 0.800781 0.542969 0.808594 0.544922 0.808594 0.546875 0.810547 0.546875 0.830078 0.544922 0.832031 0.542969 0.832031 0.542969 0.839844 0.541016 0.841797 0.539062 0.841797 0.539062 0.847656 0.537109 0.849609 0.533203 0.849609 0.531250 0.851562 0.529297 0.851562 0.529297 0.861328 0.527344 0.863281 0.527344 0.867188 0.525391 0.869141 0.523438 0.869141 0.523438 0.871094 0.521484 0.873047 0.515625 0.873047 0.515625 0.882812 0.513672 0.884766 0.509766 0.884766 0.509766 0.890625 0.507812 0.892578 0.505859 0.892578 0.505859 0.935547 0.507812 0.935547 0.509766 0.937500 0.509766 0.945312 0.525391 0.945312 0.525391 0.935547 0.521484 0.935547 0.519531 0.933594 0.519531 0.929688 0.517578 0.929688 0.515625 0.927734 0.515625 0.896484 0.517578 0.894531 0.519531 0.894531 0.521484 0.892578 0.525391 0.892578 0.525391 0.884766 0.527344 0.882812 0.529297 0.882812 0.529297 0.880859 0.531250 0.878906 0.533203 0.878906 0.533203 0.875000 0.535156 0.873047 0.537109 0.873047 0.537109 0.863281 0.541016 0.859375 0.542969 0.859375 0.542969 0.853516 0.544922 0.851562 0.548828 0.851562 0.550781 0.849609 0.552734 0.849609 0.552734 0.841797 0.554688 0.839844 0.556641 0.839844 0.556641 0.802734 0.554688 0.802734 0.552734 0.800781 0.552734 0.798828 0.550781 0.798828 0.548828 0.796875 0.548828 0.779297 0.546875 0.777344 0.546875 0.757812 0.548828 0.755859 0.548828 0.751953 0.550781 0.750000 0.552734 0.750000 0.552734 0.734375 0.554688 0.732422 0.556641 0.732422 0.556641 0.677734 0.558594 0.675781 0.558594 0.673828 0.560547 0.671875 0.562500 0.671875 0.562500 0.667969 0.564453 0.666016 0.566406 0.666016 0.566406 0.664062 0.568359 0.662109 0.570312 0.662109 0.570312 0.658203 0.572266 0.656250 0.572266 0.650391 0.574219 0.648438 0.576172 0.648438 0.578125 0.646484 0.582031 0.646484 0.582031 0.638672 0.583984 0.636719 0.585938 0.636719 0.585938 0.634766 0.587891 0.632812 0.589844 0.632812 0.589844 0.630859 0.591797 0.628906 0.591797 0.625000 0.593750 0.623047 0.599609 0.623047 0.599609 0.621094 0.601562 0.619141 0.603516 0.619141 0.603516 0.615234 0.605469 0.613281 0.605469 0.611328 0.607422 0.609375 0.609375 0.609375 0.609375 0.599609
0 0.925781 0.582031 0.925781 0.591797 0.929688 0.591797 0.931641 0.593750 0.931641 0.595703 0.933594 0.595703 0.935547 0.597656 0.935547 0.599609 0.939453 0.599609 0.941406 0.601562 0.941406 0.609375 0.943359 0.609375 0.945312 0.611328 0.945312 0.615234 0.951172 0.615234 0.953125 0.617188 0.953125 0.640625 0.951172 0.642578 0.941406 0.642578 0.941406 0.648438 0.937500 0.652344 0.931641 0.652344 0.931641 0.658203 0.929688 0.660156 0.925781 0.660156 0.925781 0.664062 0.923828 0.666016 0.919922 0.666016 0.919922 0.673828 0.917969 0.675781 0.912109 0.675781 0.912109 0.677734 0.910156 0.679688 0.908203 0.679688 0.908203 0.689453 0.917969 0.689453 0.917969 0.687500 0.919922 0.685547 0.921875 0.685547 0.921875 0.677734 0.923828 0.675781 0.929688 0.675781 0.929688 0.671875 0.931641 0.669922 0.935547 0.669922 0.935547 0.664062 0.937500 0.662109 0.941406 0.662109 0.943359 0.660156 0.949219 0.660156 0.949219 0.654297 0.951172 0.652344 0.951172 0.648438 0.953125 0.646484 0.962891 0.646484 0.962891 0.613281 0.957031 0.613281 0.955078 0.611328 0.955078 0.605469 0.953125 0.605469 0.951172 0.603516 0.951172 0.595703 0.947266 0.595703 0.945312 0.593750 0.945312 0.589844 0.943359 0.589844 0.941406 0.587891 0.941406 0.585938 0.937500 0.585938 0.935547 0.583984 0.935547 0.582031
0 0.808594 0.582031 0.808594 0.591797 0.818359 0.591797 0.818359 0.582031
0 0.808594 0.562500 0.808594 0.572266 0.818359 0.572266 0.818359 0.562500
0 0.808594 0.542969 0.808594 0.552734 0.818359 0.552734 0.818359 0.542969
0 0.808594 0.509766 0.808594 0.519531 0.818359 0.519531 0.818359 0.509766
0 0.798828 0.490234 0.798828 0.500000 0.808594 0.500000 0.808594 0.490234
0 0.779297 0.419922 0.779297 0.429688 0.781250 0.429688 0.783203 0.431641 0.783203 0.433594 0.785156 0.435547 0.785156 0.458984 0.787109 0.458984 0.789062 0.460938 0.789062 0.466797 0.791016 0.466797 0.792969 0.468750 0.792969 0.472656 0.794922 0.472656 0.796875 0.474609 0.796875 0.480469 0.806641 0.480469 0.806641 0.470703 0.804688 0.470703 0.802734 0.468750 0.802734 0.462891 0.800781 0.462891 0.798828 0.460938 0.798828 0.457031 0.796875 0.457031 0.794922 0.455078 0.794922 0.423828 0.791016 0.423828 0.789062 0.421875 0.789062 0.419922
0 0.619141 0.414062 0.619141 0.423828 0.621094 0.423828 0.623047 0.425781 0.625000 0.425781 0.626953 0.427734 0.626953 0.435547 0.630859 0.435547 0.632812 0.437500 0.632812 0.443359 0.634766 0.443359 0.636719 0.445312 0.636719 0.453125 0.638672 0.455078 0.638672 0.457031 0.640625 0.457031 0.642578 0.458984 0.642578 0.462891 0.652344 0.462891 0.652344 0.453125 0.650391 0.453125 0.648438 0.451172 0.648438 0.447266 0.646484 0.445312 0.646484 0.437500 0.644531 0.437500 0.642578 0.435547 0.642578 0.433594 0.638672 0.433594 0.636719 0.431641 0.636719 0.423828 0.634766 0.423828 0.632812 0.421875 0.632812 0.416016 0.630859 0.416016 0.628906 0.414062
0 0.822266 0.216797 0.822266 0.218750 0.820312 0.220703 0.818359 0.220703 0.818359 0.222656 0.816406 0.224609 0.812500 0.224609 0.812500 0.228516 0.810547 0.230469 0.808594 0.230469 0.808594 0.238281 0.806641 0.240234 0.806641 0.253906 0.808594 0.255859 0.810547 0.255859 0.812500 0.257812 0.812500 0.267578 0.814453 0.267578 0.816406 0.269531 0.820312 0.269531 0.822266 0.271484 0.822266 0.273438 0.830078 0.273438 0.832031 0.275391 0.832031 0.277344 0.839844 0.277344 0.841797 0.279297 0.847656 0.279297 0.849609 0.281250 0.849609 0.287109 0.853516 0.287109 0.855469 0.289062 0.855469 0.292969 0.861328 0.292969 0.863281 0.294922 0.863281 0.335938 0.873047 0.335938 0.873047 0.287109 0.867188 0.287109 0.865234 0.285156 0.865234 0.283203 0.861328 0.283203 0.859375 0.281250 0.859375 0.277344 0.853516 0.277344 0.851562 0.275391 0.851562 0.269531 0.843750 0.269531 0.841797 0.267578 0.837891 0.267578 0.835938 0.265625 0.835938 0.263672 0.828125 0.263672 0.826172 0.261719 0.826172 0.259766 0.824219 0.259766 0.822266 0.257812 0.820312 0.257812 0.818359 0.255859 0.818359 0.246094 0.816406 0.244141 0.816406 0.242188 0.818359 0.240234 0.818359 0.236328 0.820312 0.234375 0.822266 0.234375 0.822266 0.232422 0.824219 0.230469 0.828125 0.230469 0.828125 0.228516 0.830078 0.226562 0.857422 0.226562 0.859375 0.228516 0.859375 0.230469 0.873047 0.230469 0.873047 0.220703 0.863281 0.220703 0.861328 0.218750 0.861328 0.216797
0 0.560547 0.212891 0.560547 0.250000 0.562500 0.251953 0.562500 0.267578 0.568359 0.267578 0.572266 0.271484 0.572266 0.277344 0.578125 0.277344 0.582031 0.281250 0.582031 0.287109 0.583984 0.287109 0.585938 0.289062 0.599609 0.289062 0.599609 0.279297 0.593750 0.279297 0.589844 0.275391 0.589844 0.269531 0.583984 0.269531 0.580078 0.265625 0.580078 0.259766 0.574219 0.259766 0.572266 0.257812 0.572266 0.250000 0.570312 0.248047 0.570312 0.212891
0 0.414062 0.037109 0.414062 0.042969 0.412109 0.044922 0.406250 0.044922 0.404297 0.046875 0.404297 0.052734 0.402344 0.054688 0.396484 0.054688 0.396484 0.058594 0.394531 0.060547 0.390625 0.060547 0.390625 0.068359 0.388672 0.070312 0.382812 0.070312 0.382812 0.072266 0.380859 0.074219 0.376953 0.074219 0.376953 0.078125 0.375000 0.080078 0.373047 0.080078 0.373047 0.085938 0.371094 0.087891 0.363281 0.087891 0.363281 0.095703 0.361328 0.097656 0.357422 0.097656 0.357422 0.099609 0.355469 0.101562 0.353516 0.101562 0.353516 0.109375 0.351562 0.111328 0.347656 0.111328 0.345703 0.113281 0.339844 0.113281 0.339844 0.119141 0.337891 0.121094 0.333984 0.121094 0.333984 0.125000 0.332031 0.126953 0.326172 0.126953 0.326172 0.128906 0.324219 0.130859 0.324219 0.132812 0.322266 0.134766 0.320312 0.134766 0.318359 0.136719 0.314453 0.136719 0.314453 0.142578 0.312500 0.144531 0.310547 0.144531 0.310547 0.148438 0.308594 0.150391 0.302734 0.150391 0.302734 0.152344 0.300781 0.154297 0.300781 0.187500 0.302734 0.189453 0.304688 0.189453 0.306641 0.191406 0.306641 0.193359 0.312500 0.193359 0.314453 0.195312 0.314453 0.197266 0.316406 0.199219 0.316406 0.203125 0.318359 0.203125 0.320312 0.205078 0.320312 0.210938 0.324219 0.210938 0.326172 0.212891 0.326172 0.216797 0.328125 0.216797 0.330078 0.218750 0.330078 0.220703 0.332031 0.220703 0.333984 0.222656 0.333984 0.226562 0.337891 0.226562 0.339844 0.228516 0.339844 0.234375 0.341797 0.234375 0.343750 0.236328 0.345703 0.236328 0.347656 0.238281 0.347656 0.240234 0.349609 0.242188 0.349609 0.246094 0.351562 0.246094 0.353516 0.248047 0.353516 0.250000 0.355469 0.250000 0.357422 0.251953 0.357422 0.255859 0.359375 0.257812 0.359375 0.267578 0.361328 0.267578 0.363281 0.269531 0.363281 0.324219 0.365234 0.324219 0.367188 0.326172 0.367188 0.335938 0.369141 0.337891 0.369141 0.339844 0.371094 0.339844 0.373047 0.341797 0.373047 0.343750 0.375000 0.343750 0.376953 0.345703 0.376953 0.349609 0.378906 0.349609 0.380859 0.351562 0.380859 0.353516 0.414062 0.353516 0.414062 0.347656 0.416016 0.345703 0.423828 0.345703 0.425781 0.343750 0.429688 0.343750 0.429688 0.337891 0.431641 0.335938 0.435547 0.335938 0.437500 0.333984 0.439453 0.333984 0.439453 0.332031 0.441406 0.330078 0.474609 0.330078 0.476562 0.332031 0.476562 0.333984 0.484375 0.333984 0.486328 0.335938 0.498047 0.335938 0.500000 0.337891 0.500000 0.339844 0.503906 0.339844 0.505859 0.341797 0.505859 0.343750 0.535156 0.343750 0.537109 0.345703 0.544922 0.345703 0.546875 0.347656 0.546875 0.349609 0.554688 0.349609 0.556641 0.351562 0.556641 0.353516 0.568359 0.353516 0.570312 0.355469 0.570312 0.359375 0.572266 0.361328 0.572266 0.363281 0.578125 0.363281 0.580078 0.365234 0.580078 0.369141 0.583984 0.369141 0.585938 0.371094 0.585938 0.376953 0.593750 0.376953 0.595703 0.378906 0.595703 0.382812 0.597656 0.382812 0.599609 0.384766 0.599609 0.390625 0.601562 0.390625 0.605469 0.394531 0.605469 0.400391 0.607422 0.400391 0.609375 0.402344 0.609375 0.406250 0.611328 0.406250 0.613281 0.408203 0.613281 0.410156 0.623047 0.410156 0.623047 0.400391 0.621094 0.400391 0.619141 0.398438 0.619141 0.396484 0.617188 0.396484 0.615234 0.394531 0.615234 0.390625 0.613281 0.388672 0.613281 0.382812 0.611328 0.382812 0.609375 0.380859 0.607422 0.380859 0.605469 0.378906 0.605469 0.373047 0.597656 0.373047 0.595703 0.371094 0.595703 0.367188 0.593750 0.367188 0.591797 0.365234 0.591797 0.359375 0.583984 0.359375 0.582031 0.357422 0.582031 0.353516 0.580078 0.351562 0.580078 0.349609 0.574219 0.349609 0.572266 0.347656 0.572266 0.343750 0.564453 0.343750 0.562500 0.341797 0.562500 0.339844 0.550781 0.339844 0.548828 0.337891 0.548828 0.335938 0.541016 0.335938 0.539062 0.333984 0.511719 0.333984 0.509766 0.332031 0.509766 0.330078 0.505859 0.330078 0.503906 0.328125 0.503906 0.326172 0.488281 0.326172 0.486328 0.324219 0.478516 0.324219 0.476562 0.322266 0.476562 0.320312 0.437500 0.320312 0.437500 0.322266 0.435547 0.324219 0.429688 0.324219 0.427734 0.326172 0.425781 0.326172 0.425781 0.332031 0.423828 0.333984 0.419922 0.333984 0.417969 0.335938 0.414062 0.335938 0.414062 0.341797 0.412109 0.343750 0.388672 0.343750 0.386719 0.341797 0.386719 0.339844 0.384766 0.339844 0.382812 0.337891 0.382812 0.333984 0.380859 0.333984 0.378906 0.332031 0.378906 0.330078 0.376953 0.328125 0.376953 0.320312 0.375000 0.320312 0.373047 0.318359 0.373047 0.263672 0.371094 0.263672 0.369141 0.261719 0.369141 0.250000 0.367188 0.248047 0.367188 0.246094 0.365234 0.246094 0.363281 0.244141 0.363281 0.240234 0.361328 0.240234 0.359375 0.238281 0.359375 0.234375 0.357422 0.232422 0.357422 0.230469 0.355469 0.230469 0.353516 0.228516 0.353516 0.226562 0.351562 0.226562 0.349609 0.224609 0.349609 0.220703 0.345703 0.220703 0.343750 0.218750 0.343750 0.216797 0.341797 0.216797 0.339844 0.214844 0.339844 0.210938 0.337891 0.210938 0.335938 0.208984 0.335938 0.207031 0.332031 0.207031 0.330078 0.205078 0.330078 0.201172 0.328125 0.201172 0.326172 0.199219 0.326172 0.193359 0.324219 0.191406 0.324219 0.187500 0.318359 0.187500 0.316406 0.185547 0.316406 0.183594 0.314453 0.183594 0.312500 0.181641 0.312500 0.179688 0.310547 0.177734 0.310547 0.162109 0.312500 0.160156 0.312500 0.156250 0.314453 0.154297 0.320312 0.154297 0.320312 0.148438 0.322266 0.146484 0.324219 0.146484 0.326172 0.144531 0.330078 0.144531 0.330078 0.142578 0.332031 0.140625 0.333984 0.140625 0.333984 0.138672 0.335938 0.136719 0.335938 0.132812 0.337891 0.130859 0.343750 0.130859 0.343750 0.125000 0.345703 0.123047 0.349609 0.123047 0.351562 0.121094 0.357422 0.121094 0.357422 0.113281 0.359375 0.111328 0.363281 0.111328 0.363281 0.109375 0.365234 0.107422 0.367188 0.107422 0.367188 0.101562 0.369141 0.099609 0.373047 0.099609 0.373047 0.091797 0.375000 0.089844 0.382812 0.089844 0.382812 0.085938 0.384766 0.083984 0.386719 0.083984 0.386719 0.082031 0.388672 0.080078 0.392578 0.080078 0.392578 0.072266 0.394531 0.070312 0.400391 0.070312 0.400391 0.066406 0.402344 0.064453 0.406250 0.064453 0.406250 0.062500 0.408203 0.060547 0.414062 0.060547 0.414062 0.056641 0.416016 0.054688 0.416016 0.052734 0.417969 0.050781 0.423828 0.050781 0.423828 0.048828 0.425781 0.046875 0.425781 0.037109