0 0.078125 0.833984 0.078125 0.837891 0.080078 0.837891 0.082031 0.839844 0.082031 0.841797 0.089844 0.841797 0.089844 0.837891 0.083984 0.837891 0.082031 0.835938 0.082031 0.833984
0 0.093750 0.832031 0.093750 0.835938 0.097656 0.835938 0.097656 0.832031
0 0.111328 0.828125 0.111328 0.832031 0.115234 0.832031 0.115234 0.828125
0 0.207031 0.826172 0.207031 0.828125 0.205078 0.830078 0.203125 0.830078 0.199219 0.833984 0.195312 0.833984 0.193359 0.832031 0.189453 0.832031 0.187500 0.830078 0.183594 0.830078 0.183594 0.833984 0.187500 0.833984 0.189453 0.835938 0.191406 0.835938 0.193359 0.837891 0.203125 0.837891 0.207031 0.833984 0.207031 0.832031 0.208984 0.830078 0.210938 0.830078 0.210938 0.826172
0 0.166016 0.824219 0.166016 0.828125 0.169922 0.828125 0.169922 0.824219
0 0.125000 0.824219 0.125000 0.828125 0.128906 0.828125 0.128906 0.824219
0 0.208984 0.816406 0.208984 0.820312 0.212891 0.820312 0.212891 0.816406
0 0.208984 0.808594 0.208984 0.812500 0.212891 0.812500 0.212891 0.808594
0 0.208984 0.796875 0.208984 0.800781 0.212891 0.800781 0.212891 0.796875
0 0.111328 0.785156 0.111328 0.792969 0.109375 0.794922 0.107422 0.794922 0.107422 0.802734 0.115234 0.802734 0.115234 0.794922 0.117188 0.792969 0.119141 0.792969 0.119141 0.785156
0 0.099609 0.761719 0.099609 0.765625 0.097656 0.767578 0.097656 0.787109 0.095703 0.789062 0.093750 0.789062 0.093750 0.791016 0.091797 0.792969 0.089844 0.792969 0.089844 0.796875 0.087891 0.798828 0.085938 0.798828 0.085938 0.800781 0.083984 0.802734 0.083984 0.806641 0.082031 0.808594 0.082031 0.812500 0.080078 0.814453 0.080078 0.818359 0.078125 0.820312 0.078125 0.826172 0.083984 0.826172 0.083984 0.824219 0.087891 0.820312 0.091797 0.820312 0.093750 0.818359 0.097656 0.818359 0.099609 0.816406 0.101562 0.816406 0.103516 0.818359 0.103516 0.824219 0.111328 0.824219 0.111328 0.818359 0.113281 0.816406 0.117188 0.816406 0.117188 0.812500 0.115234 0.810547 0.115234 0.808594 0.113281 0.808594 0.111328 0.806641 0.107422 0.806641 0.105469 0.808594 0.103516 0.808594 0.103516 0.810547 0.101562 0.812500 0.097656 0.812500 0.095703 0.814453 0.093750 0.814453 0.091797 0.816406 0.087891 0.816406 0.085938 0.814453 0.085938 0.810547 0.087891 0.808594 0.087891 0.804688 0.089844 0.802734 0.089844 0.798828 0.091797 0.796875 0.093750 0.796875 0.093750 0.794922 0.095703 0.792969 0.099609 0.792969 0.099609 0.791016 0.101562 0.789062 0.101562 0.771484 0.103516 0.769531 0.103516 0.761719
0 0.187500 0.753906 0.187500 0.757812 0.189453 0.757812 0.191406 0.759766 0.191406 0.761719 0.193359 0.761719 0.195312 0.763672 0.195312 0.765625 0.201172 0.765625 0.203125 0.767578 0.203125 0.771484 0.205078 0.771484 0.208984 0.775391 0.208984 0.779297 0.210938 0.781250 0.210938 0.791016 0.214844 0.791016 0.214844 0.775391 0.210938 0.771484 0.210938 0.769531 0.208984 0.769531 0.207031 0.767578 0.205078 0.767578 0.203125 0.765625 0.203125 0.761719 0.197266 0.761719 0.195312 0.759766 0.195312 0.757812 0.193359 0.757812 0.191406 0.755859 0.191406 0.753906
0 0.160156 0.751953 0.160156 0.755859 0.164062 0.755859 0.164062 0.751953
0 0.105469 0.751953 0.105469 0.755859 0.109375 0.755859 0.109375 0.751953
0 0.179688 0.750000 0.179688 0.753906 0.177734 0.755859 0.171875 0.755859 0.169922 0.757812 0.167969 0.757812 0.167969 0.759766 0.166016 0.761719 0.166016 0.763672 0.164062 0.765625 0.164062 0.781250 0.162109 0.783203 0.162109 0.791016 0.169922 0.791016 0.169922 0.783203 0.171875 0.781250 0.171875 0.773438 0.173828 0.771484 0.173828 0.767578 0.175781 0.765625 0.177734 0.767578 0.177734 0.771484 0.179688 0.773438 0.179688 0.781250 0.181641 0.781250 0.183594 0.783203 0.183594 0.791016 0.181641 0.792969 0.181641 0.796875 0.183594 0.796875 0.185547 0.798828 0.185547 0.800781 0.183594 0.802734 0.181641 0.802734 0.181641 0.810547 0.179688 0.812500 0.179688 0.814453 0.177734 0.816406 0.166016 0.816406 0.164062 0.814453 0.164062 0.804688 0.166016 0.802734 0.167969 0.802734 0.167969 0.794922 0.160156 0.794922 0.160156 0.800781 0.158203 0.802734 0.156250 0.802734 0.156250 0.806641 0.154297 0.808594 0.152344 0.806641 0.150391 0.806641 0.148438 0.804688 0.148438 0.796875 0.146484 0.796875 0.144531 0.794922 0.144531 0.789062 0.142578 0.787109 0.142578 0.781250 0.140625 0.779297 0.140625 0.771484 0.138672 0.771484 0.136719 0.769531 0.136719 0.761719 0.134766 0.759766 0.134766 0.755859 0.126953 0.755859 0.125000 0.757812 0.123047 0.757812 0.121094 0.759766 0.121094 0.763672 0.119141 0.765625 0.119141 0.771484 0.117188 0.773438 0.115234 0.773438 0.115234 0.781250 0.123047 0.781250 0.123047 0.775391 0.125000 0.773438 0.126953 0.773438 0.126953 0.771484 0.128906 0.769531 0.130859 0.769531 0.132812 0.771484 0.132812 0.779297 0.134766 0.781250 0.134766 0.789062 0.136719 0.791016 0.136719 0.796875 0.138672 0.796875 0.140625 0.798828 0.140625 0.804688 0.142578 0.804688 0.144531 0.806641 0.144531 0.816406 0.142578 0.818359 0.140625 0.818359 0.138672 0.816406 0.121094 0.816406 0.121094 0.820312 0.136719 0.820312 0.138672 0.822266 0.142578 0.822266 0.144531 0.820312 0.148438 0.820312 0.148438 0.818359 0.150391 0.816406 0.154297 0.816406 0.156250 0.818359 0.156250 0.824219 0.160156 0.824219 0.160156 0.818359 0.162109 0.816406 0.164062 0.816406 0.166016 0.818359 0.166016 0.820312 0.183594 0.820312 0.183594 0.814453 0.187500 0.810547 0.195312 0.810547 0.195312 0.798828 0.193359 0.796875 0.193359 0.794922 0.195312 0.792969 0.195312 0.785156 0.193359 0.785156 0.191406 0.783203 0.189453 0.783203 0.187500 0.781250 0.187500 0.773438 0.185547 0.771484 0.185547 0.763672 0.183594 0.763672 0.181641 0.761719 0.181641 0.757812 0.179688 0.755859 0.181641 0.753906 0.183594 0.753906 0.183594 0.750000
0 0.171875 0.748047 0.171875 0.751953 0.175781 0.751953 0.175781 0.748047
0 0.146484 0.748047 0.146484 0.751953 0.150391 0.751953 0.152344 0.753906 0.156250 0.753906 0.156250 0.750000 0.152344 0.750000 0.150391 0.748047
0 0.109375 0.742188 0.109375 0.746094 0.113281 0.746094 0.113281 0.742188
0 0.138672 0.730469 0.138672 0.734375 0.142578 0.738281 0.150391 0.738281 0.152344 0.740234 0.152344 0.742188 0.156250 0.746094 0.158203 0.746094 0.160156 0.748047 0.167969 0.748047 0.167969 0.744141 0.162109 0.744141 0.156250 0.738281 0.156250 0.736328 0.154297 0.736328 0.152344 0.734375 0.146484 0.734375 0.142578 0.730469
0 0.117188 0.726562 0.117188 0.728516 0.115234 0.730469 0.115234 0.734375 0.119141 0.734375 0.121094 0.732422 0.123047 0.734375 0.123047 0.736328 0.125000 0.738281 0.126953 0.738281 0.128906 0.740234 0.128906 0.744141 0.130859 0.744141 0.132812 0.746094 0.136719 0.746094 0.138672 0.748047 0.142578 0.748047 0.142578 0.744141 0.138672 0.744141 0.136719 0.742188 0.134766 0.742188 0.132812 0.740234 0.130859 0.740234 0.128906 0.738281 0.128906 0.734375 0.126953 0.732422 0.125000 0.732422 0.123047 0.730469 0.123047 0.728516 0.121094 0.726562
0 0.572266 0.703125 0.570312 0.705078 0.568359 0.705078 0.566406 0.707031 0.562500 0.707031 0.562500 0.710938 0.570312 0.710938 0.572266 0.708984 0.576172 0.708984 0.578125 0.707031 0.593750 0.707031 0.597656 0.710938 0.599609 0.710938 0.603516 0.714844 0.603516 0.718750 0.605469 0.720703 0.605469 0.724609 0.611328 0.730469 0.611328 0.732422 0.613281 0.732422 0.615234 0.734375 0.617188 0.734375 0.621094 0.738281 0.623047 0.738281 0.626953 0.742188 0.626953 0.744141 0.628906 0.746094 0.632812 0.746094 0.634766 0.748047 0.634766 0.753906 0.636719 0.753906 0.640625 0.757812 0.640625 0.759766 0.642578 0.761719 0.644531 0.761719 0.646484 0.763672 0.646484 0.765625 0.648438 0.767578 0.650391 0.767578 0.654297 0.771484 0.654297 0.777344 0.656250 0.779297 0.656250 0.785156 0.658203 0.787109 0.658203 0.791016 0.662109 0.791016 0.664062 0.792969 0.667969 0.792969 0.671875 0.796875 0.671875 0.798828 0.675781 0.798828 0.679688 0.802734 0.681641 0.802734 0.685547 0.806641 0.685547 0.808594 0.683594 0.810547 0.683594 0.812500 0.681641 0.814453 0.679688 0.814453 0.679688 0.816406 0.675781 0.820312 0.671875 0.816406 0.669922 0.816406 0.667969 0.814453 0.667969 0.800781 0.664062 0.800781 0.664062 0.818359 0.666016 0.820312 0.667969 0.820312 0.669922 0.822266 0.669922 0.824219 0.677734 0.824219 0.679688 0.822266 0.681641 0.822266 0.681641 0.820312 0.683594 0.818359 0.683594 0.816406 0.685547 0.814453 0.687500 0.814453 0.687500 0.812500 0.689453 0.810547 0.693359 0.810547 0.695312 0.808594 0.720703 0.808594 0.720703 0.806641 0.722656 0.804688 0.724609 0.804688 0.724609 0.800781 0.718750 0.800781 0.714844 0.804688 0.703125 0.804688 0.701172 0.802734 0.701172 0.800781 0.703125 0.798828 0.708984 0.798828 0.708984 0.796875 0.710938 0.794922 0.712891 0.794922 0.712891 0.783203 0.710938 0.781250 0.710938 0.765625 0.712891 0.763672 0.712891 0.759766 0.714844 0.757812 0.714844 0.755859 0.718750 0.751953 0.718750 0.748047 0.720703 0.746094 0.720703 0.738281 0.712891 0.738281 0.712891 0.740234 0.710938 0.742188 0.707031 0.742188 0.707031 0.744141 0.705078 0.746094 0.701172 0.746094 0.701172 0.750000 0.699219 0.751953 0.699219 0.765625 0.701172 0.767578 0.701172 0.773438 0.703125 0.775391 0.703125 0.787109 0.699219 0.791016 0.699219 0.794922 0.697266 0.796875 0.691406 0.796875 0.689453 0.794922 0.687500 0.794922 0.685547 0.792969 0.683594 0.792969 0.681641 0.791016 0.679688 0.791016 0.677734 0.789062 0.677734 0.787109 0.675781 0.785156 0.673828 0.785156 0.669922 0.781250 0.667969 0.781250 0.666016 0.779297 0.666016 0.775391 0.664062 0.773438 0.664062 0.769531 0.662109 0.767578 0.662109 0.761719 0.660156 0.759766 0.660156 0.753906 0.656250 0.750000 0.656250 0.744141 0.652344 0.744141 0.650391 0.742188 0.650391 0.734375 0.648438 0.732422 0.648438 0.730469 0.644531 0.730469 0.642578 0.728516 0.642578 0.726562 0.640625 0.724609 0.640625 0.722656 0.636719 0.722656 0.634766 0.720703 0.634766 0.718750 0.626953 0.718750 0.625000 0.716797 0.625000 0.712891 0.617188 0.712891 0.615234 0.710938 0.615234 0.708984 0.613281 0.708984 0.611328 0.707031 0.601562 0.707031 0.597656 0.703125
0 0.736328 0.699219 0.736328 0.707031 0.738281 0.707031 0.740234 0.708984 0.740234 0.710938 0.742188 0.710938 0.744141 0.712891 0.744141 0.716797 0.746094 0.718750 0.746094 0.720703 0.744141 0.722656 0.744141 0.767578 0.746094 0.769531 0.746094 0.783203 0.744141 0.785156 0.744141 0.792969 0.742188 0.794922 0.742188 0.796875 0.740234 0.798828 0.740234 0.802734 0.738281 0.804688 0.736328 0.804688 0.736328 0.810547 0.734375 0.812500 0.732422 0.812500 0.732422 0.814453 0.730469 0.816406 0.730469 0.818359 0.726562 0.822266 0.724609 0.822266 0.724609 0.826172 0.722656 0.828125 0.720703 0.828125 0.720703 0.830078 0.718750 0.832031 0.718750 0.833984 0.716797 0.835938 0.716797 0.837891 0.714844 0.839844 0.714844 0.841797 0.710938 0.845703 0.685547 0.845703 0.683594 0.847656 0.681641 0.847656 0.679688 0.845703 0.673828 0.845703 0.669922 0.841797 0.667969 0.841797 0.666016 0.839844 0.664062 0.839844 0.662109 0.837891 0.662109 0.835938 0.660156 0.833984 0.660156 0.832031 0.656250 0.828125 0.654297 0.828125 0.650391 0.824219 0.648438 0.824219 0.644531 0.820312 0.634766 0.820312 0.634766 0.822266 0.632812 0.824219 0.632812 0.826172 0.628906 0.830078 0.628906 0.835938 0.626953 0.837891 0.625000 0.837891 0.625000 0.839844 0.623047 0.841797 0.619141 0.841797 0.613281 0.835938 0.611328 0.835938 0.609375 0.833984 0.609375 0.830078 0.613281 0.826172 0.613281 0.824219 0.615234 0.822266 0.617188 0.822266 0.619141 0.820312 0.619141 0.818359 0.621094 0.816406 0.621094 0.814453 0.623047 0.812500 0.623047 0.800781 0.625000 0.798828 0.625000 0.794922 0.628906 0.791016 0.628906 0.763672 0.619141 0.763672 0.619141 0.771484 0.621094 0.773438 0.621094 0.783203 0.619141 0.785156 0.619141 0.787109 0.617188 0.789062 0.617188 0.791016 0.615234 0.792969 0.615234 0.804688 0.613281 0.806641 0.613281 0.810547 0.609375 0.814453 0.609375 0.816406 0.607422 0.818359 0.605469 0.818359 0.603516 0.820312 0.603516 0.822266 0.601562 0.824219 0.601562 0.826172 0.599609 0.828125 0.597656 0.828125 0.597656 0.839844 0.603516 0.839844 0.605469 0.841797 0.605469 0.843750 0.611328 0.849609 0.613281 0.849609 0.615234 0.851562 0.626953 0.851562 0.630859 0.847656 0.632812 0.847656 0.632812 0.845703 0.634766 0.843750 0.636719 0.843750 0.636719 0.837891 0.638672 0.835938 0.638672 0.833984 0.640625 0.832031 0.642578 0.832031 0.646484 0.835938 0.648438 0.835938 0.654297 0.841797 0.654297 0.845703 0.656250 0.845703 0.658203 0.847656 0.658203 0.851562 0.664062 0.851562 0.666016 0.853516 0.671875 0.853516 0.673828 0.855469 0.691406 0.855469 0.693359 0.853516 0.718750 0.853516 0.722656 0.849609 0.722656 0.847656 0.726562 0.843750 0.726562 0.839844 0.728516 0.837891 0.728516 0.833984 0.730469 0.832031 0.732422 0.832031 0.732422 0.830078 0.734375 0.828125 0.736328 0.828125 0.736328 0.826172 0.738281 0.824219 0.738281 0.822266 0.740234 0.820312 0.740234 0.818359 0.742188 0.816406 0.744141 0.816406 0.744141 0.810547 0.746094 0.808594 0.748047 0.808594 0.748047 0.806641 0.750000 0.804688 0.750000 0.802734 0.751953 0.800781 0.751953 0.792969 0.753906 0.791016 0.753906 0.763672 0.751953 0.761719 0.751953 0.728516 0.753906 0.726562 0.753906 0.710938 0.751953 0.708984 0.751953 0.705078 0.750000 0.705078 0.748047 0.703125 0.748047 0.701172 0.746094 0.699219
0 0.089844 0.666016 0.089844 0.667969 0.085938 0.671875 0.082031 0.671875 0.082031 0.673828 0.078125 0.677734 0.074219 0.677734 0.074219 0.679688 0.072266 0.681641 0.070312 0.681641 0.070312 0.683594 0.066406 0.687500 0.066406 0.689453 0.064453 0.691406 0.060547 0.691406 0.060547 0.695312 0.056641 0.699219 0.056641 0.703125 0.062500 0.703125 0.062500 0.697266 0.064453 0.695312 0.068359 0.695312 0.068359 0.693359 0.072266 0.689453 0.072266 0.687500 0.074219 0.685547 0.076172 0.685547 0.076172 0.683594 0.080078 0.679688 0.083984 0.679688 0.083984 0.677734 0.087891 0.673828 0.091797 0.673828 0.091797 0.671875 0.093750 0.669922 0.093750 0.666016
0 0.097656 0.664062 0.097656 0.667969 0.101562 0.667969 0.101562 0.664062
0 0.121094 0.656250 0.119141 0.658203 0.115234 0.658203 0.113281 0.660156 0.111328 0.660156 0.109375 0.662109 0.105469 0.662109 0.105469 0.666016 0.109375 0.666016 0.111328 0.664062 0.115234 0.664062 0.117188 0.662109 0.119141 0.662109 0.121094 0.660156 0.138672 0.660156 0.142578 0.664062 0.146484 0.664062 0.148438 0.666016 0.154297 0.666016 0.158203 0.669922 0.160156 0.669922 0.162109 0.671875 0.164062 0.671875 0.166016 0.673828 0.166016 0.675781 0.167969 0.675781 0.169922 0.677734 0.169922 0.679688 0.177734 0.687500 0.177734 0.695312 0.179688 0.697266 0.179688 0.701172 0.181641 0.703125 0.181641 0.707031 0.183594 0.707031 0.185547 0.708984 0.185547 0.710938 0.187500 0.712891 0.187500 0.714844 0.189453 0.714844 0.193359 0.718750 0.197266 0.718750 0.199219 0.720703 0.197266 0.722656 0.197266 0.730469 0.199219 0.730469 0.201172 0.732422 0.201172 0.736328 0.203125 0.736328 0.205078 0.738281 0.205078 0.740234 0.207031 0.740234 0.210938 0.744141 0.210938 0.746094 0.212891 0.746094 0.218750 0.751953 0.220703 0.751953 0.222656 0.753906 0.222656 0.757812 0.224609 0.757812 0.226562 0.759766 0.226562 0.761719 0.230469 0.761719 0.232422 0.763672 0.232422 0.765625 0.234375 0.767578 0.234375 0.769531 0.238281 0.773438 0.238281 0.775391 0.240234 0.775391 0.242188 0.777344 0.242188 0.791016 0.240234 0.792969 0.240234 0.796875 0.238281 0.798828 0.238281 0.800781 0.236328 0.802734 0.234375 0.802734 0.234375 0.804688 0.232422 0.806641 0.230469 0.806641 0.230469 0.808594 0.228516 0.810547 0.228516 0.812500 0.226562 0.814453 0.224609 0.814453 0.224609 0.816406 0.222656 0.818359 0.222656 0.853516 0.220703 0.855469 0.220703 0.857422 0.218750 0.859375 0.214844 0.859375 0.212891 0.861328 0.210938 0.861328 0.210938 0.863281 0.207031 0.867188 0.205078 0.867188 0.201172 0.871094 0.199219 0.871094 0.191406 0.878906 0.189453 0.878906 0.187500 0.880859 0.185547 0.880859 0.185547 0.882812 0.183594 0.884766 0.177734 0.884766 0.177734 0.886719 0.175781 0.888672 0.162109 0.888672 0.160156 0.886719 0.142578 0.886719 0.140625 0.884766 0.134766 0.884766 0.132812 0.882812 0.128906 0.882812 0.126953 0.880859 0.126953 0.878906 0.125000 0.878906 0.123047 0.876953 0.119141 0.876953 0.117188 0.875000 0.113281 0.875000 0.111328 0.873047 0.109375 0.873047 0.107422 0.871094 0.087891 0.871094 0.085938 0.873047 0.083984 0.873047 0.083984 0.875000 0.080078 0.878906 0.076172 0.878906 0.074219 0.876953 0.070312 0.876953 0.068359 0.875000 0.068359 0.871094 0.066406 0.871094 0.064453 0.869141 0.064453 0.867188 0.062500 0.865234 0.060547 0.865234 0.056641 0.861328 0.056641 0.859375 0.054688 0.859375 0.052734 0.857422 0.052734 0.855469 0.048828 0.851562 0.048828 0.847656 0.044922 0.847656 0.044922 0.853516 0.046875 0.855469 0.046875 0.857422 0.048828 0.859375 0.050781 0.859375 0.052734 0.861328 0.052734 0.863281 0.054688 0.865234 0.054688 0.867188 0.056641 0.867188 0.060547 0.871094 0.060547 0.873047 0.062500 0.873047 0.064453 0.875000 0.064453 0.878906 0.066406 0.878906 0.070312 0.882812 0.072266 0.882812 0.074219 0.884766 0.074219 0.892578 0.082031 0.892578 0.083984 0.890625 0.085938 0.890625 0.085938 0.886719 0.087891 0.884766 0.089844 0.884766 0.091797 0.882812 0.091797 0.880859 0.093750 0.878906 0.101562 0.878906 0.105469 0.882812 0.109375 0.882812 0.111328 0.884766 0.113281 0.884766 0.115234 0.886719 0.115234 0.888672 0.121094 0.888672 0.123047 0.890625 0.126953 0.890625 0.128906 0.892578 0.132812 0.892578 0.134766 0.894531 0.152344 0.894531 0.154297 0.896484 0.185547 0.896484 0.185547 0.894531 0.187500 0.892578 0.195312 0.892578 0.199219 0.888672 0.205078 0.888672 0.208984 0.884766 0.210938 0.884766 0.214844 0.880859 0.216797 0.880859 0.218750 0.878906 0.218750 0.876953 0.222656 0.873047 0.224609 0.873047 0.224609 0.871094 0.226562 0.869141 0.226562 0.867188 0.230469 0.863281 0.232422 0.863281 0.232422 0.861328 0.234375 0.859375 0.236328 0.859375 0.236328 0.857422 0.238281 0.855469 0.240234 0.855469 0.240234 0.849609 0.238281 0.849609 0.236328 0.847656 0.236328 0.845703 0.232422 0.841797 0.232422 0.839844 0.230469 0.837891 0.230469 0.832031 0.232422 0.830078 0.232422 0.828125 0.234375 0.826172 0.234375 0.820312 0.236328 0.818359 0.236328 0.816406 0.238281 0.814453 0.238281 0.812500 0.240234 0.810547 0.244141 0.810547 0.244141 0.808594 0.250000 0.802734 0.250000 0.798828 0.251953 0.796875 0.251953 0.777344 0.250000 0.775391 0.250000 0.771484 0.248047 0.771484 0.246094 0.769531 0.246094 0.763672 0.244141 0.761719 0.244141 0.751953 0.242188 0.750000 0.242188 0.748047 0.240234 0.746094 0.240234 0.744141 0.238281 0.744141 0.236328 0.742188 0.236328 0.740234 0.232422 0.736328 0.232422 0.734375 0.230469 0.734375 0.228516 0.732422 0.226562 0.732422 0.224609 0.730469 0.224609 0.728516 0.220703 0.728516 0.218750 0.726562 0.218750 0.722656 0.214844 0.722656 0.212891 0.720703 0.210938 0.720703 0.208984 0.718750 0.207031 0.718750 0.205078 0.716797 0.203125 0.716797 0.201172 0.714844 0.197266 0.714844 0.191406 0.708984 0.191406 0.707031 0.189453 0.707031 0.187500 0.705078 0.187500 0.703125 0.183594 0.699219 0.183594 0.693359 0.181641 0.691406 0.181641 0.683594 0.173828 0.675781 0.171875 0.675781 0.169922 0.673828 0.169922 0.671875 0.167969 0.671875 0.166016 0.669922 0.166016 0.667969 0.164062 0.666016 0.162109 0.666016 0.160156 0.664062 0.158203 0.664062 0.156250 0.662109 0.152344 0.662109 0.150391 0.660156 0.146484 0.660156 0.144531 0.658203 0.142578 0.658203 0.140625 0.656250
0 0.156250 0.582031 0.156250 0.585938 0.160156 0.585938 0.160156 0.582031
0 0.132812 0.572266 0.132812 0.576172 0.136719 0.576172 0.138672 0.578125 0.138672 0.580078 0.142578 0.580078 0.142578 0.576172 0.138672 0.576172 0.136719 0.574219 0.136719 0.572266
0 0.097656 0.544922 0.097656 0.550781 0.099609 0.552734 0.099609 0.556641 0.103516 0.556641 0.105469 0.558594 0.105469 0.560547 0.107422 0.562500 0.107422 0.564453 0.109375 0.564453 0.111328 0.566406 0.115234 0.566406 0.117188 0.568359 0.117188 0.570312 0.121094 0.570312 0.123047 0.572266 0.123047 0.574219 0.126953 0.574219 0.126953 0.570312 0.123047 0.570312 0.121094 0.568359 0.121094 0.566406 0.117188 0.566406 0.115234 0.564453 0.115234 0.562500 0.109375 0.556641 0.105469 0.556641 0.103516 0.554688 0.103516 0.552734 0.105469 0.550781 0.109375 0.550781 0.109375 0.546875 0.105469 0.546875 0.103516 0.544922
0 0.166016 0.542969 0.166016 0.558594 0.169922 0.558594 0.171875 0.560547 0.169922 0.562500 0.166016 0.562500 0.164062 0.564453 0.158203 0.564453 0.158203 0.566406 0.156250 0.568359 0.154297 0.568359 0.152344 0.566406 0.152344 0.562500 0.148438 0.562500 0.146484 0.564453 0.144531 0.564453 0.142578 0.562500 0.142578 0.560547 0.140625 0.558594 0.136719 0.558594 0.134766 0.556641 0.134766 0.554688 0.132812 0.552734 0.128906 0.552734 0.126953 0.550781 0.126953 0.546875 0.117188 0.546875 0.117188 0.548828 0.115234 0.550781 0.113281 0.550781 0.113281 0.554688 0.117188 0.554688 0.119141 0.556641 0.123047 0.556641 0.125000 0.558594 0.125000 0.560547 0.126953 0.562500 0.128906 0.562500 0.130859 0.564453 0.130859 0.566406 0.132812 0.566406 0.134766 0.568359 0.140625 0.568359 0.142578 0.570312 0.142578 0.572266 0.146484 0.572266 0.148438 0.574219 0.148438 0.576172 0.152344 0.576172 0.154297 0.578125 0.152344 0.580078 0.148438 0.580078 0.148438 0.583984 0.152344 0.583984 0.152344 0.580078 0.154297 0.578125 0.167969 0.578125 0.169922 0.580078 0.169922 0.582031 0.167969 0.583984 0.164062 0.583984 0.164062 0.587891 0.166016 0.587891 0.167969 0.589844 0.171875 0.589844 0.175781 0.593750 0.181641 0.593750 0.181641 0.589844 0.179688 0.589844 0.177734 0.587891 0.181641 0.583984 0.183594 0.585938 0.187500 0.585938 0.187500 0.583984 0.189453 0.582031 0.189453 0.578125 0.191406 0.576172 0.191406 0.568359 0.193359 0.566406 0.193359 0.552734 0.191406 0.550781 0.191406 0.548828 0.187500 0.548828 0.185547 0.550781 0.185547 0.552734 0.183594 0.554688 0.175781 0.554688 0.173828 0.556641 0.173828 0.558594 0.171875 0.560547 0.169922 0.558594 0.169922 0.542969
0 0.099609 0.513672 0.099609 0.515625 0.097656 0.517578 0.095703 0.517578 0.095703 0.519531 0.091797 0.523438 0.089844 0.523438 0.089844 0.527344 0.087891 0.529297 0.087891 0.531250 0.082031 0.537109 0.082031 0.541016 0.080078 0.542969 0.080078 0.544922 0.078125 0.546875 0.078125 0.550781 0.076172 0.552734 0.074219 0.552734 0.074219 0.566406 0.076172 0.568359 0.078125 0.568359 0.080078 0.570312 0.080078 0.572266 0.082031 0.574219 0.083984 0.574219 0.085938 0.576172 0.085938 0.578125 0.089844 0.582031 0.093750 0.582031 0.095703 0.583984 0.095703 0.585938 0.097656 0.587891 0.101562 0.587891 0.103516 0.589844 0.103516 0.591797 0.105469 0.593750 0.109375 0.593750 0.111328 0.595703 0.111328 0.597656 0.113281 0.597656 0.115234 0.599609 0.115234 0.601562 0.117188 0.601562 0.121094 0.605469 0.121094 0.607422 0.125000 0.607422 0.128906 0.611328 0.130859 0.611328 0.132812 0.613281 0.146484 0.613281 0.148438 0.611328 0.164062 0.611328 0.167969 0.615234 0.169922 0.615234 0.171875 0.617188 0.171875 0.619141 0.177734 0.625000 0.179688 0.625000 0.181641 0.626953 0.181641 0.628906 0.183594 0.628906 0.185547 0.630859 0.187500 0.630859 0.189453 0.632812 0.191406 0.632812 0.193359 0.634766 0.195312 0.634766 0.197266 0.636719 0.201172 0.636719 0.201172 0.632812 0.205078 0.628906 0.205078 0.625000 0.207031 0.623047 0.208984 0.623047 0.208984 0.621094 0.210938 0.619141 0.210938 0.613281 0.212891 0.611328 0.212891 0.609375 0.216797 0.605469 0.216797 0.601562 0.218750 0.599609 0.218750 0.583984 0.216797 0.582031 0.216797 0.564453 0.212891 0.564453 0.212891 0.585938 0.214844 0.587891 0.214844 0.595703 0.212891 0.597656 0.212891 0.601562 0.210938 0.603516 0.210938 0.605469 0.207031 0.609375 0.207031 0.617188 0.205078 0.619141 0.203125 0.619141 0.203125 0.623047 0.199219 0.626953 0.199219 0.628906 0.197266 0.630859 0.195312 0.630859 0.191406 0.626953 0.189453 0.626953 0.187500 0.625000 0.183594 0.625000 0.181641 0.623047 0.181641 0.621094 0.175781 0.615234 0.173828 0.615234 0.171875 0.613281 0.171875 0.611328 0.167969 0.607422 0.144531 0.607422 0.142578 0.609375 0.136719 0.609375 0.134766 0.607422 0.132812 0.607422 0.128906 0.603516 0.125000 0.603516 0.123047 0.601562 0.123047 0.599609 0.121094 0.599609 0.119141 0.597656 0.119141 0.595703 0.117188 0.595703 0.115234 0.593750 0.113281 0.593750 0.111328 0.591797 0.111328 0.589844 0.109375 0.589844 0.107422 0.587891 0.107422 0.585938 0.105469 0.585938 0.103516 0.583984 0.101562 0.583984 0.097656 0.580078 0.097656 0.578125 0.093750 0.578125 0.089844 0.574219 0.087891 0.574219 0.085938 0.572266 0.085938 0.570312 0.083984 0.568359 0.083984 0.566406 0.082031 0.564453 0.080078 0.564453 0.078125 0.562500 0.078125 0.558594 0.080078 0.556641 0.080078 0.554688 0.082031 0.552734 0.082031 0.548828 0.085938 0.544922 0.085938 0.541016 0.089844 0.537109 0.089844 0.535156 0.093750 0.531250 0.093750 0.527344 0.095703 0.525391 0.097656 0.525391 0.097656 0.523438 0.099609 0.521484 0.101562 0.521484 0.101562 0.519531 0.103516 0.517578 0.103516 0.513672