0 0.115234 0.933594 0.115234 0.939453 0.119141 0.939453 0.119141 0.933594
0 0.109375 0.919922 0.109375 0.923828 0.111328 0.923828 0.113281 0.925781 0.113281 0.929688 0.117188 0.929688 0.117188 0.925781 0.115234 0.925781 0.113281 0.923828 0.113281 0.919922
0 0.109375 0.912109 0.109375 0.916016 0.113281 0.916016 0.113281 0.912109
0 0.126953 0.873047 0.126953 0.876953 0.125000 0.878906 0.125000 0.882812 0.121094 0.886719 0.117188 0.886719 0.117188 0.890625 0.115234 0.892578 0.113281 0.892578 0.111328 0.894531 0.111328 0.896484 0.109375 0.898438 0.109375 0.908203 0.113281 0.908203 0.113281 0.900391 0.117188 0.896484 0.117188 0.892578 0.119141 0.890625 0.121094 0.890625 0.123047 0.888672 0.126953 0.888672 0.126953 0.886719 0.128906 0.884766 0.128906 0.878906 0.130859 0.876953 0.130859 0.873047
0 0.349609 0.853516 0.349609 0.857422 0.351562 0.857422 0.353516 0.859375 0.359375 0.859375 0.359375 0.855469 0.357422 0.855469 0.355469 0.853516
0 0.384766 0.835938 0.384766 0.841797 0.382812 0.843750 0.382812 0.849609 0.380859 0.851562 0.378906 0.851562 0.376953 0.853516 0.375000 0.853516 0.373047 0.855469 0.363281 0.855469 0.363281 0.859375 0.373047 0.859375 0.375000 0.857422 0.382812 0.857422 0.384766 0.855469 0.384766 0.851562 0.386719 0.849609 0.386719 0.847656 0.388672 0.845703 0.388672 0.835938
0 0.255859 0.835938 0.255859 0.839844 0.253906 0.841797 0.250000 0.841797 0.248047 0.843750 0.244141 0.843750 0.242188 0.845703 0.242188 0.849609 0.248047 0.849609 0.248047 0.847656 0.250000 0.845703 0.253906 0.845703 0.253906 0.841797 0.255859 0.839844 0.259766 0.839844 0.259766 0.835938
0 0.257812 0.826172 0.257812 0.830078 0.261719 0.830078 0.261719 0.826172
0 0.378906 0.820312 0.378906 0.824219 0.380859 0.826172 0.380859 0.828125 0.382812 0.828125 0.384766 0.830078 0.384766 0.832031 0.388672 0.832031 0.388672 0.828125 0.386719 0.828125 0.384766 0.826172 0.384766 0.824219 0.382812 0.822266 0.382812 0.820312
0 0.265625 0.816406 0.265625 0.820312 0.269531 0.820312 0.269531 0.816406
0 0.363281 0.808594 0.363281 0.812500 0.367188 0.812500 0.369141 0.814453 0.369141 0.816406 0.371094 0.818359 0.371094 0.820312 0.375000 0.820312 0.375000 0.816406 0.373047 0.814453 0.373047 0.812500 0.371094 0.812500 0.369141 0.810547 0.369141 0.808594
0 0.269531 0.808594 0.269531 0.812500 0.273438 0.812500 0.273438 0.808594
0 0.283203 0.794922 0.281250 0.796875 0.281250 0.798828 0.279297 0.800781 0.277344 0.800781 0.277344 0.804688 0.281250 0.804688 0.281250 0.802734 0.283203 0.800781 0.285156 0.800781 0.287109 0.798828 0.302734 0.798828 0.302734 0.794922
0 0.314453 0.789062 0.314453 0.791016 0.312500 0.792969 0.308594 0.792969 0.308594 0.796875 0.312500 0.796875 0.312500 0.794922 0.314453 0.792969 0.318359 0.792969 0.318359 0.789062
0 0.324219 0.785156 0.324219 0.789062 0.328125 0.789062 0.328125 0.785156
0 0.755859 0.781250 0.755859 0.785156 0.757812 0.785156 0.759766 0.787109 0.759766 0.791016 0.761719 0.792969 0.761719 0.798828 0.765625 0.798828 0.765625 0.791016 0.763672 0.789062 0.763672 0.787109 0.761719 0.787109 0.759766 0.785156 0.759766 0.781250
0 0.753906 0.767578 0.753906 0.771484 0.757812 0.771484 0.757812 0.767578
0 0.798828 0.763672 0.798828 0.767578 0.796875 0.769531 0.796875 0.779297 0.798828 0.781250 0.798828 0.791016 0.796875 0.792969 0.796875 0.794922 0.794922 0.796875 0.794922 0.798828 0.791016 0.802734 0.791016 0.806641 0.789062 0.808594 0.787109 0.808594 0.787109 0.810547 0.785156 0.812500 0.785156 0.816406 0.783203 0.818359 0.783203 0.824219 0.775391 0.832031 0.757812 0.832031 0.755859 0.833984 0.753906 0.833984 0.753906 0.835938 0.751953 0.837891 0.750000 0.837891 0.748047 0.839844 0.746094 0.839844 0.746094 0.841797 0.744141 0.843750 0.742188 0.843750 0.738281 0.847656 0.738281 0.851562 0.736328 0.853516 0.732422 0.853516 0.732422 0.855469 0.726562 0.861328 0.720703 0.861328 0.718750 0.859375 0.718750 0.853516 0.720703 0.851562 0.720703 0.849609 0.722656 0.847656 0.722656 0.843750 0.724609 0.841797 0.726562 0.841797 0.726562 0.839844 0.728516 0.837891 0.728516 0.832031 0.730469 0.830078 0.730469 0.806641 0.728516 0.804688 0.728516 0.792969 0.726562 0.791016 0.726562 0.787109 0.724609 0.787109 0.720703 0.783203 0.720703 0.781250 0.722656 0.779297 0.722656 0.773438 0.724609 0.771484 0.724609 0.767578 0.720703 0.767578 0.720703 0.769531 0.718750 0.771484 0.718750 0.773438 0.716797 0.775391 0.716797 0.787109 0.722656 0.792969 0.722656 0.794922 0.724609 0.796875 0.724609 0.804688 0.726562 0.806641 0.726562 0.828125 0.724609 0.830078 0.724609 0.833984 0.722656 0.835938 0.722656 0.841797 0.720703 0.843750 0.718750 0.843750 0.716797 0.845703 0.716797 0.847656 0.714844 0.849609 0.714844 0.865234 0.730469 0.865234 0.732422 0.863281 0.734375 0.863281 0.734375 0.859375 0.736328 0.857422 0.740234 0.857422 0.740234 0.853516 0.748047 0.845703 0.750000 0.845703 0.750000 0.843750 0.751953 0.841797 0.755859 0.841797 0.755859 0.839844 0.757812 0.837891 0.759766 0.837891 0.761719 0.835938 0.779297 0.835938 0.787109 0.828125 0.787109 0.820312 0.789062 0.818359 0.789062 0.814453 0.791016 0.812500 0.792969 0.812500 0.794922 0.810547 0.794922 0.806641 0.798828 0.802734 0.798828 0.798828 0.800781 0.796875 0.802734 0.796875 0.802734 0.779297 0.800781 0.777344 0.800781 0.771484 0.802734 0.769531 0.802734 0.763672
0 0.328125 0.755859 0.328125 0.759766 0.332031 0.759766 0.332031 0.755859
0 0.750000 0.751953 0.750000 0.755859 0.753906 0.755859 0.753906 0.751953
0 0.748047 0.744141 0.748047 0.748047 0.751953 0.748047 0.751953 0.744141
0 0.351562 0.744141 0.347656 0.748047 0.345703 0.748047 0.345703 0.750000 0.343750 0.751953 0.339844 0.751953 0.339844 0.755859 0.343750 0.755859 0.343750 0.753906 0.345703 0.751953 0.349609 0.751953 0.351562 0.750000 0.353516 0.750000 0.355469 0.748047 0.357422 0.750000 0.359375 0.750000 0.361328 0.751953 0.361328 0.763672 0.359375 0.765625 0.355469 0.765625 0.353516 0.763672 0.353516 0.759766 0.349609 0.759766 0.349609 0.765625 0.347656 0.767578 0.347656 0.769531 0.345703 0.771484 0.341797 0.771484 0.341797 0.773438 0.339844 0.775391 0.337891 0.775391 0.337891 0.779297 0.335938 0.781250 0.332031 0.781250 0.332031 0.785156 0.335938 0.785156 0.335938 0.781250 0.337891 0.779297 0.341797 0.779297 0.341797 0.777344 0.343750 0.775391 0.345703 0.775391 0.345703 0.773438 0.347656 0.771484 0.349609 0.771484 0.351562 0.773438 0.351562 0.777344 0.349609 0.779297 0.349609 0.796875 0.353516 0.800781 0.355469 0.800781 0.357422 0.802734 0.357422 0.804688 0.361328 0.804688 0.361328 0.800781 0.359375 0.800781 0.357422 0.798828 0.357422 0.796875 0.353516 0.792969 0.353516 0.779297 0.357422 0.775391 0.359375 0.775391 0.359375 0.771484 0.361328 0.769531 0.361328 0.767578 0.363281 0.765625 0.365234 0.765625 0.365234 0.748047 0.363281 0.748047 0.361328 0.746094 0.361328 0.744141
0 0.251953 0.740234 0.251953 0.744141 0.255859 0.744141 0.255859 0.740234
0 0.230469 0.738281 0.230469 0.742188 0.234375 0.742188 0.234375 0.738281
0 0.259766 0.734375 0.259766 0.738281 0.263672 0.738281 0.263672 0.734375
0 0.214844 0.732422 0.214844 0.736328 0.218750 0.736328 0.218750 0.732422
0 0.203125 0.728516 0.203125 0.732422 0.207031 0.732422 0.207031 0.728516
0 0.748047 0.726562 0.748047 0.736328 0.751953 0.736328 0.751953 0.726562
0 0.273438 0.724609 0.271484 0.726562 0.271484 0.728516 0.269531 0.730469 0.267578 0.730469 0.267578 0.734375 0.271484 0.734375 0.271484 0.732422 0.273438 0.730469 0.275391 0.730469 0.277344 0.728516 0.277344 0.724609
0 0.748047 0.716797 0.748047 0.720703 0.751953 0.720703 0.751953 0.716797
0 0.750000 0.707031 0.750000 0.710938 0.753906 0.710938 0.753906 0.707031
0 0.751953 0.699219 0.751953 0.703125 0.755859 0.703125 0.755859 0.699219
0 0.160156 0.687500 0.160156 0.691406 0.162109 0.693359 0.164062 0.693359 0.167969 0.697266 0.167969 0.699219 0.173828 0.705078 0.173828 0.707031 0.175781 0.708984 0.175781 0.712891 0.179688 0.712891 0.181641 0.714844 0.181641 0.716797 0.183594 0.718750 0.183594 0.720703 0.185547 0.720703 0.187500 0.722656 0.187500 0.726562 0.191406 0.726562 0.193359 0.728516 0.197266 0.728516 0.197266 0.724609 0.193359 0.724609 0.191406 0.722656 0.189453 0.722656 0.187500 0.720703 0.187500 0.716797 0.185547 0.714844 0.185547 0.712891 0.181641 0.712891 0.179688 0.710938 0.179688 0.708984 0.177734 0.707031 0.177734 0.699219 0.175781 0.697266 0.173828 0.697266 0.169922 0.693359 0.169922 0.691406 0.167969 0.691406 0.164062 0.687500
0 0.753906 0.683594 0.753906 0.687500 0.751953 0.689453 0.751953 0.693359 0.755859 0.693359 0.755859 0.689453 0.757812 0.687500 0.757812 0.683594
0 0.753906 0.667969 0.753906 0.679688 0.757812 0.679688 0.757812 0.667969
0 0.111328 0.642578 0.111328 0.646484 0.115234 0.646484 0.115234 0.642578
0 0.761719 0.636719 0.757812 0.640625 0.757812 0.642578 0.755859 0.644531 0.755859 0.652344 0.753906 0.654297 0.753906 0.664062 0.757812 0.664062 0.757812 0.658203 0.759766 0.656250 0.759766 0.646484 0.765625 0.640625 0.765625 0.636719
0 0.119141 0.632812 0.119141 0.636719 0.123047 0.636719 0.123047 0.632812
0 0.906250 0.630859 0.906250 0.634766 0.904297 0.636719 0.904297 0.640625 0.906250 0.640625 0.908203 0.642578 0.908203 0.648438 0.910156 0.650391 0.910156 0.654297 0.914062 0.654297 0.914062 0.642578 0.912109 0.640625 0.912109 0.636719 0.910156 0.634766 0.910156 0.630859
0 0.074219 0.630859 0.074219 0.634766 0.076172 0.634766 0.078125 0.636719 0.078125 0.640625 0.080078 0.640625 0.082031 0.642578 0.082031 0.644531 0.085938 0.644531 0.087891 0.646484 0.087891 0.650391 0.095703 0.650391 0.097656 0.652344 0.101562 0.652344 0.101562 0.648438 0.097656 0.648438 0.095703 0.646484 0.087891 0.646484 0.085938 0.644531 0.085938 0.640625 0.083984 0.640625 0.082031 0.638672 0.082031 0.636719 0.080078 0.636719 0.078125 0.634766 0.078125 0.630859
0 0.128906 0.621094 0.128906 0.625000 0.132812 0.625000 0.132812 0.621094
0 0.068359 0.621094 0.068359 0.625000 0.072266 0.625000 0.072266 0.621094
0 0.136719 0.611328 0.136719 0.615234 0.140625 0.615234 0.140625 0.611328
0 0.187500 0.609375 0.187500 0.613281 0.191406 0.613281 0.191406 0.609375
0 0.062500 0.609375 0.062500 0.613281 0.066406 0.613281 0.066406 0.609375
0 0.201172 0.607422 0.201172 0.609375 0.199219 0.611328 0.197266 0.611328 0.197266 0.615234 0.199219 0.615234 0.201172 0.617188 0.205078 0.617188 0.205078 0.607422
0 0.175781 0.605469 0.175781 0.609375 0.179688 0.609375 0.179688 0.605469
0 0.728516 0.595703 0.724609 0.599609 0.724609 0.603516 0.722656 0.605469 0.722656 0.609375 0.720703 0.611328 0.718750 0.611328 0.718750 0.613281 0.716797 0.615234 0.716797 0.621094 0.714844 0.623047 0.714844 0.628906 0.712891 0.630859 0.712891 0.632812 0.710938 0.634766 0.710938 0.636719 0.707031 0.640625 0.707031 0.642578 0.705078 0.644531 0.705078 0.646484 0.703125 0.648438 0.701172 0.648438 0.699219 0.650391 0.697266 0.650391 0.695312 0.652344 0.693359 0.652344 0.693359 0.654297 0.691406 0.656250 0.685547 0.656250 0.685547 0.666016 0.683594 0.667969 0.683594 0.673828 0.681641 0.675781 0.681641 0.677734 0.677734 0.681641 0.677734 0.701172 0.685547 0.701172 0.687500 0.699219 0.689453 0.699219 0.689453 0.697266 0.695312 0.691406 0.695312 0.687500 0.699219 0.683594 0.710938 0.683594 0.710938 0.681641 0.712891 0.679688 0.714844 0.679688 0.716797 0.677734 0.718750 0.677734 0.720703 0.675781 0.724609 0.675781 0.726562 0.677734 0.728516 0.677734 0.732422 0.681641 0.732422 0.683594 0.736328 0.683594 0.736328 0.677734 0.732422 0.673828 0.728516 0.673828 0.726562 0.671875 0.716797 0.671875 0.712891 0.675781 0.710938 0.675781 0.710938 0.677734 0.708984 0.679688 0.697266 0.679688 0.695312 0.681641 0.693359 0.681641 0.693359 0.685547 0.687500 0.691406 0.687500 0.693359 0.685547 0.695312 0.683594 0.695312 0.681641 0.693359 0.681641 0.685547 0.683594 0.683594 0.685547 0.683594 0.685547 0.677734 0.687500 0.675781 0.687500 0.671875 0.689453 0.669922 0.689453 0.662109 0.691406 0.660156 0.695312 0.660156 0.695312 0.658203 0.699219 0.654297 0.703125 0.654297 0.705078 0.652344 0.705078 0.650391 0.707031 0.648438 0.708984 0.648438 0.710938 0.646484 0.710938 0.644531 0.712891 0.642578 0.712891 0.640625 0.716797 0.636719 0.716797 0.634766 0.718750 0.632812 0.718750 0.625000 0.720703 0.623047 0.720703 0.621094 0.722656 0.619141 0.722656 0.617188 0.726562 0.613281 0.726562 0.609375 0.728516 0.607422 0.728516 0.603516 0.732422 0.599609 0.734375 0.599609 0.736328 0.601562 0.736328 0.603516 0.738281 0.605469 0.738281 0.607422 0.740234 0.609375 0.744141 0.609375 0.746094 0.611328 0.746094 0.613281 0.748047 0.615234 0.757812 0.615234 0.759766 0.617188 0.771484 0.617188 0.773438 0.615234 0.777344 0.615234 0.777344 0.611328 0.771484 0.611328 0.769531 0.613281 0.763672 0.613281 0.761719 0.611328 0.751953 0.611328 0.748047 0.607422 0.748047 0.605469 0.744141 0.605469 0.740234 0.601562 0.740234 0.599609 0.736328 0.599609 0.734375 0.597656 0.734375 0.595703
0 0.148438 0.595703 0.148438 0.597656 0.146484 0.599609 0.144531 0.599609 0.144531 0.601562 0.142578 0.603516 0.140625 0.603516 0.140625 0.607422 0.144531 0.607422 0.144531 0.605469 0.146484 0.603516 0.148438 0.603516 0.148438 0.601562 0.150391 0.599609 0.156250 0.599609 0.156250 0.595703
0 0.056641 0.593750 0.056641 0.597656 0.060547 0.597656 0.060547 0.593750
0 0.160156 0.585938 0.160156 0.615234 0.164062 0.615234 0.164062 0.605469 0.166016 0.603516 0.167969 0.603516 0.167969 0.599609 0.166016 0.599609 0.164062 0.597656 0.164062 0.585938
0 0.875000 0.578125 0.875000 0.582031 0.876953 0.583984 0.876953 0.591797 0.878906 0.593750 0.878906 0.595703 0.880859 0.597656 0.882812 0.597656 0.884766 0.599609 0.884766 0.601562 0.886719 0.601562 0.888672 0.603516 0.888672 0.605469 0.890625 0.605469 0.892578 0.607422 0.892578 0.609375 0.894531 0.611328 0.896484 0.611328 0.898438 0.613281 0.898438 0.617188 0.900391 0.617188 0.902344 0.619141 0.902344 0.623047 0.906250 0.623047 0.906250 0.619141 0.904297 0.619141 0.902344 0.617188 0.902344 0.613281 0.900391 0.613281 0.898438 0.611328 0.898438 0.607422 0.896484 0.605469 0.894531 0.605469 0.892578 0.603516 0.892578 0.601562 0.890625 0.601562 0.888672 0.599609 0.888672 0.597656 0.886719 0.597656 0.884766 0.595703 0.884766 0.593750 0.880859 0.589844 0.880859 0.580078 0.878906 0.578125
0 0.158203 0.576172 0.158203 0.580078 0.162109 0.580078 0.162109 0.576172
0 0.042969 0.570312 0.042969 0.574219 0.046875 0.574219 0.046875 0.570312
0 0.867188 0.568359 0.867188 0.572266 0.869141 0.572266 0.871094 0.574219 0.875000 0.574219 0.875000 0.570312 0.873047 0.570312 0.871094 0.568359
0 0.154297 0.556641 0.154297 0.560547 0.156250 0.560547 0.158203 0.562500 0.158203 0.566406 0.162109 0.566406 0.162109 0.562500 0.160156 0.562500 0.158203 0.560547 0.158203 0.556641
0 0.031250 0.552734 0.031250 0.556641 0.035156 0.556641 0.035156 0.552734
0 0.851562 0.542969 0.851562 0.546875 0.853516 0.546875 0.855469 0.548828 0.855469 0.550781 0.857422 0.552734 0.857422 0.556641 0.859375 0.556641 0.861328 0.558594 0.861328 0.562500 0.865234 0.562500 0.865234 0.558594 0.863281 0.558594 0.861328 0.556641 0.861328 0.552734 0.859375 0.550781 0.859375 0.546875 0.857422 0.546875 0.855469 0.544922 0.855469 0.542969
0 0.019531 0.535156 0.019531 0.539062 0.023438 0.539062 0.023438 0.535156
0 0.130859 0.521484 0.130859 0.525391 0.132812 0.525391 0.134766 0.527344 0.134766 0.531250 0.136719 0.531250 0.138672 0.533203 0.138672 0.535156 0.140625 0.537109 0.140625 0.539062 0.144531 0.539062 0.146484 0.541016 0.146484 0.544922 0.148438 0.546875 0.148438 0.548828 0.150391 0.548828 0.152344 0.550781 0.152344 0.552734 0.156250 0.552734 0.156250 0.548828 0.154297 0.548828 0.152344 0.546875 0.152344 0.544922 0.150391 0.542969 0.150391 0.541016 0.146484 0.541016 0.144531 0.539062 0.144531 0.535156 0.142578 0.533203 0.142578 0.531250 0.140625 0.531250 0.138672 0.529297 0.138672 0.527344 0.136719 0.527344 0.134766 0.525391 0.134766 0.521484
0 0.839844 0.517578 0.839844 0.527344 0.843750 0.531250 0.843750 0.533203 0.845703 0.535156 0.845703 0.537109 0.849609 0.537109 0.849609 0.533203 0.847656 0.531250 0.847656 0.529297 0.845703 0.527344 0.845703 0.525391 0.843750 0.523438 0.843750 0.517578
0 0.794922 0.515625 0.794922 0.525391 0.798828 0.525391 0.798828 0.515625
0 0.011719 0.515625 0.011719 0.519531 0.015625 0.519531 0.015625 0.515625
0 0.007812 0.507812 0.007812 0.511719 0.011719 0.511719 0.011719 0.507812
0 0.794922 0.505859 0.794922 0.509766 0.798828 0.509766 0.798828 0.505859
0 0.839844 0.503906 0.839844 0.513672 0.843750 0.513672 0.843750 0.503906
0 0.841797 0.496094 0.841797 0.500000 0.845703 0.500000 0.845703 0.496094
0 0.798828 0.492188 0.798828 0.496094 0.802734 0.496094 0.802734 0.492188
0 0.107422 0.486328 0.107422 0.490234 0.109375 0.490234 0.111328 0.492188 0.111328 0.494141 0.113281 0.496094 0.113281 0.500000 0.117188 0.500000 0.119141 0.501953 0.119141 0.503906 0.121094 0.503906 0.123047 0.505859 0.123047 0.509766 0.125000 0.511719 0.125000 0.515625 0.128906 0.515625 0.128906 0.511719 0.126953 0.509766 0.126953 0.505859 0.125000 0.505859 0.123047 0.503906 0.123047 0.500000 0.119141 0.500000 0.117188 0.498047 0.117188 0.496094 0.115234 0.494141 0.115234 0.490234 0.113281 0.490234 0.111328 0.488281 0.111328 0.486328
0 0.802734 0.482422 0.802734 0.486328 0.806641 0.486328 0.806641 0.482422
0 0.806641 0.474609 0.806641 0.478516 0.810547 0.478516 0.810547 0.474609
0 0.845703 0.472656 0.845703 0.486328 0.843750 0.488281 0.843750 0.492188 0.847656 0.492188 0.847656 0.488281 0.849609 0.486328 0.849609 0.472656
0 0.093750 0.472656 0.093750 0.476562 0.095703 0.476562 0.097656 0.478516 0.101562 0.478516 0.103516 0.480469 0.103516 0.482422 0.107422 0.482422 0.107422 0.478516 0.103516 0.478516 0.101562 0.476562 0.101562 0.474609 0.099609 0.474609 0.097656 0.472656
0 0.824219 0.453125 0.824219 0.455078 0.822266 0.457031 0.820312 0.457031 0.820312 0.458984 0.818359 0.460938 0.816406 0.460938 0.814453 0.462891 0.814453 0.466797 0.818359 0.466797 0.820312 0.464844 0.820312 0.462891 0.822266 0.460938 0.824219 0.460938 0.824219 0.458984 0.826172 0.457031 0.837891 0.457031 0.839844 0.458984 0.839844 0.462891 0.841797 0.464844 0.841797 0.466797 0.845703 0.466797 0.845703 0.462891 0.843750 0.460938 0.843750 0.458984 0.839844 0.458984 0.837891 0.457031 0.837891 0.453125
0 0.759766 0.449219 0.759766 0.457031 0.761719 0.458984 0.761719 0.460938 0.765625 0.464844 0.765625 0.470703 0.767578 0.472656 0.767578 0.484375 0.765625 0.486328 0.765625 0.503906 0.767578 0.505859 0.767578 0.507812 0.765625 0.509766 0.765625 0.513672 0.763672 0.515625 0.761719 0.515625 0.761719 0.519531 0.759766 0.521484 0.759766 0.523438 0.753906 0.529297 0.753906 0.542969 0.757812 0.546875 0.757812 0.548828 0.759766 0.550781 0.761719 0.550781 0.763672 0.552734 0.763672 0.554688 0.765625 0.554688 0.767578 0.556641 0.767578 0.558594 0.769531 0.560547 0.771484 0.560547 0.773438 0.562500 0.773438 0.564453 0.781250 0.564453 0.781250 0.560547 0.779297 0.560547 0.777344 0.558594 0.775391 0.558594 0.771484 0.554688 0.769531 0.554688 0.767578 0.552734 0.767578 0.550781 0.765625 0.548828 0.765625 0.546875 0.763672 0.546875 0.759766 0.542969 0.759766 0.541016 0.757812 0.539062 0.757812 0.533203 0.761719 0.529297 0.761719 0.527344 0.765625 0.523438 0.765625 0.517578 0.767578 0.515625 0.769531 0.515625 0.769531 0.513672 0.771484 0.511719 0.771484 0.501953 0.769531 0.500000 0.769531 0.490234 0.771484 0.488281 0.771484 0.466797 0.769531 0.464844 0.769531 0.460938 0.763672 0.455078 0.763672 0.449219
0 0.070312 0.443359 0.070312 0.447266 0.074219 0.447266 0.076172 0.449219 0.076172 0.453125 0.078125 0.453125 0.080078 0.455078 0.080078 0.458984 0.082031 0.460938 0.082031 0.462891 0.085938 0.462891 0.087891 0.464844 0.087891 0.466797 0.089844 0.468750 0.093750 0.468750 0.093750 0.464844 0.091797 0.462891 0.087891 0.462891 0.085938 0.460938 0.085938 0.458984 0.083984 0.457031 0.083984 0.455078 0.082031 0.455078 0.080078 0.453125 0.080078 0.449219 0.076172 0.449219 0.074219 0.447266 0.074219 0.443359
0 0.064453 0.431641 0.064453 0.435547 0.066406 0.435547 0.068359 0.437500 0.068359 0.439453 0.072266 0.439453 0.072266 0.435547 0.070312 0.435547 0.068359 0.433594 0.068359 0.431641
0 0.054688 0.421875 0.054688 0.425781 0.056641 0.427734 0.056641 0.431641 0.060547 0.431641 0.060547 0.427734 0.058594 0.425781 0.058594 0.421875
0 0.046875 0.417969 0.046875 0.421875 0.050781 0.421875 0.050781 0.417969
0 0.035156 0.410156 0.035156 0.414062 0.037109 0.416016 0.037109 0.417969 0.041016 0.417969 0.041016 0.414062 0.039062 0.412109 0.039062 0.410156
0 0.025391 0.400391 0.025391 0.406250 0.027344 0.408203 0.031250 0.408203 0.031250 0.404297 0.029297 0.402344 0.029297 0.400391
0 0.085938 0.378906 0.083984 0.380859 0.078125 0.380859 0.076172 0.382812 0.074219 0.382812 0.074219 0.386719 0.080078 0.386719 0.082031 0.384766 0.085938 0.384766 0.087891 0.382812 0.089844 0.382812 0.091797 0.384766 0.091797 0.386719 0.089844 0.388672 0.089844 0.390625 0.087891 0.392578 0.087891 0.394531 0.083984 0.398438 0.083984 0.402344 0.082031 0.404297 0.082031 0.425781 0.085938 0.429688 0.085938 0.431641 0.087891 0.433594 0.087891 0.437500 0.093750 0.443359 0.093750 0.445312 0.095703 0.445312 0.101562 0.451172 0.105469 0.451172 0.107422 0.453125 0.107422 0.455078 0.109375 0.455078 0.113281 0.458984 0.115234 0.458984 0.117188 0.460938 0.119141 0.460938 0.121094 0.462891 0.126953 0.462891 0.132812 0.468750 0.132812 0.470703 0.134766 0.470703 0.136719 0.472656 0.138672 0.472656 0.140625 0.474609 0.140625 0.476562 0.142578 0.478516 0.142578 0.480469 0.146484 0.484375 0.148438 0.484375 0.150391 0.486328 0.150391 0.490234 0.152344 0.490234 0.154297 0.492188 0.154297 0.494141 0.156250 0.494141 0.158203 0.496094 0.160156 0.496094 0.162109 0.498047 0.166016 0.498047 0.167969 0.500000 0.169922 0.500000 0.171875 0.501953 0.173828 0.501953 0.175781 0.503906 0.175781 0.505859 0.179688 0.509766 0.179688 0.515625 0.181641 0.517578 0.181641 0.521484 0.183594 0.521484 0.191406 0.529297 0.191406 0.531250 0.193359 0.533203 0.195312 0.533203 0.197266 0.535156 0.199219 0.535156 0.201172 0.537109 0.205078 0.537109 0.207031 0.539062 0.218750 0.539062 0.222656 0.535156 0.242188 0.535156 0.244141 0.537109 0.244141 0.544922 0.246094 0.546875 0.246094 0.548828 0.248047 0.550781 0.248047 0.554688 0.250000 0.556641 0.250000 0.558594 0.255859 0.564453 0.255859 0.568359 0.257812 0.568359 0.259766 0.570312 0.259766 0.574219 0.267578 0.582031 0.267578 0.585938 0.269531 0.587891 0.269531 0.589844 0.271484 0.591797 0.271484 0.595703 0.273438 0.597656 0.273438 0.599609 0.275391 0.601562 0.275391 0.609375 0.277344 0.611328 0.281250 0.611328 0.287109 0.617188 0.289062 0.617188 0.291016 0.619141 0.292969 0.619141 0.294922 0.621094 0.296875 0.621094 0.302734 0.626953 0.302734 0.628906 0.304688 0.630859 0.304688 0.632812 0.306641 0.634766 0.306641 0.636719 0.308594 0.638672 0.308594 0.642578 0.310547 0.642578 0.312500 0.644531 0.312500 0.646484 0.318359 0.652344 0.318359 0.654297 0.322266 0.654297 0.324219 0.656250 0.347656 0.656250 0.355469 0.664062 0.355469 0.666016 0.359375 0.666016 0.359375 0.662109 0.357422 0.660156 0.357422 0.656250 0.355469 0.656250 0.351562 0.652344 0.326172 0.652344 0.316406 0.642578 0.314453 0.642578 0.312500 0.640625 0.312500 0.638672 0.310547 0.636719 0.310547 0.632812 0.308594 0.630859 0.308594 0.628906 0.306641 0.626953 0.306641 0.625000 0.304688 0.623047 0.304688 0.621094 0.300781 0.617188 0.296875 0.617188 0.294922 0.615234 0.294922 0.613281 0.291016 0.613281 0.287109 0.609375 0.285156 0.609375 0.283203 0.607422 0.283203 0.605469 0.281250 0.605469 0.279297 0.603516 0.279297 0.599609 0.277344 0.597656 0.277344 0.595703 0.275391 0.593750 0.275391 0.591797 0.273438 0.589844 0.273438 0.585938 0.271484 0.583984 0.271484 0.578125 0.263672 0.570312 0.263672 0.568359 0.261719 0.568359 0.259766 0.566406 0.259766 0.564453 0.257812 0.562500 0.257812 0.558594 0.253906 0.554688 0.253906 0.552734 0.251953 0.550781 0.251953 0.544922 0.248047 0.541016 0.248047 0.533203 0.246094 0.531250 0.222656 0.531250 0.220703 0.533203 0.216797 0.533203 0.214844 0.535156 0.208984 0.535156 0.205078 0.531250 0.201172 0.531250 0.199219 0.529297 0.197266 0.529297 0.193359 0.525391 0.193359 0.523438 0.189453 0.519531 0.189453 0.517578 0.187500 0.517578 0.185547 0.515625 0.185547 0.511719 0.183594 0.509766 0.183594 0.503906 0.181641 0.503906 0.179688 0.501953 0.177734 0.501953 0.175781 0.500000 0.175781 0.498047 0.173828 0.498047 0.171875 0.496094 0.167969 0.496094 0.166016 0.494141 0.164062 0.494141 0.160156 0.490234 0.158203 0.490234 0.156250 0.488281 0.156250 0.486328 0.154297 0.484375 0.154297 0.482422 0.152344 0.480469 0.150391 0.480469 0.144531 0.474609 0.144531 0.472656 0.142578 0.472656 0.140625 0.470703 0.140625 0.466797 0.136719 0.466797 0.134766 0.464844 0.134766 0.462891 0.130859 0.458984 0.125000 0.458984 0.123047 0.457031 0.119141 0.457031 0.115234 0.453125 0.113281 0.453125 0.111328 0.451172 0.111328 0.449219 0.109375 0.447266 0.105469 0.447266 0.099609 0.441406 0.097656 0.441406 0.095703 0.439453 0.095703 0.437500 0.091797 0.433594 0.091797 0.429688 0.087891 0.425781 0.087891 0.423828 0.085938 0.421875 0.085938 0.406250 0.087891 0.404297 0.087891 0.402344 0.091797 0.398438 0.091797 0.396484 0.093750 0.394531 0.093750 0.392578 0.095703 0.390625 0.095703 0.378906
0 0.521484 0.156250 0.521484 0.160156 0.525391 0.160156 0.527344 0.162109 0.527344 0.166016 0.529297 0.166016 0.531250 0.167969 0.531250 0.169922 0.537109 0.169922 0.539062 0.167969 0.541016 0.167969 0.542969 0.166016 0.542969 0.162109 0.544922 0.160156 0.544922 0.156250 0.541016 0.156250 0.541016 0.160156 0.535156 0.166016 0.533203 0.166016 0.531250 0.164062 0.531250 0.162109 0.527344 0.162109 0.525391 0.160156 0.525391 0.156250
0 0.513672 0.146484 0.513672 0.150391 0.517578 0.150391 0.517578 0.146484
0 0.613281 0.142578 0.613281 0.146484 0.617188 0.146484 0.617188 0.142578
0 0.601562 0.142578 0.601562 0.146484 0.605469 0.146484 0.605469 0.142578
0 0.587891 0.140625 0.587891 0.144531 0.591797 0.144531 0.591797 0.140625
0 0.572266 0.138672 0.572266 0.142578 0.576172 0.142578 0.576172 0.138672
0 0.554688 0.138672 0.554688 0.140625 0.550781 0.144531 0.548828 0.144531 0.544922 0.148438 0.544922 0.152344 0.548828 0.152344 0.554688 0.146484 0.556641 0.146484 0.556641 0.144531 0.558594 0.142578 0.558594 0.138672
0 0.562500 0.136719 0.562500 0.140625 0.566406 0.140625 0.566406 0.136719
0 0.509766 0.136719 0.509766 0.140625 0.513672 0.140625 0.513672 0.136719
0 0.636719 0.134766 0.636719 0.136719 0.634766 0.138672 0.630859 0.138672 0.628906 0.140625 0.625000 0.140625 0.625000 0.144531 0.628906 0.144531 0.630859 0.142578 0.634766 0.142578 0.634766 0.140625 0.636719 0.138672 0.640625 0.138672 0.640625 0.134766
0 0.650391 0.125000 0.650391 0.126953 0.646484 0.130859 0.644531 0.130859 0.644531 0.134766 0.648438 0.134766 0.650391 0.132812 0.652344 0.132812 0.652344 0.130859 0.654297 0.128906 0.654297 0.125000
0 0.505859 0.119141 0.505859 0.123047 0.509766 0.123047 0.509766 0.119141
0 0.662109 0.113281 0.662109 0.115234 0.660156 0.117188 0.658203 0.117188 0.658203 0.121094 0.662109 0.121094 0.662109 0.119141 0.664062 0.117188 0.666016 0.117188 0.666016 0.113281
0 0.501953 0.107422 0.501953 0.111328 0.505859 0.111328 0.505859 0.107422
0 0.666016 0.105469 0.666016 0.109375 0.669922 0.109375 0.669922 0.105469
0 0.671875 0.097656 0.671875 0.101562 0.675781 0.101562 0.675781 0.097656
0 0.501953 0.095703 0.501953 0.099609 0.505859 0.099609 0.505859 0.095703
0 0.677734 0.089844 0.677734 0.093750 0.681641 0.093750 0.681641 0.089844
0 0.683594 0.080078 0.683594 0.083984 0.687500 0.083984 0.687500 0.080078
0 0.691406 0.070312 0.689453 0.072266 0.689453 0.076172 0.693359 0.076172 0.695312 0.074219 0.695312 0.070312
0 0.496094 0.058594 0.496094 0.066406 0.498047 0.066406 0.500000 0.068359 0.500000 0.072266 0.501953 0.074219 0.501953 0.087891 0.505859 0.087891 0.505859 0.070312 0.503906 0.068359 0.501953 0.068359 0.500000 0.066406 0.500000 0.058594
0 0.896484 0.054688 0.894531 0.056641 0.892578 0.056641 0.892578 0.058594 0.890625 0.060547 0.884766 0.060547 0.882812 0.062500 0.882812 0.064453 0.880859 0.066406 0.876953 0.066406 0.873047 0.070312 0.871094 0.070312 0.865234 0.076172 0.855469 0.076172 0.853516 0.078125 0.853516 0.080078 0.851562 0.082031 0.847656 0.082031 0.837891 0.091797 0.837891 0.093750 0.833984 0.097656 0.832031 0.097656 0.832031 0.103516 0.830078 0.105469 0.826172 0.105469 0.822266 0.109375 0.820312 0.109375 0.818359 0.111328 0.816406 0.111328 0.814453 0.113281 0.789062 0.113281 0.787109 0.115234 0.783203 0.115234 0.781250 0.117188 0.775391 0.117188 0.773438 0.119141 0.769531 0.119141 0.765625 0.123047 0.763672 0.123047 0.759766 0.126953 0.757812 0.126953 0.755859 0.128906 0.740234 0.128906 0.740234 0.132812 0.738281 0.134766 0.736328 0.134766 0.732422 0.138672 0.728516 0.138672 0.724609 0.142578 0.718750 0.142578 0.710938 0.150391 0.705078 0.150391 0.705078 0.152344 0.703125 0.154297 0.697266 0.154297 0.695312 0.156250 0.681641 0.156250 0.679688 0.158203 0.673828 0.158203 0.671875 0.160156 0.671875 0.162109 0.669922 0.164062 0.669922 0.166016 0.667969 0.167969 0.667969 0.173828 0.666016 0.175781 0.666016 0.177734 0.664062 0.179688 0.662109 0.179688 0.656250 0.185547 0.656250 0.187500 0.654297 0.189453 0.650391 0.189453 0.646484 0.193359 0.644531 0.193359 0.642578 0.195312 0.640625 0.195312 0.638672 0.197266 0.625000 0.197266 0.623047 0.199219 0.623047 0.201172 0.621094 0.203125 0.619141 0.203125 0.619141 0.205078 0.617188 0.207031 0.615234 0.207031 0.611328 0.210938 0.609375 0.210938 0.607422 0.212891 0.605469 0.210938 0.599609 0.210938 0.597656 0.208984 0.597656 0.207031 0.595703 0.205078 0.585938 0.205078 0.582031 0.208984 0.568359 0.208984 0.564453 0.205078 0.560547 0.205078 0.558594 0.203125 0.546875 0.203125 0.544922 0.201172 0.535156 0.201172 0.533203 0.203125 0.523438 0.203125 0.519531 0.207031 0.517578 0.207031 0.517578 0.208984 0.509766 0.216797 0.507812 0.216797 0.507812 0.218750 0.505859 0.220703 0.503906 0.218750 0.501953 0.218750 0.498047 0.214844 0.494141 0.214844 0.492188 0.212891 0.492188 0.210938 0.488281 0.210938 0.486328 0.208984 0.486328 0.207031 0.484375 0.207031 0.482422 0.205078 0.482422 0.203125 0.480469 0.203125 0.478516 0.201172 0.478516 0.199219 0.474609 0.195312 0.474609 0.191406 0.478516 0.187500 0.480469 0.187500 0.482422 0.185547 0.494141 0.185547 0.494141 0.181641 0.478516 0.181641 0.476562 0.183594 0.472656 0.183594 0.470703 0.185547 0.470703 0.187500 0.468750 0.189453 0.468750 0.193359 0.470703 0.195312 0.470703 0.197266 0.472656 0.199219 0.472656 0.201172 0.474609 0.203125 0.476562 0.203125 0.478516 0.205078 0.478516 0.207031 0.480469 0.207031 0.482422 0.208984 0.482422 0.210938 0.486328 0.210938 0.488281 0.212891 0.488281 0.214844 0.492188 0.214844 0.494141 0.216797 0.494141 0.218750 0.496094 0.220703 0.498047 0.220703 0.501953 0.224609 0.509766 0.224609 0.511719 0.222656 0.511719 0.220703 0.513672 0.218750 0.515625 0.218750 0.519531 0.214844 0.519531 0.212891 0.523438 0.208984 0.525391 0.208984 0.527344 0.207031 0.535156 0.207031 0.537109 0.205078 0.544922 0.205078 0.546875 0.207031 0.558594 0.207031 0.562500 0.210938 0.564453 0.210938 0.566406 0.212891 0.583984 0.212891 0.585938 0.210938 0.587891 0.210938 0.589844 0.208984 0.591797 0.208984 0.593750 0.210938 0.597656 0.210938 0.599609 0.212891 0.599609 0.214844 0.603516 0.214844 0.605469 0.216797 0.611328 0.216797 0.615234 0.212891 0.617188 0.212891 0.619141 0.210938 0.619141 0.208984 0.621094 0.207031 0.625000 0.207031 0.625000 0.205078 0.628906 0.201172 0.642578 0.201172 0.644531 0.199219 0.646484 0.199219 0.650391 0.195312 0.652344 0.195312 0.654297 0.193359 0.658203 0.193359 0.658203 0.191406 0.667969 0.181641 0.669922 0.181641 0.669922 0.179688 0.671875 0.177734 0.671875 0.171875 0.673828 0.169922 0.673828 0.167969 0.675781 0.166016 0.675781 0.164062 0.677734 0.162109 0.681641 0.162109 0.683594 0.160156 0.701172 0.160156 0.703125 0.158203 0.707031 0.158203 0.710938 0.154297 0.714844 0.154297 0.722656 0.146484 0.730469 0.146484 0.730469 0.144531 0.734375 0.140625 0.738281 0.140625 0.740234 0.138672 0.740234 0.136719 0.742188 0.134766 0.744141 0.134766 0.746094 0.132812 0.759766 0.132812 0.763672 0.128906 0.765625 0.128906 0.769531 0.125000 0.771484 0.125000 0.773438 0.123047 0.777344 0.123047 0.779297 0.121094 0.783203 0.121094 0.785156 0.119141 0.787109 0.119141 0.789062 0.117188 0.820312 0.117188 0.824219 0.113281 0.826172 0.113281 0.830078 0.109375 0.833984 0.109375 0.833984 0.107422 0.835938 0.105469 0.835938 0.101562 0.837891 0.099609 0.839844 0.099609 0.839844 0.097656 0.851562 0.085938 0.855469 0.085938 0.855469 0.083984 0.859375 0.080078 0.867188 0.080078 0.869141 0.078125 0.871094 0.078125 0.876953 0.072266 0.878906 0.072266 0.880859 0.070312 0.882812 0.070312 0.882812 0.068359 0.884766 0.066406 0.886719 0.066406 0.888672 0.064453 0.896484 0.064453 0.896484 0.062500 0.898438 0.060547 0.900391 0.060547 0.900391 0.054688
0 0.492188 0.048828 0.492188 0.052734 0.496094 0.052734 0.496094 0.048828
0 0.486328 0.039062 0.486328 0.042969 0.490234 0.042969 0.490234 0.039062
0 0.343750 0.015625 0.343750 0.019531 0.345703 0.019531 0.349609 0.023438 0.349609 0.027344 0.353516 0.027344 0.355469 0.029297 0.355469 0.031250 0.357422 0.031250 0.359375 0.033203 0.359375 0.035156 0.361328 0.037109 0.363281 0.037109 0.365234 0.039062 0.365234 0.041016 0.369141 0.041016 0.371094 0.042969 0.371094 0.044922 0.375000 0.048828 0.376953 0.048828 0.378906 0.050781 0.378906 0.052734 0.382812 0.056641 0.382812 0.070312 0.384766 0.072266 0.384766 0.083984 0.388672 0.083984 0.392578 0.087891 0.392578 0.089844 0.398438 0.089844 0.398438 0.087891 0.400391 0.085938 0.404297 0.085938 0.404297 0.083984 0.408203 0.080078 0.410156 0.080078 0.412109 0.078125 0.414062 0.078125 0.414062 0.076172 0.416016 0.074219 0.417969 0.074219 0.419922 0.072266 0.429688 0.072266 0.431641 0.074219 0.441406 0.074219 0.443359 0.076172 0.445312 0.076172 0.447266 0.078125 0.449219 0.078125 0.455078 0.083984 0.455078 0.085938 0.458984 0.085938 0.460938 0.087891 0.460938 0.089844 0.462891 0.091797 0.468750 0.091797 0.470703 0.093750 0.472656 0.093750 0.474609 0.095703 0.474609 0.097656 0.476562 0.099609 0.476562 0.101562 0.478516 0.103516 0.478516 0.105469 0.482422 0.105469 0.482422 0.097656 0.480469 0.097656 0.478516 0.095703 0.478516 0.093750 0.476562 0.091797 0.476562 0.089844 0.474609 0.087891 0.466797 0.087891 0.464844 0.085938 0.462891 0.085938 0.460938 0.083984 0.460938 0.082031 0.458984 0.082031 0.457031 0.080078 0.457031 0.078125 0.455078 0.076172 0.453125 0.076172 0.451172 0.074219 0.451172 0.072266 0.447266 0.072266 0.445312 0.070312 0.433594 0.070312 0.431641 0.068359 0.417969 0.068359 0.416016 0.070312 0.412109 0.070312 0.412109 0.072266 0.408203 0.076172 0.404297 0.076172 0.402344 0.078125 0.402344 0.080078 0.400391 0.082031 0.390625 0.082031 0.388672 0.080078 0.388672 0.070312 0.386719 0.068359 0.386719 0.052734 0.382812 0.048828 0.380859 0.048828 0.378906 0.046875 0.378906 0.044922 0.375000 0.041016 0.373047 0.041016 0.371094 0.039062 0.371094 0.037109 0.367188 0.037109 0.365234 0.035156 0.365234 0.033203 0.363281 0.031250 0.363281 0.029297 0.361328 0.029297 0.357422 0.025391 0.357422 0.023438 0.353516 0.023438 0.351562 0.021484 0.351562 0.017578 0.349609 0.017578 0.347656 0.015625
0 0.480469 0.005859 0.480469 0.007812 0.478516 0.009766 0.476562 0.009766 0.476562 0.013672 0.474609 0.015625 0.470703 0.015625 0.470703 0.023438 0.472656 0.023438 0.474609 0.025391 0.474609 0.027344 0.476562 0.029297 0.480469 0.029297 0.482422 0.031250 0.482422 0.035156 0.486328 0.035156 0.486328 0.031250 0.482422 0.031250 0.480469 0.029297 0.480469 0.025391 0.476562 0.021484 0.478516 0.019531 0.478516 0.015625 0.480469 0.013672 0.480469 0.011719 0.482422 0.009766 0.488281 0.009766 0.488281 0.005859