0 0.925781 0.990234 0.923828 0.992188 0.917969 0.992188 0.927734 0.992188
0 0.785156 0.984375 0.783203 0.986328 0.781250 0.986328 0.783203 0.988281 0.781250 0.990234 0.783203 0.992188 0.794922 0.992188 0.796875 0.990234 0.794922 0.988281 0.792969 0.988281 0.791016 0.986328 0.787109 0.986328
0 0.876953 0.976562 0.876953 0.978516 0.871094 0.984375 0.863281 0.984375 0.861328 0.986328 0.859375 0.986328 0.857422 0.988281 0.857422 0.992188 0.900391 0.992188 0.898438 0.990234 0.898438 0.984375 0.894531 0.980469 0.892578 0.980469 0.888672 0.976562
0 0.429688 0.945312 0.427734 0.947266 0.423828 0.947266 0.419922 0.951172 0.417969 0.951172 0.414062 0.955078 0.414062 0.958984 0.416016 0.958984 0.419922 0.962891 0.419922 0.964844 0.421875 0.966797 0.421875 0.968750 0.417969 0.972656 0.412109 0.972656 0.416016 0.976562 0.410156 0.982422 0.404297 0.982422 0.404297 0.984375 0.400391 0.988281 0.398438 0.986328 0.396484 0.988281 0.396484 0.992188 0.468750 0.992188 0.468750 0.984375 0.464844 0.980469 0.464844 0.976562 0.462891 0.974609 0.462891 0.972656 0.460938 0.970703 0.460938 0.966797 0.457031 0.966797 0.455078 0.964844 0.455078 0.962891 0.453125 0.960938 0.453125 0.958984 0.451172 0.957031 0.449219 0.957031 0.447266 0.955078 0.445312 0.955078 0.437500 0.947266 0.435547 0.947266 0.433594 0.945312
0 0.771484 0.937500 0.771484 0.941406 0.769531 0.943359 0.769531 0.947266 0.771484 0.949219 0.771484 0.951172 0.773438 0.953125 0.773438 0.955078 0.771484 0.957031 0.769531 0.957031 0.771484 0.957031 0.773438 0.958984 0.771484 0.960938 0.771484 0.968750 0.769531 0.970703 0.767578 0.970703 0.767578 0.974609 0.763672 0.978516 0.755859 0.978516 0.755859 0.982422 0.753906 0.984375 0.753906 0.986328 0.751953 0.988281 0.751953 0.990234 0.750000 0.992188 0.773438 0.992188 0.771484 0.990234 0.767578 0.990234 0.765625 0.988281 0.767578 0.986328 0.771484 0.986328 0.777344 0.980469 0.781250 0.980469 0.781250 0.968750 0.783203 0.966797 0.791016 0.966797 0.792969 0.964844 0.792969 0.957031 0.794922 0.955078 0.794922 0.949219 0.791016 0.949219 0.783203 0.941406 0.783203 0.939453 0.781250 0.939453 0.779297 0.937500
0 0.527344 0.927734 0.521484 0.933594 0.521484 0.935547 0.519531 0.937500 0.515625 0.937500 0.513672 0.939453 0.507812 0.939453 0.505859 0.941406 0.505859 0.945312 0.507812 0.947266 0.507812 0.949219 0.505859 0.951172 0.505859 0.953125 0.503906 0.955078 0.503906 0.972656 0.505859 0.974609 0.505859 0.976562 0.503906 0.978516 0.505859 0.978516 0.507812 0.980469 0.509766 0.980469 0.511719 0.982422 0.513672 0.982422 0.515625 0.984375 0.515625 0.986328 0.523438 0.986328 0.525391 0.988281 0.525391 0.992188 0.576172 0.992188 0.587891 0.980469 0.589844 0.980469 0.589844 0.978516 0.593750 0.974609 0.593750 0.972656 0.595703 0.970703 0.597656 0.972656 0.599609 0.972656 0.601562 0.974609 0.613281 0.974609 0.613281 0.972656 0.611328 0.970703 0.611328 0.966797 0.609375 0.966797 0.605469 0.962891 0.605469 0.953125 0.603516 0.953125 0.599609 0.949219 0.599609 0.937500 0.597656 0.937500 0.591797 0.931641 0.589844 0.931641 0.582031 0.939453 0.572266 0.939453 0.570312 0.937500 0.570312 0.935547 0.568359 0.933594 0.566406 0.933594 0.564453 0.935547 0.562500 0.933594 0.560547 0.933594 0.556641 0.929688 0.554688 0.929688 0.552734 0.931641 0.544922 0.931641 0.542969 0.929688 0.541016 0.929688 0.539062 0.927734
0 0.630859 0.904297 0.628906 0.906250 0.626953 0.906250 0.628906 0.906250 0.630859 0.908203 0.630859 0.916016 0.628906 0.917969 0.626953 0.917969 0.628906 0.919922 0.626953 0.921875 0.626953 0.925781 0.625000 0.927734 0.621094 0.927734 0.621094 0.929688 0.619141 0.931641 0.619141 0.933594 0.615234 0.937500 0.615234 0.945312 0.619141 0.949219 0.619141 0.958984 0.621094 0.957031 0.628906 0.957031 0.630859 0.958984 0.630859 0.960938 0.632812 0.960938 0.636719 0.957031 0.636719 0.955078 0.640625 0.951172 0.642578 0.951172 0.642578 0.947266 0.644531 0.945312 0.646484 0.945312 0.646484 0.943359 0.648438 0.941406 0.648438 0.939453 0.650391 0.937500 0.650391 0.933594 0.652344 0.931641 0.652344 0.925781 0.648438 0.921875 0.648438 0.916016 0.646484 0.914062 0.646484 0.910156 0.644531 0.908203 0.642578 0.908203 0.638672 0.904297
0 0.667969 0.892578 0.667969 0.894531 0.664062 0.898438 0.662109 0.898438 0.660156 0.900391 0.658203 0.900391 0.654297 0.904297 0.654297 0.912109 0.658203 0.916016 0.658203 0.917969 0.662109 0.921875 0.660156 0.923828 0.662109 0.925781 0.664062 0.925781 0.666016 0.927734 0.675781 0.927734 0.675781 0.925781 0.677734 0.923828 0.677734 0.919922 0.675781 0.917969 0.675781 0.916016 0.673828 0.916016 0.671875 0.914062 0.675781 0.910156 0.675781 0.902344 0.673828 0.900391 0.673828 0.894531 0.671875 0.894531 0.669922 0.892578
0 0.507812 0.867188 0.507812 0.871094 0.509766 0.873047 0.509766 0.875000 0.511719 0.876953 0.511719 0.878906 0.513672 0.878906 0.517578 0.882812 0.517578 0.886719 0.523438 0.886719 0.523438 0.884766 0.525391 0.882812 0.529297 0.882812 0.531250 0.880859 0.533203 0.880859 0.533203 0.878906 0.531250 0.876953 0.529297 0.876953 0.527344 0.875000 0.527344 0.873047 0.525391 0.871094 0.523438 0.871094 0.521484 0.869141 0.519531 0.869141 0.517578 0.867188
0 0.794922 0.835938 0.794922 0.837891 0.792969 0.839844 0.791016 0.839844 0.785156 0.845703 0.783203 0.845703 0.783203 0.849609 0.785156 0.849609 0.787109 0.851562 0.787109 0.853516 0.796875 0.853516 0.802734 0.847656 0.802734 0.837891 0.800781 0.837891 0.798828 0.835938
0 0.011719 0.824219 0.011719 0.826172 0.009766 0.828125 0.009766 0.835938 0.011719 0.835938 0.013672 0.837891 0.013672 0.843750 0.011719 0.845703 0.011719 0.847656 0.009766 0.849609 0.009766 0.851562 0.007812 0.853516 0.005859 0.851562 0.003906 0.851562 0.001953 0.853516 0.000000 0.851562 0.000000 0.939453 0.003906 0.939453 0.005859 0.941406 0.013672 0.941406 0.013672 0.939453 0.011719 0.939453 0.007812 0.935547 0.009766 0.933594 0.009766 0.931641 0.011719 0.929688 0.019531 0.929688 0.021484 0.927734 0.023438 0.927734 0.027344 0.931641 0.025391 0.933594 0.033203 0.933594 0.033203 0.931641 0.037109 0.927734 0.042969 0.927734 0.046875 0.931641 0.056641 0.921875 0.058594 0.921875 0.058594 0.919922 0.060547 0.917969 0.060547 0.912109 0.062500 0.910156 0.066406 0.910156 0.068359 0.912109 0.068359 0.910156 0.072266 0.906250 0.072266 0.890625 0.070312 0.888672 0.066406 0.888672 0.064453 0.886719 0.062500 0.886719 0.056641 0.880859 0.056641 0.876953 0.054688 0.876953 0.052734 0.875000 0.048828 0.878906 0.042969 0.873047 0.041016 0.873047 0.039062 0.871094 0.039062 0.867188 0.031250 0.859375 0.031250 0.855469 0.029297 0.853516 0.029297 0.851562 0.027344 0.849609 0.029297 0.847656 0.029297 0.839844 0.027344 0.837891 0.027344 0.835938 0.023438 0.832031 0.023438 0.830078 0.021484 0.830078 0.015625 0.824219
0 0.078125 0.818359 0.074219 0.822266 0.072266 0.822266 0.072266 0.828125 0.074219 0.830078 0.074219 0.832031 0.085938 0.832031 0.085938 0.828125 0.089844 0.824219 0.089844 0.820312 0.087891 0.818359
0 0.062500 0.810547 0.056641 0.816406 0.056641 0.820312 0.062500 0.820312 0.064453 0.818359 0.064453 0.816406 0.066406 0.814453 0.066406 0.810547
0 0.121094 0.806641 0.121094 0.812500 0.123047 0.814453 0.123047 0.822266 0.126953 0.822266 0.128906 0.824219 0.134766 0.824219 0.134766 0.816406 0.128906 0.810547 0.128906 0.808594 0.126953 0.806641
0 0.478516 0.802734 0.476562 0.804688 0.466797 0.804688 0.466797 0.810547 0.462891 0.814453 0.462891 0.816406 0.468750 0.816406 0.470703 0.818359 0.472656 0.818359 0.474609 0.816406 0.476562 0.816406 0.482422 0.810547 0.482422 0.808594 0.484375 0.806641 0.486328 0.806641 0.482422 0.802734
0 0.490234 0.789062 0.490234 0.791016 0.488281 0.792969 0.488281 0.794922 0.486328 0.796875 0.486328 0.798828 0.488281 0.800781 0.490234 0.798828 0.492188 0.798828 0.494141 0.800781 0.500000 0.800781 0.500000 0.796875 0.498047 0.794922 0.496094 0.794922 0.494141 0.792969 0.494141 0.791016 0.492188 0.791016
0 0.529297 0.783203 0.529297 0.791016 0.531250 0.792969 0.529297 0.794922 0.525391 0.794922 0.523438 0.796875 0.521484 0.796875 0.519531 0.794922 0.515625 0.794922 0.511719 0.791016 0.507812 0.791016 0.507812 0.792969 0.505859 0.794922 0.505859 0.796875 0.507812 0.796875 0.509766 0.798828 0.509766 0.802734 0.507812 0.804688 0.503906 0.804688 0.503906 0.808594 0.501953 0.810547 0.500000 0.810547 0.500000 0.816406 0.498047 0.818359 0.494141 0.818359 0.492188 0.816406 0.486328 0.816406 0.486328 0.820312 0.482422 0.824219 0.480469 0.824219 0.478516 0.826172 0.478516 0.828125 0.476562 0.830078 0.474609 0.830078 0.472656 0.828125 0.464844 0.828125 0.466797 0.830078 0.464844 0.832031 0.464844 0.833984 0.462891 0.835938 0.462891 0.839844 0.460938 0.841797 0.458984 0.841797 0.458984 0.845703 0.460938 0.847656 0.460938 0.849609 0.466797 0.855469 0.466797 0.859375 0.468750 0.859375 0.470703 0.861328 0.468750 0.863281 0.472656 0.863281 0.474609 0.865234 0.478516 0.865234 0.480469 0.863281 0.484375 0.863281 0.486328 0.861328 0.488281 0.861328 0.490234 0.859375 0.494141 0.859375 0.492188 0.857422 0.494141 0.855469 0.494141 0.853516 0.496094 0.851562 0.496094 0.849609 0.498047 0.847656 0.500000 0.847656 0.500000 0.843750 0.501953 0.841797 0.503906 0.841797 0.505859 0.839844 0.509766 0.839844 0.515625 0.833984 0.515625 0.830078 0.517578 0.828125 0.519531 0.828125 0.521484 0.830078 0.523438 0.830078 0.527344 0.826172 0.533203 0.832031 0.535156 0.832031 0.539062 0.835938 0.537109 0.837891 0.537109 0.839844 0.535156 0.841797 0.535156 0.845703 0.533203 0.847656 0.533203 0.851562 0.537109 0.855469 0.537109 0.857422 0.539062 0.859375 0.544922 0.859375 0.546875 0.857422 0.548828 0.857422 0.552734 0.853516 0.552734 0.849609 0.542969 0.839844 0.544922 0.837891 0.544922 0.833984 0.548828 0.830078 0.548828 0.826172 0.550781 0.824219 0.550781 0.820312 0.552734 0.818359 0.552734 0.816406 0.550781 0.814453 0.550781 0.808594 0.548828 0.806641 0.548828 0.804688 0.544922 0.800781 0.544922 0.794922 0.542969 0.794922 0.541016 0.792969 0.541016 0.791016 0.539062 0.789062 0.539062 0.785156 0.537109 0.783203
0 0.796875 0.779297 0.794922 0.781250 0.792969 0.781250 0.791016 0.783203 0.789062 0.783203 0.785156 0.787109 0.785156 0.794922 0.783203 0.796875 0.781250 0.796875 0.779297 0.798828 0.783203 0.802734 0.783203 0.806641 0.789062 0.806641 0.792969 0.802734 0.796875 0.802734 0.798828 0.800781 0.802734 0.800781 0.806641 0.796875 0.808594 0.796875 0.808594 0.792969 0.810547 0.791016 0.810547 0.787109 0.808594 0.785156 0.808594 0.781250 0.806641 0.779297
0 0.054688 0.771484 0.052734 0.773438 0.052734 0.775391 0.046875 0.781250 0.046875 0.792969 0.048828 0.792969 0.050781 0.794922 0.052734 0.794922 0.054688 0.792969 0.064453 0.792969 0.066406 0.791016 0.066406 0.789062 0.068359 0.787109 0.068359 0.779297 0.066406 0.777344 0.066406 0.773438 0.064453 0.771484
0 0.013672 0.759766 0.013672 0.761719 0.011719 0.763672 0.009766 0.763672 0.007812 0.765625 0.005859 0.765625 0.005859 0.771484 0.011719 0.777344 0.019531 0.777344 0.019531 0.771484 0.017578 0.769531 0.017578 0.761719 0.015625 0.759766
0 0.447266 0.748047 0.443359 0.751953 0.443359 0.753906 0.441406 0.755859 0.439453 0.755859 0.437500 0.757812 0.435547 0.757812 0.433594 0.755859 0.431641 0.755859 0.427734 0.759766 0.419922 0.759766 0.417969 0.761719 0.417969 0.763672 0.416016 0.765625 0.416016 0.769531 0.414062 0.771484 0.410156 0.771484 0.408203 0.769531 0.408203 0.777344 0.412109 0.781250 0.412109 0.783203 0.414062 0.781250 0.416016 0.781250 0.417969 0.783203 0.417969 0.785156 0.419922 0.787109 0.421875 0.787109 0.423828 0.789062 0.425781 0.789062 0.427734 0.791016 0.427734 0.792969 0.423828 0.796875 0.425781 0.798828 0.425781 0.802734 0.419922 0.808594 0.417969 0.808594 0.414062 0.812500 0.414062 0.820312 0.416016 0.822266 0.417969 0.822266 0.421875 0.826172 0.419922 0.828125 0.419922 0.832031 0.417969 0.833984 0.417969 0.835938 0.419922 0.837891 0.421875 0.837891 0.423828 0.839844 0.425781 0.839844 0.427734 0.837891 0.427734 0.833984 0.431641 0.830078 0.433594 0.830078 0.439453 0.824219 0.441406 0.824219 0.445312 0.820312 0.445312 0.818359 0.441406 0.814453 0.443359 0.812500 0.445312 0.812500 0.449219 0.808594 0.453125 0.808594 0.455078 0.806641 0.455078 0.796875 0.458984 0.792969 0.460938 0.792969 0.462891 0.791016 0.462891 0.787109 0.460938 0.787109 0.457031 0.783203 0.457031 0.777344 0.458984 0.775391 0.458984 0.773438 0.462891 0.769531 0.468750 0.769531 0.470703 0.771484 0.470703 0.773438 0.472656 0.773438 0.476562 0.777344 0.478516 0.775391 0.484375 0.775391 0.486328 0.777344 0.486328 0.779297 0.488281 0.781250 0.494141 0.781250 0.498047 0.777344 0.498047 0.773438 0.496094 0.771484 0.498047 0.769531 0.498047 0.767578 0.500000 0.765625 0.500000 0.759766 0.498047 0.757812 0.498047 0.755859 0.496094 0.753906 0.496094 0.751953 0.494141 0.751953 0.490234 0.755859 0.488281 0.755859 0.486328 0.757812 0.480469 0.757812 0.478516 0.755859 0.478516 0.761719 0.476562 0.763672 0.474609 0.763672 0.472656 0.765625 0.470703 0.765625 0.468750 0.763672 0.464844 0.763672 0.462891 0.765625 0.458984 0.765625 0.455078 0.761719 0.457031 0.759766 0.457031 0.753906 0.453125 0.750000 0.453125 0.748047
0 0.408203 0.740234 0.406250 0.742188 0.404297 0.742188 0.402344 0.744141 0.402344 0.748047 0.408203 0.748047 0.410156 0.746094 0.412109 0.746094 0.412109 0.740234
0 0.427734 0.738281 0.427734 0.742188 0.431641 0.746094 0.435547 0.746094 0.435547 0.742188 0.431641 0.738281
0 0.798828 0.730469 0.798828 0.738281 0.802734 0.742188 0.802734 0.746094 0.794922 0.753906 0.794922 0.759766 0.802734 0.759766 0.804688 0.757812 0.806641 0.757812 0.810547 0.753906 0.810547 0.751953 0.812500 0.750000 0.812500 0.738281 0.804688 0.730469
0 0.050781 0.728516 0.050781 0.736328 0.056641 0.742188 0.056641 0.744141 0.062500 0.750000 0.062500 0.751953 0.066406 0.751953 0.066406 0.748047 0.068359 0.746094 0.068359 0.742188 0.066406 0.740234 0.064453 0.740234 0.062500 0.738281 0.060547 0.738281 0.058594 0.736328 0.058594 0.732422 0.056641 0.730469 0.056641 0.728516
0 0.558594 0.724609 0.556641 0.726562 0.554688 0.726562 0.552734 0.728516 0.552734 0.736328 0.554688 0.738281 0.554688 0.744141 0.552734 0.746094 0.546875 0.746094 0.542969 0.742188 0.542969 0.738281 0.537109 0.738281 0.535156 0.740234 0.529297 0.740234 0.527344 0.742188 0.525391 0.742188 0.523438 0.740234 0.523438 0.738281 0.521484 0.736328 0.521484 0.734375 0.519531 0.734375 0.517578 0.732422 0.515625 0.734375 0.511719 0.734375 0.509766 0.736328 0.509766 0.738281 0.507812 0.740234 0.507812 0.744141 0.511719 0.748047 0.513672 0.748047 0.515625 0.750000 0.515625 0.751953 0.513672 0.753906 0.513672 0.761719 0.517578 0.761719 0.519531 0.759766 0.523438 0.759766 0.525391 0.761719 0.525391 0.763672 0.525391 0.761719 0.527344 0.759766 0.529297 0.759766 0.531250 0.761719 0.531250 0.763672 0.535156 0.763672 0.537109 0.765625 0.537109 0.767578 0.541016 0.771484 0.546875 0.771484 0.548828 0.769531 0.550781 0.769531 0.554688 0.773438 0.554688 0.775391 0.552734 0.777344 0.552734 0.785156 0.560547 0.785156 0.566406 0.779297 0.568359 0.779297 0.570312 0.777344 0.572266 0.777344 0.574219 0.775391 0.578125 0.775391 0.580078 0.777344 0.580078 0.781250 0.582031 0.783203 0.585938 0.779297 0.585938 0.777344 0.587891 0.775391 0.589844 0.775391 0.591797 0.773438 0.603516 0.773438 0.601562 0.771484 0.601562 0.765625 0.603516 0.763672 0.605469 0.763672 0.605469 0.759766 0.607422 0.757812 0.619141 0.757812 0.623047 0.761719 0.623047 0.763672 0.626953 0.767578 0.626953 0.773438 0.625000 0.775391 0.625000 0.783203 0.626953 0.781250 0.628906 0.781250 0.630859 0.783203 0.630859 0.796875 0.636719 0.802734 0.636719 0.806641 0.638672 0.808594 0.644531 0.808594 0.646484 0.810547 0.646484 0.822266 0.642578 0.826172 0.642578 0.828125 0.646484 0.832031 0.646484 0.833984 0.648438 0.835938 0.648438 0.837891 0.650391 0.839844 0.652344 0.839844 0.654297 0.841797 0.656250 0.841797 0.658203 0.843750 0.658203 0.845703 0.660156 0.845703 0.666016 0.851562 0.667969 0.851562 0.669922 0.849609 0.669922 0.847656 0.667969 0.845703 0.671875 0.841797 0.675781 0.841797 0.681641 0.847656 0.683594 0.847656 0.687500 0.851562 0.687500 0.853516 0.697266 0.853516 0.701172 0.857422 0.705078 0.857422 0.707031 0.859375 0.708984 0.859375 0.716797 0.867188 0.716797 0.869141 0.718750 0.871094 0.718750 0.875000 0.720703 0.876953 0.720703 0.890625 0.718750 0.892578 0.718750 0.898438 0.728516 0.898438 0.732422 0.894531 0.734375 0.894531 0.736328 0.896484 0.736328 0.898438 0.738281 0.898438 0.740234 0.900391 0.740234 0.904297 0.738281 0.906250 0.738281 0.908203 0.742188 0.904297 0.744141 0.906250 0.744141 0.908203 0.742188 0.910156 0.744141 0.910156 0.744141 0.908203 0.746094 0.906250 0.751953 0.906250 0.753906 0.908203 0.753906 0.910156 0.755859 0.908203 0.757812 0.908203 0.757812 0.904297 0.761719 0.900391 0.763672 0.902344 0.765625 0.900391 0.769531 0.900391 0.773438 0.896484 0.771484 0.894531 0.773438 0.892578 0.773438 0.888672 0.771484 0.886719 0.773438 0.884766 0.773438 0.880859 0.771484 0.880859 0.769531 0.878906 0.769531 0.876953 0.767578 0.876953 0.765625 0.878906 0.761719 0.875000 0.761719 0.873047 0.763672 0.871094 0.763672 0.869141 0.765625 0.867188 0.765625 0.861328 0.757812 0.853516 0.761719 0.849609 0.765625 0.849609 0.767578 0.847656 0.769531 0.847656 0.769531 0.845703 0.771484 0.843750 0.771484 0.841797 0.773438 0.839844 0.773438 0.830078 0.777344 0.826172 0.781250 0.826172 0.781250 0.820312 0.779297 0.818359 0.779297 0.816406 0.775391 0.812500 0.775391 0.802734 0.771484 0.798828 0.771484 0.796875 0.769531 0.794922 0.769531 0.781250 0.767578 0.779297 0.767578 0.777344 0.765625 0.775391 0.765625 0.767578 0.767578 0.765625 0.761719 0.759766 0.755859 0.759766 0.753906 0.761719 0.753906 0.775391 0.751953 0.777344 0.753906 0.779297 0.751953 0.781250 0.750000 0.781250 0.748047 0.783203 0.748047 0.785156 0.746094 0.787109 0.744141 0.787109 0.742188 0.789062 0.738281 0.785156 0.736328 0.785156 0.734375 0.783203 0.738281 0.779297 0.740234 0.779297 0.738281 0.777344 0.740234 0.775391 0.742188 0.775391 0.744141 0.773438 0.746094 0.773438 0.744141 0.771484 0.746094 0.769531 0.746094 0.761719 0.742188 0.761719 0.740234 0.763672 0.738281 0.761719 0.738281 0.759766 0.736328 0.759766 0.730469 0.753906 0.730469 0.748047 0.728516 0.746094 0.722656 0.746094 0.718750 0.750000 0.716797 0.750000 0.714844 0.748047 0.705078 0.748047 0.705078 0.753906 0.707031 0.755859 0.708984 0.755859 0.712891 0.759766 0.712891 0.761719 0.708984 0.765625 0.708984 0.767578 0.705078 0.771484 0.701172 0.771484 0.701172 0.773438 0.699219 0.775391 0.697266 0.775391 0.695312 0.773438 0.695312 0.771484 0.693359 0.773438 0.691406 0.773438 0.689453 0.775391 0.689453 0.777344 0.687500 0.779297 0.687500 0.781250 0.685547 0.783203 0.677734 0.783203 0.675781 0.781250 0.675781 0.763672 0.671875 0.763672 0.669922 0.761719 0.667969 0.761719 0.666016 0.759766 0.660156 0.759766 0.656250 0.755859 0.656250 0.753906 0.652344 0.750000 0.652344 0.748047 0.646484 0.748047 0.644531 0.746094 0.644531 0.744141 0.642578 0.744141 0.640625 0.742188 0.640625 0.740234 0.642578 0.738281 0.644531 0.738281 0.644531 0.736328 0.640625 0.736328 0.632812 0.728516 0.628906 0.732422 0.619141 0.732422 0.619141 0.734375 0.621094 0.736328 0.617188 0.740234 0.615234 0.740234 0.615234 0.742188 0.613281 0.744141 0.611328 0.742188 0.611328 0.740234 0.607422 0.740234 0.603516 0.744141 0.597656 0.744141 0.595703 0.742188 0.595703 0.740234 0.593750 0.738281 0.593750 0.736328 0.591797 0.736328 0.589844 0.734375 0.589844 0.724609 0.576172 0.724609 0.576172 0.726562 0.574219 0.728516 0.572266 0.728516 0.570312 0.730469 0.568359 0.730469 0.562500 0.724609
0 0.093750 0.724609 0.093750 0.728516 0.095703 0.730469 0.103516 0.730469 0.105469 0.728516 0.105469 0.724609
0 0.283203 0.720703 0.281250 0.722656 0.279297 0.722656 0.275391 0.726562 0.275391 0.728516 0.267578 0.736328 0.265625 0.736328 0.265625 0.740234 0.267578 0.742188 0.265625 0.744141 0.265625 0.746094 0.259766 0.751953 0.255859 0.751953 0.255859 0.753906 0.257812 0.755859 0.255859 0.757812 0.253906 0.757812 0.251953 0.755859 0.251953 0.757812 0.250000 0.759766 0.248047 0.759766 0.246094 0.761719 0.246094 0.765625 0.250000 0.769531 0.250000 0.771484 0.251953 0.773438 0.251953 0.775391 0.253906 0.777344 0.253906 0.789062 0.251953 0.791016 0.250000 0.791016 0.250000 0.800781 0.271484 0.800781 0.273438 0.802734 0.281250 0.802734 0.285156 0.798828 0.289062 0.798828 0.289062 0.791016 0.285156 0.787109 0.285156 0.781250 0.287109 0.779297 0.289062 0.779297 0.289062 0.777344 0.291016 0.775391 0.291016 0.763672 0.289062 0.761719 0.289062 0.759766 0.285156 0.755859 0.285156 0.750000 0.287109 0.748047 0.287109 0.746094 0.291016 0.742188 0.292969 0.742188 0.294922 0.740234 0.296875 0.740234 0.300781 0.736328 0.294922 0.730469 0.294922 0.724609 0.292969 0.722656 0.292969 0.720703 0.291016 0.722656 0.289062 0.720703
0 0.433594 0.710938 0.431641 0.712891 0.429688 0.712891 0.429688 0.714844 0.427734 0.716797 0.425781 0.716797 0.425781 0.718750 0.427734 0.720703 0.427734 0.724609 0.425781 0.726562 0.421875 0.726562 0.421875 0.728516 0.419922 0.730469 0.412109 0.730469 0.412109 0.734375 0.414062 0.736328 0.423828 0.736328 0.431641 0.728516 0.431641 0.726562 0.435547 0.722656 0.441406 0.722656 0.441406 0.714844 0.437500 0.710938
0 0.925781 0.708984 0.921875 0.712891 0.912109 0.712891 0.910156 0.714844 0.908203 0.714844 0.906250 0.716797 0.892578 0.716797 0.890625 0.714844 0.888672 0.714844 0.886719 0.712891 0.880859 0.712891 0.880859 0.714844 0.871094 0.724609 0.869141 0.724609 0.869141 0.726562 0.865234 0.730469 0.865234 0.736328 0.863281 0.738281 0.863281 0.740234 0.861328 0.742188 0.861328 0.750000 0.859375 0.751953 0.859375 0.753906 0.857422 0.755859 0.859375 0.757812 0.857422 0.759766 0.857422 0.761719 0.861328 0.765625 0.861328 0.769531 0.869141 0.777344 0.871094 0.777344 0.873047 0.779297 0.873047 0.783203 0.875000 0.785156 0.875000 0.787109 0.878906 0.787109 0.884766 0.792969 0.880859 0.796875 0.876953 0.796875 0.871094 0.791016 0.869141 0.791016 0.867188 0.789062 0.865234 0.789062 0.863281 0.787109 0.853516 0.787109 0.851562 0.785156 0.851562 0.783203 0.841797 0.783203 0.839844 0.781250 0.839844 0.779297 0.835938 0.779297 0.833984 0.777344 0.832031 0.779297 0.832031 0.781250 0.830078 0.783203 0.830078 0.787109 0.828125 0.789062 0.837891 0.798828 0.837891 0.800781 0.839844 0.802734 0.839844 0.806641 0.841797 0.808594 0.839844 0.810547 0.833984 0.810547 0.832031 0.808594 0.830078 0.808594 0.828125 0.810547 0.828125 0.812500 0.826172 0.814453 0.828125 0.816406 0.828125 0.822266 0.826172 0.824219 0.826172 0.826172 0.824219 0.828125 0.824219 0.841797 0.826172 0.843750 0.824219 0.845703 0.824219 0.849609 0.828125 0.853516 0.828125 0.855469 0.830078 0.857422 0.830078 0.861328 0.824219 0.867188 0.822266 0.867188 0.820312 0.865234 0.818359 0.865234 0.818359 0.867188 0.820312 0.867188 0.822266 0.869141 0.820312 0.871094 0.824219 0.871094 0.826172 0.873047 0.824219 0.875000 0.822266 0.875000 0.822266 0.876953 0.824219 0.878906 0.822266 0.880859 0.824219 0.882812 0.824219 0.886719 0.828125 0.890625 0.828125 0.892578 0.835938 0.892578 0.835938 0.888672 0.833984 0.888672 0.832031 0.886719 0.832031 0.884766 0.833984 0.882812 0.839844 0.882812 0.845703 0.888672 0.845703 0.890625 0.847656 0.892578 0.847656 0.898438 0.845703 0.900391 0.845703 0.914062 0.847656 0.916016 0.853516 0.916016 0.855469 0.914062 0.855469 0.912109 0.857422 0.910156 0.859375 0.910156 0.859375 0.908203 0.861328 0.906250 0.863281 0.906250 0.863281 0.904297 0.865234 0.902344 0.869141 0.902344 0.873047 0.898438 0.880859 0.898438 0.888672 0.906250 0.890625 0.906250 0.892578 0.908203 0.894531 0.908203 0.898438 0.912109 0.898438 0.916016 0.900391 0.916016 0.902344 0.917969 0.908203 0.917969 0.910156 0.919922 0.910156 0.921875 0.912109 0.921875 0.914062 0.919922 0.916016 0.919922 0.917969 0.921875 0.917969 0.917969 0.919922 0.916016 0.919922 0.912109 0.921875 0.910156 0.921875 0.902344 0.925781 0.898438 0.927734 0.898438 0.929688 0.896484 0.931641 0.896484 0.933594 0.898438 0.935547 0.898438 0.937500 0.896484 0.939453 0.898438 0.939453 0.904297 0.945312 0.910156 0.953125 0.910156 0.958984 0.916016 0.958984 0.917969 0.953125 0.923828 0.955078 0.925781 0.957031 0.925781 0.960938 0.929688 0.960938 0.931641 0.966797 0.931641 0.968750 0.933594 0.972656 0.933594 0.974609 0.935547 0.980469 0.935547 0.982422 0.937500 0.986328 0.937500 0.988281 0.935547 0.990234 0.937500 0.992188 0.935547 0.992188 0.832031 0.986328 0.832031 0.984375 0.830078 0.982422 0.830078 0.982422 0.832031 0.980469 0.833984 0.974609 0.833984 0.972656 0.832031 0.972656 0.830078 0.968750 0.830078 0.966797 0.828125 0.962891 0.828125 0.958984 0.832031 0.955078 0.828125 0.955078 0.824219 0.957031 0.822266 0.957031 0.818359 0.958984 0.816406 0.960938 0.816406 0.960938 0.814453 0.962891 0.812500 0.966797 0.812500 0.968750 0.810547 0.970703 0.810547 0.972656 0.808594 0.974609 0.810547 0.980469 0.810547 0.982422 0.812500 0.982422 0.816406 0.988281 0.822266 0.990234 0.822266 0.992188 0.824219 0.992188 0.763672 0.988281 0.759766 0.988281 0.755859 0.992188 0.751953 0.992188 0.738281 0.990234 0.738281 0.984375 0.732422 0.984375 0.728516 0.982422 0.730469 0.976562 0.730469 0.974609 0.732422 0.972656 0.730469 0.972656 0.724609 0.968750 0.724609 0.966797 0.722656 0.964844 0.722656 0.962891 0.720703 0.958984 0.720703 0.957031 0.718750 0.955078 0.718750 0.953125 0.716797 0.953125 0.718750 0.951172 0.720703 0.943359 0.720703 0.939453 0.716797 0.939453 0.712891 0.931641 0.712891 0.929688 0.710938 0.927734 0.710938
0 0.486328 0.708984 0.482422 0.712891 0.480469 0.712891 0.476562 0.716797 0.474609 0.716797 0.472656 0.718750 0.472656 0.720703 0.470703 0.722656 0.470703 0.726562 0.472656 0.728516 0.472656 0.732422 0.480469 0.732422 0.480469 0.728516 0.482422 0.726562 0.486328 0.726562 0.486328 0.722656 0.490234 0.718750 0.496094 0.718750 0.496094 0.712891 0.494141 0.712891 0.492188 0.710938 0.492188 0.708984
0 0.611328 0.703125 0.609375 0.705078 0.611328 0.707031 0.609375 0.708984 0.607422 0.708984 0.605469 0.710938 0.603516 0.708984 0.601562 0.710938 0.601562 0.712891 0.599609 0.714844 0.599609 0.716797 0.603516 0.720703 0.605469 0.718750 0.607422 0.718750 0.609375 0.720703 0.611328 0.720703 0.613281 0.722656 0.613281 0.720703 0.619141 0.714844 0.623047 0.714844 0.621094 0.712891 0.621094 0.710938 0.619141 0.708984 0.619141 0.703125
0 0.412109 0.691406 0.412109 0.693359 0.408203 0.697266 0.408203 0.701172 0.410156 0.701172 0.412109 0.703125 0.414062 0.703125 0.417969 0.699219 0.417969 0.693359 0.416016 0.691406
0 0.917969 0.673828 0.914062 0.677734 0.912109 0.677734 0.910156 0.679688 0.908203 0.679688 0.908203 0.685547 0.910156 0.687500 0.912109 0.687500 0.914062 0.689453 0.914062 0.691406 0.916016 0.693359 0.916016 0.695312 0.917969 0.695312 0.921875 0.699219 0.929688 0.699219 0.931641 0.697266 0.931641 0.695312 0.933594 0.693359 0.933594 0.689453 0.929688 0.685547 0.929688 0.681641 0.923828 0.675781 0.923828 0.673828
0 0.443359 0.630859 0.437500 0.636719 0.433594 0.636719 0.429688 0.640625 0.429688 0.644531 0.427734 0.646484 0.427734 0.658203 0.425781 0.660156 0.425781 0.662109 0.427734 0.664062 0.425781 0.666016 0.425781 0.667969 0.429688 0.667969 0.431641 0.669922 0.431641 0.671875 0.433594 0.671875 0.435547 0.673828 0.435547 0.677734 0.431641 0.681641 0.431641 0.683594 0.429688 0.685547 0.431641 0.687500 0.433594 0.685547 0.435547 0.687500 0.435547 0.693359 0.437500 0.695312 0.437500 0.697266 0.441406 0.701172 0.443359 0.701172 0.449219 0.707031 0.449219 0.708984 0.453125 0.708984 0.458984 0.703125 0.460938 0.703125 0.460938 0.697266 0.462891 0.695312 0.464844 0.695312 0.464844 0.693359 0.466797 0.691406 0.466797 0.689453 0.462891 0.685547 0.462891 0.683594 0.464844 0.681641 0.464844 0.677734 0.466797 0.675781 0.466797 0.673828 0.468750 0.671875 0.472656 0.671875 0.474609 0.673828 0.474609 0.675781 0.476562 0.675781 0.476562 0.673828 0.478516 0.671875 0.476562 0.669922 0.478516 0.667969 0.478516 0.666016 0.476562 0.664062 0.476562 0.662109 0.478516 0.660156 0.480469 0.660156 0.482422 0.658203 0.480469 0.656250 0.478516 0.656250 0.470703 0.648438 0.470703 0.646484 0.470703 0.648438 0.468750 0.650391 0.464844 0.646484 0.462891 0.646484 0.458984 0.642578 0.458984 0.638672 0.451172 0.630859
0 0.212891 0.591797 0.212891 0.593750 0.210938 0.595703 0.208984 0.595703 0.208984 0.601562 0.210938 0.603516 0.210938 0.609375 0.207031 0.613281 0.205078 0.613281 0.201172 0.617188 0.199219 0.617188 0.195312 0.621094 0.195312 0.623047 0.191406 0.626953 0.191406 0.638672 0.189453 0.640625 0.191406 0.642578 0.193359 0.642578 0.195312 0.644531 0.195312 0.646484 0.197266 0.648438 0.193359 0.652344 0.193359 0.654297 0.191406 0.656250 0.191406 0.660156 0.189453 0.662109 0.185547 0.662109 0.183594 0.660156 0.173828 0.660156 0.171875 0.658203 0.169922 0.658203 0.167969 0.656250 0.160156 0.656250 0.160156 0.660156 0.158203 0.662109 0.158203 0.667969 0.160156 0.669922 0.160156 0.677734 0.158203 0.679688 0.156250 0.679688 0.150391 0.685547 0.150391 0.687500 0.148438 0.689453 0.146484 0.689453 0.146484 0.691406 0.144531 0.693359 0.146484 0.695312 0.144531 0.697266 0.142578 0.697266 0.142578 0.699219 0.146484 0.699219 0.148438 0.701172 0.148438 0.703125 0.146484 0.705078 0.146484 0.708984 0.148438 0.710938 0.146484 0.712891 0.146484 0.726562 0.148438 0.728516 0.148438 0.730469 0.150391 0.732422 0.150391 0.734375 0.158203 0.742188 0.156250 0.744141 0.156250 0.748047 0.158203 0.750000 0.158203 0.751953 0.160156 0.750000 0.162109 0.751953 0.162109 0.757812 0.164062 0.757812 0.169922 0.763672 0.169922 0.765625 0.171875 0.767578 0.171875 0.769531 0.173828 0.771484 0.171875 0.773438 0.171875 0.777344 0.173828 0.777344 0.181641 0.785156 0.183594 0.783203 0.193359 0.783203 0.195312 0.781250 0.199219 0.781250 0.201172 0.779297 0.203125 0.779297 0.203125 0.777344 0.205078 0.775391 0.207031 0.775391 0.208984 0.773438 0.210938 0.773438 0.212891 0.775391 0.214844 0.773438 0.214844 0.771484 0.216797 0.769531 0.220703 0.769531 0.220703 0.767578 0.218750 0.765625 0.218750 0.759766 0.220703 0.757812 0.220703 0.755859 0.224609 0.751953 0.224609 0.750000 0.230469 0.744141 0.230469 0.720703 0.228516 0.718750 0.228516 0.714844 0.224609 0.710938 0.224609 0.707031 0.222656 0.705078 0.220703 0.705078 0.218750 0.703125 0.214844 0.703125 0.212891 0.701172 0.201172 0.701172 0.199219 0.699219 0.199219 0.689453 0.197266 0.687500 0.197266 0.681641 0.199219 0.679688 0.207031 0.679688 0.207031 0.675781 0.208984 0.673828 0.208984 0.666016 0.207031 0.664062 0.205078 0.664062 0.201172 0.660156 0.199219 0.660156 0.197266 0.658203 0.201172 0.654297 0.203125 0.654297 0.205078 0.652344 0.207031 0.652344 0.207031 0.650391 0.208984 0.648438 0.218750 0.648438 0.218750 0.640625 0.220703 0.638672 0.222656 0.638672 0.224609 0.640625 0.230469 0.634766 0.230469 0.630859 0.234375 0.626953 0.234375 0.625000 0.236328 0.623047 0.236328 0.621094 0.238281 0.619141 0.238281 0.605469 0.236328 0.603516 0.236328 0.597656 0.232422 0.597656 0.230469 0.595703 0.220703 0.595703 0.218750 0.593750 0.218750 0.591797
0 0.318359 0.529297 0.316406 0.531250 0.320312 0.535156 0.320312 0.537109 0.318359 0.539062 0.318359 0.556641 0.314453 0.560547 0.312500 0.560547 0.310547 0.562500 0.310547 0.564453 0.304688 0.570312 0.302734 0.570312 0.298828 0.574219 0.291016 0.574219 0.289062 0.572266 0.287109 0.572266 0.285156 0.570312 0.279297 0.570312 0.279297 0.572266 0.277344 0.574219 0.275391 0.574219 0.269531 0.580078 0.255859 0.580078 0.255859 0.582031 0.253906 0.583984 0.250000 0.583984 0.244141 0.589844 0.244141 0.597656 0.248047 0.601562 0.251953 0.601562 0.253906 0.603516 0.255859 0.601562 0.257812 0.603516 0.259766 0.603516 0.261719 0.601562 0.263672 0.603516 0.271484 0.603516 0.273438 0.605469 0.283203 0.605469 0.285156 0.607422 0.285156 0.609375 0.285156 0.605469 0.289062 0.601562 0.289062 0.599609 0.292969 0.595703 0.296875 0.595703 0.298828 0.593750 0.300781 0.593750 0.304688 0.589844 0.308594 0.589844 0.310547 0.591797 0.310547 0.593750 0.316406 0.593750 0.318359 0.595703 0.318359 0.597656 0.322266 0.597656 0.326172 0.601562 0.326172 0.603516 0.330078 0.607422 0.330078 0.615234 0.333984 0.619141 0.333984 0.623047 0.332031 0.625000 0.332031 0.626953 0.330078 0.628906 0.326172 0.628906 0.318359 0.636719 0.318359 0.648438 0.320312 0.650391 0.320312 0.660156 0.318359 0.662109 0.318359 0.664062 0.316406 0.666016 0.314453 0.666016 0.314453 0.675781 0.318359 0.679688 0.320312 0.679688 0.322266 0.677734 0.328125 0.677734 0.330078 0.675781 0.333984 0.675781 0.335938 0.677734 0.335938 0.683594 0.332031 0.687500 0.332031 0.689453 0.330078 0.691406 0.330078 0.699219 0.328125 0.701172 0.326172 0.701172 0.324219 0.703125 0.322266 0.703125 0.320312 0.705078 0.318359 0.705078 0.318359 0.708984 0.316406 0.710938 0.316406 0.722656 0.314453 0.724609 0.314453 0.730469 0.316406 0.732422 0.314453 0.734375 0.306641 0.734375 0.306641 0.740234 0.298828 0.748047 0.302734 0.751953 0.302734 0.757812 0.304688 0.759766 0.304688 0.763672 0.302734 0.765625 0.302734 0.767578 0.300781 0.769531 0.298828 0.769531 0.298828 0.773438 0.300781 0.775391 0.300781 0.777344 0.298828 0.779297 0.298828 0.781250 0.296875 0.783203 0.296875 0.785156 0.298828 0.787109 0.298828 0.789062 0.300781 0.791016 0.300781 0.792969 0.302734 0.794922 0.302734 0.798828 0.306641 0.802734 0.304688 0.804688 0.304688 0.812500 0.302734 0.814453 0.302734 0.816406 0.300781 0.818359 0.298828 0.818359 0.298828 0.826172 0.300781 0.828125 0.302734 0.828125 0.304688 0.830078 0.306641 0.830078 0.308594 0.832031 0.308594 0.833984 0.306641 0.835938 0.306641 0.839844 0.310547 0.839844 0.312500 0.841797 0.320312 0.841797 0.324219 0.837891 0.324219 0.835938 0.326172 0.833984 0.326172 0.828125 0.333984 0.820312 0.333984 0.810547 0.335938 0.808594 0.335938 0.806641 0.337891 0.804688 0.339844 0.804688 0.341797 0.802734 0.343750 0.804688 0.343750 0.806641 0.345703 0.808594 0.345703 0.814453 0.347656 0.816406 0.347656 0.818359 0.355469 0.818359 0.357422 0.816406 0.359375 0.816406 0.361328 0.814453 0.363281 0.814453 0.367188 0.810547 0.367188 0.806641 0.375000 0.798828 0.375000 0.794922 0.376953 0.792969 0.376953 0.791016 0.378906 0.789062 0.380859 0.791016 0.380859 0.792969 0.380859 0.787109 0.382812 0.785156 0.382812 0.775391 0.380859 0.773438 0.380859 0.767578 0.382812 0.765625 0.382812 0.761719 0.380859 0.759766 0.378906 0.759766 0.376953 0.757812 0.376953 0.755859 0.375000 0.753906 0.375000 0.746094 0.373047 0.744141 0.373047 0.742188 0.369141 0.738281 0.369141 0.736328 0.367188 0.734375 0.367188 0.728516 0.369141 0.726562 0.371094 0.726562 0.373047 0.724609 0.375000 0.724609 0.376953 0.722656 0.378906 0.722656 0.378906 0.720703 0.382812 0.716797 0.384766 0.716797 0.388672 0.712891 0.388672 0.699219 0.390625 0.697266 0.388672 0.697266 0.386719 0.695312 0.386719 0.693359 0.384766 0.693359 0.382812 0.691406 0.382812 0.687500 0.380859 0.685547 0.378906 0.685547 0.376953 0.683594 0.376953 0.681641 0.369141 0.681641 0.369141 0.683594 0.367188 0.685547 0.363281 0.685547 0.361328 0.687500 0.357422 0.687500 0.355469 0.689453 0.351562 0.685547 0.353516 0.683594 0.353516 0.681641 0.357422 0.677734 0.359375 0.677734 0.361328 0.675781 0.363281 0.675781 0.363281 0.673828 0.365234 0.671875 0.367188 0.671875 0.371094 0.667969 0.373047 0.667969 0.373047 0.666016 0.376953 0.662109 0.382812 0.662109 0.382812 0.656250 0.384766 0.654297 0.384766 0.646484 0.386719 0.644531 0.384766 0.642578 0.386719 0.640625 0.386719 0.634766 0.392578 0.628906 0.392578 0.619141 0.394531 0.617188 0.394531 0.611328 0.396484 0.609375 0.396484 0.603516 0.394531 0.601562 0.394531 0.599609 0.392578 0.597656 0.392578 0.595703 0.388672 0.595703 0.388672 0.597656 0.386719 0.599609 0.386719 0.601562 0.388672 0.603516 0.388672 0.609375 0.386719 0.611328 0.386719 0.613281 0.384766 0.615234 0.380859 0.615234 0.378906 0.613281 0.378906 0.609375 0.373047 0.603516 0.373047 0.601562 0.375000 0.599609 0.376953 0.599609 0.378906 0.597656 0.378906 0.583984 0.376953 0.583984 0.375000 0.582031 0.375000 0.574219 0.376953 0.572266 0.378906 0.572266 0.378906 0.570312 0.380859 0.568359 0.380859 0.566406 0.376953 0.562500 0.376953 0.558594 0.380859 0.554688 0.382812 0.554688 0.382812 0.548828 0.373047 0.548828 0.371094 0.546875 0.363281 0.546875 0.361328 0.544922 0.361328 0.541016 0.353516 0.541016 0.351562 0.539062 0.351562 0.537109 0.347656 0.537109 0.345703 0.535156 0.341797 0.535156 0.337891 0.531250 0.332031 0.531250 0.330078 0.533203 0.326172 0.533203 0.322266 0.529297
0 0.052734 0.517578 0.052734 0.537109 0.050781 0.539062 0.048828 0.539062 0.046875 0.541016 0.041016 0.541016 0.041016 0.542969 0.039062 0.544922 0.037109 0.544922 0.037109 0.546875 0.035156 0.548828 0.029297 0.548828 0.029297 0.554688 0.031250 0.554688 0.033203 0.556641 0.033203 0.560547 0.035156 0.560547 0.037109 0.562500 0.039062 0.562500 0.041016 0.564453 0.041016 0.568359 0.039062 0.570312 0.037109 0.570312 0.031250 0.576172 0.027344 0.572266 0.029297 0.570312 0.031250 0.570312 0.031250 0.568359 0.029297 0.568359 0.027344 0.566406 0.027344 0.564453 0.025391 0.562500 0.023438 0.564453 0.021484 0.564453 0.019531 0.562500 0.019531 0.560547 0.015625 0.564453 0.013672 0.562500 0.011719 0.562500 0.009766 0.564453 0.005859 0.560547 0.000000 0.560547 0.000000 0.728516 0.003906 0.732422 0.003906 0.734375 0.007812 0.738281 0.007812 0.740234 0.009766 0.742188 0.009766 0.744141 0.011719 0.744141 0.013672 0.742188 0.015625 0.742188 0.021484 0.748047 0.021484 0.750000 0.027344 0.750000 0.029297 0.748047 0.031250 0.748047 0.033203 0.746094 0.033203 0.740234 0.025391 0.740234 0.023438 0.738281 0.023438 0.730469 0.031250 0.722656 0.037109 0.722656 0.039062 0.720703 0.042969 0.720703 0.042969 0.716797 0.044922 0.714844 0.046875 0.714844 0.048828 0.712891 0.048828 0.708984 0.046875 0.707031 0.046875 0.703125 0.054688 0.695312 0.058594 0.695312 0.058594 0.693359 0.062500 0.689453 0.064453 0.689453 0.066406 0.691406 0.064453 0.693359 0.064453 0.701172 0.060547 0.705078 0.060547 0.710938 0.066406 0.710938 0.068359 0.708984 0.076172 0.708984 0.080078 0.712891 0.080078 0.714844 0.082031 0.716797 0.083984 0.714844 0.091797 0.714844 0.093750 0.716797 0.097656 0.716797 0.099609 0.714844 0.101562 0.714844 0.103516 0.712891 0.113281 0.712891 0.115234 0.710938 0.117188 0.710938 0.119141 0.708984 0.121094 0.708984 0.125000 0.705078 0.125000 0.703125 0.126953 0.701172 0.126953 0.697266 0.130859 0.693359 0.132812 0.693359 0.136719 0.689453 0.134766 0.687500 0.134766 0.681641 0.136719 0.679688 0.136719 0.675781 0.138672 0.673828 0.140625 0.673828 0.142578 0.671875 0.146484 0.671875 0.148438 0.669922 0.146484 0.667969 0.148438 0.666016 0.148438 0.664062 0.150391 0.662109 0.148438 0.660156 0.148438 0.656250 0.140625 0.648438 0.140625 0.642578 0.142578 0.640625 0.142578 0.638672 0.144531 0.636719 0.144531 0.630859 0.142578 0.628906 0.142578 0.626953 0.140625 0.625000 0.140625 0.621094 0.142578 0.619141 0.142578 0.617188 0.144531 0.615234 0.144531 0.605469 0.140625 0.605469 0.140625 0.607422 0.134766 0.613281 0.132812 0.613281 0.130859 0.615234 0.126953 0.615234 0.125000 0.617188 0.121094 0.617188 0.121094 0.621094 0.123047 0.623047 0.125000 0.623047 0.126953 0.625000 0.130859 0.625000 0.134766 0.628906 0.134766 0.636719 0.132812 0.638672 0.130859 0.638672 0.125000 0.632812 0.123047 0.634766 0.121094 0.632812 0.121094 0.630859 0.111328 0.630859 0.109375 0.628906 0.107422 0.628906 0.103516 0.625000 0.103516 0.623047 0.105469 0.621094 0.105469 0.619141 0.107422 0.617188 0.107422 0.615234 0.109375 0.613281 0.109375 0.611328 0.111328 0.609375 0.113281 0.609375 0.113281 0.595703 0.117188 0.591797 0.117188 0.583984 0.115234 0.583984 0.113281 0.582031 0.113281 0.578125 0.115234 0.576172 0.115234 0.574219 0.113281 0.572266 0.113281 0.566406 0.105469 0.566406 0.103516 0.564453 0.103516 0.560547 0.101562 0.562500 0.095703 0.562500 0.093750 0.560547 0.089844 0.564453 0.085938 0.564453 0.083984 0.562500 0.083984 0.560547 0.080078 0.560547 0.078125 0.558594 0.078125 0.556641 0.066406 0.556641 0.064453 0.554688 0.066406 0.552734 0.066406 0.548828 0.068359 0.546875 0.070312 0.546875 0.072266 0.544922 0.074219 0.544922 0.074219 0.542969 0.076172 0.541016 0.076172 0.539062 0.078125 0.537109 0.078125 0.531250 0.076172 0.531250 0.072266 0.527344 0.070312 0.527344 0.062500 0.519531 0.060547 0.519531 0.058594 0.517578
0 0.794922 0.488281 0.792969 0.490234 0.787109 0.490234 0.785156 0.492188 0.783203 0.490234 0.781250 0.492188 0.777344 0.492188 0.779297 0.494141 0.779297 0.498047 0.781250 0.500000 0.781250 0.501953 0.783203 0.503906 0.781250 0.505859 0.775391 0.505859 0.775391 0.507812 0.771484 0.511719 0.771484 0.517578 0.773438 0.517578 0.779297 0.523438 0.779297 0.527344 0.771484 0.535156 0.771484 0.537109 0.769531 0.539062 0.767578 0.539062 0.761719 0.544922 0.761719 0.546875 0.759766 0.548828 0.759766 0.556641 0.751953 0.564453 0.750000 0.564453 0.750000 0.566406 0.748047 0.568359 0.744141 0.568359 0.738281 0.574219 0.738281 0.578125 0.736328 0.580078 0.736328 0.582031 0.738281 0.583984 0.738281 0.585938 0.740234 0.587891 0.740234 0.589844 0.738281 0.591797 0.738281 0.593750 0.736328 0.595703 0.736328 0.597656 0.734375 0.599609 0.734375 0.603516 0.736328 0.605469 0.736328 0.611328 0.734375 0.613281 0.734375 0.619141 0.736328 0.621094 0.736328 0.625000 0.740234 0.628906 0.742188 0.628906 0.744141 0.630859 0.744141 0.632812 0.742188 0.634766 0.742188 0.636719 0.746094 0.640625 0.750000 0.640625 0.753906 0.644531 0.757812 0.644531 0.757812 0.642578 0.759766 0.640625 0.761719 0.642578 0.767578 0.642578 0.769531 0.640625 0.781250 0.640625 0.783203 0.642578 0.785156 0.640625 0.792969 0.640625 0.794922 0.642578 0.791016 0.646484 0.794922 0.650391 0.794922 0.652344 0.796875 0.652344 0.800781 0.656250 0.806641 0.656250 0.806641 0.654297 0.808594 0.652344 0.808594 0.646484 0.810547 0.644531 0.812500 0.644531 0.814453 0.642578 0.816406 0.644531 0.818359 0.642578 0.822266 0.642578 0.824219 0.644531 0.828125 0.644531 0.830078 0.646484 0.832031 0.646484 0.837891 0.652344 0.835938 0.654297 0.832031 0.654297 0.828125 0.658203 0.826172 0.656250 0.826172 0.660156 0.828125 0.660156 0.830078 0.662109 0.830078 0.664062 0.832031 0.666016 0.837891 0.666016 0.839844 0.667969 0.845703 0.667969 0.845703 0.666016 0.847656 0.664062 0.847656 0.662109 0.849609 0.660156 0.851562 0.660156 0.851562 0.658203 0.853516 0.656250 0.855469 0.656250 0.859375 0.660156 0.863281 0.656250 0.863281 0.654297 0.865234 0.652344 0.871094 0.652344 0.869141 0.650391 0.871094 0.648438 0.878906 0.648438 0.882812 0.652344 0.892578 0.652344 0.894531 0.654297 0.900391 0.654297 0.902344 0.652344 0.908203 0.652344 0.910156 0.650391 0.910156 0.646484 0.912109 0.644531 0.914062 0.644531 0.914062 0.642578 0.916016 0.640625 0.916016 0.638672 0.917969 0.636719 0.917969 0.634766 0.919922 0.632812 0.919922 0.630859 0.921875 0.628906 0.921875 0.626953 0.919922 0.625000 0.919922 0.623047 0.921875 0.621094 0.921875 0.619141 0.925781 0.615234 0.925781 0.609375 0.923828 0.607422 0.923828 0.603516 0.917969 0.597656 0.917969 0.585938 0.916016 0.583984 0.916016 0.582031 0.914062 0.582031 0.912109 0.580078 0.914062 0.578125 0.914062 0.576172 0.916016 0.574219 0.916016 0.572266 0.914062 0.572266 0.910156 0.568359 0.910156 0.566406 0.908203 0.566406 0.904297 0.562500 0.904297 0.560547 0.900391 0.556641 0.898438 0.556641 0.896484 0.554688 0.894531 0.554688 0.892578 0.552734 0.892578 0.550781 0.890625 0.550781 0.888672 0.548828 0.878906 0.548828 0.875000 0.544922 0.875000 0.542969 0.871094 0.539062 0.871094 0.537109 0.865234 0.531250 0.865234 0.529297 0.869141 0.525391 0.869141 0.517578 0.871094 0.515625 0.869141 0.515625 0.867188 0.513672 0.867188 0.511719 0.865234 0.509766 0.865234 0.507812 0.859375 0.501953 0.851562 0.501953 0.851562 0.503906 0.849609 0.505859 0.849609 0.507812 0.851562 0.509766 0.849609 0.511719 0.847656 0.511719 0.845703 0.513672 0.839844 0.513672 0.835938 0.517578 0.833984 0.517578 0.833984 0.519531 0.832031 0.521484 0.832031 0.525391 0.833984 0.527344 0.837891 0.527344 0.839844 0.529297 0.839844 0.531250 0.841797 0.533203 0.841797 0.535156 0.839844 0.537109 0.830078 0.537109 0.828125 0.535156 0.828125 0.533203 0.824219 0.533203 0.816406 0.525391 0.816406 0.513672 0.818359 0.511719 0.818359 0.509766 0.816406 0.507812 0.818359 0.505859 0.820312 0.505859 0.820312 0.501953 0.818359 0.501953 0.816406 0.500000 0.816406 0.496094 0.814453 0.494141 0.806641 0.494141 0.804688 0.492188 0.804688 0.490234 0.800781 0.490234 0.798828 0.488281
0 0.296875 0.488281 0.294922 0.490234 0.294922 0.494141 0.292969 0.496094 0.292969 0.498047 0.291016 0.500000 0.291016 0.505859 0.294922 0.505859 0.296875 0.503906 0.296875 0.501953 0.298828 0.500000 0.298828 0.498047 0.300781 0.496094 0.300781 0.488281
0 0.941406 0.458984 0.933594 0.466797 0.931641 0.466797 0.931641 0.474609 0.927734 0.478516 0.927734 0.486328 0.929688 0.486328 0.935547 0.492188 0.941406 0.492188 0.945312 0.488281 0.947266 0.488281 0.949219 0.486328 0.951172 0.486328 0.953125 0.484375 0.955078 0.484375 0.958984 0.488281 0.970703 0.488281 0.972656 0.486328 0.972656 0.482422 0.976562 0.478516 0.976562 0.466797 0.974609 0.466797 0.966797 0.458984 0.957031 0.458984 0.955078 0.460938 0.953125 0.458984
0 0.404297 0.416016 0.404297 0.417969 0.402344 0.419922 0.400391 0.419922 0.398438 0.421875 0.398438 0.431641 0.402344 0.431641 0.408203 0.437500 0.410156 0.437500 0.412109 0.439453 0.412109 0.441406 0.412109 0.427734 0.414062 0.425781 0.414062 0.419922 0.412109 0.417969 0.412109 0.416016
0 0.984375 0.378906 0.982422 0.380859 0.980469 0.380859 0.980469 0.384766 0.982422 0.386719 0.982422 0.388672 0.984375 0.390625 0.982422 0.392578 0.982422 0.394531 0.984375 0.396484 0.986328 0.396484 0.988281 0.398438 0.990234 0.398438 0.992188 0.400391 0.992188 0.380859 0.990234 0.378906
0 0.660156 0.335938 0.658203 0.337891 0.656250 0.337891 0.654297 0.339844 0.652344 0.339844 0.650391 0.341797 0.648438 0.341797 0.648438 0.345703 0.654297 0.351562 0.658203 0.351562 0.660156 0.349609 0.660156 0.345703 0.662109 0.343750 0.662109 0.337891
0 0.511719 0.302734 0.509766 0.304688 0.509766 0.310547 0.511719 0.310547 0.517578 0.316406 0.523438 0.316406 0.525391 0.318359 0.523438 0.316406 0.523438 0.314453 0.521484 0.312500 0.521484 0.310547 0.515625 0.304688 0.515625 0.302734
0 0.375000 0.291016 0.369141 0.296875 0.369141 0.300781 0.367188 0.302734 0.367188 0.306641 0.373047 0.306641 0.373047 0.302734 0.378906 0.296875 0.380859 0.296875 0.380859 0.291016
0 0.568359 0.277344 0.568359 0.281250 0.566406 0.283203 0.564453 0.283203 0.560547 0.287109 0.558594 0.285156 0.556641 0.285156 0.554688 0.283203 0.548828 0.283203 0.548828 0.285156 0.546875 0.287109 0.542969 0.287109 0.539062 0.291016 0.537109 0.291016 0.535156 0.292969 0.531250 0.292969 0.527344 0.296875 0.527344 0.298828 0.525391 0.300781 0.525391 0.302734 0.527344 0.300781 0.531250 0.304688 0.531250 0.312500 0.533203 0.314453 0.535156 0.314453 0.537109 0.316406 0.537109 0.318359 0.539062 0.320312 0.542969 0.316406 0.544922 0.316406 0.548828 0.312500 0.554688 0.312500 0.556641 0.314453 0.556641 0.316406 0.558594 0.318359 0.558594 0.320312 0.556641 0.322266 0.556641 0.324219 0.558594 0.326172 0.556641 0.328125 0.558594 0.330078 0.554688 0.333984 0.552734 0.332031 0.550781 0.333984 0.544922 0.333984 0.542969 0.335938 0.541016 0.335938 0.539062 0.337891 0.539062 0.341797 0.537109 0.343750 0.539062 0.343750 0.544922 0.349609 0.544922 0.351562 0.548828 0.351562 0.552734 0.355469 0.550781 0.357422 0.550781 0.361328 0.554688 0.365234 0.554688 0.371094 0.556641 0.373047 0.552734 0.376953 0.546875 0.371094 0.546875 0.365234 0.544922 0.363281 0.546875 0.361328 0.544922 0.361328 0.541016 0.357422 0.533203 0.357422 0.531250 0.355469 0.531250 0.361328 0.535156 0.365234 0.533203 0.367188 0.535156 0.369141 0.533203 0.371094 0.537109 0.375000 0.537109 0.378906 0.539062 0.378906 0.544922 0.384766 0.544922 0.386719 0.542969 0.388672 0.542969 0.390625 0.541016 0.392578 0.541016 0.394531 0.544922 0.398438 0.546875 0.398438 0.548828 0.400391 0.548828 0.406250 0.546875 0.408203 0.544922 0.408203 0.544922 0.416016 0.546875 0.417969 0.546875 0.421875 0.548828 0.419922 0.552734 0.423828 0.554688 0.421875 0.558594 0.421875 0.562500 0.425781 0.562500 0.427734 0.560547 0.429688 0.560547 0.433594 0.558594 0.435547 0.558594 0.437500 0.556641 0.439453 0.556641 0.441406 0.554688 0.443359 0.550781 0.443359 0.548828 0.445312 0.544922 0.445312 0.542969 0.443359 0.539062 0.443359 0.537109 0.445312 0.535156 0.445312 0.533203 0.443359 0.535156 0.441406 0.535156 0.435547 0.531250 0.431641 0.529297 0.431641 0.527344 0.429688 0.527344 0.423828 0.529297 0.421875 0.531250 0.421875 0.531250 0.419922 0.529297 0.417969 0.531250 0.416016 0.527344 0.412109 0.523438 0.412109 0.521484 0.410156 0.519531 0.410156 0.517578 0.408203 0.513672 0.408203 0.511719 0.406250 0.511719 0.404297 0.515625 0.400391 0.521484 0.400391 0.523438 0.402344 0.527344 0.402344 0.527344 0.400391 0.529297 0.398438 0.535156 0.398438 0.535156 0.394531 0.533203 0.392578 0.531250 0.394531 0.525391 0.394531 0.521484 0.390625 0.519531 0.390625 0.517578 0.388672 0.513672 0.388672 0.511719 0.386719 0.511719 0.382812 0.509766 0.380859 0.509766 0.375000 0.511719 0.373047 0.511719 0.371094 0.509766 0.369141 0.509766 0.367188 0.507812 0.365234 0.511719 0.361328 0.511719 0.349609 0.517578 0.343750 0.517578 0.341797 0.515625 0.339844 0.515625 0.332031 0.513672 0.332031 0.511719 0.330078 0.509766 0.330078 0.507812 0.328125 0.507812 0.326172 0.500000 0.326172 0.498047 0.324219 0.494141 0.324219 0.492188 0.322266 0.486328 0.322266 0.478516 0.330078 0.478516 0.335938 0.476562 0.337891 0.472656 0.337891 0.470703 0.339844 0.468750 0.339844 0.466797 0.337891 0.466797 0.341797 0.464844 0.343750 0.464844 0.347656 0.462891 0.349609 0.460938 0.349609 0.458984 0.351562 0.458984 0.355469 0.460938 0.355469 0.462891 0.357422 0.462891 0.359375 0.460938 0.361328 0.458984 0.361328 0.458984 0.363281 0.457031 0.365234 0.455078 0.365234 0.451172 0.369141 0.451172 0.371094 0.449219 0.373047 0.447266 0.373047 0.447266 0.378906 0.445312 0.380859 0.443359 0.380859 0.443359 0.382812 0.441406 0.384766 0.431641 0.384766 0.431641 0.398438 0.433594 0.400391 0.433594 0.402344 0.435547 0.404297 0.437500 0.404297 0.439453 0.406250 0.439453 0.408203 0.441406 0.410156 0.445312 0.410156 0.447266 0.412109 0.445312 0.414062 0.443359 0.414062 0.439453 0.417969 0.439453 0.421875 0.443359 0.425781 0.441406 0.427734 0.437500 0.427734 0.435547 0.425781 0.433594 0.425781 0.433594 0.427734 0.431641 0.429688 0.431641 0.431641 0.429688 0.433594 0.429688 0.441406 0.431641 0.443359 0.429688 0.445312 0.431641 0.447266 0.429688 0.449219 0.419922 0.449219 0.419922 0.457031 0.416016 0.460938 0.416016 0.462891 0.414062 0.464844 0.414062 0.468750 0.419922 0.468750 0.421875 0.470703 0.421875 0.472656 0.431641 0.472656 0.433594 0.470703 0.437500 0.470703 0.441406 0.474609 0.441406 0.476562 0.443359 0.478516 0.443359 0.480469 0.445312 0.482422 0.445312 0.488281 0.447266 0.490234 0.447266 0.494141 0.449219 0.496094 0.447266 0.498047 0.447266 0.503906 0.451172 0.507812 0.451172 0.511719 0.457031 0.517578 0.457031 0.519531 0.458984 0.519531 0.458984 0.517578 0.460938 0.515625 0.462891 0.517578 0.462891 0.527344 0.464844 0.529297 0.464844 0.531250 0.468750 0.531250 0.472656 0.535156 0.472656 0.539062 0.476562 0.539062 0.478516 0.537109 0.490234 0.537109 0.490234 0.531250 0.492188 0.529297 0.494141 0.529297 0.496094 0.531250 0.496094 0.533203 0.501953 0.533203 0.503906 0.535156 0.503906 0.541016 0.509766 0.541016 0.513672 0.537109 0.517578 0.537109 0.519531 0.535156 0.525391 0.535156 0.533203 0.527344 0.535156 0.527344 0.544922 0.537109 0.544922 0.544922 0.546875 0.544922 0.548828 0.546875 0.548828 0.548828 0.550781 0.548828 0.552734 0.550781 0.552734 0.554688 0.554688 0.556641 0.554688 0.560547 0.550781 0.564453 0.548828 0.564453 0.548828 0.566406 0.546875 0.568359 0.544922 0.568359 0.544922 0.574219 0.546875 0.574219 0.548828 0.576172 0.548828 0.580078 0.552734 0.580078 0.556641 0.576172 0.558594 0.576172 0.558594 0.574219 0.560547 0.572266 0.560547 0.570312 0.566406 0.564453 0.568359 0.564453 0.570312 0.566406 0.570312 0.570312 0.578125 0.578125 0.580078 0.578125 0.582031 0.580078 0.583984 0.580078 0.585938 0.582031 0.591797 0.582031 0.593750 0.583984 0.595703 0.583984 0.597656 0.585938 0.597656 0.587891 0.595703 0.589844 0.595703 0.601562 0.597656 0.603516 0.597656 0.605469 0.599609 0.605469 0.603516 0.609375 0.609375 0.609375 0.615234 0.615234 0.617188 0.615234 0.619141 0.617188 0.617188 0.619141 0.619141 0.621094 0.619141 0.623047 0.623047 0.623047 0.625000 0.625000 0.626953 0.625000 0.630859 0.628906 0.630859 0.630859 0.632812 0.632812 0.634766 0.632812 0.636719 0.634766 0.638672 0.632812 0.640625 0.632812 0.642578 0.634766 0.642578 0.636719 0.646484 0.636719 0.648438 0.638672 0.648438 0.640625 0.652344 0.640625 0.654297 0.642578 0.654297 0.646484 0.658203 0.646484 0.660156 0.648438 0.660156 0.652344 0.662109 0.650391 0.664062 0.650391 0.664062 0.648438 0.669922 0.642578 0.673828 0.642578 0.675781 0.644531 0.685547 0.644531 0.689453 0.640625 0.689453 0.634766 0.697266 0.626953 0.697266 0.623047 0.699219 0.621094 0.701172 0.621094 0.703125 0.619141 0.705078 0.621094 0.708984 0.617188 0.716797 0.617188 0.716797 0.613281 0.710938 0.607422 0.710938 0.605469 0.707031 0.601562 0.707031 0.599609 0.708984 0.597656 0.710938 0.597656 0.710938 0.595703 0.714844 0.591797 0.716797 0.593750 0.718750 0.591797 0.718750 0.587891 0.716797 0.585938 0.716797 0.583984 0.718750 0.582031 0.722656 0.582031 0.716797 0.576172 0.718750 0.574219 0.716797 0.574219 0.714844 0.572266 0.712891 0.572266 0.710938 0.570312 0.708984 0.570312 0.707031 0.572266 0.703125 0.568359 0.705078 0.566406 0.705078 0.564453 0.703125 0.564453 0.701172 0.562500 0.701172 0.560547 0.699219 0.560547 0.697266 0.558594 0.695312 0.558594 0.693359 0.560547 0.689453 0.560547 0.687500 0.558594 0.685547 0.560547 0.679688 0.560547 0.677734 0.558594 0.677734 0.556641 0.675781 0.554688 0.673828 0.554688 0.671875 0.552734 0.671875 0.548828 0.675781 0.544922 0.675781 0.537109 0.671875 0.537109 0.669922 0.535156 0.671875 0.533203 0.669922 0.531250 0.667969 0.531250 0.666016 0.529297 0.662109 0.529297 0.660156 0.527344 0.660156 0.525391 0.662109 0.523438 0.664062 0.523438 0.662109 0.521484 0.664062 0.519531 0.662109 0.517578 0.662109 0.513672 0.660156 0.511719 0.660156 0.509766 0.648438 0.509766 0.646484 0.507812 0.646484 0.505859 0.644531 0.507812 0.636719 0.507812 0.636719 0.509766 0.632812 0.513672 0.630859 0.511719 0.630859 0.509766 0.628906 0.509766 0.623047 0.503906 0.625000 0.501953 0.625000 0.500000 0.626953 0.498047 0.628906 0.500000 0.630859 0.498047 0.632812 0.498047 0.634766 0.500000 0.638672 0.500000 0.640625 0.498047 0.644531 0.498047 0.648438 0.494141 0.650391 0.496094 0.650391 0.494141 0.652344 0.492188 0.652344 0.490234 0.650391 0.488281 0.652344 0.486328 0.654297 0.486328 0.658203 0.490234 0.658203 0.492188 0.660156 0.492188 0.662109 0.494141 0.666016 0.494141 0.667969 0.496094 0.669922 0.496094 0.675781 0.501953 0.681641 0.501953 0.683594 0.500000 0.683594 0.494141 0.675781 0.486328 0.675781 0.484375 0.679688 0.480469 0.677734 0.478516 0.679688 0.476562 0.683594 0.476562 0.693359 0.466797 0.695312 0.466797 0.695312 0.464844 0.697266 0.462891 0.697266 0.458984 0.693359 0.455078 0.693359 0.449219 0.689453 0.449219 0.683594 0.443359 0.673828 0.443359 0.671875 0.441406 0.671875 0.439453 0.667969 0.435547 0.667969 0.431641 0.666016 0.431641 0.664062 0.429688 0.664062 0.427734 0.662109 0.425781 0.660156 0.425781 0.656250 0.421875 0.658203 0.419922 0.658203 0.417969 0.660156 0.416016 0.662109 0.416016 0.662109 0.412109 0.664062 0.410156 0.662109 0.410156 0.658203 0.406250 0.658203 0.402344 0.656250 0.400391 0.652344 0.400391 0.650391 0.398438 0.650391 0.396484 0.648438 0.394531 0.648438 0.388672 0.642578 0.388672 0.636719 0.382812 0.630859 0.382812 0.628906 0.380859 0.628906 0.375000 0.626953 0.375000 0.625000 0.373047 0.625000 0.371094 0.623047 0.371094 0.621094 0.369141 0.621094 0.365234 0.619141 0.363281 0.619141 0.361328 0.621094 0.359375 0.621094 0.357422 0.623047 0.355469 0.623047 0.351562 0.621094 0.351562 0.609375 0.339844 0.609375 0.337891 0.605469 0.333984 0.605469 0.328125 0.607422 0.326172 0.601562 0.320312 0.601562 0.318359 0.603516 0.316406 0.601562 0.314453 0.599609 0.314453 0.597656 0.312500 0.593750 0.316406 0.593750 0.322266 0.589844 0.326172 0.583984 0.326172 0.583984 0.328125 0.580078 0.332031 0.576172 0.332031 0.578125 0.333984 0.578125 0.335938 0.576172 0.337891 0.572266 0.333984 0.572266 0.332031 0.570312 0.330078 0.570312 0.328125 0.568359 0.330078 0.566406 0.328125 0.566406 0.326172 0.564453 0.324219 0.564453 0.314453 0.562500 0.312500 0.562500 0.306641 0.568359 0.300781 0.570312 0.300781 0.570312 0.298828 0.572266 0.296875 0.574219 0.296875 0.576172 0.294922 0.580078 0.294922 0.582031 0.296875 0.578125 0.292969 0.578125 0.291016 0.576172 0.289062 0.576172 0.283203 0.572266 0.279297 0.572266 0.277344
0 0.351562 0.220703 0.351562 0.230469 0.357422 0.230469 0.359375 0.228516 0.359375 0.222656 0.357422 0.220703
0 0.943359 0.205078 0.937500 0.210938 0.937500 0.214844 0.939453 0.216797 0.947266 0.216797 0.949219 0.214844 0.949219 0.207031 0.947266 0.205078
0 0.531250 0.173828 0.529297 0.175781 0.527344 0.175781 0.525391 0.177734 0.525391 0.179688 0.521484 0.183594 0.517578 0.183594 0.517578 0.189453 0.521484 0.189453 0.523438 0.187500 0.527344 0.187500 0.529297 0.185547 0.531250 0.185547 0.531250 0.181641 0.535156 0.177734 0.535156 0.173828
0 0.468750 0.160156 0.466797 0.162109 0.460938 0.162109 0.458984 0.164062 0.451172 0.164062 0.451172 0.173828 0.453125 0.175781 0.451172 0.177734 0.451172 0.183594 0.455078 0.183594 0.457031 0.181641 0.457031 0.179688 0.458984 0.177734 0.458984 0.175781 0.464844 0.169922 0.466797 0.169922 0.468750 0.167969
0 0.525391 0.107422 0.525391 0.109375 0.519531 0.115234 0.519531 0.117188 0.521484 0.115234 0.523438 0.115234 0.525391 0.113281 0.529297 0.113281 0.533203 0.117188 0.535156 0.117188 0.537109 0.119141 0.537109 0.121094 0.539062 0.121094 0.541016 0.123047 0.541016 0.125000 0.537109 0.128906 0.537109 0.138672 0.539062 0.140625 0.541016 0.138672 0.542969 0.138672 0.546875 0.134766 0.548828 0.136719 0.556641 0.136719 0.558594 0.138672 0.556641 0.140625 0.556641 0.150391 0.558594 0.150391 0.560547 0.152344 0.562500 0.152344 0.570312 0.144531 0.574219 0.144531 0.574219 0.140625 0.570312 0.136719 0.568359 0.136719 0.566406 0.134766 0.562500 0.134766 0.560547 0.132812 0.556641 0.132812 0.552734 0.128906 0.552734 0.126953 0.550781 0.125000 0.552734 0.123047 0.552734 0.115234 0.548828 0.115234 0.546875 0.113281 0.542969 0.117188 0.541016 0.115234 0.539062 0.115234 0.537109 0.113281 0.537109 0.109375 0.535156 0.109375 0.533203 0.107422
0 0.990234 0.066406 0.986328 0.070312 0.984375 0.070312 0.986328 0.072266 0.986328 0.076172 0.988281 0.078125 0.992188 0.078125 0.992188 0.066406
0 0.773438 0.062500 0.773438 0.066406 0.777344 0.070312 0.775391 0.072266 0.775391 0.074219 0.773438 0.076172 0.773438 0.083984 0.779297 0.083984 0.781250 0.085938 0.794922 0.085938 0.794922 0.080078 0.791016 0.076172 0.791016 0.070312 0.789062 0.068359 0.789062 0.066406 0.785156 0.062500
0 0.814453 0.052734 0.810547 0.056641 0.810547 0.060547 0.816406 0.060547 0.820312 0.056641 0.820312 0.052734
0 0.761719 0.046875 0.759766 0.048828 0.755859 0.048828 0.755859 0.050781 0.757812 0.050781 0.759766 0.052734 0.767578 0.052734 0.769531 0.054688 0.771484 0.054688 0.773438 0.052734 0.773438 0.050781 0.775391 0.048828 0.773438 0.046875
0 0.050781 0.005859 0.050781 0.013672 0.052734 0.015625 0.050781 0.017578 0.050781 0.019531 0.046875 0.023438 0.046875 0.025391 0.044922 0.027344 0.044922 0.039062 0.046875 0.039062 0.054688 0.046875 0.058594 0.046875 0.058594 0.044922 0.060547 0.042969 0.062500 0.042969 0.064453 0.044922 0.064453 0.046875 0.066406 0.046875 0.068359 0.044922 0.070312 0.046875 0.072266 0.044922 0.072266 0.033203 0.070312 0.031250 0.070312 0.029297 0.068359 0.027344 0.068359 0.021484 0.066406 0.019531 0.066406 0.011719 0.064453 0.009766 0.062500 0.009766 0.060547 0.007812 0.058594 0.007812 0.056641 0.005859
0 0.894531 0.000000 0.894531 0.003906 0.892578 0.005859 0.892578 0.007812 0.890625 0.009766 0.888672 0.009766 0.888672 0.011719 0.886719 0.013672 0.880859 0.013672 0.880859 0.015625 0.878906 0.017578 0.876953 0.017578 0.876953 0.019531 0.875000 0.021484 0.867188 0.021484 0.867188 0.023438 0.863281 0.027344 0.859375 0.027344 0.857422 0.025391 0.855469 0.027344 0.853516 0.025391 0.851562 0.027344 0.847656 0.023438 0.847656 0.019531 0.849609 0.017578 0.849609 0.015625 0.847656 0.013672 0.847656 0.009766 0.839844 0.009766 0.839844 0.013672 0.837891 0.015625 0.839844 0.015625 0.841797 0.017578 0.841797 0.019531 0.839844 0.021484 0.843750 0.025391 0.843750 0.027344 0.841797 0.029297 0.839844 0.029297 0.837891 0.031250 0.833984 0.031250 0.832031 0.029297 0.832031 0.033203 0.833984 0.035156 0.833984 0.037109 0.835938 0.039062 0.837891 0.039062 0.843750 0.044922 0.843750 0.046875 0.845703 0.046875 0.847656 0.048828 0.847656 0.050781 0.851562 0.050781 0.853516 0.052734 0.853516 0.054688 0.857422 0.058594 0.857422 0.064453 0.859375 0.066406 0.859375 0.068359 0.861328 0.070312 0.859375 0.072266 0.859375 0.074219 0.857422 0.076172 0.851562 0.070312 0.851562 0.068359 0.847656 0.064453 0.847656 0.060547 0.845703 0.060547 0.843750 0.058594 0.843750 0.056641 0.837891 0.056641 0.835938 0.058594 0.835938 0.062500 0.833984 0.064453 0.832031 0.064453 0.830078 0.066406 0.830078 0.070312 0.828125 0.072266 0.824219 0.072266 0.824219 0.074219 0.822266 0.076172 0.820312 0.076172 0.820312 0.078125 0.818359 0.080078 0.818359 0.082031 0.816406 0.083984 0.816406 0.085938 0.814453 0.087891 0.814453 0.091797 0.810547 0.095703 0.810547 0.099609 0.812500 0.101562 0.810547 0.103516 0.808594 0.103516 0.806641 0.101562 0.804688 0.103516 0.802734 0.103516 0.800781 0.101562 0.798828 0.103516 0.794922 0.103516 0.792969 0.101562 0.792969 0.099609 0.791016 0.097656 0.791016 0.095703 0.789062 0.093750 0.787109 0.093750 0.785156 0.095703 0.779297 0.095703 0.777344 0.093750 0.775391 0.093750 0.773438 0.091797 0.771484 0.091797 0.765625 0.097656 0.763672 0.097656 0.761719 0.099609 0.759766 0.099609 0.757812 0.101562 0.755859 0.101562 0.753906 0.103516 0.748047 0.097656 0.748047 0.095703 0.750000 0.093750 0.751953 0.093750 0.751953 0.091797 0.753906 0.089844 0.755859 0.089844 0.755859 0.087891 0.757812 0.085938 0.757812 0.083984 0.750000 0.083984 0.748047 0.085938 0.748047 0.087891 0.744141 0.091797 0.742188 0.091797 0.738281 0.095703 0.738281 0.099609 0.740234 0.101562 0.740234 0.105469 0.742188 0.107422 0.742188 0.109375 0.744141 0.111328 0.744141 0.113281 0.742188 0.115234 0.740234 0.115234 0.740234 0.117188 0.736328 0.121094 0.734375 0.121094 0.732422 0.119141 0.726562 0.119141 0.726562 0.125000 0.728516 0.125000 0.730469 0.126953 0.732422 0.126953 0.734375 0.128906 0.742188 0.128906 0.744141 0.126953 0.746094 0.128906 0.748047 0.126953 0.750000 0.126953 0.753906 0.130859 0.753906 0.132812 0.751953 0.134766 0.750000 0.134766 0.750000 0.138672 0.751953 0.140625 0.750000 0.142578 0.750000 0.144531 0.748047 0.146484 0.744141 0.146484 0.738281 0.140625 0.738281 0.138672 0.736328 0.136719 0.732422 0.136719 0.730469 0.138672 0.734375 0.142578 0.734375 0.148438 0.736328 0.150391 0.736328 0.152344 0.734375 0.154297 0.724609 0.154297 0.724609 0.156250 0.722656 0.158203 0.722656 0.164062 0.724609 0.166016 0.716797 0.173828 0.712891 0.173828 0.712891 0.183594 0.710938 0.185547 0.703125 0.185547 0.703125 0.193359 0.701172 0.195312 0.699219 0.195312 0.699219 0.197266 0.697266 0.199219 0.697266 0.201172 0.699219 0.203125 0.699219 0.207031 0.697266 0.208984 0.697266 0.210938 0.695312 0.212891 0.695312 0.214844 0.689453 0.220703 0.689453 0.222656 0.691406 0.224609 0.691406 0.232422 0.695312 0.232422 0.701172 0.238281 0.701172 0.242188 0.703125 0.242188 0.708984 0.248047 0.708984 0.255859 0.712891 0.259766 0.712891 0.277344 0.716797 0.281250 0.718750 0.281250 0.720703 0.283203 0.720703 0.285156 0.724609 0.289062 0.720703 0.292969 0.718750 0.292969 0.716797 0.294922 0.712891 0.294922 0.708984 0.291016 0.708984 0.287109 0.707031 0.287109 0.703125 0.283203 0.703125 0.279297 0.699219 0.275391 0.697266 0.275391 0.693359 0.271484 0.693359 0.269531 0.691406 0.269531 0.687500 0.265625 0.687500 0.263672 0.685547 0.263672 0.683594 0.261719 0.683594 0.255859 0.679688 0.251953 0.679688 0.248047 0.677734 0.246094 0.677734 0.236328 0.679688 0.234375 0.679688 0.232422 0.677734 0.230469 0.677734 0.228516 0.675781 0.226562 0.671875 0.226562 0.669922 0.228516 0.666016 0.228516 0.664062 0.226562 0.666016 0.224609 0.666016 0.222656 0.664062 0.224609 0.662109 0.224609 0.662109 0.226562 0.660156 0.228516 0.658203 0.226562 0.656250 0.228516 0.654297 0.228516 0.652344 0.230469 0.650391 0.230469 0.646484 0.234375 0.644531 0.234375 0.642578 0.236328 0.642578 0.248047 0.638672 0.251953 0.636719 0.251953 0.634766 0.253906 0.628906 0.253906 0.628906 0.255859 0.626953 0.257812 0.625000 0.257812 0.623047 0.259766 0.621094 0.259766 0.621094 0.263672 0.619141 0.265625 0.619141 0.267578 0.617188 0.269531 0.615234 0.267578 0.613281 0.267578 0.613281 0.279297 0.615234 0.281250 0.615234 0.283203 0.613281 0.285156 0.613281 0.289062 0.611328 0.291016 0.609375 0.291016 0.609375 0.296875 0.613281 0.300781 0.615234 0.300781 0.617188 0.298828 0.621094 0.302734 0.621094 0.304688 0.619141 0.306641 0.619141 0.310547 0.621094 0.308594 0.625000 0.312500 0.625000 0.314453 0.626953 0.314453 0.628906 0.312500 0.630859 0.312500 0.632812 0.310547 0.634766 0.312500 0.638672 0.312500 0.642578 0.316406 0.642578 0.318359 0.644531 0.318359 0.646484 0.320312 0.644531 0.322266 0.644531 0.324219 0.648438 0.324219 0.650391 0.326172 0.650391 0.328125 0.654297 0.328125 0.656250 0.330078 0.658203 0.328125 0.660156 0.330078 0.660156 0.332031 0.667969 0.332031 0.671875 0.328125 0.675781 0.328125 0.677734 0.326172 0.679688 0.326172 0.681641 0.324219 0.683594 0.324219 0.685547 0.322266 0.687500 0.322266 0.687500 0.320312 0.691406 0.316406 0.695312 0.316406 0.703125 0.324219 0.703125 0.326172 0.710938 0.326172 0.710938 0.324219 0.712891 0.322266 0.714844 0.322266 0.718750 0.318359 0.720703 0.318359 0.724609 0.314453 0.724609 0.310547 0.726562 0.308594 0.728516 0.308594 0.730469 0.306641 0.734375 0.306641 0.738281 0.310547 0.740234 0.310547 0.742188 0.312500 0.742188 0.318359 0.740234 0.320312 0.740234 0.324219 0.738281 0.326172 0.736328 0.324219 0.736328 0.335938 0.734375 0.337891 0.736328 0.339844 0.736328 0.347656 0.734375 0.349609 0.732422 0.349609 0.732422 0.351562 0.730469 0.353516 0.728516 0.353516 0.726562 0.355469 0.724609 0.355469 0.724609 0.357422 0.722656 0.359375 0.722656 0.361328 0.726562 0.361328 0.730469 0.365234 0.738281 0.365234 0.740234 0.367188 0.746094 0.367188 0.748047 0.369141 0.748047 0.371094 0.767578 0.371094 0.769531 0.373047 0.769531 0.375000 0.771484 0.376953 0.773438 0.376953 0.773438 0.375000 0.777344 0.371094 0.779297 0.371094 0.789062 0.361328 0.791016 0.361328 0.792969 0.359375 0.792969 0.357422 0.791016 0.357422 0.787109 0.353516 0.783203 0.353516 0.781250 0.351562 0.781250 0.343750 0.777344 0.339844 0.777344 0.337891 0.771484 0.337891 0.769531 0.335938 0.769531 0.333984 0.775391 0.328125 0.777344 0.328125 0.779297 0.326172 0.781250 0.328125 0.783203 0.328125 0.785156 0.330078 0.785156 0.332031 0.787109 0.333984 0.787109 0.337891 0.789062 0.339844 0.791016 0.337891 0.792969 0.337891 0.794922 0.339844 0.796875 0.339844 0.798828 0.341797 0.804688 0.341797 0.806641 0.343750 0.806641 0.345703 0.808594 0.347656 0.810547 0.347656 0.812500 0.349609 0.814453 0.349609 0.816406 0.347656 0.820312 0.347656 0.822266 0.349609 0.822266 0.359375 0.820312 0.361328 0.822266 0.363281 0.820312 0.365234 0.822266 0.367188 0.822266 0.369141 0.824219 0.371094 0.824219 0.375000 0.822266 0.376953 0.822266 0.378906 0.820312 0.380859 0.818359 0.378906 0.816406 0.380859 0.814453 0.380859 0.814453 0.386719 0.816406 0.386719 0.818359 0.388672 0.820312 0.388672 0.822266 0.390625 0.826172 0.390625 0.828125 0.392578 0.830078 0.392578 0.832031 0.394531 0.833984 0.394531 0.835938 0.396484 0.845703 0.396484 0.847656 0.394531 0.849609 0.396484 0.851562 0.394531 0.853516 0.396484 0.853516 0.398438 0.855469 0.398438 0.859375 0.402344 0.861328 0.400391 0.863281 0.400391 0.865234 0.398438 0.867188 0.400391 0.871094 0.396484 0.873047 0.396484 0.875000 0.394531 0.875000 0.392578 0.878906 0.388672 0.882812 0.388672 0.886719 0.392578 0.888672 0.392578 0.890625 0.394531 0.892578 0.394531 0.894531 0.396484 0.904297 0.396484 0.906250 0.398438 0.906250 0.400391 0.908203 0.402344 0.908203 0.406250 0.910156 0.404297 0.912109 0.406250 0.919922 0.406250 0.921875 0.408203 0.923828 0.408203 0.925781 0.410156 0.925781 0.408203 0.931641 0.402344 0.933594 0.402344 0.933594 0.400391 0.935547 0.398438 0.937500 0.398438 0.939453 0.396484 0.941406 0.396484 0.943359 0.394531 0.949219 0.394531 0.949219 0.392578 0.947266 0.390625 0.947266 0.388672 0.951172 0.384766 0.953125 0.384766 0.951172 0.382812 0.951172 0.380859 0.955078 0.376953 0.957031 0.376953 0.962891 0.371094 0.964844 0.371094 0.966797 0.369141 0.964844 0.367188 0.968750 0.363281 0.970703 0.363281 0.972656 0.361328 0.974609 0.361328 0.976562 0.359375 0.980469 0.359375 0.986328 0.353516 0.988281 0.353516 0.990234 0.355469 0.990234 0.353516 0.988281 0.351562 0.988281 0.343750 0.984375 0.339844 0.986328 0.337891 0.986328 0.335938 0.992188 0.330078 0.992188 0.318359 0.986328 0.318359 0.984375 0.316406 0.986328 0.314453 0.986328 0.308594 0.988281 0.306641 0.988281 0.296875 0.986328 0.294922 0.986328 0.292969 0.984375 0.291016 0.986328 0.289062 0.986328 0.281250 0.982422 0.277344 0.974609 0.277344 0.974609 0.281250 0.972656 0.283203 0.966797 0.283203 0.966797 0.285156 0.964844 0.287109 0.958984 0.287109 0.957031 0.289062 0.955078 0.289062 0.951172 0.292969 0.949219 0.292969 0.947266 0.294922 0.945312 0.292969 0.945312 0.285156 0.943359 0.283203 0.943359 0.275391 0.945312 0.273438 0.945312 0.251953 0.943359 0.250000 0.943359 0.248047 0.939453 0.244141 0.937500 0.244141 0.933594 0.240234 0.931641 0.240234 0.925781 0.234375 0.923828 0.236328 0.919922 0.236328 0.917969 0.234375 0.917969 0.232422 0.912109 0.232422 0.910156 0.230469 0.910156 0.226562 0.906250 0.222656 0.906250 0.218750 0.904297 0.216797 0.898438 0.216797 0.896484 0.214844 0.892578 0.214844 0.888672 0.210938 0.886719 0.210938 0.884766 0.208984 0.873047 0.208984 0.871094 0.207031 0.871094 0.205078 0.869141 0.205078 0.867188 0.203125 0.865234 0.203125 0.863281 0.205078 0.859375 0.201172 0.857422 0.201172 0.855469 0.199219 0.855469 0.197266 0.849609 0.197266 0.849609 0.199219 0.847656 0.201172 0.845703 0.199219 0.845703 0.197266 0.843750 0.197266 0.841797 0.199219 0.839844 0.197266 0.839844 0.193359 0.837891 0.193359 0.835938 0.191406 0.835938 0.189453 0.832031 0.189453 0.828125 0.185547 0.828125 0.181641 0.824219 0.177734 0.826172 0.175781 0.826172 0.173828 0.824219 0.171875 0.826172 0.169922 0.824219 0.167969 0.824219 0.164062 0.822266 0.162109 0.824219 0.160156 0.826172 0.160156 0.826172 0.158203 0.828125 0.156250 0.830078 0.156250 0.833984 0.152344 0.835938 0.152344 0.839844 0.148438 0.843750 0.152344 0.841797 0.154297 0.841797 0.156250 0.839844 0.158203 0.839844 0.162109 0.837891 0.164062 0.837891 0.166016 0.839844 0.167969 0.841797 0.167969 0.845703 0.171875 0.847656 0.171875 0.851562 0.175781 0.853516 0.175781 0.857422 0.179688 0.857422 0.181641 0.859375 0.183594 0.861328 0.183594 0.861328 0.181641 0.863281 0.179688 0.871094 0.179688 0.875000 0.183594 0.875000 0.181641 0.876953 0.179688 0.880859 0.179688 0.882812 0.177734 0.884766 0.177734 0.886719 0.179688 0.886719 0.193359 0.888672 0.193359 0.890625 0.195312 0.892578 0.195312 0.898438 0.201172 0.900391 0.201172 0.902344 0.203125 0.906250 0.203125 0.906250 0.201172 0.912109 0.195312 0.919922 0.195312 0.921875 0.193359 0.925781 0.193359 0.927734 0.191406 0.927734 0.189453 0.937500 0.179688 0.939453 0.181641 0.941406 0.181641 0.943359 0.179688 0.947266 0.183594 0.947266 0.185547 0.951172 0.185547 0.951172 0.183594 0.955078 0.179688 0.955078 0.177734 0.957031 0.175781 0.957031 0.173828 0.958984 0.171875 0.958984 0.169922 0.960938 0.167969 0.962891 0.167969 0.964844 0.166016 0.964844 0.160156 0.962891 0.158203 0.962891 0.154297 0.960938 0.152344 0.960938 0.150391 0.962891 0.148438 0.962891 0.140625 0.960938 0.138672 0.960938 0.136719 0.953125 0.128906 0.953125 0.111328 0.955078 0.109375 0.955078 0.105469 0.953125 0.103516 0.955078 0.101562 0.957031 0.101562 0.957031 0.099609 0.960938 0.095703 0.960938 0.087891 0.958984 0.087891 0.957031 0.085938 0.960938 0.082031 0.960938 0.076172 0.957031 0.072266 0.957031 0.056641 0.949219 0.048828 0.949219 0.042969 0.951172 0.041016 0.949219 0.039062 0.949219 0.037109 0.951172 0.035156 0.951172 0.033203 0.953125 0.031250 0.966797 0.031250 0.970703 0.035156 0.972656 0.035156 0.974609 0.037109 0.974609 0.039062 0.976562 0.039062 0.978516 0.041016 0.978516 0.042969 0.980469 0.042969 0.982422 0.044922 0.982422 0.046875 0.984375 0.046875 0.986328 0.048828 0.988281 0.048828 0.990234 0.050781 0.990234 0.052734 0.992188 0.052734 0.992188 0.000000 0.953125 0.000000 0.953125 0.001953 0.949219 0.005859 0.947266 0.003906 0.943359 0.003906 0.937500 0.009766 0.933594 0.009766 0.929688 0.005859 0.929688 0.003906 0.927734 0.001953 0.927734 0.000000
0 0.351562 0.000000 0.353516 0.001953 0.353516 0.003906 0.359375 0.009766 0.359375 0.011719 0.367188 0.011719 0.371094 0.015625 0.371094 0.021484 0.373047 0.023438 0.373047 0.027344 0.375000 0.029297 0.376953 0.029297 0.384766 0.037109 0.384766 0.042969 0.386719 0.042969 0.394531 0.050781 0.400391 0.050781 0.402344 0.052734 0.402344 0.054688 0.406250 0.054688 0.408203 0.056641 0.408203 0.064453 0.404297 0.068359 0.402344 0.068359 0.398438 0.072266 0.396484 0.072266 0.396484 0.080078 0.392578 0.083984 0.394531 0.085938 0.394531 0.087891 0.396484 0.089844 0.398438 0.089844 0.400391 0.091797 0.400391 0.101562 0.398438 0.103516 0.398438 0.109375 0.396484 0.111328 0.396484 0.113281 0.402344 0.119141 0.402344 0.121094 0.406250 0.125000 0.408203 0.125000 0.410156 0.126953 0.412109 0.126953 0.414062 0.125000 0.416016 0.126953 0.416016 0.128906 0.417969 0.128906 0.419922 0.126953 0.419922 0.125000 0.417969 0.123047 0.417969 0.117188 0.421875 0.113281 0.421875 0.107422 0.423828 0.105469 0.423828 0.099609 0.425781 0.097656 0.425781 0.095703 0.421875 0.091797 0.421875 0.089844 0.417969 0.085938 0.417969 0.083984 0.416016 0.082031 0.416016 0.076172 0.417969 0.074219 0.423828 0.074219 0.425781 0.076172 0.425781 0.078125 0.429688 0.078125 0.431641 0.080078 0.431641 0.082031 0.429688 0.083984 0.429688 0.085938 0.431641 0.087891 0.431641 0.091797 0.433594 0.093750 0.433594 0.101562 0.435547 0.103516 0.437500 0.103516 0.439453 0.101562 0.441406 0.101562 0.443359 0.103516 0.443359 0.105469 0.441406 0.107422 0.441406 0.111328 0.443359 0.113281 0.453125 0.113281 0.455078 0.115234 0.455078 0.119141 0.457031 0.121094 0.457031 0.125000 0.462891 0.130859 0.462891 0.134766 0.460938 0.136719 0.462891 0.136719 0.466797 0.140625 0.468750 0.138672 0.470703 0.138672 0.472656 0.140625 0.472656 0.138672 0.474609 0.136719 0.478516 0.140625 0.482422 0.140625 0.484375 0.142578 0.484375 0.140625 0.488281 0.136719 0.488281 0.134766 0.490234 0.132812 0.490234 0.130859 0.492188 0.128906 0.492188 0.126953 0.494141 0.125000 0.498047 0.125000 0.498047 0.123047 0.505859 0.115234 0.507812 0.115234 0.509766 0.113281 0.511719 0.113281 0.513672 0.111328 0.515625 0.111328 0.519531 0.107422 0.519531 0.105469 0.525391 0.099609 0.527344 0.099609 0.533203 0.093750 0.533203 0.091797 0.535156 0.089844 0.541016 0.089844 0.548828 0.097656 0.548828 0.099609 0.550781 0.101562 0.554688 0.101562 0.556641 0.103516 0.558594 0.101562 0.560547 0.101562 0.562500 0.103516 0.564453 0.103516 0.566406 0.105469 0.568359 0.103516 0.570312 0.105469 0.570312 0.107422 0.572266 0.109375 0.572266 0.113281 0.574219 0.113281 0.580078 0.119141 0.582031 0.117188 0.583984 0.117188 0.587891 0.121094 0.587891 0.123047 0.593750 0.123047 0.593750 0.117188 0.587891 0.111328 0.589844 0.109375 0.595703 0.109375 0.597656 0.107422 0.597656 0.105469 0.601562 0.101562 0.605469 0.101562 0.603516 0.099609 0.605469 0.097656 0.605469 0.093750 0.603516 0.093750 0.601562 0.091797 0.597656 0.091797 0.595703 0.089844 0.593750 0.089844 0.591797 0.087891 0.585938 0.087891 0.585938 0.089844 0.587891 0.091797 0.589844 0.091797 0.591797 0.093750 0.591797 0.095703 0.589844 0.097656 0.587891 0.097656 0.585938 0.099609 0.583984 0.097656 0.580078 0.097656 0.578125 0.095703 0.578125 0.083984 0.582031 0.080078 0.582031 0.074219 0.583984 0.072266 0.583984 0.068359 0.582031 0.066406 0.582031 0.060547 0.583984 0.058594 0.585938 0.058594 0.585938 0.054688 0.587891 0.052734 0.591797 0.056641 0.591797 0.058594 0.597656 0.058594 0.597656 0.056641 0.601562 0.052734 0.603516 0.054688 0.603516 0.056641 0.605469 0.056641 0.605469 0.050781 0.607422 0.048828 0.607422 0.046875 0.609375 0.044922 0.609375 0.041016 0.611328 0.039062 0.609375 0.037109 0.613281 0.033203 0.619141 0.033203 0.621094 0.035156 0.626953 0.035156 0.626953 0.029297 0.625000 0.029297 0.623047 0.027344 0.625000 0.025391 0.623047 0.023438 0.625000 0.021484 0.617188 0.021484 0.613281 0.017578 0.607422 0.017578 0.607422 0.021484 0.605469 0.023438 0.603516 0.023438 0.601562 0.021484 0.599609 0.023438 0.595703 0.023438 0.595703 0.027344 0.589844 0.033203 0.587891 0.033203 0.585938 0.035156 0.585938 0.037109 0.583984 0.039062 0.583984 0.042969 0.582031 0.044922 0.578125 0.041016 0.574219 0.041016 0.572266 0.039062 0.572266 0.042969 0.570312 0.044922 0.562500 0.037109 0.562500 0.035156 0.566406 0.031250 0.568359 0.033203 0.570312 0.031250 0.570312 0.019531 0.572266 0.017578 0.572266 0.009766 0.574219 0.007812 0.582031 0.007812 0.582031 0.005859 0.580078 0.003906 0.580078 0.000000
0 0.089844 0.000000 0.087891 0.001953 0.087891 0.003906 0.089844 0.005859 0.089844 0.007812 0.091797 0.009766 0.091797 0.013672 0.095703 0.017578 0.097656 0.017578 0.099609 0.019531 0.099609 0.021484 0.103516 0.025391 0.103516 0.031250 0.105469 0.033203 0.103516 0.035156 0.103516 0.039062 0.101562 0.041016 0.099609 0.041016 0.097656 0.039062 0.095703 0.039062 0.095703 0.044922 0.097656 0.046875 0.095703 0.048828 0.095703 0.052734 0.097656 0.054688 0.097656 0.060547 0.099609 0.062500 0.101562 0.062500 0.103516 0.064453 0.103516 0.078125 0.105469 0.078125 0.107422 0.080078 0.107422 0.085938 0.103516 0.089844 0.101562 0.087891 0.099609 0.087891 0.097656 0.085938 0.097656 0.083984 0.093750 0.080078 0.085938 0.080078 0.083984 0.078125 0.080078 0.082031 0.078125 0.080078 0.078125 0.082031 0.076172 0.083984 0.072266 0.083984 0.068359 0.087891 0.068359 0.091797 0.070312 0.093750 0.072266 0.093750 0.074219 0.095703 0.074219 0.103516 0.072266 0.105469 0.068359 0.105469 0.066406 0.103516 0.066406 0.099609 0.060547 0.099609 0.058594 0.097656 0.058594 0.095703 0.060547 0.093750 0.060547 0.091797 0.062500 0.089844 0.058594 0.085938 0.058594 0.083984 0.052734 0.083984 0.052734 0.091797 0.054688 0.093750 0.054688 0.111328 0.056641 0.113281 0.060547 0.113281 0.066406 0.119141 0.066406 0.121094 0.070312 0.121094 0.070312 0.119141 0.072266 0.117188 0.074219 0.117188 0.076172 0.115234 0.078125 0.115234 0.080078 0.113281 0.093750 0.113281 0.095703 0.111328 0.099609 0.111328 0.101562 0.113281 0.099609 0.115234 0.099609 0.117188 0.103516 0.121094 0.107422 0.121094 0.109375 0.123047 0.107422 0.125000 0.113281 0.125000 0.119141 0.130859 0.117188 0.132812 0.117188 0.134766 0.119141 0.136719 0.132812 0.136719 0.134766 0.138672 0.134766 0.140625 0.132812 0.142578 0.126953 0.142578 0.126953 0.148438 0.128906 0.150391 0.128906 0.152344 0.130859 0.154297 0.130859 0.156250 0.136719 0.156250 0.138672 0.158203 0.138672 0.160156 0.140625 0.160156 0.144531 0.164062 0.148438 0.164062 0.150391 0.166016 0.150391 0.167969 0.154297 0.171875 0.160156 0.171875 0.166016 0.177734 0.166016 0.179688 0.169922 0.179688 0.173828 0.183594 0.183594 0.183594 0.183594 0.181641 0.185547 0.179688 0.187500 0.179688 0.189453 0.177734 0.191406 0.177734 0.193359 0.179688 0.195312 0.179688 0.197266 0.177734 0.199219 0.177734 0.201172 0.179688 0.203125 0.179688 0.205078 0.181641 0.205078 0.183594 0.208984 0.187500 0.208984 0.193359 0.207031 0.195312 0.205078 0.193359 0.199219 0.193359 0.197266 0.195312 0.193359 0.195312 0.191406 0.193359 0.187500 0.197266 0.177734 0.197266 0.175781 0.195312 0.175781 0.191406 0.173828 0.191406 0.171875 0.193359 0.167969 0.193359 0.166016 0.191406 0.164062 0.191406 0.162109 0.193359 0.160156 0.193359 0.158203 0.191406 0.158203 0.195312 0.156250 0.197266 0.152344 0.197266 0.148438 0.201172 0.146484 0.201172 0.144531 0.199219 0.140625 0.199219 0.132812 0.191406 0.134766 0.189453 0.132812 0.187500 0.132812 0.185547 0.130859 0.185547 0.128906 0.187500 0.125000 0.187500 0.119141 0.181641 0.115234 0.181641 0.115234 0.183594 0.113281 0.185547 0.107422 0.185547 0.101562 0.179688 0.093750 0.187500 0.091797 0.187500 0.089844 0.189453 0.089844 0.195312 0.091797 0.195312 0.093750 0.197266 0.099609 0.197266 0.105469 0.203125 0.105469 0.205078 0.103516 0.207031 0.109375 0.207031 0.111328 0.208984 0.113281 0.208984 0.115234 0.210938 0.115234 0.212891 0.117188 0.212891 0.119141 0.214844 0.126953 0.214844 0.130859 0.218750 0.132812 0.218750 0.136719 0.214844 0.138672 0.216797 0.138672 0.228516 0.142578 0.232422 0.142578 0.238281 0.140625 0.240234 0.142578 0.240234 0.144531 0.238281 0.148438 0.238281 0.150391 0.240234 0.150391 0.242188 0.152344 0.242188 0.154297 0.244141 0.154297 0.246094 0.156250 0.244141 0.158203 0.246094 0.160156 0.246094 0.164062 0.242188 0.166016 0.242188 0.167969 0.240234 0.169922 0.240234 0.173828 0.236328 0.171875 0.234375 0.171875 0.232422 0.173828 0.230469 0.179688 0.230469 0.181641 0.232422 0.183594 0.232422 0.185547 0.234375 0.185547 0.236328 0.189453 0.240234 0.185547 0.244141 0.183594 0.242188 0.181641 0.242188 0.179688 0.244141 0.177734 0.244141 0.175781 0.246094 0.175781 0.248047 0.177734 0.250000 0.175781 0.251953 0.175781 0.253906 0.173828 0.255859 0.173828 0.259766 0.169922 0.263672 0.167969 0.263672 0.166016 0.265625 0.164062 0.265625 0.162109 0.267578 0.160156 0.267578 0.160156 0.271484 0.158203 0.273438 0.160156 0.275391 0.160156 0.277344 0.164062 0.281250 0.171875 0.281250 0.173828 0.283203 0.173828 0.292969 0.169922 0.296875 0.167969 0.294922 0.166016 0.296875 0.164062 0.296875 0.162109 0.294922 0.158203 0.294922 0.156250 0.292969 0.154297 0.294922 0.152344 0.292969 0.152344 0.291016 0.150391 0.289062 0.148438 0.291016 0.148438 0.292969 0.146484 0.294922 0.146484 0.298828 0.142578 0.302734 0.138672 0.302734 0.138672 0.304688 0.136719 0.306641 0.138672 0.308594 0.136719 0.310547 0.134766 0.310547 0.132812 0.308594 0.132812 0.306641 0.130859 0.304688 0.130859 0.302734 0.115234 0.302734 0.111328 0.306641 0.109375 0.306641 0.107422 0.308594 0.105469 0.308594 0.103516 0.310547 0.103516 0.322266 0.101562 0.324219 0.095703 0.324219 0.093750 0.322266 0.093750 0.324219 0.091797 0.326172 0.091797 0.347656 0.089844 0.349609 0.089844 0.351562 0.087891 0.353516 0.087891 0.359375 0.085938 0.361328 0.078125 0.361328 0.074219 0.365234 0.072266 0.365234 0.070312 0.367188 0.064453 0.367188 0.070312 0.373047 0.070312 0.376953 0.072266 0.375000 0.074219 0.376953 0.074219 0.378906 0.076172 0.380859 0.074219 0.382812 0.074219 0.400391 0.076172 0.402344 0.076172 0.404297 0.078125 0.404297 0.080078 0.406250 0.078125 0.408203 0.080078 0.410156 0.080078 0.412109 0.078125 0.414062 0.078125 0.417969 0.080078 0.419922 0.080078 0.425781 0.082031 0.427734 0.082031 0.429688 0.085938 0.429688 0.087891 0.431641 0.087891 0.435547 0.089844 0.437500 0.089844 0.439453 0.091797 0.441406 0.091797 0.445312 0.095703 0.449219 0.095703 0.451172 0.097656 0.453125 0.097656 0.455078 0.099609 0.457031 0.101562 0.457031 0.105469 0.460938 0.105469 0.462891 0.115234 0.462891 0.117188 0.460938 0.128906 0.460938 0.130859 0.458984 0.136719 0.458984 0.138672 0.460938 0.138672 0.462891 0.140625 0.460938 0.142578 0.460938 0.144531 0.462891 0.148438 0.462891 0.150391 0.464844 0.162109 0.464844 0.166016 0.468750 0.164062 0.470703 0.169922 0.470703 0.173828 0.474609 0.175781 0.474609 0.177734 0.476562 0.203125 0.476562 0.205078 0.474609 0.214844 0.474609 0.216797 0.472656 0.220703 0.476562 0.222656 0.476562 0.224609 0.478516 0.226562 0.476562 0.240234 0.476562 0.244141 0.480469 0.248047 0.480469 0.250000 0.478516 0.253906 0.478516 0.255859 0.480469 0.257812 0.480469 0.259766 0.482422 0.263672 0.478516 0.263672 0.476562 0.261719 0.476562 0.257812 0.472656 0.257812 0.470703 0.259766 0.468750 0.259766 0.466797 0.261719 0.464844 0.277344 0.464844 0.279297 0.462891 0.281250 0.464844 0.281250 0.462891 0.283203 0.460938 0.283203 0.458984 0.285156 0.457031 0.285156 0.453125 0.289062 0.449219 0.289062 0.447266 0.291016 0.445312 0.292969 0.445312 0.292969 0.443359 0.296875 0.439453 0.298828 0.439453 0.302734 0.435547 0.304688 0.435547 0.306641 0.433594 0.310547 0.433594 0.316406 0.427734 0.316406 0.421875 0.318359 0.419922 0.318359 0.417969 0.324219 0.412109 0.324219 0.400391 0.328125 0.396484 0.328125 0.376953 0.333984 0.371094 0.333984 0.369141 0.335938 0.367188 0.335938 0.349609 0.337891 0.347656 0.337891 0.345703 0.339844 0.343750 0.339844 0.341797 0.341797 0.339844 0.341797 0.337891 0.347656 0.332031 0.347656 0.322266 0.349609 0.320312 0.349609 0.316406 0.347656 0.316406 0.345703 0.314453 0.345703 0.302734 0.341797 0.298828 0.341797 0.281250 0.343750 0.279297 0.343750 0.273438 0.345703 0.271484 0.345703 0.269531 0.347656 0.267578 0.347656 0.250000 0.345703 0.250000 0.343750 0.248047 0.343750 0.242188 0.341797 0.242188 0.339844 0.240234 0.326172 0.240234 0.326172 0.250000 0.324219 0.251953 0.320312 0.251953 0.316406 0.248047 0.316406 0.246094 0.314453 0.244141 0.304688 0.244141 0.302734 0.242188 0.302734 0.240234 0.306641 0.236328 0.308594 0.236328 0.312500 0.232422 0.312500 0.230469 0.314453 0.228516 0.314453 0.226562 0.316406 0.224609 0.316406 0.222656 0.320312 0.218750 0.328125 0.218750 0.330078 0.220703 0.330078 0.222656 0.333984 0.222656 0.333984 0.214844 0.341797 0.207031 0.343750 0.207031 0.345703 0.205078 0.349609 0.205078 0.351562 0.203125 0.353516 0.203125 0.355469 0.201172 0.359375 0.201172 0.359375 0.199219 0.363281 0.195312 0.365234 0.195312 0.361328 0.191406 0.363281 0.189453 0.369141 0.189453 0.371094 0.187500 0.371094 0.185547 0.369141 0.183594 0.369141 0.181641 0.371094 0.179688 0.369141 0.177734 0.369141 0.175781 0.365234 0.175781 0.363281 0.173828 0.363281 0.166016 0.361328 0.167969 0.359375 0.166016 0.359375 0.162109 0.365234 0.156250 0.378906 0.156250 0.376953 0.154297 0.376953 0.148438 0.375000 0.146484 0.375000 0.136719 0.376953 0.134766 0.376953 0.130859 0.375000 0.128906 0.375000 0.126953 0.373047 0.125000 0.373047 0.121094 0.375000 0.119141 0.375000 0.117188 0.380859 0.111328 0.380859 0.105469 0.378906 0.105469 0.375000 0.101562 0.375000 0.099609 0.373047 0.097656 0.371094 0.097656 0.369141 0.099609 0.367188 0.097656 0.365234 0.099609 0.363281 0.099609 0.363281 0.103516 0.361328 0.105469 0.359375 0.103516 0.351562 0.103516 0.347656 0.099609 0.345703 0.099609 0.343750 0.097656 0.330078 0.097656 0.328125 0.095703 0.330078 0.093750 0.328125 0.093750 0.324219 0.089844 0.324219 0.085938 0.326172 0.083984 0.333984 0.083984 0.335938 0.082031 0.335938 0.080078 0.337891 0.078125 0.339844 0.078125 0.341797 0.076172 0.343750 0.076172 0.343750 0.066406 0.339844 0.066406 0.337891 0.064453 0.337891 0.060547 0.343750 0.054688 0.343750 0.050781 0.345703 0.048828 0.343750 0.046875 0.347656 0.042969 0.347656 0.035156 0.345703 0.033203 0.343750 0.033203 0.341797 0.031250 0.341797 0.019531 0.337891 0.015625 0.339844 0.013672 0.339844 0.011719 0.337891 0.011719 0.332031 0.005859 0.332031 0.000000 0.214844 0.000000 0.214844 0.011719 0.201172 0.025391 0.201172 0.031250 0.199219 0.033203 0.197266 0.033203 0.197266 0.037109 0.193359 0.041016 0.193359 0.042969 0.191406 0.044922 0.189453 0.044922 0.187500 0.042969 0.187500 0.031250 0.189453 0.029297 0.189453 0.027344 0.193359 0.023438 0.193359 0.017578 0.191406 0.015625 0.197266 0.009766 0.197266 0.000000 0.101562 0.000000 0.101562 0.001953 0.099609 0.003906 0.093750 0.003906 0.091797 0.001953 0.091797 0.000000