0 0.212891 0.976562 0.212891 0.980469 0.218750 0.980469 0.218750 0.976562
0 0.205078 0.976562 0.205078 0.980469 0.208984 0.980469 0.208984 0.976562
0 0.068359 0.974609 0.068359 0.978516 0.076172 0.978516 0.076172 0.974609
0 0.082031 0.966797 0.082031 0.968750 0.080078 0.970703 0.080078 0.974609 0.085938 0.974609 0.085938 0.966797
0 0.191406 0.964844 0.191406 0.968750 0.193359 0.968750 0.195312 0.970703 0.195312 0.974609 0.199219 0.974609 0.199219 0.970703 0.197266 0.970703 0.195312 0.968750 0.195312 0.964844
0 0.089844 0.964844 0.089844 0.968750 0.093750 0.968750 0.093750 0.964844
0 0.189453 0.957031 0.189453 0.960938 0.193359 0.960938 0.193359 0.957031
0 0.162109 0.951172 0.162109 0.962891 0.160156 0.964844 0.158203 0.964844 0.156250 0.966797 0.156250 0.968750 0.154297 0.970703 0.152344 0.970703 0.150391 0.968750 0.150391 0.966797 0.146484 0.966797 0.146484 0.970703 0.148438 0.972656 0.148438 0.974609 0.160156 0.974609 0.160156 0.970703 0.162109 0.968750 0.166016 0.968750 0.166016 0.957031 0.167969 0.955078 0.179688 0.955078 0.181641 0.957031 0.181641 0.958984 0.185547 0.958984 0.185547 0.955078 0.181641 0.955078 0.179688 0.953125 0.179688 0.951172
0 0.123047 0.943359 0.123047 0.947266 0.126953 0.947266 0.128906 0.949219 0.128906 0.955078 0.134766 0.955078 0.136719 0.957031 0.136719 0.960938 0.138672 0.962891 0.138672 0.964844 0.142578 0.964844 0.142578 0.960938 0.140625 0.958984 0.140625 0.955078 0.138672 0.955078 0.136719 0.953125 0.136719 0.951172 0.134766 0.951172 0.132812 0.949219 0.132812 0.943359
0 0.103516 0.943359 0.103516 0.949219 0.101562 0.951172 0.099609 0.951172 0.099609 0.953125 0.097656 0.955078 0.095703 0.955078 0.093750 0.957031 0.091797 0.957031 0.091797 0.960938 0.099609 0.960938 0.099609 0.957031 0.101562 0.955078 0.103516 0.955078 0.103516 0.953125 0.105469 0.951172 0.107422 0.951172 0.107422 0.949219 0.109375 0.947266 0.119141 0.947266 0.119141 0.943359
0 0.648438 0.441406 0.648438 0.445312 0.656250 0.445312 0.656250 0.441406
0 0.638672 0.425781 0.638672 0.429688 0.642578 0.429688 0.642578 0.425781
0 0.562500 0.425781 0.562500 0.429688 0.578125 0.429688 0.578125 0.425781
0 0.914062 0.416016 0.914062 0.425781 0.910156 0.429688 0.910156 0.431641 0.908203 0.433594 0.906250 0.433594 0.906250 0.443359 0.910156 0.443359 0.916016 0.437500 0.923828 0.445312 0.923828 0.447266 0.925781 0.449219 0.925781 0.451172 0.923828 0.453125 0.923828 0.458984 0.925781 0.460938 0.925781 0.462891 0.931641 0.468750 0.931641 0.478516 0.929688 0.480469 0.921875 0.480469 0.919922 0.482422 0.912109 0.482422 0.910156 0.484375 0.910156 0.490234 0.912109 0.490234 0.914062 0.492188 0.919922 0.492188 0.925781 0.498047 0.925781 0.500000 0.927734 0.501953 0.904297 0.525391 0.904297 0.527344 0.902344 0.529297 0.902344 0.541016 0.900391 0.542969 0.900391 0.570312 0.902344 0.572266 0.910156 0.572266 0.916016 0.578125 0.923828 0.578125 0.925781 0.576172 0.927734 0.576172 0.931641 0.572266 0.931641 0.566406 0.927734 0.566406 0.921875 0.572266 0.919922 0.572266 0.914062 0.566406 0.910156 0.566406 0.908203 0.568359 0.904297 0.564453 0.904297 0.548828 0.906250 0.546875 0.906250 0.533203 0.908203 0.531250 0.908203 0.529297 0.919922 0.517578 0.921875 0.517578 0.925781 0.513672 0.925781 0.511719 0.927734 0.509766 0.929688 0.509766 0.931641 0.507812 0.931641 0.496094 0.929688 0.494141 0.929688 0.492188 0.927734 0.490234 0.925781 0.490234 0.923828 0.488281 0.923828 0.486328 0.925781 0.484375 0.933594 0.484375 0.935547 0.482422 0.935547 0.464844 0.933594 0.462891 0.933594 0.460938 0.929688 0.457031 0.929688 0.445312 0.927734 0.443359 0.927734 0.439453 0.921875 0.433594 0.919922 0.433594 0.917969 0.431641 0.917969 0.416016
0 0.505859 0.416016 0.503906 0.417969 0.500000 0.417969 0.496094 0.421875 0.496094 0.427734 0.500000 0.427734 0.505859 0.421875 0.507812 0.421875 0.513672 0.427734 0.513672 0.429688 0.515625 0.431641 0.515625 0.433594 0.517578 0.435547 0.517578 0.441406 0.521484 0.445312 0.521484 0.447266 0.523438 0.449219 0.523438 0.451172 0.525391 0.453125 0.525391 0.458984 0.529297 0.462891 0.537109 0.462891 0.542969 0.457031 0.548828 0.457031 0.550781 0.455078 0.554688 0.455078 0.558594 0.458984 0.558594 0.470703 0.570312 0.482422 0.570312 0.484375 0.572266 0.486328 0.572266 0.490234 0.574219 0.490234 0.576172 0.492188 0.578125 0.492188 0.580078 0.494141 0.591797 0.494141 0.593750 0.492188 0.599609 0.492188 0.599609 0.490234 0.607422 0.482422 0.609375 0.482422 0.617188 0.490234 0.617188 0.496094 0.623047 0.496094 0.625000 0.494141 0.625000 0.488281 0.626953 0.486328 0.632812 0.486328 0.634766 0.484375 0.634766 0.482422 0.638672 0.478516 0.640625 0.480469 0.642578 0.480469 0.648438 0.486328 0.648438 0.492188 0.650391 0.494141 0.650391 0.496094 0.652344 0.496094 0.656250 0.500000 0.656250 0.503906 0.658203 0.505859 0.658203 0.509766 0.662109 0.509766 0.662109 0.501953 0.660156 0.500000 0.660156 0.494141 0.658203 0.494141 0.654297 0.490234 0.654297 0.488281 0.652344 0.486328 0.652344 0.480469 0.650391 0.480469 0.646484 0.476562 0.644531 0.476562 0.642578 0.474609 0.632812 0.474609 0.632812 0.476562 0.630859 0.478516 0.630859 0.480469 0.628906 0.482422 0.623047 0.482422 0.621094 0.484375 0.615234 0.478516 0.601562 0.478516 0.597656 0.482422 0.597656 0.484375 0.593750 0.488281 0.591797 0.488281 0.589844 0.490234 0.585938 0.490234 0.583984 0.488281 0.582031 0.488281 0.580078 0.486328 0.578125 0.486328 0.576172 0.484375 0.576172 0.480469 0.574219 0.478516 0.574219 0.476562 0.562500 0.464844 0.562500 0.453125 0.560547 0.451172 0.546875 0.451172 0.544922 0.453125 0.539062 0.453125 0.537109 0.455078 0.535156 0.455078 0.533203 0.457031 0.529297 0.453125 0.529297 0.447266 0.527344 0.445312 0.527344 0.443359 0.525391 0.441406 0.525391 0.439453 0.521484 0.435547 0.521484 0.431641 0.519531 0.429688 0.519531 0.425781 0.515625 0.421875 0.515625 0.419922 0.511719 0.416016
0 0.597656 0.408203 0.597656 0.416016 0.595703 0.417969 0.595703 0.419922 0.593750 0.421875 0.591797 0.421875 0.591797 0.423828 0.589844 0.425781 0.583984 0.425781 0.583984 0.429688 0.595703 0.429688 0.595703 0.427734 0.597656 0.425781 0.599609 0.425781 0.599609 0.421875 0.601562 0.419922 0.601562 0.414062 0.603516 0.412109 0.617188 0.412109 0.619141 0.414062 0.619141 0.416016 0.623047 0.416016 0.625000 0.417969 0.625000 0.419922 0.628906 0.419922 0.630859 0.421875 0.630859 0.425781 0.634766 0.425781 0.634766 0.421875 0.630859 0.421875 0.628906 0.419922 0.628906 0.416016 0.625000 0.416016 0.623047 0.414062 0.623047 0.408203
0 0.693359 0.333984 0.693359 0.335938 0.691406 0.337891 0.689453 0.337891 0.687500 0.339844 0.687500 0.341797 0.685547 0.343750 0.685547 0.347656 0.683594 0.349609 0.683594 0.351562 0.681641 0.353516 0.681641 0.369141 0.683594 0.371094 0.683594 0.373047 0.687500 0.376953 0.687500 0.380859 0.689453 0.382812 0.689453 0.386719 0.691406 0.388672 0.691406 0.390625 0.693359 0.392578 0.693359 0.394531 0.695312 0.396484 0.695312 0.398438 0.697266 0.398438 0.699219 0.400391 0.699219 0.402344 0.707031 0.410156 0.707031 0.412109 0.708984 0.414062 0.708984 0.416016 0.712891 0.419922 0.710938 0.421875 0.710938 0.425781 0.708984 0.427734 0.708984 0.429688 0.707031 0.431641 0.707031 0.443359 0.718750 0.455078 0.718750 0.472656 0.722656 0.472656 0.722656 0.449219 0.720703 0.447266 0.718750 0.447266 0.716797 0.445312 0.716797 0.443359 0.714844 0.441406 0.712891 0.441406 0.710938 0.439453 0.710938 0.437500 0.712891 0.435547 0.712891 0.431641 0.714844 0.429688 0.714844 0.427734 0.716797 0.425781 0.716797 0.416016 0.712891 0.412109 0.712891 0.410156 0.710938 0.408203 0.710938 0.404297 0.708984 0.402344 0.707031 0.402344 0.703125 0.398438 0.703125 0.396484 0.699219 0.392578 0.699219 0.390625 0.695312 0.386719 0.695312 0.382812 0.693359 0.380859 0.693359 0.378906 0.691406 0.376953 0.691406 0.373047 0.689453 0.371094 0.689453 0.369141 0.687500 0.367188 0.687500 0.365234 0.685547 0.363281 0.685547 0.357422 0.689453 0.353516 0.689453 0.349609 0.691406 0.347656 0.691406 0.343750 0.693359 0.341797 0.695312 0.341797 0.699219 0.337891 0.699219 0.333984
0 0.802734 0.253906 0.802734 0.255859 0.800781 0.257812 0.796875 0.257812 0.794922 0.259766 0.787109 0.259766 0.785156 0.261719 0.771484 0.261719 0.769531 0.263672 0.769531 0.265625 0.767578 0.267578 0.765625 0.267578 0.761719 0.271484 0.759766 0.271484 0.759766 0.273438 0.755859 0.277344 0.755859 0.279297 0.753906 0.281250 0.753906 0.283203 0.751953 0.285156 0.750000 0.283203 0.750000 0.281250 0.748047 0.279297 0.742188 0.279297 0.740234 0.281250 0.736328 0.281250 0.734375 0.283203 0.732422 0.283203 0.732422 0.285156 0.730469 0.287109 0.728516 0.287109 0.724609 0.291016 0.720703 0.291016 0.718750 0.292969 0.716797 0.292969 0.714844 0.294922 0.705078 0.294922 0.705078 0.300781 0.708984 0.300781 0.710938 0.298828 0.718750 0.298828 0.720703 0.296875 0.722656 0.296875 0.724609 0.294922 0.728516 0.294922 0.732422 0.291016 0.734375 0.291016 0.740234 0.285156 0.744141 0.285156 0.750000 0.291016 0.753906 0.291016 0.757812 0.287109 0.757812 0.285156 0.761719 0.281250 0.761719 0.279297 0.767578 0.273438 0.769531 0.273438 0.777344 0.265625 0.789062 0.265625 0.791016 0.263672 0.800781 0.263672 0.802734 0.261719 0.804688 0.261719 0.808594 0.257812 0.808594 0.253906
0 0.578125 0.203125 0.578125 0.207031 0.576172 0.208984 0.574219 0.208984 0.574219 0.212891 0.572266 0.214844 0.572266 0.218750 0.576172 0.218750 0.576172 0.214844 0.578125 0.212891 0.578125 0.208984 0.580078 0.207031 0.585938 0.207031 0.585938 0.203125
0 0.917969 0.195312 0.917969 0.199219 0.919922 0.199219 0.921875 0.201172 0.921875 0.203125 0.925781 0.203125 0.927734 0.205078 0.927734 0.207031 0.937500 0.207031 0.937500 0.203125 0.927734 0.203125 0.925781 0.201172 0.925781 0.199219 0.923828 0.199219 0.921875 0.197266 0.921875 0.195312
0 0.785156 0.191406 0.785156 0.195312 0.798828 0.195312 0.798828 0.191406
0 0.908203 0.189453 0.908203 0.193359 0.912109 0.193359 0.912109 0.189453
0 0.818359 0.189453 0.818359 0.193359 0.822266 0.193359 0.822266 0.189453
0 0.804688 0.189453 0.804688 0.193359 0.814453 0.193359 0.814453 0.189453
0 0.828125 0.181641 0.828125 0.185547 0.835938 0.185547 0.835938 0.181641
0 0.775391 0.181641 0.775391 0.185547 0.777344 0.187500 0.777344 0.193359 0.781250 0.193359 0.781250 0.185547 0.779297 0.183594 0.779297 0.181641
0 0.853516 0.179688 0.851562 0.181641 0.847656 0.181641 0.847656 0.185547 0.851562 0.185547 0.853516 0.183594 0.857422 0.183594 0.857422 0.179688
0 0.861328 0.175781 0.861328 0.179688 0.865234 0.179688 0.865234 0.175781
0 0.890625 0.171875 0.890625 0.175781 0.896484 0.175781 0.898438 0.177734 0.898438 0.179688 0.900391 0.181641 0.900391 0.185547 0.904297 0.185547 0.904297 0.175781 0.902344 0.173828 0.902344 0.171875
0 0.875000 0.171875 0.875000 0.175781 0.884766 0.175781 0.884766 0.171875
0 0.777344 0.171875 0.777344 0.175781 0.781250 0.175781 0.781250 0.171875
0 0.787109 0.166016 0.787109 0.169922 0.791016 0.169922 0.791016 0.166016
0 0.591797 0.162109 0.591797 0.183594 0.589844 0.185547 0.587891 0.185547 0.587891 0.189453 0.585938 0.191406 0.583984 0.191406 0.583984 0.199219 0.587891 0.199219 0.587891 0.195312 0.589844 0.193359 0.591797 0.193359 0.591797 0.187500 0.593750 0.185547 0.595703 0.185547 0.595703 0.162109
0 0.810547 0.148438 0.810547 0.152344 0.814453 0.152344 0.814453 0.148438
0 0.591797 0.146484 0.591797 0.150391 0.595703 0.150391 0.595703 0.146484
0 0.843750 0.128906 0.843750 0.132812 0.847656 0.132812 0.847656 0.128906
0 0.625000 0.113281 0.625000 0.115234 0.623047 0.117188 0.623047 0.128906 0.626953 0.128906 0.626953 0.119141 0.628906 0.117188 0.628906 0.113281
0 0.880859 0.103516 0.878906 0.105469 0.876953 0.105469 0.876953 0.107422 0.875000 0.109375 0.871094 0.109375 0.871094 0.111328 0.869141 0.113281 0.867188 0.113281 0.865234 0.115234 0.861328 0.115234 0.861328 0.119141 0.865234 0.119141 0.867188 0.117188 0.871094 0.117188 0.871094 0.115234 0.873047 0.113281 0.878906 0.113281 0.878906 0.111328 0.882812 0.107422 0.884766 0.107422 0.884766 0.103516
0 0.632812 0.097656 0.632812 0.099609 0.630859 0.101562 0.628906 0.101562 0.628906 0.103516 0.626953 0.105469 0.626953 0.109375 0.630859 0.109375 0.630859 0.107422 0.632812 0.105469 0.632812 0.103516 0.634766 0.101562 0.636719 0.101562 0.636719 0.097656
0 0.884766 0.089844 0.884766 0.099609 0.888672 0.099609 0.888672 0.095703 0.890625 0.093750 0.890625 0.089844
0 0.691406 0.082031 0.691406 0.089844 0.695312 0.089844 0.695312 0.087891 0.697266 0.085938 0.701172 0.085938 0.701172 0.082031
0 0.710938 0.072266 0.710938 0.080078 0.708984 0.082031 0.705078 0.082031 0.705078 0.085938 0.714844 0.085938 0.714844 0.072266
0 0.886719 0.066406 0.886719 0.076172 0.890625 0.076172 0.890625 0.066406
0 0.718750 0.066406 0.718750 0.070312 0.722656 0.070312 0.722656 0.066406
0 0.607422 0.058594 0.607422 0.062500 0.628906 0.062500 0.630859 0.064453 0.634766 0.064453 0.636719 0.066406 0.636719 0.068359 0.638672 0.070312 0.640625 0.070312 0.642578 0.072266 0.642578 0.085938 0.640625 0.087891 0.640625 0.091797 0.644531 0.091797 0.644531 0.087891 0.646484 0.085938 0.646484 0.068359 0.644531 0.068359 0.642578 0.066406 0.642578 0.064453 0.640625 0.064453 0.638672 0.062500 0.638672 0.060547 0.634766 0.060547 0.632812 0.058594
0 0.880859 0.042969 0.880859 0.050781 0.884766 0.050781 0.886719 0.052734 0.886719 0.062500 0.890625 0.062500 0.890625 0.052734 0.888672 0.050781 0.888672 0.046875 0.886719 0.046875 0.884766 0.044922 0.884766 0.042969
0 0.742188 0.033203 0.740234 0.035156 0.738281 0.035156 0.738281 0.037109 0.736328 0.039062 0.730469 0.039062 0.730469 0.041016 0.728516 0.042969 0.728516 0.044922 0.726562 0.046875 0.724609 0.046875 0.724609 0.050781 0.722656 0.052734 0.720703 0.052734 0.720703 0.056641 0.718750 0.058594 0.718750 0.062500 0.722656 0.062500 0.722656 0.058594 0.724609 0.056641 0.724609 0.052734 0.726562 0.050781 0.728516 0.050781 0.728516 0.048828 0.730469 0.046875 0.732422 0.046875 0.732422 0.044922 0.734375 0.042969 0.738281 0.042969 0.738281 0.041016 0.740234 0.039062 0.742188 0.039062 0.744141 0.037109 0.748047 0.037109 0.748047 0.033203
0 0.775391 0.023438 0.775391 0.027344 0.779297 0.027344 0.779297 0.023438
0 0.763672 0.023438 0.763672 0.027344 0.767578 0.027344 0.767578 0.023438
0 0.642578 0.015625 0.642578 0.019531 0.667969 0.019531 0.667969 0.015625
0 0.679688 0.009766 0.677734 0.011719 0.673828 0.011719 0.673828 0.015625 0.677734 0.015625 0.679688 0.013672 0.691406 0.013672 0.693359 0.015625 0.693359 0.017578 0.695312 0.019531 0.697266 0.019531 0.699219 0.021484 0.699219 0.025391 0.701172 0.027344 0.705078 0.027344 0.705078 0.023438 0.703125 0.021484 0.703125 0.017578 0.701172 0.015625 0.699219 0.015625 0.697266 0.013672 0.695312 0.013672 0.693359 0.011719 0.693359 0.009766