0 0.480469 0.912109 0.480469 0.921875 0.490234 0.921875 0.490234 0.912109
0 0.443359 0.912109 0.443359 0.921875 0.476562 0.921875 0.476562 0.912109
0 0.494141 0.888672 0.494141 0.898438 0.501953 0.898438 0.503906 0.900391 0.503906 0.904297 0.501953 0.906250 0.494141 0.906250 0.494141 0.916016 0.503906 0.916016 0.503906 0.914062 0.505859 0.912109 0.523438 0.912109 0.523438 0.902344 0.517578 0.902344 0.515625 0.900391 0.515625 0.898438 0.513672 0.896484 0.505859 0.896484 0.503906 0.894531 0.503906 0.888672
0 0.505859 0.859375 0.505859 0.863281 0.503906 0.865234 0.503906 0.867188 0.501953 0.869141 0.486328 0.869141 0.486328 0.871094 0.484375 0.873047 0.472656 0.873047 0.472656 0.876953 0.470703 0.878906 0.466797 0.878906 0.466797 0.888672 0.480469 0.888672 0.480469 0.884766 0.482422 0.882812 0.490234 0.882812 0.490234 0.880859 0.492188 0.878906 0.503906 0.878906 0.503906 0.876953 0.505859 0.875000 0.513672 0.875000 0.515625 0.873047 0.515625 0.859375
0 0.462891 0.761719 0.462891 0.767578 0.460938 0.769531 0.453125 0.769531 0.453125 0.773438 0.451172 0.775391 0.447266 0.775391 0.447266 0.794922 0.445312 0.796875 0.443359 0.796875 0.443359 0.800781 0.441406 0.802734 0.437500 0.802734 0.437500 0.810547 0.435547 0.812500 0.429688 0.812500 0.429688 0.826172 0.447266 0.826172 0.447266 0.808594 0.449219 0.806641 0.453125 0.806641 0.453125 0.796875 0.455078 0.794922 0.457031 0.794922 0.457031 0.781250 0.458984 0.779297 0.462891 0.779297 0.462891 0.773438 0.464844 0.771484 0.472656 0.771484 0.472656 0.761719
0 0.486328 0.755859 0.486328 0.765625 0.496094 0.765625 0.496094 0.755859
0 0.505859 0.746094 0.505859 0.755859 0.515625 0.755859 0.515625 0.746094
0 0.519531 0.740234 0.519531 0.750000 0.529297 0.750000 0.529297 0.740234
0 0.164062 0.703125 0.164062 0.705078 0.162109 0.707031 0.140625 0.707031 0.140625 0.716797 0.166016 0.716797 0.166016 0.714844 0.167969 0.712891 0.181641 0.712891 0.183594 0.714844 0.183594 0.716797 0.185547 0.716797 0.187500 0.718750 0.191406 0.718750 0.193359 0.720703 0.193359 0.726562 0.199219 0.726562 0.201172 0.728516 0.201172 0.736328 0.210938 0.736328 0.210938 0.726562 0.205078 0.726562 0.203125 0.724609 0.203125 0.716797 0.199219 0.716797 0.197266 0.714844 0.197266 0.708984 0.195312 0.708984 0.193359 0.707031 0.189453 0.707031 0.187500 0.705078 0.187500 0.703125
0 0.796875 0.425781 0.796875 0.433594 0.841797 0.433594 0.843750 0.435547 0.847656 0.435547 0.849609 0.437500 0.849609 0.439453 0.851562 0.441406 0.851562 0.445312 0.853516 0.447266 0.853516 0.451172 0.855469 0.453125 0.855469 0.462891 0.857422 0.464844 0.857422 0.472656 0.861328 0.472656 0.863281 0.474609 0.863281 0.476562 0.865234 0.476562 0.867188 0.478516 0.867188 0.507812 0.869141 0.507812 0.871094 0.509766 0.871094 0.515625 0.873047 0.515625 0.875000 0.517578 0.878906 0.517578 0.880859 0.519531 0.890625 0.519531 0.892578 0.521484 0.894531 0.521484 0.896484 0.523438 0.896484 0.527344 0.910156 0.527344 0.912109 0.529297 0.912109 0.531250 0.916016 0.531250 0.917969 0.533203 0.921875 0.533203 0.923828 0.535156 0.929688 0.535156 0.931641 0.537109 0.931641 0.541016 0.935547 0.541016 0.937500 0.542969 0.937500 0.546875 0.939453 0.546875 0.941406 0.548828 0.941406 0.554688 0.945312 0.554688 0.947266 0.556641 0.947266 0.574219 0.949219 0.574219 0.951172 0.576172 0.951172 0.578125 0.953125 0.578125 0.955078 0.580078 0.955078 0.582031 0.958984 0.582031 0.960938 0.583984 0.960938 0.585938 0.962891 0.587891 0.970703 0.587891 0.970703 0.580078 0.968750 0.578125 0.964844 0.578125 0.962891 0.576172 0.962891 0.574219 0.960938 0.574219 0.958984 0.572266 0.958984 0.570312 0.957031 0.570312 0.955078 0.568359 0.955078 0.552734 0.951172 0.552734 0.949219 0.550781 0.949219 0.546875 0.947266 0.546875 0.945312 0.544922 0.945312 0.539062 0.941406 0.539062 0.939453 0.537109 0.939453 0.533203 0.933594 0.533203 0.931641 0.531250 0.931641 0.527344 0.929688 0.527344 0.925781 0.523438 0.917969 0.523438 0.916016 0.521484 0.916016 0.519531 0.902344 0.519531 0.900391 0.517578 0.900391 0.513672 0.896484 0.513672 0.894531 0.511719 0.886719 0.511719 0.884766 0.509766 0.880859 0.509766 0.878906 0.507812 0.878906 0.501953 0.876953 0.501953 0.875000 0.500000 0.875000 0.472656 0.873047 0.470703 0.873047 0.468750 0.871094 0.466797 0.867188 0.466797 0.865234 0.464844 0.865234 0.457031 0.863281 0.455078 0.863281 0.445312 0.859375 0.441406 0.859375 0.437500 0.857422 0.435547 0.857422 0.431641 0.853516 0.431641 0.851562 0.429688 0.851562 0.425781
0 0.085938 0.351562 0.083984 0.353516 0.082031 0.353516 0.080078 0.355469 0.078125 0.355469 0.078125 0.357422 0.076172 0.359375 0.074219 0.359375 0.072266 0.361328 0.072266 0.363281 0.070312 0.365234 0.070312 0.376953 0.080078 0.376953 0.080078 0.373047 0.083984 0.369141 0.083984 0.367188 0.085938 0.365234 0.087891 0.365234 0.089844 0.363281 0.091797 0.363281 0.093750 0.361328 0.105469 0.361328 0.105469 0.351562
0 0.109375 0.253906 0.101562 0.261719 0.101562 0.263672 0.097656 0.267578 0.095703 0.267578 0.089844 0.273438 0.089844 0.275391 0.087891 0.277344 0.085938 0.277344 0.080078 0.283203 0.080078 0.289062 0.078125 0.291016 0.078125 0.292969 0.076172 0.294922 0.076172 0.296875 0.074219 0.298828 0.070312 0.298828 0.068359 0.300781 0.068359 0.302734 0.064453 0.306641 0.064453 0.310547 0.062500 0.312500 0.062500 0.326172 0.060547 0.328125 0.058594 0.328125 0.056641 0.330078 0.052734 0.330078 0.052734 0.332031 0.050781 0.333984 0.048828 0.333984 0.048828 0.335938 0.046875 0.337891 0.046875 0.341797 0.042969 0.345703 0.042969 0.347656 0.041016 0.349609 0.041016 0.351562 0.037109 0.355469 0.023438 0.355469 0.021484 0.357422 0.019531 0.357422 0.019531 0.361328 0.015625 0.365234 0.015625 0.369141 0.013672 0.371094 0.013672 0.375000 0.011719 0.376953 0.011719 0.380859 0.009766 0.382812 0.007812 0.382812 0.007812 0.386719 0.005859 0.388672 0.003906 0.388672 0.001953 0.390625 0.001953 0.396484 0.009766 0.396484 0.009766 0.392578 0.007812 0.390625 0.009766 0.388672 0.011719 0.388672 0.011719 0.384766 0.013672 0.382812 0.015625 0.382812 0.015625 0.380859 0.017578 0.378906 0.017578 0.376953 0.019531 0.375000 0.019531 0.371094 0.021484 0.369141 0.021484 0.367188 0.023438 0.365234 0.023438 0.363281 0.025391 0.361328 0.027344 0.361328 0.029297 0.359375 0.037109 0.359375 0.039062 0.357422 0.041016 0.357422 0.041016 0.355469 0.042969 0.353516 0.042969 0.349609 0.046875 0.345703 0.046875 0.343750 0.048828 0.341797 0.048828 0.339844 0.056641 0.332031 0.060547 0.332031 0.064453 0.328125 0.064453 0.314453 0.066406 0.312500 0.066406 0.310547 0.068359 0.308594 0.068359 0.306641 0.074219 0.300781 0.078125 0.300781 0.078125 0.294922 0.080078 0.292969 0.080078 0.291016 0.082031 0.289062 0.082031 0.287109 0.083984 0.285156 0.083984 0.283203 0.085938 0.281250 0.087891 0.281250 0.089844 0.279297 0.089844 0.277344 0.093750 0.273438 0.095703 0.273438 0.103516 0.265625 0.103516 0.263672 0.105469 0.261719 0.107422 0.261719 0.111328 0.257812 0.111328 0.253906
0 0.435547 0.234375 0.435547 0.236328 0.433594 0.238281 0.429688 0.238281 0.429688 0.240234 0.427734 0.242188 0.425781 0.242188 0.425781 0.251953 0.433594 0.251953 0.433594 0.248047 0.435547 0.246094 0.437500 0.246094 0.437500 0.244141 0.439453 0.242188 0.445312 0.242188 0.445312 0.234375
0 0.451172 0.218750 0.449219 0.220703 0.445312 0.220703 0.445312 0.228516 0.453125 0.228516 0.455078 0.226562 0.460938 0.226562 0.462891 0.228516 0.462891 0.242188 0.466797 0.242188 0.468750 0.244141 0.468750 0.251953 0.470703 0.253906 0.470703 0.259766 0.474609 0.259766 0.476562 0.261719 0.503906 0.261719 0.505859 0.263672 0.513672 0.263672 0.515625 0.261719 0.521484 0.261719 0.523438 0.263672 0.527344 0.263672 0.529297 0.265625 0.531250 0.265625 0.533203 0.267578 0.533203 0.269531 0.535156 0.271484 0.535156 0.292969 0.537109 0.292969 0.539062 0.294922 0.539062 0.296875 0.542969 0.296875 0.546875 0.300781 0.548828 0.300781 0.550781 0.302734 0.550781 0.304688 0.552734 0.306641 0.556641 0.306641 0.558594 0.308594 0.558594 0.314453 0.560547 0.314453 0.562500 0.316406 0.562500 0.320312 0.568359 0.320312 0.570312 0.322266 0.572266 0.322266 0.574219 0.324219 0.574219 0.328125 0.578125 0.328125 0.580078 0.330078 0.580078 0.333984 0.583984 0.333984 0.587891 0.337891 0.587891 0.339844 0.589844 0.341797 0.589844 0.345703 0.591797 0.345703 0.593750 0.347656 0.593750 0.349609 0.595703 0.349609 0.599609 0.353516 0.599609 0.355469 0.601562 0.357422 0.601562 0.365234 0.603516 0.367188 0.605469 0.367188 0.607422 0.369141 0.607422 0.376953 0.609375 0.376953 0.613281 0.380859 0.613281 0.382812 0.617188 0.382812 0.619141 0.384766 0.625000 0.384766 0.626953 0.386719 0.626953 0.390625 0.628906 0.392578 0.628906 0.394531 0.662109 0.394531 0.666016 0.390625 0.667969 0.390625 0.667969 0.386719 0.669922 0.384766 0.677734 0.384766 0.677734 0.382812 0.679688 0.380859 0.685547 0.380859 0.685547 0.378906 0.687500 0.376953 0.697266 0.376953 0.699219 0.375000 0.703125 0.375000 0.705078 0.373047 0.710938 0.373047 0.712891 0.375000 0.714844 0.375000 0.716797 0.376953 0.720703 0.376953 0.722656 0.378906 0.722656 0.380859 0.724609 0.380859 0.726562 0.382812 0.728516 0.382812 0.730469 0.384766 0.734375 0.384766 0.736328 0.386719 0.736328 0.388672 0.738281 0.388672 0.740234 0.390625 0.740234 0.394531 0.744141 0.394531 0.746094 0.396484 0.746094 0.398438 0.750000 0.398438 0.751953 0.400391 0.751953 0.402344 0.753906 0.404297 0.753906 0.406250 0.755859 0.406250 0.757812 0.408203 0.757812 0.410156 0.759766 0.410156 0.761719 0.412109 0.761719 0.419922 0.763672 0.419922 0.765625 0.421875 0.765625 0.423828 0.767578 0.423828 0.769531 0.425781 0.769531 0.429688 0.771484 0.431641 0.771484 0.433594 0.792969 0.433594 0.792969 0.425781 0.779297 0.425781 0.777344 0.423828 0.777344 0.421875 0.775391 0.421875 0.773438 0.419922 0.773438 0.416016 0.771484 0.416016 0.769531 0.414062 0.769531 0.412109 0.767578 0.412109 0.765625 0.410156 0.765625 0.402344 0.763672 0.402344 0.761719 0.400391 0.761719 0.398438 0.759766 0.396484 0.759766 0.394531 0.755859 0.394531 0.753906 0.392578 0.753906 0.390625 0.751953 0.388672 0.751953 0.386719 0.750000 0.386719 0.748047 0.384766 0.748047 0.382812 0.746094 0.382812 0.744141 0.380859 0.740234 0.380859 0.738281 0.378906 0.738281 0.376953 0.736328 0.376953 0.734375 0.375000 0.732422 0.375000 0.730469 0.373047 0.726562 0.373047 0.724609 0.371094 0.724609 0.369141 0.722656 0.369141 0.720703 0.367188 0.718750 0.367188 0.716797 0.365234 0.699219 0.365234 0.697266 0.367188 0.695312 0.367188 0.693359 0.369141 0.683594 0.369141 0.683594 0.371094 0.681641 0.373047 0.673828 0.373047 0.673828 0.375000 0.671875 0.376953 0.669922 0.376953 0.669922 0.380859 0.667969 0.382812 0.660156 0.382812 0.658203 0.384766 0.656250 0.384766 0.654297 0.386719 0.636719 0.386719 0.634766 0.384766 0.634766 0.382812 0.628906 0.382812 0.626953 0.380859 0.626953 0.376953 0.623047 0.376953 0.619141 0.373047 0.619141 0.371094 0.617188 0.371094 0.615234 0.369141 0.615234 0.365234 0.613281 0.365234 0.611328 0.363281 0.611328 0.359375 0.609375 0.357422 0.609375 0.351562 0.607422 0.349609 0.607422 0.347656 0.605469 0.345703 0.605469 0.343750 0.603516 0.343750 0.601562 0.341797 0.599609 0.341797 0.597656 0.339844 0.597656 0.337891 0.595703 0.335938 0.595703 0.332031 0.593750 0.330078 0.593750 0.328125 0.589844 0.328125 0.587891 0.326172 0.583984 0.326172 0.582031 0.324219 0.582031 0.320312 0.580078 0.320312 0.578125 0.318359 0.578125 0.314453 0.574219 0.314453 0.570312 0.310547 0.570312 0.306641 0.568359 0.306641 0.566406 0.304688 0.566406 0.302734 0.562500 0.302734 0.560547 0.300781 0.560547 0.298828 0.558594 0.296875 0.556641 0.296875 0.554688 0.294922 0.554688 0.292969 0.552734 0.291016 0.548828 0.291016 0.544922 0.287109 0.544922 0.285156 0.542969 0.283203 0.542969 0.265625 0.541016 0.263672 0.541016 0.261719 0.539062 0.261719 0.537109 0.259766 0.537109 0.257812 0.533203 0.257812 0.531250 0.255859 0.529297 0.255859 0.527344 0.253906 0.482422 0.253906 0.476562 0.248047 0.476562 0.236328 0.472656 0.236328 0.470703 0.234375 0.470703 0.224609 0.468750 0.222656 0.468750 0.218750
0 0.292969 0.214844 0.292969 0.222656 0.333984 0.222656 0.335938 0.224609 0.337891 0.224609 0.339844 0.226562 0.349609 0.226562 0.351562 0.228516 0.351562 0.232422 0.363281 0.232422 0.365234 0.234375 0.369141 0.234375 0.371094 0.236328 0.371094 0.240234 0.378906 0.240234 0.382812 0.244141 0.392578 0.244141 0.392578 0.236328 0.390625 0.236328 0.388672 0.234375 0.384766 0.234375 0.382812 0.232422 0.375000 0.232422 0.373047 0.230469 0.373047 0.226562 0.365234 0.226562 0.363281 0.224609 0.357422 0.224609 0.355469 0.222656 0.355469 0.218750 0.345703 0.218750 0.343750 0.216797 0.339844 0.216797 0.337891 0.214844
0 0.275391 0.031250 0.275391 0.039062 0.277344 0.041016 0.277344 0.044922 0.279297 0.044922 0.281250 0.046875 0.281250 0.107422 0.279297 0.109375 0.277344 0.109375 0.275391 0.107422 0.275391 0.103516 0.267578 0.103516 0.267578 0.111328 0.269531 0.111328 0.271484 0.113281 0.271484 0.119141 0.273438 0.121094 0.273438 0.125000 0.285156 0.125000 0.285156 0.121094 0.287109 0.119141 0.289062 0.119141 0.289062 0.039062 0.287109 0.039062 0.285156 0.037109 0.285156 0.031250