0 0.691406 0.289062 0.691406 0.292969 0.693359 0.292969 0.695312 0.294922 0.695312 0.296875 0.699219 0.296875 0.701172 0.298828 0.705078 0.298828 0.705078 0.292969 0.697266 0.292969 0.695312 0.291016 0.695312 0.289062
0 0.681641 0.289062 0.681641 0.292969 0.685547 0.292969 0.685547 0.289062
0 0.742188 0.281250 0.742188 0.285156 0.748047 0.285156 0.748047 0.281250
0 0.734375 0.281250 0.734375 0.287109 0.732422 0.289062 0.730469 0.289062 0.730469 0.292969 0.728516 0.294922 0.724609 0.294922 0.724609 0.296875 0.722656 0.298828 0.708984 0.298828 0.708984 0.302734 0.722656 0.302734 0.722656 0.300781 0.724609 0.298828 0.728516 0.298828 0.728516 0.294922 0.730469 0.292969 0.734375 0.292969 0.734375 0.291016 0.736328 0.289062 0.738281 0.289062 0.738281 0.281250
0 0.771484 0.275391 0.771484 0.277344 0.769531 0.279297 0.767578 0.279297 0.765625 0.281250 0.751953 0.281250 0.751953 0.285156 0.767578 0.285156 0.769531 0.283203 0.771484 0.283203 0.771484 0.281250 0.773438 0.279297 0.775391 0.279297 0.775391 0.275391
0 0.673828 0.275391 0.673828 0.285156 0.677734 0.285156 0.677734 0.275391
0 0.785156 0.269531 0.785156 0.273438 0.791016 0.273438 0.791016 0.269531
0 0.794922 0.261719 0.794922 0.265625 0.798828 0.265625 0.798828 0.261719
0 0.664062 0.259766 0.664062 0.263672 0.666016 0.263672 0.667969 0.265625 0.667969 0.269531 0.671875 0.269531 0.671875 0.265625 0.669922 0.265625 0.667969 0.263672 0.667969 0.259766
0 0.662109 0.248047 0.662109 0.251953 0.666016 0.251953 0.666016 0.248047
0 0.832031 0.242188 0.832031 0.246094 0.835938 0.246094 0.835938 0.242188
0 0.824219 0.242188 0.824219 0.244141 0.822266 0.246094 0.818359 0.246094 0.816406 0.248047 0.814453 0.248047 0.814453 0.253906 0.812500 0.255859 0.810547 0.255859 0.810547 0.257812 0.808594 0.259766 0.804688 0.259766 0.804688 0.263672 0.808594 0.263672 0.808594 0.261719 0.810547 0.259766 0.814453 0.259766 0.814453 0.257812 0.816406 0.255859 0.818359 0.255859 0.818359 0.251953 0.820312 0.250000 0.822266 0.250000 0.822266 0.248047 0.824219 0.246094 0.828125 0.246094 0.828125 0.242188
0 0.652344 0.232422 0.652344 0.236328 0.656250 0.236328 0.658203 0.238281 0.658203 0.242188 0.662109 0.242188 0.662109 0.238281 0.660156 0.238281 0.658203 0.236328 0.658203 0.232422
0 0.644531 0.228516 0.644531 0.232422 0.648438 0.232422 0.648438 0.228516
0 0.857422 0.226562 0.857422 0.230469 0.855469 0.232422 0.853516 0.232422 0.853516 0.236328 0.851562 0.238281 0.847656 0.238281 0.847656 0.240234 0.845703 0.242188 0.841797 0.242188 0.841797 0.246094 0.845703 0.246094 0.845703 0.244141 0.847656 0.242188 0.851562 0.242188 0.851562 0.238281 0.853516 0.236328 0.857422 0.236328 0.857422 0.232422 0.859375 0.230469 0.861328 0.230469 0.861328 0.226562
0 0.630859 0.222656 0.630859 0.226562 0.634766 0.226562 0.634766 0.222656
0 0.861328 0.218750 0.861328 0.222656 0.865234 0.222656 0.865234 0.218750
0 0.619141 0.212891 0.619141 0.216797 0.623047 0.216797 0.623047 0.212891
0 0.867188 0.208984 0.867188 0.212891 0.871094 0.212891 0.871094 0.208984
0 0.875000 0.199219 0.875000 0.203125 0.878906 0.203125 0.878906 0.199219
0 0.611328 0.199219 0.611328 0.201172 0.609375 0.203125 0.607422 0.203125 0.607422 0.208984 0.615234 0.208984 0.615234 0.199219
0 0.890625 0.179688 0.888672 0.181641 0.886719 0.181641 0.886719 0.183594 0.884766 0.185547 0.880859 0.185547 0.880859 0.189453 0.878906 0.191406 0.875000 0.191406 0.875000 0.195312 0.880859 0.195312 0.880859 0.191406 0.882812 0.189453 0.890625 0.189453 0.890625 0.187500 0.892578 0.185547 0.894531 0.185547 0.894531 0.179688
0 0.611328 0.179688 0.611328 0.195312 0.615234 0.195312 0.615234 0.179688
0 0.894531 0.166016 0.894531 0.175781 0.898438 0.175781 0.898438 0.166016
0 0.607422 0.166016 0.607422 0.169922 0.609375 0.169922 0.611328 0.171875 0.611328 0.175781 0.615234 0.175781 0.615234 0.171875 0.613281 0.171875 0.611328 0.169922 0.611328 0.166016
0 0.900391 0.152344 0.900391 0.156250 0.898438 0.158203 0.894531 0.158203 0.894531 0.162109 0.898438 0.162109 0.898438 0.158203 0.900391 0.156250 0.904297 0.156250 0.904297 0.152344
0 0.908203 0.148438 0.908203 0.152344 0.912109 0.152344 0.912109 0.148438
0 0.908203 0.138672 0.908203 0.142578 0.912109 0.142578 0.912109 0.138672
0 0.591797 0.123047 0.591797 0.140625 0.599609 0.140625 0.601562 0.142578 0.601562 0.146484 0.603516 0.146484 0.605469 0.148438 0.605469 0.152344 0.607422 0.154297 0.607422 0.162109 0.611328 0.162109 0.611328 0.152344 0.609375 0.150391 0.609375 0.148438 0.607422 0.148438 0.605469 0.146484 0.605469 0.142578 0.603516 0.142578 0.601562 0.140625 0.601562 0.136719 0.597656 0.136719 0.595703 0.134766 0.595703 0.123047
0 0.822266 0.121094 0.822266 0.128906 0.830078 0.128906 0.830078 0.121094
0 0.792969 0.121094 0.792969 0.130859 0.816406 0.130859 0.816406 0.123047 0.802734 0.123047 0.800781 0.121094
0 0.597656 0.113281 0.597656 0.117188 0.601562 0.117188 0.601562 0.113281
0 0.835938 0.107422 0.835938 0.115234 0.843750 0.115234 0.843750 0.107422
0 0.792969 0.107422 0.792969 0.115234 0.800781 0.115234 0.800781 0.107422
0 0.611328 0.103516 0.609375 0.105469 0.605469 0.105469 0.605469 0.109375 0.609375 0.109375 0.611328 0.107422 0.615234 0.107422 0.615234 0.103516
0 0.921875 0.099609 0.921875 0.113281 0.919922 0.115234 0.917969 0.115234 0.917969 0.117188 0.916016 0.119141 0.914062 0.119141 0.914062 0.132812 0.917969 0.132812 0.917969 0.121094 0.919922 0.119141 0.921875 0.119141 0.921875 0.115234 0.923828 0.113281 0.925781 0.113281 0.925781 0.099609
0 0.921875 0.091797 0.921875 0.095703 0.925781 0.095703 0.925781 0.091797
0 0.625000 0.089844 0.625000 0.093750 0.623047 0.095703 0.619141 0.095703 0.619141 0.099609 0.623047 0.099609 0.623047 0.095703 0.625000 0.093750 0.628906 0.093750 0.628906 0.089844
0 0.851562 0.087891 0.851562 0.095703 0.859375 0.095703 0.859375 0.087891
0 0.796875 0.087891 0.796875 0.095703 0.804688 0.095703 0.804688 0.087891
0 0.921875 0.080078 0.921875 0.085938 0.925781 0.085938 0.925781 0.080078
0 0.625000 0.080078 0.625000 0.085938 0.628906 0.085938 0.628906 0.080078
0 0.859375 0.066406 0.859375 0.074219 0.867188 0.074219 0.867188 0.066406
0 0.615234 0.066406 0.615234 0.070312 0.617188 0.070312 0.621094 0.074219 0.621094 0.076172 0.625000 0.076172 0.625000 0.072266 0.623047 0.070312 0.623047 0.068359 0.621094 0.068359 0.619141 0.066406
0 0.611328 0.058594 0.611328 0.062500 0.615234 0.062500 0.615234 0.058594
0 0.917969 0.056641 0.917969 0.072266 0.921875 0.072266 0.921875 0.056641
0 0.796875 0.050781 0.796875 0.058594 0.800781 0.058594 0.802734 0.060547 0.802734 0.074219 0.806641 0.074219 0.808594 0.076172 0.808594 0.082031 0.814453 0.082031 0.816406 0.083984 0.816406 0.095703 0.824219 0.095703 0.824219 0.080078 0.818359 0.080078 0.816406 0.078125 0.816406 0.074219 0.814453 0.072266 0.814453 0.066406 0.812500 0.066406 0.810547 0.064453 0.810547 0.060547 0.806641 0.060547 0.804688 0.058594 0.804688 0.050781
0 0.917969 0.048828 0.917969 0.052734 0.921875 0.052734 0.921875 0.048828
0 0.605469 0.048828 0.605469 0.052734 0.609375 0.052734 0.609375 0.048828
0 0.863281 0.046875 0.863281 0.054688 0.871094 0.054688 0.871094 0.046875
0 0.806641 0.037109 0.806641 0.044922 0.814453 0.044922 0.814453 0.037109
0 0.914062 0.033203 0.914062 0.037109 0.916016 0.037109 0.917969 0.039062 0.917969 0.042969 0.921875 0.042969 0.921875 0.039062 0.919922 0.039062 0.917969 0.037109 0.917969 0.033203
0 0.597656 0.033203 0.597656 0.042969 0.601562 0.042969 0.601562 0.033203
0 0.783203 0.031250 0.783203 0.044922 0.781250 0.046875 0.775391 0.046875 0.775391 0.052734 0.773438 0.054688 0.773438 0.058594 0.771484 0.060547 0.769531 0.060547 0.769531 0.072266 0.783203 0.072266 0.783203 0.070312 0.785156 0.068359 0.791016 0.068359 0.791016 0.060547 0.783203 0.060547 0.781250 0.058594 0.781250 0.056641 0.783203 0.054688 0.783203 0.046875 0.785156 0.044922 0.791016 0.044922 0.791016 0.031250
0 0.914062 0.025391 0.914062 0.029297 0.917969 0.029297 0.917969 0.025391
0 0.863281 0.023438 0.863281 0.031250 0.871094 0.031250 0.871094 0.023438
0 0.816406 0.017578 0.816406 0.025391 0.824219 0.025391 0.824219 0.017578
0 0.859375 0.011719 0.859375 0.019531 0.867188 0.019531 0.867188 0.011719
0 0.845703 0.007812 0.845703 0.015625 0.853516 0.015625 0.853516 0.007812
0 0.812500 0.000000 0.812500 0.005859 0.810547 0.007812 0.802734 0.007812 0.802734 0.019531 0.800781 0.021484 0.796875 0.021484 0.796875 0.029297 0.804688 0.029297 0.804688 0.027344 0.806641 0.025391 0.810547 0.025391 0.810547 0.007812 0.812500 0.005859 0.816406 0.005859 0.818359 0.007812 0.818359 0.011719 0.826172 0.011719 0.826172 0.000000