0 0.287109 0.990234 0.287109 0.992188 0.292969 0.992188 0.292969 0.990234
0 0.119141 0.935547 0.119141 0.939453 0.121094 0.941406 0.123047 0.941406 0.125000 0.943359 0.125000 0.939453 0.123047 0.937500 0.121094 0.937500
0 0.121094 0.798828 0.121094 0.804688 0.123047 0.804688 0.126953 0.808594 0.134766 0.808594 0.136719 0.810547 0.142578 0.810547 0.142578 0.802734 0.140625 0.800781 0.136719 0.800781 0.134766 0.798828
0 0.546875 0.794922 0.544922 0.796875 0.542969 0.796875 0.542969 0.802734 0.546875 0.806641 0.548828 0.806641 0.550781 0.808594 0.558594 0.808594 0.558594 0.796875 0.556641 0.794922
0 0.248047 0.656250 0.248047 0.666016 0.250000 0.667969 0.250000 0.673828 0.251953 0.673828 0.253906 0.675781 0.259766 0.675781 0.259766 0.664062 0.257812 0.662109 0.257812 0.658203 0.255859 0.656250
0 0.250000 0.634766 0.248047 0.636719 0.248047 0.644531 0.250000 0.644531 0.255859 0.650391 0.257812 0.650391 0.259766 0.652344 0.263672 0.652344 0.265625 0.650391 0.265625 0.642578 0.261719 0.638672 0.259766 0.638672 0.255859 0.634766
0 0.246094 0.611328 0.244141 0.613281 0.244141 0.625000 0.246094 0.625000 0.248047 0.626953 0.250000 0.626953 0.251953 0.628906 0.255859 0.628906 0.257812 0.630859 0.265625 0.630859 0.267578 0.632812 0.273438 0.632812 0.273438 0.626953 0.271484 0.626953 0.269531 0.625000 0.267578 0.625000 0.265625 0.623047 0.265625 0.621094 0.263672 0.621094 0.253906 0.611328
0 0.556641 0.580078 0.556641 0.583984 0.552734 0.587891 0.550781 0.587891 0.550781 0.595703 0.552734 0.597656 0.552734 0.601562 0.556641 0.605469 0.560547 0.605469 0.562500 0.603516 0.562500 0.597656 0.564453 0.595703 0.564453 0.591797 0.566406 0.589844 0.566406 0.583984 0.564453 0.582031 0.562500 0.582031 0.560547 0.580078
0 0.517578 0.574219 0.517578 0.578125 0.519531 0.580078 0.523438 0.580078 0.523438 0.576172 0.521484 0.574219
0 0.578125 0.539062 0.576172 0.541016 0.572266 0.541016 0.570312 0.542969 0.566406 0.542969 0.566406 0.544922 0.570312 0.544922 0.572266 0.546875 0.574219 0.546875 0.576172 0.548828 0.582031 0.548828 0.582031 0.539062
0 0.580078 0.519531 0.578125 0.521484 0.578125 0.529297 0.582031 0.533203 0.589844 0.533203 0.591797 0.531250 0.591797 0.523438 0.587891 0.519531
0 0.593750 0.490234 0.591797 0.492188 0.591797 0.494141 0.589844 0.496094 0.587891 0.496094 0.587891 0.498047 0.585938 0.500000 0.583984 0.500000 0.583984 0.501953 0.585938 0.501953 0.587891 0.503906 0.589844 0.503906 0.593750 0.507812 0.593750 0.511719 0.595703 0.513672 0.599609 0.513672 0.601562 0.511719 0.603516 0.511719 0.603516 0.505859 0.601562 0.503906 0.601562 0.501953 0.599609 0.500000 0.599609 0.492188 0.597656 0.492188 0.595703 0.490234
0 0.119141 0.490234 0.113281 0.496094 0.111328 0.496094 0.107422 0.500000 0.103516 0.500000 0.097656 0.505859 0.097656 0.509766 0.095703 0.511719 0.095703 0.515625 0.093750 0.517578 0.093750 0.521484 0.091797 0.523438 0.091797 0.542969 0.093750 0.544922 0.111328 0.544922 0.113281 0.546875 0.115234 0.546875 0.117188 0.548828 0.121094 0.548828 0.123047 0.550781 0.125000 0.550781 0.126953 0.552734 0.126953 0.556641 0.132812 0.562500 0.132812 0.564453 0.134766 0.564453 0.142578 0.572266 0.150391 0.572266 0.152344 0.574219 0.152344 0.580078 0.154297 0.580078 0.156250 0.582031 0.160156 0.582031 0.162109 0.583984 0.164062 0.583984 0.166016 0.585938 0.167969 0.585938 0.169922 0.587891 0.169922 0.595703 0.171875 0.597656 0.181641 0.597656 0.183594 0.599609 0.185547 0.599609 0.189453 0.603516 0.189453 0.607422 0.201172 0.607422 0.201172 0.603516 0.203125 0.601562 0.203125 0.599609 0.205078 0.597656 0.207031 0.597656 0.210938 0.593750 0.212891 0.593750 0.212891 0.582031 0.210938 0.582031 0.207031 0.578125 0.207031 0.576172 0.208984 0.574219 0.208984 0.572266 0.212891 0.568359 0.212891 0.566406 0.214844 0.564453 0.216797 0.564453 0.216797 0.562500 0.220703 0.558594 0.220703 0.548828 0.218750 0.546875 0.218750 0.535156 0.216797 0.533203 0.216797 0.531250 0.214844 0.529297 0.214844 0.527344 0.216797 0.525391 0.222656 0.525391 0.224609 0.527344 0.232422 0.527344 0.234375 0.525391 0.234375 0.521484 0.226562 0.513672 0.226562 0.509766 0.224609 0.507812 0.224609 0.503906 0.222656 0.501953 0.214844 0.501953 0.212891 0.503906 0.212891 0.511719 0.208984 0.515625 0.207031 0.513672 0.203125 0.513672 0.201172 0.511719 0.201172 0.509766 0.199219 0.507812 0.197266 0.507812 0.195312 0.505859 0.195312 0.503906 0.193359 0.503906 0.191406 0.501953 0.179688 0.501953 0.177734 0.500000 0.156250 0.500000 0.154297 0.498047 0.152344 0.498047 0.150391 0.496094 0.146484 0.496094 0.144531 0.494141 0.140625 0.494141 0.138672 0.492188 0.125000 0.492188 0.123047 0.490234
0 0.533203 0.458984 0.531250 0.460938 0.529297 0.460938 0.529297 0.466797 0.533203 0.466797 0.535156 0.464844 0.537109 0.464844 0.539062 0.462891 0.539062 0.458984
0 0.042969 0.453125 0.039062 0.457031 0.039062 0.462891 0.035156 0.466797 0.031250 0.466797 0.027344 0.470703 0.023438 0.466797 0.011719 0.466797 0.011719 0.468750 0.009766 0.470703 0.007812 0.470703 0.003906 0.474609 0.001953 0.474609 0.000000 0.476562 0.000000 0.517578 0.011719 0.517578 0.013672 0.515625 0.025391 0.515625 0.029297 0.511719 0.029297 0.509766 0.031250 0.507812 0.031250 0.505859 0.033203 0.503906 0.039062 0.503906 0.044922 0.509766 0.044922 0.515625 0.048828 0.519531 0.058594 0.519531 0.058594 0.496094 0.062500 0.492188 0.062500 0.488281 0.052734 0.488281 0.050781 0.490234 0.050781 0.494141 0.048828 0.496094 0.042969 0.490234 0.042969 0.488281 0.044922 0.486328 0.044922 0.484375 0.046875 0.482422 0.048828 0.482422 0.052734 0.478516 0.054688 0.478516 0.054688 0.476562 0.056641 0.474609 0.058594 0.474609 0.058594 0.455078 0.056641 0.453125
0 0.263672 0.451172 0.261719 0.453125 0.261719 0.455078 0.253906 0.462891 0.253906 0.470703 0.255859 0.470703 0.257812 0.472656 0.267578 0.472656 0.267578 0.470703 0.269531 0.468750 0.271484 0.468750 0.279297 0.476562 0.292969 0.476562 0.292969 0.474609 0.294922 0.472656 0.294922 0.470703 0.296875 0.468750 0.296875 0.462891 0.294922 0.460938 0.294922 0.458984 0.291016 0.455078 0.289062 0.455078 0.287109 0.453125 0.285156 0.453125 0.283203 0.451172
0 0.589844 0.447266 0.587891 0.449219 0.587891 0.457031 0.591797 0.460938 0.591797 0.464844 0.589844 0.466797 0.582031 0.466797 0.580078 0.468750 0.580078 0.472656 0.583984 0.476562 0.589844 0.476562 0.589844 0.474609 0.593750 0.470703 0.597656 0.474609 0.601562 0.474609 0.601562 0.460938 0.599609 0.458984 0.599609 0.457031 0.595703 0.453125 0.595703 0.449219 0.593750 0.449219 0.591797 0.447266
0 0.232422 0.439453 0.230469 0.441406 0.224609 0.441406 0.222656 0.443359 0.222656 0.449219 0.224609 0.451172 0.226562 0.451172 0.230469 0.455078 0.238281 0.455078 0.238281 0.453125 0.242188 0.449219 0.244141 0.449219 0.246094 0.447266 0.246094 0.443359 0.244141 0.441406 0.242188 0.441406 0.240234 0.439453
0 0.599609 0.437500 0.597656 0.439453 0.597656 0.443359 0.607422 0.453125 0.615234 0.453125 0.615234 0.443359 0.611328 0.439453 0.603516 0.439453 0.601562 0.437500
0 0.310547 0.435547 0.310547 0.437500 0.308594 0.439453 0.308594 0.445312 0.310547 0.447266 0.310547 0.449219 0.312500 0.451172 0.310547 0.453125 0.310547 0.464844 0.312500 0.466797 0.312500 0.468750 0.314453 0.468750 0.316406 0.470703 0.316406 0.474609 0.318359 0.476562 0.318359 0.484375 0.328125 0.484375 0.328125 0.482422 0.332031 0.478516 0.333984 0.478516 0.333984 0.468750 0.330078 0.464844 0.330078 0.460938 0.332031 0.458984 0.332031 0.457031 0.333984 0.455078 0.333984 0.439453 0.332031 0.437500 0.332031 0.435547 0.322266 0.435547 0.320312 0.437500 0.318359 0.437500 0.316406 0.435547
0 0.345703 0.386719 0.343750 0.388672 0.341797 0.388672 0.339844 0.390625 0.337891 0.390625 0.333984 0.394531 0.333984 0.400391 0.335938 0.402344 0.337891 0.402344 0.343750 0.408203 0.353516 0.408203 0.353516 0.404297 0.357422 0.400391 0.359375 0.400391 0.361328 0.398438 0.361328 0.392578 0.357422 0.388672 0.351562 0.388672 0.349609 0.386719
0 0.312500 0.380859 0.312500 0.382812 0.310547 0.384766 0.310547 0.386719 0.308594 0.388672 0.308594 0.390625 0.298828 0.400391 0.298828 0.406250 0.300781 0.408203 0.302734 0.408203 0.304688 0.410156 0.306641 0.410156 0.310547 0.414062 0.318359 0.414062 0.320312 0.412109 0.322266 0.412109 0.324219 0.410156 0.326172 0.410156 0.328125 0.408203 0.330078 0.408203 0.330078 0.402344 0.326172 0.398438 0.326172 0.396484 0.322266 0.392578 0.322266 0.388672 0.318359 0.384766 0.318359 0.382812 0.316406 0.380859
0 0.382812 0.376953 0.382812 0.382812 0.386719 0.386719 0.386719 0.388672 0.384766 0.390625 0.380859 0.390625 0.378906 0.392578 0.378906 0.396484 0.375000 0.400391 0.375000 0.402344 0.373047 0.404297 0.373047 0.410156 0.371094 0.412109 0.365234 0.412109 0.361328 0.416016 0.361328 0.417969 0.359375 0.419922 0.359375 0.443359 0.361328 0.443359 0.365234 0.447266 0.365234 0.449219 0.367188 0.451172 0.367188 0.453125 0.369141 0.455078 0.369141 0.457031 0.375000 0.457031 0.375000 0.453125 0.380859 0.447266 0.384766 0.447266 0.384766 0.439453 0.382812 0.439453 0.380859 0.437500 0.380859 0.427734 0.375000 0.421875 0.375000 0.419922 0.373047 0.417969 0.373047 0.416016 0.375000 0.414062 0.376953 0.414062 0.380859 0.417969 0.384766 0.417969 0.388672 0.421875 0.392578 0.421875 0.394531 0.419922 0.396484 0.419922 0.398438 0.417969 0.400391 0.417969 0.400391 0.414062 0.402344 0.412109 0.402344 0.410156 0.406250 0.406250 0.406250 0.402344 0.404297 0.400391 0.404297 0.398438 0.402344 0.398438 0.400391 0.396484 0.402344 0.394531 0.404297 0.394531 0.404297 0.388672 0.398438 0.382812 0.394531 0.382812 0.392578 0.380859 0.390625 0.380859 0.386719 0.376953
0 0.333984 0.375000 0.332031 0.376953 0.330078 0.376953 0.330078 0.378906 0.333984 0.382812 0.335938 0.382812 0.335938 0.376953
0 0.337891 0.349609 0.337891 0.353516 0.335938 0.355469 0.335938 0.363281 0.337891 0.365234 0.337891 0.369141 0.339844 0.371094 0.353516 0.371094 0.353516 0.365234 0.347656 0.359375 0.347656 0.355469 0.341797 0.349609
0 0.095703 0.275391 0.091797 0.279297 0.091797 0.287109 0.095703 0.291016 0.095703 0.296875 0.097656 0.298828 0.097656 0.300781 0.095703 0.302734 0.095703 0.312500 0.097656 0.312500 0.101562 0.316406 0.107422 0.316406 0.109375 0.314453 0.109375 0.310547 0.117188 0.302734 0.117188 0.294922 0.111328 0.289062 0.111328 0.287109 0.109375 0.285156 0.109375 0.279297 0.107422 0.277344 0.103516 0.277344 0.101562 0.275391
0 0.220703 0.253906 0.220703 0.259766 0.218750 0.261719 0.218750 0.269531 0.220703 0.271484 0.222656 0.271484 0.224609 0.273438 0.242188 0.273438 0.242188 0.265625 0.240234 0.265625 0.238281 0.263672 0.236328 0.263672 0.232422 0.259766 0.232422 0.257812 0.230469 0.255859 0.230469 0.253906
0 0.628906 0.103516 0.626953 0.105469 0.626953 0.107422 0.625000 0.109375 0.623047 0.109375 0.621094 0.111328 0.621094 0.123047 0.625000 0.123047 0.626953 0.125000 0.630859 0.125000 0.632812 0.126953 0.638672 0.126953 0.638672 0.121094 0.644531 0.115234 0.644531 0.105469 0.642578 0.103516
0 0.021484 0.064453 0.021484 0.070312 0.017578 0.074219 0.017578 0.091797 0.023438 0.097656 0.023438 0.101562 0.021484 0.103516 0.013672 0.103516 0.011719 0.105469 0.009766 0.105469 0.007812 0.107422 0.005859 0.107422 0.005859 0.111328 0.003906 0.113281 0.001953 0.113281 0.001953 0.115234 0.000000 0.117188 0.000000 0.167969 0.001953 0.167969 0.003906 0.169922 0.005859 0.169922 0.007812 0.171875 0.009766 0.171875 0.013672 0.175781 0.015625 0.175781 0.019531 0.179688 0.021484 0.179688 0.023438 0.181641 0.021484 0.183594 0.017578 0.183594 0.015625 0.185547 0.015625 0.191406 0.017578 0.193359 0.019531 0.193359 0.021484 0.195312 0.027344 0.195312 0.027344 0.193359 0.029297 0.191406 0.029297 0.189453 0.027344 0.187500 0.025391 0.187500 0.021484 0.183594 0.023438 0.181641 0.025391 0.181641 0.027344 0.183594 0.029297 0.183594 0.031250 0.185547 0.041016 0.185547 0.042969 0.183594 0.044922 0.183594 0.048828 0.179688 0.050781 0.179688 0.052734 0.177734 0.054688 0.177734 0.056641 0.175781 0.068359 0.175781 0.074219 0.181641 0.074219 0.183594 0.078125 0.187500 0.078125 0.207031 0.076172 0.208984 0.072266 0.208984 0.066406 0.203125 0.066406 0.201172 0.062500 0.197266 0.062500 0.195312 0.060547 0.193359 0.052734 0.193359 0.052734 0.195312 0.050781 0.197266 0.050781 0.205078 0.052734 0.207031 0.052734 0.210938 0.054688 0.212891 0.054688 0.216797 0.056641 0.218750 0.056641 0.220703 0.060547 0.224609 0.060547 0.226562 0.062500 0.226562 0.064453 0.228516 0.064453 0.230469 0.060547 0.234375 0.060547 0.238281 0.058594 0.240234 0.058594 0.246094 0.060547 0.248047 0.058594 0.250000 0.050781 0.250000 0.048828 0.248047 0.048828 0.246094 0.046875 0.246094 0.042969 0.242188 0.046875 0.238281 0.048828 0.238281 0.048828 0.236328 0.050781 0.234375 0.050781 0.232422 0.031250 0.232422 0.025391 0.226562 0.023438 0.226562 0.021484 0.224609 0.021484 0.222656 0.019531 0.220703 0.019531 0.212891 0.017578 0.210938 0.017578 0.207031 0.013672 0.203125 0.013672 0.201172 0.000000 0.201172 0.000000 0.281250 0.003906 0.285156 0.003906 0.287109 0.007812 0.291016 0.013672 0.291016 0.019531 0.296875 0.019531 0.298828 0.021484 0.300781 0.021484 0.302734 0.025391 0.306641 0.025391 0.308594 0.027344 0.310547 0.029297 0.310547 0.033203 0.314453 0.035156 0.314453 0.039062 0.318359 0.041016 0.318359 0.046875 0.324219 0.052734 0.324219 0.054688 0.322266 0.056641 0.322266 0.058594 0.320312 0.062500 0.320312 0.062500 0.318359 0.072266 0.308594 0.074219 0.308594 0.076172 0.306641 0.076172 0.298828 0.072266 0.294922 0.072266 0.289062 0.070312 0.287109 0.070312 0.281250 0.072266 0.279297 0.072266 0.275391 0.070312 0.273438 0.070312 0.271484 0.066406 0.267578 0.064453 0.267578 0.060547 0.263672 0.060547 0.253906 0.062500 0.251953 0.070312 0.251953 0.072266 0.253906 0.072266 0.255859 0.074219 0.257812 0.074219 0.263672 0.076172 0.265625 0.082031 0.265625 0.083984 0.263672 0.083984 0.259766 0.089844 0.253906 0.103516 0.253906 0.107422 0.250000 0.109375 0.250000 0.111328 0.251953 0.115234 0.251953 0.121094 0.257812 0.121094 0.265625 0.125000 0.265625 0.128906 0.261719 0.130859 0.261719 0.132812 0.259766 0.138672 0.259766 0.140625 0.257812 0.142578 0.257812 0.146484 0.253906 0.146484 0.240234 0.144531 0.238281 0.138672 0.238281 0.136719 0.240234 0.132812 0.240234 0.128906 0.236328 0.128906 0.232422 0.126953 0.230469 0.126953 0.228516 0.125000 0.226562 0.125000 0.224609 0.123047 0.222656 0.123047 0.218750 0.130859 0.210938 0.132812 0.210938 0.136719 0.207031 0.138672 0.207031 0.142578 0.203125 0.144531 0.203125 0.146484 0.201172 0.146484 0.189453 0.140625 0.183594 0.142578 0.181641 0.142578 0.179688 0.150391 0.171875 0.150391 0.167969 0.152344 0.166016 0.152344 0.164062 0.154297 0.162109 0.167969 0.162109 0.169922 0.160156 0.169922 0.144531 0.167969 0.142578 0.166016 0.142578 0.164062 0.140625 0.164062 0.138672 0.162109 0.136719 0.162109 0.134766 0.160156 0.132812 0.160156 0.128906 0.158203 0.128906 0.152344 0.123047 0.150391 0.123047 0.146484 0.119141 0.128906 0.119141 0.125000 0.115234 0.123047 0.115234 0.121094 0.113281 0.103516 0.113281 0.103516 0.125000 0.105469 0.126953 0.105469 0.128906 0.097656 0.136719 0.095703 0.136719 0.093750 0.138672 0.091797 0.138672 0.089844 0.140625 0.087891 0.140625 0.085938 0.142578 0.083984 0.142578 0.082031 0.144531 0.072266 0.144531 0.070312 0.142578 0.070312 0.138672 0.068359 0.136719 0.068359 0.132812 0.060547 0.125000 0.060547 0.121094 0.058594 0.121094 0.054688 0.117188 0.054688 0.113281 0.052734 0.111328 0.050781 0.111328 0.048828 0.109375 0.048828 0.107422 0.044922 0.103516 0.044922 0.101562 0.039062 0.095703 0.039062 0.093750 0.035156 0.089844 0.035156 0.083984 0.039062 0.080078 0.039062 0.078125 0.035156 0.074219 0.035156 0.070312 0.033203 0.068359 0.031250 0.068359 0.027344 0.064453
0 0.974609 0.054688 0.970703 0.058594 0.962891 0.058594 0.960938 0.060547 0.960938 0.062500 0.966797 0.062500 0.970703 0.066406 0.972656 0.066406 0.974609 0.068359 0.978516 0.068359 0.980469 0.070312 0.982422 0.068359 0.984375 0.068359 0.986328 0.066406 0.988281 0.066406 0.988281 0.062500 0.986328 0.060547 0.982422 0.060547 0.980469 0.058594 0.978516 0.058594
0 0.039062 0.005859 0.041016 0.007812 0.041016 0.009766 0.042969 0.011719 0.042969 0.015625 0.048828 0.009766 0.046875 0.009766 0.042969 0.005859
0 0.978516 0.000000 0.978516 0.001953 0.980469 0.003906 0.980469 0.007812 0.976562 0.011719 0.976562 0.025391 0.974609 0.027344 0.974609 0.037109 0.976562 0.039062 0.976562 0.041016 0.978516 0.042969 0.982422 0.042969 0.984375 0.041016 0.986328 0.041016 0.990234 0.037109 0.992188 0.037109 0.992188 0.000000
0 0.902344 0.000000 0.902344 0.001953 0.910156 0.001953 0.912109 0.003906 0.925781 0.003906 0.929688 0.000000
0 0.615234 0.000000 0.619141 0.000000 0.625000 0.005859 0.626953 0.005859 0.630859 0.001953 0.632812 0.001953 0.634766 0.000000 0.640625 0.000000 0.642578 0.001953 0.642578 0.003906 0.640625 0.005859 0.640625 0.007812 0.644531 0.011719 0.648438 0.011719 0.652344 0.015625 0.654297 0.015625 0.656250 0.017578 0.683594 0.017578 0.685547 0.019531 0.687500 0.019531 0.689453 0.017578 0.703125 0.017578 0.708984 0.023438 0.708984 0.025391 0.710938 0.027344 0.710938 0.029297 0.712891 0.031250 0.710938 0.033203 0.710938 0.035156 0.707031 0.039062 0.703125 0.039062 0.701172 0.037109 0.701172 0.035156 0.697266 0.031250 0.691406 0.031250 0.689453 0.033203 0.689453 0.035156 0.687500 0.037109 0.687500 0.039062 0.689453 0.041016 0.689453 0.052734 0.687500 0.054688 0.687500 0.060547 0.689453 0.062500 0.691406 0.062500 0.693359 0.064453 0.693359 0.066406 0.695312 0.066406 0.697266 0.064453 0.699219 0.066406 0.708984 0.066406 0.710938 0.068359 0.712891 0.068359 0.714844 0.070312 0.716797 0.070312 0.718750 0.072266 0.722656 0.072266 0.724609 0.074219 0.736328 0.074219 0.738281 0.076172 0.740234 0.076172 0.742188 0.078125 0.746094 0.078125 0.750000 0.082031 0.750000 0.085938 0.748047 0.087891 0.742188 0.087891 0.740234 0.085938 0.734375 0.085938 0.732422 0.087891 0.730469 0.087891 0.728516 0.089844 0.726562 0.089844 0.726562 0.091797 0.722656 0.095703 0.720703 0.095703 0.718750 0.093750 0.714844 0.093750 0.712891 0.091797 0.705078 0.091797 0.697266 0.099609 0.695312 0.099609 0.691406 0.095703 0.691406 0.091797 0.689453 0.089844 0.687500 0.089844 0.685547 0.087891 0.683594 0.087891 0.673828 0.078125 0.673828 0.076172 0.675781 0.074219 0.677734 0.074219 0.679688 0.076172 0.681641 0.074219 0.681641 0.070312 0.679688 0.068359 0.679688 0.066406 0.667969 0.066406 0.666016 0.068359 0.664062 0.068359 0.662109 0.070312 0.660156 0.070312 0.658203 0.072266 0.656250 0.072266 0.654297 0.074219 0.654297 0.078125 0.652344 0.080078 0.652344 0.083984 0.648438 0.087891 0.648438 0.099609 0.654297 0.105469 0.656250 0.105469 0.658203 0.107422 0.685547 0.107422 0.687500 0.109375 0.687500 0.113281 0.689453 0.115234 0.685547 0.119141 0.683594 0.117188 0.681641 0.117188 0.679688 0.119141 0.669922 0.119141 0.667969 0.117188 0.666016 0.119141 0.662109 0.119141 0.660156 0.121094 0.660156 0.123047 0.658203 0.125000 0.658203 0.128906 0.656250 0.130859 0.654297 0.130859 0.648438 0.136719 0.648438 0.152344 0.652344 0.156250 0.652344 0.160156 0.654297 0.162109 0.654297 0.164062 0.656250 0.166016 0.658203 0.166016 0.662109 0.169922 0.664062 0.169922 0.666016 0.171875 0.666016 0.173828 0.667969 0.173828 0.677734 0.183594 0.677734 0.187500 0.681641 0.191406 0.683594 0.191406 0.689453 0.197266 0.693359 0.197266 0.693359 0.195312 0.695312 0.193359 0.695312 0.189453 0.697266 0.187500 0.697266 0.185547 0.699219 0.183594 0.699219 0.181641 0.703125 0.177734 0.705078 0.177734 0.707031 0.179688 0.708984 0.179688 0.710938 0.181641 0.712891 0.181641 0.714844 0.183594 0.714844 0.191406 0.716797 0.193359 0.716797 0.201172 0.710938 0.207031 0.710938 0.208984 0.712891 0.210938 0.712891 0.212891 0.718750 0.218750 0.718750 0.230469 0.716797 0.232422 0.714844 0.232422 0.712891 0.234375 0.705078 0.234375 0.705078 0.242188 0.707031 0.242188 0.710938 0.246094 0.710938 0.250000 0.708984 0.251953 0.707031 0.251953 0.705078 0.253906 0.699219 0.253906 0.697266 0.251953 0.695312 0.251953 0.693359 0.253906 0.691406 0.253906 0.689453 0.255859 0.689453 0.257812 0.687500 0.259766 0.689453 0.261719 0.691406 0.261719 0.693359 0.263672 0.693359 0.267578 0.691406 0.269531 0.689453 0.269531 0.687500 0.271484 0.685547 0.271484 0.683594 0.273438 0.675781 0.273438 0.673828 0.271484 0.669922 0.271484 0.667969 0.273438 0.660156 0.273438 0.658203 0.271484 0.656250 0.271484 0.652344 0.267578 0.652344 0.265625 0.650391 0.265625 0.648438 0.263672 0.648438 0.251953 0.650391 0.250000 0.650391 0.248047 0.654297 0.244141 0.658203 0.244141 0.660156 0.242188 0.660156 0.230469 0.658203 0.228516 0.662109 0.224609 0.662109 0.220703 0.660156 0.218750 0.660156 0.216797 0.656250 0.212891 0.642578 0.212891 0.640625 0.210938 0.640625 0.207031 0.644531 0.203125 0.648438 0.203125 0.650391 0.201172 0.650391 0.199219 0.652344 0.197266 0.652344 0.185547 0.644531 0.185547 0.644531 0.187500 0.642578 0.189453 0.640625 0.187500 0.640625 0.185547 0.638672 0.183594 0.636719 0.183594 0.626953 0.173828 0.626953 0.169922 0.625000 0.167969 0.625000 0.166016 0.623047 0.164062 0.623047 0.160156 0.621094 0.160156 0.613281 0.152344 0.613281 0.150391 0.611328 0.150391 0.609375 0.148438 0.607422 0.148438 0.605469 0.146484 0.603516 0.146484 0.601562 0.144531 0.589844 0.144531 0.587891 0.142578 0.585938 0.142578 0.583984 0.140625 0.582031 0.142578 0.578125 0.142578 0.576172 0.144531 0.576172 0.146484 0.574219 0.148438 0.574219 0.150391 0.572266 0.152344 0.564453 0.152344 0.560547 0.148438 0.556641 0.148438 0.554688 0.146484 0.550781 0.150391 0.548828 0.150391 0.548828 0.154297 0.544922 0.158203 0.541016 0.158203 0.539062 0.156250 0.539062 0.152344 0.535156 0.148438 0.523438 0.148438 0.521484 0.146484 0.521484 0.140625 0.519531 0.138672 0.519531 0.136719 0.517578 0.136719 0.515625 0.134766 0.511719 0.134766 0.503906 0.126953 0.503906 0.125000 0.501953 0.123047 0.501953 0.121094 0.500000 0.119141 0.500000 0.117188 0.498047 0.115234 0.494141 0.115234 0.492188 0.113281 0.486328 0.113281 0.484375 0.111328 0.482422 0.111328 0.480469 0.109375 0.474609 0.109375 0.472656 0.107422 0.472656 0.105469 0.468750 0.101562 0.468750 0.099609 0.466797 0.097656 0.464844 0.097656 0.462891 0.095703 0.451172 0.095703 0.449219 0.097656 0.445312 0.093750 0.441406 0.093750 0.439453 0.095703 0.435547 0.091797 0.406250 0.091797 0.404297 0.093750 0.402344 0.093750 0.398438 0.097656 0.398438 0.099609 0.396484 0.101562 0.396484 0.103516 0.394531 0.105469 0.376953 0.105469 0.373047 0.109375 0.365234 0.109375 0.363281 0.111328 0.355469 0.111328 0.353516 0.109375 0.345703 0.109375 0.343750 0.111328 0.341797 0.111328 0.339844 0.109375 0.339844 0.107422 0.337891 0.107422 0.335938 0.105469 0.335938 0.103516 0.333984 0.101562 0.330078 0.101562 0.330078 0.103516 0.328125 0.105469 0.328125 0.111328 0.324219 0.115234 0.324219 0.117188 0.322266 0.119141 0.322266 0.121094 0.316406 0.126953 0.308594 0.126953 0.306641 0.128906 0.300781 0.128906 0.298828 0.130859 0.296875 0.130859 0.296875 0.136719 0.298828 0.138672 0.298828 0.140625 0.300781 0.142578 0.300781 0.146484 0.302734 0.146484 0.304688 0.148438 0.306641 0.148438 0.314453 0.156250 0.316406 0.156250 0.318359 0.158203 0.318359 0.171875 0.326172 0.171875 0.328125 0.173828 0.328125 0.177734 0.332031 0.177734 0.333984 0.175781 0.333984 0.169922 0.335938 0.167969 0.339844 0.167969 0.341797 0.169922 0.341797 0.171875 0.343750 0.173828 0.343750 0.175781 0.347656 0.179688 0.347656 0.183594 0.345703 0.185547 0.335938 0.185547 0.333984 0.187500 0.332031 0.187500 0.332031 0.191406 0.330078 0.193359 0.328125 0.193359 0.326172 0.195312 0.322266 0.195312 0.320312 0.193359 0.310547 0.193359 0.308594 0.191406 0.308594 0.189453 0.302734 0.189453 0.302734 0.195312 0.300781 0.197266 0.298828 0.197266 0.298828 0.199219 0.296875 0.201172 0.296875 0.203125 0.294922 0.205078 0.294922 0.222656 0.292969 0.224609 0.289062 0.220703 0.287109 0.220703 0.285156 0.218750 0.279297 0.218750 0.273438 0.224609 0.273438 0.226562 0.271484 0.228516 0.267578 0.228516 0.263672 0.232422 0.263672 0.234375 0.261719 0.236328 0.261719 0.238281 0.257812 0.242188 0.255859 0.242188 0.255859 0.244141 0.253906 0.246094 0.253906 0.251953 0.255859 0.253906 0.259766 0.253906 0.261719 0.255859 0.263672 0.255859 0.265625 0.257812 0.287109 0.257812 0.289062 0.259766 0.304688 0.259766 0.306641 0.261719 0.308594 0.261719 0.314453 0.267578 0.314453 0.269531 0.316406 0.271484 0.318359 0.271484 0.322266 0.275391 0.324219 0.275391 0.326172 0.277344 0.326172 0.285156 0.324219 0.287109 0.320312 0.287109 0.318359 0.285156 0.316406 0.285156 0.314453 0.283203 0.314453 0.281250 0.310547 0.277344 0.300781 0.277344 0.298828 0.275391 0.298828 0.273438 0.294922 0.269531 0.289062 0.269531 0.287109 0.267578 0.267578 0.267578 0.265625 0.269531 0.261719 0.269531 0.259766 0.271484 0.257812 0.271484 0.253906 0.275391 0.253906 0.277344 0.250000 0.281250 0.250000 0.291016 0.248047 0.292969 0.246094 0.292969 0.244141 0.294922 0.244141 0.300781 0.240234 0.304688 0.240234 0.332031 0.244141 0.335938 0.244141 0.337891 0.246094 0.339844 0.255859 0.339844 0.261719 0.333984 0.263672 0.333984 0.265625 0.332031 0.267578 0.332031 0.271484 0.335938 0.271484 0.337891 0.281250 0.337891 0.281250 0.322266 0.283203 0.320312 0.285156 0.320312 0.287109 0.322266 0.298828 0.322266 0.298828 0.320312 0.300781 0.318359 0.318359 0.318359 0.320312 0.316406 0.322266 0.316406 0.324219 0.314453 0.330078 0.314453 0.333984 0.310547 0.333984 0.296875 0.332031 0.294922 0.335938 0.291016 0.345703 0.291016 0.347656 0.292969 0.359375 0.292969 0.363281 0.289062 0.373047 0.289062 0.375000 0.291016 0.376953 0.291016 0.378906 0.292969 0.380859 0.292969 0.382812 0.294922 0.382812 0.296875 0.388672 0.296875 0.392578 0.300781 0.400391 0.300781 0.402344 0.302734 0.406250 0.302734 0.410156 0.306641 0.410156 0.312500 0.414062 0.316406 0.414062 0.320312 0.417969 0.324219 0.417969 0.326172 0.421875 0.326172 0.423828 0.328125 0.425781 0.328125 0.427734 0.330078 0.429688 0.330078 0.431641 0.332031 0.433594 0.332031 0.435547 0.333984 0.447266 0.333984 0.453125 0.339844 0.455078 0.339844 0.458984 0.343750 0.457031 0.345703 0.451172 0.345703 0.451172 0.347656 0.445312 0.353516 0.445312 0.363281 0.451172 0.369141 0.445312 0.375000 0.437500 0.375000 0.435547 0.376953 0.435547 0.386719 0.441406 0.392578 0.441406 0.394531 0.439453 0.396484 0.439453 0.406250 0.437500 0.408203 0.435547 0.408203 0.435547 0.410156 0.433594 0.412109 0.433594 0.414062 0.431641 0.416016 0.431641 0.429688 0.433594 0.431641 0.433594 0.433594 0.435547 0.433594 0.441406 0.439453 0.443359 0.439453 0.447266 0.443359 0.447266 0.451172 0.449219 0.453125 0.449219 0.455078 0.451172 0.457031 0.451172 0.458984 0.457031 0.458984 0.458984 0.457031 0.478516 0.457031 0.480469 0.455078 0.484375 0.455078 0.486328 0.453125 0.488281 0.453125 0.488281 0.451172 0.490234 0.449219 0.496094 0.455078 0.500000 0.455078 0.501953 0.457031 0.501953 0.462891 0.500000 0.464844 0.498047 0.464844 0.496094 0.466797 0.494141 0.466797 0.494141 0.468750 0.492188 0.470703 0.490234 0.468750 0.490234 0.458984 0.484375 0.458984 0.484375 0.460938 0.482422 0.462891 0.482422 0.466797 0.476562 0.472656 0.476562 0.474609 0.474609 0.476562 0.472656 0.476562 0.468750 0.480469 0.466797 0.480469 0.462891 0.484375 0.458984 0.484375 0.451172 0.492188 0.449219 0.492188 0.441406 0.500000 0.437500 0.496094 0.427734 0.496094 0.427734 0.501953 0.429688 0.501953 0.431641 0.503906 0.431641 0.505859 0.427734 0.509766 0.427734 0.521484 0.429688 0.523438 0.431641 0.523438 0.439453 0.531250 0.439453 0.533203 0.441406 0.533203 0.445312 0.537109 0.447266 0.537109 0.449219 0.539062 0.457031 0.539062 0.458984 0.537109 0.458984 0.535156 0.460938 0.533203 0.462891 0.533203 0.468750 0.539062 0.468750 0.554688 0.464844 0.558594 0.490234 0.558594 0.492188 0.560547 0.492188 0.562500 0.490234 0.564453 0.490234 0.582031 0.492188 0.583984 0.492188 0.585938 0.494141 0.587891 0.507812 0.587891 0.509766 0.585938 0.509766 0.580078 0.505859 0.576172 0.505859 0.574219 0.503906 0.572266 0.503906 0.570312 0.507812 0.566406 0.507812 0.564453 0.509766 0.562500 0.509766 0.558594 0.511719 0.556641 0.515625 0.556641 0.517578 0.554688 0.521484 0.554688 0.523438 0.552734 0.525391 0.552734 0.527344 0.550781 0.529297 0.550781 0.531250 0.548828 0.533203 0.548828 0.535156 0.546875 0.542969 0.546875 0.544922 0.544922 0.546875 0.544922 0.548828 0.542969 0.550781 0.542969 0.552734 0.541016 0.554688 0.541016 0.560547 0.535156 0.560547 0.533203 0.564453 0.529297 0.564453 0.527344 0.566406 0.525391 0.566406 0.523438 0.570312 0.519531 0.570312 0.513672 0.568359 0.511719 0.568359 0.509766 0.564453 0.505859 0.560547 0.505859 0.556641 0.501953 0.554688 0.501953 0.550781 0.498047 0.548828 0.498047 0.546875 0.496094 0.544922 0.496094 0.542969 0.494141 0.541016 0.494141 0.539062 0.492188 0.537109 0.492188 0.531250 0.486328 0.531250 0.482422 0.533203 0.480469 0.535156 0.480469 0.541016 0.474609 0.541016 0.470703 0.537109 0.470703 0.533203 0.474609 0.529297 0.474609 0.523438 0.468750 0.523438 0.462891 0.521484 0.462891 0.517578 0.458984 0.517578 0.457031 0.511719 0.457031 0.509766 0.455078 0.509766 0.445312 0.507812 0.445312 0.505859 0.443359 0.505859 0.437500 0.503906 0.435547 0.498047 0.435547 0.494141 0.439453 0.490234 0.439453 0.488281 0.437500 0.486328 0.437500 0.484375 0.435547 0.480469 0.435547 0.476562 0.431641 0.474609 0.431641 0.472656 0.429688 0.472656 0.427734 0.470703 0.425781 0.468750 0.425781 0.466797 0.423828 0.466797 0.417969 0.462891 0.414062 0.462891 0.412109 0.460938 0.410156 0.458984 0.410156 0.457031 0.408203 0.457031 0.406250 0.453125 0.402344 0.453125 0.398438 0.455078 0.396484 0.457031 0.396484 0.458984 0.398438 0.460938 0.398438 0.466797 0.404297 0.466797 0.408203 0.468750 0.408203 0.470703 0.410156 0.472656 0.410156 0.476562 0.414062 0.476562 0.421875 0.484375 0.421875 0.486328 0.419922 0.486328 0.416016 0.488281 0.414062 0.494141 0.414062 0.496094 0.416016 0.496094 0.423828 0.500000 0.423828 0.501953 0.421875 0.505859 0.421875 0.511719 0.427734 0.523438 0.427734 0.529297 0.433594 0.531250 0.433594 0.533203 0.435547 0.533203 0.437500 0.537109 0.441406 0.539062 0.441406 0.541016 0.443359 0.544922 0.443359 0.546875 0.445312 0.548828 0.445312 0.550781 0.443359 0.560547 0.443359 0.566406 0.437500 0.570312 0.437500 0.572266 0.435547 0.576172 0.435547 0.578125 0.433594 0.580078 0.433594 0.580078 0.431641 0.582031 0.429688 0.582031 0.425781 0.585938 0.421875 0.591797 0.421875 0.599609 0.429688 0.601562 0.429688 0.603516 0.431641 0.607422 0.431641 0.609375 0.433594 0.611328 0.433594 0.613281 0.435547 0.617188 0.435547 0.619141 0.437500 0.623047 0.437500 0.625000 0.435547 0.630859 0.435547 0.634766 0.439453 0.634766 0.445312 0.628906 0.451172 0.628906 0.457031 0.632812 0.460938 0.632812 0.464844 0.630859 0.466797 0.630859 0.468750 0.628906 0.470703 0.625000 0.470703 0.623047 0.472656 0.623047 0.474609 0.621094 0.476562 0.621094 0.486328 0.623047 0.488281 0.623047 0.503906 0.621094 0.505859 0.621094 0.513672 0.619141 0.515625 0.617188 0.515625 0.617188 0.517578 0.613281 0.521484 0.611328 0.521484 0.605469 0.527344 0.605469 0.529297 0.603516 0.531250 0.603516 0.533203 0.601562 0.535156 0.601562 0.546875 0.603516 0.548828 0.603516 0.558594 0.601562 0.560547 0.601562 0.562500 0.597656 0.566406 0.597656 0.572266 0.593750 0.576172 0.593750 0.580078 0.591797 0.582031 0.591797 0.587891 0.589844 0.589844 0.587891 0.589844 0.585938 0.591797 0.583984 0.591797 0.582031 0.593750 0.582031 0.597656 0.583984 0.597656 0.585938 0.599609 0.591797 0.599609 0.593750 0.601562 0.601562 0.601562 0.603516 0.599609 0.607422 0.603516 0.607422 0.613281 0.605469 0.615234 0.603516 0.613281 0.601562 0.613281 0.599609 0.611328 0.587891 0.611328 0.587891 0.613281 0.585938 0.615234 0.583984 0.615234 0.582031 0.617188 0.576172 0.617188 0.576172 0.623047 0.574219 0.625000 0.574219 0.642578 0.576172 0.644531 0.580078 0.644531 0.582031 0.642578 0.582031 0.640625 0.585938 0.636719 0.585938 0.632812 0.591797 0.626953 0.593750 0.626953 0.597656 0.630859 0.605469 0.630859 0.611328 0.625000 0.615234 0.628906 0.615234 0.630859 0.617188 0.632812 0.617188 0.634766 0.623047 0.634766 0.632812 0.644531 0.632812 0.650391 0.628906 0.654297 0.625000 0.654297 0.623047 0.652344 0.617188 0.652344 0.617188 0.656250 0.619141 0.658203 0.619141 0.669922 0.623047 0.673828 0.628906 0.673828 0.630859 0.675781 0.628906 0.677734 0.628906 0.683594 0.630859 0.685547 0.630859 0.687500 0.632812 0.689453 0.632812 0.695312 0.636719 0.699219 0.638672 0.699219 0.640625 0.701172 0.648438 0.701172 0.650391 0.703125 0.654297 0.703125 0.654297 0.701172 0.656250 0.699219 0.662109 0.699219 0.666016 0.703125 0.666016 0.712891 0.664062 0.714844 0.656250 0.714844 0.652344 0.718750 0.652344 0.720703 0.648438 0.724609 0.648438 0.738281 0.650391 0.740234 0.650391 0.742188 0.652344 0.744141 0.652344 0.755859 0.650391 0.757812 0.648438 0.757812 0.648438 0.769531 0.650391 0.769531 0.652344 0.771484 0.652344 0.785156 0.656250 0.789062 0.664062 0.789062 0.666016 0.787109 0.675781 0.787109 0.677734 0.789062 0.677734 0.794922 0.673828 0.798828 0.669922 0.798828 0.667969 0.800781 0.667969 0.810547 0.673828 0.816406 0.673828 0.822266 0.677734 0.826172 0.685547 0.826172 0.689453 0.822266 0.691406 0.822266 0.693359 0.820312 0.695312 0.820312 0.695312 0.816406 0.697266 0.814453 0.703125 0.814453 0.705078 0.816406 0.705078 0.841797 0.708984 0.845703 0.718750 0.845703 0.720703 0.847656 0.720703 0.851562 0.714844 0.857422 0.714844 0.859375 0.710938 0.863281 0.703125 0.855469 0.699219 0.855469 0.699219 0.869141 0.697266 0.871094 0.693359 0.871094 0.687500 0.865234 0.687500 0.863281 0.677734 0.863281 0.677734 0.869141 0.675781 0.871094 0.675781 0.876953 0.673828 0.878906 0.669922 0.878906 0.667969 0.876953 0.667969 0.873047 0.666016 0.871094 0.666016 0.861328 0.664062 0.859375 0.664062 0.857422 0.662109 0.855469 0.656250 0.855469 0.654297 0.853516 0.648438 0.853516 0.646484 0.851562 0.646484 0.833984 0.644531 0.832031 0.644531 0.822266 0.648438 0.818359 0.646484 0.816406 0.646484 0.814453 0.644531 0.812500 0.644531 0.808594 0.642578 0.806641 0.626953 0.806641 0.625000 0.808594 0.623047 0.808594 0.621094 0.810547 0.621094 0.812500 0.619141 0.814453 0.613281 0.814453 0.609375 0.810547 0.609375 0.808594 0.613281 0.804688 0.615234 0.804688 0.617188 0.802734 0.619141 0.802734 0.621094 0.800781 0.623047 0.800781 0.626953 0.796875 0.626953 0.794922 0.623047 0.794922 0.621094 0.792969 0.621094 0.791016 0.613281 0.791016 0.611328 0.792969 0.609375 0.792969 0.605469 0.796875 0.599609 0.796875 0.597656 0.794922 0.593750 0.794922 0.589844 0.791016 0.587891 0.791016 0.582031 0.785156 0.566406 0.785156 0.566406 0.789062 0.568359 0.791016 0.570312 0.791016 0.572266 0.792969 0.574219 0.792969 0.580078 0.798828 0.580078 0.804688 0.578125 0.806641 0.572266 0.806641 0.570312 0.808594 0.570312 0.810547 0.568359 0.812500 0.568359 0.814453 0.566406 0.816406 0.564453 0.816406 0.564453 0.824219 0.558594 0.830078 0.558594 0.833984 0.556641 0.835938 0.554688 0.835938 0.554688 0.845703 0.552734 0.847656 0.550781 0.845703 0.550781 0.833984 0.544922 0.833984 0.544922 0.835938 0.542969 0.837891 0.542969 0.839844 0.541016 0.841797 0.537109 0.841797 0.533203 0.837891 0.533203 0.833984 0.531250 0.832031 0.529297 0.832031 0.529297 0.841797 0.531250 0.843750 0.531250 0.847656 0.535156 0.851562 0.535156 0.859375 0.539062 0.859375 0.541016 0.857422 0.541016 0.855469 0.542969 0.853516 0.542969 0.851562 0.544922 0.849609 0.546875 0.849609 0.550781 0.845703 0.552734 0.847656 0.552734 0.853516 0.550781 0.855469 0.550781 0.871094 0.552734 0.873047 0.552734 0.875000 0.560547 0.882812 0.564453 0.882812 0.570312 0.888672 0.572266 0.888672 0.576172 0.892578 0.576172 0.894531 0.578125 0.896484 0.578125 0.898438 0.576172 0.900391 0.572266 0.900391 0.568359 0.904297 0.568359 0.910156 0.560547 0.917969 0.560547 0.925781 0.570312 0.925781 0.570312 0.921875 0.576172 0.916016 0.578125 0.916016 0.580078 0.917969 0.583984 0.917969 0.585938 0.919922 0.585938 0.921875 0.597656 0.921875 0.601562 0.925781 0.603516 0.925781 0.605469 0.927734 0.611328 0.927734 0.615234 0.931641 0.615234 0.935547 0.617188 0.935547 0.619141 0.937500 0.621094 0.937500 0.623047 0.939453 0.636719 0.939453 0.638672 0.937500 0.638672 0.933594 0.632812 0.927734 0.632812 0.925781 0.628906 0.921875 0.626953 0.921875 0.625000 0.919922 0.623047 0.919922 0.621094 0.917969 0.617188 0.917969 0.615234 0.916016 0.613281 0.916016 0.611328 0.914062 0.607422 0.914062 0.605469 0.912109 0.605469 0.908203 0.607422 0.906250 0.611328 0.906250 0.613281 0.908203 0.619141 0.908203 0.621094 0.910156 0.623047 0.910156 0.625000 0.912109 0.628906 0.912109 0.628906 0.908203 0.630859 0.906250 0.634766 0.906250 0.638672 0.910156 0.638672 0.916016 0.642578 0.916016 0.642578 0.914062 0.644531 0.912109 0.652344 0.912109 0.652344 0.908203 0.654297 0.906250 0.654297 0.904297 0.656250 0.902344 0.656250 0.900391 0.660156 0.896484 0.669922 0.896484 0.671875 0.894531 0.677734 0.894531 0.685547 0.902344 0.687500 0.902344 0.691406 0.906250 0.693359 0.906250 0.701172 0.914062 0.701172 0.917969 0.703125 0.919922 0.703125 0.921875 0.701172 0.923828 0.697266 0.923828 0.695312 0.925781 0.693359 0.925781 0.691406 0.927734 0.685547 0.927734 0.681641 0.931641 0.677734 0.931641 0.669922 0.923828 0.664062 0.929688 0.664062 0.933594 0.660156 0.937500 0.660156 0.941406 0.658203 0.943359 0.654297 0.943359 0.648438 0.937500 0.646484 0.937500 0.646484 0.939453 0.644531 0.941406 0.640625 0.941406 0.640625 0.943359 0.638672 0.945312 0.636719 0.945312 0.636719 0.947266 0.634766 0.949219 0.634766 0.953125 0.638672 0.953125 0.646484 0.960938 0.646484 0.964844 0.644531 0.966797 0.638672 0.966797 0.636719 0.964844 0.632812 0.964844 0.630859 0.962891 0.625000 0.962891 0.623047 0.960938 0.621094 0.960938 0.619141 0.962891 0.617188 0.962891 0.615234 0.964844 0.609375 0.964844 0.601562 0.957031 0.597656 0.960938 0.595703 0.960938 0.593750 0.962891 0.589844 0.962891 0.585938 0.966797 0.580078 0.960938 0.580078 0.958984 0.576172 0.955078 0.574219 0.955078 0.572266 0.953125 0.570312 0.953125 0.568359 0.951172 0.566406 0.951172 0.564453 0.949219 0.562500 0.949219 0.560547 0.947266 0.556641 0.947266 0.552734 0.951172 0.552734 0.953125 0.562500 0.962891 0.562500 0.964844 0.560547 0.966797 0.558594 0.966797 0.556641 0.964844 0.539062 0.964844 0.537109 0.962891 0.533203 0.962891 0.531250 0.960938 0.531250 0.958984 0.529297 0.957031 0.533203 0.953125 0.533203 0.945312 0.527344 0.939453 0.527344 0.937500 0.525391 0.935547 0.525391 0.927734 0.523438 0.925781 0.523438 0.921875 0.517578 0.916016 0.500000 0.916016 0.496094 0.912109 0.496094 0.908203 0.492188 0.904297 0.492188 0.900391 0.490234 0.898438 0.490234 0.892578 0.488281 0.890625 0.488281 0.888672 0.482422 0.882812 0.482422 0.880859 0.478516 0.876953 0.478516 0.867188 0.476562 0.867188 0.472656 0.863281 0.470703 0.863281 0.468750 0.861328 0.466797 0.861328 0.462891 0.857422 0.455078 0.857422 0.453125 0.855469 0.451172 0.855469 0.449219 0.853516 0.447266 0.853516 0.445312 0.851562 0.439453 0.851562 0.437500 0.849609 0.435547 0.849609 0.433594 0.847656 0.431641 0.847656 0.423828 0.839844 0.416016 0.839844 0.414062 0.837891 0.406250 0.837891 0.404297 0.835938 0.398438 0.835938 0.396484 0.837891 0.394531 0.837891 0.392578 0.839844 0.392578 0.841797 0.388672 0.845703 0.382812 0.845703 0.378906 0.841797 0.376953 0.841797 0.375000 0.839844 0.373047 0.839844 0.371094 0.837891 0.367188 0.837891 0.367188 0.839844 0.365234 0.841797 0.361328 0.841797 0.359375 0.839844 0.359375 0.837891 0.357422 0.835938 0.357422 0.833984 0.353516 0.830078 0.351562 0.830078 0.351562 0.832031 0.343750 0.839844 0.341797 0.839844 0.339844 0.841797 0.333984 0.841797 0.333984 0.845703 0.337891 0.849609 0.339844 0.849609 0.343750 0.853516 0.343750 0.857422 0.341797 0.859375 0.335938 0.859375 0.333984 0.857422 0.332031 0.857422 0.330078 0.855469 0.328125 0.855469 0.326172 0.853516 0.316406 0.853516 0.314453 0.851562 0.314453 0.845703 0.316406 0.843750 0.318359 0.843750 0.320312 0.841797 0.322266 0.841797 0.324219 0.839844 0.324219 0.835938 0.326172 0.833984 0.326172 0.832031 0.330078 0.828125 0.337891 0.828125 0.339844 0.826172 0.339844 0.818359 0.337891 0.816406 0.337891 0.814453 0.335938 0.812500 0.335938 0.810547 0.333984 0.808594 0.324219 0.808594 0.324219 0.810547 0.322266 0.812500 0.322266 0.816406 0.320312 0.818359 0.310547 0.818359 0.306641 0.814453 0.306641 0.812500 0.304688 0.810547 0.279297 0.810547 0.275391 0.806641 0.265625 0.806641 0.263672 0.804688 0.259766 0.804688 0.257812 0.802734 0.250000 0.802734 0.248047 0.804688 0.246094 0.804688 0.244141 0.806641 0.244141 0.810547 0.242188 0.812500 0.242188 0.814453 0.240234 0.816406 0.240234 0.818359 0.236328 0.822266 0.222656 0.822266 0.218750 0.826172 0.216797 0.826172 0.210938 0.832031 0.210938 0.833984 0.208984 0.835938 0.208984 0.837891 0.207031 0.839844 0.207031 0.841797 0.205078 0.843750 0.205078 0.845703 0.203125 0.847656 0.203125 0.849609 0.201172 0.851562 0.199219 0.851562 0.197266 0.853516 0.197266 0.855469 0.183594 0.869141 0.179688 0.869141 0.177734 0.871094 0.150391 0.871094 0.148438 0.873047 0.146484 0.873047 0.144531 0.875000 0.142578 0.875000 0.140625 0.876953 0.138672 0.876953 0.136719 0.878906 0.121094 0.878906 0.113281 0.871094 0.113281 0.859375 0.115234 0.857422 0.115234 0.855469 0.117188 0.853516 0.117188 0.851562 0.121094 0.847656 0.123047 0.847656 0.125000 0.849609 0.125000 0.851562 0.126953 0.851562 0.128906 0.853516 0.130859 0.853516 0.132812 0.855469 0.144531 0.855469 0.146484 0.857422 0.166016 0.857422 0.167969 0.855469 0.171875 0.855469 0.171875 0.849609 0.167969 0.845703 0.167969 0.835938 0.166016 0.833984 0.166016 0.832031 0.154297 0.820312 0.152344 0.820312 0.150391 0.818359 0.150391 0.816406 0.148438 0.814453 0.121094 0.814453 0.111328 0.804688 0.111328 0.802734 0.103516 0.802734 0.103516 0.812500 0.105469 0.814453 0.105469 0.816406 0.107422 0.818359 0.107422 0.820312 0.109375 0.822266 0.109375 0.824219 0.111328 0.826172 0.111328 0.830078 0.113281 0.832031 0.113281 0.833984 0.107422 0.839844 0.097656 0.839844 0.095703 0.837891 0.093750 0.837891 0.087891 0.832031 0.087891 0.830078 0.085938 0.828125 0.082031 0.828125 0.080078 0.830078 0.078125 0.830078 0.074219 0.833984 0.072266 0.833984 0.068359 0.837891 0.056641 0.837891 0.054688 0.839844 0.052734 0.839844 0.050781 0.841797 0.048828 0.839844 0.037109 0.839844 0.035156 0.841797 0.027344 0.841797 0.025391 0.839844 0.025391 0.833984 0.023438 0.832031 0.021484 0.832031 0.017578 0.828125 0.017578 0.826172 0.015625 0.826172 0.013672 0.824219 0.013672 0.822266 0.011719 0.820312 0.011719 0.816406 0.013672 0.814453 0.015625 0.814453 0.017578 0.812500 0.019531 0.812500 0.021484 0.810547 0.023438 0.810547 0.029297 0.816406 0.029297 0.818359 0.031250 0.820312 0.031250 0.822266 0.033203 0.824219 0.033203 0.826172 0.039062 0.826172 0.041016 0.824219 0.041016 0.816406 0.039062 0.814453 0.039062 0.812500 0.037109 0.810547 0.037109 0.808594 0.035156 0.806641 0.035156 0.804688 0.037109 0.802734 0.052734 0.802734 0.056641 0.806641 0.066406 0.806641 0.066406 0.804688 0.068359 0.802734 0.070312 0.802734 0.076172 0.796875 0.078125 0.796875 0.080078 0.794922 0.082031 0.794922 0.082031 0.791016 0.078125 0.787109 0.078125 0.781250 0.076172 0.781250 0.074219 0.779297 0.074219 0.775391 0.068359 0.775391 0.066406 0.773438 0.064453 0.773438 0.062500 0.775391 0.054688 0.775391 0.050781 0.779297 0.046875 0.779297 0.044922 0.777344 0.044922 0.769531 0.042969 0.767578 0.042969 0.759766 0.046875 0.755859 0.046875 0.742188 0.042969 0.738281 0.041016 0.738281 0.039062 0.736328 0.027344 0.736328 0.025391 0.738281 0.019531 0.738281 0.011719 0.730469 0.019531 0.722656 0.019531 0.716797 0.023438 0.712891 0.035156 0.712891 0.037109 0.714844 0.037109 0.720703 0.039062 0.722656 0.041016 0.722656 0.046875 0.716797 0.050781 0.716797 0.050781 0.714844 0.052734 0.712891 0.052734 0.703125 0.054688 0.701172 0.054688 0.697266 0.056641 0.695312 0.058594 0.697266 0.060547 0.697266 0.062500 0.699219 0.068359 0.699219 0.072266 0.695312 0.072266 0.687500 0.074219 0.685547 0.080078 0.685547 0.082031 0.683594 0.082031 0.673828 0.080078 0.671875 0.080078 0.669922 0.076172 0.666016 0.062500 0.666016 0.060547 0.667969 0.060547 0.669922 0.050781 0.679688 0.046875 0.675781 0.046875 0.673828 0.044922 0.671875 0.044922 0.666016 0.041016 0.666016 0.039062 0.664062 0.037109 0.664062 0.035156 0.662109 0.021484 0.662109 0.013672 0.669922 0.011719 0.669922 0.009766 0.671875 0.005859 0.671875 0.003906 0.669922 0.003906 0.664062 0.000000 0.664062 0.000000 0.992188 0.107422 0.992188 0.107422 0.984375 0.113281 0.978516 0.113281 0.976562 0.115234 0.974609 0.115234 0.972656 0.117188 0.970703 0.117188 0.964844 0.119141 0.962891 0.119141 0.957031 0.111328 0.949219 0.109375 0.949219 0.107422 0.947266 0.107422 0.929688 0.109375 0.927734 0.109375 0.923828 0.111328 0.921875 0.117188 0.921875 0.119141 0.923828 0.121094 0.923828 0.121094 0.919922 0.123047 0.917969 0.126953 0.917969 0.136719 0.927734 0.136719 0.929688 0.138672 0.929688 0.140625 0.931641 0.150391 0.931641 0.154297 0.935547 0.154297 0.937500 0.156250 0.939453 0.156250 0.941406 0.158203 0.943359 0.158203 0.957031 0.154297 0.960938 0.148438 0.960938 0.148438 0.962891 0.150391 0.964844 0.154297 0.960938 0.162109 0.960938 0.164062 0.962891 0.166016 0.962891 0.169922 0.966797 0.169922 0.974609 0.166016 0.978516 0.156250 0.978516 0.154297 0.976562 0.152344 0.976562 0.148438 0.972656 0.146484 0.972656 0.144531 0.974609 0.142578 0.974609 0.140625 0.976562 0.140625 0.980469 0.142578 0.982422 0.142578 0.992188 0.277344 0.992188 0.269531 0.984375 0.269531 0.978516 0.271484 0.976562 0.275391 0.976562 0.277344 0.974609 0.281250 0.974609 0.283203 0.972656 0.287109 0.972656 0.289062 0.970703 0.292969 0.970703 0.298828 0.964844 0.298828 0.962891 0.300781 0.960938 0.300781 0.958984 0.310547 0.949219 0.312500 0.949219 0.318359 0.943359 0.318359 0.941406 0.320312 0.939453 0.320312 0.935547 0.326172 0.929688 0.332031 0.929688 0.337891 0.935547 0.339844 0.935547 0.341797 0.937500 0.341797 0.939453 0.343750 0.941406 0.343750 0.945312 0.345703 0.943359 0.351562 0.943359 0.353516 0.945312 0.353516 0.949219 0.355469 0.951172 0.359375 0.951172 0.361328 0.953125 0.361328 0.955078 0.363281 0.957031 0.363281 0.960938 0.361328 0.962891 0.357422 0.962891 0.357422 0.974609 0.353516 0.978516 0.333984 0.978516 0.332031 0.976562 0.326172 0.976562 0.324219 0.974609 0.322266 0.976562 0.320312 0.976562 0.314453 0.982422 0.312500 0.982422 0.308594 0.986328 0.310547 0.988281 0.310547 0.992188 0.378906 0.992188 0.378906 0.990234 0.376953 0.988281 0.378906 0.986328 0.382812 0.986328 0.384766 0.984375 0.392578 0.984375 0.394531 0.986328 0.398438 0.986328 0.400391 0.988281 0.402344 0.988281 0.406250 0.992188 0.457031 0.992188 0.457031 0.980469 0.458984 0.978516 0.460938 0.978516 0.464844 0.974609 0.466797 0.974609 0.468750 0.972656 0.470703 0.972656 0.472656 0.970703 0.476562 0.970703 0.478516 0.968750 0.488281 0.968750 0.490234 0.966797 0.494141 0.966797 0.494141 0.964844 0.498047 0.960938 0.498047 0.957031 0.501953 0.953125 0.501953 0.951172 0.503906 0.949219 0.515625 0.949219 0.517578 0.951172 0.519531 0.951172 0.521484 0.953125 0.521484 0.960938 0.525391 0.964844 0.525391 0.972656 0.523438 0.974609 0.521484 0.974609 0.519531 0.976562 0.517578 0.976562 0.515625 0.978516 0.511719 0.978516 0.511719 0.986328 0.513672 0.988281 0.513672 0.990234 0.515625 0.992188 0.992188 0.992188 0.992188 0.392578 0.988281 0.392578 0.984375 0.396484 0.974609 0.396484 0.972656 0.394531 0.972656 0.388672 0.974609 0.386719 0.978516 0.386719 0.980469 0.384766 0.992188 0.384766 0.992188 0.382812 0.990234 0.382812 0.986328 0.378906 0.986328 0.373047 0.984375 0.371094 0.982422 0.373047 0.982422 0.375000 0.980469 0.376953 0.974609 0.376953 0.972656 0.375000 0.972656 0.373047 0.970703 0.371094 0.970703 0.369141 0.968750 0.367188 0.968750 0.359375 0.970703 0.357422 0.976562 0.357422 0.978516 0.359375 0.980469 0.359375 0.982422 0.361328 0.984375 0.361328 0.984375 0.357422 0.986328 0.355469 0.992188 0.355469 0.992188 0.177734 0.990234 0.177734 0.988281 0.175781 0.988281 0.171875 0.992188 0.167969 0.992188 0.125000 0.988281 0.121094 0.988281 0.117188 0.984375 0.113281 0.980469 0.113281 0.976562 0.109375 0.976562 0.097656 0.978516 0.095703 0.978516 0.093750 0.976562 0.093750 0.974609 0.091797 0.972656 0.091797 0.966797 0.085938 0.966797 0.083984 0.960938 0.078125 0.958984 0.078125 0.957031 0.080078 0.955078 0.080078 0.947266 0.087891 0.941406 0.087891 0.939453 0.085938 0.939453 0.078125 0.941406 0.076172 0.941406 0.070312 0.945312 0.066406 0.945312 0.058594 0.943359 0.056641 0.941406 0.056641 0.931641 0.046875 0.929688 0.046875 0.927734 0.044922 0.925781 0.044922 0.917969 0.037109 0.916016 0.039062 0.914062 0.039062 0.912109 0.041016 0.910156 0.041016 0.908203 0.042969 0.906250 0.042969 0.904297 0.044922 0.902344 0.044922 0.898438 0.048828 0.896484 0.048828 0.896484 0.050781 0.894531 0.052734 0.892578 0.052734 0.884766 0.060547 0.882812 0.060547 0.878906 0.064453 0.876953 0.064453 0.871094 0.070312 0.871094 0.072266 0.867188 0.076172 0.857422 0.076172 0.855469 0.074219 0.851562 0.074219 0.847656 0.070312 0.847656 0.062500 0.849609 0.060547 0.849609 0.058594 0.851562 0.056641 0.855469 0.056641 0.855469 0.054688 0.847656 0.046875 0.847656 0.042969 0.845703 0.041016 0.845703 0.031250 0.847656 0.029297 0.847656 0.025391 0.849609 0.023438 0.849609 0.021484 0.853516 0.017578 0.853516 0.007812 0.857422 0.003906 0.859375 0.003906 0.863281 0.000000 0.871094 0.000000
0 0.527344 0.000000 0.527344 0.009766 0.529297 0.011719 0.529297 0.013672 0.535156 0.013672 0.535156 0.011719 0.539062 0.007812 0.548828 0.007812 0.552734 0.011719 0.552734 0.013672 0.554688 0.015625 0.556641 0.015625 0.558594 0.017578 0.564453 0.017578 0.566406 0.019531 0.566406 0.021484 0.570312 0.025391 0.572266 0.025391 0.574219 0.027344 0.576172 0.025391 0.587891 0.025391 0.589844 0.023438 0.591797 0.023438 0.591797 0.021484 0.595703 0.017578 0.595703 0.000000
0 0.054688 0.000000 0.058594 0.000000 0.060547 0.001953 0.062500 0.001953 0.064453 0.003906 0.064453 0.007812 0.058594 0.013672 0.056641 0.013672 0.052734 0.017578 0.050781 0.017578 0.046875 0.021484 0.039062 0.021484 0.039062 0.023438 0.044922 0.029297 0.050781 0.029297 0.052734 0.027344 0.058594 0.027344 0.060547 0.025391 0.062500 0.027344 0.068359 0.027344 0.070312 0.029297 0.074219 0.029297 0.078125 0.033203 0.078125 0.039062 0.076172 0.041016 0.076172 0.042969 0.078125 0.044922 0.078125 0.050781 0.080078 0.050781 0.082031 0.052734 0.085938 0.052734 0.087891 0.050781 0.089844 0.050781 0.091797 0.048828 0.097656 0.048828 0.099609 0.050781 0.099609 0.052734 0.101562 0.050781 0.105469 0.050781 0.105469 0.048828 0.111328 0.042969 0.113281 0.042969 0.115234 0.044922 0.115234 0.046875 0.117188 0.048828 0.117188 0.052734 0.119141 0.054688 0.121094 0.054688 0.125000 0.058594 0.125000 0.060547 0.128906 0.064453 0.132812 0.064453 0.134766 0.062500 0.138672 0.066406 0.140625 0.066406 0.142578 0.068359 0.142578 0.072266 0.144531 0.072266 0.146484 0.074219 0.146484 0.076172 0.150391 0.080078 0.152344 0.080078 0.160156 0.087891 0.160156 0.101562 0.162109 0.103516 0.162109 0.105469 0.164062 0.107422 0.164062 0.109375 0.167969 0.113281 0.167969 0.115234 0.169922 0.117188 0.171875 0.117188 0.173828 0.119141 0.177734 0.119141 0.179688 0.121094 0.183594 0.121094 0.185547 0.123047 0.185547 0.126953 0.191406 0.126953 0.193359 0.128906 0.205078 0.128906 0.207031 0.126953 0.210938 0.126953 0.218750 0.119141 0.218750 0.117188 0.222656 0.113281 0.226562 0.113281 0.232422 0.119141 0.232422 0.121094 0.236328 0.121094 0.238281 0.119141 0.238281 0.115234 0.240234 0.113281 0.240234 0.111328 0.242188 0.109375 0.242188 0.107422 0.244141 0.105469 0.244141 0.089844 0.246094 0.087891 0.248047 0.087891 0.248047 0.085938 0.246094 0.083984 0.246094 0.074219 0.244141 0.072266 0.244141 0.062500 0.246094 0.060547 0.255859 0.060547 0.257812 0.062500 0.259766 0.062500 0.261719 0.064453 0.269531 0.064453 0.271484 0.062500 0.271484 0.054688 0.265625 0.048828 0.265625 0.046875 0.259766 0.041016 0.257812 0.041016 0.255859 0.039062 0.255859 0.037109 0.253906 0.035156 0.253906 0.031250 0.248047 0.025391 0.248047 0.023438 0.246094 0.023438 0.242188 0.019531 0.236328 0.019531 0.230469 0.025391 0.226562 0.025391 0.224609 0.023438 0.224609 0.021484 0.222656 0.019531 0.218750 0.019531 0.216797 0.021484 0.214844 0.021484 0.212891 0.023438 0.210938 0.021484 0.208984 0.021484 0.201172 0.013672 0.201172 0.011719 0.199219 0.009766 0.199219 0.007812 0.197266 0.005859 0.197266 0.003906 0.195312 0.003906 0.193359 0.001953 0.193359 0.000000
0 0.000000 0.000000 0.000000 0.025391 0.001953 0.025391 0.003906 0.027344 0.009766 0.027344 0.011719 0.025391 0.013672 0.025391 0.015625 0.023438 0.015625 0.021484 0.019531 0.017578 0.019531 0.015625 0.021484 0.013672 0.021484 0.009766 0.023438 0.007812 0.023438 0.001953 0.025391 0.000000