0 0.832031 0.925781 0.832031 0.951172 0.837891 0.951172 0.839844 0.953125 0.839844 0.955078 0.841797 0.957031 0.841797 0.962891 0.847656 0.962891 0.849609 0.964844 0.861328 0.964844 0.861328 0.941406 0.851562 0.941406 0.851562 0.943359 0.849609 0.945312 0.843750 0.945312 0.841797 0.943359 0.841797 0.925781
0 0.832031 0.906250 0.832031 0.921875 0.841797 0.921875 0.841797 0.919922 0.843750 0.917969 0.845703 0.917969 0.845703 0.906250
0 0.031250 0.773438 0.031250 0.783203 0.033203 0.785156 0.035156 0.785156 0.037109 0.787109 0.037109 0.806641 0.044922 0.806641 0.046875 0.808594 0.046875 0.826172 0.056641 0.826172 0.056641 0.802734 0.054688 0.800781 0.054688 0.796875 0.048828 0.796875 0.046875 0.794922 0.046875 0.779297 0.044922 0.779297 0.042969 0.777344 0.042969 0.773438
0 0.453125 0.753906 0.453125 0.757812 0.451172 0.759766 0.449219 0.759766 0.449219 0.761719 0.447266 0.763672 0.443359 0.763672 0.441406 0.765625 0.441406 0.769531 0.439453 0.771484 0.437500 0.771484 0.437500 0.798828 0.439453 0.798828 0.441406 0.800781 0.443359 0.800781 0.445312 0.802734 0.445312 0.835938 0.455078 0.835938 0.455078 0.791016 0.449219 0.791016 0.447266 0.789062 0.447266 0.777344 0.449219 0.775391 0.451172 0.775391 0.453125 0.773438 0.458984 0.773438 0.458984 0.771484 0.460938 0.769531 0.466797 0.769531 0.468750 0.771484 0.468750 0.773438 0.476562 0.773438 0.478516 0.775391 0.478516 0.779297 0.488281 0.779297 0.490234 0.781250 0.500000 0.781250 0.500000 0.771484 0.498047 0.769531 0.488281 0.769531 0.486328 0.767578 0.486328 0.763672 0.480469 0.763672 0.478516 0.761719 0.474609 0.761719 0.472656 0.759766 0.472656 0.753906
0 0.654297 0.630859 0.654297 0.640625 0.660156 0.640625 0.662109 0.642578 0.662109 0.648438 0.666016 0.648438 0.667969 0.650391 0.667969 0.652344 0.669922 0.654297 0.669922 0.660156 0.671875 0.662109 0.675781 0.662109 0.677734 0.664062 0.677734 0.666016 0.679688 0.666016 0.681641 0.667969 0.681641 0.669922 0.685547 0.669922 0.687500 0.671875 0.687500 0.675781 0.689453 0.677734 0.689453 0.679688 0.691406 0.679688 0.693359 0.681641 0.693359 0.685547 0.695312 0.687500 0.714844 0.687500 0.716797 0.685547 0.716797 0.681641 0.718750 0.679688 0.718750 0.677734 0.720703 0.675781 0.722656 0.675781 0.722656 0.671875 0.726562 0.667969 0.728516 0.667969 0.730469 0.669922 0.730469 0.671875 0.732422 0.673828 0.732422 0.675781 0.744141 0.675781 0.744141 0.666016 0.742188 0.666016 0.740234 0.664062 0.740234 0.662109 0.738281 0.662109 0.736328 0.660156 0.736328 0.658203 0.732422 0.658203 0.730469 0.656250 0.714844 0.656250 0.714844 0.660156 0.712891 0.662109 0.712891 0.666016 0.710938 0.667969 0.708984 0.667969 0.708984 0.669922 0.707031 0.671875 0.707031 0.673828 0.705078 0.675781 0.703125 0.673828 0.703125 0.669922 0.701172 0.669922 0.697266 0.666016 0.697266 0.662109 0.693359 0.662109 0.691406 0.660156 0.691406 0.658203 0.689453 0.656250 0.687500 0.656250 0.685547 0.654297 0.685547 0.652344 0.683594 0.652344 0.681641 0.650391 0.679688 0.650391 0.677734 0.648438 0.677734 0.642578 0.675781 0.642578 0.673828 0.640625 0.673828 0.638672 0.671875 0.636719 0.671875 0.634766 0.669922 0.634766 0.667969 0.632812 0.667969 0.630859
0 0.896484 0.593750 0.896484 0.603516 0.900391 0.603516 0.902344 0.605469 0.902344 0.609375 0.904297 0.609375 0.906250 0.611328 0.906250 0.615234 0.916016 0.615234 0.916016 0.605469 0.914062 0.605469 0.912109 0.603516 0.912109 0.599609 0.908203 0.599609 0.906250 0.597656 0.906250 0.593750
0 0.884766 0.580078 0.884766 0.589844 0.894531 0.589844 0.894531 0.580078
0 0.830078 0.527344 0.828125 0.529297 0.818359 0.529297 0.818359 0.535156 0.816406 0.537109 0.806641 0.537109 0.806641 0.546875 0.826172 0.546875 0.826172 0.541016 0.828125 0.539062 0.832031 0.539062 0.833984 0.537109 0.843750 0.537109 0.845703 0.539062 0.849609 0.539062 0.851562 0.541016 0.851562 0.548828 0.861328 0.548828 0.863281 0.550781 0.863281 0.558594 0.873047 0.558594 0.875000 0.560547 0.875000 0.566406 0.880859 0.566406 0.882812 0.568359 0.882812 0.576172 0.892578 0.576172 0.892578 0.566406 0.886719 0.566406 0.884766 0.564453 0.884766 0.556641 0.882812 0.554688 0.882812 0.548828 0.871094 0.548828 0.869141 0.546875 0.869141 0.539062 0.863281 0.539062 0.861328 0.537109 0.861328 0.533203 0.857422 0.533203 0.855469 0.531250 0.855469 0.529297 0.853516 0.529297 0.851562 0.527344
0 0.486328 0.357422 0.486328 0.367188 0.496094 0.367188 0.496094 0.357422
0 0.556641 0.347656 0.556641 0.357422 0.554688 0.359375 0.552734 0.359375 0.552734 0.369141 0.562500 0.369141 0.562500 0.359375 0.564453 0.357422 0.566406 0.357422 0.566406 0.347656
0 0.509766 0.339844 0.509766 0.349609 0.517578 0.349609 0.519531 0.351562 0.519531 0.357422 0.527344 0.357422 0.529297 0.359375 0.529297 0.367188 0.535156 0.367188 0.537109 0.369141 0.537109 0.386719 0.558594 0.386719 0.558594 0.376953 0.548828 0.376953 0.546875 0.375000 0.546875 0.369141 0.541016 0.369141 0.539062 0.367188 0.539062 0.357422 0.531250 0.357422 0.529297 0.355469 0.529297 0.347656 0.521484 0.347656 0.519531 0.345703 0.519531 0.339844
0 0.556641 0.326172 0.556641 0.343750 0.566406 0.343750 0.566406 0.326172
0 0.494141 0.324219 0.494141 0.333984 0.496094 0.335938 0.496094 0.337891 0.494141 0.339844 0.486328 0.339844 0.486328 0.349609 0.496094 0.349609 0.496094 0.341797 0.498047 0.339844 0.505859 0.339844 0.505859 0.330078 0.503906 0.328125 0.503906 0.324219
0 0.476562 0.314453 0.476562 0.324219 0.490234 0.324219 0.490234 0.314453
0 0.462891 0.287109 0.462891 0.296875 0.476562 0.296875 0.476562 0.287109
0 0.457031 0.267578 0.457031 0.277344 0.466797 0.277344 0.466797 0.267578
0 0.777344 0.167969 0.777344 0.177734 0.781250 0.177734 0.783203 0.179688 0.783203 0.181641 0.785156 0.183594 0.785156 0.187500 0.789062 0.191406 0.789062 0.195312 0.794922 0.195312 0.796875 0.197266 0.796875 0.199219 0.804688 0.199219 0.806641 0.201172 0.806641 0.203125 0.812500 0.203125 0.814453 0.205078 0.814453 0.207031 0.830078 0.207031 0.832031 0.208984 0.867188 0.208984 0.869141 0.207031 0.878906 0.207031 0.878906 0.205078 0.880859 0.203125 0.894531 0.203125 0.896484 0.205078 0.896484 0.207031 0.900391 0.207031 0.902344 0.208984 0.902344 0.214844 0.904297 0.214844 0.906250 0.216797 0.906250 0.220703 0.912109 0.220703 0.914062 0.222656 0.941406 0.222656 0.941406 0.212891 0.923828 0.212891 0.921875 0.210938 0.917969 0.210938 0.916016 0.208984 0.916016 0.207031 0.912109 0.203125 0.908203 0.203125 0.906250 0.201172 0.906250 0.193359 0.873047 0.193359 0.871094 0.195312 0.869141 0.195312 0.867188 0.197266 0.859375 0.197266 0.857422 0.199219 0.839844 0.199219 0.837891 0.197266 0.826172 0.197266 0.824219 0.195312 0.824219 0.193359 0.810547 0.193359 0.808594 0.191406 0.808594 0.189453 0.806641 0.187500 0.806641 0.185547 0.800781 0.185547 0.796875 0.181641 0.796875 0.179688 0.792969 0.175781 0.792969 0.167969