0 0.089844 0.490234 0.089844 0.494141 0.093750 0.498047 0.093750 0.500000 0.101562 0.500000 0.101562 0.496094 0.097656 0.496094 0.095703 0.494141 0.095703 0.492188 0.093750 0.490234
0 0.085938 0.482422 0.085938 0.486328 0.089844 0.486328 0.089844 0.482422
0 0.083984 0.474609 0.083984 0.478516 0.087891 0.478516 0.087891 0.474609
0 0.080078 0.458984 0.080078 0.468750 0.083984 0.468750 0.083984 0.458984
0 0.078125 0.451172 0.078125 0.455078 0.082031 0.455078 0.082031 0.451172
0 0.078125 0.414062 0.078125 0.421875 0.076172 0.423828 0.074219 0.423828 0.074219 0.437500 0.076172 0.439453 0.076172 0.441406 0.078125 0.443359 0.078125 0.445312 0.082031 0.445312 0.082031 0.441406 0.080078 0.439453 0.080078 0.437500 0.078125 0.435547 0.078125 0.425781 0.080078 0.423828 0.082031 0.423828 0.082031 0.414062
0 0.093750 0.378906 0.093750 0.382812 0.091797 0.384766 0.091797 0.386719 0.089844 0.388672 0.089844 0.390625 0.087891 0.392578 0.087891 0.394531 0.082031 0.400391 0.082031 0.404297 0.080078 0.406250 0.080078 0.410156 0.083984 0.410156 0.083984 0.406250 0.089844 0.400391 0.089844 0.398438 0.091797 0.396484 0.091797 0.394531 0.093750 0.392578 0.093750 0.390625 0.095703 0.388672 0.095703 0.386719 0.097656 0.384766 0.097656 0.378906
0 0.109375 0.376953 0.109375 0.382812 0.113281 0.386719 0.113281 0.388672 0.115234 0.390625 0.115234 0.404297 0.109375 0.410156 0.109375 0.412109 0.107422 0.414062 0.107422 0.416016 0.105469 0.417969 0.103516 0.417969 0.103516 0.421875 0.099609 0.425781 0.099609 0.441406 0.101562 0.443359 0.101562 0.445312 0.103516 0.447266 0.103516 0.449219 0.105469 0.449219 0.107422 0.451172 0.107422 0.458984 0.113281 0.464844 0.113281 0.466797 0.115234 0.466797 0.125000 0.476562 0.126953 0.476562 0.132812 0.482422 0.132812 0.484375 0.134766 0.486328 0.134766 0.490234 0.136719 0.492188 0.136719 0.496094 0.138672 0.498047 0.138672 0.505859 0.130859 0.513672 0.130859 0.515625 0.126953 0.519531 0.125000 0.519531 0.121094 0.523438 0.119141 0.523438 0.117188 0.525391 0.089844 0.525391 0.087891 0.527344 0.083984 0.527344 0.080078 0.531250 0.076172 0.531250 0.072266 0.527344 0.072266 0.525391 0.070312 0.525391 0.068359 0.523438 0.068359 0.521484 0.066406 0.519531 0.066406 0.513672 0.064453 0.513672 0.062500 0.511719 0.062500 0.509766 0.060547 0.507812 0.060547 0.505859 0.056641 0.501953 0.056641 0.500000 0.052734 0.500000 0.052734 0.503906 0.054688 0.505859 0.054688 0.507812 0.056641 0.509766 0.056641 0.511719 0.058594 0.513672 0.058594 0.515625 0.060547 0.515625 0.062500 0.517578 0.062500 0.525391 0.064453 0.525391 0.066406 0.527344 0.066406 0.529297 0.068359 0.531250 0.068359 0.533203 0.070312 0.533203 0.072266 0.535156 0.083984 0.535156 0.087891 0.531250 0.091797 0.531250 0.093750 0.529297 0.119141 0.529297 0.121094 0.527344 0.125000 0.527344 0.130859 0.521484 0.132812 0.521484 0.132812 0.519531 0.140625 0.511719 0.140625 0.509766 0.142578 0.507812 0.142578 0.494141 0.140625 0.492188 0.140625 0.488281 0.138672 0.486328 0.138672 0.484375 0.136719 0.482422 0.136719 0.478516 0.130859 0.472656 0.128906 0.472656 0.121094 0.464844 0.119141 0.464844 0.115234 0.460938 0.115234 0.458984 0.111328 0.455078 0.111328 0.447266 0.109375 0.447266 0.107422 0.445312 0.107422 0.443359 0.103516 0.439453 0.103516 0.429688 0.107422 0.425781 0.107422 0.423828 0.109375 0.421875 0.111328 0.421875 0.111328 0.416016 0.119141 0.408203 0.119141 0.388672 0.117188 0.386719 0.117188 0.382812 0.113281 0.378906 0.113281 0.376953
0 0.826172 0.326172 0.826172 0.339844 0.828125 0.341797 0.828125 0.347656 0.830078 0.349609 0.830078 0.351562 0.833984 0.351562 0.833984 0.343750 0.832031 0.341797 0.832031 0.339844 0.830078 0.337891 0.830078 0.326172
0 0.955078 0.257812 0.955078 0.261719 0.957031 0.263672 0.957031 0.277344 0.960938 0.281250 0.960938 0.292969 0.964844 0.292969 0.964844 0.281250 0.962891 0.279297 0.962891 0.275391 0.960938 0.273438 0.960938 0.261719 0.958984 0.259766 0.958984 0.257812
0 0.953125 0.250000 0.953125 0.253906 0.957031 0.253906 0.957031 0.250000
0 0.953125 0.238281 0.953125 0.242188 0.957031 0.242188 0.957031 0.238281
0 0.953125 0.228516 0.953125 0.232422 0.957031 0.232422 0.957031 0.228516
0 0.953125 0.220703 0.953125 0.224609 0.957031 0.224609 0.957031 0.220703
0 0.908203 0.212891 0.908203 0.214844 0.904297 0.218750 0.904297 0.220703 0.902344 0.222656 0.900391 0.222656 0.900391 0.226562 0.898438 0.228516 0.894531 0.228516 0.890625 0.232422 0.890625 0.234375 0.888672 0.236328 0.884766 0.236328 0.880859 0.240234 0.880859 0.242188 0.878906 0.244141 0.876953 0.244141 0.876953 0.248047 0.875000 0.250000 0.869141 0.250000 0.869141 0.251953 0.867188 0.253906 0.865234 0.253906 0.861328 0.257812 0.861328 0.259766 0.855469 0.265625 0.855469 0.269531 0.853516 0.271484 0.853516 0.273438 0.851562 0.275391 0.849609 0.275391 0.849609 0.277344 0.847656 0.279297 0.847656 0.281250 0.845703 0.283203 0.843750 0.283203 0.843750 0.285156 0.839844 0.289062 0.839844 0.291016 0.837891 0.292969 0.837891 0.294922 0.835938 0.296875 0.835938 0.300781 0.833984 0.302734 0.832031 0.302734 0.830078 0.304688 0.830078 0.306641 0.826172 0.310547 0.826172 0.320312 0.830078 0.320312 0.830078 0.314453 0.832031 0.312500 0.832031 0.310547 0.835938 0.306641 0.835938 0.302734 0.837891 0.300781 0.839844 0.300781 0.839844 0.298828 0.843750 0.294922 0.843750 0.292969 0.845703 0.291016 0.845703 0.289062 0.847656 0.287109 0.849609 0.287109 0.851562 0.285156 0.851562 0.281250 0.853516 0.279297 0.857422 0.279297 0.857422 0.273438 0.859375 0.271484 0.859375 0.269531 0.863281 0.265625 0.863281 0.263672 0.869141 0.257812 0.871094 0.257812 0.871094 0.255859 0.873047 0.253906 0.876953 0.253906 0.876953 0.250000 0.878906 0.248047 0.880859 0.248047 0.880859 0.246094 0.882812 0.244141 0.884766 0.244141 0.888672 0.240234 0.894531 0.240234 0.894531 0.236328 0.898438 0.232422 0.900391 0.232422 0.902344 0.230469 0.904297 0.230469 0.904297 0.228516 0.908203 0.224609 0.908203 0.222656 0.912109 0.218750 0.912109 0.212891
0 0.951172 0.205078 0.951172 0.208984 0.953125 0.210938 0.953125 0.216797 0.957031 0.216797 0.957031 0.208984 0.955078 0.207031 0.955078 0.205078
0 0.947266 0.191406 0.947266 0.195312 0.951172 0.195312 0.951172 0.191406
0 0.945312 0.183594 0.945312 0.187500 0.949219 0.187500 0.949219 0.183594
0 0.943359 0.175781 0.943359 0.179688 0.947266 0.179688 0.947266 0.175781
0 0.876953 0.156250 0.876953 0.167969 0.873047 0.171875 0.873047 0.173828 0.871094 0.175781 0.871094 0.177734 0.869141 0.179688 0.869141 0.185547 0.865234 0.189453 0.861328 0.189453 0.859375 0.191406 0.855469 0.191406 0.855469 0.193359 0.853516 0.195312 0.849609 0.195312 0.847656 0.197266 0.843750 0.197266 0.841797 0.199219 0.839844 0.199219 0.837891 0.201172 0.835938 0.201172 0.833984 0.203125 0.832031 0.203125 0.830078 0.205078 0.830078 0.207031 0.828125 0.208984 0.826172 0.208984 0.822266 0.212891 0.822266 0.214844 0.820312 0.216797 0.820312 0.218750 0.818359 0.220703 0.816406 0.220703 0.810547 0.226562 0.808594 0.226562 0.804688 0.230469 0.802734 0.230469 0.800781 0.232422 0.796875 0.232422 0.796875 0.240234 0.800781 0.240234 0.802734 0.238281 0.804688 0.238281 0.804688 0.236328 0.808594 0.232422 0.810547 0.232422 0.814453 0.228516 0.816406 0.228516 0.820312 0.224609 0.820312 0.222656 0.822266 0.220703 0.824219 0.220703 0.824219 0.218750 0.830078 0.212891 0.830078 0.210938 0.832031 0.208984 0.833984 0.208984 0.835938 0.207031 0.837891 0.207031 0.839844 0.205078 0.843750 0.205078 0.847656 0.201172 0.851562 0.201172 0.853516 0.199219 0.857422 0.199219 0.857422 0.197266 0.859375 0.195312 0.863281 0.195312 0.865234 0.193359 0.871094 0.193359 0.871094 0.189453 0.873047 0.187500 0.873047 0.181641 0.876953 0.177734 0.876953 0.175781 0.880859 0.171875 0.880859 0.156250
0 0.916016 0.140625 0.916016 0.146484 0.914062 0.148438 0.914062 0.173828 0.916016 0.175781 0.916016 0.191406 0.917969 0.193359 0.917969 0.197266 0.916016 0.199219 0.916016 0.203125 0.914062 0.205078 0.912109 0.205078 0.912109 0.208984 0.916016 0.208984 0.916016 0.205078 0.917969 0.203125 0.919922 0.203125 0.919922 0.201172 0.921875 0.199219 0.921875 0.189453 0.919922 0.187500 0.919922 0.171875 0.917969 0.169922 0.917969 0.152344 0.919922 0.150391 0.919922 0.140625
0 0.941406 0.132812 0.941406 0.134766 0.939453 0.136719 0.939453 0.140625 0.937500 0.142578 0.937500 0.148438 0.935547 0.150391 0.935547 0.164062 0.937500 0.166016 0.937500 0.167969 0.939453 0.169922 0.939453 0.171875 0.943359 0.171875 0.943359 0.167969 0.941406 0.166016 0.941406 0.162109 0.939453 0.160156 0.939453 0.152344 0.941406 0.150391 0.941406 0.142578 0.943359 0.140625 0.943359 0.138672 0.945312 0.136719 0.945312 0.132812
0 0.144531 0.130859 0.144531 0.134766 0.142578 0.136719 0.140625 0.136719 0.140625 0.140625 0.146484 0.140625 0.146484 0.136719 0.148438 0.134766 0.148438 0.130859
0 0.943359 0.123047 0.943359 0.126953 0.947266 0.126953 0.947266 0.123047
0 0.162109 0.121094 0.162109 0.125000 0.166016 0.128906 0.166016 0.130859 0.169922 0.134766 0.175781 0.134766 0.177734 0.132812 0.179688 0.132812 0.181641 0.130859 0.183594 0.130859 0.185547 0.128906 0.189453 0.128906 0.189453 0.125000 0.185547 0.125000 0.183594 0.126953 0.179688 0.126953 0.177734 0.128906 0.171875 0.128906 0.167969 0.125000 0.167969 0.123047 0.166016 0.121094
0 0.144531 0.121094 0.144531 0.125000 0.148438 0.125000 0.148438 0.121094
0 0.095703 0.113281 0.095703 0.132812 0.097656 0.134766 0.097656 0.138672 0.099609 0.140625 0.099609 0.148438 0.101562 0.150391 0.101562 0.154297 0.103516 0.156250 0.103516 0.158203 0.105469 0.160156 0.105469 0.162109 0.107422 0.162109 0.111328 0.166016 0.113281 0.166016 0.115234 0.167969 0.115234 0.171875 0.117188 0.171875 0.121094 0.175781 0.121094 0.177734 0.125000 0.181641 0.125000 0.183594 0.128906 0.183594 0.130859 0.185547 0.130859 0.189453 0.132812 0.189453 0.136719 0.193359 0.146484 0.193359 0.146484 0.185547 0.144531 0.183594 0.144531 0.175781 0.142578 0.173828 0.142578 0.167969 0.146484 0.164062 0.148438 0.164062 0.150391 0.166016 0.150391 0.167969 0.154297 0.167969 0.156250 0.169922 0.156250 0.171875 0.158203 0.171875 0.160156 0.173828 0.162109 0.173828 0.166016 0.177734 0.167969 0.177734 0.169922 0.179688 0.171875 0.179688 0.173828 0.181641 0.173828 0.183594 0.177734 0.183594 0.181641 0.187500 0.195312 0.187500 0.195312 0.181641 0.191406 0.181641 0.189453 0.183594 0.185547 0.183594 0.181641 0.179688 0.179688 0.179688 0.177734 0.177734 0.175781 0.177734 0.171875 0.173828 0.169922 0.173828 0.166016 0.169922 0.162109 0.169922 0.160156 0.167969 0.160156 0.166016 0.156250 0.166016 0.154297 0.164062 0.152344 0.164062 0.150391 0.162109 0.150391 0.160156 0.142578 0.160156 0.138672 0.164062 0.138672 0.173828 0.140625 0.175781 0.140625 0.183594 0.142578 0.185547 0.142578 0.187500 0.140625 0.189453 0.138672 0.187500 0.136719 0.187500 0.134766 0.185547 0.134766 0.183594 0.130859 0.183594 0.128906 0.181641 0.128906 0.179688 0.126953 0.177734 0.126953 0.175781 0.123047 0.171875 0.123047 0.169922 0.121094 0.169922 0.119141 0.167969 0.119141 0.166016 0.117188 0.166016 0.115234 0.164062 0.115234 0.162109 0.113281 0.160156 0.111328 0.160156 0.107422 0.156250 0.107422 0.154297 0.105469 0.152344 0.105469 0.148438 0.103516 0.146484 0.103516 0.138672 0.101562 0.136719 0.101562 0.134766 0.099609 0.132812 0.099609 0.119141 0.101562 0.117188 0.103516 0.117188 0.103516 0.113281
0 0.146484 0.111328 0.146484 0.115234 0.150391 0.115234 0.150391 0.111328
0 0.949219 0.107422 0.949219 0.111328 0.947266 0.113281 0.945312 0.113281 0.945312 0.117188 0.949219 0.117188 0.949219 0.113281 0.951172 0.111328 0.953125 0.111328 0.953125 0.107422
0 0.164062 0.107422 0.164062 0.111328 0.162109 0.113281 0.162109 0.117188 0.166016 0.117188 0.166016 0.113281 0.167969 0.111328 0.167969 0.107422
0 0.148438 0.099609 0.148438 0.103516 0.152344 0.103516 0.152344 0.099609
0 0.955078 0.093750 0.955078 0.097656 0.953125 0.099609 0.953125 0.103516 0.957031 0.103516 0.957031 0.099609 0.958984 0.097656 0.958984 0.093750
0 0.164062 0.093750 0.164062 0.103516 0.167969 0.103516 0.167969 0.093750
0 0.166016 0.070312 0.164062 0.072266 0.164062 0.074219 0.160156 0.078125 0.158203 0.078125 0.158203 0.082031 0.156250 0.083984 0.156250 0.087891 0.154297 0.089844 0.154297 0.093750 0.158203 0.093750 0.158203 0.089844 0.160156 0.087891 0.160156 0.083984 0.164062 0.080078 0.166016 0.082031 0.166016 0.087891 0.169922 0.087891 0.169922 0.070312
0 0.966797 0.064453 0.966797 0.072266 0.964844 0.074219 0.962891 0.074219 0.962891 0.078125 0.960938 0.080078 0.960938 0.083984 0.958984 0.085938 0.957031 0.085938 0.957031 0.089844 0.960938 0.089844 0.960938 0.085938 0.962891 0.083984 0.964844 0.083984 0.964844 0.080078 0.966797 0.078125 0.966797 0.076172 0.968750 0.074219 0.970703 0.074219 0.970703 0.064453
0 0.767578 0.046875 0.767578 0.050781 0.765625 0.052734 0.763672 0.052734 0.763672 0.056641 0.761719 0.058594 0.757812 0.058594 0.753906 0.062500 0.753906 0.064453 0.750000 0.068359 0.750000 0.072266 0.753906 0.072266 0.757812 0.068359 0.757812 0.066406 0.761719 0.062500 0.761719 0.058594 0.763672 0.056641 0.767578 0.056641 0.767578 0.052734 0.769531 0.050781 0.771484 0.050781 0.771484 0.046875
0 0.335938 0.029297 0.335938 0.031250 0.333984 0.033203 0.332031 0.033203 0.330078 0.035156 0.328125 0.035156 0.324219 0.039062 0.324219 0.041016 0.320312 0.044922 0.320312 0.046875 0.318359 0.048828 0.316406 0.048828 0.316406 0.050781 0.314453 0.052734 0.312500 0.052734 0.308594 0.056641 0.308594 0.058594 0.306641 0.060547 0.304688 0.060547 0.300781 0.064453 0.298828 0.064453 0.298828 0.066406 0.296875 0.068359 0.296875 0.070312 0.294922 0.072266 0.292969 0.072266 0.287109 0.078125 0.287109 0.080078 0.283203 0.083984 0.283203 0.085938 0.281250 0.087891 0.279297 0.087891 0.277344 0.089844 0.275391 0.089844 0.275391 0.093750 0.269531 0.099609 0.267578 0.099609 0.265625 0.101562 0.263672 0.101562 0.261719 0.099609 0.259766 0.099609 0.255859 0.095703 0.248047 0.095703 0.246094 0.097656 0.240234 0.097656 0.238281 0.099609 0.236328 0.099609 0.236328 0.101562 0.234375 0.103516 0.232422 0.103516 0.230469 0.105469 0.224609 0.105469 0.222656 0.107422 0.220703 0.107422 0.218750 0.109375 0.216797 0.109375 0.212891 0.113281 0.210938 0.113281 0.208984 0.115234 0.207031 0.115234 0.207031 0.117188 0.205078 0.119141 0.203125 0.119141 0.201172 0.121094 0.199219 0.121094 0.197266 0.123047 0.197266 0.126953 0.201172 0.126953 0.205078 0.123047 0.207031 0.123047 0.208984 0.121094 0.210938 0.121094 0.210938 0.119141 0.212891 0.117188 0.214844 0.117188 0.216797 0.115234 0.218750 0.115234 0.222656 0.111328 0.226562 0.111328 0.228516 0.109375 0.232422 0.109375 0.234375 0.107422 0.236328 0.107422 0.238281 0.105469 0.240234 0.105469 0.244141 0.101562 0.248047 0.101562 0.250000 0.099609 0.251953 0.101562 0.255859 0.101562 0.259766 0.105469 0.259766 0.107422 0.267578 0.107422 0.273438 0.101562 0.275391 0.101562 0.277344 0.099609 0.277344 0.095703 0.281250 0.091797 0.283203 0.091797 0.283203 0.089844 0.285156 0.087891 0.287109 0.087891 0.289062 0.085938 0.289062 0.083984 0.296875 0.076172 0.296875 0.074219 0.298828 0.072266 0.300781 0.072266 0.300781 0.070312 0.304688 0.066406 0.306641 0.066406 0.308594 0.064453 0.308594 0.062500 0.310547 0.060547 0.312500 0.060547 0.316406 0.056641 0.316406 0.054688 0.318359 0.052734 0.320312 0.052734 0.320312 0.050781 0.322266 0.048828 0.324219 0.048828 0.326172 0.046875 0.326172 0.044922 0.333984 0.037109 0.335938 0.037109 0.335938 0.035156 0.337891 0.033203 0.339844 0.033203 0.339844 0.029297
0 0.349609 0.021484 0.347656 0.023438 0.343750 0.023438 0.343750 0.027344 0.353516 0.027344 0.355469 0.025391 0.359375 0.025391 0.359375 0.021484
0 0.794922 0.019531 0.794922 0.021484 0.792969 0.023438 0.789062 0.023438 0.789062 0.027344 0.787109 0.029297 0.785156 0.029297 0.785156 0.033203 0.781250 0.037109 0.779297 0.037109 0.779297 0.039062 0.777344 0.041016 0.775391 0.041016 0.775391 0.044922 0.779297 0.044922 0.779297 0.042969 0.781250 0.041016 0.783203 0.041016 0.785156 0.039062 0.787109 0.039062 0.787109 0.035156 0.789062 0.033203 0.791016 0.033203 0.792969 0.031250 0.792969 0.029297 0.794922 0.027344 0.796875 0.027344 0.796875 0.025391 0.798828 0.023438 0.798828 0.019531
0 0.763672 0.003906 0.763672 0.009766 0.757812 0.015625 0.755859 0.015625 0.755859 0.021484 0.753906 0.023438 0.750000 0.023438 0.748047 0.025391 0.748047 0.027344 0.746094 0.029297 0.744141 0.029297 0.744141 0.033203 0.742188 0.035156 0.740234 0.035156 0.740234 0.037109 0.736328 0.041016 0.736328 0.042969 0.732422 0.046875 0.730469 0.046875 0.730469 0.050781 0.728516 0.052734 0.728516 0.054688 0.726562 0.056641 0.726562 0.080078 0.728516 0.082031 0.728516 0.083984 0.736328 0.091797 0.742188 0.091797 0.746094 0.087891 0.748047 0.087891 0.750000 0.085938 0.750000 0.083984 0.751953 0.082031 0.753906 0.082031 0.755859 0.080078 0.761719 0.080078 0.763672 0.082031 0.777344 0.082031 0.781250 0.078125 0.781250 0.076172 0.785156 0.072266 0.785156 0.070312 0.791016 0.064453 0.791016 0.062500 0.796875 0.056641 0.800781 0.056641 0.802734 0.058594 0.802734 0.062500 0.806641 0.062500 0.806641 0.052734 0.792969 0.052734 0.787109 0.058594 0.787109 0.060547 0.783203 0.064453 0.783203 0.066406 0.779297 0.070312 0.779297 0.072266 0.773438 0.078125 0.769531 0.078125 0.767578 0.076172 0.751953 0.076172 0.750000 0.078125 0.748047 0.078125 0.748047 0.080078 0.742188 0.085938 0.738281 0.085938 0.732422 0.080078 0.732422 0.076172 0.730469 0.074219 0.730469 0.060547 0.732422 0.058594 0.732422 0.056641 0.734375 0.054688 0.734375 0.050781 0.736328 0.048828 0.738281 0.048828 0.738281 0.046875 0.744141 0.041016 0.744141 0.035156 0.746094 0.033203 0.751953 0.033203 0.751953 0.029297 0.753906 0.027344 0.757812 0.027344 0.757812 0.023438 0.759766 0.021484 0.759766 0.019531 0.761719 0.017578 0.763672 0.017578 0.765625 0.015625 0.765625 0.013672 0.767578 0.011719 0.767578 0.003906