0 0.046875 0.896484 0.046875 0.949219 0.056641 0.949219 0.056641 0.896484
0 0.060547 0.851562 0.060547 0.861328 0.058594 0.863281 0.056641 0.863281 0.056641 0.873047 0.054688 0.875000 0.050781 0.875000 0.050781 0.880859 0.048828 0.882812 0.046875 0.882812 0.046875 0.892578 0.056641 0.892578 0.056641 0.886719 0.058594 0.884766 0.060547 0.884766 0.060547 0.876953 0.062500 0.875000 0.066406 0.875000 0.066406 0.863281 0.068359 0.861328 0.070312 0.861328 0.070312 0.851562
0 0.064453 0.835938 0.064453 0.845703 0.074219 0.845703 0.074219 0.835938
0 0.064453 0.785156 0.064453 0.794922 0.074219 0.794922 0.074219 0.785156
0 0.533203 0.679688 0.533203 0.681641 0.535156 0.683594 0.535156 0.685547 0.537109 0.687500 0.537109 0.691406 0.539062 0.693359 0.554688 0.693359 0.554688 0.691406 0.541016 0.691406 0.539062 0.689453 0.539062 0.687500 0.537109 0.685547 0.537109 0.683594 0.535156 0.681641 0.535156 0.679688
0 0.576172 0.671875 0.576172 0.687500 0.574219 0.689453 0.562500 0.689453 0.560547 0.691406 0.560547 0.693359 0.562500 0.693359 0.564453 0.691406 0.578125 0.691406 0.578125 0.675781 0.580078 0.673828 0.580078 0.671875
0 0.750000 0.601562 0.750000 0.607422 0.751953 0.609375 0.761719 0.609375 0.763672 0.607422 0.767578 0.607422 0.771484 0.611328 0.771484 0.617188 0.769531 0.619141 0.769531 0.626953 0.767578 0.628906 0.767578 0.630859 0.763672 0.634766 0.761719 0.634766 0.759766 0.636719 0.757812 0.636719 0.755859 0.638672 0.753906 0.638672 0.751953 0.640625 0.750000 0.640625 0.744141 0.646484 0.742188 0.646484 0.740234 0.648438 0.738281 0.648438 0.736328 0.646484 0.736328 0.644531 0.730469 0.638672 0.724609 0.638672 0.722656 0.640625 0.722656 0.646484 0.720703 0.648438 0.718750 0.648438 0.716797 0.650391 0.714844 0.648438 0.712891 0.648438 0.712891 0.652344 0.720703 0.652344 0.724609 0.648438 0.724609 0.644531 0.728516 0.640625 0.734375 0.646484 0.734375 0.648438 0.736328 0.650391 0.744141 0.650391 0.750000 0.644531 0.751953 0.644531 0.755859 0.640625 0.757812 0.640625 0.759766 0.638672 0.763672 0.638672 0.765625 0.636719 0.767578 0.636719 0.767578 0.634766 0.769531 0.632812 0.769531 0.630859 0.771484 0.628906 0.771484 0.621094 0.773438 0.619141 0.773438 0.609375 0.771484 0.607422 0.771484 0.605469 0.761719 0.605469 0.759766 0.607422 0.755859 0.607422 0.751953 0.603516 0.751953 0.601562
0 0.521484 0.601562 0.521484 0.603516 0.523438 0.605469 0.523438 0.607422 0.525391 0.609375 0.525391 0.611328 0.527344 0.613281 0.527344 0.615234 0.535156 0.623047 0.537109 0.623047 0.539062 0.625000 0.539062 0.628906 0.537109 0.630859 0.537109 0.632812 0.535156 0.634766 0.535156 0.636719 0.533203 0.638672 0.531250 0.638672 0.531250 0.640625 0.527344 0.644531 0.527344 0.654297 0.531250 0.658203 0.529297 0.660156 0.529297 0.667969 0.533203 0.667969 0.533203 0.654297 0.531250 0.654297 0.529297 0.652344 0.529297 0.648438 0.533203 0.644531 0.533203 0.642578 0.537109 0.638672 0.537109 0.636719 0.541016 0.632812 0.541016 0.621094 0.539062 0.621094 0.527344 0.609375 0.527344 0.607422 0.523438 0.603516 0.523438 0.601562
0 0.494141 0.544922 0.492188 0.546875 0.486328 0.546875 0.484375 0.548828 0.484375 0.550781 0.482422 0.552734 0.482422 0.554688 0.474609 0.562500 0.474609 0.572266 0.472656 0.574219 0.472656 0.578125 0.468750 0.582031 0.468750 0.585938 0.466797 0.587891 0.466797 0.591797 0.464844 0.593750 0.464844 0.595703 0.460938 0.599609 0.458984 0.599609 0.458984 0.605469 0.462891 0.605469 0.466797 0.601562 0.468750 0.601562 0.468750 0.599609 0.470703 0.597656 0.470703 0.593750 0.472656 0.591797 0.472656 0.587891 0.474609 0.585938 0.474609 0.583984 0.476562 0.582031 0.476562 0.580078 0.478516 0.578125 0.478516 0.566406 0.482422 0.562500 0.484375 0.562500 0.486328 0.560547 0.486328 0.556641 0.488281 0.554688 0.496094 0.554688 0.500000 0.558594 0.500000 0.560547 0.501953 0.562500 0.501953 0.564453 0.503906 0.566406 0.503906 0.568359 0.509766 0.574219 0.509766 0.578125 0.511719 0.580078 0.511719 0.583984 0.517578 0.589844 0.517578 0.591797 0.519531 0.593750 0.519531 0.595703 0.521484 0.595703 0.521484 0.593750 0.523438 0.591797 0.523438 0.587891 0.519531 0.583984 0.519531 0.582031 0.517578 0.582031 0.515625 0.580078 0.515625 0.576172 0.513672 0.574219 0.513672 0.570312 0.509766 0.566406 0.509766 0.564453 0.507812 0.562500 0.507812 0.560547 0.505859 0.560547 0.503906 0.558594 0.503906 0.552734 0.500000 0.548828 0.500000 0.544922
0 0.123047 0.539062 0.123047 0.558594 0.125000 0.560547 0.125000 0.576172 0.126953 0.578125 0.126953 0.597656 0.123047 0.601562 0.123047 0.603516 0.121094 0.605469 0.121094 0.609375 0.119141 0.611328 0.115234 0.611328 0.113281 0.613281 0.111328 0.613281 0.109375 0.615234 0.107422 0.615234 0.105469 0.613281 0.097656 0.613281 0.095703 0.611328 0.095703 0.603516 0.093750 0.603516 0.091797 0.601562 0.091797 0.599609 0.089844 0.599609 0.087891 0.597656 0.087891 0.593750 0.085938 0.591797 0.083984 0.591797 0.082031 0.589844 0.072266 0.589844 0.072266 0.599609 0.074219 0.601562 0.076172 0.601562 0.078125 0.603516 0.080078 0.603516 0.082031 0.605469 0.082031 0.609375 0.083984 0.609375 0.085938 0.611328 0.085938 0.613281 0.093750 0.613281 0.095703 0.615234 0.095703 0.623047 0.097656 0.623047 0.099609 0.625000 0.119141 0.625000 0.123047 0.621094 0.125000 0.621094 0.125000 0.617188 0.126953 0.615234 0.130859 0.615234 0.130859 0.613281 0.134766 0.609375 0.134766 0.605469 0.136719 0.603516 0.136719 0.574219 0.134766 0.572266 0.134766 0.556641 0.132812 0.554688 0.132812 0.539062
0 0.218750 0.503906 0.218750 0.513672 0.228516 0.513672 0.228516 0.503906
0 0.859375 0.445312 0.859375 0.451172 0.861328 0.453125 0.861328 0.455078 0.859375 0.457031 0.853516 0.451172 0.851562 0.451172 0.849609 0.449219 0.832031 0.449219 0.830078 0.447266 0.814453 0.447266 0.812500 0.449219 0.810547 0.449219 0.810547 0.453125 0.818359 0.453125 0.820312 0.451172 0.824219 0.451172 0.826172 0.453125 0.845703 0.453125 0.855469 0.462891 0.863281 0.462891 0.863281 0.460938 0.865234 0.458984 0.865234 0.451172 0.867188 0.449219 0.869141 0.449219 0.871094 0.451172 0.875000 0.451172 0.875000 0.445312
0 0.939453 0.359375 0.939453 0.386719 0.941406 0.388672 0.941406 0.390625 0.945312 0.394531 0.945312 0.396484 0.947266 0.398438 0.947266 0.400391 0.949219 0.402344 0.949219 0.404297 0.953125 0.408203 0.953125 0.410156 0.955078 0.412109 0.955078 0.414062 0.964844 0.414062 0.970703 0.408203 0.972656 0.408203 0.972656 0.402344 0.968750 0.402344 0.960938 0.410156 0.958984 0.408203 0.958984 0.406250 0.957031 0.404297 0.957031 0.402344 0.953125 0.398438 0.953125 0.396484 0.951172 0.394531 0.951172 0.392578 0.947266 0.388672 0.947266 0.386719 0.945312 0.384766 0.945312 0.382812 0.943359 0.380859 0.943359 0.359375
0 0.253906 0.335938 0.253906 0.337891 0.251953 0.339844 0.248047 0.339844 0.246094 0.341797 0.246094 0.345703 0.244141 0.347656 0.236328 0.347656 0.236328 0.349609 0.234375 0.351562 0.232422 0.351562 0.232422 0.353516 0.230469 0.355469 0.230469 0.378906 0.232422 0.378906 0.234375 0.380859 0.234375 0.382812 0.236328 0.384766 0.236328 0.386719 0.238281 0.388672 0.238281 0.394531 0.240234 0.396484 0.240234 0.398438 0.242188 0.400391 0.242188 0.404297 0.244141 0.406250 0.244141 0.425781 0.242188 0.427734 0.242188 0.431641 0.240234 0.433594 0.238281 0.433594 0.238281 0.443359 0.236328 0.445312 0.234375 0.445312 0.232422 0.447266 0.232422 0.451172 0.230469 0.453125 0.230469 0.458984 0.228516 0.460938 0.226562 0.460938 0.226562 0.462891 0.224609 0.464844 0.224609 0.466797 0.222656 0.468750 0.222656 0.478516 0.220703 0.480469 0.220703 0.498047 0.230469 0.498047 0.230469 0.488281 0.232422 0.486328 0.232422 0.476562 0.234375 0.474609 0.234375 0.472656 0.236328 0.470703 0.236328 0.466797 0.238281 0.464844 0.240234 0.464844 0.240234 0.458984 0.244141 0.455078 0.244141 0.451172 0.246094 0.449219 0.248047 0.449219 0.248047 0.439453 0.250000 0.437500 0.251953 0.437500 0.251953 0.435547 0.253906 0.433594 0.253906 0.402344 0.251953 0.400391 0.251953 0.394531 0.250000 0.392578 0.250000 0.388672 0.248047 0.386719 0.248047 0.380859 0.246094 0.378906 0.246094 0.376953 0.244141 0.375000 0.244141 0.373047 0.242188 0.373047 0.240234 0.371094 0.240234 0.363281 0.242188 0.361328 0.244141 0.361328 0.244141 0.359375 0.246094 0.357422 0.248047 0.357422 0.248047 0.353516 0.250000 0.351562 0.255859 0.351562 0.257812 0.349609 0.257812 0.347656 0.259766 0.345703 0.265625 0.345703 0.267578 0.347656 0.267578 0.351562 0.269531 0.351562 0.271484 0.353516 0.271484 0.357422 0.283203 0.357422 0.283203 0.347656 0.281250 0.347656 0.279297 0.345703 0.279297 0.341797 0.277344 0.341797 0.275391 0.339844 0.275391 0.335938
0 0.417969 0.292969 0.417969 0.296875 0.419922 0.298828 0.419922 0.302734 0.416016 0.306641 0.416016 0.316406 0.417969 0.316406 0.419922 0.318359 0.419922 0.320312 0.421875 0.322266 0.421875 0.324219 0.425781 0.328125 0.425781 0.332031 0.427734 0.333984 0.427734 0.341797 0.429688 0.343750 0.429688 0.349609 0.431641 0.351562 0.431641 0.353516 0.435547 0.357422 0.435547 0.359375 0.433594 0.361328 0.433594 0.363281 0.431641 0.365234 0.429688 0.365234 0.429688 0.367188 0.427734 0.369141 0.427734 0.382812 0.429688 0.384766 0.429688 0.386719 0.431641 0.388672 0.431641 0.392578 0.433594 0.394531 0.433594 0.400391 0.429688 0.404297 0.427734 0.404297 0.423828 0.408203 0.419922 0.408203 0.419922 0.414062 0.423828 0.414062 0.425781 0.412109 0.427734 0.412109 0.429688 0.410156 0.431641 0.410156 0.435547 0.406250 0.437500 0.406250 0.437500 0.388672 0.435547 0.386719 0.435547 0.384766 0.433594 0.382812 0.433594 0.378906 0.431641 0.376953 0.431641 0.373047 0.437500 0.367188 0.437500 0.365234 0.441406 0.361328 0.441406 0.353516 0.435547 0.347656 0.435547 0.345703 0.433594 0.343750 0.433594 0.339844 0.431641 0.337891 0.431641 0.330078 0.429688 0.328125 0.429688 0.324219 0.427734 0.322266 0.427734 0.320312 0.423828 0.316406 0.423828 0.314453 0.421875 0.312500 0.421875 0.310547 0.425781 0.306641 0.425781 0.296875 0.423828 0.294922 0.423828 0.292969
0 0.185547 0.041016 0.185547 0.044922 0.187500 0.046875 0.189453 0.046875 0.193359 0.050781 0.193359 0.052734 0.195312 0.052734 0.207031 0.064453 0.208984 0.064453 0.210938 0.066406 0.212891 0.066406 0.214844 0.068359 0.214844 0.070312 0.216797 0.072266 0.216797 0.074219 0.228516 0.085938 0.234375 0.085938 0.236328 0.087891 0.236328 0.089844 0.238281 0.091797 0.238281 0.093750 0.230469 0.101562 0.230469 0.117188 0.232422 0.119141 0.232422 0.121094 0.234375 0.123047 0.234375 0.125000 0.236328 0.126953 0.240234 0.126953 0.242188 0.128906 0.250000 0.128906 0.250000 0.125000 0.246094 0.125000 0.244141 0.123047 0.242188 0.123047 0.238281 0.119141 0.238281 0.117188 0.234375 0.113281 0.234375 0.105469 0.240234 0.099609 0.242188 0.099609 0.244141 0.097656 0.244141 0.089844 0.240234 0.085938 0.240234 0.080078 0.232422 0.080078 0.230469 0.078125 0.228516 0.078125 0.220703 0.070312 0.220703 0.068359 0.216797 0.064453 0.216797 0.062500 0.214844 0.060547 0.210938 0.060547 0.197266 0.046875 0.197266 0.044922 0.195312 0.044922 0.191406 0.041016