0 0.962891 0.982422 0.962891 0.992188 0.974609 0.992188 0.974609 0.986328 0.972656 0.984375 0.970703 0.984375 0.968750 0.982422
0 0.937500 0.978516 0.935547 0.980469 0.933594 0.980469 0.931641 0.982422 0.931641 0.992188 0.949219 0.992188 0.949219 0.980469 0.947266 0.978516
0 0.433594 0.964844 0.431641 0.966797 0.431641 0.970703 0.433594 0.972656 0.435547 0.972656 0.441406 0.978516 0.443359 0.978516 0.447266 0.982422 0.447266 0.984375 0.441406 0.990234 0.441406 0.992188 0.457031 0.992188 0.458984 0.990234 0.458984 0.980469 0.457031 0.980469 0.455078 0.978516 0.453125 0.978516 0.449219 0.974609 0.449219 0.972656 0.447266 0.972656 0.445312 0.970703 0.443359 0.970703 0.437500 0.964844
0 0.171875 0.933594 0.169922 0.935547 0.167969 0.935547 0.166016 0.937500 0.164062 0.937500 0.164062 0.949219 0.166016 0.951172 0.173828 0.951172 0.173828 0.949219 0.175781 0.947266 0.175781 0.945312 0.179688 0.941406 0.179688 0.935547 0.173828 0.935547
0 0.388672 0.908203 0.388672 0.914062 0.386719 0.916016 0.386719 0.929688 0.388672 0.929688 0.396484 0.937500 0.396484 0.943359 0.394531 0.945312 0.394531 0.962891 0.402344 0.962891 0.404297 0.960938 0.406250 0.960938 0.406250 0.958984 0.410156 0.955078 0.410156 0.953125 0.412109 0.951172 0.419922 0.951172 0.419922 0.941406 0.416016 0.937500 0.414062 0.937500 0.412109 0.935547 0.408203 0.935547 0.406250 0.933594 0.406250 0.931641 0.400391 0.925781 0.400391 0.921875 0.398438 0.919922 0.398438 0.917969 0.392578 0.912109 0.392578 0.908203
0 0.816406 0.859375 0.816406 0.867188 0.818359 0.869141 0.828125 0.869141 0.828125 0.861328 0.822266 0.861328 0.820312 0.859375
0 0.933594 0.857422 0.933594 0.863281 0.935547 0.865234 0.931641 0.869141 0.931641 0.875000 0.939453 0.875000 0.945312 0.869141 0.945312 0.863281 0.943359 0.863281 0.939453 0.859375 0.939453 0.857422
0 0.482422 0.847656 0.482422 0.851562 0.472656 0.861328 0.470703 0.861328 0.468750 0.863281 0.462891 0.857422 0.462891 0.855469 0.457031 0.855469 0.455078 0.857422 0.453125 0.857422 0.449219 0.861328 0.447266 0.861328 0.447266 0.871094 0.449219 0.871094 0.453125 0.875000 0.451172 0.876953 0.451172 0.882812 0.453125 0.882812 0.457031 0.886719 0.458984 0.886719 0.462891 0.890625 0.466797 0.886719 0.466797 0.884766 0.468750 0.882812 0.482422 0.882812 0.486328 0.886719 0.486328 0.888672 0.490234 0.892578 0.494141 0.892578 0.496094 0.890625 0.500000 0.890625 0.501953 0.888672 0.505859 0.888672 0.509766 0.884766 0.511719 0.884766 0.517578 0.878906 0.517578 0.876953 0.521484 0.873047 0.521484 0.867188 0.523438 0.865234 0.527344 0.865234 0.529297 0.863281 0.544922 0.863281 0.546875 0.861328 0.548828 0.861328 0.548828 0.857422 0.541016 0.857422 0.537109 0.853516 0.533203 0.853516 0.529297 0.849609 0.527344 0.849609 0.525391 0.847656 0.501953 0.847656 0.498047 0.851562 0.496094 0.851562 0.494141 0.853516 0.492188 0.853516 0.490234 0.851562 0.488281 0.851562 0.484375 0.847656
0 0.367188 0.843750 0.365234 0.845703 0.365234 0.847656 0.363281 0.849609 0.363281 0.851562 0.361328 0.853516 0.355469 0.853516 0.353516 0.851562 0.345703 0.851562 0.335938 0.861328 0.333984 0.861328 0.324219 0.871094 0.324219 0.876953 0.326172 0.878906 0.326172 0.890625 0.332031 0.890625 0.333984 0.892578 0.333984 0.896484 0.335938 0.898438 0.337891 0.896484 0.341797 0.900391 0.351562 0.900391 0.353516 0.898438 0.355469 0.898438 0.361328 0.892578 0.363281 0.892578 0.363281 0.890625 0.365234 0.888672 0.367188 0.888672 0.369141 0.886719 0.373047 0.890625 0.373047 0.892578 0.375000 0.892578 0.376953 0.894531 0.376953 0.896484 0.378906 0.898438 0.378906 0.900391 0.380859 0.900391 0.382812 0.902344 0.386719 0.902344 0.386719 0.894531 0.390625 0.890625 0.396484 0.890625 0.396484 0.884766 0.390625 0.878906 0.390625 0.875000 0.386719 0.871094 0.386719 0.867188 0.384766 0.865234 0.384766 0.861328 0.382812 0.861328 0.380859 0.859375 0.380859 0.857422 0.378906 0.855469 0.378906 0.853516 0.376953 0.851562 0.376953 0.847656 0.375000 0.847656 0.371094 0.843750
0 0.539062 0.798828 0.539062 0.800781 0.537109 0.802734 0.537109 0.812500 0.542969 0.812500 0.546875 0.808594 0.546875 0.800781 0.544922 0.798828
0 0.880859 0.781250 0.880859 0.791016 0.882812 0.792969 0.888672 0.792969 0.888672 0.783203 0.886719 0.781250
0 0.443359 0.781250 0.439453 0.785156 0.437500 0.785156 0.437500 0.789062 0.433594 0.792969 0.433594 0.800781 0.437500 0.804688 0.437500 0.806641 0.439453 0.808594 0.439453 0.810547 0.441406 0.810547 0.443359 0.812500 0.449219 0.812500 0.453125 0.816406 0.457031 0.816406 0.458984 0.818359 0.458984 0.820312 0.460938 0.822266 0.460938 0.824219 0.462891 0.826172 0.462891 0.830078 0.466797 0.833984 0.466797 0.835938 0.468750 0.837891 0.474609 0.837891 0.474609 0.835938 0.476562 0.833984 0.476562 0.822266 0.478516 0.820312 0.480469 0.820312 0.482422 0.822266 0.486328 0.822266 0.496094 0.832031 0.523438 0.832031 0.525391 0.833984 0.537109 0.833984 0.541016 0.830078 0.541016 0.820312 0.537109 0.820312 0.535156 0.822266 0.519531 0.822266 0.517578 0.824219 0.515625 0.824219 0.513672 0.822266 0.511719 0.822266 0.509766 0.820312 0.503906 0.820312 0.501953 0.822266 0.500000 0.820312 0.500000 0.814453 0.496094 0.810547 0.496094 0.808594 0.494141 0.806641 0.492188 0.806641 0.488281 0.802734 0.488281 0.800781 0.486328 0.798828 0.486328 0.796875 0.482422 0.792969 0.482422 0.785156 0.480469 0.783203 0.478516 0.783203 0.476562 0.781250 0.472656 0.781250 0.470703 0.783203 0.468750 0.783203 0.468750 0.794922 0.466797 0.796875 0.458984 0.796875 0.453125 0.791016 0.453125 0.787109 0.447266 0.781250
0 0.529297 0.779297 0.523438 0.785156 0.521484 0.785156 0.519531 0.787109 0.517578 0.787109 0.517578 0.791016 0.519531 0.791016 0.521484 0.792969 0.523438 0.792969 0.525391 0.791016 0.527344 0.791016 0.529297 0.789062 0.531250 0.789062 0.533203 0.787109 0.539062 0.787109 0.539062 0.779297
0 0.906250 0.750000 0.904297 0.751953 0.902344 0.751953 0.902344 0.765625 0.904297 0.765625 0.906250 0.767578 0.910156 0.767578 0.914062 0.763672 0.914062 0.757812 0.916016 0.755859 0.916016 0.751953 0.912109 0.751953 0.910156 0.750000
0 0.992188 0.701172 0.990234 0.703125 0.990234 0.705078 0.984375 0.710938 0.980469 0.710938 0.978516 0.708984 0.976562 0.708984 0.974609 0.707031 0.974609 0.703125 0.955078 0.703125 0.955078 0.705078 0.949219 0.710938 0.949219 0.720703 0.947266 0.722656 0.937500 0.722656 0.937500 0.728516 0.935547 0.730469 0.935547 0.757812 0.943359 0.765625 0.941406 0.767578 0.941406 0.771484 0.939453 0.773438 0.939453 0.783203 0.935547 0.787109 0.933594 0.787109 0.931641 0.789062 0.929688 0.789062 0.929688 0.794922 0.931641 0.796875 0.933594 0.796875 0.935547 0.798828 0.939453 0.798828 0.941406 0.800781 0.941406 0.806641 0.947266 0.812500 0.949219 0.812500 0.951172 0.814453 0.953125 0.814453 0.955078 0.816406 0.955078 0.818359 0.964844 0.818359 0.966797 0.816406 0.968750 0.816406 0.972656 0.812500 0.976562 0.812500 0.978516 0.810547 0.978516 0.806641 0.982422 0.802734 0.984375 0.802734 0.986328 0.800781 0.986328 0.796875 0.988281 0.794922 0.988281 0.791016 0.990234 0.789062 0.990234 0.785156 0.988281 0.783203 0.988281 0.777344 0.990234 0.775391 0.992188 0.775391
0 0.677734 0.654297 0.673828 0.658203 0.673828 0.662109 0.675781 0.664062 0.675781 0.666016 0.681641 0.671875 0.683594 0.671875 0.685547 0.673828 0.691406 0.673828 0.697266 0.679688 0.697266 0.681641 0.701172 0.685547 0.701172 0.693359 0.699219 0.695312 0.699219 0.697266 0.697266 0.699219 0.697266 0.705078 0.701172 0.708984 0.708984 0.708984 0.708984 0.707031 0.710938 0.705078 0.710938 0.701172 0.712891 0.699219 0.712891 0.697266 0.714844 0.695312 0.722656 0.695312 0.722656 0.691406 0.720703 0.689453 0.720703 0.687500 0.718750 0.685547 0.718750 0.683594 0.716797 0.681641 0.716797 0.677734 0.714844 0.675781 0.712891 0.675781 0.705078 0.667969 0.705078 0.666016 0.699219 0.660156 0.697266 0.660156 0.693359 0.656250 0.689453 0.656250 0.687500 0.654297
0 0.000000 0.546875 0.000000 0.570312 0.001953 0.570312 0.001953 0.568359 0.003906 0.566406 0.003906 0.564453 0.005859 0.562500 0.007812 0.562500 0.009766 0.560547 0.011719 0.560547 0.015625 0.556641 0.015625 0.548828 0.007812 0.548828 0.005859 0.546875
0 0.115234 0.517578 0.113281 0.519531 0.105469 0.519531 0.103516 0.521484 0.101562 0.521484 0.095703 0.527344 0.093750 0.527344 0.093750 0.529297 0.087891 0.535156 0.087891 0.539062 0.085938 0.541016 0.085938 0.542969 0.083984 0.544922 0.082031 0.544922 0.082031 0.552734 0.080078 0.554688 0.060547 0.554688 0.058594 0.556641 0.056641 0.556641 0.054688 0.558594 0.052734 0.558594 0.050781 0.556641 0.050781 0.554688 0.044922 0.554688 0.044922 0.556641 0.042969 0.558594 0.041016 0.558594 0.039062 0.560547 0.037109 0.560547 0.035156 0.562500 0.035156 0.568359 0.033203 0.570312 0.025391 0.570312 0.017578 0.578125 0.015625 0.578125 0.015625 0.580078 0.013672 0.582031 0.011719 0.582031 0.001953 0.591797 0.000000 0.591797 0.000000 0.662109 0.001953 0.664062 0.001953 0.673828 0.003906 0.673828 0.005859 0.675781 0.005859 0.685547 0.003906 0.687500 0.000000 0.687500 0.000000 0.759766 0.003906 0.759766 0.005859 0.761719 0.005859 0.763672 0.007812 0.765625 0.007812 0.767578 0.009766 0.767578 0.011719 0.769531 0.011719 0.773438 0.013672 0.775391 0.013672 0.779297 0.009766 0.783203 0.005859 0.783203 0.005859 0.785156 0.003906 0.787109 0.001953 0.787109 0.001953 0.791016 0.003906 0.791016 0.007812 0.794922 0.009766 0.792969 0.011719 0.792969 0.013672 0.791016 0.015625 0.791016 0.019531 0.794922 0.019531 0.800781 0.017578 0.802734 0.017578 0.806641 0.019531 0.806641 0.021484 0.808594 0.021484 0.810547 0.023438 0.810547 0.025391 0.812500 0.025391 0.814453 0.031250 0.814453 0.033203 0.816406 0.035156 0.816406 0.044922 0.826172 0.054688 0.826172 0.060547 0.832031 0.060547 0.837891 0.062500 0.837891 0.068359 0.843750 0.070312 0.843750 0.074219 0.847656 0.074219 0.851562 0.076172 0.853516 0.076172 0.855469 0.080078 0.859375 0.080078 0.861328 0.087891 0.861328 0.089844 0.859375 0.091797 0.861328 0.091797 0.867188 0.089844 0.869141 0.087891 0.869141 0.087891 0.875000 0.085938 0.876953 0.085938 0.886719 0.087891 0.888672 0.087891 0.890625 0.089844 0.892578 0.089844 0.894531 0.091797 0.894531 0.095703 0.898438 0.095703 0.900391 0.097656 0.900391 0.103516 0.906250 0.105469 0.906250 0.107422 0.904297 0.111328 0.908203 0.113281 0.906250 0.121094 0.914062 0.130859 0.914062 0.134766 0.910156 0.134766 0.898438 0.136719 0.896484 0.136719 0.894531 0.138672 0.892578 0.146484 0.892578 0.148438 0.890625 0.156250 0.890625 0.158203 0.892578 0.158203 0.900391 0.156250 0.902344 0.156250 0.904297 0.154297 0.906250 0.154297 0.908203 0.156250 0.910156 0.162109 0.910156 0.164062 0.912109 0.164062 0.914062 0.173828 0.914062 0.179688 0.919922 0.179688 0.923828 0.185547 0.923828 0.187500 0.921875 0.195312 0.921875 0.197266 0.923828 0.197266 0.929688 0.191406 0.935547 0.191406 0.939453 0.195312 0.939453 0.197266 0.941406 0.199219 0.941406 0.201172 0.943359 0.201172 0.945312 0.203125 0.947266 0.199219 0.951172 0.197266 0.951172 0.195312 0.953125 0.193359 0.953125 0.189453 0.957031 0.189453 0.962891 0.187500 0.964844 0.187500 0.968750 0.193359 0.968750 0.195312 0.970703 0.199219 0.970703 0.205078 0.976562 0.210938 0.976562 0.212891 0.974609 0.218750 0.974609 0.220703 0.972656 0.222656 0.974609 0.222656 0.978516 0.224609 0.978516 0.226562 0.980469 0.234375 0.980469 0.236328 0.978516 0.236328 0.976562 0.240234 0.972656 0.240234 0.970703 0.236328 0.970703 0.234375 0.968750 0.240234 0.962891 0.240234 0.960938 0.246094 0.955078 0.250000 0.955078 0.255859 0.960938 0.255859 0.964844 0.257812 0.964844 0.259766 0.962891 0.261719 0.962891 0.263672 0.964844 0.263672 0.978516 0.267578 0.978516 0.269531 0.976562 0.271484 0.978516 0.271484 0.980469 0.273438 0.982422 0.275391 0.982422 0.283203 0.990234 0.287109 0.990234 0.289062 0.988281 0.289062 0.986328 0.291016 0.984375 0.291016 0.982422 0.292969 0.980469 0.292969 0.978516 0.294922 0.976562 0.294922 0.957031 0.291016 0.957031 0.289062 0.958984 0.281250 0.958984 0.275391 0.953125 0.273438 0.953125 0.267578 0.947266 0.267578 0.935547 0.263672 0.931641 0.259766 0.931641 0.257812 0.933594 0.255859 0.933594 0.253906 0.935547 0.246094 0.935547 0.244141 0.937500 0.242188 0.937500 0.240234 0.939453 0.232422 0.931641 0.232422 0.929688 0.234375 0.927734 0.234375 0.925781 0.240234 0.919922 0.240234 0.917969 0.242188 0.916016 0.242188 0.910156 0.238281 0.910156 0.234375 0.914062 0.230469 0.914062 0.228516 0.912109 0.228516 0.908203 0.230469 0.906250 0.234375 0.906250 0.236328 0.904297 0.246094 0.904297 0.248047 0.902344 0.251953 0.902344 0.253906 0.900391 0.253906 0.890625 0.248047 0.890625 0.246094 0.888672 0.240234 0.888672 0.236328 0.892578 0.226562 0.892578 0.218750 0.900391 0.216797 0.900391 0.214844 0.902344 0.212891 0.902344 0.210938 0.904297 0.208984 0.904297 0.208984 0.906250 0.207031 0.908203 0.207031 0.910156 0.203125 0.914062 0.199219 0.914062 0.195312 0.910156 0.195312 0.906250 0.191406 0.902344 0.191406 0.898438 0.197266 0.892578 0.199219 0.892578 0.199219 0.890625 0.197266 0.888672 0.197266 0.886719 0.195312 0.884766 0.197266 0.882812 0.197266 0.880859 0.199219 0.878906 0.201172 0.880859 0.203125 0.880859 0.205078 0.878906 0.205078 0.875000 0.203125 0.873047 0.201172 0.873047 0.199219 0.871094 0.199219 0.861328 0.203125 0.857422 0.203125 0.847656 0.201172 0.847656 0.195312 0.841797 0.195312 0.839844 0.197266 0.837891 0.199219 0.837891 0.203125 0.833984 0.205078 0.835938 0.207031 0.835938 0.208984 0.833984 0.208984 0.830078 0.212891 0.826172 0.212891 0.824219 0.216797 0.820312 0.216797 0.816406 0.220703 0.812500 0.220703 0.800781 0.222656 0.798828 0.222656 0.777344 0.224609 0.775391 0.224609 0.773438 0.222656 0.771484 0.222656 0.755859 0.226562 0.751953 0.228516 0.751953 0.230469 0.750000 0.232422 0.750000 0.234375 0.748047 0.236328 0.750000 0.236328 0.771484 0.242188 0.777344 0.242188 0.783203 0.244141 0.783203 0.248047 0.779297 0.250000 0.779297 0.251953 0.777344 0.269531 0.777344 0.271484 0.775391 0.279297 0.775391 0.281250 0.777344 0.281250 0.785156 0.283203 0.787109 0.283203 0.789062 0.291016 0.796875 0.292969 0.796875 0.294922 0.794922 0.298828 0.794922 0.296875 0.792969 0.300781 0.789062 0.302734 0.791016 0.302734 0.794922 0.304688 0.794922 0.306641 0.796875 0.306641 0.798828 0.310547 0.798828 0.310547 0.796875 0.312500 0.794922 0.318359 0.794922 0.318359 0.792969 0.320312 0.791016 0.322266 0.791016 0.326172 0.787109 0.324219 0.785156 0.326172 0.783203 0.337891 0.783203 0.339844 0.781250 0.345703 0.781250 0.345703 0.779297 0.347656 0.777344 0.349609 0.779297 0.351562 0.777344 0.353516 0.777344 0.355469 0.775391 0.365234 0.775391 0.367188 0.777344 0.369141 0.775391 0.371094 0.777344 0.373047 0.775391 0.375000 0.775391 0.378906 0.771484 0.378906 0.763672 0.380859 0.761719 0.376953 0.757812 0.375000 0.757812 0.371094 0.753906 0.371094 0.750000 0.376953 0.744141 0.382812 0.750000 0.384766 0.750000 0.386719 0.751953 0.386719 0.753906 0.388672 0.751953 0.386719 0.750000 0.388672 0.748047 0.398438 0.748047 0.400391 0.750000 0.406250 0.750000 0.410156 0.753906 0.408203 0.755859 0.408203 0.763672 0.416016 0.763672 0.419922 0.759766 0.419922 0.757812 0.421875 0.755859 0.423828 0.755859 0.429688 0.750000 0.429688 0.746094 0.427734 0.744141 0.427734 0.738281 0.423828 0.734375 0.423828 0.724609 0.416016 0.724609 0.414062 0.726562 0.412109 0.726562 0.410156 0.724609 0.394531 0.724609 0.392578 0.722656 0.388672 0.722656 0.390625 0.724609 0.390625 0.732422 0.384766 0.738281 0.382812 0.738281 0.380859 0.736328 0.380859 0.730469 0.382812 0.728516 0.382812 0.726562 0.384766 0.724609 0.384766 0.710938 0.382812 0.708984 0.384766 0.707031 0.384766 0.703125 0.388672 0.699219 0.392578 0.703125 0.394531 0.703125 0.396484 0.705078 0.398438 0.705078 0.400391 0.707031 0.402344 0.707031 0.406250 0.703125 0.408203 0.703125 0.408203 0.697266 0.412109 0.693359 0.414062 0.693359 0.412109 0.691406 0.412109 0.687500 0.410156 0.685547 0.408203 0.685547 0.404297 0.681641 0.404297 0.679688 0.402344 0.679688 0.400391 0.681641 0.398438 0.679688 0.396484 0.679688 0.394531 0.677734 0.394531 0.675781 0.398438 0.671875 0.398438 0.669922 0.402344 0.666016 0.402344 0.660156 0.404297 0.658203 0.404297 0.656250 0.406250 0.654297 0.406250 0.650391 0.408203 0.648438 0.408203 0.640625 0.406250 0.638672 0.406250 0.636719 0.404297 0.634766 0.396484 0.634766 0.394531 0.632812 0.390625 0.632812 0.386719 0.628906 0.386719 0.626953 0.384766 0.626953 0.382812 0.625000 0.380859 0.625000 0.378906 0.623047 0.376953 0.623047 0.375000 0.621094 0.375000 0.619141 0.373047 0.619141 0.371094 0.621094 0.369141 0.619141 0.365234 0.619141 0.363281 0.621094 0.363281 0.625000 0.361328 0.626953 0.359375 0.626953 0.357422 0.628906 0.353516 0.628906 0.349609 0.632812 0.349609 0.634766 0.347656 0.636719 0.345703 0.636719 0.341797 0.640625 0.335938 0.640625 0.333984 0.638672 0.330078 0.638672 0.328125 0.636719 0.328125 0.634766 0.326172 0.632812 0.326172 0.630859 0.324219 0.628906 0.320312 0.628906 0.320312 0.630859 0.318359 0.632812 0.318359 0.642578 0.320312 0.644531 0.320312 0.648438 0.322266 0.650391 0.320312 0.652344 0.310547 0.652344 0.310547 0.654297 0.304688 0.660156 0.302734 0.660156 0.298828 0.656250 0.298828 0.654297 0.296875 0.652344 0.281250 0.652344 0.279297 0.654297 0.275391 0.654297 0.275391 0.656250 0.269531 0.662109 0.269531 0.667969 0.267578 0.669922 0.267578 0.675781 0.265625 0.677734 0.265625 0.679688 0.263672 0.681641 0.259766 0.681641 0.257812 0.679688 0.257812 0.660156 0.255859 0.658203 0.255859 0.656250 0.253906 0.654297 0.253906 0.652344 0.251953 0.652344 0.250000 0.650391 0.240234 0.650391 0.240234 0.658203 0.238281 0.660156 0.236328 0.660156 0.236328 0.662109 0.234375 0.664062 0.232422 0.664062 0.232422 0.669922 0.228516 0.673828 0.228516 0.677734 0.226562 0.679688 0.224609 0.679688 0.224609 0.681641 0.222656 0.683594 0.222656 0.685547 0.220703 0.687500 0.218750 0.685547 0.218750 0.683594 0.214844 0.679688 0.212891 0.679688 0.210938 0.677734 0.210938 0.675781 0.203125 0.675781 0.201172 0.673828 0.203125 0.671875 0.203125 0.667969 0.205078 0.666016 0.205078 0.660156 0.208984 0.656250 0.208984 0.650391 0.207031 0.648438 0.203125 0.652344 0.203125 0.654297 0.201172 0.656250 0.199219 0.656250 0.197266 0.658203 0.195312 0.658203 0.193359 0.660156 0.191406 0.658203 0.191406 0.656250 0.189453 0.656250 0.187500 0.654297 0.187500 0.652344 0.185547 0.650391 0.185547 0.644531 0.183594 0.642578 0.181641 0.642578 0.179688 0.640625 0.179688 0.625000 0.181641 0.623047 0.181641 0.621094 0.179688 0.619141 0.179688 0.617188 0.177734 0.617188 0.175781 0.615234 0.175781 0.613281 0.173828 0.613281 0.171875 0.611328 0.171875 0.605469 0.167969 0.601562 0.169922 0.599609 0.171875 0.599609 0.169922 0.597656 0.169922 0.595703 0.166016 0.591797 0.166016 0.583984 0.164062 0.582031 0.164062 0.578125 0.162109 0.576172 0.162109 0.570312 0.158203 0.566406 0.158203 0.564453 0.152344 0.558594 0.152344 0.556641 0.150391 0.556641 0.148438 0.554688 0.146484 0.554688 0.144531 0.556641 0.142578 0.556641 0.140625 0.558594 0.138672 0.558594 0.136719 0.556641 0.136719 0.554688 0.126953 0.554688 0.125000 0.556641 0.123047 0.554688 0.121094 0.554688 0.119141 0.552734 0.125000 0.546875 0.123047 0.544922 0.121094 0.544922 0.119141 0.542969 0.119141 0.539062 0.123047 0.535156 0.126953 0.535156 0.128906 0.537109 0.130859 0.537109 0.132812 0.539062 0.134766 0.539062 0.140625 0.544922 0.142578 0.544922 0.144531 0.546875 0.152344 0.546875 0.152344 0.539062 0.148438 0.535156 0.148438 0.533203 0.144531 0.529297 0.142578 0.529297 0.140625 0.527344 0.136719 0.527344 0.134766 0.525391 0.134766 0.523438 0.130859 0.523438 0.128906 0.521484 0.126953 0.521484 0.125000 0.519531 0.117188 0.519531
0 0.464844 0.484375 0.464844 0.486328 0.462891 0.488281 0.462891 0.498047 0.464844 0.498047 0.466797 0.500000 0.466797 0.513672 0.464844 0.515625 0.464844 0.517578 0.462891 0.519531 0.464844 0.521484 0.464844 0.523438 0.466797 0.525391 0.476562 0.525391 0.478516 0.523438 0.478516 0.509766 0.476562 0.507812 0.476562 0.501953 0.474609 0.500000 0.474609 0.490234 0.472656 0.488281 0.472656 0.486328 0.470703 0.484375
0 0.542969 0.458984 0.542969 0.460938 0.546875 0.464844 0.548828 0.464844 0.550781 0.462891 0.550781 0.460938 0.548828 0.460938 0.546875 0.458984
0 0.099609 0.455078 0.097656 0.457031 0.091797 0.457031 0.089844 0.458984 0.089844 0.462891 0.087891 0.464844 0.087891 0.466797 0.089844 0.464844 0.093750 0.468750 0.095703 0.468750 0.097656 0.470703 0.099609 0.470703 0.103516 0.474609 0.107422 0.474609 0.111328 0.478516 0.128906 0.478516 0.130859 0.476562 0.130859 0.472656 0.132812 0.470703 0.132812 0.468750 0.125000 0.460938 0.125000 0.458984 0.121094 0.458984 0.119141 0.457031 0.119141 0.455078
0 0.949219 0.453125 0.949219 0.464844 0.951172 0.466797 0.951172 0.478516 0.953125 0.480469 0.953125 0.482422 0.955078 0.484375 0.955078 0.490234 0.953125 0.492188 0.953125 0.494141 0.951172 0.496094 0.947266 0.496094 0.947266 0.503906 0.949219 0.505859 0.949219 0.507812 0.951172 0.509766 0.951172 0.513672 0.949219 0.515625 0.949219 0.523438 0.951172 0.525391 0.951172 0.529297 0.953125 0.529297 0.955078 0.531250 0.957031 0.531250 0.958984 0.533203 0.960938 0.533203 0.962891 0.535156 0.962891 0.537109 0.964844 0.537109 0.966797 0.539062 0.968750 0.539062 0.970703 0.541016 0.980469 0.541016 0.988281 0.548828 0.988281 0.550781 0.990234 0.552734 0.990234 0.554688 0.992188 0.554688 0.992188 0.468750 0.988281 0.468750 0.986328 0.470703 0.984375 0.470703 0.978516 0.464844 0.974609 0.464844 0.972656 0.466797 0.970703 0.466797 0.964844 0.460938 0.964844 0.458984 0.962891 0.458984 0.960938 0.457031 0.960938 0.455078 0.958984 0.455078 0.957031 0.453125
0 0.902344 0.410156 0.898438 0.414062 0.898438 0.419922 0.896484 0.421875 0.896484 0.423828 0.892578 0.427734 0.892578 0.429688 0.886719 0.435547 0.886719 0.441406 0.896484 0.451172 0.900391 0.451172 0.904297 0.455078 0.906250 0.453125 0.917969 0.453125 0.921875 0.449219 0.923828 0.449219 0.923828 0.443359 0.927734 0.439453 0.927734 0.433594 0.929688 0.431641 0.929688 0.417969 0.927734 0.416016 0.925781 0.416016 0.923828 0.414062 0.923828 0.410156
0 0.177734 0.380859 0.177734 0.384766 0.175781 0.386719 0.167969 0.386719 0.166016 0.384766 0.166016 0.386719 0.162109 0.390625 0.162109 0.396484 0.164062 0.398438 0.164062 0.402344 0.169922 0.402344 0.169922 0.396484 0.173828 0.392578 0.177734 0.392578 0.181641 0.388672 0.181641 0.380859
0 0.115234 0.343750 0.113281 0.345703 0.113281 0.347656 0.111328 0.349609 0.109375 0.349609 0.107422 0.351562 0.103516 0.351562 0.101562 0.353516 0.103516 0.355469 0.103516 0.357422 0.105469 0.359375 0.105469 0.376953 0.109375 0.376953 0.111328 0.378906 0.111328 0.380859 0.113281 0.380859 0.115234 0.382812 0.115234 0.386719 0.113281 0.388672 0.113281 0.390625 0.115234 0.392578 0.119141 0.392578 0.121094 0.394531 0.121094 0.396484 0.123047 0.396484 0.126953 0.400391 0.130859 0.400391 0.132812 0.402344 0.134766 0.402344 0.136719 0.400391 0.140625 0.400391 0.140625 0.386719 0.138672 0.384766 0.138672 0.382812 0.140625 0.380859 0.134766 0.380859 0.132812 0.378906 0.132812 0.371094 0.130859 0.371094 0.128906 0.369141 0.128906 0.367188 0.132812 0.363281 0.132812 0.361328 0.130859 0.359375 0.130859 0.347656 0.128906 0.347656 0.126953 0.345703 0.125000 0.345703 0.123047 0.343750
0 0.714844 0.285156 0.712891 0.287109 0.710938 0.287109 0.710938 0.291016 0.708984 0.292969 0.708984 0.302734 0.697266 0.314453 0.697266 0.318359 0.695312 0.320312 0.695312 0.322266 0.691406 0.326172 0.691406 0.328125 0.689453 0.330078 0.689453 0.332031 0.685547 0.335938 0.685547 0.339844 0.679688 0.345703 0.677734 0.343750 0.671875 0.343750 0.667969 0.347656 0.666016 0.345703 0.666016 0.339844 0.658203 0.339844 0.654297 0.343750 0.644531 0.343750 0.642578 0.341797 0.642578 0.339844 0.636719 0.339844 0.634766 0.341797 0.634766 0.351562 0.638672 0.355469 0.648438 0.355469 0.650391 0.357422 0.654297 0.353516 0.658203 0.353516 0.660156 0.355469 0.660156 0.357422 0.662109 0.359375 0.662109 0.363281 0.660156 0.365234 0.660156 0.367188 0.656250 0.371094 0.654297 0.371094 0.654297 0.373047 0.650391 0.376953 0.650391 0.382812 0.648438 0.384766 0.650391 0.384766 0.652344 0.386719 0.652344 0.388672 0.656250 0.392578 0.656250 0.394531 0.658203 0.394531 0.660156 0.396484 0.667969 0.396484 0.667969 0.394531 0.669922 0.392578 0.669922 0.390625 0.671875 0.388672 0.671875 0.386719 0.673828 0.384766 0.673828 0.382812 0.675781 0.380859 0.677734 0.380859 0.679688 0.378906 0.681641 0.380859 0.683594 0.380859 0.685547 0.378906 0.687500 0.378906 0.689453 0.380859 0.695312 0.380859 0.701172 0.386719 0.703125 0.386719 0.705078 0.388672 0.705078 0.390625 0.707031 0.392578 0.707031 0.402344 0.708984 0.404297 0.708984 0.414062 0.705078 0.417969 0.705078 0.421875 0.708984 0.425781 0.708984 0.427734 0.707031 0.429688 0.699219 0.429688 0.693359 0.435547 0.693359 0.437500 0.687500 0.443359 0.683594 0.443359 0.681641 0.445312 0.677734 0.445312 0.673828 0.441406 0.671875 0.441406 0.669922 0.439453 0.669922 0.437500 0.667969 0.435547 0.667969 0.433594 0.662109 0.433594 0.662109 0.437500 0.660156 0.439453 0.656250 0.439453 0.652344 0.435547 0.648438 0.435547 0.646484 0.433594 0.632812 0.433594 0.632812 0.435547 0.630859 0.437500 0.630859 0.439453 0.628906 0.441406 0.628906 0.443359 0.632812 0.447266 0.632812 0.453125 0.630859 0.455078 0.626953 0.455078 0.625000 0.457031 0.625000 0.458984 0.623047 0.460938 0.623047 0.462891 0.621094 0.464844 0.619141 0.464844 0.617188 0.462891 0.611328 0.462891 0.609375 0.464844 0.609375 0.466797 0.605469 0.470703 0.605469 0.472656 0.601562 0.476562 0.601562 0.480469 0.599609 0.482422 0.599609 0.486328 0.597656 0.488281 0.595703 0.488281 0.593750 0.490234 0.591797 0.490234 0.589844 0.492188 0.585938 0.492188 0.583984 0.490234 0.582031 0.490234 0.580078 0.488281 0.578125 0.488281 0.576172 0.486328 0.576172 0.484375 0.574219 0.482422 0.574219 0.480469 0.572266 0.478516 0.572266 0.472656 0.566406 0.466797 0.562500 0.466797 0.558594 0.470703 0.550781 0.470703 0.548828 0.472656 0.546875 0.472656 0.544922 0.474609 0.529297 0.474609 0.527344 0.472656 0.527344 0.470703 0.525391 0.468750 0.525391 0.466797 0.523438 0.466797 0.521484 0.464844 0.517578 0.464844 0.515625 0.462891 0.511719 0.462891 0.509766 0.464844 0.509766 0.466797 0.505859 0.470703 0.505859 0.472656 0.501953 0.476562 0.501953 0.478516 0.498047 0.482422 0.498047 0.486328 0.500000 0.486328 0.501953 0.488281 0.501953 0.492188 0.500000 0.494141 0.500000 0.503906 0.501953 0.505859 0.501953 0.507812 0.503906 0.509766 0.507812 0.509766 0.509766 0.511719 0.509766 0.517578 0.511719 0.519531 0.511719 0.521484 0.513672 0.523438 0.513672 0.529297 0.515625 0.529297 0.517578 0.531250 0.519531 0.531250 0.521484 0.533203 0.523438 0.533203 0.525391 0.535156 0.523438 0.537109 0.521484 0.537109 0.515625 0.542969 0.515625 0.548828 0.517578 0.550781 0.517578 0.554688 0.519531 0.556641 0.519531 0.562500 0.515625 0.566406 0.515625 0.572266 0.517578 0.574219 0.517578 0.576172 0.519531 0.578125 0.521484 0.578125 0.523438 0.580078 0.523438 0.583984 0.525391 0.585938 0.527344 0.585938 0.531250 0.589844 0.531250 0.597656 0.529297 0.599609 0.529297 0.601562 0.527344 0.603516 0.525391 0.603516 0.523438 0.601562 0.519531 0.601562 0.515625 0.605469 0.515625 0.607422 0.513672 0.609375 0.513672 0.611328 0.511719 0.613281 0.511719 0.621094 0.513672 0.623047 0.513672 0.625000 0.515625 0.626953 0.523438 0.626953 0.525391 0.625000 0.527344 0.625000 0.529297 0.623047 0.529297 0.611328 0.531250 0.609375 0.533203 0.609375 0.535156 0.607422 0.535156 0.605469 0.537109 0.603516 0.539062 0.603516 0.546875 0.611328 0.546875 0.613281 0.552734 0.619141 0.562500 0.619141 0.562500 0.615234 0.568359 0.609375 0.568359 0.601562 0.576172 0.593750 0.583984 0.593750 0.585938 0.595703 0.589844 0.595703 0.591797 0.597656 0.591797 0.599609 0.595703 0.603516 0.597656 0.603516 0.601562 0.607422 0.607422 0.607422 0.609375 0.605469 0.611328 0.605469 0.615234 0.609375 0.615234 0.617188 0.613281 0.619141 0.611328 0.619141 0.609375 0.621094 0.603516 0.621094 0.601562 0.623047 0.585938 0.623047 0.585938 0.630859 0.587891 0.632812 0.591797 0.632812 0.595703 0.636719 0.597656 0.636719 0.599609 0.638672 0.605469 0.638672 0.607422 0.636719 0.607422 0.634766 0.609375 0.632812 0.625000 0.632812 0.626953 0.630859 0.630859 0.630859 0.632812 0.628906 0.634766 0.628906 0.636719 0.626953 0.636719 0.625000 0.638672 0.623047 0.638672 0.619141 0.646484 0.611328 0.646484 0.609375 0.652344 0.603516 0.658203 0.603516 0.664062 0.609375 0.664062 0.611328 0.671875 0.611328 0.673828 0.613281 0.675781 0.611328 0.675781 0.605469 0.673828 0.605469 0.671875 0.603516 0.671875 0.595703 0.675781 0.591797 0.677734 0.591797 0.679688 0.593750 0.679688 0.597656 0.681641 0.599609 0.681641 0.601562 0.683594 0.603516 0.683594 0.607422 0.689453 0.607422 0.691406 0.605469 0.691406 0.603516 0.695312 0.599609 0.695312 0.578125 0.697266 0.576172 0.697266 0.574219 0.699219 0.572266 0.699219 0.570312 0.701172 0.568359 0.703125 0.568359 0.705078 0.566406 0.707031 0.566406 0.708984 0.564453 0.710938 0.564453 0.712891 0.562500 0.714844 0.562500 0.718750 0.566406 0.718750 0.568359 0.720703 0.570312 0.718750 0.572266 0.718750 0.574219 0.703125 0.589844 0.701172 0.589844 0.701172 0.609375 0.699219 0.611328 0.699219 0.619141 0.701172 0.619141 0.703125 0.621094 0.714844 0.621094 0.716797 0.623047 0.722656 0.623047 0.724609 0.625000 0.724609 0.626953 0.726562 0.626953 0.728516 0.628906 0.728516 0.630859 0.730469 0.630859 0.732422 0.632812 0.732422 0.638672 0.730469 0.640625 0.726562 0.640625 0.726562 0.642578 0.724609 0.644531 0.724609 0.650391 0.722656 0.652344 0.722656 0.664062 0.726562 0.667969 0.726562 0.669922 0.728516 0.671875 0.728516 0.673828 0.730469 0.673828 0.732422 0.675781 0.732422 0.681641 0.730469 0.683594 0.730469 0.691406 0.732422 0.693359 0.732422 0.695312 0.744141 0.707031 0.744141 0.720703 0.742188 0.722656 0.740234 0.722656 0.734375 0.728516 0.732422 0.726562 0.728516 0.726562 0.726562 0.724609 0.726562 0.722656 0.724609 0.722656 0.720703 0.718750 0.712891 0.718750 0.712891 0.730469 0.718750 0.736328 0.718750 0.738281 0.720703 0.738281 0.724609 0.742188 0.728516 0.742188 0.728516 0.740234 0.730469 0.738281 0.734375 0.738281 0.738281 0.742188 0.740234 0.742188 0.744141 0.746094 0.744141 0.748047 0.751953 0.755859 0.753906 0.755859 0.755859 0.757812 0.755859 0.759766 0.757812 0.761719 0.757812 0.763672 0.759766 0.763672 0.761719 0.765625 0.759766 0.767578 0.759766 0.773438 0.761719 0.775391 0.761719 0.777344 0.763672 0.777344 0.767578 0.781250 0.767578 0.783203 0.771484 0.787109 0.771484 0.798828 0.775391 0.802734 0.775391 0.804688 0.777344 0.806641 0.777344 0.814453 0.775391 0.816406 0.773438 0.816406 0.773438 0.818359 0.771484 0.820312 0.771484 0.828125 0.775391 0.828125 0.779297 0.832031 0.785156 0.832031 0.787109 0.830078 0.789062 0.832031 0.791016 0.830078 0.792969 0.832031 0.796875 0.832031 0.798828 0.830078 0.800781 0.830078 0.802734 0.832031 0.802734 0.833984 0.804688 0.833984 0.812500 0.841797 0.824219 0.841797 0.826172 0.839844 0.832031 0.839844 0.837891 0.845703 0.837891 0.847656 0.839844 0.847656 0.841797 0.849609 0.843750 0.849609 0.847656 0.853516 0.847656 0.855469 0.845703 0.857422 0.841797 0.857422 0.841797 0.859375 0.845703 0.859375 0.847656 0.861328 0.857422 0.861328 0.859375 0.863281 0.867188 0.855469 0.867188 0.853516 0.871094 0.849609 0.873047 0.849609 0.873047 0.845703 0.875000 0.843750 0.875000 0.841797 0.880859 0.835938 0.880859 0.833984 0.882812 0.832031 0.884766 0.833984 0.886719 0.833984 0.888672 0.832031 0.892578 0.832031 0.896484 0.828125 0.896484 0.818359 0.892578 0.818359 0.886719 0.812500 0.884766 0.812500 0.882812 0.810547 0.880859 0.810547 0.880859 0.812500 0.878906 0.814453 0.876953 0.814453 0.875000 0.812500 0.865234 0.812500 0.861328 0.808594 0.861328 0.806641 0.867188 0.800781 0.867188 0.792969 0.873047 0.787109 0.875000 0.787109 0.875000 0.781250 0.873047 0.779297 0.873047 0.777344 0.869141 0.777344 0.861328 0.769531 0.861328 0.767578 0.859375 0.765625 0.861328 0.763672 0.861328 0.761719 0.867188 0.755859 0.867188 0.753906 0.875000 0.746094 0.876953 0.746094 0.880859 0.742188 0.884766 0.742188 0.884766 0.734375 0.882812 0.732422 0.882812 0.730469 0.880859 0.730469 0.878906 0.728516 0.878906 0.726562 0.876953 0.726562 0.873047 0.722656 0.873047 0.716797 0.875000 0.714844 0.875000 0.710938 0.876953 0.708984 0.876953 0.707031 0.878906 0.705078 0.880859 0.705078 0.880859 0.703125 0.882812 0.701172 0.886719 0.705078 0.886719 0.707031 0.890625 0.707031 0.892578 0.708984 0.908203 0.708984 0.912109 0.705078 0.914062 0.705078 0.916016 0.703125 0.916016 0.701172 0.919922 0.697266 0.919922 0.693359 0.921875 0.691406 0.921875 0.689453 0.925781 0.685547 0.927734 0.685547 0.929688 0.683594 0.931641 0.683594 0.931641 0.675781 0.933594 0.673828 0.933594 0.671875 0.935547 0.669922 0.935547 0.667969 0.933594 0.666016 0.929688 0.666016 0.925781 0.662109 0.921875 0.662109 0.919922 0.664062 0.916016 0.664062 0.910156 0.658203 0.910156 0.656250 0.917969 0.648438 0.919922 0.648438 0.919922 0.644531 0.921875 0.642578 0.925781 0.646484 0.925781 0.648438 0.927734 0.648438 0.931641 0.652344 0.943359 0.652344 0.943359 0.644531 0.941406 0.642578 0.937500 0.642578 0.935547 0.640625 0.933594 0.640625 0.929688 0.636719 0.929688 0.634766 0.927734 0.634766 0.925781 0.636719 0.923828 0.636719 0.921875 0.638672 0.921875 0.642578 0.919922 0.644531 0.912109 0.644531 0.910156 0.646484 0.908203 0.646484 0.902344 0.652344 0.900391 0.652344 0.896484 0.648438 0.896484 0.646484 0.902344 0.640625 0.904297 0.640625 0.906250 0.638672 0.908203 0.638672 0.908203 0.636719 0.914062 0.630859 0.917969 0.630859 0.919922 0.628906 0.925781 0.628906 0.927734 0.626953 0.929688 0.626953 0.929688 0.621094 0.927734 0.619141 0.925781 0.619141 0.919922 0.613281 0.919922 0.605469 0.921875 0.603516 0.921875 0.599609 0.925781 0.595703 0.929688 0.599609 0.939453 0.599609 0.941406 0.597656 0.943359 0.599609 0.943359 0.601562 0.953125 0.611328 0.953125 0.613281 0.955078 0.613281 0.957031 0.615234 0.962891 0.615234 0.964844 0.613281 0.966797 0.613281 0.966797 0.611328 0.972656 0.605469 0.976562 0.605469 0.980469 0.601562 0.982422 0.601562 0.982422 0.597656 0.978516 0.593750 0.980469 0.591797 0.980469 0.583984 0.978516 0.582031 0.978516 0.580078 0.974609 0.576172 0.974609 0.574219 0.972656 0.574219 0.968750 0.570312 0.966797 0.570312 0.962891 0.566406 0.949219 0.566406 0.947266 0.564453 0.945312 0.564453 0.941406 0.560547 0.939453 0.560547 0.937500 0.558594 0.935547 0.558594 0.933594 0.556641 0.933594 0.554688 0.931641 0.552734 0.929688 0.552734 0.927734 0.550781 0.927734 0.548828 0.925781 0.546875 0.923828 0.546875 0.919922 0.542969 0.917969 0.542969 0.916016 0.541016 0.916016 0.539062 0.914062 0.539062 0.912109 0.537109 0.912109 0.535156 0.910156 0.533203 0.908203 0.533203 0.906250 0.531250 0.904297 0.531250 0.902344 0.529297 0.902344 0.527344 0.900391 0.527344 0.898438 0.525391 0.898438 0.523438 0.896484 0.521484 0.896484 0.519531 0.894531 0.517578 0.892578 0.517578 0.882812 0.507812 0.878906 0.507812 0.876953 0.505859 0.875000 0.505859 0.873047 0.503906 0.863281 0.503906 0.861328 0.505859 0.843750 0.505859 0.843750 0.511719 0.847656 0.515625 0.841797 0.521484 0.841797 0.523438 0.839844 0.525391 0.839844 0.527344 0.835938 0.531250 0.835938 0.535156 0.833984 0.537109 0.832031 0.537109 0.828125 0.541016 0.816406 0.541016 0.814453 0.539062 0.812500 0.539062 0.808594 0.535156 0.804688 0.535156 0.800781 0.531250 0.798828 0.531250 0.796875 0.529297 0.791016 0.529297 0.789062 0.527344 0.781250 0.527344 0.775391 0.533203 0.773438 0.533203 0.773438 0.542969 0.771484 0.544922 0.771484 0.550781 0.769531 0.552734 0.769531 0.554688 0.767578 0.556641 0.767578 0.560547 0.777344 0.560547 0.779297 0.562500 0.779297 0.568359 0.777344 0.570312 0.775391 0.570312 0.775391 0.576172 0.773438 0.578125 0.761719 0.578125 0.759766 0.580078 0.757812 0.580078 0.755859 0.582031 0.755859 0.583984 0.753906 0.585938 0.748047 0.585938 0.746094 0.587891 0.744141 0.585938 0.744141 0.576172 0.742188 0.576172 0.736328 0.570312 0.736328 0.568359 0.732422 0.568359 0.730469 0.566406 0.728516 0.568359 0.720703 0.560547 0.720703 0.558594 0.726562 0.552734 0.730469 0.556641 0.730469 0.554688 0.732422 0.552734 0.734375 0.552734 0.734375 0.548828 0.732422 0.548828 0.730469 0.550781 0.728516 0.550781 0.726562 0.552734 0.718750 0.552734 0.714844 0.548828 0.710938 0.548828 0.708984 0.546875 0.708984 0.542969 0.710938 0.541016 0.710938 0.537109 0.712891 0.535156 0.714844 0.535156 0.716797 0.537109 0.718750 0.537109 0.720703 0.539062 0.720703 0.541016 0.724609 0.544922 0.736328 0.544922 0.736328 0.541016 0.738281 0.539062 0.738281 0.537109 0.740234 0.535156 0.744141 0.535156 0.748047 0.531250 0.746094 0.529297 0.746094 0.527344 0.744141 0.525391 0.744141 0.519531 0.746094 0.517578 0.746094 0.515625 0.748047 0.513672 0.750000 0.513672 0.750000 0.511719 0.751953 0.509766 0.757812 0.509766 0.761719 0.505859 0.763672 0.505859 0.767578 0.501953 0.781250 0.501953 0.785156 0.498047 0.787109 0.498047 0.787109 0.488281 0.791016 0.484375 0.791016 0.480469 0.789062 0.478516 0.789062 0.476562 0.791016 0.474609 0.791016 0.468750 0.789062 0.466797 0.789062 0.464844 0.785156 0.464844 0.783203 0.462891 0.781250 0.462891 0.777344 0.458984 0.781250 0.455078 0.785156 0.455078 0.787109 0.453125 0.787109 0.449219 0.789062 0.447266 0.789062 0.439453 0.785156 0.435547 0.785156 0.423828 0.783203 0.423828 0.781250 0.421875 0.781250 0.419922 0.783203 0.417969 0.791016 0.417969 0.794922 0.414062 0.794922 0.406250 0.798828 0.402344 0.798828 0.394531 0.800781 0.392578 0.800781 0.388672 0.794922 0.388672 0.792969 0.390625 0.789062 0.390625 0.787109 0.392578 0.783203 0.392578 0.781250 0.390625 0.779297 0.390625 0.777344 0.388672 0.775391 0.388672 0.773438 0.386719 0.767578 0.386719 0.761719 0.380859 0.761719 0.378906 0.757812 0.375000 0.757812 0.363281 0.759766 0.361328 0.759766 0.359375 0.761719 0.357422 0.763672 0.357422 0.767578 0.361328 0.767578 0.363281 0.773438 0.363281 0.773438 0.357422 0.771484 0.355469 0.771484 0.347656 0.769531 0.345703 0.769531 0.343750 0.767578 0.341797 0.767578 0.339844 0.765625 0.337891 0.765625 0.333984 0.763672 0.332031 0.763672 0.328125 0.761719 0.328125 0.757812 0.324219 0.751953 0.324219 0.750000 0.322266 0.744141 0.322266 0.740234 0.318359 0.742188 0.316406 0.742188 0.314453 0.732422 0.314453 0.730469 0.312500 0.732422 0.310547 0.732422 0.308594 0.734375 0.306641 0.734375 0.304688 0.732422 0.304688 0.730469 0.302734 0.730469 0.300781 0.728516 0.298828 0.728516 0.294922 0.726562 0.292969 0.726562 0.291016 0.724609 0.291016 0.720703 0.287109 0.720703 0.285156
0 0.140625 0.275391 0.136719 0.279297 0.134766 0.277344 0.119141 0.277344 0.117188 0.279297 0.117188 0.281250 0.115234 0.283203 0.115234 0.287109 0.109375 0.292969 0.109375 0.302734 0.119141 0.302734 0.121094 0.304688 0.121094 0.310547 0.123047 0.312500 0.134766 0.312500 0.136719 0.314453 0.136719 0.316406 0.138672 0.318359 0.140625 0.318359 0.142578 0.320312 0.142578 0.322266 0.144531 0.322266 0.146484 0.324219 0.146484 0.326172 0.148438 0.328125 0.148438 0.343750 0.150391 0.345703 0.154297 0.345703 0.156250 0.343750 0.162109 0.343750 0.166016 0.347656 0.171875 0.347656 0.173828 0.345703 0.173828 0.337891 0.169922 0.333984 0.171875 0.332031 0.171875 0.328125 0.173828 0.326172 0.173828 0.316406 0.171875 0.314453 0.166016 0.314453 0.164062 0.316406 0.162109 0.316406 0.162109 0.318359 0.158203 0.322266 0.154297 0.322266 0.148438 0.316406 0.148438 0.312500 0.146484 0.310547 0.146484 0.306641 0.144531 0.304688 0.150391 0.298828 0.150391 0.296875 0.152344 0.294922 0.160156 0.294922 0.160156 0.289062 0.158203 0.287109 0.146484 0.287109 0.144531 0.285156 0.144531 0.283203 0.146484 0.281250 0.146484 0.275391
0 0.095703 0.244141 0.085938 0.253906 0.085938 0.263672 0.095703 0.263672 0.097656 0.261719 0.097656 0.259766 0.099609 0.257812 0.099609 0.255859 0.101562 0.253906 0.101562 0.244141
0 0.015625 0.220703 0.013672 0.222656 0.003906 0.222656 0.003906 0.234375 0.007812 0.234375 0.009766 0.236328 0.011719 0.236328 0.013672 0.238281 0.013672 0.240234 0.011719 0.242188 0.011719 0.244141 0.009766 0.246094 0.009766 0.253906 0.005859 0.257812 0.003906 0.257812 0.003906 0.265625 0.005859 0.267578 0.005859 0.269531 0.007812 0.269531 0.013672 0.275391 0.019531 0.275391 0.021484 0.277344 0.021484 0.279297 0.023438 0.281250 0.023438 0.283203 0.019531 0.287109 0.019531 0.291016 0.027344 0.298828 0.027344 0.300781 0.023438 0.304688 0.021484 0.304688 0.019531 0.302734 0.017578 0.302734 0.015625 0.304688 0.013672 0.304688 0.011719 0.302734 0.011719 0.296875 0.009766 0.296875 0.007812 0.294922 0.000000 0.294922 0.000000 0.330078 0.003906 0.330078 0.005859 0.332031 0.009766 0.332031 0.011719 0.333984 0.013672 0.333984 0.015625 0.332031 0.019531 0.332031 0.021484 0.333984 0.021484 0.335938 0.023438 0.337891 0.023438 0.347656 0.021484 0.349609 0.021484 0.351562 0.019531 0.353516 0.019531 0.359375 0.023438 0.363281 0.023438 0.369141 0.025391 0.371094 0.025391 0.373047 0.027344 0.375000 0.029297 0.375000 0.033203 0.378906 0.035156 0.378906 0.037109 0.380859 0.041016 0.380859 0.042969 0.382812 0.048828 0.382812 0.048828 0.380859 0.050781 0.378906 0.052734 0.380859 0.056641 0.376953 0.056641 0.373047 0.058594 0.371094 0.058594 0.365234 0.064453 0.359375 0.066406 0.359375 0.072266 0.353516 0.072266 0.345703 0.070312 0.343750 0.070312 0.341797 0.072266 0.339844 0.072266 0.333984 0.074219 0.332031 0.074219 0.330078 0.072266 0.328125 0.072266 0.324219 0.070312 0.322266 0.070312 0.320312 0.066406 0.316406 0.060547 0.316406 0.058594 0.314453 0.058594 0.296875 0.054688 0.292969 0.054688 0.291016 0.052734 0.289062 0.046875 0.289062 0.044922 0.287109 0.044922 0.283203 0.046875 0.281250 0.046875 0.269531 0.042969 0.265625 0.039062 0.265625 0.033203 0.259766 0.035156 0.257812 0.037109 0.257812 0.035156 0.255859 0.035156 0.253906 0.033203 0.253906 0.031250 0.251953 0.035156 0.248047 0.035156 0.244141 0.033203 0.242188 0.029297 0.242188 0.025391 0.238281 0.025391 0.236328 0.027344 0.234375 0.027344 0.228516 0.025391 0.228516 0.023438 0.226562 0.023438 0.220703
0 0.037109 0.000000 0.037109 0.005859 0.035156 0.007812 0.033203 0.007812 0.033203 0.013672 0.031250 0.015625 0.029297 0.015625 0.029297 0.037109 0.027344 0.039062 0.025391 0.039062 0.025391 0.044922 0.023438 0.046875 0.021484 0.046875 0.021484 0.052734 0.019531 0.054688 0.017578 0.054688 0.017578 0.076172 0.019531 0.076172 0.021484 0.078125 0.021484 0.107422 0.019531 0.109375 0.017578 0.109375 0.017578 0.128906 0.015625 0.130859 0.015625 0.134766 0.017578 0.136719 0.017578 0.138672 0.023438 0.144531 0.023438 0.146484 0.025391 0.148438 0.029297 0.148438 0.033203 0.152344 0.033203 0.160156 0.041016 0.167969 0.042969 0.167969 0.044922 0.169922 0.046875 0.169922 0.050781 0.173828 0.056641 0.173828 0.058594 0.175781 0.064453 0.175781 0.066406 0.173828 0.068359 0.175781 0.074219 0.175781 0.076172 0.173828 0.078125 0.173828 0.078125 0.171875 0.080078 0.169922 0.082031 0.169922 0.082031 0.167969 0.083984 0.166016 0.085938 0.166016 0.085938 0.164062 0.087891 0.162109 0.089844 0.162109 0.091797 0.164062 0.091797 0.166016 0.093750 0.167969 0.093750 0.169922 0.099609 0.175781 0.101562 0.175781 0.103516 0.177734 0.105469 0.177734 0.107422 0.179688 0.107422 0.185547 0.111328 0.185547 0.113281 0.187500 0.115234 0.187500 0.117188 0.189453 0.123047 0.189453 0.123047 0.187500 0.125000 0.185547 0.132812 0.185547 0.134766 0.187500 0.134766 0.189453 0.136719 0.191406 0.136719 0.193359 0.138672 0.193359 0.142578 0.197266 0.142578 0.201172 0.144531 0.203125 0.142578 0.205078 0.140625 0.205078 0.138672 0.207031 0.134766 0.207031 0.134766 0.210938 0.138672 0.214844 0.144531 0.214844 0.146484 0.216797 0.156250 0.216797 0.158203 0.214844 0.158203 0.212891 0.160156 0.210938 0.162109 0.210938 0.167969 0.205078 0.167969 0.203125 0.169922 0.201172 0.171875 0.201172 0.171875 0.195312 0.173828 0.193359 0.175781 0.195312 0.175781 0.197266 0.177734 0.199219 0.177734 0.201172 0.181641 0.205078 0.189453 0.205078 0.191406 0.203125 0.193359 0.203125 0.193359 0.201172 0.195312 0.199219 0.197266 0.199219 0.199219 0.201172 0.201172 0.201172 0.205078 0.205078 0.207031 0.205078 0.214844 0.212891 0.214844 0.214844 0.218750 0.218750 0.232422 0.218750 0.234375 0.220703 0.236328 0.220703 0.240234 0.224609 0.240234 0.226562 0.244141 0.230469 0.244141 0.232422 0.242188 0.234375 0.242188 0.236328 0.240234 0.238281 0.238281 0.238281 0.234375 0.242188 0.230469 0.242188 0.228516 0.244141 0.228516 0.248047 0.226562 0.250000 0.234375 0.257812 0.234375 0.267578 0.236328 0.269531 0.236328 0.271484 0.238281 0.273438 0.240234 0.273438 0.246094 0.279297 0.246094 0.281250 0.248047 0.281250 0.250000 0.283203 0.244141 0.289062 0.244141 0.298828 0.248047 0.302734 0.248047 0.306641 0.246094 0.308594 0.244141 0.308594 0.242188 0.310547 0.230469 0.310547 0.226562 0.314453 0.224609 0.314453 0.222656 0.316406 0.222656 0.322266 0.226562 0.326172 0.226562 0.330078 0.228516 0.332031 0.230469 0.332031 0.232422 0.333984 0.232422 0.335938 0.228516 0.339844 0.226562 0.339844 0.224609 0.341797 0.224609 0.347656 0.234375 0.357422 0.234375 0.359375 0.236328 0.361328 0.236328 0.363281 0.238281 0.363281 0.240234 0.365234 0.242188 0.365234 0.246094 0.369141 0.248047 0.369141 0.251953 0.373047 0.251953 0.375000 0.255859 0.375000 0.257812 0.376953 0.257812 0.378906 0.259766 0.380859 0.259766 0.382812 0.261719 0.384766 0.261719 0.386719 0.271484 0.386719 0.273438 0.384766 0.275391 0.384766 0.277344 0.386719 0.277344 0.390625 0.279297 0.392578 0.279297 0.400391 0.277344 0.402344 0.275391 0.402344 0.275391 0.408203 0.273438 0.410156 0.271484 0.410156 0.271484 0.412109 0.263672 0.419922 0.263672 0.421875 0.259766 0.425781 0.250000 0.425781 0.248047 0.427734 0.246094 0.427734 0.242188 0.431641 0.242188 0.435547 0.240234 0.437500 0.240234 0.449219 0.242188 0.451172 0.242188 0.453125 0.244141 0.455078 0.246094 0.455078 0.248047 0.457031 0.246094 0.458984 0.246094 0.464844 0.240234 0.470703 0.240234 0.474609 0.242188 0.476562 0.242188 0.478516 0.244141 0.478516 0.246094 0.480469 0.246094 0.482422 0.248047 0.484375 0.248047 0.486328 0.251953 0.490234 0.251953 0.492188 0.253906 0.494141 0.253906 0.496094 0.261719 0.496094 0.263672 0.494141 0.265625 0.494141 0.267578 0.492188 0.271484 0.492188 0.273438 0.490234 0.275391 0.490234 0.277344 0.492188 0.277344 0.494141 0.279297 0.494141 0.281250 0.496094 0.287109 0.496094 0.289062 0.498047 0.291016 0.498047 0.292969 0.496094 0.292969 0.492188 0.296875 0.488281 0.298828 0.488281 0.298828 0.486328 0.304688 0.480469 0.306641 0.480469 0.306641 0.478516 0.310547 0.474609 0.320312 0.474609 0.320312 0.472656 0.322266 0.470703 0.328125 0.470703 0.330078 0.468750 0.332031 0.468750 0.333984 0.466797 0.335938 0.466797 0.339844 0.470703 0.341797 0.470703 0.345703 0.474609 0.345703 0.476562 0.343750 0.478516 0.341797 0.478516 0.339844 0.480469 0.339844 0.486328 0.341797 0.488281 0.341797 0.490234 0.343750 0.490234 0.345703 0.492188 0.345703 0.507812 0.341797 0.511719 0.339844 0.511719 0.339844 0.519531 0.341797 0.521484 0.341797 0.525391 0.347656 0.525391 0.349609 0.527344 0.349609 0.531250 0.347656 0.533203 0.347656 0.537109 0.349609 0.539062 0.349609 0.541016 0.351562 0.542969 0.351562 0.544922 0.355469 0.548828 0.355469 0.562500 0.357422 0.564453 0.357422 0.566406 0.359375 0.568359 0.359375 0.570312 0.361328 0.572266 0.361328 0.574219 0.365234 0.578125 0.373047 0.578125 0.375000 0.580078 0.376953 0.580078 0.380859 0.576172 0.392578 0.576172 0.396484 0.572266 0.398438 0.572266 0.400391 0.574219 0.402344 0.574219 0.408203 0.580078 0.408203 0.589844 0.410156 0.591797 0.414062 0.591797 0.416016 0.589844 0.417969 0.589844 0.419922 0.587891 0.419922 0.583984 0.421875 0.582031 0.421875 0.578125 0.425781 0.574219 0.425781 0.572266 0.427734 0.570312 0.425781 0.568359 0.427734 0.566406 0.429688 0.566406 0.429688 0.564453 0.425781 0.560547 0.425781 0.556641 0.423828 0.554688 0.423828 0.550781 0.421875 0.548828 0.423828 0.546875 0.423828 0.544922 0.425781 0.542969 0.425781 0.541016 0.427734 0.539062 0.423828 0.539062 0.421875 0.537109 0.423828 0.535156 0.423828 0.531250 0.414062 0.521484 0.414062 0.517578 0.412109 0.515625 0.421875 0.505859 0.421875 0.501953 0.423828 0.500000 0.427734 0.500000 0.427734 0.498047 0.429688 0.496094 0.431641 0.498047 0.435547 0.494141 0.437500 0.494141 0.439453 0.496094 0.445312 0.496094 0.445312 0.494141 0.447266 0.492188 0.451172 0.492188 0.451172 0.490234 0.453125 0.488281 0.453125 0.484375 0.457031 0.480469 0.457031 0.476562 0.460938 0.472656 0.462891 0.474609 0.462891 0.478516 0.464844 0.480469 0.468750 0.480469 0.470703 0.478516 0.472656 0.478516 0.474609 0.476562 0.474609 0.472656 0.476562 0.470703 0.476562 0.464844 0.474609 0.462891 0.474609 0.455078 0.476562 0.453125 0.474609 0.453125 0.472656 0.451172 0.472656 0.449219 0.470703 0.449219 0.470703 0.451172 0.468750 0.453125 0.466797 0.453125 0.466797 0.455078 0.464844 0.457031 0.464844 0.462891 0.462891 0.464844 0.457031 0.464844 0.455078 0.462891 0.455078 0.460938 0.457031 0.458984 0.457031 0.457031 0.455078 0.457031 0.451172 0.453125 0.451172 0.451172 0.449219 0.449219 0.449219 0.445312 0.451172 0.443359 0.451172 0.441406 0.455078 0.437500 0.455078 0.435547 0.458984 0.431641 0.460938 0.431641 0.460938 0.429688 0.462891 0.427734 0.464844 0.427734 0.466797 0.425781 0.468750 0.425781 0.470703 0.423828 0.478516 0.423828 0.480469 0.425781 0.484375 0.425781 0.488281 0.429688 0.490234 0.429688 0.492188 0.431641 0.494141 0.431641 0.500000 0.437500 0.500000 0.443359 0.494141 0.449219 0.488281 0.449219 0.488281 0.455078 0.490234 0.455078 0.496094 0.460938 0.496094 0.462891 0.501953 0.462891 0.501953 0.458984 0.503906 0.457031 0.503906 0.453125 0.501953 0.451172 0.501953 0.447266 0.503906 0.445312 0.505859 0.445312 0.507812 0.447266 0.511719 0.447266 0.513672 0.445312 0.515625 0.445312 0.515625 0.443359 0.517578 0.441406 0.521484 0.441406 0.521484 0.437500 0.523438 0.435547 0.525391 0.435547 0.527344 0.433594 0.533203 0.433594 0.535156 0.431641 0.537109 0.431641 0.541016 0.427734 0.542969 0.429688 0.544922 0.429688 0.546875 0.431641 0.546875 0.435547 0.548828 0.437500 0.552734 0.433594 0.550781 0.431641 0.552734 0.429688 0.552734 0.427734 0.554688 0.425781 0.558594 0.425781 0.556641 0.425781 0.552734 0.421875 0.554688 0.419922 0.556641 0.419922 0.560547 0.416016 0.578125 0.416016 0.580078 0.414062 0.582031 0.414062 0.583984 0.412109 0.593750 0.412109 0.595703 0.410156 0.595703 0.408203 0.593750 0.406250 0.593750 0.404297 0.597656 0.400391 0.611328 0.414062 0.617188 0.414062 0.621094 0.410156 0.625000 0.410156 0.626953 0.408203 0.628906 0.408203 0.628906 0.406250 0.630859 0.404297 0.630859 0.402344 0.632812 0.400391 0.634766 0.400391 0.634766 0.390625 0.630859 0.386719 0.630859 0.375000 0.628906 0.373047 0.628906 0.367188 0.626953 0.365234 0.626953 0.359375 0.625000 0.359375 0.621094 0.355469 0.621094 0.353516 0.617188 0.349609 0.617188 0.341797 0.619141 0.339844 0.619141 0.335938 0.623047 0.332031 0.625000 0.332031 0.625000 0.330078 0.623047 0.328125 0.623047 0.324219 0.625000 0.322266 0.636719 0.322266 0.638672 0.324219 0.640625 0.324219 0.642578 0.326172 0.648438 0.326172 0.650391 0.324219 0.650391 0.322266 0.652344 0.320312 0.652344 0.318359 0.658203 0.312500 0.658203 0.308594 0.660156 0.306641 0.660156 0.304688 0.662109 0.302734 0.664062 0.302734 0.671875 0.294922 0.673828 0.294922 0.681641 0.287109 0.681641 0.285156 0.683594 0.283203 0.683594 0.281250 0.687500 0.277344 0.695312 0.277344 0.697266 0.275391 0.705078 0.275391 0.716797 0.263672 0.726562 0.263672 0.728516 0.261719 0.730469 0.261719 0.736328 0.255859 0.738281 0.255859 0.742188 0.251953 0.742188 0.250000 0.740234 0.248047 0.736328 0.248047 0.730469 0.242188 0.730469 0.236328 0.728516 0.234375 0.728516 0.230469 0.726562 0.228516 0.726562 0.226562 0.724609 0.224609 0.724609 0.222656 0.722656 0.220703 0.722656 0.218750 0.720703 0.218750 0.718750 0.216797 0.718750 0.212891 0.716797 0.212891 0.712891 0.208984 0.714844 0.207031 0.720703 0.207031 0.720703 0.199219 0.718750 0.199219 0.716797 0.197266 0.712891 0.197266 0.710938 0.195312 0.695312 0.195312 0.687500 0.203125 0.687500 0.205078 0.683594 0.208984 0.683594 0.210938 0.681641 0.212891 0.681641 0.214844 0.679688 0.216797 0.677734 0.216797 0.675781 0.218750 0.673828 0.218750 0.673828 0.220703 0.671875 0.222656 0.669922 0.222656 0.666016 0.218750 0.666016 0.216797 0.664062 0.214844 0.664062 0.212891 0.662109 0.210938 0.662109 0.208984 0.650391 0.208984 0.648438 0.210938 0.646484 0.210938 0.644531 0.208984 0.644531 0.207031 0.642578 0.207031 0.640625 0.205078 0.640625 0.203125 0.638672 0.203125 0.636719 0.201172 0.636719 0.193359 0.626953 0.193359 0.619141 0.185547 0.619141 0.179688 0.623047 0.175781 0.623047 0.166016 0.621094 0.166016 0.619141 0.164062 0.619141 0.152344 0.621094 0.150391 0.619141 0.148438 0.601562 0.148438 0.595703 0.142578 0.585938 0.142578 0.582031 0.146484 0.562500 0.146484 0.556641 0.152344 0.554688 0.150391 0.554688 0.138672 0.558594 0.134766 0.558594 0.117188 0.556641 0.115234 0.556641 0.113281 0.552734 0.109375 0.546875 0.109375 0.544922 0.111328 0.544922 0.113281 0.542969 0.115234 0.537109 0.115234 0.535156 0.117188 0.533203 0.115234 0.529297 0.115234 0.527344 0.117188 0.525391 0.117188 0.523438 0.119141 0.519531 0.119141 0.517578 0.121094 0.519531 0.123047 0.519531 0.125000 0.523438 0.128906 0.525391 0.128906 0.527344 0.130859 0.535156 0.130859 0.537109 0.132812 0.541016 0.132812 0.544922 0.136719 0.544922 0.142578 0.542969 0.144531 0.542969 0.146484 0.541016 0.148438 0.539062 0.148438 0.537109 0.146484 0.529297 0.146484 0.527344 0.148438 0.525391 0.148438 0.523438 0.150391 0.523438 0.152344 0.521484 0.154297 0.517578 0.154297 0.517578 0.156250 0.515625 0.158203 0.513672 0.158203 0.511719 0.156250 0.509766 0.156250 0.501953 0.148438 0.501953 0.130859 0.500000 0.130859 0.498047 0.128906 0.498047 0.126953 0.496094 0.125000 0.496094 0.119141 0.498047 0.117188 0.498047 0.111328 0.496094 0.109375 0.494141 0.109375 0.488281 0.103516 0.488281 0.101562 0.486328 0.099609 0.486328 0.097656 0.484375 0.095703 0.484375 0.091797 0.482422 0.089844 0.482422 0.082031 0.484375 0.080078 0.484375 0.072266 0.488281 0.068359 0.490234 0.068359 0.492188 0.066406 0.494141 0.066406 0.496094 0.064453 0.498047 0.064453 0.501953 0.060547 0.505859 0.060547 0.509766 0.056641 0.509766 0.054688 0.511719 0.052734 0.511719 0.050781 0.513672 0.048828 0.513672 0.046875 0.517578 0.042969 0.517578 0.037109 0.521484 0.033203 0.521484 0.029297 0.527344 0.023438 0.527344 0.021484 0.531250 0.017578 0.537109 0.017578 0.539062 0.015625 0.542969 0.015625 0.544922 0.017578 0.548828 0.017578 0.554688 0.023438 0.558594 0.023438 0.560547 0.021484 0.566406 0.021484 0.566406 0.011719 0.562500 0.011719 0.560547 0.009766 0.560547 0.005859 0.558594 0.003906 0.558594 0.001953 0.556641 0.000000 0.527344 0.000000 0.525391 0.001953 0.523438 0.001953 0.513672 0.011719 0.511719 0.011719 0.509766 0.009766 0.505859 0.009766 0.501953 0.013672 0.498047 0.013672 0.496094 0.015625 0.496094 0.017578 0.494141 0.019531 0.492188 0.019531 0.492188 0.021484 0.488281 0.025391 0.488281 0.029297 0.486328 0.031250 0.486328 0.033203 0.482422 0.037109 0.478516 0.037109 0.474609 0.033203 0.474609 0.031250 0.472656 0.029297 0.470703 0.029297 0.468750 0.027344 0.455078 0.027344 0.451172 0.031250 0.443359 0.031250 0.439453 0.035156 0.437500 0.035156 0.435547 0.037109 0.433594 0.037109 0.433594 0.058594 0.435547 0.060547 0.435547 0.062500 0.439453 0.066406 0.439453 0.068359 0.437500 0.070312 0.435547 0.070312 0.433594 0.068359 0.433594 0.066406 0.427734 0.066406 0.419922 0.058594 0.419922 0.056641 0.417969 0.054688 0.417969 0.052734 0.416016 0.050781 0.412109 0.050781 0.408203 0.046875 0.408203 0.041016 0.410156 0.039062 0.421875 0.039062 0.421875 0.017578 0.417969 0.013672 0.416016 0.013672 0.414062 0.011719 0.400391 0.011719 0.394531 0.017578 0.392578 0.015625 0.394531 0.017578 0.390625 0.021484 0.388672 0.021484 0.386719 0.019531 0.386719 0.011719 0.384766 0.009766 0.384766 0.007812 0.382812 0.005859 0.382812 0.003906 0.380859 0.003906 0.378906 0.001953 0.378906 0.000000