0 0.632812 0.949219 0.628906 0.953125 0.628906 0.955078 0.625000 0.958984 0.623047 0.958984 0.623047 0.964844 0.621094 0.966797 0.615234 0.966797 0.613281 0.968750 0.613281 0.974609 0.623047 0.974609 0.623047 0.970703 0.625000 0.968750 0.626953 0.968750 0.630859 0.972656 0.638672 0.972656 0.640625 0.970703 0.642578 0.972656 0.642578 0.976562 0.646484 0.980469 0.648438 0.980469 0.650391 0.982422 0.658203 0.982422 0.660156 0.980469 0.662109 0.980469 0.662109 0.972656 0.660156 0.970703 0.660156 0.966797 0.658203 0.966797 0.656250 0.964844 0.656250 0.960938 0.654297 0.958984 0.652344 0.958984 0.650391 0.957031 0.650391 0.955078 0.646484 0.955078 0.640625 0.949219
0 0.113281 0.916016 0.109375 0.919922 0.099609 0.919922 0.097656 0.921875 0.082031 0.921875 0.076172 0.927734 0.074219 0.927734 0.074219 0.937500 0.078125 0.941406 0.078125 0.943359 0.076172 0.945312 0.074219 0.945312 0.072266 0.943359 0.064453 0.943359 0.062500 0.941406 0.042969 0.941406 0.042969 0.951172 0.044922 0.953125 0.042969 0.955078 0.027344 0.955078 0.027344 0.966797 0.029297 0.968750 0.031250 0.968750 0.035156 0.972656 0.044922 0.972656 0.046875 0.974609 0.046875 0.986328 0.050781 0.990234 0.050781 0.992188 0.115234 0.992188 0.117188 0.990234 0.117188 0.988281 0.119141 0.986328 0.119141 0.982422 0.121094 0.980469 0.121094 0.978516 0.125000 0.974609 0.126953 0.974609 0.126953 0.972656 0.128906 0.970703 0.130859 0.970703 0.130859 0.957031 0.128906 0.955078 0.130859 0.953125 0.130859 0.951172 0.132812 0.949219 0.132812 0.931641 0.125000 0.923828 0.125000 0.919922 0.123047 0.917969 0.123047 0.916016
0 0.615234 0.869141 0.613281 0.871094 0.601562 0.871094 0.601562 0.876953 0.611328 0.886719 0.611328 0.892578 0.615234 0.896484 0.619141 0.896484 0.621094 0.894531 0.621094 0.890625 0.623047 0.888672 0.628906 0.888672 0.634766 0.882812 0.634766 0.873047 0.630859 0.873047 0.628906 0.871094 0.628906 0.869141
0 0.078125 0.826172 0.078125 0.830078 0.074219 0.833984 0.074219 0.835938 0.072266 0.837891 0.068359 0.837891 0.066406 0.839844 0.052734 0.839844 0.052734 0.841797 0.050781 0.843750 0.048828 0.843750 0.048828 0.845703 0.046875 0.847656 0.046875 0.849609 0.044922 0.851562 0.044922 0.853516 0.042969 0.855469 0.042969 0.865234 0.044922 0.867188 0.044922 0.869141 0.046875 0.869141 0.052734 0.875000 0.052734 0.878906 0.056641 0.882812 0.056641 0.890625 0.060547 0.894531 0.062500 0.894531 0.066406 0.898438 0.068359 0.898438 0.070312 0.900391 0.072266 0.900391 0.074219 0.902344 0.074219 0.904297 0.076172 0.906250 0.076172 0.908203 0.078125 0.908203 0.080078 0.910156 0.085938 0.910156 0.087891 0.908203 0.089844 0.908203 0.091797 0.910156 0.093750 0.908203 0.095703 0.910156 0.097656 0.910156 0.099609 0.912109 0.111328 0.912109 0.115234 0.908203 0.121094 0.908203 0.123047 0.906250 0.123047 0.904297 0.125000 0.902344 0.125000 0.900391 0.126953 0.898438 0.132812 0.904297 0.134766 0.904297 0.136719 0.906250 0.136719 0.908203 0.144531 0.908203 0.144531 0.896484 0.138672 0.890625 0.138672 0.888672 0.136719 0.888672 0.132812 0.884766 0.132812 0.876953 0.130859 0.875000 0.115234 0.875000 0.113281 0.873047 0.113281 0.871094 0.115234 0.869141 0.115234 0.855469 0.113281 0.853516 0.113281 0.851562 0.111328 0.849609 0.111328 0.847656 0.105469 0.841797 0.103516 0.841797 0.101562 0.839844 0.101562 0.837891 0.097656 0.833984 0.087891 0.833984 0.085938 0.832031 0.085938 0.826172
0 0.605469 0.408203 0.599609 0.414062 0.599609 0.416016 0.597656 0.417969 0.597656 0.425781 0.601562 0.425781 0.603516 0.427734 0.603516 0.429688 0.607422 0.429688 0.609375 0.431641 0.611328 0.431641 0.613281 0.433594 0.609375 0.437500 0.609375 0.439453 0.605469 0.443359 0.603516 0.443359 0.603516 0.453125 0.619141 0.453125 0.621094 0.451172 0.623047 0.451172 0.626953 0.447266 0.626953 0.441406 0.625000 0.439453 0.625000 0.419922 0.623047 0.417969 0.623047 0.416016 0.617188 0.410156 0.609375 0.410156 0.607422 0.408203
0 0.550781 0.404297 0.548828 0.406250 0.548828 0.410156 0.546875 0.412109 0.544922 0.412109 0.542969 0.414062 0.541016 0.414062 0.539062 0.416016 0.539062 0.429688 0.546875 0.429688 0.546875 0.427734 0.548828 0.425781 0.548828 0.423828 0.550781 0.421875 0.552734 0.423828 0.558594 0.423828 0.560547 0.425781 0.568359 0.425781 0.570312 0.423828 0.572266 0.423828 0.570312 0.421875 0.570312 0.417969 0.568359 0.416016 0.568359 0.414062 0.566406 0.412109 0.566406 0.408203 0.564453 0.406250 0.564453 0.404297
0 0.628906 0.347656 0.626953 0.349609 0.626953 0.355469 0.630859 0.359375 0.632812 0.359375 0.634766 0.361328 0.640625 0.361328 0.640625 0.357422 0.638672 0.355469 0.636719 0.355469 0.632812 0.351562 0.632812 0.347656
0 0.267578 0.332031 0.267578 0.333984 0.265625 0.335938 0.263672 0.335938 0.263672 0.337891 0.261719 0.339844 0.259766 0.337891 0.251953 0.337891 0.251953 0.345703 0.253906 0.345703 0.255859 0.347656 0.255859 0.349609 0.263672 0.349609 0.267578 0.345703 0.271484 0.345703 0.275391 0.341797 0.275391 0.335938 0.273438 0.335938 0.271484 0.333984 0.271484 0.332031
0 0.000000 0.308594 0.000000 0.326172 0.001953 0.326172 0.001953 0.324219 0.005859 0.320312 0.007812 0.320312 0.009766 0.318359 0.009766 0.314453 0.003906 0.308594
0 0.470703 0.287109 0.468750 0.289062 0.468750 0.291016 0.464844 0.294922 0.464844 0.296875 0.460938 0.300781 0.460938 0.302734 0.458984 0.304688 0.457031 0.304688 0.457031 0.312500 0.460938 0.316406 0.460938 0.318359 0.462891 0.320312 0.462891 0.326172 0.474609 0.326172 0.476562 0.324219 0.478516 0.324219 0.482422 0.320312 0.482422 0.316406 0.484375 0.314453 0.484375 0.306641 0.482422 0.304688 0.482422 0.287109
0 0.613281 0.253906 0.611328 0.255859 0.609375 0.255859 0.607422 0.257812 0.607422 0.259766 0.605469 0.261719 0.605469 0.263672 0.603516 0.265625 0.601562 0.263672 0.597656 0.263672 0.591797 0.257812 0.587891 0.257812 0.585938 0.259766 0.583984 0.259766 0.580078 0.263672 0.580078 0.265625 0.578125 0.267578 0.576172 0.267578 0.574219 0.265625 0.574219 0.263672 0.572266 0.263672 0.570312 0.261719 0.566406 0.261719 0.564453 0.263672 0.562500 0.263672 0.560547 0.265625 0.560547 0.273438 0.564453 0.277344 0.576172 0.277344 0.578125 0.279297 0.582031 0.279297 0.583984 0.281250 0.585938 0.281250 0.587891 0.283203 0.587891 0.289062 0.591797 0.289062 0.593750 0.291016 0.595703 0.291016 0.597656 0.292969 0.609375 0.292969 0.609375 0.291016 0.611328 0.289062 0.621094 0.289062 0.625000 0.285156 0.625000 0.279297 0.619141 0.273438 0.621094 0.271484 0.621094 0.269531 0.623047 0.267578 0.623047 0.263672 0.621094 0.261719 0.621094 0.255859 0.619141 0.253906
0 0.533203 0.251953 0.533203 0.253906 0.531250 0.255859 0.529297 0.255859 0.527344 0.257812 0.521484 0.257812 0.519531 0.259766 0.513672 0.259766 0.511719 0.261719 0.511719 0.269531 0.529297 0.269531 0.531250 0.267578 0.531250 0.265625 0.535156 0.261719 0.537109 0.261719 0.539062 0.259766 0.539062 0.251953
0 0.511719 0.191406 0.509766 0.193359 0.507812 0.193359 0.501953 0.199219 0.500000 0.199219 0.498047 0.201172 0.498047 0.207031 0.500000 0.207031 0.503906 0.210938 0.503906 0.212891 0.505859 0.214844 0.507812 0.214844 0.509766 0.216797 0.517578 0.216797 0.519531 0.218750 0.521484 0.218750 0.525391 0.222656 0.525391 0.226562 0.527344 0.228516 0.527344 0.232422 0.537109 0.242188 0.542969 0.242188 0.544922 0.244141 0.546875 0.244141 0.548828 0.246094 0.548828 0.259766 0.552734 0.259766 0.558594 0.253906 0.562500 0.253906 0.564453 0.251953 0.566406 0.251953 0.566406 0.244141 0.568359 0.242188 0.570312 0.242188 0.570312 0.226562 0.568359 0.226562 0.562500 0.220703 0.560547 0.220703 0.558594 0.218750 0.558594 0.216797 0.554688 0.212891 0.554688 0.208984 0.544922 0.208984 0.542969 0.207031 0.541016 0.207031 0.539062 0.205078 0.539062 0.203125 0.535156 0.199219 0.535156 0.197266 0.529297 0.197266 0.527344 0.195312 0.527344 0.193359 0.525391 0.193359 0.523438 0.191406
0 0.710938 0.087891 0.708984 0.089844 0.708984 0.093750 0.710938 0.095703 0.718750 0.095703 0.720703 0.093750 0.720703 0.087891
0 0.019531 0.087891 0.017578 0.089844 0.015625 0.089844 0.013672 0.091797 0.011719 0.091797 0.009766 0.093750 0.011719 0.095703 0.003906 0.103516 0.003906 0.107422 0.001953 0.109375 0.000000 0.109375 0.000000 0.289062 0.017578 0.289062 0.017578 0.285156 0.019531 0.283203 0.021484 0.285156 0.031250 0.285156 0.033203 0.287109 0.039062 0.287109 0.041016 0.289062 0.048828 0.289062 0.052734 0.285156 0.054688 0.285156 0.054688 0.283203 0.056641 0.281250 0.056641 0.279297 0.058594 0.277344 0.058594 0.275391 0.060547 0.273438 0.060547 0.271484 0.064453 0.267578 0.074219 0.267578 0.076172 0.265625 0.080078 0.265625 0.083984 0.261719 0.083984 0.255859 0.085938 0.253906 0.085938 0.250000 0.089844 0.246094 0.091797 0.246094 0.093750 0.244141 0.095703 0.244141 0.101562 0.238281 0.101562 0.236328 0.103516 0.234375 0.105469 0.234375 0.105469 0.199219 0.103516 0.199219 0.101562 0.197266 0.101562 0.185547 0.099609 0.183594 0.099609 0.162109 0.097656 0.160156 0.097656 0.158203 0.095703 0.156250 0.095703 0.154297 0.091797 0.150391 0.091797 0.146484 0.089844 0.144531 0.089844 0.142578 0.087891 0.140625 0.087891 0.138672 0.085938 0.138672 0.078125 0.130859 0.070312 0.130859 0.068359 0.128906 0.062500 0.128906 0.056641 0.123047 0.056641 0.121094 0.054688 0.121094 0.048828 0.115234 0.046875 0.115234 0.044922 0.113281 0.044922 0.111328 0.039062 0.105469 0.039062 0.103516 0.035156 0.099609 0.035156 0.097656 0.031250 0.093750 0.033203 0.091797 0.031250 0.091797 0.029297 0.089844 0.029297 0.087891
0 0.642578 0.054688 0.640625 0.056641 0.634766 0.056641 0.634766 0.058594 0.628906 0.064453 0.626953 0.064453 0.626953 0.072266 0.625000 0.074219 0.623047 0.072266 0.623047 0.074219 0.621094 0.076172 0.619141 0.076172 0.619141 0.093750 0.621094 0.093750 0.623047 0.095703 0.623047 0.097656 0.640625 0.097656 0.640625 0.095703 0.642578 0.093750 0.644531 0.093750 0.644531 0.091797 0.646484 0.089844 0.648438 0.089844 0.650391 0.087891 0.652344 0.087891 0.654297 0.085938 0.656250 0.085938 0.656250 0.080078 0.654297 0.080078 0.652344 0.078125 0.652344 0.060547 0.650391 0.058594 0.650391 0.054688
0 0.861328 0.000000 0.863281 0.000000 0.865234 0.001953 0.865234 0.003906 0.867188 0.003906 0.869141 0.005859 0.869141 0.007812 0.871094 0.007812 0.873047 0.009766 0.873047 0.011719 0.878906 0.011719 0.880859 0.013672 0.880859 0.015625 0.882812 0.015625 0.884766 0.017578 0.884766 0.042969 0.882812 0.044922 0.873047 0.044922 0.871094 0.042969 0.855469 0.042969 0.853516 0.044922 0.845703 0.044922 0.845703 0.046875 0.843750 0.048828 0.841797 0.048828 0.841797 0.050781 0.839844 0.052734 0.837891 0.052734 0.837891 0.058594 0.843750 0.058594 0.845703 0.056641 0.849609 0.060547 0.845703 0.064453 0.845703 0.066406 0.841797 0.070312 0.839844 0.070312 0.837891 0.072266 0.835938 0.070312 0.832031 0.070312 0.830078 0.068359 0.822266 0.068359 0.822266 0.070312 0.820312 0.072266 0.818359 0.072266 0.818359 0.078125 0.816406 0.080078 0.814453 0.080078 0.814453 0.083984 0.806641 0.091797 0.802734 0.091797 0.802734 0.093750 0.800781 0.095703 0.798828 0.095703 0.796875 0.097656 0.794922 0.095703 0.787109 0.095703 0.785156 0.097656 0.777344 0.097656 0.775391 0.095703 0.767578 0.095703 0.767578 0.101562 0.775391 0.109375 0.775391 0.113281 0.767578 0.121094 0.767578 0.123047 0.765625 0.125000 0.765625 0.126953 0.761719 0.130859 0.761719 0.132812 0.759766 0.134766 0.746094 0.134766 0.744141 0.132812 0.744141 0.130859 0.738281 0.125000 0.718750 0.125000 0.714844 0.128906 0.712891 0.126953 0.712891 0.125000 0.710938 0.125000 0.708984 0.123047 0.707031 0.123047 0.703125 0.119141 0.701172 0.119141 0.699219 0.117188 0.697266 0.117188 0.691406 0.111328 0.689453 0.111328 0.687500 0.109375 0.687500 0.107422 0.689453 0.105469 0.695312 0.105469 0.697266 0.103516 0.697266 0.099609 0.693359 0.095703 0.689453 0.095703 0.687500 0.097656 0.685547 0.097656 0.683594 0.099609 0.679688 0.099609 0.675781 0.103516 0.675781 0.105469 0.669922 0.111328 0.669922 0.121094 0.667969 0.123047 0.666016 0.123047 0.666016 0.125000 0.664062 0.126953 0.662109 0.126953 0.662109 0.128906 0.660156 0.130859 0.658203 0.130859 0.658203 0.132812 0.656250 0.134766 0.654297 0.134766 0.654297 0.148438 0.652344 0.150391 0.652344 0.152344 0.650391 0.154297 0.650391 0.156250 0.652344 0.158203 0.652344 0.160156 0.650391 0.162109 0.650391 0.183594 0.652344 0.183594 0.656250 0.187500 0.662109 0.187500 0.664062 0.185547 0.666016 0.187500 0.667969 0.187500 0.669922 0.189453 0.669922 0.199219 0.675781 0.199219 0.677734 0.201172 0.677734 0.203125 0.679688 0.203125 0.681641 0.205078 0.681641 0.214844 0.687500 0.214844 0.689453 0.216797 0.689453 0.220703 0.687500 0.222656 0.685547 0.222656 0.683594 0.220703 0.673828 0.220703 0.673828 0.222656 0.671875 0.224609 0.671875 0.226562 0.669922 0.228516 0.669922 0.248047 0.666016 0.251953 0.667969 0.253906 0.667969 0.255859 0.669922 0.255859 0.673828 0.259766 0.673828 0.261719 0.671875 0.263672 0.671875 0.273438 0.669922 0.275391 0.669922 0.277344 0.666016 0.281250 0.664062 0.281250 0.664062 0.287109 0.671875 0.294922 0.673828 0.294922 0.679688 0.300781 0.679688 0.310547 0.683594 0.310547 0.683594 0.308594 0.685547 0.306641 0.685547 0.296875 0.687500 0.294922 0.689453 0.294922 0.691406 0.296875 0.695312 0.296875 0.697266 0.298828 0.697266 0.300781 0.699219 0.300781 0.712891 0.314453 0.712891 0.316406 0.712891 0.312500 0.714844 0.310547 0.716797 0.310547 0.718750 0.308594 0.720703 0.308594 0.722656 0.310547 0.722656 0.316406 0.724609 0.318359 0.724609 0.322266 0.730469 0.328125 0.730469 0.332031 0.732422 0.333984 0.732422 0.335938 0.734375 0.337891 0.734375 0.349609 0.730469 0.353516 0.722656 0.353516 0.718750 0.349609 0.718750 0.347656 0.716797 0.347656 0.714844 0.345703 0.710938 0.349609 0.703125 0.349609 0.701172 0.347656 0.693359 0.347656 0.691406 0.345703 0.691406 0.339844 0.689453 0.339844 0.687500 0.337891 0.689453 0.335938 0.691406 0.335938 0.693359 0.333984 0.695312 0.333984 0.699219 0.330078 0.699219 0.328125 0.697266 0.326172 0.695312 0.326172 0.693359 0.324219 0.693359 0.322266 0.691406 0.322266 0.689453 0.320312 0.683594 0.320312 0.681641 0.322266 0.679688 0.322266 0.673828 0.328125 0.666016 0.328125 0.658203 0.335938 0.656250 0.335938 0.654297 0.333984 0.646484 0.333984 0.646484 0.339844 0.652344 0.345703 0.652344 0.347656 0.664062 0.347656 0.666016 0.349609 0.667969 0.349609 0.669922 0.351562 0.675781 0.351562 0.679688 0.347656 0.681641 0.347656 0.683594 0.349609 0.683594 0.355469 0.689453 0.361328 0.677734 0.373047 0.677734 0.380859 0.679688 0.380859 0.681641 0.382812 0.683594 0.382812 0.685547 0.384766 0.685547 0.386719 0.687500 0.386719 0.689453 0.388672 0.689453 0.398438 0.699219 0.398438 0.701172 0.400391 0.701172 0.404297 0.697266 0.408203 0.693359 0.408203 0.691406 0.410156 0.689453 0.410156 0.687500 0.412109 0.683594 0.412109 0.681641 0.410156 0.673828 0.410156 0.671875 0.412109 0.671875 0.416016 0.673828 0.417969 0.675781 0.417969 0.681641 0.423828 0.681641 0.429688 0.679688 0.431641 0.677734 0.431641 0.675781 0.433594 0.673828 0.433594 0.671875 0.431641 0.669922 0.431641 0.669922 0.433594 0.664062 0.439453 0.654297 0.439453 0.652344 0.441406 0.650391 0.441406 0.648438 0.443359 0.646484 0.443359 0.646484 0.451172 0.648438 0.453125 0.648438 0.457031 0.652344 0.460938 0.658203 0.460938 0.660156 0.462891 0.660156 0.464844 0.662109 0.466797 0.662109 0.468750 0.664062 0.470703 0.664062 0.472656 0.666016 0.474609 0.666016 0.480469 0.664062 0.482422 0.660156 0.482422 0.658203 0.484375 0.658203 0.500000 0.656250 0.501953 0.654297 0.501953 0.652344 0.500000 0.652344 0.498047 0.650391 0.498047 0.648438 0.496094 0.648438 0.494141 0.642578 0.494141 0.642578 0.496094 0.640625 0.498047 0.638672 0.498047 0.638672 0.503906 0.636719 0.505859 0.634766 0.505859 0.634766 0.509766 0.632812 0.511719 0.630859 0.511719 0.626953 0.515625 0.626953 0.519531 0.625000 0.521484 0.623047 0.521484 0.623047 0.531250 0.621094 0.533203 0.619141 0.533203 0.619141 0.542969 0.621094 0.542969 0.623047 0.544922 0.623047 0.552734 0.619141 0.556641 0.603516 0.556641 0.603516 0.564453 0.605469 0.566406 0.605469 0.568359 0.607422 0.570312 0.607422 0.572266 0.609375 0.572266 0.611328 0.574219 0.611328 0.576172 0.613281 0.578125 0.613281 0.585938 0.609375 0.589844 0.609375 0.613281 0.611328 0.615234 0.611328 0.636719 0.613281 0.638672 0.613281 0.642578 0.615234 0.644531 0.615234 0.648438 0.621094 0.654297 0.621094 0.658203 0.623047 0.660156 0.623047 0.664062 0.626953 0.667969 0.626953 0.669922 0.628906 0.671875 0.638672 0.671875 0.640625 0.669922 0.646484 0.669922 0.648438 0.667969 0.654297 0.667969 0.656250 0.669922 0.660156 0.669922 0.660156 0.662109 0.658203 0.660156 0.658203 0.644531 0.660156 0.642578 0.660156 0.630859 0.656250 0.626953 0.654297 0.626953 0.652344 0.625000 0.648438 0.625000 0.644531 0.621094 0.644531 0.609375 0.646484 0.607422 0.646484 0.605469 0.650391 0.601562 0.658203 0.601562 0.660156 0.599609 0.666016 0.599609 0.667969 0.601562 0.671875 0.601562 0.669922 0.599609 0.669922 0.595703 0.667969 0.593750 0.667969 0.583984 0.669922 0.582031 0.669922 0.580078 0.677734 0.572266 0.677734 0.564453 0.681641 0.560547 0.685547 0.560547 0.689453 0.556641 0.689453 0.548828 0.691406 0.546875 0.697266 0.546875 0.699219 0.548828 0.699219 0.550781 0.701172 0.552734 0.703125 0.552734 0.705078 0.554688 0.707031 0.554688 0.708984 0.556641 0.710938 0.556641 0.712891 0.558594 0.712891 0.562500 0.708984 0.566406 0.703125 0.566406 0.703125 0.576172 0.705078 0.578125 0.705078 0.580078 0.707031 0.582031 0.707031 0.585938 0.705078 0.587891 0.705078 0.589844 0.703125 0.591797 0.703125 0.593750 0.701172 0.595703 0.697266 0.595703 0.683594 0.609375 0.683594 0.613281 0.685547 0.613281 0.687500 0.615234 0.691406 0.615234 0.693359 0.617188 0.693359 0.625000 0.687500 0.630859 0.681641 0.630859 0.679688 0.632812 0.677734 0.630859 0.677734 0.638672 0.675781 0.640625 0.675781 0.642578 0.673828 0.644531 0.673828 0.650391 0.671875 0.652344 0.666016 0.652344 0.666016 0.656250 0.667969 0.658203 0.667969 0.664062 0.669922 0.664062 0.671875 0.666016 0.671875 0.679688 0.679688 0.679688 0.679688 0.677734 0.681641 0.675781 0.683594 0.675781 0.689453 0.681641 0.689453 0.689453 0.691406 0.689453 0.693359 0.691406 0.695312 0.691406 0.697266 0.693359 0.699219 0.693359 0.701172 0.695312 0.707031 0.695312 0.707031 0.693359 0.708984 0.691406 0.718750 0.691406 0.720703 0.693359 0.720703 0.695312 0.722656 0.697266 0.724609 0.697266 0.726562 0.699219 0.734375 0.699219 0.738281 0.703125 0.742188 0.703125 0.744141 0.705078 0.744141 0.707031 0.750000 0.707031 0.751953 0.708984 0.751953 0.710938 0.761719 0.710938 0.761719 0.705078 0.763672 0.703125 0.765625 0.703125 0.765625 0.701172 0.767578 0.699219 0.773438 0.699219 0.775391 0.701172 0.775391 0.705078 0.771484 0.708984 0.771484 0.712891 0.769531 0.714844 0.771484 0.716797 0.771484 0.718750 0.769531 0.720703 0.763672 0.720703 0.761719 0.722656 0.759766 0.722656 0.757812 0.724609 0.755859 0.724609 0.755859 0.730469 0.753906 0.732422 0.746094 0.732422 0.746094 0.734375 0.744141 0.736328 0.742188 0.734375 0.742188 0.730469 0.744141 0.728516 0.746094 0.728516 0.746094 0.720703 0.744141 0.718750 0.744141 0.716797 0.742188 0.716797 0.740234 0.714844 0.740234 0.712891 0.740234 0.714844 0.738281 0.716797 0.736328 0.716797 0.736328 0.718750 0.734375 0.720703 0.734375 0.724609 0.732422 0.726562 0.732422 0.728516 0.724609 0.736328 0.724609 0.742188 0.726562 0.742188 0.728516 0.744141 0.728516 0.761719 0.732422 0.765625 0.732422 0.769531 0.736328 0.769531 0.738281 0.771484 0.736328 0.773438 0.736328 0.777344 0.734375 0.779297 0.734375 0.781250 0.732422 0.783203 0.732422 0.785156 0.730469 0.787109 0.728516 0.787109 0.728516 0.789062 0.726562 0.791016 0.705078 0.791016 0.703125 0.792969 0.699219 0.792969 0.697266 0.794922 0.693359 0.794922 0.691406 0.796875 0.689453 0.796875 0.689453 0.800781 0.687500 0.802734 0.687500 0.806641 0.677734 0.816406 0.675781 0.816406 0.664062 0.828125 0.664062 0.839844 0.666016 0.841797 0.666016 0.843750 0.667969 0.845703 0.667969 0.847656 0.671875 0.851562 0.695312 0.851562 0.697266 0.853516 0.699219 0.853516 0.701172 0.855469 0.701172 0.867188 0.699219 0.869141 0.699219 0.871094 0.697266 0.873047 0.695312 0.873047 0.695312 0.875000 0.689453 0.880859 0.689453 0.892578 0.701172 0.892578 0.703125 0.890625 0.714844 0.890625 0.718750 0.886719 0.718750 0.884766 0.720703 0.882812 0.720703 0.880859 0.722656 0.878906 0.722656 0.875000 0.724609 0.873047 0.724609 0.871094 0.726562 0.869141 0.726562 0.865234 0.728516 0.863281 0.738281 0.863281 0.740234 0.865234 0.740234 0.867188 0.742188 0.867188 0.744141 0.869141 0.759766 0.869141 0.763672 0.873047 0.763672 0.886719 0.759766 0.890625 0.761719 0.890625 0.763672 0.892578 0.769531 0.892578 0.771484 0.894531 0.771484 0.906250 0.767578 0.910156 0.755859 0.910156 0.753906 0.912109 0.751953 0.912109 0.751953 0.921875 0.753906 0.923828 0.753906 0.929688 0.751953 0.931641 0.751953 0.939453 0.753906 0.941406 0.753906 0.943359 0.755859 0.945312 0.761719 0.945312 0.763672 0.947266 0.765625 0.947266 0.769531 0.951172 0.769531 0.955078 0.771484 0.957031 0.771484 0.958984 0.773438 0.958984 0.775391 0.960938 0.783203 0.960938 0.787109 0.964844 0.791016 0.964844 0.794922 0.968750 0.802734 0.968750 0.802734 0.966797 0.804688 0.964844 0.806641 0.964844 0.808594 0.962891 0.808594 0.960938 0.812500 0.957031 0.814453 0.957031 0.820312 0.951172 0.822266 0.951172 0.824219 0.949219 0.826172 0.949219 0.830078 0.945312 0.832031 0.945312 0.837891 0.939453 0.837891 0.937500 0.845703 0.929688 0.851562 0.929688 0.851562 0.923828 0.853516 0.921875 0.855469 0.923828 0.859375 0.923828 0.863281 0.919922 0.865234 0.919922 0.867188 0.917969 0.869141 0.917969 0.871094 0.916016 0.871094 0.910156 0.869141 0.908203 0.869141 0.904297 0.867188 0.904297 0.865234 0.902344 0.865234 0.900391 0.863281 0.898438 0.863281 0.888672 0.865234 0.886719 0.867188 0.886719 0.867188 0.878906 0.869141 0.876953 0.876953 0.876953 0.878906 0.878906 0.880859 0.878906 0.882812 0.880859 0.884766 0.880859 0.886719 0.882812 0.888672 0.882812 0.892578 0.886719 0.900391 0.886719 0.906250 0.892578 0.906250 0.896484 0.904297 0.898438 0.902344 0.896484 0.900391 0.898438 0.898438 0.896484 0.896484 0.896484 0.894531 0.898438 0.890625 0.898438 0.888672 0.896484 0.886719 0.896484 0.884766 0.894531 0.878906 0.894531 0.878906 0.914062 0.880859 0.916016 0.880859 0.921875 0.884766 0.921875 0.886719 0.919922 0.894531 0.919922 0.902344 0.927734 0.900391 0.929688 0.900391 0.941406 0.902344 0.943359 0.902344 0.945312 0.906250 0.949219 0.906250 0.955078 0.908203 0.957031 0.908203 0.958984 0.910156 0.960938 0.910156 0.970703 0.912109 0.972656 0.912109 0.974609 0.914062 0.976562 0.914062 0.978516 0.912109 0.980469 0.912109 0.982422 0.908203 0.986328 0.896484 0.986328 0.894531 0.988281 0.892578 0.986328 0.878906 0.986328 0.878906 0.992188 0.992188 0.992188 0.992188 0.406250 0.990234 0.406250 0.988281 0.404297 0.988281 0.400391 0.986328 0.400391 0.984375 0.398438 0.986328 0.396484 0.984375 0.394531 0.984375 0.392578 0.982422 0.392578 0.980469 0.390625 0.980469 0.388672 0.978516 0.388672 0.972656 0.382812 0.972656 0.376953 0.970703 0.376953 0.968750 0.375000 0.968750 0.371094 0.966797 0.369141 0.968750 0.367188 0.968750 0.363281 0.970703 0.361328 0.970703 0.355469 0.972656 0.353516 0.968750 0.349609 0.968750 0.343750 0.960938 0.343750 0.958984 0.345703 0.957031 0.345703 0.953125 0.349609 0.951172 0.347656 0.945312 0.347656 0.939453 0.341797 0.935547 0.341797 0.935547 0.343750 0.933594 0.345703 0.931641 0.345703 0.929688 0.343750 0.929688 0.333984 0.931641 0.332031 0.933594 0.332031 0.933594 0.330078 0.935547 0.328125 0.941406 0.328125 0.941406 0.318359 0.943359 0.316406 0.953125 0.316406 0.953125 0.314453 0.955078 0.312500 0.968750 0.312500 0.970703 0.314453 0.972656 0.312500 0.972656 0.310547 0.974609 0.308594 0.974609 0.306641 0.978516 0.302734 0.978516 0.289062 0.982422 0.285156 0.992188 0.285156 0.992188 0.000000 0.982422 0.000000 0.982422 0.003906 0.980469 0.005859 0.970703 0.005859 0.968750 0.003906 0.968750 0.001953 0.962891 0.001953 0.960938 0.000000 0.955078 0.000000 0.953125 0.001953 0.951172 0.001953 0.951172 0.007812 0.949219 0.009766 0.947266 0.009766 0.945312 0.007812 0.945312 0.005859 0.943359 0.007812 0.939453 0.003906 0.943359 0.000000
0 0.515625 0.000000 0.515625 0.001953 0.519531 0.005859 0.521484 0.005859 0.525391 0.009766 0.535156 0.009766 0.535156 0.007812 0.537109 0.005859 0.537109 0.000000