0 0.873047 0.945312 0.873047 0.953125 0.871094 0.955078 0.869141 0.955078 0.869141 0.958984 0.867188 0.960938 0.865234 0.960938 0.865234 0.964844 0.863281 0.966797 0.861328 0.966797 0.861328 0.970703 0.859375 0.972656 0.859375 0.976562 0.857422 0.978516 0.857422 0.980469 0.855469 0.982422 0.855469 0.992188 0.865234 0.992188 0.869141 0.988281 0.871094 0.988281 0.871094 0.972656 0.873047 0.970703 0.875000 0.970703 0.875000 0.966797 0.876953 0.964844 0.880859 0.964844 0.880859 0.962891 0.882812 0.960938 0.882812 0.945312
0 0.666016 0.935547 0.666016 0.937500 0.664062 0.939453 0.660156 0.939453 0.660156 0.943359 0.658203 0.945312 0.652344 0.945312 0.652344 0.951172 0.650391 0.953125 0.646484 0.953125 0.644531 0.955078 0.636719 0.955078 0.636719 0.960938 0.634766 0.962891 0.619141 0.962891 0.617188 0.964844 0.617188 0.966797 0.615234 0.968750 0.613281 0.968750 0.613281 0.982422 0.623047 0.982422 0.623047 0.976562 0.625000 0.974609 0.626953 0.974609 0.628906 0.972656 0.638672 0.972656 0.638672 0.966797 0.640625 0.964844 0.646484 0.964844 0.648438 0.962891 0.656250 0.962891 0.656250 0.957031 0.658203 0.955078 0.662109 0.955078 0.662109 0.951172 0.664062 0.949219 0.675781 0.949219 0.675781 0.935547
0 0.423828 0.878906 0.423828 0.892578 0.425781 0.894531 0.425781 0.902344 0.427734 0.902344 0.429688 0.904297 0.429688 0.917969 0.435547 0.917969 0.437500 0.919922 0.437500 0.929688 0.441406 0.929688 0.443359 0.931641 0.443359 0.935547 0.445312 0.935547 0.447266 0.937500 0.447266 0.941406 0.449219 0.943359 0.449219 0.951172 0.451172 0.951172 0.453125 0.953125 0.453125 0.974609 0.462891 0.974609 0.462891 0.949219 0.460938 0.949219 0.458984 0.947266 0.458984 0.941406 0.457031 0.939453 0.457031 0.931641 0.455078 0.931641 0.453125 0.929688 0.453125 0.925781 0.449219 0.925781 0.447266 0.923828 0.447266 0.919922 0.441406 0.919922 0.439453 0.917969 0.439453 0.898438 0.437500 0.898438 0.435547 0.896484 0.435547 0.888672 0.433594 0.886719 0.433594 0.878906
0 0.267578 0.845703 0.267578 0.855469 0.271484 0.855469 0.273438 0.857422 0.273438 0.861328 0.281250 0.861328 0.283203 0.863281 0.283203 0.869141 0.289062 0.869141 0.291016 0.871094 0.291016 0.875000 0.304688 0.875000 0.306641 0.876953 0.306641 0.878906 0.316406 0.878906 0.316406 0.869141 0.312500 0.869141 0.310547 0.867188 0.310547 0.865234 0.302734 0.865234 0.300781 0.863281 0.300781 0.859375 0.289062 0.859375 0.287109 0.857422 0.287109 0.851562 0.285156 0.851562 0.283203 0.849609 0.279297 0.849609 0.277344 0.847656 0.277344 0.845703
0 0.646484 0.775391 0.646484 0.814453 0.644531 0.816406 0.638672 0.816406 0.638672 0.832031 0.648438 0.832031 0.648438 0.818359 0.650391 0.816406 0.656250 0.816406 0.656250 0.775391
0 0.662109 0.732422 0.662109 0.753906 0.660156 0.755859 0.656250 0.755859 0.656250 0.759766 0.654297 0.761719 0.650391 0.761719 0.650391 0.771484 0.660156 0.771484 0.660156 0.767578 0.662109 0.765625 0.666016 0.765625 0.666016 0.757812 0.667969 0.755859 0.671875 0.755859 0.671875 0.732422
0 0.939453 0.699219 0.939453 0.708984 0.937500 0.710938 0.935547 0.710938 0.935547 0.751953 0.945312 0.751953 0.945312 0.716797 0.947266 0.714844 0.949219 0.714844 0.949219 0.699219
0 0.818359 0.681641 0.818359 0.716797 0.820312 0.718750 0.820312 0.730469 0.816406 0.734375 0.814453 0.732422 0.814453 0.730469 0.812500 0.728516 0.812500 0.726562 0.810547 0.724609 0.791016 0.724609 0.789062 0.722656 0.789062 0.720703 0.781250 0.712891 0.781250 0.708984 0.777344 0.705078 0.777344 0.703125 0.773438 0.703125 0.773438 0.708984 0.777344 0.712891 0.777344 0.716797 0.781250 0.720703 0.781250 0.722656 0.783203 0.722656 0.785156 0.724609 0.785156 0.726562 0.787109 0.728516 0.804688 0.728516 0.810547 0.734375 0.810547 0.736328 0.812500 0.738281 0.822266 0.738281 0.822266 0.732422 0.824219 0.730469 0.824219 0.712891 0.822266 0.710938 0.822266 0.681641
0 0.507812 0.525391 0.507812 0.550781 0.511719 0.554688 0.511719 0.556641 0.515625 0.560547 0.519531 0.560547 0.521484 0.562500 0.521484 0.564453 0.525391 0.568359 0.527344 0.568359 0.531250 0.572266 0.531250 0.576172 0.533203 0.578125 0.533203 0.582031 0.537109 0.585938 0.537109 0.587891 0.539062 0.589844 0.539062 0.597656 0.544922 0.597656 0.544922 0.593750 0.542969 0.591797 0.542969 0.583984 0.541016 0.582031 0.541016 0.580078 0.539062 0.580078 0.537109 0.578125 0.537109 0.572266 0.535156 0.570312 0.535156 0.566406 0.533203 0.564453 0.531250 0.564453 0.527344 0.560547 0.523438 0.560547 0.521484 0.558594 0.521484 0.556641 0.519531 0.556641 0.517578 0.554688 0.517578 0.552734 0.515625 0.550781 0.515625 0.548828 0.513672 0.548828 0.511719 0.546875 0.511719 0.525391
0 0.507812 0.511719 0.507812 0.521484 0.511719 0.521484 0.511719 0.517578 0.513672 0.515625 0.521484 0.515625 0.521484 0.511719
0 0.357422 0.464844 0.357422 0.472656 0.359375 0.474609 0.365234 0.474609 0.367188 0.476562 0.369141 0.476562 0.371094 0.478516 0.373047 0.478516 0.375000 0.480469 0.375000 0.482422 0.376953 0.484375 0.376953 0.486328 0.378906 0.486328 0.380859 0.488281 0.380859 0.490234 0.390625 0.490234 0.392578 0.492188 0.396484 0.492188 0.398438 0.494141 0.417969 0.494141 0.419922 0.492188 0.419922 0.488281 0.416016 0.488281 0.414062 0.490234 0.402344 0.490234 0.400391 0.488281 0.394531 0.488281 0.392578 0.486328 0.390625 0.486328 0.386719 0.482422 0.386719 0.480469 0.380859 0.480469 0.378906 0.478516 0.378906 0.476562 0.375000 0.472656 0.373047 0.472656 0.371094 0.470703 0.371094 0.468750 0.367188 0.468750 0.365234 0.466797 0.363281 0.466797 0.361328 0.464844
0 0.685547 0.447266 0.685547 0.451172 0.687500 0.451172 0.689453 0.453125 0.693359 0.453125 0.695312 0.455078 0.701172 0.455078 0.708984 0.462891 0.708984 0.464844 0.710938 0.464844 0.714844 0.468750 0.714844 0.470703 0.716797 0.470703 0.718750 0.472656 0.718750 0.474609 0.724609 0.474609 0.726562 0.476562 0.728516 0.476562 0.732422 0.480469 0.734375 0.480469 0.736328 0.482422 0.738281 0.482422 0.740234 0.484375 0.740234 0.486328 0.742188 0.486328 0.744141 0.488281 0.744141 0.490234 0.746094 0.492188 0.746094 0.494141 0.750000 0.498047 0.750000 0.503906 0.751953 0.505859 0.751953 0.507812 0.753906 0.509766 0.753906 0.511719 0.759766 0.511719 0.763672 0.515625 0.765625 0.515625 0.767578 0.517578 0.771484 0.517578 0.775391 0.521484 0.779297 0.521484 0.781250 0.523438 0.775391 0.529297 0.775391 0.535156 0.771484 0.539062 0.769531 0.539062 0.767578 0.541016 0.767578 0.556641 0.771484 0.556641 0.773438 0.558594 0.773438 0.566406 0.775391 0.568359 0.775391 0.572266 0.785156 0.572266 0.787109 0.570312 0.787109 0.566406 0.789062 0.564453 0.816406 0.564453 0.816406 0.560547 0.787109 0.560547 0.785156 0.562500 0.783203 0.562500 0.783203 0.566406 0.781250 0.568359 0.779297 0.566406 0.779297 0.564453 0.777344 0.562500 0.777344 0.556641 0.775391 0.554688 0.775391 0.552734 0.773438 0.552734 0.771484 0.550781 0.771484 0.546875 0.773438 0.544922 0.773438 0.542969 0.775391 0.541016 0.777344 0.541016 0.777344 0.539062 0.779297 0.537109 0.779297 0.533203 0.785156 0.527344 0.785156 0.519531 0.783203 0.517578 0.779297 0.517578 0.775391 0.513672 0.773438 0.513672 0.771484 0.511719 0.769531 0.511719 0.765625 0.507812 0.763672 0.507812 0.761719 0.505859 0.761719 0.503906 0.759766 0.501953 0.755859 0.501953 0.753906 0.500000 0.753906 0.496094 0.751953 0.494141 0.751953 0.492188 0.750000 0.490234 0.750000 0.486328 0.748047 0.484375 0.746094 0.484375 0.742188 0.480469 0.742188 0.478516 0.738281 0.478516 0.734375 0.474609 0.732422 0.474609 0.730469 0.472656 0.728516 0.472656 0.726562 0.470703 0.722656 0.470703 0.720703 0.468750 0.720703 0.466797 0.716797 0.462891 0.714844 0.462891 0.712891 0.460938 0.712891 0.458984 0.705078 0.451172 0.699219 0.451172 0.697266 0.449219 0.693359 0.449219 0.691406 0.447266
0 0.416016 0.189453 0.416016 0.195312 0.414062 0.197266 0.410156 0.197266 0.410156 0.199219 0.408203 0.201172 0.404297 0.201172 0.404297 0.205078 0.402344 0.207031 0.390625 0.207031 0.390625 0.208984 0.388672 0.210938 0.382812 0.210938 0.382812 0.214844 0.380859 0.216797 0.380859 0.222656 0.378906 0.224609 0.369141 0.224609 0.369141 0.236328 0.378906 0.236328 0.380859 0.234375 0.382812 0.234375 0.382812 0.228516 0.384766 0.226562 0.390625 0.226562 0.390625 0.222656 0.392578 0.220703 0.400391 0.220703 0.400391 0.218750 0.402344 0.216797 0.406250 0.216797 0.406250 0.214844 0.408203 0.212891 0.414062 0.212891 0.414062 0.208984 0.416016 0.207031 0.419922 0.207031 0.419922 0.201172 0.421875 0.199219 0.425781 0.199219 0.425781 0.189453
0 0.437500 0.177734 0.437500 0.181641 0.435547 0.183594 0.429688 0.183594 0.429688 0.193359 0.443359 0.193359 0.443359 0.189453 0.445312 0.187500 0.447266 0.187500 0.447266 0.177734