0 0.304688 0.500000 0.300781 0.503906 0.296875 0.503906 0.294922 0.505859 0.294922 0.511719 0.300781 0.511719 0.306641 0.505859 0.308594 0.505859 0.310547 0.503906 0.310547 0.500000
0 0.517578 0.484375 0.517578 0.490234 0.521484 0.490234 0.521484 0.484375
0 0.300781 0.482422 0.298828 0.484375 0.294922 0.484375 0.292969 0.486328 0.285156 0.486328 0.283203 0.488281 0.281250 0.488281 0.279297 0.490234 0.279297 0.494141 0.285156 0.494141 0.287109 0.492188 0.289062 0.492188 0.291016 0.490234 0.298828 0.490234 0.300781 0.488281 0.302734 0.488281 0.304688 0.486328 0.314453 0.486328 0.316406 0.488281 0.318359 0.488281 0.320312 0.490234 0.322266 0.490234 0.328125 0.496094 0.328125 0.498047 0.330078 0.500000 0.332031 0.500000 0.335938 0.503906 0.335938 0.505859 0.337891 0.507812 0.337891 0.509766 0.333984 0.513672 0.332031 0.513672 0.330078 0.515625 0.328125 0.515625 0.326172 0.517578 0.324219 0.517578 0.322266 0.515625 0.320312 0.515625 0.318359 0.513672 0.308594 0.513672 0.300781 0.521484 0.298828 0.521484 0.294922 0.525391 0.291016 0.525391 0.289062 0.527344 0.279297 0.517578 0.279297 0.515625 0.277344 0.513672 0.277344 0.503906 0.273438 0.503906 0.273438 0.517578 0.275391 0.519531 0.275391 0.521484 0.277344 0.523438 0.277344 0.525391 0.279297 0.525391 0.285156 0.531250 0.292969 0.531250 0.294922 0.529297 0.298828 0.529297 0.300781 0.527344 0.302734 0.527344 0.312500 0.517578 0.316406 0.517578 0.320312 0.521484 0.330078 0.521484 0.332031 0.519531 0.333984 0.519531 0.335938 0.517578 0.337891 0.517578 0.341797 0.513672 0.341797 0.503906 0.339844 0.501953 0.339844 0.498047 0.337891 0.498047 0.335938 0.496094 0.333984 0.496094 0.330078 0.492188 0.330078 0.490234 0.326172 0.486328 0.324219 0.486328 0.322266 0.484375 0.320312 0.484375 0.318359 0.482422
0 0.167969 0.464844 0.167969 0.486328 0.175781 0.494141 0.183594 0.494141 0.183594 0.488281 0.173828 0.478516 0.175781 0.476562 0.175781 0.472656 0.173828 0.472656 0.171875 0.470703 0.171875 0.464844
0 0.152344 0.445312 0.152344 0.449219 0.150391 0.451172 0.150391 0.460938 0.152344 0.462891 0.152344 0.466797 0.156250 0.470703 0.156250 0.478516 0.154297 0.480469 0.154297 0.484375 0.152344 0.486328 0.152344 0.498047 0.156250 0.501953 0.156250 0.503906 0.158203 0.505859 0.158203 0.507812 0.160156 0.509766 0.162109 0.509766 0.166016 0.513672 0.195312 0.513672 0.197266 0.511719 0.205078 0.511719 0.205078 0.507812 0.203125 0.505859 0.199219 0.505859 0.197266 0.507812 0.193359 0.507812 0.191406 0.509766 0.169922 0.509766 0.166016 0.505859 0.164062 0.505859 0.162109 0.503906 0.162109 0.501953 0.160156 0.500000 0.160156 0.498047 0.158203 0.496094 0.158203 0.494141 0.156250 0.492188 0.156250 0.490234 0.158203 0.488281 0.158203 0.486328 0.160156 0.484375 0.160156 0.466797 0.156250 0.462891 0.156250 0.458984 0.154297 0.457031 0.154297 0.455078 0.156250 0.453125 0.156250 0.451172 0.158203 0.449219 0.158203 0.445312
0 0.578125 0.388672 0.578125 0.400391 0.576172 0.402344 0.576172 0.410156 0.574219 0.412109 0.574219 0.414062 0.572266 0.416016 0.572266 0.417969 0.570312 0.419922 0.568359 0.419922 0.568359 0.421875 0.566406 0.423828 0.566406 0.425781 0.564453 0.427734 0.562500 0.427734 0.562500 0.431641 0.560547 0.433594 0.558594 0.433594 0.558594 0.435547 0.556641 0.437500 0.556641 0.439453 0.554688 0.441406 0.552734 0.441406 0.552734 0.445312 0.550781 0.447266 0.548828 0.447266 0.548828 0.449219 0.546875 0.451172 0.546875 0.453125 0.542969 0.457031 0.541016 0.457031 0.541016 0.460938 0.546875 0.460938 0.548828 0.458984 0.548828 0.457031 0.550781 0.455078 0.550781 0.453125 0.552734 0.451172 0.552734 0.447266 0.554688 0.445312 0.556641 0.445312 0.556641 0.443359 0.558594 0.441406 0.560547 0.441406 0.560547 0.439453 0.562500 0.437500 0.562500 0.433594 0.564453 0.431641 0.566406 0.431641 0.566406 0.429688 0.568359 0.427734 0.570312 0.427734 0.576172 0.421875 0.576172 0.419922 0.578125 0.417969 0.578125 0.412109 0.580078 0.410156 0.580078 0.404297 0.582031 0.402344 0.582031 0.388672
0 0.578125 0.380859 0.578125 0.384766 0.582031 0.384766 0.582031 0.380859
0 0.443359 0.375000 0.443359 0.376953 0.441406 0.378906 0.439453 0.378906 0.439453 0.380859 0.437500 0.382812 0.437500 0.388672 0.441406 0.388672 0.441406 0.384766 0.443359 0.382812 0.443359 0.380859 0.445312 0.378906 0.447266 0.378906 0.447266 0.375000
0 0.445312 0.365234 0.445312 0.369141 0.449219 0.369141 0.449219 0.365234
0 0.578125 0.363281 0.578125 0.367188 0.582031 0.367188 0.582031 0.363281
0 0.640625 0.359375 0.640625 0.363281 0.642578 0.365234 0.642578 0.367188 0.640625 0.369141 0.640625 0.371094 0.638672 0.373047 0.638672 0.375000 0.636719 0.376953 0.636719 0.380859 0.634766 0.382812 0.630859 0.382812 0.630859 0.386719 0.628906 0.388672 0.626953 0.388672 0.625000 0.390625 0.625000 0.392578 0.623047 0.394531 0.623047 0.416016 0.621094 0.417969 0.619141 0.417969 0.619141 0.419922 0.617188 0.421875 0.617188 0.423828 0.615234 0.425781 0.613281 0.425781 0.613281 0.427734 0.611328 0.429688 0.607422 0.429688 0.607422 0.431641 0.605469 0.433594 0.603516 0.433594 0.603516 0.435547 0.601562 0.437500 0.599609 0.437500 0.599609 0.441406 0.597656 0.443359 0.593750 0.443359 0.593750 0.445312 0.591797 0.447266 0.591797 0.451172 0.589844 0.453125 0.589844 0.455078 0.587891 0.457031 0.587891 0.462891 0.583984 0.466797 0.583984 0.470703 0.582031 0.472656 0.582031 0.474609 0.580078 0.476562 0.580078 0.480469 0.576172 0.484375 0.576172 0.486328 0.574219 0.488281 0.572266 0.488281 0.570312 0.490234 0.568359 0.490234 0.568359 0.492188 0.562500 0.498047 0.560547 0.498047 0.556641 0.501953 0.552734 0.501953 0.552734 0.503906 0.550781 0.505859 0.548828 0.505859 0.548828 0.507812 0.546875 0.509766 0.539062 0.509766 0.539062 0.511719 0.537109 0.513672 0.535156 0.513672 0.533203 0.511719 0.531250 0.511719 0.529297 0.509766 0.525391 0.509766 0.523438 0.507812 0.523438 0.500000 0.521484 0.498047 0.521484 0.494141 0.517578 0.494141 0.517578 0.501953 0.519531 0.503906 0.519531 0.509766 0.521484 0.509766 0.523438 0.511719 0.523438 0.513672 0.527344 0.513672 0.531250 0.517578 0.539062 0.517578 0.541016 0.515625 0.542969 0.515625 0.544922 0.513672 0.550781 0.513672 0.550781 0.511719 0.552734 0.509766 0.552734 0.507812 0.554688 0.505859 0.558594 0.505859 0.560547 0.503906 0.562500 0.503906 0.566406 0.500000 0.568359 0.500000 0.570312 0.498047 0.570312 0.496094 0.574219 0.492188 0.576172 0.492188 0.576172 0.490234 0.578125 0.488281 0.580078 0.488281 0.582031 0.486328 0.582031 0.484375 0.583984 0.482422 0.583984 0.478516 0.585938 0.476562 0.587891 0.476562 0.587891 0.470703 0.591797 0.466797 0.591797 0.458984 0.593750 0.457031 0.593750 0.455078 0.595703 0.453125 0.595703 0.449219 0.597656 0.447266 0.597656 0.445312 0.599609 0.443359 0.603516 0.443359 0.603516 0.439453 0.605469 0.437500 0.607422 0.437500 0.609375 0.435547 0.611328 0.435547 0.611328 0.431641 0.613281 0.429688 0.619141 0.429688 0.619141 0.427734 0.621094 0.425781 0.621094 0.423828 0.625000 0.419922 0.626953 0.419922 0.626953 0.396484 0.630859 0.392578 0.632812 0.392578 0.632812 0.388672 0.634766 0.386719 0.634766 0.382812 0.636719 0.380859 0.640625 0.380859 0.640625 0.378906 0.642578 0.376953 0.642578 0.375000 0.646484 0.371094 0.646484 0.359375
0 0.445312 0.355469 0.445312 0.359375 0.449219 0.359375 0.449219 0.355469
0 0.578125 0.353516 0.578125 0.357422 0.582031 0.357422 0.582031 0.353516
0 0.445312 0.343750 0.445312 0.347656 0.449219 0.347656 0.449219 0.343750
0 0.447266 0.332031 0.447266 0.335938 0.451172 0.335938 0.451172 0.332031
0 0.447266 0.322266 0.447266 0.326172 0.451172 0.326172 0.451172 0.322266
0 0.449219 0.308594 0.449219 0.312500 0.453125 0.312500 0.453125 0.308594
0 0.728516 0.302734 0.728516 0.306641 0.732422 0.306641 0.732422 0.302734
0 0.451172 0.294922 0.451172 0.298828 0.455078 0.298828 0.455078 0.294922
0 0.451172 0.285156 0.451172 0.289062 0.455078 0.289062 0.455078 0.285156
0 0.806641 0.275391 0.802734 0.279297 0.800781 0.279297 0.800781 0.285156 0.798828 0.287109 0.796875 0.287109 0.796875 0.291016 0.794922 0.292969 0.792969 0.292969 0.792969 0.296875 0.791016 0.298828 0.789062 0.298828 0.789062 0.302734 0.787109 0.304688 0.787109 0.314453 0.785156 0.316406 0.785156 0.320312 0.781250 0.324219 0.779297 0.324219 0.779297 0.326172 0.777344 0.328125 0.775391 0.328125 0.771484 0.332031 0.771484 0.333984 0.767578 0.337891 0.763672 0.337891 0.759766 0.341797 0.755859 0.341797 0.751953 0.345703 0.748047 0.345703 0.744141 0.341797 0.744141 0.339844 0.742188 0.339844 0.738281 0.335938 0.738281 0.333984 0.736328 0.332031 0.734375 0.332031 0.732422 0.330078 0.732422 0.328125 0.730469 0.326172 0.730469 0.320312 0.732422 0.318359 0.732422 0.310547 0.728516 0.310547 0.728516 0.314453 0.726562 0.316406 0.726562 0.328125 0.728516 0.330078 0.728516 0.332031 0.730469 0.332031 0.732422 0.333984 0.732422 0.335938 0.736328 0.339844 0.736328 0.341797 0.738281 0.341797 0.740234 0.343750 0.740234 0.345703 0.742188 0.347656 0.744141 0.347656 0.746094 0.349609 0.755859 0.349609 0.761719 0.343750 0.765625 0.343750 0.769531 0.339844 0.773438 0.339844 0.773438 0.337891 0.779297 0.332031 0.779297 0.330078 0.781250 0.328125 0.783203 0.328125 0.785156 0.326172 0.787109 0.326172 0.787109 0.322266 0.789062 0.320312 0.789062 0.316406 0.791016 0.314453 0.791016 0.304688 0.792969 0.302734 0.792969 0.298828 0.794922 0.296875 0.796875 0.296875 0.796875 0.292969 0.798828 0.291016 0.800781 0.291016 0.800781 0.287109 0.802734 0.285156 0.804688 0.285156 0.804688 0.283203 0.806641 0.281250 0.808594 0.281250 0.810547 0.279297 0.822266 0.279297 0.822266 0.275391
0 0.457031 0.267578 0.457031 0.271484 0.455078 0.273438 0.455078 0.277344 0.458984 0.277344 0.458984 0.273438 0.460938 0.271484 0.460938 0.267578
0 0.738281 0.236328 0.738281 0.240234 0.742188 0.244141 0.744141 0.244141 0.750000 0.250000 0.753906 0.250000 0.757812 0.253906 0.757812 0.257812 0.761719 0.257812 0.763672 0.259766 0.763672 0.263672 0.769531 0.269531 0.769531 0.275391 0.767578 0.277344 0.767578 0.281250 0.765625 0.283203 0.765625 0.285156 0.763672 0.287109 0.759766 0.287109 0.759766 0.289062 0.755859 0.292969 0.755859 0.294922 0.753906 0.296875 0.744141 0.296875 0.744141 0.300781 0.755859 0.300781 0.755859 0.298828 0.757812 0.296875 0.759766 0.296875 0.761719 0.294922 0.761719 0.292969 0.763672 0.291016 0.763672 0.289062 0.765625 0.287109 0.769531 0.287109 0.769531 0.283203 0.773438 0.279297 0.773438 0.269531 0.771484 0.267578 0.771484 0.263672 0.767578 0.259766 0.767578 0.255859 0.763672 0.255859 0.759766 0.251953 0.759766 0.248047 0.755859 0.248047 0.748047 0.240234 0.746094 0.240234 0.742188 0.236328
0 0.496094 0.232422 0.494141 0.234375 0.494141 0.236328 0.492188 0.238281 0.490234 0.238281 0.490234 0.240234 0.488281 0.242188 0.486328 0.242188 0.484375 0.244141 0.482422 0.244141 0.478516 0.248047 0.476562 0.248047 0.474609 0.250000 0.466797 0.250000 0.464844 0.251953 0.462891 0.251953 0.462891 0.255859 0.460938 0.257812 0.458984 0.257812 0.458984 0.261719 0.462891 0.261719 0.462891 0.259766 0.464844 0.257812 0.466797 0.257812 0.466797 0.255859 0.468750 0.253906 0.478516 0.253906 0.482422 0.250000 0.484375 0.250000 0.488281 0.246094 0.490234 0.246094 0.490234 0.244141 0.492188 0.242188 0.494141 0.242188 0.494141 0.240234 0.496094 0.238281 0.498047 0.238281 0.500000 0.236328 0.500000 0.232422
0 0.738281 0.224609 0.738281 0.228516 0.742188 0.228516 0.742188 0.224609
0 0.501953 0.222656 0.500000 0.224609 0.498047 0.224609 0.498047 0.228516 0.501953 0.228516 0.503906 0.226562 0.505859 0.226562 0.505859 0.222656
0 0.742188 0.208984 0.742188 0.212891 0.746094 0.212891 0.746094 0.208984
0 0.519531 0.203125 0.513672 0.208984 0.513672 0.210938 0.511719 0.212891 0.509766 0.212891 0.507812 0.214844 0.507812 0.218750 0.511719 0.218750 0.513672 0.216797 0.513672 0.214844 0.515625 0.212891 0.517578 0.212891 0.523438 0.207031 0.527344 0.207031 0.529297 0.208984 0.535156 0.208984 0.537109 0.207031 0.537109 0.203125
0 0.806641 0.164062 0.806641 0.167969 0.808594 0.169922 0.810547 0.169922 0.812500 0.171875 0.812500 0.175781 0.814453 0.177734 0.818359 0.177734 0.818359 0.173828 0.816406 0.171875 0.816406 0.166016 0.812500 0.166016 0.810547 0.164062
0 0.773438 0.103516 0.773438 0.109375 0.775391 0.111328 0.775391 0.113281 0.777344 0.115234 0.777344 0.117188 0.779297 0.119141 0.779297 0.121094 0.783203 0.125000 0.783203 0.128906 0.785156 0.128906 0.787109 0.130859 0.787109 0.134766 0.789062 0.136719 0.789062 0.138672 0.791016 0.138672 0.792969 0.140625 0.792969 0.142578 0.794922 0.144531 0.794922 0.148438 0.796875 0.148438 0.798828 0.150391 0.798828 0.152344 0.800781 0.154297 0.800781 0.156250 0.804688 0.156250 0.804688 0.150391 0.802734 0.148438 0.802734 0.146484 0.800781 0.146484 0.798828 0.144531 0.798828 0.142578 0.796875 0.140625 0.796875 0.138672 0.794922 0.136719 0.794922 0.134766 0.792969 0.134766 0.791016 0.132812 0.791016 0.128906 0.789062 0.128906 0.787109 0.126953 0.787109 0.125000 0.785156 0.123047 0.785156 0.119141 0.781250 0.115234 0.781250 0.113281 0.779297 0.111328 0.779297 0.105469 0.777344 0.103516
0 0.726562 0.050781 0.726562 0.056641 0.730469 0.060547 0.730469 0.062500 0.732422 0.062500 0.734375 0.064453 0.734375 0.072266 0.736328 0.074219 0.736328 0.078125 0.738281 0.078125 0.740234 0.080078 0.740234 0.085938 0.744141 0.085938 0.746094 0.087891 0.746094 0.091797 0.753906 0.091797 0.755859 0.089844 0.757812 0.089844 0.761719 0.085938 0.765625 0.085938 0.765625 0.083984 0.767578 0.082031 0.771484 0.082031 0.773438 0.080078 0.779297 0.085938 0.783203 0.085938 0.787109 0.089844 0.789062 0.089844 0.791016 0.091797 0.791016 0.093750 0.794922 0.097656 0.794922 0.099609 0.796875 0.101562 0.798828 0.101562 0.800781 0.103516 0.800781 0.105469 0.802734 0.107422 0.802734 0.109375 0.806641 0.109375 0.808594 0.111328 0.808594 0.113281 0.810547 0.113281 0.812500 0.115234 0.812500 0.117188 0.814453 0.117188 0.816406 0.119141 0.816406 0.123047 0.818359 0.123047 0.824219 0.128906 0.824219 0.130859 0.828125 0.130859 0.832031 0.134766 0.832031 0.138672 0.833984 0.138672 0.837891 0.142578 0.837891 0.146484 0.839844 0.146484 0.843750 0.150391 0.843750 0.154297 0.845703 0.154297 0.847656 0.156250 0.847656 0.158203 0.855469 0.166016 0.855469 0.167969 0.857422 0.169922 0.859375 0.169922 0.861328 0.171875 0.861328 0.175781 0.863281 0.175781 0.865234 0.177734 0.865234 0.179688 0.867188 0.181641 0.867188 0.183594 0.869141 0.185547 0.869141 0.199219 0.865234 0.203125 0.861328 0.203125 0.861328 0.207031 0.855469 0.212891 0.855469 0.214844 0.853516 0.216797 0.847656 0.216797 0.845703 0.218750 0.816406 0.218750 0.812500 0.214844 0.810547 0.214844 0.808594 0.212891 0.808594 0.210938 0.804688 0.210938 0.802734 0.208984 0.802734 0.207031 0.800781 0.205078 0.800781 0.203125 0.798828 0.203125 0.796875 0.201172 0.794922 0.201172 0.792969 0.199219 0.792969 0.197266 0.789062 0.197266 0.789062 0.201172 0.791016 0.201172 0.792969 0.203125 0.792969 0.207031 0.796875 0.207031 0.798828 0.208984 0.798828 0.210938 0.802734 0.210938 0.804688 0.212891 0.804688 0.214844 0.802734 0.216797 0.800781 0.216797 0.800781 0.220703 0.802734 0.222656 0.847656 0.222656 0.849609 0.220703 0.857422 0.220703 0.857422 0.218750 0.865234 0.210938 0.865234 0.208984 0.867188 0.207031 0.869141 0.207031 0.871094 0.205078 0.871094 0.203125 0.873047 0.201172 0.873047 0.181641 0.869141 0.177734 0.869141 0.175781 0.867188 0.175781 0.865234 0.173828 0.865234 0.169922 0.863281 0.169922 0.861328 0.167969 0.861328 0.166016 0.857422 0.162109 0.857422 0.160156 0.851562 0.154297 0.851562 0.150391 0.847656 0.150391 0.845703 0.148438 0.845703 0.144531 0.843750 0.142578 0.841797 0.142578 0.839844 0.140625 0.839844 0.136719 0.837891 0.136719 0.833984 0.132812 0.833984 0.128906 0.830078 0.128906 0.826172 0.125000 0.826172 0.123047 0.824219 0.121094 0.822266 0.121094 0.820312 0.119141 0.820312 0.117188 0.818359 0.117188 0.816406 0.115234 0.816406 0.113281 0.814453 0.113281 0.812500 0.111328 0.812500 0.107422 0.808594 0.107422 0.804688 0.103516 0.804688 0.101562 0.802734 0.099609 0.802734 0.097656 0.800781 0.097656 0.796875 0.093750 0.796875 0.091797 0.794922 0.089844 0.792969 0.089844 0.791016 0.087891 0.791016 0.083984 0.789062 0.083984 0.787109 0.082031 0.783203 0.082031 0.779297 0.078125 0.777344 0.078125 0.775391 0.076172 0.769531 0.076172 0.767578 0.078125 0.763672 0.078125 0.763672 0.080078 0.761719 0.082031 0.757812 0.082031 0.751953 0.087891 0.748047 0.083984 0.748047 0.082031 0.746094 0.082031 0.744141 0.080078 0.744141 0.076172 0.742188 0.076172 0.738281 0.072266 0.738281 0.062500 0.736328 0.062500 0.734375 0.060547 0.734375 0.058594 0.732422 0.056641 0.732422 0.054688 0.730469 0.052734 0.730469 0.050781