0 0.978516 0.974609 0.974609 0.978516 0.974609 0.984375 0.978516 0.988281 0.978516 0.992188 0.992188 0.992188 0.992188 0.974609
0 0.681641 0.974609 0.675781 0.980469 0.675781 0.986328 0.681641 0.986328 0.683594 0.988281 0.683594 0.992188 0.691406 0.992188 0.691406 0.988281 0.693359 0.986328 0.693359 0.980469 0.689453 0.980469 0.687500 0.978516 0.687500 0.974609
0 0.265625 0.968750 0.267578 0.970703 0.269531 0.970703 0.275391 0.976562 0.275391 0.978516 0.277344 0.980469 0.279297 0.978516 0.281250 0.978516 0.281250 0.976562 0.279297 0.974609 0.275391 0.974609 0.273438 0.972656 0.271484 0.972656 0.269531 0.970703 0.267578 0.970703
0 0.253906 0.960938 0.250000 0.964844 0.251953 0.962891 0.255859 0.962891 0.257812 0.964844 0.259766 0.964844 0.261719 0.966797 0.255859 0.960938
0 0.914062 0.925781 0.912109 0.927734 0.912109 0.929688 0.910156 0.931641 0.908203 0.931641 0.902344 0.937500 0.900391 0.937500 0.900391 0.945312 0.904297 0.949219 0.904297 0.955078 0.906250 0.955078 0.908203 0.957031 0.908203 0.958984 0.916016 0.966797 0.921875 0.966797 0.921875 0.962891 0.929688 0.955078 0.929688 0.953125 0.931641 0.951172 0.933594 0.951172 0.933594 0.943359 0.931641 0.941406 0.931641 0.939453 0.923828 0.931641 0.923828 0.929688 0.919922 0.925781
0 0.691406 0.894531 0.691406 0.906250 0.699219 0.906250 0.701172 0.904297 0.705078 0.904297 0.705078 0.896484 0.703125 0.896484 0.701172 0.894531
0 0.843750 0.861328 0.841797 0.863281 0.841797 0.869141 0.843750 0.869141 0.847656 0.865234 0.851562 0.865234 0.851562 0.863281 0.849609 0.861328
0 0.738281 0.859375 0.738281 0.867188 0.740234 0.869141 0.746094 0.869141 0.746094 0.865234 0.744141 0.863281 0.744141 0.861328 0.742188 0.859375
0 0.974609 0.857422 0.972656 0.859375 0.970703 0.859375 0.966797 0.863281 0.966797 0.869141 0.968750 0.869141 0.970703 0.871094 0.970703 0.873047 0.972656 0.875000 0.972656 0.878906 0.976562 0.882812 0.974609 0.884766 0.970703 0.884766 0.970703 0.892578 0.964844 0.898438 0.964844 0.900391 0.960938 0.904297 0.960938 0.910156 0.962891 0.910156 0.964844 0.912109 0.966797 0.912109 0.968750 0.910156 0.974609 0.910156 0.978516 0.914062 0.978516 0.916016 0.980469 0.917969 0.980469 0.919922 0.984375 0.923828 0.988281 0.923828 0.990234 0.925781 0.990234 0.927734 0.992188 0.927734 0.992188 0.857422 0.992188 0.859375 0.990234 0.861328 0.990234 0.863281 0.988281 0.865234 0.984375 0.865234 0.980469 0.861328 0.978516 0.861328 0.976562 0.859375 0.976562 0.857422
0 0.941406 0.855469 0.941406 0.857422 0.939453 0.859375 0.939453 0.869141 0.943359 0.873047 0.941406 0.875000 0.941406 0.880859 0.947266 0.880859 0.947266 0.875000 0.949219 0.873047 0.949219 0.867188 0.951172 0.865234 0.951172 0.859375 0.949219 0.857422 0.949219 0.855469
0 0.855469 0.845703 0.851562 0.849609 0.849609 0.849609 0.849609 0.853516 0.853516 0.857422 0.859375 0.857422 0.859375 0.853516 0.857422 0.851562 0.857422 0.845703
0 0.763672 0.830078 0.761719 0.832031 0.761719 0.837891 0.759766 0.839844 0.759766 0.841797 0.763672 0.845703 0.769531 0.845703 0.769531 0.843750 0.771484 0.841797 0.771484 0.835938 0.767578 0.835938 0.765625 0.833984 0.765625 0.830078
0 0.818359 0.812500 0.818359 0.816406 0.820312 0.818359 0.816406 0.822266 0.814453 0.822266 0.814453 0.824219 0.812500 0.826172 0.810547 0.826172 0.808594 0.824219 0.806641 0.824219 0.804688 0.822266 0.794922 0.822266 0.792969 0.824219 0.789062 0.820312 0.789062 0.818359 0.785156 0.818359 0.781250 0.822266 0.781250 0.824219 0.783203 0.824219 0.785156 0.826172 0.783203 0.828125 0.777344 0.828125 0.777344 0.832031 0.779297 0.833984 0.781250 0.833984 0.783203 0.835938 0.791016 0.835938 0.792969 0.833984 0.792969 0.832031 0.794922 0.830078 0.798828 0.830078 0.800781 0.832031 0.800781 0.837891 0.798828 0.839844 0.798828 0.841797 0.800781 0.843750 0.800781 0.849609 0.798828 0.851562 0.798828 0.857422 0.794922 0.861328 0.791016 0.861328 0.789062 0.863281 0.783203 0.863281 0.783203 0.873047 0.781250 0.875000 0.779297 0.873047 0.765625 0.873047 0.763672 0.875000 0.759766 0.875000 0.759766 0.878906 0.757812 0.880859 0.755859 0.878906 0.750000 0.878906 0.750000 0.884766 0.748047 0.886719 0.748047 0.888672 0.746094 0.890625 0.746094 0.892578 0.742188 0.896484 0.738281 0.892578 0.738281 0.890625 0.732422 0.890625 0.730469 0.892578 0.726562 0.892578 0.726562 0.894531 0.724609 0.896484 0.722656 0.896484 0.720703 0.894531 0.720703 0.890625 0.718750 0.888672 0.718750 0.886719 0.714844 0.886719 0.712891 0.888672 0.712891 0.898438 0.714844 0.900391 0.714844 0.902344 0.712891 0.904297 0.712891 0.914062 0.716797 0.917969 0.714844 0.919922 0.710938 0.919922 0.708984 0.921875 0.707031 0.921875 0.705078 0.923828 0.705078 0.927734 0.699219 0.933594 0.697266 0.933594 0.697266 0.937500 0.699219 0.939453 0.703125 0.939453 0.705078 0.937500 0.714844 0.937500 0.716797 0.939453 0.718750 0.939453 0.722656 0.943359 0.718750 0.947266 0.716797 0.947266 0.714844 0.949219 0.712891 0.949219 0.712891 0.955078 0.714844 0.957031 0.714844 0.958984 0.720703 0.964844 0.718750 0.966797 0.716797 0.966797 0.716797 0.972656 0.722656 0.978516 0.720703 0.980469 0.720703 0.986328 0.722656 0.986328 0.728516 0.992188 0.837891 0.992188 0.837891 0.990234 0.839844 0.988281 0.841797 0.988281 0.843750 0.986328 0.855469 0.986328 0.857422 0.984375 0.859375 0.984375 0.861328 0.986328 0.865234 0.986328 0.865234 0.984375 0.867188 0.982422 0.867188 0.978516 0.861328 0.978516 0.859375 0.976562 0.857422 0.976562 0.855469 0.974609 0.853516 0.974609 0.849609 0.970703 0.849609 0.968750 0.851562 0.966797 0.851562 0.964844 0.853516 0.962891 0.853516 0.960938 0.855469 0.958984 0.859375 0.958984 0.865234 0.953125 0.869141 0.953125 0.869141 0.949219 0.871094 0.947266 0.873047 0.947266 0.875000 0.945312 0.875000 0.943359 0.882812 0.935547 0.884766 0.935547 0.886719 0.933594 0.886719 0.931641 0.888672 0.929688 0.888672 0.927734 0.886719 0.927734 0.880859 0.921875 0.878906 0.921875 0.875000 0.917969 0.875000 0.912109 0.873047 0.910156 0.873047 0.906250 0.871094 0.904297 0.871094 0.898438 0.869141 0.896484 0.869141 0.892578 0.867188 0.890625 0.867188 0.886719 0.865234 0.884766 0.865234 0.882812 0.857422 0.882812 0.855469 0.880859 0.855469 0.878906 0.851562 0.875000 0.847656 0.875000 0.847656 0.878906 0.849609 0.880859 0.847656 0.882812 0.845703 0.882812 0.843750 0.880859 0.841797 0.880859 0.839844 0.878906 0.839844 0.876953 0.833984 0.871094 0.832031 0.871094 0.830078 0.869141 0.830078 0.865234 0.832031 0.863281 0.832031 0.861328 0.833984 0.859375 0.835938 0.859375 0.835938 0.851562 0.837891 0.849609 0.837891 0.843750 0.832031 0.837891 0.824219 0.837891 0.822266 0.835938 0.822266 0.832031 0.830078 0.824219 0.830078 0.818359 0.824219 0.812500
0 0.847656 0.751953 0.847656 0.755859 0.843750 0.759766 0.843750 0.765625 0.845703 0.767578 0.849609 0.767578 0.851562 0.769531 0.851562 0.771484 0.849609 0.773438 0.845703 0.773438 0.845703 0.781250 0.843750 0.783203 0.843750 0.792969 0.839844 0.796875 0.839844 0.800781 0.835938 0.804688 0.835938 0.810547 0.841797 0.816406 0.843750 0.816406 0.845703 0.818359 0.855469 0.818359 0.859375 0.822266 0.871094 0.822266 0.871094 0.820312 0.873047 0.818359 0.873047 0.814453 0.875000 0.812500 0.876953 0.812500 0.878906 0.810547 0.882812 0.814453 0.882812 0.820312 0.892578 0.820312 0.892578 0.812500 0.886719 0.812500 0.884766 0.810547 0.886719 0.808594 0.890625 0.808594 0.890625 0.796875 0.886719 0.792969 0.886719 0.791016 0.884766 0.791016 0.878906 0.785156 0.880859 0.783203 0.880859 0.767578 0.875000 0.761719 0.873047 0.761719 0.869141 0.757812 0.867188 0.757812 0.863281 0.753906 0.861328 0.753906 0.859375 0.751953
0 0.191406 0.294922 0.187500 0.298828 0.187500 0.302734 0.189453 0.302734 0.191406 0.304688 0.191406 0.306641 0.193359 0.306641 0.195312 0.308594 0.191406 0.312500 0.189453 0.312500 0.187500 0.314453 0.179688 0.314453 0.177734 0.316406 0.171875 0.316406 0.171875 0.320312 0.169922 0.322266 0.167969 0.322266 0.167969 0.326172 0.166016 0.328125 0.162109 0.328125 0.162109 0.333984 0.164062 0.333984 0.166016 0.335938 0.164062 0.337891 0.156250 0.337891 0.154297 0.339844 0.154297 0.353516 0.156250 0.355469 0.160156 0.355469 0.162109 0.357422 0.164062 0.357422 0.167969 0.361328 0.169922 0.361328 0.173828 0.365234 0.173828 0.367188 0.171875 0.369141 0.140625 0.369141 0.140625 0.375000 0.144531 0.378906 0.144531 0.384766 0.142578 0.386719 0.130859 0.386719 0.130859 0.394531 0.128906 0.396484 0.125000 0.396484 0.123047 0.394531 0.117188 0.394531 0.111328 0.388672 0.109375 0.388672 0.107422 0.386719 0.105469 0.386719 0.103516 0.384766 0.097656 0.384766 0.095703 0.382812 0.093750 0.382812 0.091797 0.380859 0.091797 0.378906 0.083984 0.378906 0.082031 0.376953 0.060547 0.376953 0.058594 0.375000 0.052734 0.375000 0.050781 0.373047 0.050781 0.371094 0.044922 0.371094 0.042969 0.369141 0.042969 0.363281 0.027344 0.363281 0.025391 0.361328 0.025391 0.359375 0.011719 0.359375 0.009766 0.357422 0.009766 0.355469 0.000000 0.355469 0.000000 0.427734 0.003906 0.427734 0.003906 0.425781 0.007812 0.421875 0.013672 0.421875 0.015625 0.423828 0.017578 0.423828 0.019531 0.425781 0.021484 0.425781 0.025391 0.429688 0.025391 0.423828 0.023438 0.421875 0.023438 0.419922 0.019531 0.419922 0.017578 0.417969 0.015625 0.417969 0.013672 0.416016 0.013672 0.414062 0.011719 0.412109 0.011719 0.404297 0.013672 0.402344 0.011719 0.402344 0.007812 0.398438 0.007812 0.392578 0.013672 0.386719 0.021484 0.386719 0.023438 0.388672 0.025391 0.388672 0.027344 0.386719 0.039062 0.386719 0.044922 0.392578 0.044922 0.400391 0.042969 0.402344 0.042969 0.406250 0.039062 0.410156 0.041016 0.410156 0.048828 0.417969 0.052734 0.417969 0.054688 0.419922 0.056641 0.419922 0.060547 0.423828 0.060547 0.425781 0.062500 0.427734 0.062500 0.431641 0.058594 0.435547 0.056641 0.435547 0.054688 0.437500 0.054688 0.441406 0.052734 0.443359 0.048828 0.439453 0.048828 0.437500 0.042969 0.437500 0.042969 0.439453 0.041016 0.441406 0.031250 0.441406 0.029297 0.443359 0.029297 0.451172 0.031250 0.453125 0.029297 0.455078 0.013672 0.455078 0.011719 0.457031 0.011719 0.458984 0.007812 0.462891 0.003906 0.458984 0.003906 0.455078 0.007812 0.451172 0.007812 0.443359 0.000000 0.443359 0.000000 0.992188 0.248047 0.992188 0.248047 0.990234 0.246094 0.988281 0.240234 0.988281 0.232422 0.980469 0.232422 0.968750 0.236328 0.964844 0.236328 0.962891 0.238281 0.960938 0.244141 0.960938 0.244141 0.953125 0.248047 0.949219 0.248047 0.947266 0.250000 0.945312 0.250000 0.939453 0.248047 0.937500 0.248047 0.933594 0.250000 0.931641 0.255859 0.931641 0.257812 0.933594 0.257812 0.935547 0.259766 0.937500 0.261719 0.935547 0.265625 0.935547 0.267578 0.933594 0.273438 0.933594 0.275391 0.935547 0.277344 0.935547 0.279297 0.937500 0.281250 0.937500 0.285156 0.941406 0.291016 0.941406 0.292969 0.943359 0.294922 0.943359 0.304688 0.953125 0.304688 0.957031 0.306641 0.957031 0.306641 0.955078 0.310547 0.951172 0.322266 0.951172 0.326172 0.955078 0.326172 0.960938 0.328125 0.962891 0.330078 0.962891 0.332031 0.964844 0.332031 0.968750 0.337891 0.974609 0.337891 0.978516 0.335938 0.980469 0.328125 0.980469 0.326172 0.978516 0.326172 0.976562 0.324219 0.976562 0.322266 0.974609 0.320312 0.974609 0.318359 0.972656 0.316406 0.972656 0.314453 0.970703 0.314453 0.964844 0.312500 0.964844 0.312500 0.970703 0.314453 0.972656 0.314453 0.982422 0.312500 0.984375 0.308594 0.984375 0.306641 0.982422 0.304688 0.982422 0.302734 0.980469 0.300781 0.982422 0.302734 0.984375 0.300781 0.986328 0.294922 0.986328 0.294922 0.990234 0.292969 0.992188 0.289062 0.992188 0.287109 0.990234 0.285156 0.992188 0.451172 0.992188 0.451172 0.990234 0.449219 0.990234 0.447266 0.988281 0.445312 0.988281 0.441406 0.984375 0.441406 0.976562 0.443359 0.974609 0.449219 0.974609 0.451172 0.976562 0.455078 0.976562 0.458984 0.980469 0.458984 0.982422 0.462891 0.982422 0.464844 0.980469 0.468750 0.984375 0.468750 0.986328 0.470703 0.988281 0.470703 0.990234 0.472656 0.992188 0.482422 0.992188 0.482422 0.986328 0.480469 0.986328 0.478516 0.984375 0.478516 0.978516 0.480469 0.976562 0.482422 0.976562 0.484375 0.974609 0.484375 0.972656 0.486328 0.970703 0.490234 0.970703 0.492188 0.972656 0.492188 0.974609 0.494141 0.976562 0.494141 0.978516 0.492188 0.980469 0.494141 0.980469 0.496094 0.982422 0.496094 0.992188 0.656250 0.992188 0.660156 0.988281 0.660156 0.984375 0.662109 0.982422 0.664062 0.982422 0.664062 0.980469 0.666016 0.978516 0.666016 0.964844 0.669922 0.960938 0.669922 0.904297 0.667969 0.902344 0.664062 0.902344 0.662109 0.900391 0.664062 0.898438 0.667969 0.898438 0.667969 0.892578 0.673828 0.886719 0.673828 0.884766 0.675781 0.882812 0.675781 0.878906 0.681641 0.873047 0.681641 0.861328 0.683594 0.859375 0.683594 0.855469 0.685547 0.853516 0.685547 0.851562 0.687500 0.849609 0.705078 0.849609 0.705078 0.847656 0.707031 0.845703 0.708984 0.847656 0.708984 0.849609 0.710938 0.851562 0.714844 0.851562 0.718750 0.847656 0.722656 0.847656 0.722656 0.841797 0.720703 0.839844 0.722656 0.837891 0.720703 0.837891 0.718750 0.835938 0.718750 0.833984 0.720703 0.832031 0.720703 0.828125 0.722656 0.826172 0.734375 0.826172 0.738281 0.822266 0.744141 0.822266 0.746094 0.820312 0.748047 0.820312 0.748047 0.818359 0.750000 0.816406 0.751953 0.816406 0.753906 0.814453 0.753906 0.812500 0.755859 0.810547 0.755859 0.808594 0.759766 0.804688 0.759766 0.779297 0.755859 0.779297 0.753906 0.777344 0.753906 0.757812 0.751953 0.757812 0.750000 0.755859 0.750000 0.753906 0.748047 0.751953 0.748047 0.750000 0.744141 0.746094 0.744141 0.744141 0.742188 0.742188 0.740234 0.742188 0.736328 0.738281 0.734375 0.738281 0.730469 0.734375 0.726562 0.734375 0.724609 0.732422 0.724609 0.728516 0.722656 0.728516 0.716797 0.722656 0.712891 0.722656 0.710938 0.720703 0.708984 0.720703 0.707031 0.718750 0.707031 0.716797 0.705078 0.716797 0.703125 0.714844 0.693359 0.714844 0.691406 0.712891 0.691406 0.710938 0.689453 0.710938 0.687500 0.708984 0.687500 0.705078 0.677734 0.695312 0.677734 0.691406 0.675781 0.691406 0.666016 0.681641 0.666016 0.679688 0.664062 0.677734 0.662109 0.677734 0.660156 0.675781 0.660156 0.673828 0.658203 0.673828 0.654297 0.669922 0.652344 0.669922 0.650391 0.667969 0.648438 0.667969 0.644531 0.664062 0.642578 0.664062 0.636719 0.658203 0.632812 0.658203 0.630859 0.656250 0.613281 0.656250 0.611328 0.658203 0.609375 0.658203 0.607422 0.660156 0.597656 0.660156 0.595703 0.662109 0.589844 0.662109 0.587891 0.660156 0.585938 0.660156 0.583984 0.658203 0.582031 0.658203 0.570312 0.646484 0.570312 0.644531 0.568359 0.644531 0.566406 0.642578 0.566406 0.640625 0.562500 0.636719 0.562500 0.634766 0.560547 0.634766 0.556641 0.630859 0.556641 0.628906 0.554688 0.626953 0.554688 0.625000 0.552734 0.623047 0.552734 0.589844 0.548828 0.585938 0.548828 0.583984 0.546875 0.582031 0.544922 0.582031 0.542969 0.580078 0.541016 0.580078 0.539062 0.578125 0.533203 0.578125 0.529297 0.574219 0.519531 0.574219 0.517578 0.572266 0.515625 0.572266 0.511719 0.568359 0.509766 0.568359 0.501953 0.560547 0.498047 0.560547 0.492188 0.554688 0.488281 0.554688 0.484375 0.550781 0.478516 0.550781 0.474609 0.546875 0.474609 0.531250 0.468750 0.525391 0.468750 0.523438 0.451172 0.523438 0.449219 0.521484 0.449219 0.500000 0.447266 0.498047 0.447266 0.488281 0.445312 0.486328 0.445312 0.484375 0.443359 0.484375 0.441406 0.482422 0.437500 0.482422 0.433594 0.478516 0.429688 0.478516 0.427734 0.476562 0.419922 0.476562 0.417969 0.474609 0.406250 0.474609 0.404297 0.472656 0.402344 0.472656 0.396484 0.466797 0.394531 0.466797 0.388672 0.460938 0.386719 0.460938 0.384766 0.458984 0.382812 0.458984 0.380859 0.457031 0.376953 0.457031 0.375000 0.455078 0.333984 0.455078 0.330078 0.451172 0.292969 0.451172 0.291016 0.453125 0.287109 0.453125 0.285156 0.455078 0.283203 0.455078 0.281250 0.457031 0.275391 0.457031 0.273438 0.455078 0.273438 0.453125 0.271484 0.453125 0.269531 0.451172 0.265625 0.451172 0.263672 0.449219 0.259766 0.449219 0.253906 0.443359 0.228516 0.443359 0.224609 0.439453 0.222656 0.439453 0.220703 0.437500 0.212891 0.437500 0.210938 0.435547 0.205078 0.435547 0.203125 0.433594 0.203125 0.429688 0.193359 0.429688 0.191406 0.427734 0.191406 0.425781 0.187500 0.425781 0.185547 0.423828 0.185547 0.419922 0.191406 0.414062 0.191406 0.406250 0.195312 0.402344 0.208984 0.402344 0.216797 0.394531 0.216797 0.375000 0.220703 0.371094 0.222656 0.371094 0.224609 0.369141 0.226562 0.369141 0.228516 0.367188 0.228516 0.365234 0.230469 0.363281 0.230469 0.359375 0.232422 0.357422 0.232422 0.337891 0.230469 0.335938 0.230469 0.333984 0.222656 0.326172 0.224609 0.324219 0.234375 0.324219 0.234375 0.310547 0.230469 0.310547 0.228516 0.308594 0.222656 0.308594 0.218750 0.304688 0.218750 0.302734 0.216797 0.302734 0.214844 0.300781 0.212891 0.300781 0.210938 0.298828 0.210938 0.296875 0.208984 0.296875 0.207031 0.294922
0 0.050781 0.232422 0.048828 0.234375 0.046875 0.234375 0.044922 0.236328 0.042969 0.236328 0.039062 0.240234 0.039062 0.244141 0.037109 0.246094 0.033203 0.246094 0.031250 0.248047 0.029297 0.248047 0.029297 0.255859 0.027344 0.257812 0.027344 0.273438 0.029297 0.275391 0.029297 0.277344 0.031250 0.279297 0.033203 0.279297 0.035156 0.281250 0.052734 0.281250 0.054688 0.279297 0.054688 0.277344 0.058594 0.273438 0.058594 0.271484 0.060547 0.269531 0.060547 0.267578 0.064453 0.263672 0.064453 0.261719 0.068359 0.257812 0.068359 0.244141 0.066406 0.242188 0.066406 0.240234 0.064453 0.238281 0.064453 0.232422
0 0.111328 0.230469 0.111328 0.232422 0.107422 0.236328 0.089844 0.236328 0.087891 0.234375 0.083984 0.234375 0.085938 0.236328 0.087891 0.236328 0.089844 0.238281 0.091797 0.238281 0.093750 0.240234 0.093750 0.251953 0.091797 0.253906 0.089844 0.253906 0.089844 0.255859 0.091797 0.257812 0.093750 0.257812 0.095703 0.259766 0.107422 0.259766 0.109375 0.261719 0.107422 0.263672 0.107422 0.265625 0.095703 0.277344 0.093750 0.277344 0.093750 0.289062 0.111328 0.289062 0.113281 0.287109 0.115234 0.287109 0.117188 0.285156 0.119141 0.287109 0.121094 0.287109 0.123047 0.289062 0.123047 0.300781 0.125000 0.302734 0.138672 0.302734 0.138672 0.291016 0.132812 0.285156 0.132812 0.279297 0.134766 0.277344 0.138672 0.277344 0.142578 0.273438 0.146484 0.273438 0.146484 0.259766 0.142578 0.255859 0.140625 0.255859 0.136719 0.251953 0.117188 0.251953 0.115234 0.250000 0.115234 0.248047 0.117188 0.246094 0.117188 0.230469
0 0.000000 0.169922 0.000000 0.228516 0.007812 0.228516 0.009766 0.226562 0.009766 0.224609 0.011719 0.222656 0.013672 0.222656 0.015625 0.224609 0.015625 0.226562 0.033203 0.226562 0.035156 0.224609 0.035156 0.222656 0.037109 0.220703 0.037109 0.197266 0.035156 0.195312 0.035156 0.189453 0.033203 0.189453 0.031250 0.187500 0.031250 0.173828 0.019531 0.173828 0.017578 0.175781 0.009766 0.175781 0.007812 0.173828 0.007812 0.171875 0.005859 0.169922
0 0.144531 0.125000 0.144531 0.126953 0.142578 0.128906 0.142578 0.130859 0.134766 0.138672 0.134766 0.146484 0.140625 0.146484 0.142578 0.148438 0.142578 0.152344 0.146484 0.156250 0.146484 0.158203 0.148438 0.160156 0.156250 0.160156 0.158203 0.158203 0.158203 0.156250 0.160156 0.154297 0.160156 0.144531 0.158203 0.142578 0.160156 0.140625 0.164062 0.140625 0.166016 0.138672 0.166016 0.130859 0.160156 0.130859 0.158203 0.128906 0.154297 0.128906 0.152344 0.126953 0.152344 0.125000
0 0.974609 0.060547 0.970703 0.064453 0.970703 0.066406 0.968750 0.068359 0.964844 0.068359 0.962891 0.070312 0.962891 0.076172 0.955078 0.083984 0.955078 0.095703 0.953125 0.097656 0.951172 0.097656 0.949219 0.099609 0.947266 0.099609 0.945312 0.101562 0.943359 0.101562 0.943359 0.103516 0.939453 0.107422 0.933594 0.107422 0.933594 0.113281 0.935547 0.115234 0.935547 0.121094 0.941406 0.121094 0.941406 0.117188 0.943359 0.115234 0.951172 0.115234 0.953125 0.113281 0.955078 0.115234 0.955078 0.117188 0.957031 0.117188 0.958984 0.119141 0.958984 0.125000 0.964844 0.125000 0.966797 0.123047 0.978516 0.123047 0.984375 0.128906 0.984375 0.132812 0.982422 0.134766 0.972656 0.134766 0.968750 0.138672 0.964844 0.134766 0.964844 0.132812 0.962891 0.130859 0.958984 0.130859 0.957031 0.132812 0.953125 0.132812 0.951172 0.130859 0.947266 0.130859 0.947266 0.132812 0.945312 0.134766 0.945312 0.136719 0.943359 0.138672 0.943359 0.142578 0.941406 0.144531 0.937500 0.144531 0.937500 0.150391 0.941406 0.154297 0.941406 0.160156 0.939453 0.162109 0.935547 0.162109 0.935547 0.167969 0.937500 0.169922 0.937500 0.171875 0.935547 0.173828 0.933594 0.173828 0.933594 0.179688 0.935547 0.179688 0.937500 0.181641 0.937500 0.183594 0.935547 0.185547 0.933594 0.185547 0.931641 0.187500 0.931641 0.195312 0.929688 0.197266 0.923828 0.197266 0.921875 0.199219 0.919922 0.199219 0.919922 0.201172 0.917969 0.203125 0.917969 0.210938 0.925781 0.210938 0.925781 0.208984 0.927734 0.207031 0.927734 0.205078 0.929688 0.203125 0.929688 0.197266 0.931641 0.195312 0.935547 0.195312 0.937500 0.197266 0.943359 0.197266 0.945312 0.199219 0.951172 0.199219 0.955078 0.203125 0.957031 0.203125 0.960938 0.207031 0.960938 0.208984 0.962891 0.210938 0.962891 0.212891 0.964844 0.214844 0.964844 0.216797 0.970703 0.222656 0.970703 0.224609 0.972656 0.226562 0.972656 0.228516 0.976562 0.232422 0.984375 0.232422 0.990234 0.226562 0.990234 0.224609 0.992188 0.222656 0.992188 0.115234 0.990234 0.115234 0.988281 0.113281 0.988281 0.097656 0.990234 0.095703 0.990234 0.089844 0.992188 0.087891 0.992188 0.080078 0.990234 0.078125 0.990234 0.070312 0.988281 0.068359 0.984375 0.068359 0.980469 0.064453 0.980469 0.060547
0 0.871094 0.046875 0.869141 0.048828 0.863281 0.048828 0.859375 0.052734 0.857422 0.050781 0.849609 0.050781 0.843750 0.056641 0.843750 0.068359 0.845703 0.068359 0.847656 0.070312 0.845703 0.072266 0.845703 0.080078 0.843750 0.082031 0.843750 0.083984 0.841797 0.085938 0.839844 0.085938 0.839844 0.091797 0.837891 0.093750 0.835938 0.091797 0.835938 0.089844 0.830078 0.083984 0.830078 0.082031 0.820312 0.082031 0.818359 0.083984 0.816406 0.082031 0.810547 0.082031 0.808594 0.083984 0.808594 0.089844 0.812500 0.093750 0.808594 0.097656 0.808594 0.103516 0.812500 0.107422 0.812500 0.109375 0.820312 0.117188 0.820312 0.119141 0.830078 0.119141 0.837891 0.126953 0.841797 0.126953 0.843750 0.128906 0.843750 0.138672 0.847656 0.142578 0.861328 0.142578 0.861328 0.140625 0.865234 0.136719 0.865234 0.126953 0.863281 0.125000 0.863281 0.123047 0.861328 0.121094 0.861328 0.117188 0.855469 0.111328 0.857422 0.109375 0.861328 0.109375 0.873047 0.121094 0.873047 0.126953 0.875000 0.128906 0.875000 0.134766 0.876953 0.136719 0.876953 0.138672 0.882812 0.144531 0.882812 0.146484 0.884766 0.148438 0.888672 0.148438 0.892578 0.152344 0.892578 0.154297 0.896484 0.154297 0.898438 0.152344 0.900391 0.154297 0.904297 0.154297 0.904297 0.138672 0.902344 0.138672 0.900391 0.136719 0.900391 0.134766 0.896484 0.130859 0.896484 0.126953 0.894531 0.125000 0.894531 0.117188 0.896484 0.115234 0.900391 0.115234 0.900391 0.113281 0.898438 0.111328 0.898438 0.105469 0.896484 0.103516 0.896484 0.101562 0.892578 0.101562 0.890625 0.103516 0.888672 0.101562 0.888672 0.099609 0.886719 0.097656 0.886719 0.093750 0.878906 0.093750 0.876953 0.095703 0.873047 0.091797 0.873047 0.089844 0.880859 0.082031 0.882812 0.082031 0.886719 0.085938 0.890625 0.085938 0.892578 0.087891 0.906250 0.087891 0.908203 0.085938 0.908203 0.082031 0.906250 0.080078 0.906250 0.078125 0.904297 0.078125 0.902344 0.076172 0.902344 0.074219 0.898438 0.070312 0.898438 0.068359 0.890625 0.060547 0.890625 0.058594 0.888672 0.056641 0.882812 0.056641 0.878906 0.052734 0.878906 0.046875
0 0.785156 0.000000 0.785156 0.003906 0.783203 0.005859 0.779297 0.005859 0.777344 0.003906 0.777344 0.001953 0.773438 0.001953 0.771484 0.003906 0.767578 0.003906 0.767578 0.009766 0.771484 0.013672 0.771484 0.021484 0.777344 0.021484 0.779297 0.019531 0.783203 0.019531 0.785156 0.021484 0.785156 0.023438 0.783203 0.025391 0.783203 0.027344 0.781250 0.029297 0.781250 0.039062 0.783203 0.039062 0.785156 0.041016 0.791016 0.041016 0.792969 0.042969 0.796875 0.042969 0.798828 0.044922 0.800781 0.044922 0.802734 0.046875 0.804688 0.046875 0.806641 0.048828 0.808594 0.048828 0.810547 0.050781 0.816406 0.050781 0.818359 0.048828 0.822266 0.048828 0.826172 0.044922 0.828125 0.044922 0.832031 0.041016 0.837891 0.041016 0.839844 0.039062 0.841797 0.039062 0.843750 0.037109 0.845703 0.037109 0.847656 0.035156 0.847656 0.025391 0.849609 0.023438 0.849609 0.021484 0.853516 0.017578 0.857422 0.017578 0.861328 0.013672 0.861328 0.007812 0.863281 0.005859 0.865234 0.007812 0.873047 0.007812 0.873047 0.000000