0 0.781250 0.951172 0.779297 0.953125 0.779297 0.955078 0.777344 0.957031 0.775391 0.957031 0.771484 0.960938 0.771484 0.962891 0.769531 0.964844 0.769531 0.966797 0.767578 0.968750 0.767578 0.970703 0.763672 0.974609 0.763672 0.976562 0.757812 0.982422 0.755859 0.982422 0.750000 0.988281 0.750000 0.990234 0.751953 0.992188 0.775391 0.992188 0.777344 0.990234 0.779297 0.992188 0.796875 0.992188 0.798828 0.990234 0.798828 0.988281 0.800781 0.986328 0.800781 0.984375 0.802734 0.982422 0.802734 0.980469 0.804688 0.978516 0.804688 0.976562 0.806641 0.974609 0.806641 0.966797 0.798828 0.958984 0.796875 0.958984 0.789062 0.951172
0 0.796875 0.933594 0.796875 0.935547 0.794922 0.937500 0.794922 0.943359 0.798828 0.943359 0.798828 0.941406 0.802734 0.937500 0.804688 0.937500 0.804688 0.933594
0 0.791016 0.914062 0.791016 0.919922 0.792969 0.919922 0.794922 0.921875 0.796875 0.921875 0.798828 0.923828 0.800781 0.923828 0.802734 0.921875 0.804688 0.921875 0.804688 0.919922 0.802734 0.919922 0.800781 0.917969 0.798828 0.917969 0.794922 0.914062
0 0.496094 0.912109 0.496094 0.925781 0.500000 0.925781 0.501953 0.927734 0.513672 0.927734 0.515625 0.925781 0.523438 0.925781 0.523438 0.916016 0.519531 0.912109
0 0.730469 0.888672 0.730469 0.890625 0.720703 0.900391 0.716797 0.900391 0.716797 0.904297 0.718750 0.906250 0.722656 0.906250 0.730469 0.898438 0.732422 0.898438 0.732422 0.896484 0.734375 0.894531 0.734375 0.888672
0 0.697266 0.888672 0.693359 0.892578 0.691406 0.892578 0.687500 0.896484 0.687500 0.904297 0.689453 0.906250 0.689453 0.914062 0.691406 0.914062 0.693359 0.916016 0.693359 0.917969 0.689453 0.921875 0.685547 0.921875 0.681641 0.917969 0.681641 0.912109 0.679688 0.912109 0.673828 0.906250 0.673828 0.904297 0.671875 0.902344 0.671875 0.900391 0.667969 0.896484 0.667969 0.894531 0.664062 0.894531 0.662109 0.896484 0.658203 0.896484 0.654297 0.900391 0.654297 0.906250 0.656250 0.908203 0.658203 0.908203 0.660156 0.910156 0.654297 0.916016 0.654297 0.919922 0.652344 0.921875 0.652344 0.923828 0.646484 0.929688 0.644531 0.929688 0.644531 0.933594 0.646484 0.935547 0.642578 0.939453 0.640625 0.939453 0.638672 0.941406 0.632812 0.941406 0.630859 0.943359 0.630859 0.955078 0.632812 0.957031 0.634766 0.957031 0.636719 0.958984 0.642578 0.958984 0.644531 0.960938 0.656250 0.960938 0.656250 0.958984 0.660156 0.955078 0.660156 0.953125 0.666016 0.947266 0.667969 0.947266 0.669922 0.949219 0.669922 0.953125 0.671875 0.955078 0.671875 0.957031 0.677734 0.962891 0.677734 0.964844 0.683594 0.970703 0.683594 0.972656 0.685547 0.974609 0.685547 0.976562 0.689453 0.980469 0.691406 0.980469 0.693359 0.982422 0.703125 0.982422 0.707031 0.978516 0.708984 0.978516 0.712891 0.974609 0.712891 0.970703 0.716797 0.966797 0.724609 0.966797 0.724609 0.960938 0.726562 0.958984 0.736328 0.958984 0.738281 0.957031 0.738281 0.947266 0.736328 0.945312 0.736328 0.937500 0.738281 0.935547 0.738281 0.914062 0.734375 0.910156 0.726562 0.910156 0.724609 0.912109 0.716797 0.912109 0.710938 0.906250 0.710938 0.900391 0.708984 0.898438 0.708984 0.896484 0.707031 0.894531 0.707031 0.888672
0 0.494141 0.867188 0.494141 0.876953 0.496094 0.878906 0.496094 0.880859 0.498047 0.882812 0.498047 0.884766 0.505859 0.884766 0.505859 0.882812 0.507812 0.880859 0.507812 0.873047 0.501953 0.867188
0 0.917969 0.792969 0.917969 0.794922 0.916016 0.796875 0.914062 0.796875 0.914062 0.800781 0.912109 0.802734 0.912109 0.806641 0.910156 0.808594 0.910156 0.814453 0.908203 0.816406 0.906250 0.816406 0.902344 0.820312 0.900391 0.820312 0.896484 0.824219 0.890625 0.824219 0.888672 0.826172 0.886719 0.826172 0.886719 0.833984 0.890625 0.833984 0.892578 0.835938 0.894531 0.835938 0.896484 0.837891 0.896484 0.843750 0.898438 0.845703 0.900391 0.845703 0.914062 0.859375 0.914062 0.861328 0.916016 0.863281 0.916016 0.873047 0.914062 0.875000 0.914062 0.876953 0.912109 0.878906 0.910156 0.878906 0.910156 0.888672 0.914062 0.888672 0.916016 0.890625 0.917969 0.890625 0.921875 0.894531 0.921875 0.898438 0.923828 0.900391 0.923828 0.904297 0.921875 0.906250 0.921875 0.908203 0.919922 0.910156 0.916016 0.910156 0.914062 0.912109 0.912109 0.912109 0.912109 0.917969 0.910156 0.919922 0.910156 0.931641 0.912109 0.933594 0.912109 0.935547 0.914062 0.937500 0.921875 0.937500 0.925781 0.933594 0.927734 0.933594 0.933594 0.927734 0.935547 0.927734 0.939453 0.923828 0.941406 0.923828 0.943359 0.921875 0.951172 0.921875 0.953125 0.923828 0.953125 0.925781 0.951172 0.927734 0.951172 0.937500 0.953125 0.939453 0.955078 0.939453 0.957031 0.941406 0.968750 0.941406 0.970703 0.943359 0.968750 0.945312 0.966797 0.945312 0.966797 0.957031 0.970703 0.960938 0.970703 0.964844 0.976562 0.970703 0.976562 0.972656 0.978516 0.974609 0.988281 0.974609 0.990234 0.972656 0.992188 0.972656 0.992188 0.794922 0.986328 0.794922 0.984375 0.796875 0.982422 0.796875 0.980469 0.798828 0.978516 0.798828 0.976562 0.800781 0.974609 0.800781 0.974609 0.806641 0.976562 0.808594 0.976562 0.810547 0.974609 0.812500 0.970703 0.812500 0.968750 0.814453 0.966797 0.814453 0.966797 0.818359 0.964844 0.820312 0.962891 0.820312 0.958984 0.816406 0.945312 0.816406 0.943359 0.814453 0.947266 0.810547 0.958984 0.810547 0.960938 0.808594 0.962891 0.808594 0.964844 0.806641 0.964844 0.798828 0.958984 0.798828 0.957031 0.796875 0.933594 0.796875 0.931641 0.794922 0.927734 0.794922 0.925781 0.792969
0 0.376953 0.660156 0.376953 0.662109 0.375000 0.664062 0.375000 0.669922 0.380859 0.669922 0.384766 0.666016 0.384766 0.660156
0 0.623047 0.658203 0.617188 0.664062 0.615234 0.664062 0.611328 0.667969 0.611328 0.675781 0.623047 0.675781 0.626953 0.671875 0.630859 0.671875 0.632812 0.669922 0.632812 0.658203
0 0.371094 0.644531 0.371094 0.652344 0.373047 0.654297 0.378906 0.654297 0.380859 0.652344 0.380859 0.646484 0.376953 0.646484 0.375000 0.644531
0 0.343750 0.638672 0.343750 0.648438 0.339844 0.652344 0.337891 0.652344 0.335938 0.650391 0.335938 0.648438 0.333984 0.646484 0.333984 0.644531 0.330078 0.644531 0.328125 0.646484 0.328125 0.656250 0.330078 0.658203 0.330078 0.660156 0.333984 0.664062 0.333984 0.666016 0.343750 0.675781 0.355469 0.675781 0.357422 0.673828 0.359375 0.673828 0.361328 0.671875 0.361328 0.669922 0.365234 0.666016 0.365234 0.658203 0.357422 0.658203 0.351562 0.664062 0.349609 0.662109 0.349609 0.660156 0.347656 0.658203 0.347656 0.656250 0.345703 0.654297 0.347656 0.652344 0.349609 0.652344 0.351562 0.650391 0.353516 0.650391 0.355469 0.648438 0.357422 0.648438 0.357422 0.644531 0.353516 0.640625 0.349609 0.640625 0.347656 0.638672
0 0.521484 0.615234 0.519531 0.617188 0.509766 0.617188 0.509766 0.625000 0.511719 0.625000 0.513672 0.626953 0.513672 0.628906 0.511719 0.630859 0.511719 0.638672 0.519531 0.638672 0.521484 0.636719 0.521484 0.632812 0.523438 0.630859 0.529297 0.630859 0.529297 0.615234
0 0.498047 0.593750 0.496094 0.595703 0.496094 0.599609 0.494141 0.601562 0.492188 0.601562 0.492188 0.603516 0.490234 0.605469 0.490234 0.611328 0.486328 0.615234 0.480469 0.615234 0.480469 0.617188 0.478516 0.619141 0.478516 0.621094 0.476562 0.623047 0.476562 0.625000 0.474609 0.626953 0.474609 0.628906 0.470703 0.632812 0.470703 0.634766 0.468750 0.636719 0.464844 0.636719 0.460938 0.632812 0.458984 0.632812 0.457031 0.630859 0.441406 0.630859 0.435547 0.636719 0.421875 0.636719 0.417969 0.640625 0.417969 0.652344 0.416016 0.654297 0.406250 0.654297 0.402344 0.658203 0.400391 0.658203 0.396484 0.662109 0.396484 0.664062 0.394531 0.666016 0.392578 0.666016 0.390625 0.667969 0.390625 0.681641 0.388672 0.683594 0.382812 0.683594 0.380859 0.685547 0.376953 0.685547 0.371094 0.691406 0.369141 0.691406 0.367188 0.693359 0.363281 0.693359 0.361328 0.695312 0.361328 0.699219 0.363281 0.699219 0.365234 0.701172 0.365234 0.703125 0.363281 0.705078 0.359375 0.705078 0.355469 0.708984 0.355469 0.716797 0.357422 0.718750 0.357422 0.720703 0.361328 0.724609 0.361328 0.730469 0.363281 0.732422 0.363281 0.734375 0.365234 0.736328 0.365234 0.738281 0.367188 0.740234 0.367188 0.742188 0.369141 0.744141 0.369141 0.748047 0.373047 0.751953 0.375000 0.751953 0.376953 0.753906 0.376953 0.755859 0.380859 0.755859 0.384766 0.759766 0.386719 0.759766 0.388672 0.761719 0.402344 0.761719 0.402344 0.759766 0.410156 0.751953 0.412109 0.751953 0.414062 0.753906 0.414062 0.759766 0.416016 0.761719 0.421875 0.761719 0.423828 0.763672 0.423828 0.771484 0.425781 0.773438 0.425781 0.775391 0.431641 0.781250 0.431641 0.792969 0.433594 0.794922 0.439453 0.794922 0.443359 0.798828 0.443359 0.800781 0.445312 0.800781 0.451172 0.806641 0.453125 0.806641 0.455078 0.808594 0.458984 0.808594 0.460938 0.810547 0.472656 0.810547 0.474609 0.808594 0.476562 0.808594 0.478516 0.806641 0.478516 0.804688 0.484375 0.798828 0.486328 0.798828 0.490234 0.794922 0.494141 0.794922 0.496094 0.796875 0.507812 0.796875 0.507812 0.794922 0.511719 0.791016 0.531250 0.791016 0.533203 0.789062 0.533203 0.787109 0.535156 0.785156 0.535156 0.783203 0.537109 0.781250 0.539062 0.781250 0.539062 0.779297 0.541016 0.777344 0.541016 0.775391 0.542969 0.773438 0.552734 0.773438 0.554688 0.771484 0.554688 0.748047 0.552734 0.746094 0.552734 0.742188 0.550781 0.740234 0.550781 0.732422 0.552734 0.730469 0.552734 0.718750 0.544922 0.710938 0.544922 0.708984 0.542969 0.708984 0.537109 0.703125 0.533203 0.703125 0.531250 0.701172 0.531250 0.699219 0.529297 0.697266 0.529297 0.695312 0.533203 0.691406 0.535156 0.691406 0.537109 0.689453 0.539062 0.689453 0.541016 0.687500 0.544922 0.687500 0.544922 0.675781 0.542969 0.675781 0.537109 0.669922 0.533203 0.669922 0.531250 0.667969 0.523438 0.667969 0.521484 0.666016 0.521484 0.664062 0.519531 0.662109 0.519531 0.660156 0.515625 0.656250 0.515625 0.654297 0.511719 0.650391 0.498047 0.650391 0.496094 0.652344 0.494141 0.650391 0.494141 0.646484 0.492188 0.644531 0.492188 0.642578 0.494141 0.640625 0.494141 0.628906 0.492188 0.626953 0.492188 0.625000 0.494141 0.623047 0.496094 0.623047 0.498047 0.621094 0.500000 0.621094 0.501953 0.619141 0.501953 0.611328 0.500000 0.609375 0.500000 0.605469 0.501953 0.603516 0.505859 0.603516 0.505859 0.593750
0 0.324219 0.193359 0.324219 0.199219 0.326172 0.199219 0.330078 0.203125 0.335938 0.203125 0.335938 0.195312 0.333984 0.193359
0 0.777344 0.187500 0.769531 0.195312 0.769531 0.201172 0.775391 0.201172 0.777344 0.199219 0.777344 0.197266 0.783203 0.191406 0.783203 0.187500
0 0.345703 0.166016 0.343750 0.167969 0.333984 0.167969 0.328125 0.173828 0.328125 0.181641 0.333984 0.181641 0.335938 0.183594 0.337891 0.183594 0.339844 0.185547 0.347656 0.185547 0.347656 0.183594 0.349609 0.181641 0.351562 0.181641 0.351562 0.179688 0.353516 0.177734 0.353516 0.169922 0.351562 0.167969 0.351562 0.166016
0 0.755859 0.076172 0.753906 0.078125 0.753906 0.080078 0.751953 0.082031 0.751953 0.089844 0.753906 0.089844 0.759766 0.095703 0.759766 0.101562 0.761719 0.103516 0.761719 0.113281 0.759766 0.115234 0.759766 0.123047 0.755859 0.126953 0.755859 0.128906 0.753906 0.130859 0.753906 0.134766 0.750000 0.138672 0.750000 0.140625 0.748047 0.142578 0.748047 0.146484 0.750000 0.148438 0.751953 0.148438 0.753906 0.150391 0.757812 0.150391 0.759766 0.152344 0.759766 0.156250 0.757812 0.158203 0.757812 0.162109 0.755859 0.164062 0.755859 0.167969 0.750000 0.173828 0.748047 0.173828 0.746094 0.175781 0.742188 0.175781 0.740234 0.177734 0.738281 0.177734 0.736328 0.179688 0.732422 0.179688 0.728516 0.183594 0.728516 0.191406 0.732422 0.195312 0.730469 0.197266 0.726562 0.197266 0.724609 0.199219 0.720703 0.199219 0.714844 0.205078 0.714844 0.207031 0.712891 0.208984 0.712891 0.216797 0.722656 0.216797 0.724609 0.214844 0.726562 0.214844 0.726562 0.212891 0.728516 0.210938 0.728516 0.205078 0.730469 0.203125 0.730469 0.197266 0.732422 0.195312 0.734375 0.195312 0.736328 0.197266 0.742188 0.197266 0.742188 0.189453 0.740234 0.187500 0.742188 0.185547 0.746094 0.185547 0.748047 0.183594 0.751953 0.183594 0.755859 0.179688 0.757812 0.181641 0.757812 0.189453 0.763672 0.189453 0.771484 0.181641 0.773438 0.181641 0.775391 0.179688 0.785156 0.179688 0.789062 0.175781 0.792969 0.179688 0.806641 0.179688 0.808594 0.177734 0.810547 0.177734 0.818359 0.169922 0.818359 0.167969 0.822266 0.164062 0.824219 0.164062 0.826172 0.162109 0.835938 0.162109 0.837891 0.160156 0.843750 0.160156 0.845703 0.158203 0.845703 0.152344 0.841797 0.148438 0.843750 0.146484 0.843750 0.144531 0.845703 0.142578 0.845703 0.140625 0.851562 0.134766 0.851562 0.132812 0.853516 0.130859 0.853516 0.128906 0.855469 0.126953 0.855469 0.119141 0.853516 0.117188 0.853516 0.115234 0.851562 0.113281 0.849609 0.113281 0.843750 0.107422 0.835938 0.107422 0.835938 0.109375 0.833984 0.111328 0.833984 0.123047 0.839844 0.128906 0.839844 0.132812 0.841797 0.134766 0.841797 0.136719 0.837891 0.140625 0.830078 0.140625 0.824219 0.134766 0.824219 0.132812 0.826172 0.130859 0.826172 0.117188 0.824219 0.115234 0.824219 0.113281 0.816406 0.105469 0.816406 0.103516 0.814453 0.101562 0.812500 0.101562 0.806641 0.095703 0.806641 0.093750 0.804688 0.091797 0.804688 0.089844 0.802734 0.087891 0.802734 0.083984 0.796875 0.083984 0.794922 0.085938 0.775391 0.085938 0.773438 0.087891 0.773438 0.091797 0.771484 0.093750 0.769531 0.091797 0.769531 0.089844 0.765625 0.085938 0.765625 0.083984 0.763672 0.082031 0.763672 0.076172
0 0.976562 0.064453 0.974609 0.066406 0.974609 0.080078 0.978516 0.083984 0.978516 0.097656 0.980469 0.097656 0.984375 0.101562 0.992188 0.101562 0.992188 0.080078 0.990234 0.080078 0.988281 0.078125 0.988281 0.076172 0.986328 0.074219 0.986328 0.070312 0.984375 0.068359 0.984375 0.066406 0.982422 0.064453
0 0.132812 0.029297 0.130859 0.031250 0.128906 0.031250 0.126953 0.033203 0.125000 0.033203 0.121094 0.037109 0.121094 0.039062 0.119141 0.041016 0.119141 0.048828 0.113281 0.054688 0.111328 0.054688 0.107422 0.050781 0.099609 0.050781 0.097656 0.052734 0.097656 0.054688 0.091797 0.060547 0.089844 0.060547 0.089844 0.062500 0.087891 0.064453 0.087891 0.076172 0.093750 0.076172 0.095703 0.078125 0.095703 0.097656 0.101562 0.103516 0.101562 0.105469 0.103516 0.107422 0.105469 0.107422 0.107422 0.109375 0.109375 0.109375 0.111328 0.111328 0.111328 0.113281 0.113281 0.113281 0.117188 0.117188 0.117188 0.119141 0.121094 0.123047 0.121094 0.132812 0.123047 0.134766 0.125000 0.134766 0.136719 0.146484 0.136719 0.154297 0.132812 0.158203 0.132812 0.166016 0.138672 0.171875 0.140625 0.171875 0.142578 0.173828 0.142578 0.175781 0.144531 0.177734 0.142578 0.179688 0.134766 0.179688 0.134766 0.185547 0.142578 0.193359 0.144531 0.193359 0.148438 0.197266 0.148438 0.199219 0.158203 0.199219 0.160156 0.201172 0.162109 0.201172 0.166016 0.205078 0.166016 0.207031 0.167969 0.208984 0.169922 0.208984 0.173828 0.212891 0.175781 0.212891 0.177734 0.214844 0.179688 0.214844 0.181641 0.216797 0.185547 0.216797 0.187500 0.218750 0.189453 0.218750 0.193359 0.222656 0.197266 0.222656 0.199219 0.224609 0.203125 0.224609 0.207031 0.228516 0.208984 0.228516 0.210938 0.230469 0.220703 0.230469 0.222656 0.228516 0.224609 0.228516 0.226562 0.226562 0.228516 0.226562 0.234375 0.220703 0.236328 0.220703 0.238281 0.218750 0.246094 0.218750 0.248047 0.220703 0.251953 0.220703 0.261719 0.230469 0.261719 0.232422 0.271484 0.232422 0.277344 0.226562 0.292969 0.226562 0.294922 0.224609 0.296875 0.224609 0.298828 0.222656 0.300781 0.222656 0.300781 0.214844 0.298828 0.214844 0.292969 0.208984 0.292969 0.207031 0.291016 0.205078 0.291016 0.203125 0.285156 0.203125 0.285156 0.207031 0.283203 0.208984 0.283203 0.210938 0.281250 0.212891 0.279297 0.212891 0.277344 0.210938 0.277344 0.208984 0.275391 0.207031 0.275391 0.201172 0.277344 0.199219 0.277344 0.197266 0.279297 0.195312 0.279297 0.183594 0.283203 0.179688 0.291016 0.179688 0.292969 0.177734 0.292969 0.173828 0.289062 0.173828 0.287109 0.171875 0.287109 0.169922 0.289062 0.167969 0.291016 0.167969 0.292969 0.169922 0.296875 0.169922 0.296875 0.164062 0.294922 0.164062 0.291016 0.160156 0.291016 0.150391 0.294922 0.146484 0.296875 0.146484 0.296875 0.140625 0.298828 0.138672 0.300781 0.140625 0.300781 0.144531 0.302734 0.146484 0.304688 0.146484 0.306641 0.148438 0.306641 0.150391 0.308594 0.152344 0.308594 0.154297 0.347656 0.154297 0.349609 0.152344 0.355469 0.152344 0.355469 0.148438 0.359375 0.144531 0.359375 0.142578 0.363281 0.138672 0.363281 0.126953 0.359375 0.123047 0.349609 0.123047 0.347656 0.121094 0.347656 0.119141 0.345703 0.117188 0.345703 0.113281 0.343750 0.111328 0.343750 0.109375 0.341797 0.107422 0.341797 0.103516 0.337891 0.099609 0.337891 0.097656 0.326172 0.097656 0.318359 0.089844 0.316406 0.089844 0.314453 0.087891 0.306641 0.087891 0.302734 0.091797 0.302734 0.093750 0.298828 0.097656 0.298828 0.105469 0.304688 0.111328 0.306641 0.111328 0.308594 0.113281 0.308594 0.115234 0.300781 0.123047 0.298828 0.123047 0.296875 0.121094 0.296875 0.119141 0.294922 0.117188 0.294922 0.115234 0.291016 0.111328 0.291016 0.109375 0.289062 0.107422 0.289062 0.101562 0.287109 0.099609 0.287109 0.095703 0.285156 0.093750 0.267578 0.093750 0.263672 0.089844 0.263672 0.087891 0.261719 0.085938 0.259766 0.085938 0.257812 0.083984 0.250000 0.083984 0.248047 0.082031 0.246094 0.082031 0.244141 0.080078 0.240234 0.080078 0.238281 0.078125 0.236328 0.078125 0.234375 0.076172 0.226562 0.076172 0.224609 0.074219 0.214844 0.074219 0.208984 0.080078 0.207031 0.080078 0.207031 0.083984 0.205078 0.085938 0.205078 0.099609 0.201172 0.103516 0.199219 0.103516 0.197266 0.105469 0.193359 0.105469 0.191406 0.107422 0.189453 0.107422 0.187500 0.109375 0.185547 0.109375 0.183594 0.107422 0.195312 0.095703 0.195312 0.072266 0.191406 0.072266 0.183594 0.064453 0.183594 0.062500 0.181641 0.062500 0.179688 0.060547 0.179688 0.050781 0.173828 0.044922 0.171875 0.044922 0.169922 0.042969 0.162109 0.042969 0.160156 0.044922 0.158203 0.044922 0.156250 0.046875 0.154297 0.046875 0.152344 0.048828 0.150391 0.046875 0.150391 0.035156 0.148438 0.033203 0.148438 0.031250 0.146484 0.029297
0 0.939453 0.000000 0.939453 0.009766 0.941406 0.011719 0.943359 0.011719 0.947266 0.015625 0.947266 0.017578 0.953125 0.023438 0.953125 0.031250 0.957031 0.031250 0.958984 0.029297 0.958984 0.025391 0.960938 0.023438 0.962891 0.025391 0.962891 0.027344 0.964844 0.029297 0.966797 0.029297 0.974609 0.037109 0.974609 0.039062 0.978516 0.042969 0.978516 0.044922 0.980469 0.044922 0.982422 0.046875 0.982422 0.048828 0.986328 0.052734 0.992188 0.052734 0.992188 0.000000 0.968750 0.000000 0.968750 0.003906 0.970703 0.005859 0.970703 0.011719 0.972656 0.013672 0.966797 0.019531 0.964844 0.019531 0.962891 0.017578 0.962891 0.005859 0.958984 0.001953 0.958984 0.000000