0 0.818359 0.832031 0.818359 0.861328 0.826172 0.861328 0.828125 0.863281 0.828125 0.867188 0.839844 0.867188 0.841797 0.869141 0.841797 0.875000 0.849609 0.875000 0.851562 0.876953 0.851562 0.886719 0.876953 0.886719 0.876953 0.871094 0.869141 0.871094 0.867188 0.869141 0.867188 0.865234 0.865234 0.865234 0.863281 0.863281 0.863281 0.851562 0.859375 0.851562 0.857422 0.849609 0.857422 0.847656 0.855469 0.847656 0.853516 0.845703 0.853516 0.837891 0.845703 0.837891 0.843750 0.835938 0.843750 0.832031
0 0.662109 0.621094 0.662109 0.628906 0.664062 0.630859 0.667969 0.630859 0.669922 0.632812 0.671875 0.632812 0.677734 0.638672 0.687500 0.638672 0.687500 0.630859 0.685547 0.630859 0.681641 0.626953 0.679688 0.626953 0.677734 0.625000 0.673828 0.625000 0.669922 0.621094
0 0.033203 0.388672 0.033203 0.412109 0.035156 0.412109 0.037109 0.414062 0.037109 0.416016 0.041016 0.416016 0.042969 0.417969 0.042969 0.425781 0.068359 0.425781 0.068359 0.410156 0.054688 0.410156 0.052734 0.408203 0.052734 0.400391 0.050781 0.400391 0.048828 0.398438 0.048828 0.388672
0 0.134766 0.371094 0.132812 0.373047 0.132812 0.376953 0.130859 0.378906 0.130859 0.380859 0.128906 0.382812 0.128906 0.398438 0.130859 0.400391 0.130859 0.402344 0.132812 0.404297 0.146484 0.404297 0.148438 0.406250 0.148438 0.408203 0.144531 0.412109 0.144531 0.419922 0.154297 0.419922 0.156250 0.417969 0.160156 0.417969 0.164062 0.421875 0.167969 0.421875 0.171875 0.425781 0.171875 0.427734 0.166016 0.433594 0.164062 0.433594 0.164062 0.435547 0.162109 0.437500 0.152344 0.437500 0.152344 0.441406 0.166016 0.441406 0.169922 0.445312 0.171875 0.445312 0.173828 0.447266 0.175781 0.447266 0.179688 0.451172 0.179688 0.457031 0.177734 0.458984 0.177734 0.464844 0.173828 0.468750 0.173828 0.470703 0.166016 0.478516 0.164062 0.478516 0.162109 0.480469 0.158203 0.480469 0.158203 0.482422 0.152344 0.488281 0.146484 0.488281 0.146484 0.492188 0.156250 0.492188 0.164062 0.484375 0.166016 0.484375 0.167969 0.482422 0.169922 0.482422 0.171875 0.480469 0.173828 0.480469 0.177734 0.476562 0.177734 0.474609 0.181641 0.470703 0.181641 0.462891 0.183594 0.460938 0.183594 0.445312 0.181641 0.443359 0.179688 0.443359 0.177734 0.441406 0.173828 0.441406 0.169922 0.437500 0.173828 0.433594 0.175781 0.433594 0.175781 0.431641 0.177734 0.429688 0.177734 0.419922 0.173828 0.419922 0.171875 0.417969 0.169922 0.417969 0.166016 0.414062 0.164062 0.414062 0.162109 0.412109 0.156250 0.412109 0.154297 0.410156 0.156250 0.408203 0.156250 0.402344 0.152344 0.402344 0.150391 0.400391 0.136719 0.400391 0.134766 0.398438 0.134766 0.394531 0.132812 0.392578 0.132812 0.388672 0.134766 0.386719 0.134766 0.384766 0.136719 0.382812 0.136719 0.376953 0.138672 0.375000 0.138672 0.371094
0 0.000000 0.339844 0.000000 0.343750 0.003906 0.343750 0.005859 0.345703 0.007812 0.345703 0.009766 0.347656 0.009766 0.349609 0.011719 0.349609 0.013672 0.351562 0.027344 0.351562 0.029297 0.353516 0.029297 0.355469 0.031250 0.355469 0.033203 0.357422 0.033203 0.367188 0.035156 0.367188 0.037109 0.369141 0.037109 0.371094 0.039062 0.373047 0.039062 0.375000 0.042969 0.378906 0.042969 0.380859 0.046875 0.380859 0.046875 0.373047 0.041016 0.367188 0.041016 0.365234 0.037109 0.361328 0.041016 0.357422 0.041016 0.349609 0.037109 0.345703 0.037109 0.343750 0.027344 0.343750 0.025391 0.345703 0.017578 0.345703 0.013672 0.341797 0.011719 0.341797 0.009766 0.339844
0 0.230469 0.332031 0.228516 0.333984 0.224609 0.333984 0.222656 0.335938 0.193359 0.335938 0.191406 0.337891 0.187500 0.337891 0.187500 0.339844 0.185547 0.341797 0.183594 0.341797 0.181641 0.343750 0.179688 0.343750 0.179688 0.345703 0.175781 0.349609 0.173828 0.349609 0.167969 0.355469 0.166016 0.355469 0.166016 0.359375 0.164062 0.361328 0.162109 0.361328 0.162109 0.365234 0.167969 0.365234 0.169922 0.363281 0.169922 0.361328 0.173828 0.357422 0.175781 0.357422 0.177734 0.355469 0.177734 0.353516 0.179688 0.351562 0.181641 0.351562 0.185547 0.347656 0.189453 0.347656 0.191406 0.345703 0.193359 0.345703 0.195312 0.343750 0.201172 0.343750 0.203125 0.341797 0.207031 0.341797 0.208984 0.339844 0.242188 0.339844 0.244141 0.337891 0.244141 0.332031
0 0.107422 0.322266 0.103516 0.326172 0.091797 0.326172 0.089844 0.328125 0.089844 0.337891 0.091797 0.337891 0.093750 0.339844 0.095703 0.339844 0.097656 0.341797 0.097656 0.343750 0.095703 0.345703 0.093750 0.345703 0.093750 0.347656 0.091797 0.349609 0.091797 0.351562 0.089844 0.353516 0.089844 0.359375 0.087891 0.361328 0.087891 0.369141 0.093750 0.369141 0.093750 0.365234 0.095703 0.363281 0.095703 0.361328 0.101562 0.355469 0.101562 0.353516 0.103516 0.351562 0.103516 0.343750 0.107422 0.339844 0.109375 0.339844 0.109375 0.330078 0.111328 0.328125 0.111328 0.322266
0 0.019531 0.296875 0.017578 0.298828 0.017578 0.300781 0.015625 0.302734 0.013672 0.302734 0.013672 0.308594 0.017578 0.308594 0.023438 0.302734 0.023438 0.296875
0 0.298828 0.265625 0.298828 0.271484 0.294922 0.275391 0.292969 0.275391 0.292969 0.281250 0.291016 0.283203 0.283203 0.283203 0.283203 0.298828 0.302734 0.298828 0.302734 0.292969 0.304688 0.291016 0.308594 0.291016 0.310547 0.289062 0.314453 0.289062 0.314453 0.265625
0 0.076172 0.259766 0.074219 0.261719 0.074219 0.267578 0.072266 0.269531 0.070312 0.269531 0.070312 0.279297 0.072266 0.281250 0.072266 0.283203 0.080078 0.291016 0.082031 0.291016 0.083984 0.292969 0.085938 0.292969 0.087891 0.294922 0.095703 0.294922 0.097656 0.292969 0.099609 0.292969 0.099609 0.287109 0.095703 0.287109 0.093750 0.289062 0.091797 0.289062 0.087891 0.285156 0.085938 0.285156 0.078125 0.277344 0.076172 0.277344 0.074219 0.275391 0.076172 0.273438 0.078125 0.273438 0.078125 0.265625 0.080078 0.263672 0.080078 0.259766
0 0.031250 0.255859 0.031250 0.259766 0.033203 0.261719 0.033203 0.263672 0.031250 0.265625 0.031250 0.271484 0.033203 0.273438 0.033203 0.275391 0.035156 0.275391 0.037109 0.277344 0.039062 0.277344 0.041016 0.279297 0.046875 0.279297 0.046875 0.275391 0.044922 0.275391 0.042969 0.273438 0.041016 0.273438 0.037109 0.269531 0.037109 0.255859
0 0.332031 0.197266 0.332031 0.205078 0.330078 0.207031 0.326172 0.207031 0.324219 0.208984 0.322266 0.208984 0.322266 0.210938 0.320312 0.212891 0.320312 0.214844 0.318359 0.216797 0.300781 0.216797 0.298828 0.214844 0.298828 0.208984 0.283203 0.208984 0.283203 0.232422 0.328125 0.232422 0.328125 0.230469 0.330078 0.228516 0.335938 0.228516 0.335938 0.226562 0.339844 0.222656 0.341797 0.222656 0.341797 0.220703 0.343750 0.218750 0.347656 0.218750 0.347656 0.214844 0.349609 0.212891 0.359375 0.212891 0.359375 0.197266
0 0.119141 0.013672 0.119141 0.025391 0.117188 0.027344 0.113281 0.027344 0.111328 0.029297 0.107422 0.029297 0.107422 0.031250 0.105469 0.033203 0.103516 0.033203 0.103516 0.052734 0.119141 0.052734 0.119141 0.050781 0.121094 0.048828 0.125000 0.048828 0.125000 0.046875 0.126953 0.044922 0.128906 0.044922 0.128906 0.041016 0.130859 0.039062 0.134766 0.039062 0.134766 0.031250 0.136719 0.029297 0.146484 0.029297 0.146484 0.013672