0 0.289062 0.966797 0.289062 0.970703 0.306641 0.970703 0.306641 0.966797
0 0.281250 0.964844 0.281250 0.968750 0.285156 0.968750 0.285156 0.964844
0 0.214844 0.957031 0.214844 0.960938 0.218750 0.960938 0.218750 0.957031
0 0.246094 0.951172 0.246094 0.955078 0.250000 0.955078 0.251953 0.957031 0.251953 0.958984 0.253906 0.958984 0.255859 0.960938 0.263672 0.960938 0.265625 0.962891 0.265625 0.964844 0.269531 0.964844 0.271484 0.966797 0.271484 0.968750 0.275391 0.968750 0.275391 0.964844 0.271484 0.964844 0.269531 0.962891 0.269531 0.960938 0.267578 0.960938 0.265625 0.958984 0.265625 0.957031 0.257812 0.957031 0.255859 0.955078 0.251953 0.955078 0.250000 0.953125 0.250000 0.951172
0 0.226562 0.947266 0.226562 0.949219 0.224609 0.951172 0.222656 0.951172 0.222656 0.958984 0.226562 0.958984 0.226562 0.953125 0.228516 0.951172 0.242188 0.951172 0.242188 0.947266
0 0.523438 0.759766 0.521484 0.761719 0.521484 0.767578 0.527344 0.773438 0.527344 0.775391 0.529297 0.777344 0.529297 0.779297 0.531250 0.781250 0.531250 0.785156 0.527344 0.789062 0.527344 0.792969 0.533203 0.792969 0.535156 0.791016 0.539062 0.791016 0.541016 0.789062 0.548828 0.789062 0.550781 0.787109 0.556641 0.787109 0.558594 0.785156 0.560547 0.785156 0.562500 0.783203 0.564453 0.783203 0.566406 0.785156 0.564453 0.787109 0.564453 0.794922 0.589844 0.794922 0.591797 0.792969 0.593750 0.792969 0.597656 0.789062 0.599609 0.789062 0.599609 0.787109 0.601562 0.785156 0.601562 0.781250 0.597656 0.781250 0.595703 0.783203 0.595703 0.785156 0.593750 0.787109 0.591797 0.787109 0.589844 0.789062 0.587891 0.789062 0.585938 0.791016 0.572266 0.791016 0.570312 0.789062 0.570312 0.783203 0.568359 0.781250 0.568359 0.779297 0.560547 0.779297 0.558594 0.781250 0.552734 0.781250 0.550781 0.783203 0.546875 0.783203 0.544922 0.785156 0.537109 0.785156 0.535156 0.783203 0.535156 0.775391 0.533203 0.773438 0.533203 0.771484 0.531250 0.769531 0.531250 0.767578 0.527344 0.763672 0.527344 0.759766
0 0.058594 0.671875 0.058594 0.675781 0.060547 0.675781 0.062500 0.677734 0.062500 0.689453 0.060547 0.691406 0.058594 0.691406 0.058594 0.695312 0.066406 0.695312 0.066406 0.671875
0 0.046875 0.652344 0.046875 0.656250 0.050781 0.656250 0.052734 0.658203 0.052734 0.662109 0.056641 0.662109 0.058594 0.664062 0.058594 0.667969 0.062500 0.667969 0.062500 0.664062 0.058594 0.664062 0.056641 0.662109 0.056641 0.658203 0.052734 0.658203 0.050781 0.656250 0.050781 0.652344
0 0.042969 0.640625 0.042969 0.644531 0.046875 0.644531 0.046875 0.640625
0 0.046875 0.607422 0.046875 0.609375 0.044922 0.611328 0.039062 0.611328 0.039062 0.634766 0.042969 0.634766 0.042969 0.617188 0.044922 0.615234 0.046875 0.615234 0.046875 0.613281 0.048828 0.611328 0.050781 0.611328 0.050781 0.607422
0 0.066406 0.587891 0.066406 0.595703 0.070312 0.595703 0.070312 0.587891
0 0.671875 0.462891 0.671875 0.474609 0.673828 0.476562 0.673828 0.486328 0.675781 0.488281 0.675781 0.492188 0.677734 0.494141 0.679688 0.494141 0.681641 0.496094 0.681641 0.498047 0.685547 0.501953 0.685547 0.505859 0.687500 0.507812 0.687500 0.509766 0.689453 0.511719 0.689453 0.523438 0.685547 0.527344 0.685547 0.531250 0.675781 0.541016 0.671875 0.537109 0.669922 0.537109 0.667969 0.535156 0.666016 0.535156 0.664062 0.533203 0.660156 0.533203 0.658203 0.531250 0.648438 0.531250 0.644531 0.535156 0.644531 0.537109 0.642578 0.539062 0.642578 0.541016 0.640625 0.542969 0.640625 0.544922 0.638672 0.546875 0.638672 0.564453 0.636719 0.566406 0.634766 0.566406 0.632812 0.568359 0.632812 0.582031 0.634766 0.583984 0.636719 0.583984 0.638672 0.585938 0.640625 0.585938 0.642578 0.587891 0.644531 0.587891 0.650391 0.593750 0.650391 0.595703 0.636719 0.609375 0.636719 0.613281 0.634766 0.615234 0.634766 0.617188 0.632812 0.619141 0.632812 0.630859 0.636719 0.634766 0.636719 0.636719 0.638672 0.638672 0.640625 0.638672 0.642578 0.640625 0.644531 0.640625 0.646484 0.642578 0.648438 0.642578 0.650391 0.644531 0.662109 0.644531 0.667969 0.650391 0.667969 0.666016 0.671875 0.666016 0.671875 0.646484 0.667969 0.642578 0.667969 0.640625 0.654297 0.640625 0.652344 0.638672 0.648438 0.638672 0.644531 0.634766 0.642578 0.634766 0.640625 0.632812 0.640625 0.630859 0.636719 0.626953 0.636719 0.623047 0.638672 0.621094 0.638672 0.619141 0.640625 0.617188 0.640625 0.615234 0.650391 0.605469 0.650391 0.603516 0.652344 0.601562 0.654297 0.601562 0.654297 0.587891 0.650391 0.583984 0.648438 0.583984 0.646484 0.582031 0.642578 0.582031 0.640625 0.580078 0.638672 0.580078 0.636719 0.578125 0.636719 0.574219 0.642578 0.568359 0.644531 0.568359 0.646484 0.566406 0.646484 0.558594 0.644531 0.558594 0.642578 0.556641 0.642578 0.552734 0.644531 0.550781 0.644531 0.546875 0.646484 0.544922 0.646484 0.542969 0.650391 0.539062 0.650391 0.537109 0.652344 0.535156 0.654297 0.535156 0.656250 0.537109 0.660156 0.537109 0.664062 0.541016 0.667969 0.541016 0.671875 0.544922 0.681641 0.544922 0.681641 0.542969 0.689453 0.535156 0.689453 0.531250 0.693359 0.527344 0.693359 0.505859 0.689453 0.501953 0.689453 0.498047 0.685547 0.494141 0.685547 0.492188 0.679688 0.486328 0.679688 0.484375 0.677734 0.482422 0.677734 0.474609 0.675781 0.472656 0.675781 0.462891
0 0.707031 0.298828 0.707031 0.302734 0.710938 0.302734 0.710938 0.298828
0 0.679688 0.261719 0.679688 0.271484 0.681641 0.271484 0.683594 0.273438 0.683594 0.277344 0.685547 0.279297 0.685547 0.281250 0.687500 0.281250 0.689453 0.283203 0.689453 0.287109 0.691406 0.287109 0.693359 0.289062 0.693359 0.292969 0.695312 0.292969 0.697266 0.294922 0.701172 0.294922 0.701172 0.291016 0.699219 0.291016 0.697266 0.289062 0.695312 0.289062 0.693359 0.287109 0.693359 0.283203 0.691406 0.283203 0.689453 0.281250 0.689453 0.277344 0.687500 0.275391 0.687500 0.273438 0.685547 0.271484 0.685547 0.267578 0.683594 0.265625 0.683594 0.261719
0 0.654297 0.244141 0.654297 0.246094 0.652344 0.248047 0.646484 0.248047 0.644531 0.250000 0.644531 0.251953 0.642578 0.253906 0.638672 0.253906 0.636719 0.255859 0.634766 0.255859 0.632812 0.257812 0.628906 0.257812 0.628906 0.259766 0.626953 0.261719 0.623047 0.261719 0.621094 0.263672 0.611328 0.263672 0.611328 0.267578 0.623047 0.267578 0.625000 0.265625 0.632812 0.265625 0.632812 0.261719 0.634766 0.259766 0.638672 0.259766 0.640625 0.257812 0.642578 0.257812 0.642578 0.255859 0.644531 0.253906 0.648438 0.253906 0.650391 0.251953 0.652344 0.251953 0.652344 0.250000 0.654297 0.248047 0.660156 0.248047 0.660156 0.244141
0 0.664062 0.240234 0.664062 0.244141 0.669922 0.244141 0.671875 0.246094 0.671875 0.248047 0.673828 0.250000 0.673828 0.253906 0.675781 0.255859 0.675781 0.257812 0.679688 0.257812 0.679688 0.253906 0.677734 0.251953 0.677734 0.248047 0.675781 0.246094 0.675781 0.240234
0 0.488281 0.214844 0.488281 0.218750 0.490234 0.220703 0.490234 0.224609 0.492188 0.226562 0.492188 0.228516 0.494141 0.230469 0.494141 0.232422 0.496094 0.234375 0.496094 0.236328 0.498047 0.238281 0.498047 0.248047 0.492188 0.253906 0.472656 0.253906 0.468750 0.257812 0.468750 0.269531 0.470703 0.271484 0.470703 0.275391 0.468750 0.277344 0.464844 0.277344 0.462891 0.279297 0.460938 0.279297 0.458984 0.277344 0.457031 0.277344 0.455078 0.275391 0.455078 0.273438 0.453125 0.271484 0.453125 0.267578 0.451172 0.265625 0.451172 0.263672 0.445312 0.257812 0.435547 0.257812 0.433594 0.259766 0.431641 0.259766 0.427734 0.263672 0.423828 0.263672 0.421875 0.265625 0.417969 0.265625 0.417969 0.271484 0.421875 0.275391 0.421875 0.277344 0.423828 0.279297 0.421875 0.281250 0.421875 0.283203 0.419922 0.285156 0.419922 0.294922 0.416016 0.298828 0.416016 0.300781 0.414062 0.302734 0.408203 0.302734 0.406250 0.300781 0.406250 0.298828 0.402344 0.294922 0.402344 0.292969 0.396484 0.287109 0.386719 0.287109 0.384766 0.289062 0.384766 0.291016 0.382812 0.292969 0.382812 0.296875 0.380859 0.298828 0.375000 0.298828 0.375000 0.300781 0.373047 0.302734 0.373047 0.312500 0.375000 0.314453 0.375000 0.318359 0.369141 0.324219 0.365234 0.324219 0.361328 0.328125 0.361328 0.330078 0.359375 0.332031 0.359375 0.337891 0.363281 0.337891 0.365234 0.335938 0.365234 0.333984 0.371094 0.328125 0.373047 0.328125 0.375000 0.326172 0.376953 0.326172 0.378906 0.324219 0.378906 0.308594 0.380859 0.306641 0.388672 0.306641 0.388672 0.302734 0.386719 0.300781 0.386719 0.298828 0.388672 0.296875 0.388672 0.294922 0.390625 0.292969 0.392578 0.292969 0.394531 0.294922 0.396484 0.294922 0.398438 0.296875 0.398438 0.298828 0.402344 0.302734 0.402344 0.304688 0.408203 0.310547 0.412109 0.310547 0.416016 0.306641 0.417969 0.306641 0.423828 0.300781 0.423828 0.289062 0.425781 0.287109 0.425781 0.285156 0.427734 0.283203 0.433594 0.283203 0.433594 0.279297 0.431641 0.277344 0.431641 0.275391 0.429688 0.273438 0.427734 0.273438 0.423828 0.269531 0.425781 0.267578 0.429688 0.267578 0.431641 0.265625 0.433594 0.265625 0.435547 0.263672 0.437500 0.263672 0.439453 0.261719 0.441406 0.261719 0.445312 0.265625 0.445312 0.267578 0.447266 0.269531 0.447266 0.271484 0.449219 0.273438 0.449219 0.277344 0.453125 0.281250 0.455078 0.281250 0.457031 0.283203 0.466797 0.283203 0.468750 0.281250 0.478516 0.281250 0.478516 0.275391 0.474609 0.271484 0.474609 0.267578 0.472656 0.265625 0.472656 0.263672 0.478516 0.257812 0.498047 0.257812 0.501953 0.253906 0.501953 0.234375 0.500000 0.232422 0.500000 0.228516 0.498047 0.226562 0.498047 0.224609 0.496094 0.222656 0.496094 0.220703 0.494141 0.218750 0.494141 0.214844
0 0.082031 0.103516 0.082031 0.113281 0.085938 0.113281 0.085938 0.103516
0 0.082031 0.095703 0.082031 0.099609 0.085938 0.099609 0.085938 0.095703
0 0.429688 0.085938 0.425781 0.089844 0.425781 0.091797 0.423828 0.093750 0.423828 0.109375 0.429688 0.115234 0.429688 0.117188 0.431641 0.117188 0.433594 0.119141 0.433594 0.121094 0.435547 0.123047 0.435547 0.125000 0.439453 0.128906 0.441406 0.128906 0.443359 0.130859 0.443359 0.132812 0.445312 0.132812 0.447266 0.134766 0.447266 0.136719 0.451172 0.140625 0.451172 0.142578 0.453125 0.144531 0.455078 0.144531 0.460938 0.150391 0.462891 0.150391 0.464844 0.152344 0.464844 0.154297 0.482422 0.154297 0.482422 0.152344 0.484375 0.150391 0.488281 0.150391 0.492188 0.146484 0.494141 0.146484 0.494141 0.144531 0.496094 0.142578 0.498047 0.142578 0.500000 0.140625 0.501953 0.140625 0.501953 0.138672 0.503906 0.136719 0.503906 0.134766 0.505859 0.132812 0.505859 0.130859 0.507812 0.128906 0.507812 0.125000 0.509766 0.123047 0.509766 0.119141 0.511719 0.117188 0.511719 0.105469 0.507812 0.105469 0.507812 0.115234 0.505859 0.117188 0.505859 0.121094 0.503906 0.123047 0.503906 0.126953 0.501953 0.128906 0.501953 0.130859 0.498047 0.134766 0.498047 0.136719 0.496094 0.138672 0.494141 0.138672 0.494141 0.140625 0.492188 0.142578 0.490234 0.142578 0.488281 0.144531 0.486328 0.144531 0.484375 0.146484 0.482422 0.146484 0.482422 0.148438 0.480469 0.150391 0.466797 0.150391 0.464844 0.148438 0.464844 0.144531 0.462891 0.144531 0.460938 0.142578 0.458984 0.142578 0.453125 0.136719 0.453125 0.134766 0.451172 0.132812 0.449219 0.132812 0.447266 0.130859 0.447266 0.128906 0.445312 0.128906 0.443359 0.126953 0.443359 0.125000 0.437500 0.119141 0.437500 0.117188 0.435547 0.117188 0.433594 0.115234 0.433594 0.113281 0.431641 0.111328 0.431641 0.109375 0.427734 0.105469 0.427734 0.095703 0.433594 0.089844 0.433594 0.085938
0 0.085938 0.082031 0.085938 0.085938 0.089844 0.085938 0.089844 0.082031
0 0.191406 0.066406 0.191406 0.070312 0.195312 0.070312 0.195312 0.066406
0 0.181641 0.066406 0.181641 0.070312 0.185547 0.070312 0.185547 0.066406
0 0.085938 0.066406 0.085938 0.070312 0.089844 0.070312 0.089844 0.066406
0 0.214844 0.058594 0.214844 0.060547 0.212891 0.062500 0.212891 0.064453 0.210938 0.066406 0.199219 0.066406 0.199219 0.070312 0.212891 0.070312 0.212891 0.068359 0.214844 0.066406 0.216797 0.066406 0.216797 0.064453 0.218750 0.062500 0.218750 0.058594
0 0.175781 0.058594 0.175781 0.062500 0.179688 0.062500 0.179688 0.058594
0 0.162109 0.056641 0.162109 0.060547 0.166016 0.060547 0.166016 0.056641
0 0.226562 0.052734 0.226562 0.056641 0.230469 0.056641 0.230469 0.052734
0 0.142578 0.046875 0.142578 0.050781 0.146484 0.050781 0.146484 0.046875
0 0.128906 0.046875 0.128906 0.050781 0.132812 0.050781 0.132812 0.046875
0 0.718750 0.042969 0.718750 0.046875 0.722656 0.050781 0.722656 0.052734 0.724609 0.054688 0.726562 0.054688 0.730469 0.058594 0.734375 0.058594 0.738281 0.062500 0.738281 0.064453 0.742188 0.064453 0.744141 0.066406 0.744141 0.070312 0.746094 0.072266 0.748047 0.072266 0.750000 0.074219 0.750000 0.078125 0.751953 0.080078 0.751953 0.083984 0.753906 0.083984 0.755859 0.085938 0.755859 0.087891 0.761719 0.093750 0.771484 0.093750 0.773438 0.091797 0.777344 0.091797 0.779297 0.089844 0.779297 0.082031 0.781250 0.080078 0.781250 0.066406 0.777344 0.066406 0.777344 0.080078 0.775391 0.082031 0.775391 0.085938 0.771484 0.089844 0.765625 0.089844 0.759766 0.083984 0.757812 0.083984 0.755859 0.082031 0.755859 0.076172 0.753906 0.074219 0.751953 0.074219 0.750000 0.072266 0.750000 0.068359 0.748047 0.066406 0.744141 0.066406 0.742188 0.064453 0.742188 0.060547 0.740234 0.058594 0.740234 0.056641 0.738281 0.056641 0.736328 0.054688 0.734375 0.054688 0.732422 0.052734 0.730469 0.052734 0.726562 0.048828 0.726562 0.046875 0.722656 0.042969
0 0.236328 0.042969 0.236328 0.046875 0.240234 0.046875 0.240234 0.042969
0 0.091797 0.039062 0.091797 0.044922 0.089844 0.046875 0.089844 0.056641 0.093750 0.056641 0.093750 0.048828 0.095703 0.046875 0.095703 0.044922 0.097656 0.042969 0.119141 0.042969 0.119141 0.039062
0 0.242188 0.033203 0.242188 0.039062 0.246094 0.039062 0.246094 0.033203
0 0.251953 0.019531 0.251953 0.023438 0.255859 0.023438 0.255859 0.019531