0 0.531250 0.974609 0.529297 0.976562 0.525391 0.976562 0.525391 0.986328 0.527344 0.988281 0.527344 0.992188 0.542969 0.992188 0.542969 0.990234 0.541016 0.988281 0.541016 0.986328 0.539062 0.984375 0.539062 0.974609
0 0.375000 0.974609 0.375000 0.978516 0.373047 0.980469 0.369141 0.980469 0.369141 0.982422 0.367188 0.984375 0.365234 0.984375 0.365234 0.990234 0.363281 0.992188 0.373047 0.992188 0.373047 0.990234 0.375000 0.988281 0.375000 0.978516 0.376953 0.976562
0 0.554688 0.908203 0.554688 0.916016 0.556641 0.917969 0.562500 0.917969 0.564453 0.919922 0.570312 0.919922 0.570312 0.912109 0.568359 0.910156 0.568359 0.908203
0 0.539062 0.896484 0.531250 0.904297 0.531250 0.908203 0.529297 0.910156 0.529297 0.917969 0.531250 0.917969 0.533203 0.919922 0.533203 0.921875 0.539062 0.921875 0.541016 0.919922 0.541016 0.912109 0.544922 0.908203 0.548828 0.908203 0.550781 0.906250 0.550781 0.902344 0.548828 0.900391 0.548828 0.898438 0.546875 0.898438 0.544922 0.896484
0 0.501953 0.888672 0.501953 0.890625 0.500000 0.892578 0.500000 0.894531 0.498047 0.896484 0.498047 0.898438 0.496094 0.900391 0.496094 0.910156 0.498047 0.910156 0.501953 0.914062 0.509766 0.914062 0.509766 0.912109 0.513672 0.908203 0.513672 0.902344 0.509766 0.902344 0.509766 0.904297 0.505859 0.908203 0.503906 0.908203 0.501953 0.906250 0.501953 0.902344 0.503906 0.900391 0.503906 0.896484 0.505859 0.894531 0.505859 0.888672
0 0.511719 0.859375 0.507812 0.863281 0.507812 0.865234 0.503906 0.869141 0.503906 0.878906 0.507812 0.878906 0.509766 0.876953 0.511719 0.876953 0.515625 0.873047 0.515625 0.871094 0.519531 0.867188 0.519531 0.859375
0 0.068359 0.837891 0.066406 0.839844 0.066406 0.841797 0.064453 0.843750 0.060547 0.843750 0.056641 0.847656 0.050781 0.847656 0.048828 0.849609 0.046875 0.849609 0.044922 0.847656 0.041016 0.847656 0.039062 0.845703 0.033203 0.845703 0.031250 0.847656 0.023438 0.847656 0.023438 0.855469 0.025391 0.855469 0.029297 0.859375 0.029297 0.861328 0.027344 0.863281 0.027344 0.867188 0.025391 0.869141 0.023438 0.867188 0.023438 0.865234 0.019531 0.865234 0.015625 0.861328 0.013672 0.861328 0.011719 0.859375 0.009766 0.859375 0.005859 0.863281 0.001953 0.863281 0.000000 0.865234 0.000000 0.992188 0.080078 0.992188 0.080078 0.976562 0.078125 0.976562 0.076172 0.974609 0.076172 0.968750 0.078125 0.966797 0.082031 0.966797 0.083984 0.968750 0.083984 0.972656 0.095703 0.972656 0.095703 0.962891 0.097656 0.960938 0.097656 0.958984 0.099609 0.957031 0.099609 0.955078 0.101562 0.953125 0.101562 0.951172 0.103516 0.949219 0.103516 0.947266 0.105469 0.945312 0.117188 0.945312 0.117188 0.939453 0.111328 0.933594 0.111328 0.929688 0.113281 0.927734 0.119141 0.927734 0.125000 0.933594 0.125000 0.937500 0.125000 0.935547 0.126953 0.933594 0.132812 0.933594 0.136719 0.937500 0.136719 0.939453 0.130859 0.945312 0.130859 0.947266 0.128906 0.949219 0.121094 0.949219 0.121094 0.951172 0.119141 0.953125 0.119141 0.974609 0.121094 0.976562 0.121094 0.978516 0.128906 0.978516 0.130859 0.976562 0.132812 0.976562 0.136719 0.972656 0.146484 0.972656 0.150391 0.976562 0.150391 0.978516 0.152344 0.980469 0.158203 0.980469 0.160156 0.978516 0.160156 0.968750 0.158203 0.966797 0.158203 0.964844 0.156250 0.964844 0.154297 0.962891 0.154297 0.960938 0.152344 0.960938 0.150391 0.958984 0.150391 0.957031 0.148438 0.955078 0.148438 0.939453 0.150391 0.937500 0.150391 0.935547 0.152344 0.933594 0.156250 0.933594 0.158203 0.935547 0.160156 0.935547 0.164062 0.939453 0.166016 0.939453 0.166016 0.931641 0.167969 0.929688 0.169922 0.929688 0.171875 0.927734 0.171875 0.925781 0.173828 0.923828 0.173828 0.916016 0.171875 0.916016 0.169922 0.917969 0.169922 0.919922 0.164062 0.925781 0.162109 0.923828 0.162109 0.917969 0.164062 0.916016 0.164062 0.910156 0.166016 0.908203 0.166016 0.906250 0.164062 0.906250 0.162109 0.908203 0.162109 0.910156 0.158203 0.914062 0.156250 0.914062 0.156250 0.917969 0.154297 0.919922 0.142578 0.919922 0.140625 0.917969 0.134766 0.917969 0.132812 0.916016 0.132812 0.914062 0.134766 0.912109 0.142578 0.912109 0.142578 0.906250 0.140625 0.906250 0.138672 0.904297 0.138672 0.896484 0.134766 0.892578 0.134766 0.890625 0.132812 0.888672 0.130859 0.888672 0.128906 0.886719 0.128906 0.882812 0.130859 0.880859 0.134766 0.880859 0.136719 0.878906 0.138672 0.878906 0.140625 0.876953 0.142578 0.876953 0.144531 0.875000 0.144531 0.873047 0.150391 0.867188 0.148438 0.867188 0.146484 0.865234 0.146484 0.861328 0.140625 0.861328 0.138672 0.863281 0.138672 0.865234 0.136719 0.867188 0.132812 0.867188 0.130859 0.869141 0.125000 0.869141 0.123047 0.871094 0.119141 0.871094 0.115234 0.875000 0.115234 0.876953 0.113281 0.878906 0.111328 0.878906 0.107422 0.875000 0.107422 0.871094 0.105469 0.871094 0.103516 0.869141 0.103516 0.861328 0.097656 0.855469 0.097656 0.853516 0.087891 0.853516 0.085938 0.851562 0.085938 0.849609 0.083984 0.849609 0.080078 0.845703 0.080078 0.837891
0 0.570312 0.816406 0.568359 0.818359 0.568359 0.820312 0.566406 0.822266 0.566406 0.830078 0.570312 0.830078 0.572266 0.828125 0.572266 0.824219 0.574219 0.822266 0.574219 0.818359 0.572266 0.816406
0 0.554688 0.789062 0.550781 0.792969 0.550781 0.800781 0.552734 0.800781 0.556641 0.796875 0.560547 0.796875 0.560547 0.789062
0 0.589844 0.759766 0.587891 0.761719 0.587891 0.767578 0.582031 0.773438 0.580078 0.773438 0.578125 0.775391 0.578125 0.783203 0.585938 0.783203 0.587891 0.781250 0.589844 0.781250 0.593750 0.777344 0.595703 0.777344 0.599609 0.773438 0.599609 0.761719 0.597656 0.759766
0 0.478516 0.744141 0.476562 0.746094 0.470703 0.746094 0.466797 0.750000 0.466797 0.765625 0.468750 0.767578 0.470703 0.767578 0.472656 0.769531 0.474609 0.769531 0.476562 0.771484 0.480469 0.771484 0.482422 0.773438 0.498047 0.773438 0.498047 0.767578 0.494141 0.763672 0.494141 0.759766 0.492188 0.759766 0.490234 0.757812 0.490234 0.755859 0.484375 0.750000 0.484375 0.746094 0.482422 0.744141
0 0.611328 0.726562 0.611328 0.730469 0.613281 0.732422 0.613281 0.738281 0.611328 0.740234 0.609375 0.740234 0.609375 0.748047 0.613281 0.748047 0.615234 0.750000 0.625000 0.750000 0.626953 0.748047 0.626953 0.736328 0.628906 0.734375 0.632812 0.734375 0.632812 0.730469 0.630859 0.728516 0.626953 0.728516 0.626953 0.730469 0.625000 0.732422 0.623047 0.732422 0.621094 0.730469 0.621094 0.726562
0 0.722656 0.671875 0.720703 0.673828 0.720703 0.681641 0.722656 0.683594 0.724609 0.683594 0.726562 0.685547 0.726562 0.691406 0.722656 0.695312 0.722656 0.701172 0.730469 0.701172 0.734375 0.697266 0.740234 0.697266 0.742188 0.695312 0.744141 0.695312 0.746094 0.693359 0.748047 0.693359 0.750000 0.691406 0.751953 0.691406 0.751953 0.689453 0.753906 0.687500 0.755859 0.689453 0.755859 0.695312 0.753906 0.697266 0.753906 0.705078 0.746094 0.712891 0.746094 0.720703 0.748047 0.722656 0.746094 0.724609 0.746094 0.730469 0.748047 0.732422 0.748047 0.734375 0.746094 0.736328 0.746094 0.740234 0.744141 0.742188 0.742188 0.742188 0.742188 0.744141 0.740234 0.746094 0.738281 0.746094 0.738281 0.748047 0.734375 0.751953 0.734375 0.759766 0.732422 0.761719 0.730469 0.759766 0.730469 0.757812 0.728516 0.755859 0.728516 0.750000 0.722656 0.750000 0.720703 0.748047 0.720703 0.744141 0.722656 0.742188 0.722656 0.730469 0.714844 0.730469 0.712891 0.728516 0.712891 0.726562 0.716797 0.722656 0.716797 0.720703 0.714844 0.718750 0.714844 0.714844 0.712891 0.712891 0.712891 0.710938 0.707031 0.710938 0.705078 0.708984 0.705078 0.703125 0.691406 0.703125 0.689453 0.705078 0.687500 0.705078 0.685547 0.707031 0.685547 0.708984 0.683594 0.710938 0.683594 0.712891 0.681641 0.714844 0.679688 0.714844 0.679688 0.718750 0.677734 0.720703 0.679688 0.722656 0.675781 0.726562 0.675781 0.732422 0.673828 0.734375 0.673828 0.736328 0.671875 0.738281 0.667969 0.738281 0.666016 0.740234 0.664062 0.740234 0.660156 0.744141 0.658203 0.744141 0.658203 0.746094 0.656250 0.748047 0.654297 0.748047 0.654297 0.753906 0.658203 0.757812 0.658203 0.759766 0.662109 0.759766 0.666016 0.763672 0.666016 0.769531 0.671875 0.775391 0.671875 0.779297 0.669922 0.781250 0.667969 0.781250 0.664062 0.777344 0.662109 0.777344 0.660156 0.775391 0.660156 0.773438 0.654297 0.773438 0.654297 0.775391 0.652344 0.777344 0.650391 0.777344 0.650391 0.779297 0.648438 0.781250 0.642578 0.781250 0.640625 0.779297 0.642578 0.777344 0.642578 0.773438 0.640625 0.773438 0.634766 0.767578 0.634766 0.765625 0.632812 0.763672 0.630859 0.765625 0.628906 0.765625 0.628906 0.767578 0.626953 0.769531 0.625000 0.767578 0.623047 0.767578 0.621094 0.769531 0.615234 0.769531 0.611328 0.773438 0.611328 0.777344 0.607422 0.781250 0.605469 0.781250 0.605469 0.783203 0.603516 0.785156 0.601562 0.785156 0.599609 0.787109 0.599609 0.789062 0.597656 0.791016 0.597656 0.796875 0.595703 0.798828 0.593750 0.798828 0.591797 0.800781 0.591797 0.804688 0.589844 0.806641 0.589844 0.812500 0.591797 0.814453 0.591797 0.816406 0.593750 0.818359 0.593750 0.820312 0.599609 0.820312 0.601562 0.822266 0.601562 0.830078 0.599609 0.832031 0.597656 0.832031 0.597656 0.833984 0.595703 0.835938 0.595703 0.837891 0.593750 0.839844 0.587891 0.839844 0.585938 0.841797 0.583984 0.841797 0.582031 0.843750 0.580078 0.843750 0.580078 0.861328 0.578125 0.863281 0.572266 0.863281 0.572266 0.873047 0.574219 0.875000 0.576172 0.875000 0.578125 0.876953 0.580078 0.876953 0.582031 0.878906 0.583984 0.878906 0.585938 0.880859 0.587891 0.880859 0.589844 0.882812 0.589844 0.888672 0.585938 0.892578 0.583984 0.892578 0.583984 0.894531 0.578125 0.900391 0.578125 0.910156 0.580078 0.912109 0.580078 0.914062 0.582031 0.916016 0.583984 0.916016 0.585938 0.917969 0.585938 0.919922 0.587891 0.919922 0.589844 0.921875 0.589844 0.931641 0.591797 0.931641 0.593750 0.933594 0.593750 0.935547 0.591797 0.937500 0.589844 0.937500 0.589844 0.939453 0.595703 0.939453 0.597656 0.941406 0.597656 0.947266 0.599609 0.949219 0.599609 0.951172 0.601562 0.953125 0.601562 0.960938 0.597656 0.964844 0.597656 0.966797 0.599609 0.966797 0.601562 0.968750 0.601562 0.974609 0.599609 0.976562 0.597656 0.976562 0.597656 0.978516 0.601562 0.982422 0.601562 0.990234 0.603516 0.992188 0.751953 0.992188 0.751953 0.990234 0.748047 0.986328 0.748047 0.980469 0.744141 0.976562 0.744141 0.968750 0.742188 0.966797 0.742188 0.962891 0.740234 0.960938 0.740234 0.958984 0.738281 0.957031 0.738281 0.955078 0.730469 0.955078 0.728516 0.957031 0.728516 0.958984 0.726562 0.960938 0.722656 0.960938 0.720703 0.958984 0.718750 0.958984 0.716797 0.957031 0.716797 0.949219 0.722656 0.943359 0.722656 0.935547 0.720703 0.933594 0.720703 0.927734 0.718750 0.925781 0.720703 0.923828 0.722656 0.923828 0.724609 0.925781 0.728516 0.925781 0.732422 0.929688 0.732422 0.935547 0.736328 0.935547 0.740234 0.939453 0.742188 0.939453 0.744141 0.941406 0.744141 0.949219 0.748047 0.953125 0.750000 0.953125 0.751953 0.955078 0.753906 0.955078 0.757812 0.958984 0.759766 0.958984 0.763672 0.962891 0.765625 0.962891 0.767578 0.964844 0.767578 0.966797 0.769531 0.968750 0.769531 0.970703 0.771484 0.972656 0.771484 0.974609 0.775391 0.978516 0.777344 0.978516 0.779297 0.980469 0.781250 0.980469 0.783203 0.982422 0.783203 0.988281 0.785156 0.990234 0.785156 0.992188 0.992188 0.992188 0.992188 0.710938 0.984375 0.710938 0.982422 0.712891 0.980469 0.712891 0.980469 0.720703 0.986328 0.720703 0.988281 0.722656 0.988281 0.728516 0.986328 0.730469 0.968750 0.730469 0.966797 0.728516 0.964844 0.728516 0.962891 0.726562 0.955078 0.726562 0.953125 0.724609 0.953125 0.722656 0.951172 0.720703 0.945312 0.720703 0.945312 0.722656 0.941406 0.726562 0.939453 0.724609 0.937500 0.724609 0.935547 0.722656 0.933594 0.722656 0.921875 0.734375 0.921875 0.755859 0.919922 0.757812 0.908203 0.757812 0.908203 0.767578 0.906250 0.769531 0.906250 0.771484 0.900391 0.777344 0.898438 0.777344 0.896484 0.775391 0.896484 0.771484 0.888672 0.771484 0.886719 0.769531 0.886719 0.763672 0.884766 0.761719 0.884766 0.759766 0.882812 0.757812 0.882812 0.755859 0.880859 0.753906 0.878906 0.753906 0.876953 0.751953 0.876953 0.750000 0.875000 0.748047 0.875000 0.744141 0.873047 0.742188 0.873047 0.738281 0.871094 0.736328 0.871094 0.734375 0.869141 0.732422 0.869141 0.730469 0.871094 0.728516 0.873047 0.728516 0.875000 0.726562 0.876953 0.726562 0.878906 0.724609 0.880859 0.724609 0.882812 0.726562 0.882812 0.728516 0.888672 0.728516 0.888672 0.726562 0.890625 0.724609 0.890625 0.722656 0.892578 0.720703 0.892578 0.716797 0.894531 0.714844 0.896484 0.714844 0.896484 0.689453 0.886719 0.689453 0.876953 0.699219 0.875000 0.699219 0.873047 0.701172 0.873047 0.703125 0.871094 0.705078 0.871094 0.708984 0.865234 0.714844 0.863281 0.714844 0.861328 0.712891 0.861328 0.710938 0.859375 0.710938 0.857422 0.708984 0.857422 0.707031 0.855469 0.707031 0.853516 0.705078 0.853516 0.703125 0.839844 0.703125 0.837891 0.701172 0.837891 0.697266 0.839844 0.695312 0.839844 0.689453 0.837891 0.687500 0.837891 0.677734 0.833984 0.673828 0.832031 0.673828 0.830078 0.671875 0.814453 0.671875 0.814453 0.673828 0.812500 0.675781 0.810547 0.675781 0.808594 0.677734 0.802734 0.671875 0.798828 0.671875 0.798828 0.675781 0.800781 0.677734 0.798828 0.679688 0.792969 0.679688 0.792969 0.681641 0.791016 0.683594 0.777344 0.683594 0.775391 0.681641 0.773438 0.681641 0.771484 0.679688 0.765625 0.679688 0.763672 0.677734 0.763672 0.675781 0.759766 0.675781 0.755859 0.679688 0.755859 0.681641 0.753906 0.683594 0.750000 0.683594 0.746094 0.679688 0.746094 0.671875
0 0.472656 0.650391 0.466797 0.656250 0.462891 0.656250 0.451172 0.667969 0.451172 0.677734 0.455078 0.677734 0.457031 0.679688 0.457031 0.691406 0.455078 0.693359 0.455078 0.695312 0.453125 0.697266 0.453125 0.699219 0.451172 0.701172 0.451172 0.710938 0.449219 0.712891 0.449219 0.714844 0.447266 0.716797 0.447266 0.724609 0.451172 0.724609 0.453125 0.726562 0.455078 0.724609 0.455078 0.722656 0.457031 0.720703 0.457031 0.716797 0.458984 0.714844 0.458984 0.710938 0.460938 0.708984 0.460938 0.699219 0.462891 0.697266 0.462891 0.693359 0.464844 0.691406 0.470703 0.691406 0.474609 0.695312 0.482422 0.695312 0.482422 0.687500 0.480469 0.685547 0.478516 0.685547 0.476562 0.683594 0.468750 0.683594 0.466797 0.681641 0.466797 0.673828 0.462891 0.669922 0.462891 0.667969 0.464844 0.666016 0.466797 0.666016 0.468750 0.664062 0.470703 0.666016 0.472656 0.666016 0.474609 0.667969 0.480469 0.667969 0.482422 0.666016 0.484375 0.666016 0.484375 0.664062 0.486328 0.662109 0.486328 0.656250 0.482422 0.652344 0.480469 0.652344 0.478516 0.650391
0 0.521484 0.593750 0.519531 0.595703 0.519531 0.599609 0.515625 0.603516 0.513672 0.603516 0.511719 0.605469 0.507812 0.605469 0.505859 0.607422 0.503906 0.605469 0.492188 0.605469 0.492188 0.611328 0.490234 0.613281 0.492188 0.615234 0.492188 0.617188 0.494141 0.617188 0.496094 0.619141 0.496094 0.623047 0.500000 0.623047 0.501953 0.625000 0.507812 0.625000 0.509766 0.626953 0.509766 0.623047 0.511719 0.621094 0.513672 0.623047 0.513672 0.621094 0.515625 0.619141 0.525391 0.619141 0.525391 0.617188 0.527344 0.615234 0.529297 0.615234 0.531250 0.617188 0.531250 0.619141 0.533203 0.619141 0.535156 0.621094 0.541016 0.621094 0.541016 0.615234 0.539062 0.613281 0.539062 0.611328 0.541016 0.609375 0.541016 0.603516 0.539062 0.601562 0.539062 0.599609 0.533203 0.593750 0.529297 0.593750 0.527344 0.595703 0.525391 0.595703 0.523438 0.593750
0 0.640625 0.578125 0.636719 0.582031 0.636719 0.583984 0.626953 0.593750 0.621094 0.593750 0.615234 0.599609 0.615234 0.601562 0.613281 0.603516 0.613281 0.607422 0.611328 0.609375 0.609375 0.609375 0.609375 0.611328 0.605469 0.615234 0.603516 0.615234 0.599609 0.619141 0.599609 0.621094 0.597656 0.623047 0.597656 0.626953 0.599609 0.628906 0.599609 0.630859 0.603516 0.630859 0.605469 0.632812 0.605469 0.638672 0.617188 0.638672 0.619141 0.640625 0.617188 0.642578 0.617188 0.658203 0.619141 0.660156 0.626953 0.660156 0.626953 0.656250 0.628906 0.654297 0.636719 0.654297 0.638672 0.652344 0.642578 0.652344 0.644531 0.654297 0.646484 0.654297 0.648438 0.656250 0.648438 0.658203 0.658203 0.658203 0.658203 0.656250 0.660156 0.654297 0.660156 0.652344 0.662109 0.650391 0.662109 0.644531 0.664062 0.642578 0.675781 0.642578 0.677734 0.640625 0.679688 0.640625 0.681641 0.638672 0.683594 0.638672 0.689453 0.632812 0.691406 0.632812 0.695312 0.628906 0.697266 0.628906 0.697266 0.625000 0.699219 0.623047 0.701172 0.623047 0.707031 0.617188 0.708984 0.617188 0.710938 0.615234 0.712891 0.617188 0.712891 0.621094 0.718750 0.621094 0.718750 0.619141 0.720703 0.617188 0.720703 0.607422 0.716797 0.603516 0.705078 0.603516 0.701172 0.607422 0.701172 0.609375 0.699219 0.611328 0.695312 0.611328 0.695312 0.613281 0.691406 0.617188 0.689453 0.617188 0.687500 0.619141 0.679688 0.619141 0.677734 0.617188 0.677734 0.611328 0.679688 0.609375 0.683594 0.609375 0.687500 0.605469 0.691406 0.605469 0.695312 0.601562 0.695312 0.597656 0.693359 0.597656 0.691406 0.595703 0.691406 0.593750 0.689453 0.591797 0.689453 0.589844 0.687500 0.587891 0.687500 0.585938 0.683594 0.582031 0.677734 0.582031 0.677734 0.583984 0.675781 0.585938 0.671875 0.585938 0.669922 0.583984 0.660156 0.583984 0.656250 0.580078 0.642578 0.580078
0 0.957031 0.462891 0.957031 0.484375 0.958984 0.486328 0.958984 0.490234 0.957031 0.492188 0.957031 0.494141 0.955078 0.496094 0.953125 0.496094 0.951172 0.498047 0.951172 0.503906 0.949219 0.505859 0.949219 0.511719 0.947266 0.513672 0.947266 0.531250 0.949219 0.533203 0.949219 0.537109 0.951172 0.539062 0.951172 0.542969 0.949219 0.544922 0.949219 0.560547 0.964844 0.560547 0.966797 0.558594 0.984375 0.558594 0.986328 0.556641 0.988281 0.556641 0.990234 0.554688 0.990234 0.552734 0.992188 0.550781 0.992188 0.484375 0.990234 0.482422 0.990234 0.466797 0.984375 0.466797 0.982422 0.464844 0.972656 0.464844 0.970703 0.462891
0 0.091797 0.388672 0.089844 0.390625 0.089844 0.394531 0.087891 0.396484 0.085938 0.396484 0.083984 0.398438 0.082031 0.398438 0.078125 0.402344 0.076172 0.402344 0.074219 0.404297 0.072266 0.404297 0.070312 0.406250 0.068359 0.406250 0.068359 0.408203 0.066406 0.410156 0.066406 0.412109 0.064453 0.414062 0.060547 0.410156 0.058594 0.410156 0.056641 0.408203 0.054688 0.410156 0.052734 0.410156 0.050781 0.412109 0.046875 0.412109 0.044922 0.414062 0.044922 0.416016 0.042969 0.417969 0.037109 0.417969 0.037109 0.423828 0.033203 0.427734 0.029297 0.427734 0.027344 0.429688 0.025391 0.429688 0.023438 0.431641 0.021484 0.431641 0.021484 0.435547 0.019531 0.437500 0.011719 0.437500 0.009766 0.435547 0.009766 0.431641 0.007812 0.431641 0.005859 0.429688 0.005859 0.427734 0.001953 0.427734 0.000000 0.425781 0.000000 0.519531 0.001953 0.519531 0.003906 0.521484 0.003906 0.525391 0.005859 0.525391 0.007812 0.527344 0.011719 0.527344 0.013672 0.529297 0.013672 0.535156 0.011719 0.537109 0.000000 0.537109 0.000000 0.550781 0.001953 0.550781 0.003906 0.552734 0.011719 0.552734 0.013672 0.554688 0.015625 0.554688 0.017578 0.556641 0.019531 0.556641 0.035156 0.572266 0.035156 0.576172 0.033203 0.578125 0.029297 0.578125 0.027344 0.580078 0.023438 0.580078 0.023438 0.591797 0.025391 0.593750 0.037109 0.593750 0.039062 0.591797 0.041016 0.591797 0.044922 0.587891 0.044922 0.585938 0.048828 0.582031 0.048828 0.580078 0.052734 0.576172 0.066406 0.576172 0.070312 0.572266 0.072266 0.574219 0.072266 0.583984 0.070312 0.585938 0.068359 0.585938 0.066406 0.587891 0.062500 0.587891 0.062500 0.593750 0.076172 0.593750 0.078125 0.591797 0.078125 0.587891 0.082031 0.583984 0.087891 0.583984 0.089844 0.585938 0.089844 0.597656 0.091797 0.599609 0.089844 0.601562 0.089844 0.613281 0.091797 0.615234 0.091797 0.619141 0.093750 0.621094 0.093750 0.626953 0.095703 0.628906 0.095703 0.630859 0.103516 0.630859 0.105469 0.628906 0.105469 0.626953 0.107422 0.625000 0.107422 0.619141 0.109375 0.617188 0.109375 0.615234 0.111328 0.613281 0.113281 0.615234 0.115234 0.615234 0.117188 0.617188 0.119141 0.617188 0.121094 0.619141 0.126953 0.619141 0.128906 0.621094 0.128906 0.623047 0.130859 0.623047 0.132812 0.625000 0.132812 0.630859 0.130859 0.632812 0.125000 0.632812 0.123047 0.630859 0.123047 0.626953 0.117188 0.626953 0.117188 0.640625 0.119141 0.642578 0.119141 0.654297 0.123047 0.658203 0.123047 0.669922 0.125000 0.669922 0.134766 0.679688 0.136719 0.679688 0.138672 0.681641 0.138672 0.683594 0.142578 0.687500 0.142578 0.689453 0.146484 0.689453 0.148438 0.691406 0.148438 0.695312 0.150391 0.697266 0.154297 0.697266 0.156250 0.699219 0.156250 0.701172 0.162109 0.701172 0.169922 0.708984 0.177734 0.708984 0.177734 0.707031 0.179688 0.705078 0.179688 0.701172 0.181641 0.699219 0.187500 0.699219 0.189453 0.697266 0.191406 0.699219 0.191406 0.701172 0.193359 0.703125 0.193359 0.710938 0.195312 0.710938 0.197266 0.712891 0.197266 0.714844 0.203125 0.720703 0.210938 0.720703 0.216797 0.726562 0.218750 0.726562 0.224609 0.732422 0.222656 0.734375 0.222656 0.740234 0.224609 0.742188 0.226562 0.742188 0.228516 0.744141 0.234375 0.744141 0.242188 0.736328 0.242188 0.734375 0.244141 0.732422 0.244141 0.728516 0.246094 0.726562 0.246094 0.716797 0.244141 0.714844 0.244141 0.712891 0.240234 0.708984 0.242188 0.707031 0.242188 0.703125 0.244141 0.701172 0.261719 0.701172 0.265625 0.705078 0.265625 0.707031 0.267578 0.707031 0.273438 0.712891 0.275391 0.712891 0.277344 0.714844 0.281250 0.714844 0.285156 0.718750 0.291016 0.718750 0.292969 0.720703 0.294922 0.720703 0.296875 0.722656 0.296875 0.732422 0.298828 0.732422 0.300781 0.734375 0.300781 0.740234 0.302734 0.740234 0.304688 0.742188 0.304688 0.744141 0.330078 0.744141 0.332031 0.746094 0.332031 0.748047 0.330078 0.750000 0.332031 0.751953 0.332031 0.755859 0.341797 0.755859 0.345703 0.751953 0.347656 0.753906 0.347656 0.759766 0.345703 0.761719 0.343750 0.761719 0.343750 0.763672 0.341797 0.765625 0.337891 0.765625 0.333984 0.761719 0.332031 0.761719 0.330078 0.759766 0.328125 0.759766 0.322266 0.753906 0.320312 0.753906 0.318359 0.751953 0.316406 0.751953 0.314453 0.753906 0.296875 0.753906 0.294922 0.751953 0.296875 0.750000 0.292969 0.750000 0.291016 0.748047 0.291016 0.746094 0.285156 0.746094 0.285156 0.748047 0.283203 0.750000 0.279297 0.750000 0.277344 0.751953 0.277344 0.763672 0.275391 0.765625 0.273438 0.765625 0.269531 0.769531 0.265625 0.765625 0.265625 0.763672 0.261719 0.763672 0.261719 0.767578 0.259766 0.769531 0.259766 0.773438 0.255859 0.777344 0.246094 0.777344 0.246094 0.787109 0.251953 0.787109 0.253906 0.789062 0.253906 0.810547 0.255859 0.810547 0.257812 0.812500 0.257812 0.818359 0.267578 0.818359 0.271484 0.814453 0.273438 0.814453 0.273438 0.812500 0.275391 0.810547 0.279297 0.810547 0.281250 0.812500 0.281250 0.818359 0.287109 0.818359 0.289062 0.820312 0.292969 0.820312 0.294922 0.822266 0.294922 0.826172 0.292969 0.828125 0.292969 0.837891 0.294922 0.837891 0.296875 0.839844 0.296875 0.841797 0.298828 0.843750 0.298828 0.849609 0.300781 0.851562 0.300781 0.857422 0.298828 0.859375 0.298828 0.865234 0.306641 0.865234 0.306641 0.863281 0.308594 0.861328 0.308594 0.859375 0.316406 0.851562 0.318359 0.851562 0.320312 0.853516 0.320312 0.857422 0.322266 0.859375 0.322266 0.863281 0.328125 0.869141 0.345703 0.869141 0.349609 0.873047 0.355469 0.873047 0.359375 0.876953 0.365234 0.876953 0.367188 0.878906 0.367188 0.882812 0.369141 0.884766 0.369141 0.886719 0.371094 0.888672 0.388672 0.888672 0.390625 0.890625 0.390625 0.892578 0.396484 0.892578 0.398438 0.894531 0.398438 0.900391 0.400391 0.902344 0.400391 0.906250 0.404297 0.906250 0.406250 0.908203 0.412109 0.908203 0.414062 0.910156 0.406250 0.917969 0.406250 0.919922 0.404297 0.921875 0.404297 0.931641 0.408203 0.931641 0.410156 0.933594 0.410156 0.939453 0.412109 0.941406 0.419922 0.941406 0.419922 0.939453 0.421875 0.937500 0.421875 0.933594 0.423828 0.931641 0.439453 0.931641 0.441406 0.933594 0.443359 0.933594 0.445312 0.935547 0.447266 0.935547 0.449219 0.937500 0.449219 0.939453 0.453125 0.939453 0.455078 0.941406 0.458984 0.941406 0.460938 0.943359 0.462891 0.943359 0.464844 0.945312 0.464844 0.951172 0.462891 0.953125 0.460938 0.951172 0.458984 0.953125 0.457031 0.953125 0.455078 0.951172 0.455078 0.949219 0.455078 0.951172 0.457031 0.953125 0.457031 0.960938 0.453125 0.964844 0.453125 0.970703 0.451172 0.972656 0.449219 0.972656 0.447266 0.974609 0.445312 0.974609 0.443359 0.972656 0.429688 0.972656 0.427734 0.970703 0.427734 0.968750 0.423828 0.964844 0.423828 0.960938 0.423828 0.964844 0.421875 0.966797 0.421875 0.974609 0.419922 0.976562 0.417969 0.976562 0.417969 0.978516 0.416016 0.980469 0.414062 0.978516 0.412109 0.980469 0.410156 0.980469 0.410156 0.986328 0.408203 0.988281 0.404297 0.988281 0.400391 0.984375 0.402344 0.982422 0.404297 0.982422 0.402344 0.980469 0.390625 0.992188 0.388672 0.992188 0.517578 0.992188 0.517578 0.984375 0.519531 0.982422 0.519531 0.978516 0.517578 0.976562 0.519531 0.974609 0.519531 0.970703 0.509766 0.970703 0.505859 0.966797 0.505859 0.964844 0.507812 0.962891 0.507812 0.953125 0.501953 0.953125 0.500000 0.955078 0.496094 0.955078 0.494141 0.953125 0.490234 0.953125 0.488281 0.951172 0.494141 0.945312 0.492188 0.945312 0.490234 0.943359 0.490234 0.937500 0.492188 0.935547 0.494141 0.935547 0.492188 0.933594 0.494141 0.931641 0.498047 0.931641 0.498047 0.929688 0.500000 0.927734 0.501953 0.927734 0.501953 0.921875 0.496094 0.921875 0.494141 0.923828 0.490234 0.919922 0.490234 0.917969 0.488281 0.917969 0.486328 0.916016 0.486328 0.914062 0.484375 0.912109 0.484375 0.910156 0.482422 0.908203 0.482422 0.906250 0.480469 0.904297 0.480469 0.898438 0.476562 0.898438 0.474609 0.896484 0.474609 0.894531 0.472656 0.894531 0.470703 0.892578 0.470703 0.890625 0.468750 0.890625 0.466797 0.888672 0.464844 0.888672 0.462891 0.886719 0.462891 0.882812 0.460938 0.880859 0.460938 0.878906 0.462891 0.876953 0.462891 0.875000 0.464844 0.873047 0.470703 0.873047 0.470703 0.871094 0.474609 0.867188 0.474609 0.855469 0.478516 0.851562 0.480469 0.851562 0.482422 0.849609 0.500000 0.849609 0.500000 0.845703 0.501953 0.843750 0.501953 0.839844 0.498047 0.839844 0.494141 0.835938 0.494141 0.833984 0.492188 0.833984 0.488281 0.830078 0.488281 0.818359 0.490234 0.816406 0.490234 0.808594 0.482422 0.808594 0.478516 0.804688 0.476562 0.806641 0.474609 0.806641 0.470703 0.802734 0.466797 0.802734 0.464844 0.800781 0.462891 0.800781 0.460938 0.798828 0.460938 0.796875 0.458984 0.794922 0.458984 0.791016 0.457031 0.789062 0.458984 0.787109 0.458984 0.777344 0.457031 0.775391 0.457031 0.773438 0.455078 0.773438 0.447266 0.765625 0.447266 0.757812 0.445312 0.755859 0.445312 0.751953 0.441406 0.748047 0.441406 0.738281 0.437500 0.734375 0.437500 0.716797 0.435547 0.714844 0.435547 0.712891 0.437500 0.710938 0.437500 0.703125 0.439453 0.701172 0.439453 0.699219 0.441406 0.697266 0.441406 0.691406 0.439453 0.689453 0.439453 0.687500 0.441406 0.685547 0.441406 0.673828 0.443359 0.671875 0.443359 0.666016 0.447266 0.662109 0.449219 0.662109 0.451172 0.660156 0.451172 0.654297 0.447266 0.654297 0.441406 0.648438 0.441406 0.644531 0.437500 0.640625 0.437500 0.634766 0.435547 0.632812 0.435547 0.630859 0.433594 0.628906 0.433594 0.626953 0.431641 0.625000 0.431641 0.621094 0.429688 0.619141 0.429688 0.617188 0.427734 0.615234 0.427734 0.613281 0.425781 0.611328 0.425781 0.609375 0.419922 0.603516 0.419922 0.589844 0.417969 0.587891 0.417969 0.583984 0.416016 0.582031 0.414062 0.582031 0.410156 0.578125 0.392578 0.578125 0.390625 0.576172 0.382812 0.576172 0.380859 0.574219 0.380859 0.570312 0.376953 0.570312 0.373047 0.566406 0.373047 0.562500 0.375000 0.560547 0.376953 0.560547 0.376953 0.552734 0.375000 0.550781 0.375000 0.546875 0.373047 0.546875 0.371094 0.544922 0.371094 0.542969 0.369141 0.541016 0.369141 0.539062 0.371094 0.537109 0.371094 0.529297 0.373047 0.527344 0.382812 0.527344 0.384766 0.525391 0.384766 0.517578 0.378906 0.511719 0.369141 0.511719 0.361328 0.503906 0.361328 0.501953 0.359375 0.500000 0.359375 0.492188 0.357422 0.490234 0.357422 0.484375 0.355469 0.484375 0.353516 0.482422 0.353516 0.480469 0.347656 0.474609 0.345703 0.474609 0.343750 0.472656 0.341797 0.472656 0.339844 0.470703 0.332031 0.470703 0.330078 0.468750 0.330078 0.466797 0.326172 0.462891 0.318359 0.462891 0.318359 0.466797 0.316406 0.468750 0.316406 0.470703 0.314453 0.472656 0.308594 0.472656 0.306641 0.470703 0.306641 0.468750 0.300781 0.462891 0.296875 0.462891 0.294922 0.464844 0.292969 0.464844 0.291016 0.462891 0.291016 0.460938 0.289062 0.460938 0.287109 0.458984 0.287109 0.457031 0.289062 0.455078 0.287109 0.453125 0.287109 0.451172 0.285156 0.449219 0.281250 0.449219 0.279297 0.447266 0.279297 0.441406 0.277344 0.439453 0.269531 0.439453 0.265625 0.435547 0.265625 0.433594 0.261719 0.433594 0.259766 0.435547 0.257812 0.435547 0.255859 0.437500 0.250000 0.437500 0.248047 0.435547 0.248047 0.433594 0.246094 0.431641 0.246094 0.429688 0.244141 0.427734 0.244141 0.425781 0.242188 0.423828 0.240234 0.423828 0.238281 0.421875 0.238281 0.419922 0.230469 0.412109 0.226562 0.412109 0.224609 0.410156 0.220703 0.410156 0.218750 0.408203 0.218750 0.406250 0.216797 0.404297 0.216797 0.402344 0.212891 0.402344 0.208984 0.398438 0.207031 0.398438 0.203125 0.394531 0.189453 0.394531 0.189453 0.400391 0.187500 0.402344 0.187500 0.404297 0.185547 0.406250 0.183594 0.406250 0.183594 0.416016 0.181641 0.417969 0.179688 0.417969 0.177734 0.419922 0.175781 0.417969 0.175781 0.406250 0.160156 0.406250 0.156250 0.410156 0.150391 0.410156 0.148438 0.412109 0.146484 0.412109 0.144531 0.414062 0.136719 0.414062 0.132812 0.410156 0.134766 0.408203 0.134766 0.406250 0.125000 0.406250 0.123047 0.404297 0.123047 0.398438 0.121094 0.396484 0.121094 0.390625 0.111328 0.390625 0.109375 0.392578 0.107422 0.392578 0.105469 0.394531 0.103516 0.392578 0.103516 0.388672
0 0.097656 0.367188 0.097656 0.369141 0.091797 0.375000 0.091797 0.378906 0.097656 0.378906 0.101562 0.375000 0.103516 0.375000 0.105469 0.373047 0.105469 0.367188
0 0.601562 0.359375 0.599609 0.361328 0.593750 0.361328 0.591797 0.363281 0.583984 0.363281 0.583984 0.369141 0.582031 0.371094 0.582031 0.375000 0.580078 0.376953 0.578125 0.376953 0.576172 0.375000 0.576172 0.371094 0.574219 0.369141 0.574219 0.367188 0.572266 0.365234 0.572266 0.363281 0.566406 0.363281 0.564453 0.365234 0.564453 0.367188 0.556641 0.375000 0.554688 0.375000 0.552734 0.376953 0.552734 0.378906 0.550781 0.380859 0.550781 0.386719 0.552734 0.388672 0.554688 0.388672 0.556641 0.390625 0.562500 0.390625 0.564453 0.392578 0.564453 0.394531 0.566406 0.396484 0.566406 0.398438 0.560547 0.404297 0.558594 0.404297 0.554688 0.408203 0.541016 0.408203 0.541016 0.414062 0.546875 0.419922 0.544922 0.421875 0.542969 0.421875 0.542969 0.427734 0.544922 0.429688 0.544922 0.433594 0.546875 0.435547 0.544922 0.437500 0.544922 0.445312 0.542969 0.447266 0.542969 0.453125 0.544922 0.455078 0.546875 0.455078 0.548828 0.457031 0.556641 0.457031 0.558594 0.455078 0.564453 0.455078 0.566406 0.453125 0.576172 0.453125 0.578125 0.455078 0.583984 0.455078 0.583984 0.451172 0.582031 0.449219 0.578125 0.449219 0.576172 0.447266 0.576172 0.445312 0.578125 0.443359 0.589844 0.443359 0.589844 0.437500 0.583984 0.437500 0.582031 0.435547 0.582031 0.427734 0.583984 0.425781 0.587891 0.425781 0.587891 0.423828 0.593750 0.417969 0.597656 0.417969 0.599609 0.419922 0.599609 0.425781 0.601562 0.425781 0.605469 0.429688 0.605469 0.437500 0.607422 0.439453 0.609375 0.439453 0.611328 0.441406 0.621094 0.441406 0.625000 0.437500 0.625000 0.427734 0.617188 0.427734 0.615234 0.425781 0.613281 0.425781 0.607422 0.419922 0.607422 0.417969 0.609375 0.416016 0.615234 0.416016 0.615234 0.414062 0.613281 0.412109 0.611328 0.412109 0.609375 0.410156 0.611328 0.408203 0.611328 0.406250 0.613281 0.404297 0.613281 0.396484 0.611328 0.396484 0.609375 0.394531 0.611328 0.392578 0.615234 0.392578 0.615234 0.386719 0.611328 0.386719 0.607422 0.382812 0.607422 0.380859 0.603516 0.376953 0.603516 0.371094 0.605469 0.369141 0.607422 0.371094 0.617188 0.371094 0.621094 0.367188 0.621094 0.363281 0.611328 0.363281 0.609375 0.361328 0.605469 0.361328 0.603516 0.359375
0 0.988281 0.355469 0.988281 0.359375 0.986328 0.361328 0.984375 0.361328 0.984375 0.367188 0.978516 0.373047 0.976562 0.373047 0.974609 0.375000 0.972656 0.375000 0.968750 0.378906 0.966797 0.378906 0.964844 0.380859 0.960938 0.380859 0.958984 0.382812 0.947266 0.382812 0.947266 0.384766 0.945312 0.386719 0.941406 0.386719 0.941406 0.388672 0.937500 0.392578 0.935547 0.392578 0.933594 0.390625 0.925781 0.390625 0.925781 0.392578 0.923828 0.394531 0.923828 0.419922 0.921875 0.421875 0.921875 0.423828 0.919922 0.425781 0.919922 0.445312 0.921875 0.447266 0.931641 0.447266 0.933594 0.445312 0.937500 0.445312 0.939453 0.443359 0.941406 0.443359 0.943359 0.441406 0.945312 0.441406 0.949219 0.437500 0.949219 0.433594 0.955078 0.427734 0.957031 0.427734 0.958984 0.429688 0.958984 0.435547 0.960938 0.437500 0.960938 0.439453 0.962891 0.441406 0.962891 0.443359 0.968750 0.443359 0.976562 0.451172 0.976562 0.453125 0.990234 0.453125 0.992188 0.451172 0.992188 0.355469
0 0.609375 0.326172 0.607422 0.328125 0.607422 0.330078 0.605469 0.332031 0.605469 0.335938 0.603516 0.337891 0.601562 0.335938 0.601562 0.333984 0.597656 0.333984 0.595703 0.335938 0.593750 0.335938 0.593750 0.337891 0.591797 0.339844 0.591797 0.345703 0.599609 0.345703 0.601562 0.347656 0.601562 0.349609 0.607422 0.349609 0.607422 0.345703 0.609375 0.343750 0.609375 0.341797 0.611328 0.339844 0.611328 0.335938 0.613281 0.333984 0.613281 0.326172
0 0.371094 0.324219 0.367188 0.328125 0.367188 0.330078 0.365234 0.332031 0.355469 0.332031 0.351562 0.335938 0.351562 0.341797 0.349609 0.343750 0.347656 0.343750 0.347656 0.353516 0.349609 0.355469 0.355469 0.355469 0.357422 0.357422 0.353516 0.361328 0.349609 0.361328 0.349609 0.369141 0.365234 0.369141 0.367188 0.367188 0.369141 0.367188 0.369141 0.357422 0.367188 0.357422 0.365234 0.355469 0.365234 0.349609 0.373047 0.341797 0.375000 0.341797 0.375000 0.339844 0.378906 0.335938 0.378906 0.324219
0 0.931641 0.296875 0.929688 0.298828 0.929688 0.300781 0.925781 0.304688 0.923828 0.304688 0.921875 0.306641 0.921875 0.308594 0.919922 0.310547 0.919922 0.318359 0.935547 0.318359 0.937500 0.320312 0.937500 0.322266 0.939453 0.322266 0.939453 0.314453 0.941406 0.312500 0.951172 0.312500 0.953125 0.314453 0.953125 0.316406 0.955078 0.318359 0.955078 0.322266 0.957031 0.324219 0.957031 0.328125 0.958984 0.330078 0.958984 0.335938 0.960938 0.337891 0.960938 0.339844 0.962891 0.341797 0.962891 0.343750 0.964844 0.345703 0.976562 0.345703 0.976562 0.330078 0.974609 0.328125 0.974609 0.326172 0.972656 0.324219 0.972656 0.320312 0.966797 0.314453 0.966797 0.312500 0.962891 0.308594 0.962891 0.304688 0.958984 0.300781 0.953125 0.300781 0.951172 0.298828 0.947266 0.298828 0.945312 0.296875
0 0.951172 0.259766 0.951172 0.281250 0.953125 0.281250 0.955078 0.283203 0.955078 0.285156 0.957031 0.287109 0.960938 0.287109 0.962891 0.289062 0.966797 0.289062 0.966797 0.281250 0.964844 0.279297 0.964844 0.277344 0.966797 0.275391 0.980469 0.275391 0.980469 0.273438 0.978516 0.271484 0.974609 0.271484 0.970703 0.267578 0.968750 0.267578 0.966797 0.265625 0.964844 0.265625 0.962891 0.263672 0.962891 0.259766
0 0.312500 0.230469 0.310547 0.232422 0.310547 0.240234 0.320312 0.240234 0.320312 0.232422 0.318359 0.230469
0 0.335938 0.195312 0.335938 0.197266 0.333984 0.199219 0.332031 0.199219 0.332031 0.207031 0.330078 0.208984 0.330078 0.218750 0.332031 0.220703 0.339844 0.220703 0.341797 0.218750 0.343750 0.218750 0.343750 0.216797 0.345703 0.214844 0.345703 0.210938 0.347656 0.208984 0.347656 0.195312
0 0.605469 0.177734 0.605469 0.179688 0.597656 0.187500 0.593750 0.187500 0.593750 0.203125 0.595703 0.205078 0.593750 0.207031 0.593750 0.214844 0.589844 0.218750 0.587891 0.218750 0.585938 0.220703 0.585938 0.222656 0.583984 0.224609 0.582031 0.224609 0.580078 0.226562 0.578125 0.226562 0.574219 0.230469 0.574219 0.248047 0.570312 0.251953 0.570312 0.263672 0.566406 0.267578 0.566406 0.269531 0.564453 0.271484 0.562500 0.271484 0.562500 0.277344 0.564453 0.279297 0.566406 0.279297 0.570312 0.283203 0.568359 0.285156 0.566406 0.285156 0.566406 0.306641 0.568359 0.306641 0.570312 0.308594 0.570312 0.310547 0.576172 0.310547 0.578125 0.312500 0.578125 0.314453 0.587891 0.314453 0.589844 0.312500 0.591797 0.312500 0.591797 0.308594 0.593750 0.306641 0.599609 0.306641 0.603516 0.302734 0.611328 0.302734 0.611328 0.296875 0.613281 0.294922 0.615234 0.294922 0.615234 0.292969 0.617188 0.291016 0.623047 0.291016 0.623047 0.281250 0.625000 0.279297 0.626953 0.279297 0.628906 0.281250 0.634766 0.281250 0.636719 0.283203 0.642578 0.283203 0.644531 0.281250 0.648438 0.285156 0.648438 0.292969 0.646484 0.294922 0.646484 0.296875 0.636719 0.306641 0.636719 0.308594 0.628906 0.316406 0.626953 0.316406 0.626953 0.330078 0.625000 0.332031 0.623047 0.332031 0.623047 0.337891 0.625000 0.339844 0.630859 0.339844 0.634766 0.343750 0.634766 0.345703 0.644531 0.345703 0.648438 0.349609 0.648438 0.351562 0.644531 0.355469 0.632812 0.355469 0.630859 0.357422 0.630859 0.373047 0.632812 0.375000 0.632812 0.376953 0.634766 0.378906 0.638672 0.378906 0.640625 0.380859 0.644531 0.380859 0.650391 0.386719 0.650391 0.388672 0.652344 0.390625 0.650391 0.392578 0.648438 0.392578 0.648438 0.398438 0.650391 0.400391 0.652344 0.400391 0.654297 0.402344 0.656250 0.402344 0.658203 0.404297 0.669922 0.404297 0.671875 0.406250 0.673828 0.406250 0.681641 0.414062 0.681641 0.417969 0.679688 0.419922 0.679688 0.421875 0.677734 0.423828 0.675781 0.423828 0.675781 0.425781 0.671875 0.429688 0.671875 0.437500 0.667969 0.441406 0.662109 0.441406 0.658203 0.445312 0.656250 0.445312 0.654297 0.447266 0.650391 0.447266 0.642578 0.455078 0.640625 0.455078 0.638672 0.457031 0.634766 0.457031 0.630859 0.460938 0.628906 0.460938 0.626953 0.462891 0.625000 0.462891 0.623047 0.460938 0.621094 0.460938 0.619141 0.458984 0.619141 0.457031 0.621094 0.455078 0.613281 0.455078 0.605469 0.462891 0.595703 0.462891 0.591797 0.466797 0.582031 0.466797 0.582031 0.468750 0.580078 0.470703 0.580078 0.472656 0.578125 0.474609 0.578125 0.476562 0.574219 0.480469 0.574219 0.482422 0.572266 0.484375 0.572266 0.490234 0.574219 0.490234 0.576172 0.492188 0.582031 0.492188 0.583984 0.490234 0.585938 0.490234 0.587891 0.488281 0.593750 0.488281 0.597656 0.492188 0.597656 0.494141 0.599609 0.496094 0.599609 0.500000 0.601562 0.501953 0.613281 0.501953 0.617188 0.505859 0.621094 0.505859 0.623047 0.507812 0.621094 0.509766 0.619141 0.509766 0.621094 0.511719 0.621094 0.525391 0.623047 0.527344 0.623047 0.531250 0.625000 0.533203 0.625000 0.535156 0.626953 0.533203 0.628906 0.535156 0.630859 0.535156 0.634766 0.539062 0.636719 0.539062 0.640625 0.542969 0.640625 0.544922 0.646484 0.544922 0.648438 0.546875 0.648438 0.548828 0.646484 0.550781 0.642578 0.550781 0.642578 0.558594 0.644531 0.560547 0.644531 0.562500 0.650391 0.562500 0.652344 0.564453 0.654297 0.564453 0.660156 0.570312 0.660156 0.572266 0.667969 0.572266 0.671875 0.576172 0.671875 0.578125 0.681641 0.578125 0.687500 0.572266 0.691406 0.572266 0.693359 0.570312 0.695312 0.570312 0.695312 0.564453 0.697266 0.562500 0.697266 0.554688 0.687500 0.554688 0.685547 0.552734 0.685547 0.544922 0.689453 0.541016 0.689453 0.537109 0.691406 0.535156 0.689453 0.533203 0.687500 0.533203 0.685547 0.531250 0.685547 0.527344 0.683594 0.527344 0.681641 0.525391 0.681641 0.517578 0.685547 0.513672 0.687500 0.513672 0.687500 0.507812 0.689453 0.505859 0.689453 0.501953 0.691406 0.500000 0.701172 0.500000 0.705078 0.503906 0.705078 0.505859 0.716797 0.505859 0.716797 0.494141 0.714844 0.494141 0.712891 0.492188 0.712891 0.484375 0.708984 0.480469 0.703125 0.480469 0.701172 0.478516 0.693359 0.478516 0.691406 0.476562 0.691406 0.468750 0.693359 0.466797 0.718750 0.466797 0.720703 0.464844 0.720703 0.458984 0.722656 0.457031 0.726562 0.457031 0.728516 0.455078 0.730469 0.455078 0.732422 0.453125 0.736328 0.453125 0.740234 0.449219 0.742188 0.449219 0.748047 0.443359 0.750000 0.443359 0.750000 0.439453 0.753906 0.435547 0.753906 0.425781 0.750000 0.421875 0.750000 0.419922 0.744141 0.414062 0.744141 0.394531 0.746094 0.392578 0.746094 0.388672 0.748047 0.386719 0.748047 0.382812 0.750000 0.380859 0.750000 0.378906 0.755859 0.373047 0.755859 0.371094 0.757812 0.369141 0.759766 0.369141 0.759766 0.367188 0.761719 0.365234 0.763672 0.365234 0.763672 0.359375 0.765625 0.357422 0.765625 0.349609 0.759766 0.343750 0.757812 0.343750 0.753906 0.339844 0.753906 0.337891 0.750000 0.333984 0.750000 0.332031 0.748047 0.333984 0.746094 0.332031 0.746094 0.324219 0.748047 0.322266 0.748047 0.320312 0.750000 0.318359 0.750000 0.296875 0.748047 0.294922 0.748047 0.291016 0.746094 0.289062 0.746094 0.287109 0.744141 0.285156 0.744141 0.283203 0.740234 0.279297 0.740234 0.277344 0.738281 0.275391 0.736328 0.275391 0.734375 0.273438 0.734375 0.271484 0.732422 0.269531 0.728516 0.269531 0.726562 0.267578 0.726562 0.265625 0.724609 0.263672 0.722656 0.263672 0.720703 0.261719 0.718750 0.261719 0.716797 0.259766 0.716797 0.255859 0.714844 0.253906 0.714844 0.251953 0.710938 0.251953 0.708984 0.253906 0.707031 0.253906 0.703125 0.257812 0.701172 0.257812 0.701172 0.265625 0.699219 0.267578 0.689453 0.267578 0.687500 0.269531 0.687500 0.281250 0.689453 0.283203 0.689453 0.285156 0.691406 0.287109 0.689453 0.289062 0.687500 0.289062 0.685547 0.291016 0.675781 0.291016 0.673828 0.289062 0.671875 0.289062 0.669922 0.287109 0.667969 0.287109 0.666016 0.285156 0.664062 0.285156 0.660156 0.281250 0.660156 0.273438 0.658203 0.271484 0.658203 0.269531 0.656250 0.267578 0.656250 0.265625 0.658203 0.263672 0.658203 0.257812 0.660156 0.255859 0.660156 0.253906 0.662109 0.251953 0.664062 0.251953 0.664062 0.250000 0.666016 0.248047 0.666016 0.238281 0.664062 0.238281 0.662109 0.236328 0.662109 0.230469 0.660156 0.228516 0.658203 0.228516 0.654297 0.224609 0.654297 0.222656 0.652344 0.222656 0.650391 0.220703 0.650391 0.214844 0.648438 0.212891 0.648438 0.208984 0.650391 0.207031 0.650391 0.205078 0.654297 0.201172 0.656250 0.201172 0.656250 0.199219 0.654297 0.197266 0.650391 0.197266 0.648438 0.199219 0.644531 0.199219 0.640625 0.203125 0.640625 0.205078 0.638672 0.207031 0.636719 0.207031 0.634766 0.205078 0.634766 0.181641 0.632812 0.181641 0.630859 0.183594 0.626953 0.183594 0.626953 0.185547 0.628906 0.187500 0.628906 0.197266 0.626953 0.199219 0.625000 0.199219 0.625000 0.201172 0.623047 0.203125 0.617188 0.203125 0.615234 0.201172 0.615234 0.197266 0.613281 0.197266 0.611328 0.195312 0.611328 0.193359 0.609375 0.191406 0.609375 0.185547 0.611328 0.183594 0.611328 0.177734
0 0.875000 0.000000 0.875000 0.001953 0.873047 0.003906 0.871094 0.003906 0.871094 0.005859 0.873047 0.005859 0.875000 0.007812 0.875000 0.009766 0.876953 0.009766 0.878906 0.011719 0.878906 0.013672 0.882812 0.017578 0.892578 0.017578 0.896484 0.021484 0.896484 0.035156 0.892578 0.039062 0.892578 0.060547 0.890625 0.062500 0.890625 0.072266 0.888672 0.074219 0.888672 0.083984 0.886719 0.085938 0.886719 0.089844 0.884766 0.091797 0.884766 0.097656 0.882812 0.099609 0.882812 0.101562 0.878906 0.105469 0.878906 0.107422 0.876953 0.109375 0.875000 0.109375 0.875000 0.111328 0.871094 0.115234 0.871094 0.117188 0.869141 0.119141 0.869141 0.125000 0.867188 0.126953 0.865234 0.126953 0.867188 0.128906 0.867188 0.130859 0.869141 0.132812 0.869141 0.136719 0.871094 0.138672 0.871094 0.146484 0.873047 0.148438 0.875000 0.146484 0.880859 0.146484 0.884766 0.150391 0.884766 0.154297 0.886719 0.156250 0.886719 0.160156 0.890625 0.164062 0.890625 0.166016 0.896484 0.171875 0.912109 0.171875 0.914062 0.169922 0.917969 0.169922 0.923828 0.164062 0.923828 0.162109 0.927734 0.158203 0.927734 0.156250 0.929688 0.154297 0.929688 0.150391 0.933594 0.146484 0.933594 0.144531 0.937500 0.140625 0.937500 0.136719 0.939453 0.134766 0.939453 0.132812 0.941406 0.130859 0.941406 0.128906 0.943359 0.126953 0.943359 0.119141 0.945312 0.117188 0.945312 0.105469 0.947266 0.103516 0.947266 0.101562 0.951172 0.097656 0.953125 0.097656 0.953125 0.095703 0.957031 0.091797 0.958984 0.091797 0.958984 0.085938 0.960938 0.083984 0.964844 0.083984 0.968750 0.080078 0.968750 0.078125 0.970703 0.076172 0.972656 0.076172 0.974609 0.074219 0.974609 0.072266 0.984375 0.062500 0.984375 0.046875 0.982422 0.044922 0.982422 0.015625 0.980469 0.013672 0.980469 0.005859 0.978516 0.003906 0.978516 0.000000
0 0.000000 0.000000 0.000000 0.416016 0.011719 0.416016 0.011719 0.414062 0.013672 0.412109 0.029297 0.412109 0.031250 0.410156 0.035156 0.410156 0.037109 0.408203 0.037109 0.406250 0.039062 0.404297 0.042969 0.404297 0.046875 0.400391 0.046875 0.396484 0.048828 0.394531 0.048828 0.392578 0.050781 0.390625 0.054688 0.390625 0.054688 0.382812 0.056641 0.380859 0.062500 0.380859 0.064453 0.378906 0.076172 0.378906 0.078125 0.380859 0.080078 0.380859 0.083984 0.376953 0.083984 0.375000 0.085938 0.373047 0.085938 0.371094 0.089844 0.367188 0.091797 0.367188 0.091797 0.365234 0.095703 0.361328 0.103516 0.361328 0.103516 0.359375 0.105469 0.357422 0.109375 0.357422 0.111328 0.359375 0.111328 0.361328 0.119141 0.361328 0.121094 0.359375 0.121094 0.355469 0.123047 0.353516 0.126953 0.353516 0.126953 0.351562 0.128906 0.349609 0.130859 0.349609 0.130859 0.343750 0.132812 0.341797 0.138672 0.341797 0.138672 0.339844 0.140625 0.337891 0.142578 0.337891 0.144531 0.339844 0.144531 0.341797 0.150391 0.341797 0.152344 0.343750 0.152344 0.345703 0.158203 0.345703 0.160156 0.347656 0.160156 0.349609 0.166016 0.349609 0.166016 0.339844 0.167969 0.337891 0.181641 0.337891 0.181641 0.332031 0.183594 0.330078 0.193359 0.330078 0.193359 0.324219 0.195312 0.322266 0.201172 0.322266 0.201172 0.312500 0.203125 0.310547 0.205078 0.310547 0.205078 0.308594 0.207031 0.306641 0.212891 0.306641 0.212891 0.304688 0.214844 0.302734 0.218750 0.302734 0.222656 0.306641 0.222656 0.312500 0.220703 0.314453 0.220703 0.316406 0.218750 0.318359 0.218750 0.330078 0.222656 0.333984 0.222656 0.335938 0.224609 0.337891 0.224609 0.345703 0.226562 0.347656 0.226562 0.349609 0.236328 0.349609 0.236328 0.347656 0.238281 0.345703 0.248047 0.345703 0.250000 0.347656 0.250000 0.363281 0.246094 0.367188 0.246094 0.380859 0.244141 0.382812 0.240234 0.382812 0.240234 0.394531 0.242188 0.396484 0.242188 0.398438 0.244141 0.400391 0.244141 0.402344 0.246094 0.402344 0.250000 0.406250 0.250000 0.408203 0.251953 0.410156 0.255859 0.406250 0.265625 0.406250 0.271484 0.412109 0.273438 0.412109 0.275391 0.414062 0.277344 0.414062 0.279297 0.416016 0.281250 0.416016 0.283203 0.417969 0.283203 0.419922 0.289062 0.419922 0.289062 0.416016 0.291016 0.414062 0.291016 0.410156 0.292969 0.408203 0.298828 0.408203 0.302734 0.404297 0.306641 0.404297 0.306641 0.402344 0.308594 0.400391 0.310547 0.400391 0.310547 0.394531 0.312500 0.392578 0.318359 0.392578 0.320312 0.390625 0.320312 0.386719 0.322266 0.384766 0.324219 0.384766 0.326172 0.382812 0.328125 0.382812 0.328125 0.373047 0.326172 0.371094 0.326172 0.367188 0.324219 0.365234 0.324219 0.361328 0.322266 0.359375 0.322266 0.357422 0.324219 0.355469 0.324219 0.339844 0.320312 0.335938 0.322266 0.333984 0.322266 0.324219 0.320312 0.322266 0.320312 0.318359 0.318359 0.316406 0.318359 0.312500 0.320312 0.310547 0.322266 0.310547 0.322266 0.306641 0.324219 0.304688 0.324219 0.302734 0.328125 0.298828 0.328125 0.296875 0.330078 0.294922 0.330078 0.292969 0.333984 0.289062 0.333984 0.279297 0.330078 0.275391 0.330078 0.267578 0.312500 0.267578 0.310547 0.265625 0.310547 0.263672 0.308594 0.263672 0.306641 0.261719 0.291016 0.261719 0.287109 0.265625 0.285156 0.265625 0.285156 0.273438 0.287109 0.273438 0.289062 0.275391 0.289062 0.279297 0.287109 0.281250 0.281250 0.281250 0.281250 0.287109 0.283203 0.289062 0.281250 0.291016 0.281250 0.292969 0.279297 0.294922 0.277344 0.294922 0.275391 0.296875 0.275391 0.310547 0.279297 0.314453 0.279297 0.316406 0.283203 0.320312 0.283203 0.322266 0.285156 0.324219 0.283203 0.326172 0.283203 0.332031 0.281250 0.333984 0.279297 0.333984 0.279297 0.335938 0.277344 0.337891 0.269531 0.337891 0.267578 0.335938 0.267578 0.330078 0.265625 0.328125 0.261719 0.328125 0.259766 0.326172 0.259766 0.316406 0.257812 0.314453 0.257812 0.308594 0.255859 0.306641 0.255859 0.304688 0.253906 0.302734 0.251953 0.302734 0.246094 0.296875 0.246094 0.294922 0.244141 0.292969 0.244141 0.291016 0.242188 0.291016 0.240234 0.289062 0.240234 0.287109 0.246094 0.281250 0.248047 0.281250 0.248047 0.267578 0.246094 0.265625 0.246094 0.263672 0.240234 0.263672 0.238281 0.261719 0.238281 0.259766 0.236328 0.257812 0.236328 0.255859 0.238281 0.253906 0.242188 0.253906 0.244141 0.255859 0.265625 0.255859 0.265625 0.250000 0.267578 0.248047 0.283203 0.248047 0.285156 0.246094 0.285156 0.240234 0.287109 0.238281 0.287109 0.236328 0.289062 0.234375 0.294922 0.234375 0.298828 0.230469 0.302734 0.230469 0.304688 0.228516 0.306641 0.228516 0.308594 0.226562 0.316406 0.226562 0.318359 0.224609 0.318359 0.222656 0.320312 0.220703 0.320312 0.218750 0.322266 0.216797 0.324219 0.216797 0.324219 0.208984 0.318359 0.203125 0.318359 0.199219 0.320312 0.197266 0.324219 0.197266 0.324219 0.195312 0.326172 0.193359 0.328125 0.193359 0.330078 0.191406 0.330078 0.189453 0.333984 0.185547 0.339844 0.185547 0.341797 0.187500 0.355469 0.187500 0.359375 0.183594 0.361328 0.183594 0.363281 0.181641 0.367188 0.181641 0.371094 0.177734 0.375000 0.177734 0.375000 0.175781 0.376953 0.173828 0.384766 0.173828 0.384766 0.171875 0.386719 0.169922 0.394531 0.169922 0.394531 0.167969 0.396484 0.166016 0.400391 0.166016 0.402344 0.164062 0.412109 0.164062 0.414062 0.162109 0.416016 0.162109 0.417969 0.160156 0.419922 0.160156 0.425781 0.154297 0.433594 0.154297 0.435547 0.152344 0.437500 0.152344 0.439453 0.150391 0.439453 0.148438 0.441406 0.146484 0.443359 0.146484 0.443359 0.140625 0.445312 0.138672 0.447266 0.138672 0.451172 0.134766 0.457031 0.134766 0.458984 0.136719 0.458984 0.138672 0.460938 0.140625 0.460938 0.142578 0.470703 0.142578 0.470703 0.140625 0.468750 0.138672 0.468750 0.128906 0.470703 0.126953 0.472656 0.126953 0.472656 0.121094 0.470703 0.121094 0.468750 0.119141 0.468750 0.113281 0.472656 0.109375 0.472656 0.105469 0.476562 0.101562 0.480469 0.101562 0.484375 0.097656 0.488281 0.097656 0.492188 0.101562 0.498047 0.101562 0.500000 0.103516 0.494141 0.109375 0.494141 0.115234 0.492188 0.117188 0.492188 0.125000 0.490234 0.126953 0.490234 0.136719 0.496094 0.142578 0.496094 0.146484 0.498047 0.146484 0.500000 0.148438 0.498047 0.150391 0.496094 0.150391 0.490234 0.156250 0.490234 0.158203 0.488281 0.160156 0.488281 0.173828 0.492188 0.177734 0.492188 0.193359 0.490234 0.195312 0.490234 0.197266 0.488281 0.199219 0.486328 0.199219 0.484375 0.201172 0.484375 0.208984 0.486328 0.210938 0.486328 0.212891 0.498047 0.212891 0.500000 0.214844 0.500000 0.216797 0.501953 0.218750 0.501953 0.220703 0.503906 0.222656 0.505859 0.222656 0.509766 0.226562 0.509766 0.232422 0.511719 0.234375 0.511719 0.240234 0.509766 0.242188 0.507812 0.242188 0.505859 0.244141 0.503906 0.244141 0.501953 0.246094 0.500000 0.246094 0.500000 0.251953 0.521484 0.251953 0.523438 0.253906 0.523438 0.255859 0.525391 0.255859 0.527344 0.257812 0.527344 0.259766 0.529297 0.259766 0.531250 0.261719 0.539062 0.261719 0.542969 0.257812 0.544922 0.257812 0.546875 0.255859 0.550781 0.255859 0.552734 0.253906 0.554688 0.253906 0.560547 0.248047 0.560547 0.246094 0.558594 0.246094 0.554688 0.242188 0.554688 0.240234 0.552734 0.238281 0.552734 0.234375 0.550781 0.232422 0.550781 0.230469 0.544922 0.230469 0.542969 0.232422 0.537109 0.232422 0.535156 0.234375 0.529297 0.234375 0.527344 0.232422 0.525391 0.232422 0.523438 0.230469 0.525391 0.228516 0.527344 0.228516 0.527344 0.224609 0.529297 0.222656 0.529297 0.216797 0.531250 0.214844 0.550781 0.214844 0.552734 0.212891 0.556641 0.212891 0.556641 0.210938 0.558594 0.208984 0.560547 0.208984 0.562500 0.210938 0.564453 0.210938 0.564453 0.208984 0.568359 0.205078 0.568359 0.199219 0.570312 0.197266 0.572266 0.197266 0.572266 0.189453 0.576172 0.185547 0.576172 0.183594 0.582031 0.177734 0.585938 0.177734 0.587891 0.175781 0.587891 0.167969 0.583984 0.164062 0.585938 0.162109 0.583984 0.160156 0.583984 0.156250 0.582031 0.156250 0.580078 0.154297 0.580078 0.152344 0.578125 0.150391 0.578125 0.142578 0.576172 0.140625 0.576172 0.128906 0.562500 0.128906 0.560547 0.130859 0.560547 0.136719 0.562500 0.138672 0.560547 0.140625 0.554688 0.140625 0.552734 0.138672 0.552734 0.121094 0.554688 0.119141 0.556641 0.119141 0.566406 0.109375 0.568359 0.109375 0.568359 0.101562 0.562500 0.101562 0.560547 0.099609 0.560547 0.095703 0.562500 0.093750 0.564453 0.093750 0.568359 0.089844 0.568359 0.078125 0.570312 0.076172 0.570312 0.070312 0.564453 0.070312 0.560547 0.066406 0.560547 0.060547 0.550781 0.060547 0.550781 0.062500 0.546875 0.066406 0.539062 0.066406 0.537109 0.064453 0.537109 0.062500 0.539062 0.060547 0.544922 0.060547 0.544922 0.054688 0.546875 0.052734 0.552734 0.052734 0.552734 0.050781 0.550781 0.050781 0.548828 0.048828 0.548828 0.039062 0.550781 0.037109 0.552734 0.037109 0.552734 0.017578 0.554688 0.015625 0.556641 0.015625 0.558594 0.013672 0.558594 0.001953 0.560547 0.000000 0.515625 0.000000 0.515625 0.005859 0.521484 0.011719 0.527344 0.011719 0.529297 0.013672 0.529297 0.017578 0.527344 0.019531 0.521484 0.019531 0.519531 0.021484 0.517578 0.021484 0.515625 0.019531 0.513672 0.019531 0.511719 0.017578 0.492188 0.017578 0.492188 0.023438 0.494141 0.025391 0.494141 0.031250 0.492188 0.033203 0.492188 0.037109 0.490234 0.039062 0.490234 0.054688 0.492188 0.056641 0.492188 0.058594 0.490234 0.060547 0.488281 0.060547 0.486328 0.062500 0.484375 0.062500 0.478516 0.068359 0.478516 0.072266 0.482422 0.072266 0.486328 0.068359 0.488281 0.068359 0.490234 0.066406 0.492188 0.066406 0.496094 0.070312 0.507812 0.070312 0.509766 0.072266 0.515625 0.072266 0.517578 0.074219 0.517578 0.078125 0.515625 0.080078 0.507812 0.080078 0.505859 0.082031 0.500000 0.082031 0.496094 0.078125 0.490234 0.078125 0.488281 0.080078 0.480469 0.080078 0.480469 0.082031 0.478516 0.083984 0.478516 0.089844 0.476562 0.091797 0.468750 0.091797 0.464844 0.095703 0.443359 0.095703 0.441406 0.093750 0.435547 0.093750 0.433594 0.091797 0.431641 0.091797 0.429688 0.089844 0.416016 0.089844 0.412109 0.085938 0.410156 0.085938 0.408203 0.083984 0.408203 0.072266 0.410156 0.070312 0.412109 0.070312 0.412109 0.066406 0.421875 0.056641 0.435547 0.056641 0.437500 0.058594 0.441406 0.058594 0.443359 0.060547 0.447266 0.060547 0.453125 0.054688 0.455078 0.054688 0.457031 0.052734 0.458984 0.052734 0.457031 0.050781 0.457031 0.048828 0.449219 0.048828 0.447266 0.046875 0.447266 0.044922 0.439453 0.037109 0.439453 0.035156 0.421875 0.035156 0.419922 0.033203 0.419922 0.025391 0.421875 0.023438 0.419922 0.023438 0.417969 0.021484 0.417969 0.015625 0.416016 0.013672 0.416016 0.011719 0.414062 0.011719 0.412109 0.009766 0.412109 0.000000 0.410156 0.000000 0.410156 0.001953 0.408203 0.003906 0.406250 0.003906 0.404297 0.001953 0.404297 0.000000 0.113281 0.000000 0.115234 0.000000 0.117188 0.001953 0.117188 0.003906 0.113281 0.007812 0.113281 0.009766 0.111328 0.011719 0.111328 0.021484 0.109375 0.023438 0.103516 0.023438 0.101562 0.021484 0.097656 0.021484 0.095703 0.019531 0.095703 0.013672 0.099609 0.009766 0.099609 0.003906 0.093750 0.003906 0.091797 0.001953 0.091797 0.000000 0.085938 0.000000 0.083984 0.001953 0.082031 0.001953 0.082031 0.011719 0.078125 0.015625 0.066406 0.015625 0.064453 0.013672 0.064453 0.011719 0.060547 0.011719 0.062500 0.013672 0.062500 0.019531 0.060547 0.021484 0.056641 0.021484 0.050781 0.015625 0.042969 0.015625 0.042969 0.021484 0.041016 0.023438 0.039062 0.023438 0.037109 0.021484 0.037109 0.009766 0.039062 0.007812 0.048828 0.007812 0.050781 0.005859 0.052734 0.005859 0.054688 0.003906 0.056641 0.003906 0.056641 0.000000