0 0.906250 0.925781 0.906250 0.935547 0.921875 0.935547 0.921875 0.925781
0 0.892578 0.925781 0.892578 0.929688 0.890625 0.931641 0.884766 0.931641 0.884766 0.937500 0.882812 0.939453 0.880859 0.939453 0.878906 0.937500 0.878906 0.931641 0.869141 0.931641 0.869141 0.937500 0.867188 0.939453 0.865234 0.939453 0.865234 0.947266 0.863281 0.949219 0.859375 0.949219 0.859375 0.958984 0.873047 0.958984 0.873047 0.953125 0.876953 0.949219 0.882812 0.949219 0.882812 0.943359 0.884766 0.941406 0.894531 0.941406 0.894531 0.937500 0.896484 0.935547 0.902344 0.935547 0.902344 0.925781
0 0.253906 0.830078 0.253906 0.839844 0.263672 0.839844 0.263672 0.830078
0 0.230469 0.822266 0.230469 0.828125 0.228516 0.830078 0.226562 0.830078 0.226562 0.833984 0.224609 0.835938 0.220703 0.835938 0.220703 0.855469 0.240234 0.855469 0.240234 0.851562 0.242188 0.849609 0.246094 0.849609 0.246094 0.839844 0.238281 0.839844 0.236328 0.837891 0.236328 0.833984 0.238281 0.832031 0.240234 0.832031 0.240234 0.822266
0 0.669922 0.792969 0.669922 0.802734 0.671875 0.802734 0.673828 0.804688 0.673828 0.808594 0.677734 0.812500 0.681641 0.812500 0.683594 0.814453 0.693359 0.814453 0.693359 0.802734 0.689453 0.802734 0.681641 0.794922 0.681641 0.792969
0 0.263672 0.785156 0.263672 0.787109 0.261719 0.789062 0.253906 0.789062 0.253906 0.806641 0.261719 0.806641 0.263672 0.808594 0.263672 0.810547 0.261719 0.812500 0.253906 0.812500 0.253906 0.814453 0.251953 0.816406 0.244141 0.816406 0.244141 0.826172 0.253906 0.826172 0.253906 0.824219 0.255859 0.822266 0.263672 0.822266 0.263672 0.820312 0.265625 0.818359 0.267578 0.820312 0.267578 0.826172 0.277344 0.826172 0.277344 0.818359 0.279297 0.816406 0.291016 0.816406 0.292969 0.818359 0.302734 0.818359 0.302734 0.808594 0.298828 0.808594 0.296875 0.806641 0.281250 0.806641 0.279297 0.804688 0.279297 0.802734 0.269531 0.802734 0.269531 0.806641 0.267578 0.808594 0.265625 0.808594 0.263672 0.806641 0.263672 0.800781 0.265625 0.798828 0.279297 0.798828 0.279297 0.785156
0 0.664062 0.746094 0.664062 0.750000 0.667969 0.753906 0.667969 0.757812 0.671875 0.757812 0.673828 0.759766 0.675781 0.759766 0.677734 0.761719 0.679688 0.761719 0.681641 0.763672 0.681641 0.765625 0.685547 0.769531 0.685547 0.771484 0.687500 0.773438 0.687500 0.775391 0.689453 0.777344 0.689453 0.779297 0.691406 0.781250 0.693359 0.781250 0.695312 0.783203 0.699219 0.783203 0.703125 0.787109 0.707031 0.787109 0.707031 0.781250 0.703125 0.781250 0.701172 0.779297 0.699219 0.779297 0.697266 0.777344 0.695312 0.777344 0.693359 0.775391 0.693359 0.773438 0.691406 0.771484 0.691406 0.769531 0.687500 0.765625 0.687500 0.763672 0.685547 0.761719 0.685547 0.759766 0.683594 0.757812 0.681641 0.757812 0.679688 0.755859 0.675781 0.755859 0.671875 0.751953 0.671875 0.750000 0.667969 0.746094
0 0.851562 0.730469 0.851562 0.734375 0.855469 0.734375 0.857422 0.736328 0.859375 0.736328 0.863281 0.740234 0.863281 0.742188 0.867188 0.746094 0.867188 0.748047 0.869141 0.750000 0.869141 0.751953 0.871094 0.753906 0.875000 0.753906 0.875000 0.748047 0.869141 0.742188 0.869141 0.740234 0.867188 0.738281 0.867188 0.734375 0.865234 0.732422 0.857422 0.732422 0.855469 0.730469
0 0.824219 0.685547 0.820312 0.689453 0.820312 0.695312 0.818359 0.697266 0.818359 0.707031 0.820312 0.708984 0.820312 0.710938 0.822266 0.712891 0.822266 0.714844 0.824219 0.714844 0.832031 0.722656 0.832031 0.724609 0.833984 0.726562 0.833984 0.728516 0.837891 0.728516 0.839844 0.730469 0.841797 0.730469 0.843750 0.732422 0.847656 0.732422 0.847656 0.728516 0.845703 0.728516 0.843750 0.726562 0.841797 0.726562 0.835938 0.720703 0.835938 0.718750 0.833984 0.716797 0.833984 0.714844 0.832031 0.714844 0.830078 0.712891 0.828125 0.712891 0.824219 0.708984 0.824219 0.707031 0.822266 0.705078 0.822266 0.699219 0.824219 0.697266 0.824219 0.693359 0.828125 0.689453 0.828125 0.685547
0 0.878906 0.673828 0.876953 0.675781 0.876953 0.677734 0.875000 0.679688 0.875000 0.681641 0.873047 0.683594 0.873047 0.691406 0.875000 0.693359 0.886719 0.693359 0.890625 0.689453 0.890625 0.675781 0.888672 0.673828
0 0.697266 0.515625 0.695312 0.517578 0.693359 0.517578 0.685547 0.525391 0.685547 0.527344 0.683594 0.529297 0.683594 0.533203 0.681641 0.535156 0.681641 0.542969 0.683594 0.544922 0.683594 0.548828 0.685547 0.550781 0.685547 0.552734 0.687500 0.554688 0.687500 0.560547 0.683594 0.564453 0.683594 0.566406 0.679688 0.570312 0.679688 0.574219 0.677734 0.576172 0.677734 0.583984 0.675781 0.585938 0.675781 0.589844 0.671875 0.593750 0.671875 0.595703 0.669922 0.597656 0.669922 0.603516 0.667969 0.605469 0.667969 0.609375 0.652344 0.625000 0.652344 0.626953 0.654297 0.626953 0.667969 0.613281 0.667969 0.611328 0.669922 0.609375 0.669922 0.607422 0.671875 0.605469 0.671875 0.599609 0.673828 0.597656 0.673828 0.595703 0.677734 0.591797 0.677734 0.587891 0.679688 0.585938 0.679688 0.578125 0.681641 0.576172 0.681641 0.572266 0.685547 0.568359 0.685547 0.566406 0.687500 0.564453 0.687500 0.562500 0.689453 0.560547 0.689453 0.552734 0.685547 0.548828 0.685547 0.542969 0.683594 0.541016 0.683594 0.537109 0.685547 0.535156 0.685547 0.531250 0.687500 0.529297 0.687500 0.527344 0.697266 0.517578 0.701172 0.517578 0.701172 0.515625
0 0.960938 0.509766 0.960938 0.519531 0.962891 0.521484 0.962891 0.523438 0.966797 0.527344 0.966797 0.529297 0.968750 0.529297 0.970703 0.531250 0.976562 0.531250 0.976562 0.521484 0.974609 0.519531 0.974609 0.517578 0.972656 0.517578 0.970703 0.515625 0.970703 0.511719 0.966797 0.511719 0.964844 0.509766
0 0.933594 0.498047 0.931641 0.500000 0.931641 0.503906 0.929688 0.505859 0.929688 0.513672 0.931641 0.515625 0.931641 0.521484 0.935547 0.525391 0.935547 0.537109 0.937500 0.537109 0.939453 0.539062 0.939453 0.541016 0.941406 0.542969 0.943359 0.542969 0.951172 0.550781 0.953125 0.550781 0.953125 0.548828 0.951172 0.546875 0.951172 0.544922 0.949219 0.544922 0.947266 0.542969 0.945312 0.542969 0.941406 0.539062 0.939453 0.539062 0.937500 0.537109 0.937500 0.523438 0.933594 0.519531 0.933594 0.515625 0.931641 0.513672 0.931641 0.505859 0.935547 0.501953 0.935547 0.498047
0 0.814453 0.494141 0.814453 0.496094 0.812500 0.498047 0.810547 0.498047 0.810547 0.509766 0.814453 0.509766 0.812500 0.507812 0.812500 0.501953 0.814453 0.500000 0.816406 0.500000 0.816406 0.498047 0.818359 0.496094 0.818359 0.494141
0 0.822266 0.474609 0.822266 0.482422 0.820312 0.484375 0.820312 0.486328 0.818359 0.488281 0.816406 0.488281 0.816406 0.490234 0.818359 0.490234 0.818359 0.488281 0.820312 0.486328 0.822266 0.486328 0.822266 0.484375 0.824219 0.482422 0.824219 0.474609
0 0.458984 0.369141 0.458984 0.378906 0.478516 0.378906 0.480469 0.380859 0.480469 0.386719 0.490234 0.386719 0.490234 0.373047 0.488281 0.373047 0.486328 0.371094 0.486328 0.369141
0 0.417969 0.365234 0.417969 0.367188 0.416016 0.369141 0.406250 0.369141 0.406250 0.376953 0.404297 0.378906 0.396484 0.378906 0.396484 0.382812 0.394531 0.384766 0.390625 0.384766 0.390625 0.398438 0.388672 0.400391 0.386719 0.400391 0.386719 0.421875 0.394531 0.421875 0.396484 0.423828 0.406250 0.423828 0.410156 0.419922 0.412109 0.419922 0.412109 0.416016 0.414062 0.414062 0.417969 0.414062 0.417969 0.410156 0.421875 0.406250 0.421875 0.404297 0.423828 0.402344 0.427734 0.402344 0.427734 0.396484 0.429688 0.394531 0.453125 0.394531 0.453125 0.369141 0.449219 0.369141 0.447266 0.367188 0.447266 0.365234