0 0.714844 0.279297 0.710938 0.283203 0.703125 0.283203 0.703125 0.285156 0.701172 0.287109 0.699219 0.287109 0.693359 0.292969 0.693359 0.294922 0.691406 0.296875 0.687500 0.296875 0.685547 0.298828 0.685547 0.300781 0.683594 0.302734 0.681641 0.302734 0.681641 0.304688 0.679688 0.306641 0.677734 0.306641 0.675781 0.304688 0.671875 0.304688 0.669922 0.302734 0.669922 0.298828 0.662109 0.298828 0.662109 0.308594 0.666016 0.308594 0.667969 0.310547 0.667969 0.312500 0.669922 0.314453 0.669922 0.316406 0.681641 0.316406 0.683594 0.314453 0.685547 0.314453 0.685547 0.312500 0.687500 0.310547 0.689453 0.310547 0.689453 0.308594 0.691406 0.306641 0.693359 0.306641 0.695312 0.304688 0.699219 0.304688 0.699219 0.302734 0.707031 0.294922 0.707031 0.292969 0.708984 0.291016 0.716797 0.291016 0.718750 0.289062 0.720703 0.289062 0.722656 0.287109 0.724609 0.287109 0.726562 0.289062 0.726562 0.291016 0.728516 0.291016 0.730469 0.292969 0.730469 0.294922 0.736328 0.300781 0.736328 0.306641 0.738281 0.308594 0.738281 0.310547 0.744141 0.316406 0.748047 0.316406 0.751953 0.320312 0.761719 0.320312 0.761719 0.312500 0.759766 0.312500 0.757812 0.310547 0.757812 0.308594 0.751953 0.308594 0.744141 0.300781 0.744141 0.292969 0.738281 0.287109 0.736328 0.287109 0.734375 0.285156 0.734375 0.283203 0.732422 0.281250 0.732422 0.279297
0 0.302734 0.251953 0.302734 0.285156 0.300781 0.287109 0.300781 0.306641 0.296875 0.310547 0.296875 0.312500 0.294922 0.314453 0.289062 0.314453 0.285156 0.310547 0.285156 0.308594 0.261719 0.308594 0.259766 0.310547 0.259766 0.312500 0.257812 0.314453 0.251953 0.314453 0.251953 0.316406 0.250000 0.318359 0.248047 0.318359 0.246094 0.320312 0.242188 0.320312 0.240234 0.322266 0.236328 0.322266 0.234375 0.324219 0.228516 0.324219 0.226562 0.326172 0.218750 0.326172 0.214844 0.330078 0.207031 0.330078 0.207031 0.332031 0.205078 0.333984 0.205078 0.335938 0.203125 0.337891 0.199219 0.337891 0.199219 0.339844 0.197266 0.341797 0.191406 0.341797 0.191406 0.349609 0.203125 0.349609 0.203125 0.347656 0.205078 0.345703 0.208984 0.345703 0.208984 0.343750 0.210938 0.341797 0.212891 0.341797 0.212891 0.339844 0.214844 0.337891 0.222656 0.337891 0.226562 0.333984 0.234375 0.333984 0.236328 0.332031 0.240234 0.332031 0.242188 0.330078 0.248047 0.330078 0.250000 0.328125 0.251953 0.328125 0.253906 0.326172 0.255859 0.326172 0.255859 0.324219 0.257812 0.322266 0.261719 0.322266 0.261719 0.320312 0.263672 0.318359 0.267578 0.318359 0.269531 0.316406 0.277344 0.316406 0.279297 0.318359 0.279297 0.320312 0.281250 0.320312 0.285156 0.324219 0.285156 0.328125 0.287109 0.330078 0.298828 0.330078 0.302734 0.326172 0.302734 0.322266 0.304688 0.320312 0.304688 0.318359 0.306641 0.316406 0.306641 0.312500 0.308594 0.310547 0.308594 0.294922 0.310547 0.292969 0.310547 0.251953
0 0.021484 0.208984 0.021484 0.216797 0.023438 0.218750 0.023438 0.224609 0.025391 0.224609 0.027344 0.226562 0.027344 0.228516 0.035156 0.228516 0.035156 0.220703 0.033203 0.220703 0.031250 0.218750 0.031250 0.216797 0.029297 0.214844 0.029297 0.208984
0 0.021484 0.195312 0.021484 0.203125 0.029297 0.203125 0.029297 0.195312
0 0.021484 0.179688 0.021484 0.187500 0.029297 0.187500 0.029297 0.179688
0 0.021484 0.164062 0.021484 0.171875 0.029297 0.171875 0.029297 0.164062
0 0.044922 0.140625 0.044922 0.144531 0.042969 0.146484 0.042969 0.156250 0.050781 0.156250 0.050781 0.154297 0.052734 0.152344 0.052734 0.140625
0 0.046875 0.128906 0.046875 0.136719 0.054688 0.136719 0.054688 0.128906
0 0.048828 0.115234 0.048828 0.123047 0.056641 0.123047 0.056641 0.115234
0 0.052734 0.101562 0.052734 0.109375 0.060547 0.109375 0.060547 0.101562
0 0.806641 0.080078 0.806641 0.083984 0.804688 0.085938 0.804688 0.089844 0.802734 0.091797 0.802734 0.093750 0.798828 0.097656 0.798828 0.099609 0.796875 0.101562 0.792969 0.101562 0.792969 0.103516 0.791016 0.105469 0.789062 0.105469 0.789062 0.123047 0.791016 0.125000 0.791016 0.132812 0.792969 0.134766 0.794922 0.134766 0.796875 0.136719 0.798828 0.136719 0.800781 0.138672 0.800781 0.140625 0.804688 0.140625 0.806641 0.142578 0.806641 0.144531 0.812500 0.144531 0.814453 0.146484 0.814453 0.148438 0.818359 0.148438 0.820312 0.150391 0.820312 0.152344 0.822266 0.154297 0.824219 0.154297 0.826172 0.156250 0.826172 0.160156 0.828125 0.162109 0.828125 0.164062 0.830078 0.164062 0.832031 0.166016 0.832031 0.167969 0.835938 0.167969 0.837891 0.169922 0.837891 0.173828 0.839844 0.173828 0.841797 0.175781 0.841797 0.181641 0.845703 0.181641 0.847656 0.183594 0.847656 0.185547 0.849609 0.185547 0.851562 0.187500 0.851562 0.189453 0.853516 0.189453 0.855469 0.191406 0.855469 0.193359 0.861328 0.199219 0.871094 0.199219 0.873047 0.201172 0.886719 0.201172 0.888672 0.203125 0.888672 0.205078 0.890625 0.205078 0.892578 0.207031 0.896484 0.207031 0.898438 0.208984 0.900391 0.208984 0.902344 0.210938 0.902344 0.212891 0.906250 0.212891 0.910156 0.216797 0.910156 0.218750 0.912109 0.218750 0.914062 0.220703 0.914062 0.224609 0.916016 0.224609 0.917969 0.226562 0.919922 0.226562 0.921875 0.228516 0.921875 0.230469 0.923828 0.232422 0.925781 0.232422 0.927734 0.234375 0.927734 0.236328 0.931641 0.236328 0.933594 0.238281 0.937500 0.238281 0.939453 0.240234 0.945312 0.240234 0.947266 0.242188 0.947266 0.244141 0.955078 0.244141 0.957031 0.246094 0.964844 0.246094 0.966797 0.248047 0.966797 0.250000 0.970703 0.250000 0.972656 0.251953 0.986328 0.251953 0.986328 0.244141 0.976562 0.244141 0.974609 0.242188 0.966797 0.242188 0.964844 0.240234 0.964844 0.238281 0.957031 0.238281 0.955078 0.236328 0.949219 0.236328 0.947266 0.234375 0.947266 0.232422 0.943359 0.232422 0.941406 0.230469 0.937500 0.230469 0.935547 0.228516 0.933594 0.228516 0.931641 0.226562 0.931641 0.224609 0.929688 0.222656 0.927734 0.222656 0.925781 0.220703 0.925781 0.218750 0.923828 0.218750 0.921875 0.216797 0.921875 0.212891 0.919922 0.212891 0.916016 0.208984 0.916016 0.207031 0.912109 0.207031 0.910156 0.205078 0.910156 0.203125 0.908203 0.203125 0.906250 0.201172 0.902344 0.201172 0.900391 0.199219 0.898438 0.199219 0.896484 0.197266 0.890625 0.197266 0.888672 0.195312 0.888672 0.193359 0.875000 0.193359 0.873047 0.191406 0.869141 0.191406 0.863281 0.185547 0.861328 0.185547 0.859375 0.183594 0.859375 0.181641 0.857422 0.181641 0.855469 0.179688 0.855469 0.177734 0.851562 0.177734 0.849609 0.175781 0.849609 0.173828 0.847656 0.173828 0.845703 0.171875 0.845703 0.166016 0.841797 0.166016 0.839844 0.164062 0.839844 0.160156 0.837891 0.160156 0.835938 0.158203 0.835938 0.154297 0.833984 0.152344 0.833984 0.150391 0.832031 0.148438 0.832031 0.146484 0.830078 0.146484 0.828125 0.144531 0.826172 0.144531 0.824219 0.142578 0.824219 0.140625 0.816406 0.140625 0.814453 0.138672 0.814453 0.136719 0.810547 0.136719 0.808594 0.134766 0.808594 0.132812 0.806641 0.132812 0.804688 0.130859 0.804688 0.128906 0.802734 0.128906 0.800781 0.126953 0.800781 0.125000 0.798828 0.123047 0.798828 0.121094 0.796875 0.119141 0.796875 0.115234 0.798828 0.113281 0.798828 0.111328 0.800781 0.109375 0.802734 0.109375 0.802734 0.107422 0.804688 0.105469 0.806641 0.105469 0.808594 0.103516 0.808594 0.101562 0.812500 0.097656 0.812500 0.093750 0.814453 0.091797 0.814453 0.080078
0 0.134766 0.070312 0.134766 0.078125 0.142578 0.078125 0.142578 0.070312
0 0.111328 0.070312 0.111328 0.078125 0.128906 0.078125 0.128906 0.070312
0 0.156250 0.066406 0.154297 0.068359 0.146484 0.068359 0.146484 0.076172 0.154297 0.076172 0.156250 0.074219 0.164062 0.074219 0.164062 0.066406
0 0.091797 0.066406 0.091797 0.074219 0.097656 0.074219 0.099609 0.076172 0.107422 0.076172 0.107422 0.068359 0.101562 0.068359 0.099609 0.066406
0 0.078125 0.066406 0.076172 0.068359 0.074219 0.068359 0.074219 0.070312 0.072266 0.072266 0.070312 0.072266 0.070312 0.074219 0.068359 0.076172 0.066406 0.076172 0.066406 0.082031 0.064453 0.083984 0.060547 0.083984 0.060547 0.091797 0.068359 0.091797 0.068359 0.085938 0.070312 0.083984 0.074219 0.083984 0.074219 0.082031 0.076172 0.080078 0.078125 0.080078 0.078125 0.078125 0.080078 0.076172 0.082031 0.076172 0.083984 0.074219 0.087891 0.074219 0.087891 0.066406
0 0.167969 0.064453 0.167969 0.072266 0.175781 0.072266 0.175781 0.064453
0 0.308594 0.058594 0.308594 0.066406 0.314453 0.066406 0.316406 0.068359 0.320312 0.068359 0.322266 0.070312 0.333984 0.070312 0.335938 0.068359 0.337891 0.068359 0.339844 0.066406 0.341797 0.066406 0.341797 0.058594 0.333984 0.058594 0.332031 0.060547 0.328125 0.060547 0.326172 0.062500 0.324219 0.060547 0.318359 0.060547 0.316406 0.058594
0 0.296875 0.058594 0.296875 0.066406 0.304688 0.066406 0.304688 0.058594
0 0.275391 0.058594 0.275391 0.066406 0.292969 0.066406 0.292969 0.058594
0 0.074219 0.048828 0.072266 0.050781 0.068359 0.050781 0.066406 0.052734 0.064453 0.052734 0.062500 0.054688 0.058594 0.054688 0.058594 0.058594 0.056641 0.060547 0.056641 0.064453 0.054688 0.066406 0.052734 0.066406 0.050781 0.068359 0.050781 0.072266 0.048828 0.074219 0.048828 0.078125 0.046875 0.080078 0.044922 0.080078 0.044922 0.085938 0.042969 0.087891 0.041016 0.087891 0.041016 0.093750 0.039062 0.095703 0.037109 0.095703 0.037109 0.103516 0.035156 0.105469 0.035156 0.109375 0.033203 0.111328 0.031250 0.111328 0.031250 0.117188 0.029297 0.119141 0.027344 0.119141 0.027344 0.126953 0.025391 0.128906 0.023438 0.128906 0.023438 0.136719 0.021484 0.138672 0.021484 0.156250 0.029297 0.156250 0.029297 0.138672 0.031250 0.136719 0.031250 0.128906 0.033203 0.126953 0.035156 0.126953 0.035156 0.121094 0.037109 0.119141 0.039062 0.119141 0.039062 0.115234 0.041016 0.113281 0.042969 0.113281 0.042969 0.105469 0.044922 0.103516 0.044922 0.097656 0.046875 0.095703 0.048828 0.095703 0.048828 0.089844 0.050781 0.087891 0.052734 0.087891 0.052734 0.083984 0.054688 0.082031 0.056641 0.082031 0.056641 0.078125 0.060547 0.074219 0.060547 0.070312 0.062500 0.068359 0.064453 0.068359 0.066406 0.066406 0.066406 0.064453 0.068359 0.062500 0.070312 0.062500 0.074219 0.058594 0.076172 0.058594 0.078125 0.056641 0.082031 0.056641 0.082031 0.048828
0 0.085938 0.044922 0.085938 0.052734 0.093750 0.052734 0.093750 0.044922
0 0.222656 0.042969 0.220703 0.044922 0.216797 0.044922 0.216797 0.046875 0.214844 0.048828 0.210938 0.048828 0.208984 0.050781 0.203125 0.050781 0.203125 0.052734 0.201172 0.054688 0.197266 0.054688 0.197266 0.056641 0.195312 0.058594 0.191406 0.058594 0.189453 0.060547 0.183594 0.060547 0.183594 0.068359 0.191406 0.068359 0.193359 0.066406 0.199219 0.066406 0.199219 0.064453 0.201172 0.062500 0.205078 0.062500 0.205078 0.060547 0.207031 0.058594 0.210938 0.058594 0.212891 0.056641 0.218750 0.056641 0.218750 0.054688 0.220703 0.052734 0.224609 0.052734 0.226562 0.050781 0.230469 0.050781 0.232422 0.052734 0.236328 0.052734 0.238281 0.054688 0.238281 0.056641 0.242188 0.056641 0.244141 0.058594 0.248047 0.058594 0.250000 0.060547 0.250000 0.062500 0.251953 0.062500 0.255859 0.066406 0.269531 0.066406 0.269531 0.058594 0.263672 0.058594 0.261719 0.056641 0.259766 0.056641 0.257812 0.054688 0.253906 0.054688 0.251953 0.052734 0.251953 0.050781 0.248047 0.050781 0.246094 0.048828 0.242188 0.048828 0.240234 0.046875 0.240234 0.044922 0.238281 0.044922 0.236328 0.042969
0 0.111328 0.041016 0.109375 0.042969 0.101562 0.042969 0.101562 0.050781 0.109375 0.050781 0.111328 0.048828 0.132812 0.048828 0.134766 0.050781 0.158203 0.050781 0.158203 0.042969 0.142578 0.042969 0.140625 0.041016
0 0.535156 0.017578 0.535156 0.021484 0.533203 0.023438 0.533203 0.025391 0.531250 0.027344 0.529297 0.027344 0.529297 0.031250 0.523438 0.037109 0.521484 0.037109 0.515625 0.042969 0.513672 0.042969 0.513672 0.044922 0.511719 0.046875 0.511719 0.048828 0.509766 0.050781 0.507812 0.050781 0.507812 0.052734 0.498047 0.062500 0.496094 0.062500 0.496094 0.064453 0.492188 0.068359 0.492188 0.070312 0.490234 0.072266 0.488281 0.072266 0.486328 0.074219 0.474609 0.074219 0.468750 0.080078 0.464844 0.080078 0.462891 0.082031 0.460938 0.082031 0.458984 0.083984 0.457031 0.083984 0.453125 0.087891 0.451172 0.087891 0.451172 0.089844 0.447266 0.093750 0.445312 0.093750 0.443359 0.095703 0.443359 0.097656 0.441406 0.099609 0.439453 0.099609 0.439453 0.101562 0.437500 0.103516 0.435547 0.103516 0.435547 0.107422 0.433594 0.109375 0.433594 0.125000 0.431641 0.126953 0.431641 0.154297 0.435547 0.158203 0.435547 0.162109 0.433594 0.164062 0.427734 0.164062 0.425781 0.162109 0.425781 0.160156 0.417969 0.160156 0.417969 0.167969 0.419922 0.169922 0.419922 0.171875 0.441406 0.171875 0.443359 0.169922 0.443359 0.150391 0.439453 0.146484 0.439453 0.134766 0.441406 0.132812 0.441406 0.117188 0.443359 0.115234 0.443359 0.113281 0.445312 0.111328 0.445312 0.109375 0.447266 0.107422 0.447266 0.105469 0.449219 0.103516 0.451172 0.103516 0.455078 0.099609 0.457031 0.099609 0.457031 0.097656 0.458984 0.095703 0.460938 0.095703 0.464844 0.091797 0.466797 0.091797 0.468750 0.089844 0.470703 0.089844 0.472656 0.087891 0.474609 0.087891 0.476562 0.085938 0.478516 0.085938 0.482422 0.082031 0.492188 0.082031 0.494141 0.080078 0.496094 0.080078 0.496094 0.078125 0.498047 0.076172 0.500000 0.076172 0.503906 0.072266 0.503906 0.070312 0.505859 0.068359 0.507812 0.068359 0.513672 0.062500 0.513672 0.060547 0.515625 0.058594 0.517578 0.058594 0.517578 0.056641 0.519531 0.054688 0.519531 0.052734 0.523438 0.048828 0.525391 0.048828 0.531250 0.042969 0.533203 0.042969 0.535156 0.041016 0.535156 0.037109 0.537109 0.035156 0.541016 0.035156 0.541016 0.031250 0.542969 0.029297 0.542969 0.017578