0 0.292969 0.851562 0.292969 0.861328 0.310547 0.861328 0.310547 0.851562
0 0.246094 0.779297 0.246094 0.783203 0.244141 0.785156 0.236328 0.785156 0.236328 0.794922 0.234375 0.796875 0.226562 0.796875 0.224609 0.798828 0.216797 0.798828 0.216797 0.806641 0.214844 0.808594 0.212891 0.808594 0.212891 0.832031 0.218750 0.832031 0.220703 0.833984 0.220703 0.839844 0.222656 0.839844 0.224609 0.841797 0.228516 0.841797 0.230469 0.843750 0.230469 0.845703 0.234375 0.845703 0.236328 0.847656 0.236328 0.849609 0.244141 0.849609 0.246094 0.851562 0.246094 0.855469 0.255859 0.855469 0.257812 0.857422 0.257812 0.859375 0.265625 0.859375 0.267578 0.861328 0.289062 0.861328 0.289062 0.851562 0.269531 0.851562 0.267578 0.849609 0.257812 0.849609 0.255859 0.847656 0.255859 0.845703 0.248047 0.845703 0.246094 0.843750 0.246094 0.839844 0.242188 0.839844 0.240234 0.837891 0.240234 0.835938 0.236328 0.835938 0.234375 0.833984 0.234375 0.832031 0.232422 0.832031 0.230469 0.830078 0.224609 0.830078 0.222656 0.828125 0.222656 0.810547 0.224609 0.808594 0.226562 0.808594 0.228516 0.806641 0.236328 0.806641 0.236328 0.796875 0.238281 0.794922 0.246094 0.794922 0.246094 0.791016 0.248047 0.789062 0.255859 0.789062 0.255859 0.779297
0 0.259766 0.773438 0.259766 0.783203 0.269531 0.783203 0.269531 0.773438
0 0.277344 0.765625 0.277344 0.775391 0.287109 0.775391 0.287109 0.765625
0 0.306641 0.750000 0.306641 0.753906 0.304688 0.755859 0.296875 0.755859 0.296875 0.765625 0.306641 0.765625 0.306641 0.761719 0.308594 0.759766 0.316406 0.759766 0.316406 0.750000
0 0.320312 0.746094 0.320312 0.755859 0.330078 0.755859 0.330078 0.746094
0 0.333984 0.736328 0.333984 0.746094 0.343750 0.746094 0.343750 0.736328
0 0.349609 0.728516 0.349609 0.738281 0.359375 0.738281 0.359375 0.728516
0 0.363281 0.722656 0.363281 0.732422 0.373047 0.732422 0.373047 0.722656
0 0.396484 0.718750 0.396484 0.728516 0.406250 0.728516 0.406250 0.718750
0 0.382812 0.718750 0.382812 0.728516 0.392578 0.728516 0.392578 0.718750
0 0.796875 0.576172 0.796875 0.587891 0.794922 0.589844 0.789062 0.589844 0.789062 0.591797 0.787109 0.593750 0.783203 0.593750 0.783203 0.597656 0.781250 0.599609 0.775391 0.599609 0.775391 0.609375 0.785156 0.609375 0.785156 0.607422 0.787109 0.605469 0.792969 0.605469 0.794922 0.603516 0.794922 0.601562 0.796875 0.599609 0.798828 0.599609 0.798828 0.593750 0.800781 0.591797 0.806641 0.591797 0.806641 0.576172
0 0.318359 0.382812 0.318359 0.388672 0.320312 0.388672 0.320312 0.382812
0 0.294922 0.271484 0.294922 0.273438 0.302734 0.273438 0.304688 0.275391 0.304688 0.277344 0.306641 0.279297 0.306641 0.283203 0.308594 0.285156 0.308594 0.289062 0.310547 0.289062 0.314453 0.292969 0.314453 0.296875 0.316406 0.296875 0.318359 0.298828 0.314453 0.302734 0.312500 0.302734 0.308594 0.306641 0.308594 0.316406 0.310547 0.316406 0.316406 0.322266 0.322266 0.322266 0.324219 0.324219 0.324219 0.330078 0.330078 0.335938 0.330078 0.337891 0.337891 0.345703 0.339844 0.345703 0.341797 0.347656 0.341797 0.349609 0.343750 0.351562 0.343750 0.353516 0.345703 0.355469 0.345703 0.359375 0.347656 0.361328 0.345703 0.363281 0.343750 0.363281 0.341797 0.365234 0.339844 0.365234 0.337891 0.367188 0.335938 0.367188 0.333984 0.369141 0.332031 0.369141 0.328125 0.373047 0.326172 0.373047 0.324219 0.375000 0.322266 0.375000 0.320312 0.376953 0.320312 0.378906 0.324219 0.378906 0.328125 0.375000 0.332031 0.375000 0.335938 0.371094 0.337891 0.371094 0.339844 0.369141 0.341797 0.369141 0.345703 0.365234 0.349609 0.365234 0.349609 0.359375 0.347656 0.357422 0.347656 0.353516 0.345703 0.351562 0.345703 0.349609 0.343750 0.347656 0.343750 0.345703 0.341797 0.343750 0.339844 0.343750 0.333984 0.337891 0.333984 0.335938 0.330078 0.332031 0.330078 0.330078 0.328125 0.328125 0.328125 0.320312 0.320312 0.320312 0.318359 0.318359 0.316406 0.318359 0.310547 0.312500 0.310547 0.310547 0.312500 0.308594 0.312500 0.306641 0.314453 0.304688 0.316406 0.304688 0.320312 0.300781 0.320312 0.294922 0.318359 0.294922 0.316406 0.292969 0.316406 0.291016 0.310547 0.285156 0.310547 0.281250 0.308594 0.279297 0.308594 0.277344 0.306641 0.275391 0.306641 0.271484
0 0.244141 0.234375 0.244141 0.240234 0.246094 0.242188 0.250000 0.242188 0.251953 0.240234 0.263672 0.240234 0.267578 0.244141 0.267578 0.250000 0.269531 0.250000 0.273438 0.253906 0.273438 0.255859 0.277344 0.259766 0.277344 0.261719 0.279297 0.261719 0.281250 0.263672 0.281250 0.265625 0.283203 0.267578 0.285156 0.267578 0.287109 0.269531 0.287109 0.271484 0.291016 0.271484 0.291016 0.269531 0.289062 0.267578 0.289062 0.265625 0.287109 0.265625 0.283203 0.261719 0.283203 0.259766 0.281250 0.259766 0.275391 0.253906 0.275391 0.251953 0.269531 0.246094 0.269531 0.240234 0.267578 0.240234 0.265625 0.238281 0.251953 0.238281 0.250000 0.240234 0.248047 0.240234 0.246094 0.238281 0.246094 0.234375
0 0.056641 0.185547 0.056641 0.187500 0.060547 0.191406 0.068359 0.191406 0.070312 0.193359 0.074219 0.193359 0.076172 0.195312 0.078125 0.195312 0.080078 0.197266 0.083984 0.197266 0.085938 0.199219 0.087891 0.199219 0.089844 0.201172 0.091797 0.201172 0.093750 0.203125 0.097656 0.203125 0.103516 0.208984 0.103516 0.210938 0.111328 0.218750 0.111328 0.224609 0.113281 0.226562 0.113281 0.230469 0.115234 0.232422 0.115234 0.234375 0.119141 0.238281 0.119141 0.242188 0.121094 0.244141 0.121094 0.248047 0.125000 0.251953 0.125000 0.253906 0.130859 0.259766 0.132812 0.259766 0.134766 0.261719 0.134766 0.263672 0.136719 0.263672 0.136719 0.259766 0.134766 0.257812 0.132812 0.257812 0.128906 0.253906 0.128906 0.251953 0.123047 0.246094 0.123047 0.242188 0.121094 0.240234 0.121094 0.238281 0.119141 0.236328 0.119141 0.232422 0.115234 0.228516 0.115234 0.224609 0.113281 0.222656 0.113281 0.216797 0.107422 0.210938 0.107422 0.208984 0.105469 0.207031 0.105469 0.205078 0.103516 0.203125 0.101562 0.203125 0.099609 0.201172 0.097656 0.201172 0.095703 0.199219 0.091797 0.199219 0.087891 0.195312 0.082031 0.195312 0.080078 0.193359 0.078125 0.193359 0.076172 0.191406 0.072266 0.191406 0.070312 0.189453 0.062500 0.189453 0.058594 0.185547
0 0.402344 0.111328 0.402344 0.115234 0.400391 0.117188 0.394531 0.117188 0.392578 0.119141 0.388672 0.119141 0.388672 0.121094 0.386719 0.123047 0.386719 0.126953 0.384766 0.128906 0.375000 0.128906 0.371094 0.125000 0.371094 0.123047 0.365234 0.123047 0.365234 0.125000 0.369141 0.125000 0.371094 0.126953 0.371094 0.128906 0.373047 0.130859 0.384766 0.130859 0.386719 0.128906 0.388672 0.128906 0.388672 0.126953 0.390625 0.125000 0.390625 0.123047 0.392578 0.121094 0.394531 0.121094 0.396484 0.119141 0.402344 0.119141 0.404297 0.117188 0.406250 0.117188 0.406250 0.111328
0 0.236328 0.082031 0.236328 0.083984 0.238281 0.083984 0.240234 0.085938 0.244141 0.085938 0.248047 0.089844 0.246094 0.091797 0.246094 0.097656 0.248047 0.099609 0.248047 0.105469 0.250000 0.105469 0.255859 0.111328 0.253906 0.113281 0.253906 0.119141 0.251953 0.121094 0.251953 0.128906 0.250000 0.130859 0.250000 0.134766 0.246094 0.138672 0.244141 0.138672 0.242188 0.136719 0.226562 0.136719 0.224609 0.134766 0.216797 0.134766 0.214844 0.136719 0.212891 0.136719 0.212891 0.138672 0.210938 0.140625 0.208984 0.138672 0.208984 0.134766 0.207031 0.134766 0.205078 0.132812 0.199219 0.132812 0.197266 0.130859 0.197266 0.128906 0.181641 0.128906 0.181641 0.130859 0.193359 0.130859 0.197266 0.134766 0.201172 0.134766 0.203125 0.136719 0.205078 0.136719 0.207031 0.138672 0.207031 0.140625 0.210938 0.144531 0.214844 0.144531 0.214844 0.140625 0.216797 0.138672 0.218750 0.138672 0.220703 0.136719 0.222656 0.136719 0.224609 0.138672 0.238281 0.138672 0.240234 0.140625 0.248047 0.140625 0.251953 0.136719 0.251953 0.132812 0.253906 0.130859 0.253906 0.125000 0.255859 0.123047 0.255859 0.115234 0.257812 0.113281 0.257812 0.109375 0.253906 0.105469 0.253906 0.103516 0.251953 0.103516 0.250000 0.101562 0.250000 0.095703 0.248047 0.093750 0.250000 0.091797 0.250000 0.087891 0.246094 0.083984 0.242188 0.083984 0.240234 0.082031
0 0.394531 0.023438 0.392578 0.025391 0.390625 0.025391 0.388672 0.027344 0.380859 0.027344 0.378906 0.029297 0.376953 0.029297 0.375000 0.031250 0.371094 0.031250 0.371094 0.033203 0.369141 0.035156 0.365234 0.035156 0.363281 0.033203 0.353516 0.033203 0.349609 0.029297 0.345703 0.029297 0.345703 0.031250 0.347656 0.031250 0.351562 0.035156 0.361328 0.035156 0.363281 0.037109 0.371094 0.037109 0.375000 0.033203 0.376953 0.033203 0.378906 0.031250 0.380859 0.031250 0.382812 0.029297 0.390625 0.029297 0.392578 0.027344 0.394531 0.027344 0.396484 0.025391 0.398438 0.025391 0.398438 0.023438
0 0.125000 0.007812 0.117188 0.015625 0.117188 0.017578 0.111328 0.023438 0.109375 0.023438 0.107422 0.025391 0.105469 0.025391 0.103516 0.027344 0.101562 0.027344 0.099609 0.029297 0.099609 0.033203 0.097656 0.035156 0.097656 0.037109 0.095703 0.039062 0.085938 0.039062 0.085938 0.041016 0.097656 0.041016 0.101562 0.037109 0.101562 0.031250 0.103516 0.029297 0.105469 0.029297 0.107422 0.027344 0.109375 0.027344 0.111328 0.025391 0.115234 0.025391 0.117188 0.023438 0.117188 0.021484 0.121094 0.017578 0.121094 0.015625 0.126953 0.009766 0.128906 0.009766 0.128906 0.007812