0 0.783203 0.978516 0.781250 0.980469 0.779297 0.980469 0.777344 0.982422 0.777344 0.986328 0.781250 0.986328 0.783203 0.988281 0.785156 0.988281 0.787109 0.990234 0.789062 0.990234 0.791016 0.992188 0.822266 0.992188 0.822266 0.988281 0.818359 0.988281 0.814453 0.984375 0.812500 0.984375 0.810547 0.986328 0.808594 0.986328 0.808594 0.988281 0.806641 0.990234 0.798828 0.990234 0.792969 0.984375 0.792969 0.982422 0.791016 0.980469 0.787109 0.980469 0.785156 0.978516
0 0.396484 0.978516 0.394531 0.980469 0.392578 0.980469 0.392578 0.988281 0.396484 0.992188 0.402344 0.992188 0.402344 0.986328 0.404297 0.984375 0.404297 0.978516
0 0.548828 0.957031 0.548828 0.958984 0.546875 0.960938 0.546875 0.962891 0.542969 0.966797 0.542969 0.974609 0.544922 0.976562 0.542969 0.978516 0.542969 0.982422 0.544922 0.984375 0.544922 0.992188 0.576172 0.992188 0.576172 0.986328 0.574219 0.984375 0.574219 0.980469 0.576172 0.978516 0.582031 0.978516 0.583984 0.976562 0.583984 0.974609 0.585938 0.972656 0.589844 0.972656 0.589844 0.970703 0.593750 0.966797 0.593750 0.962891 0.591797 0.962891 0.587891 0.958984 0.580078 0.958984 0.580078 0.960938 0.578125 0.962891 0.576172 0.962891 0.570312 0.968750 0.570312 0.972656 0.568359 0.974609 0.566406 0.972656 0.562500 0.972656 0.560547 0.970703 0.560547 0.968750 0.554688 0.962891 0.554688 0.958984 0.552734 0.957031
0 0.460938 0.955078 0.455078 0.960938 0.455078 0.962891 0.453125 0.964844 0.453125 0.970703 0.455078 0.970703 0.458984 0.974609 0.460938 0.974609 0.466797 0.980469 0.470703 0.980469 0.470703 0.970703 0.468750 0.968750 0.470703 0.966797 0.470703 0.960938 0.468750 0.960938 0.466797 0.958984 0.466797 0.955078
0 0.890625 0.953125 0.890625 0.960938 0.884766 0.966797 0.880859 0.966797 0.880859 0.968750 0.886719 0.968750 0.888672 0.970703 0.890625 0.970703 0.892578 0.972656 0.894531 0.972656 0.896484 0.970703 0.898438 0.970703 0.902344 0.966797 0.906250 0.966797 0.908203 0.964844 0.912109 0.964844 0.912109 0.962891 0.910156 0.960938 0.910156 0.955078 0.908203 0.953125 0.908203 0.955078 0.902344 0.960938 0.894531 0.953125
0 0.984375 0.951172 0.978516 0.957031 0.978516 0.958984 0.980469 0.958984 0.984375 0.962891 0.986328 0.962891 0.984375 0.960938
0 0.832031 0.933594 0.830078 0.935547 0.826172 0.935547 0.824219 0.937500 0.822266 0.937500 0.820312 0.939453 0.820312 0.941406 0.822266 0.943359 0.824219 0.943359 0.826172 0.945312 0.826172 0.949219 0.824219 0.951172 0.822266 0.951172 0.818359 0.955078 0.818359 0.960938 0.826172 0.960938 0.837891 0.972656 0.837891 0.974609 0.841797 0.978516 0.841797 0.990234 0.843750 0.992188 0.908203 0.992188 0.906250 0.992188 0.904297 0.990234 0.904297 0.988281 0.900391 0.984375 0.898438 0.986328 0.888672 0.986328 0.884766 0.990234 0.880859 0.990234 0.878906 0.988281 0.878906 0.984375 0.880859 0.982422 0.880859 0.980469 0.876953 0.976562 0.876953 0.974609 0.875000 0.974609 0.869141 0.968750 0.869141 0.966797 0.867188 0.964844 0.861328 0.964844 0.859375 0.962891 0.859375 0.960938 0.857422 0.962891 0.853516 0.962891 0.847656 0.957031 0.845703 0.957031 0.841797 0.953125 0.841797 0.951172 0.847656 0.945312 0.851562 0.945312 0.851562 0.941406 0.847656 0.941406 0.845703 0.939453 0.845703 0.937500 0.841797 0.937500 0.839844 0.935547 0.837891 0.935547 0.835938 0.933594
0 0.949219 0.929688 0.945312 0.933594 0.945312 0.939453 0.943359 0.941406 0.941406 0.941406 0.939453 0.943359 0.939453 0.945312 0.937500 0.947266 0.937500 0.949219 0.935547 0.951172 0.935547 0.955078 0.933594 0.957031 0.933594 0.958984 0.931641 0.960938 0.931641 0.962891 0.927734 0.966797 0.925781 0.966797 0.925781 0.972656 0.927734 0.974609 0.927734 0.982422 0.925781 0.984375 0.923828 0.984375 0.921875 0.986328 0.919922 0.986328 0.919922 0.988281 0.916016 0.992188 0.982422 0.992188 0.978516 0.988281 0.972656 0.988281 0.968750 0.984375 0.966797 0.984375 0.964844 0.982422 0.962891 0.982422 0.960938 0.980469 0.955078 0.980469 0.953125 0.978516 0.951172 0.978516 0.949219 0.976562 0.949219 0.964844 0.955078 0.958984 0.957031 0.958984 0.957031 0.953125 0.958984 0.951172 0.957031 0.949219 0.957031 0.947266 0.960938 0.943359 0.962891 0.945312 0.968750 0.945312 0.968750 0.941406 0.966797 0.939453 0.966797 0.937500 0.964844 0.935547 0.962891 0.935547 0.957031 0.929688
0 0.630859 0.929688 0.630859 0.933594 0.632812 0.935547 0.632812 0.939453 0.634766 0.939453 0.636719 0.941406 0.636719 0.943359 0.642578 0.949219 0.642578 0.951172 0.646484 0.951172 0.646484 0.949219 0.648438 0.947266 0.648438 0.943359 0.646484 0.943359 0.644531 0.941406 0.644531 0.937500 0.642578 0.935547 0.642578 0.933594 0.640625 0.933594 0.638672 0.931641 0.638672 0.929688
0 0.671875 0.925781 0.667969 0.929688 0.667969 0.931641 0.669922 0.933594 0.671875 0.933594 0.673828 0.935547 0.675781 0.935547 0.673828 0.933594 0.675781 0.931641 0.675781 0.929688
0 0.791016 0.921875 0.787109 0.925781 0.785156 0.925781 0.785156 0.931641 0.789062 0.935547 0.794922 0.935547 0.794922 0.933594 0.796875 0.931641 0.798828 0.931641 0.798828 0.923828 0.796875 0.923828 0.794922 0.921875
0 0.519531 0.916016 0.513672 0.921875 0.511719 0.921875 0.511719 0.923828 0.503906 0.931641 0.505859 0.931641 0.507812 0.933594 0.507812 0.935547 0.511719 0.935547 0.513672 0.937500 0.513672 0.939453 0.517578 0.943359 0.517578 0.945312 0.523438 0.945312 0.525391 0.943359 0.525391 0.927734 0.523438 0.925781 0.523438 0.923828 0.521484 0.921875 0.521484 0.919922 0.523438 0.917969 0.523438 0.916016
0 0.773438 0.898438 0.771484 0.900391 0.769531 0.900391 0.767578 0.902344 0.765625 0.900391 0.761719 0.900391 0.761719 0.904297 0.763672 0.906250 0.763672 0.910156 0.769531 0.916016 0.779297 0.916016 0.779297 0.910156 0.781250 0.908203 0.785156 0.908203 0.789062 0.904297 0.789062 0.898438
0 0.984375 0.880859 0.982422 0.882812 0.982422 0.888672 0.988281 0.888672 0.988281 0.886719 0.990234 0.884766 0.992188 0.884766 0.992188 0.882812 0.990234 0.882812 0.988281 0.880859
0 0.681641 0.880859 0.679688 0.882812 0.679688 0.886719 0.677734 0.888672 0.677734 0.890625 0.683594 0.896484 0.685547 0.896484 0.687500 0.898438 0.689453 0.898438 0.691406 0.900391 0.701172 0.900391 0.703125 0.902344 0.701172 0.904297 0.701172 0.906250 0.699219 0.908203 0.699219 0.910156 0.697266 0.912109 0.695312 0.912109 0.697266 0.914062 0.703125 0.914062 0.703125 0.912109 0.714844 0.900391 0.714844 0.896484 0.712891 0.894531 0.710938 0.894531 0.708984 0.892578 0.707031 0.892578 0.703125 0.888672 0.699219 0.888672 0.697266 0.890625 0.693359 0.886719 0.691406 0.886719 0.689453 0.884766 0.687500 0.884766 0.685547 0.882812 0.685547 0.880859
0 0.738281 0.878906 0.732422 0.884766 0.734375 0.884766 0.736328 0.886719 0.736328 0.888672 0.738281 0.888672 0.740234 0.890625 0.740234 0.892578 0.746094 0.892578 0.748047 0.890625 0.751953 0.890625 0.755859 0.886719 0.755859 0.884766 0.750000 0.884766 0.748047 0.882812 0.744141 0.882812 0.740234 0.878906
0 0.859375 0.873047 0.857422 0.875000 0.855469 0.875000 0.853516 0.876953 0.849609 0.876953 0.849609 0.880859 0.847656 0.882812 0.845703 0.882812 0.843750 0.884766 0.841797 0.884766 0.837891 0.888672 0.837891 0.890625 0.833984 0.894531 0.833984 0.898438 0.837891 0.902344 0.837891 0.904297 0.839844 0.906250 0.839844 0.912109 0.837891 0.914062 0.832031 0.914062 0.832031 0.917969 0.833984 0.919922 0.835938 0.917969 0.841797 0.917969 0.843750 0.916016 0.845703 0.917969 0.847656 0.917969 0.851562 0.921875 0.851562 0.923828 0.853516 0.925781 0.857422 0.925781 0.859375 0.927734 0.861328 0.927734 0.863281 0.929688 0.865234 0.929688 0.867188 0.931641 0.871094 0.931641 0.873047 0.933594 0.873047 0.935547 0.871094 0.937500 0.871094 0.941406 0.873047 0.943359 0.875000 0.943359 0.876953 0.945312 0.880859 0.945312 0.884766 0.949219 0.888672 0.949219 0.888672 0.947266 0.892578 0.943359 0.892578 0.941406 0.890625 0.939453 0.890625 0.937500 0.888672 0.935547 0.888672 0.931641 0.892578 0.927734 0.890625 0.925781 0.890625 0.923828 0.888672 0.923828 0.878906 0.914062 0.878906 0.912109 0.880859 0.910156 0.880859 0.908203 0.884766 0.904297 0.884766 0.900391 0.882812 0.898438 0.880859 0.900391 0.878906 0.898438 0.878906 0.896484 0.876953 0.896484 0.875000 0.894531 0.875000 0.890625 0.876953 0.888672 0.876953 0.884766 0.875000 0.882812 0.875000 0.876953 0.869141 0.876953 0.867188 0.875000 0.865234 0.875000 0.863281 0.873047
0 0.742188 0.865234 0.740234 0.867188 0.740234 0.869141 0.742188 0.871094 0.744141 0.871094 0.746094 0.869141 0.744141 0.867188 0.744141 0.865234
0 0.951172 0.722656 0.951172 0.728516 0.953125 0.730469 0.953125 0.732422 0.955078 0.734375 0.957031 0.734375 0.958984 0.736328 0.962891 0.736328 0.964844 0.734375 0.968750 0.734375 0.968750 0.730469 0.962891 0.730469 0.960938 0.728516 0.960938 0.722656
0 0.837891 0.718750 0.835938 0.720703 0.835938 0.724609 0.833984 0.726562 0.832031 0.726562 0.830078 0.728516 0.822266 0.720703 0.814453 0.720703 0.812500 0.722656 0.804688 0.722656 0.794922 0.732422 0.792969 0.732422 0.791016 0.734375 0.791016 0.736328 0.785156 0.742188 0.783203 0.742188 0.779297 0.746094 0.777344 0.746094 0.775391 0.748047 0.775391 0.767578 0.779297 0.771484 0.781250 0.771484 0.783203 0.773438 0.785156 0.773438 0.787109 0.775391 0.789062 0.773438 0.798828 0.773438 0.800781 0.775391 0.800781 0.779297 0.798828 0.781250 0.800781 0.783203 0.808594 0.783203 0.814453 0.789062 0.814453 0.806641 0.816406 0.806641 0.818359 0.808594 0.824219 0.808594 0.826172 0.810547 0.826172 0.812500 0.828125 0.812500 0.830078 0.814453 0.830078 0.816406 0.839844 0.816406 0.841797 0.814453 0.849609 0.814453 0.851562 0.816406 0.851562 0.820312 0.855469 0.820312 0.857422 0.822266 0.857422 0.826172 0.859375 0.826172 0.861328 0.828125 0.863281 0.826172 0.865234 0.826172 0.867188 0.824219 0.869141 0.824219 0.871094 0.822266 0.875000 0.822266 0.878906 0.826172 0.878906 0.828125 0.882812 0.832031 0.882812 0.833984 0.884766 0.835938 0.884766 0.839844 0.880859 0.843750 0.884766 0.847656 0.884766 0.853516 0.886719 0.855469 0.888672 0.855469 0.890625 0.857422 0.890625 0.867188 0.888672 0.869141 0.886719 0.869141 0.884766 0.871094 0.884766 0.878906 0.886719 0.880859 0.896484 0.880859 0.898438 0.878906 0.898438 0.875000 0.904297 0.869141 0.908203 0.869141 0.910156 0.871094 0.910156 0.873047 0.912109 0.875000 0.912109 0.873047 0.916016 0.869141 0.919922 0.869141 0.923828 0.873047 0.925781 0.873047 0.927734 0.875000 0.929688 0.875000 0.931641 0.876953 0.931641 0.878906 0.933594 0.880859 0.935547 0.880859 0.937500 0.878906 0.939453 0.878906 0.939453 0.876953 0.941406 0.875000 0.947266 0.875000 0.955078 0.867188 0.957031 0.867188 0.957031 0.865234 0.960938 0.861328 0.970703 0.861328 0.972656 0.859375 0.984375 0.859375 0.986328 0.857422 0.988281 0.857422 0.990234 0.859375 0.992188 0.857422 0.992188 0.855469 0.986328 0.855469 0.984375 0.853516 0.986328 0.851562 0.988281 0.851562 0.988281 0.847656 0.992188 0.843750 0.992188 0.796875 0.990234 0.794922 0.990234 0.792969 0.992188 0.791016 0.992188 0.755859 0.990234 0.755859 0.986328 0.759766 0.986328 0.763672 0.988281 0.765625 0.978516 0.775391 0.974609 0.775391 0.972656 0.773438 0.970703 0.775391 0.966797 0.775391 0.964844 0.777344 0.964844 0.783203 0.966797 0.785156 0.966797 0.787109 0.970703 0.787109 0.972656 0.789062 0.974609 0.789062 0.976562 0.791016 0.974609 0.792969 0.972656 0.792969 0.974609 0.794922 0.972656 0.796875 0.966797 0.796875 0.964844 0.798828 0.962891 0.798828 0.960938 0.796875 0.958984 0.796875 0.957031 0.794922 0.955078 0.794922 0.951172 0.791016 0.949219 0.791016 0.947266 0.789062 0.943359 0.792969 0.939453 0.789062 0.937500 0.789062 0.935547 0.791016 0.933594 0.791016 0.929688 0.787109 0.929688 0.781250 0.923828 0.775391 0.923828 0.773438 0.921875 0.773438 0.919922 0.771484 0.912109 0.771484 0.910156 0.773438 0.906250 0.773438 0.904297 0.775391 0.902344 0.775391 0.900391 0.777344 0.898438 0.777344 0.896484 0.779297 0.894531 0.779297 0.888672 0.785156 0.890625 0.787109 0.890625 0.789062 0.892578 0.791016 0.892578 0.794922 0.894531 0.796875 0.894531 0.798828 0.896484 0.800781 0.894531 0.802734 0.894531 0.804688 0.888672 0.810547 0.882812 0.810547 0.880859 0.808594 0.878906 0.808594 0.876953 0.806641 0.876953 0.796875 0.875000 0.794922 0.875000 0.791016 0.876953 0.789062 0.876953 0.779297 0.878906 0.777344 0.878906 0.763672 0.880859 0.761719 0.882812 0.761719 0.882812 0.757812 0.884766 0.755859 0.886719 0.755859 0.892578 0.761719 0.896484 0.761719 0.898438 0.763672 0.902344 0.759766 0.900391 0.757812 0.898438 0.757812 0.888672 0.748047 0.890625 0.746094 0.890625 0.740234 0.882812 0.740234 0.878906 0.736328 0.878906 0.734375 0.875000 0.730469 0.875000 0.722656 0.873047 0.722656 0.871094 0.720703 0.869141 0.720703 0.867188 0.718750 0.861328 0.718750 0.853516 0.726562 0.851562 0.724609 0.847656 0.724609 0.845703 0.722656 0.841797 0.722656 0.839844 0.720703 0.839844 0.718750
0 0.988281 0.693359 0.988281 0.695312 0.986328 0.697266 0.986328 0.699219 0.984375 0.701172 0.980469 0.701172 0.978516 0.699219 0.972656 0.699219 0.972656 0.703125 0.974609 0.705078 0.978516 0.705078 0.982422 0.708984 0.982422 0.712891 0.986328 0.716797 0.984375 0.718750 0.982422 0.718750 0.982422 0.722656 0.976562 0.728516 0.978516 0.730469 0.978516 0.736328 0.980469 0.738281 0.980469 0.740234 0.982422 0.742188 0.984375 0.742188 0.986328 0.744141 0.988281 0.744141 0.990234 0.746094 0.992188 0.746094 0.992188 0.693359
0 0.931641 0.673828 0.931641 0.675781 0.929688 0.677734 0.929688 0.679688 0.927734 0.681641 0.921875 0.681641 0.921875 0.687500 0.925781 0.687500 0.927734 0.689453 0.925781 0.691406 0.925781 0.693359 0.921875 0.697266 0.917969 0.697266 0.916016 0.699219 0.916016 0.701172 0.912109 0.705078 0.912109 0.710938 0.914062 0.712891 0.919922 0.712891 0.919922 0.708984 0.917969 0.707031 0.919922 0.705078 0.923828 0.705078 0.927734 0.701172 0.929688 0.701172 0.931641 0.703125 0.931641 0.705078 0.929688 0.707031 0.929688 0.708984 0.927734 0.710938 0.927734 0.712891 0.923828 0.716797 0.923828 0.718750 0.921875 0.720703 0.923828 0.722656 0.923828 0.724609 0.925781 0.722656 0.925781 0.720703 0.931641 0.714844 0.933594 0.714844 0.933594 0.710938 0.935547 0.708984 0.935547 0.683594 0.937500 0.681641 0.939453 0.683594 0.941406 0.683594 0.943359 0.685547 0.943359 0.687500 0.947266 0.691406 0.947266 0.695312 0.953125 0.695312 0.953125 0.689453 0.949219 0.685547 0.949219 0.677734 0.947266 0.675781 0.939453 0.675781 0.937500 0.673828
0 0.134766 0.619141 0.132812 0.621094 0.134766 0.621094
0 0.125000 0.611328 0.123047 0.613281 0.125000 0.615234 0.126953 0.615234 0.128906 0.613281 0.128906 0.611328
0 0.099609 0.599609 0.099609 0.601562 0.095703 0.605469 0.099609 0.609375 0.101562 0.609375 0.103516 0.611328 0.103516 0.615234 0.101562 0.617188 0.099609 0.617188 0.097656 0.619141 0.093750 0.619141 0.091797 0.617188 0.089844 0.617188 0.087891 0.615234 0.087891 0.613281 0.085938 0.611328 0.085938 0.609375 0.083984 0.607422 0.076172 0.607422 0.076172 0.611328 0.078125 0.613281 0.076172 0.615234 0.078125 0.615234 0.080078 0.617188 0.080078 0.619141 0.089844 0.628906 0.091797 0.628906 0.093750 0.630859 0.095703 0.630859 0.097656 0.628906 0.099609 0.630859 0.099609 0.632812 0.099609 0.625000 0.101562 0.623047 0.103516 0.623047 0.105469 0.621094 0.107422 0.621094 0.113281 0.615234 0.113281 0.613281 0.115234 0.611328 0.113281 0.609375 0.109375 0.609375 0.105469 0.605469 0.105469 0.603516 0.101562 0.599609
0 0.087891 0.591797 0.085938 0.593750 0.087891 0.595703 0.087891 0.597656 0.089844 0.599609 0.091797 0.599609 0.091797 0.597656 0.089844 0.595703 0.089844 0.591797
0 0.064453 0.591797 0.064453 0.595703 0.060547 0.599609 0.058594 0.599609 0.056641 0.601562 0.056641 0.605469 0.054688 0.607422 0.058594 0.611328 0.058594 0.617188 0.060547 0.619141 0.062500 0.619141 0.062500 0.617188 0.060547 0.615234 0.060547 0.611328 0.058594 0.609375 0.058594 0.607422 0.060547 0.605469 0.062500 0.605469 0.062500 0.603516 0.064453 0.601562 0.066406 0.601562 0.068359 0.599609 0.068359 0.597656 0.070312 0.595703 0.066406 0.591797
0 0.060547 0.560547 0.058594 0.562500 0.058594 0.566406 0.066406 0.566406 0.066406 0.564453 0.068359 0.562500 0.070312 0.562500 0.068359 0.560547
0 0.734375 0.519531 0.726562 0.527344 0.724609 0.527344 0.722656 0.529297 0.718750 0.529297 0.720703 0.531250 0.718750 0.533203 0.720703 0.535156 0.722656 0.535156 0.724609 0.533203 0.726562 0.533203 0.728516 0.531250 0.730469 0.531250 0.732422 0.529297 0.738281 0.529297 0.740234 0.527344 0.740234 0.523438 0.738281 0.521484 0.738281 0.519531
0 0.615234 0.396484 0.615234 0.398438 0.613281 0.400391 0.611328 0.400391 0.607422 0.404297 0.601562 0.404297 0.599609 0.406250 0.595703 0.406250 0.591797 0.410156 0.591797 0.412109 0.589844 0.414062 0.589844 0.417969 0.591797 0.419922 0.593750 0.419922 0.595703 0.421875 0.595703 0.423828 0.603516 0.416016 0.605469 0.417969 0.605469 0.414062 0.611328 0.408203 0.615234 0.408203 0.619141 0.412109 0.619141 0.414062 0.623047 0.414062 0.625000 0.412109 0.625000 0.410156 0.626953 0.408203 0.626953 0.400391 0.625000 0.398438 0.623047 0.398438 0.621094 0.396484
0 0.587891 0.376953 0.585938 0.378906 0.585938 0.380859 0.587891 0.382812 0.589844 0.382812 0.589844 0.378906
0 0.681641 0.341797 0.677734 0.345703 0.677734 0.351562 0.675781 0.353516 0.675781 0.359375 0.673828 0.361328 0.673828 0.363281 0.669922 0.367188 0.664062 0.367188 0.664062 0.371094 0.669922 0.371094 0.673828 0.375000 0.673828 0.376953 0.675781 0.376953 0.677734 0.375000 0.677734 0.373047 0.679688 0.371094 0.681641 0.371094 0.687500 0.365234 0.687500 0.361328 0.691406 0.357422 0.691406 0.349609 0.689453 0.349609 0.687500 0.347656 0.687500 0.341797
0 0.609375 0.296875 0.609375 0.304688 0.611328 0.306641 0.613281 0.304688 0.615234 0.304688 0.615234 0.302734 0.611328 0.298828 0.611328 0.296875
0 0.562500 0.244141 0.562500 0.248047 0.558594 0.251953 0.556641 0.251953 0.556641 0.257812 0.558594 0.259766 0.560547 0.257812 0.564453 0.257812 0.564453 0.255859 0.566406 0.253906 0.566406 0.246094 0.568359 0.244141
0 0.607422 0.242188 0.605469 0.244141 0.603516 0.244141 0.601562 0.246094 0.601562 0.248047 0.599609 0.250000 0.599609 0.251953 0.595703 0.255859 0.591797 0.255859 0.589844 0.257812 0.587891 0.257812 0.587891 0.279297 0.585938 0.281250 0.583984 0.281250 0.582031 0.283203 0.580078 0.281250 0.576172 0.285156 0.576172 0.289062 0.574219 0.291016 0.570312 0.291016 0.566406 0.287109 0.562500 0.287109 0.556641 0.292969 0.556641 0.304688 0.552734 0.308594 0.550781 0.308594 0.548828 0.306641 0.546875 0.306641 0.544922 0.304688 0.544922 0.302734 0.541016 0.298828 0.537109 0.298828 0.537109 0.304688 0.535156 0.306641 0.531250 0.302734 0.531250 0.298828 0.529297 0.298828 0.527344 0.296875 0.527344 0.300781 0.523438 0.304688 0.523438 0.310547 0.525391 0.312500 0.525391 0.316406 0.527344 0.318359 0.531250 0.314453 0.533203 0.316406 0.537109 0.316406 0.539062 0.318359 0.542969 0.314453 0.546875 0.314453 0.548828 0.316406 0.548828 0.320312 0.552734 0.324219 0.568359 0.324219 0.568359 0.322266 0.570312 0.320312 0.574219 0.320312 0.574219 0.318359 0.576172 0.316406 0.576172 0.310547 0.578125 0.308594 0.578125 0.302734 0.576172 0.302734 0.574219 0.300781 0.578125 0.296875 0.578125 0.294922 0.580078 0.292969 0.585938 0.292969 0.585938 0.289062 0.589844 0.285156 0.591797 0.285156 0.591797 0.283203 0.593750 0.281250 0.593750 0.277344 0.591797 0.275391 0.591797 0.273438 0.593750 0.271484 0.595703 0.271484 0.597656 0.273438 0.599609 0.273438 0.601562 0.271484 0.607422 0.277344 0.607422 0.275391 0.611328 0.271484 0.613281 0.273438 0.615234 0.273438 0.619141 0.269531 0.621094 0.269531 0.625000 0.273438 0.625000 0.283203 0.619141 0.289062 0.619141 0.291016 0.617188 0.292969 0.619141 0.294922 0.619141 0.296875 0.621094 0.296875 0.623047 0.298828 0.623047 0.300781 0.625000 0.302734 0.623047 0.304688 0.623047 0.306641 0.621094 0.308594 0.621094 0.310547 0.619141 0.312500 0.613281 0.312500 0.611328 0.310547 0.605469 0.310547 0.605469 0.312500 0.603516 0.314453 0.601562 0.314453 0.601562 0.318359 0.599609 0.320312 0.597656 0.320312 0.593750 0.324219 0.591797 0.324219 0.587891 0.328125 0.587891 0.330078 0.580078 0.337891 0.580078 0.339844 0.578125 0.341797 0.578125 0.343750 0.576172 0.345703 0.576172 0.347656 0.574219 0.349609 0.572266 0.349609 0.566406 0.343750 0.564453 0.343750 0.564453 0.345703 0.562500 0.347656 0.560547 0.347656 0.560547 0.351562 0.562500 0.353516 0.562500 0.355469 0.564453 0.357422 0.566406 0.357422 0.568359 0.359375 0.568359 0.363281 0.570312 0.365234 0.572266 0.363281 0.578125 0.363281 0.580078 0.361328 0.583984 0.361328 0.585938 0.363281 0.589844 0.363281 0.591797 0.361328 0.593750 0.363281 0.595703 0.363281 0.597656 0.365234 0.597656 0.371094 0.595703 0.373047 0.595703 0.376953 0.597656 0.378906 0.597656 0.380859 0.601562 0.384766 0.607422 0.384766 0.609375 0.386719 0.611328 0.386719 0.613281 0.388672 0.615234 0.386719 0.617188 0.386719 0.619141 0.384766 0.626953 0.384766 0.628906 0.386719 0.630859 0.386719 0.636719 0.380859 0.636719 0.378906 0.638672 0.376953 0.638672 0.375000 0.640625 0.373047 0.644531 0.373047 0.646484 0.375000 0.648438 0.373047 0.650391 0.373047 0.650391 0.363281 0.652344 0.361328 0.652344 0.359375 0.650391 0.357422 0.650391 0.355469 0.652344 0.353516 0.656250 0.353516 0.658203 0.351562 0.658203 0.349609 0.662109 0.345703 0.664062 0.345703 0.666016 0.343750 0.666016 0.335938 0.662109 0.335938 0.658203 0.339844 0.658203 0.341797 0.660156 0.343750 0.660156 0.345703 0.656250 0.349609 0.654297 0.349609 0.652344 0.347656 0.652344 0.343750 0.646484 0.343750 0.644531 0.341797 0.644531 0.333984 0.638672 0.333984 0.636719 0.335938 0.634766 0.335938 0.632812 0.333984 0.630859 0.333984 0.626953 0.330078 0.626953 0.328125 0.628906 0.326172 0.628906 0.316406 0.632812 0.312500 0.632812 0.306641 0.634766 0.304688 0.636719 0.304688 0.642578 0.310547 0.644531 0.308594 0.646484 0.308594 0.650391 0.304688 0.654297 0.304688 0.654297 0.296875 0.650391 0.292969 0.650391 0.291016 0.646484 0.291016 0.644531 0.289062 0.644531 0.287109 0.646484 0.285156 0.648438 0.285156 0.648438 0.267578 0.644531 0.263672 0.644531 0.259766 0.642578 0.257812 0.642578 0.255859 0.640625 0.253906 0.640625 0.251953 0.638672 0.250000 0.632812 0.250000 0.626953 0.255859 0.623047 0.255859 0.621094 0.253906 0.621094 0.251953 0.619141 0.250000 0.619141 0.248047 0.617188 0.246094 0.613281 0.246094 0.611328 0.244141 0.609375 0.244141
0 0.000000 0.000000 0.000000 0.070312 0.001953 0.070312 0.005859 0.066406 0.007812 0.066406 0.009766 0.068359 0.009766 0.070312 0.013672 0.074219 0.011719 0.076172 0.013672 0.076172 0.015625 0.078125 0.013672 0.080078 0.013672 0.087891 0.009766 0.091797 0.011719 0.093750 0.009766 0.095703 0.009766 0.097656 0.005859 0.101562 0.001953 0.101562 0.000000 0.099609 0.000000 0.097656 0.000000 0.500000 0.000000 0.498047 0.001953 0.496094 0.003906 0.498047 0.003906 0.500000 0.005859 0.500000 0.007812 0.501953 0.009766 0.501953 0.011719 0.500000 0.013672 0.500000 0.013672 0.498047 0.015625 0.496094 0.017578 0.498047 0.015625 0.496094 0.017578 0.494141 0.019531 0.494141 0.023438 0.490234 0.025391 0.490234 0.029297 0.486328 0.029297 0.484375 0.031250 0.482422 0.031250 0.480469 0.033203 0.478516 0.039062 0.478516 0.041016 0.476562 0.042969 0.476562 0.044922 0.478516 0.046875 0.478516 0.046875 0.474609 0.048828 0.472656 0.050781 0.474609 0.056641 0.474609 0.058594 0.472656 0.064453 0.472656 0.066406 0.474609 0.072266 0.474609 0.074219 0.476562 0.076172 0.476562 0.078125 0.478516 0.078125 0.480469 0.080078 0.482422 0.080078 0.484375 0.078125 0.486328 0.076172 0.484375 0.074219 0.486328 0.072266 0.486328 0.072266 0.488281 0.074219 0.490234 0.076172 0.490234 0.076172 0.488281 0.080078 0.484375 0.085938 0.484375 0.087891 0.486328 0.087891 0.488281 0.091797 0.488281 0.099609 0.480469 0.103516 0.480469 0.103516 0.478516 0.101562 0.476562 0.101562 0.474609 0.097656 0.470703 0.097656 0.466797 0.099609 0.464844 0.103516 0.464844 0.105469 0.462891 0.105469 0.460938 0.111328 0.455078 0.113281 0.455078 0.113281 0.451172 0.117188 0.447266 0.119141 0.449219 0.121094 0.449219 0.126953 0.455078 0.126953 0.462891 0.130859 0.466797 0.130859 0.468750 0.132812 0.470703 0.132812 0.472656 0.134766 0.474609 0.134766 0.476562 0.132812 0.478516 0.130859 0.478516 0.130859 0.480469 0.128906 0.482422 0.125000 0.482422 0.123047 0.480469 0.123047 0.478516 0.123047 0.482422 0.119141 0.486328 0.115234 0.486328 0.113281 0.488281 0.111328 0.488281 0.111328 0.500000 0.109375 0.501953 0.107422 0.501953 0.105469 0.503906 0.103516 0.503906 0.101562 0.505859 0.097656 0.505859 0.093750 0.501953 0.089844 0.501953 0.087891 0.500000 0.087891 0.498047 0.085938 0.496094 0.085938 0.494141 0.078125 0.494141 0.078125 0.498047 0.080078 0.500000 0.078125 0.501953 0.070312 0.501953 0.070312 0.515625 0.072266 0.517578 0.072266 0.523438 0.070312 0.525391 0.068359 0.525391 0.066406 0.527344 0.066406 0.529297 0.068359 0.531250 0.068359 0.537109 0.066406 0.539062 0.060547 0.539062 0.058594 0.541016 0.056641 0.541016 0.056641 0.548828 0.058594 0.550781 0.066406 0.550781 0.068359 0.552734 0.068359 0.554688 0.070312 0.554688 0.074219 0.558594 0.074219 0.560547 0.076172 0.562500 0.074219 0.564453 0.074219 0.566406 0.076172 0.568359 0.078125 0.568359 0.080078 0.566406 0.082031 0.566406 0.087891 0.572266 0.087891 0.574219 0.089844 0.574219 0.091797 0.576172 0.097656 0.576172 0.099609 0.578125 0.107422 0.578125 0.109375 0.580078 0.109375 0.582031 0.113281 0.582031 0.117188 0.578125 0.117188 0.576172 0.115234 0.574219 0.113281 0.574219 0.109375 0.570312 0.109375 0.568359 0.107422 0.566406 0.107422 0.564453 0.105469 0.562500 0.105469 0.560547 0.103516 0.560547 0.101562 0.558594 0.095703 0.558594 0.093750 0.556641 0.091797 0.556641 0.091797 0.558594 0.089844 0.560547 0.087891 0.558594 0.087891 0.556641 0.083984 0.556641 0.082031 0.554688 0.080078 0.554688 0.078125 0.552734 0.078125 0.548828 0.080078 0.546875 0.087891 0.546875 0.091797 0.550781 0.093750 0.550781 0.101562 0.542969 0.103516 0.542969 0.101562 0.541016 0.103516 0.539062 0.103516 0.535156 0.107422 0.531250 0.109375 0.533203 0.109375 0.535156 0.111328 0.537109 0.115234 0.537109 0.117188 0.535156 0.121094 0.539062 0.125000 0.539062 0.126953 0.541016 0.130859 0.541016 0.136719 0.546875 0.136719 0.550781 0.132812 0.554688 0.128906 0.554688 0.126953 0.552734 0.125000 0.554688 0.125000 0.558594 0.123047 0.560547 0.119141 0.560547 0.119141 0.568359 0.121094 0.568359 0.126953 0.574219 0.134766 0.574219 0.140625 0.568359 0.142578 0.568359 0.144531 0.566406 0.144531 0.564453 0.142578 0.562500 0.142578 0.560547 0.140625 0.558594 0.140625 0.556641 0.138672 0.554688 0.138672 0.552734 0.140625 0.550781 0.148438 0.550781 0.150391 0.552734 0.156250 0.552734 0.158203 0.550781 0.164062 0.550781 0.166016 0.552734 0.166016 0.558594 0.167969 0.558594 0.169922 0.560547 0.175781 0.560547 0.179688 0.564453 0.179688 0.566406 0.181641 0.568359 0.181641 0.574219 0.179688 0.576172 0.175781 0.576172 0.173828 0.574219 0.169922 0.574219 0.169922 0.583984 0.167969 0.585938 0.164062 0.585938 0.162109 0.583984 0.162109 0.582031 0.160156 0.580078 0.158203 0.580078 0.156250 0.578125 0.154297 0.578125 0.150391 0.582031 0.150391 0.583984 0.152344 0.585938 0.156250 0.585938 0.160156 0.589844 0.160156 0.591797 0.162109 0.593750 0.160156 0.595703 0.160156 0.597656 0.158203 0.599609 0.156250 0.599609 0.152344 0.603516 0.146484 0.603516 0.146484 0.605469 0.152344 0.605469 0.154297 0.607422 0.154297 0.609375 0.160156 0.609375 0.162109 0.611328 0.162109 0.615234 0.160156 0.617188 0.156250 0.617188 0.154297 0.619141 0.154297 0.621094 0.156250 0.623047 0.156250 0.630859 0.152344 0.634766 0.150391 0.634766 0.150391 0.642578 0.146484 0.646484 0.146484 0.652344 0.148438 0.654297 0.148438 0.656250 0.154297 0.662109 0.152344 0.664062 0.150391 0.664062 0.148438 0.662109 0.146484 0.662109 0.146484 0.664062 0.144531 0.666016 0.144531 0.667969 0.142578 0.669922 0.140625 0.669922 0.140625 0.671875 0.142578 0.673828 0.142578 0.677734 0.144531 0.679688 0.146484 0.679688 0.150391 0.683594 0.150391 0.687500 0.148438 0.689453 0.146484 0.689453 0.146484 0.695312 0.144531 0.697266 0.142578 0.697266 0.140625 0.695312 0.140625 0.693359 0.138672 0.695312 0.132812 0.695312 0.132812 0.697266 0.126953 0.703125 0.125000 0.703125 0.125000 0.707031 0.126953 0.708984 0.126953 0.710938 0.130859 0.714844 0.136719 0.714844 0.138672 0.716797 0.138672 0.720703 0.134766 0.724609 0.134766 0.730469 0.132812 0.732422 0.130859 0.732422 0.130859 0.738281 0.132812 0.738281 0.134766 0.740234 0.134766 0.750000 0.132812 0.751953 0.130859 0.751953 0.130859 0.757812 0.128906 0.759766 0.126953 0.759766 0.126953 0.769531 0.128906 0.771484 0.128906 0.777344 0.126953 0.779297 0.117188 0.779297 0.109375 0.787109 0.099609 0.787109 0.097656 0.789062 0.093750 0.789062 0.089844 0.792969 0.089844 0.794922 0.080078 0.804688 0.080078 0.812500 0.078125 0.814453 0.076172 0.814453 0.074219 0.816406 0.072266 0.816406 0.068359 0.820312 0.064453 0.816406 0.064453 0.806641 0.062500 0.804688 0.056641 0.804688 0.054688 0.802734 0.054688 0.798828 0.056641 0.796875 0.054688 0.794922 0.052734 0.794922 0.050781 0.792969 0.050781 0.791016 0.048828 0.789062 0.048828 0.779297 0.050781 0.777344 0.052734 0.777344 0.060547 0.769531 0.078125 0.769531 0.078125 0.763672 0.076172 0.761719 0.074219 0.761719 0.072266 0.763672 0.070312 0.761719 0.070312 0.755859 0.072266 0.753906 0.074219 0.753906 0.076172 0.755859 0.078125 0.755859 0.080078 0.757812 0.083984 0.757812 0.082031 0.755859 0.082031 0.751953 0.076172 0.751953 0.074219 0.750000 0.074219 0.746094 0.070312 0.742188 0.070312 0.736328 0.074219 0.732422 0.080078 0.732422 0.080078 0.730469 0.082031 0.728516 0.083984 0.728516 0.087891 0.732422 0.091797 0.732422 0.091797 0.730469 0.089844 0.728516 0.089844 0.724609 0.091797 0.722656 0.097656 0.722656 0.099609 0.720703 0.105469 0.720703 0.107422 0.718750 0.107422 0.716797 0.099609 0.708984 0.097656 0.710938 0.093750 0.710938 0.089844 0.707031 0.089844 0.705078 0.087891 0.703125 0.089844 0.701172 0.091797 0.701172 0.091797 0.697266 0.087891 0.697266 0.085938 0.695312 0.085938 0.673828 0.091797 0.667969 0.095703 0.667969 0.097656 0.669922 0.101562 0.666016 0.101562 0.664062 0.099609 0.662109 0.099609 0.660156 0.097656 0.658203 0.095703 0.658203 0.087891 0.650391 0.072266 0.650391 0.066406 0.644531 0.066406 0.640625 0.062500 0.636719 0.062500 0.634766 0.058594 0.630859 0.056641 0.630859 0.056641 0.632812 0.054688 0.634766 0.052734 0.634766 0.050781 0.632812 0.050781 0.626953 0.048828 0.626953 0.046875 0.625000 0.046875 0.617188 0.044922 0.617188 0.042969 0.619141 0.042969 0.621094 0.041016 0.623047 0.039062 0.623047 0.035156 0.619141 0.033203 0.619141 0.029297 0.615234 0.025391 0.615234 0.021484 0.619141 0.013672 0.619141 0.011719 0.617188 0.007812 0.617188 0.007812 0.623047 0.009766 0.625000 0.009766 0.626953 0.011719 0.628906 0.011719 0.632812 0.017578 0.632812 0.019531 0.634766 0.017578 0.636719 0.017578 0.638672 0.019531 0.640625 0.019531 0.644531 0.017578 0.646484 0.017578 0.648438 0.015625 0.650391 0.015625 0.652344 0.013672 0.654297 0.013672 0.656250 0.011719 0.658203 0.007812 0.658203 0.005859 0.656250 0.001953 0.656250 0.000000 0.658203 0.000000 0.992188 0.376953 0.992188 0.376953 0.986328 0.378906 0.984375 0.378906 0.974609 0.380859 0.972656 0.380859 0.970703 0.382812 0.968750 0.388672 0.968750 0.390625 0.970703 0.392578 0.970703 0.392578 0.966797 0.394531 0.964844 0.394531 0.962891 0.396484 0.960938 0.398438 0.960938 0.398438 0.957031 0.402344 0.953125 0.400391 0.951172 0.400391 0.949219 0.402344 0.947266 0.406250 0.947266 0.406250 0.945312 0.408203 0.943359 0.410156 0.943359 0.412109 0.941406 0.412109 0.919922 0.410156 0.917969 0.410156 0.916016 0.406250 0.916016 0.404297 0.914062 0.404297 0.910156 0.402344 0.910156 0.400391 0.908203 0.400391 0.906250 0.398438 0.906250 0.396484 0.904297 0.396484 0.900391 0.398438 0.898438 0.400391 0.898438 0.400391 0.896484 0.402344 0.894531 0.404297 0.894531 0.404297 0.892578 0.406250 0.890625 0.408203 0.890625 0.410156 0.888672 0.412109 0.890625 0.412109 0.892578 0.416016 0.896484 0.417969 0.896484 0.421875 0.900391 0.421875 0.902344 0.423828 0.902344 0.425781 0.900391 0.431641 0.900391 0.433594 0.902344 0.437500 0.902344 0.439453 0.904297 0.439453 0.906250 0.437500 0.908203 0.437500 0.910156 0.433594 0.914062 0.431641 0.914062 0.429688 0.916016 0.429688 0.917969 0.425781 0.921875 0.425781 0.925781 0.427734 0.923828 0.433594 0.929688 0.441406 0.929688 0.443359 0.931641 0.443359 0.933594 0.447266 0.937500 0.447266 0.939453 0.449219 0.941406 0.451172 0.941406 0.455078 0.945312 0.457031 0.943359 0.458984 0.943359 0.462891 0.939453 0.464844 0.939453 0.466797 0.937500 0.468750 0.937500 0.468750 0.933594 0.476562 0.925781 0.476562 0.923828 0.474609 0.921875 0.474609 0.917969 0.472656 0.916016 0.472656 0.914062 0.470703 0.912109 0.470703 0.908203 0.464844 0.902344 0.464844 0.898438 0.466797 0.896484 0.466797 0.888672 0.462891 0.884766 0.462891 0.882812 0.460938 0.880859 0.458984 0.880859 0.457031 0.878906 0.457031 0.876953 0.455078 0.875000 0.453125 0.875000 0.451172 0.873047 0.447266 0.873047 0.445312 0.871094 0.445312 0.869141 0.443359 0.869141 0.441406 0.867188 0.441406 0.865234 0.443359 0.863281 0.443359 0.861328 0.447266 0.857422 0.449219 0.857422 0.451172 0.855469 0.451172 0.849609 0.453125 0.847656 0.455078 0.847656 0.455078 0.845703 0.457031 0.843750 0.458984 0.843750 0.460938 0.845703 0.460938 0.847656 0.462891 0.847656 0.464844 0.849609 0.470703 0.849609 0.470703 0.845703 0.472656 0.843750 0.472656 0.839844 0.470703 0.839844 0.468750 0.837891 0.460938 0.837891 0.458984 0.839844 0.457031 0.837891 0.457031 0.824219 0.455078 0.822266 0.447266 0.822266 0.447266 0.824219 0.445312 0.826172 0.445312 0.828125 0.443359 0.830078 0.431641 0.830078 0.429688 0.828125 0.429688 0.826172 0.427734 0.826172 0.425781 0.824219 0.425781 0.822266 0.423828 0.820312 0.423828 0.812500 0.421875 0.810547 0.425781 0.806641 0.425781 0.804688 0.427734 0.802734 0.431641 0.802734 0.431641 0.798828 0.433594 0.796875 0.433594 0.794922 0.435547 0.792969 0.437500 0.792969 0.437500 0.791016 0.443359 0.785156 0.453125 0.785156 0.455078 0.787109 0.455078 0.789062 0.457031 0.787109 0.457031 0.781250 0.460938 0.777344 0.464844 0.777344 0.466797 0.775391 0.468750 0.777344 0.470703 0.777344 0.472656 0.775391 0.490234 0.775391 0.492188 0.773438 0.500000 0.773438 0.503906 0.777344 0.503906 0.779297 0.505859 0.781250 0.505859 0.783203 0.507812 0.785156 0.507812 0.789062 0.509766 0.789062 0.511719 0.791016 0.513672 0.791016 0.517578 0.794922 0.519531 0.792969 0.527344 0.792969 0.529297 0.794922 0.531250 0.794922 0.533203 0.796875 0.535156 0.796875 0.539062 0.800781 0.542969 0.800781 0.544922 0.798828 0.546875 0.798828 0.552734 0.792969 0.562500 0.792969 0.564453 0.794922 0.572266 0.794922 0.574219 0.796875 0.578125 0.796875 0.580078 0.798828 0.582031 0.798828 0.585938 0.802734 0.587891 0.802734 0.589844 0.804688 0.593750 0.804688 0.595703 0.806641 0.595703 0.808594 0.603516 0.808594 0.605469 0.810547 0.607422 0.810547 0.611328 0.814453 0.611328 0.818359 0.615234 0.822266 0.615234 0.824219 0.621094 0.824219 0.621094 0.822266 0.623047 0.820312 0.648438 0.820312 0.650391 0.822266 0.652344 0.822266 0.660156 0.830078 0.662109 0.830078 0.664062 0.832031 0.664062 0.826172 0.666016 0.824219 0.667969 0.824219 0.667969 0.822266 0.671875 0.818359 0.673828 0.818359 0.677734 0.814453 0.679688 0.816406 0.679688 0.818359 0.685547 0.818359 0.687500 0.816406 0.693359 0.816406 0.695312 0.818359 0.699219 0.818359 0.701172 0.816406 0.705078 0.816406 0.707031 0.814453 0.712891 0.814453 0.714844 0.812500 0.718750 0.816406 0.720703 0.814453 0.722656 0.814453 0.724609 0.816406 0.726562 0.816406 0.726562 0.814453 0.728516 0.812500 0.730469 0.812500 0.732422 0.814453 0.732422 0.816406 0.740234 0.816406 0.742188 0.814453 0.750000 0.814453 0.751953 0.812500 0.753906 0.812500 0.755859 0.810547 0.755859 0.808594 0.757812 0.806641 0.757812 0.787109 0.759766 0.785156 0.759766 0.769531 0.757812 0.767578 0.757812 0.761719 0.755859 0.761719 0.751953 0.757812 0.751953 0.755859 0.750000 0.753906 0.750000 0.751953 0.748047 0.750000 0.748047 0.748047 0.746094 0.746094 0.746094 0.740234 0.751953 0.734375 0.751953 0.728516 0.750000 0.726562 0.750000 0.724609 0.753906 0.720703 0.753906 0.705078 0.755859 0.703125 0.755859 0.701172 0.757812 0.699219 0.759766 0.701172 0.761719 0.701172 0.763672 0.703125 0.767578 0.703125 0.769531 0.705078 0.769531 0.707031 0.773438 0.710938 0.773438 0.712891 0.777344 0.716797 0.785156 0.716797 0.785156 0.714844 0.787109 0.712891 0.789062 0.712891 0.792969 0.708984 0.792969 0.699219 0.791016 0.697266 0.785156 0.697266 0.783203 0.699219 0.781250 0.697266 0.779297 0.699219 0.777344 0.699219 0.771484 0.693359 0.769531 0.693359 0.765625 0.689453 0.765625 0.687500 0.763672 0.685547 0.763672 0.681641 0.767578 0.677734 0.765625 0.675781 0.765625 0.673828 0.763672 0.671875 0.761719 0.671875 0.759766 0.669922 0.759766 0.667969 0.755859 0.664062 0.755859 0.660156 0.753906 0.658203 0.753906 0.656250 0.742188 0.644531 0.740234 0.644531 0.736328 0.640625 0.722656 0.640625 0.718750 0.636719 0.716797 0.636719 0.714844 0.634766 0.710938 0.634766 0.708984 0.632812 0.703125 0.632812 0.701172 0.634766 0.699219 0.634766 0.699219 0.636719 0.695312 0.640625 0.691406 0.640625 0.689453 0.642578 0.687500 0.642578 0.685547 0.640625 0.685547 0.638672 0.681641 0.634766 0.677734 0.634766 0.673828 0.630859 0.673828 0.628906 0.667969 0.628906 0.666016 0.626953 0.666016 0.625000 0.662109 0.625000 0.660156 0.626953 0.656250 0.623047 0.658203 0.621094 0.654297 0.621094 0.652344 0.619141 0.652344 0.617188 0.650391 0.615234 0.652344 0.613281 0.652344 0.611328 0.656250 0.607422 0.656250 0.605469 0.658203 0.603516 0.658203 0.601562 0.662109 0.597656 0.662109 0.591797 0.660156 0.589844 0.660156 0.585938 0.658203 0.585938 0.656250 0.583984 0.656250 0.580078 0.654297 0.580078 0.652344 0.578125 0.652344 0.576172 0.652344 0.580078 0.650391 0.582031 0.650391 0.583984 0.648438 0.585938 0.638672 0.576172 0.638672 0.554688 0.636719 0.552734 0.636719 0.548828 0.634766 0.546875 0.630859 0.546875 0.623047 0.539062 0.623047 0.535156 0.621094 0.533203 0.621094 0.529297 0.623047 0.527344 0.626953 0.527344 0.628906 0.529297 0.630859 0.529297 0.632812 0.531250 0.634766 0.529297 0.636719 0.529297 0.638672 0.527344 0.638672 0.523438 0.634766 0.523438 0.632812 0.521484 0.632812 0.519531 0.638672 0.513672 0.640625 0.513672 0.644531 0.509766 0.644531 0.503906 0.646484 0.501953 0.646484 0.500000 0.648438 0.498047 0.648438 0.496094 0.646484 0.494141 0.648438 0.492188 0.650391 0.492188 0.656250 0.498047 0.658203 0.498047 0.660156 0.496094 0.662109 0.496094 0.666016 0.492188 0.667969 0.494141 0.667969 0.500000 0.673828 0.505859 0.673828 0.509766 0.671875 0.511719 0.671875 0.513672 0.669922 0.515625 0.669922 0.519531 0.667969 0.521484 0.664062 0.521484 0.664062 0.533203 0.667969 0.537109 0.669922 0.537109 0.669922 0.535156 0.671875 0.533203 0.666016 0.533203 0.664062 0.531250 0.664062 0.529297 0.666016 0.527344 0.666016 0.525391 0.667969 0.523438 0.671875 0.523438 0.675781 0.519531 0.679688 0.523438 0.681641 0.523438 0.685547 0.527344 0.699219 0.527344 0.701172 0.525391 0.703125 0.525391 0.703125 0.519531 0.701172 0.517578 0.701172 0.509766 0.703125 0.507812 0.705078 0.507812 0.705078 0.505859 0.710938 0.500000 0.712891 0.500000 0.714844 0.498047 0.716797 0.500000 0.726562 0.500000 0.728516 0.501953 0.730469 0.501953 0.732422 0.500000 0.732422 0.492188 0.730469 0.490234 0.732422 0.488281 0.730469 0.486328 0.732422 0.484375 0.730469 0.482422 0.728516 0.484375 0.728516 0.488281 0.726562 0.490234 0.718750 0.490234 0.716797 0.488281 0.716797 0.486328 0.714844 0.484375 0.714844 0.482422 0.712891 0.480469 0.708984 0.480469 0.707031 0.482422 0.691406 0.482422 0.689453 0.480469 0.687500 0.480469 0.685547 0.482422 0.681641 0.482422 0.681641 0.484375 0.679688 0.486328 0.677734 0.486328 0.675781 0.488281 0.673828 0.488281 0.671875 0.490234 0.669922 0.490234 0.669922 0.492188 0.667969 0.494141 0.664062 0.490234 0.664062 0.488281 0.658203 0.488281 0.656250 0.486328 0.650391 0.486328 0.648438 0.488281 0.644531 0.488281 0.640625 0.484375 0.640625 0.482422 0.638672 0.480469 0.638672 0.478516 0.634766 0.478516 0.632812 0.480469 0.628906 0.480469 0.626953 0.478516 0.623047 0.478516 0.621094 0.480469 0.617188 0.480469 0.613281 0.476562 0.613281 0.470703 0.611328 0.468750 0.611328 0.464844 0.607422 0.460938 0.603516 0.460938 0.601562 0.458984 0.601562 0.457031 0.597656 0.453125 0.597656 0.451172 0.595703 0.451172 0.593750 0.449219 0.591797 0.449219 0.589844 0.451172 0.585938 0.447266 0.585938 0.445312 0.582031 0.445312 0.580078 0.443359 0.580078 0.441406 0.578125 0.439453 0.576172 0.439453 0.576172 0.441406 0.574219 0.443359 0.572266 0.443359 0.572266 0.445312 0.570312 0.447266 0.568359 0.447266 0.566406 0.445312 0.562500 0.445312 0.560547 0.447266 0.558594 0.447266 0.552734 0.441406 0.554688 0.439453 0.554688 0.431641 0.552734 0.431641 0.550781 0.429688 0.550781 0.427734 0.546875 0.423828 0.546875 0.421875 0.544922 0.421875 0.542969 0.419922 0.541016 0.419922 0.537109 0.416016 0.537109 0.414062 0.539062 0.412109 0.537109 0.412109 0.535156 0.410156 0.535156 0.382812 0.533203 0.380859 0.533203 0.375000 0.531250 0.373047 0.531250 0.371094 0.519531 0.371094 0.517578 0.369141 0.517578 0.359375 0.519531 0.357422 0.521484 0.357422 0.523438 0.355469 0.521484 0.353516 0.521484 0.349609 0.523438 0.347656 0.525391 0.347656 0.523438 0.345703 0.523438 0.339844 0.519531 0.339844 0.517578 0.341797 0.515625 0.341797 0.513672 0.343750 0.509766 0.343750 0.507812 0.341797 0.507812 0.339844 0.505859 0.339844 0.503906 0.341797 0.501953 0.341797 0.500000 0.339844 0.498047 0.339844 0.496094 0.337891 0.492188 0.337891 0.490234 0.335938 0.490234 0.333984 0.488281 0.333984 0.486328 0.332031 0.486328 0.330078 0.482422 0.326172 0.482422 0.316406 0.486328 0.312500 0.486328 0.310547 0.488281 0.308594 0.488281 0.306641 0.490234 0.304688 0.496094 0.304688 0.498047 0.302734 0.500000 0.302734 0.501953 0.300781 0.503906 0.300781 0.505859 0.302734 0.505859 0.304688 0.511719 0.304688 0.513672 0.302734 0.515625 0.302734 0.517578 0.300781 0.517578 0.294922 0.519531 0.292969 0.519531 0.289062 0.517578 0.289062 0.515625 0.291016 0.513672 0.291016 0.511719 0.289062 0.511719 0.277344 0.513672 0.275391 0.517578 0.275391 0.519531 0.273438 0.519531 0.269531 0.521484 0.267578 0.523438 0.267578 0.523438 0.263672 0.519531 0.259766 0.513672 0.259766 0.511719 0.261719 0.505859 0.261719 0.503906 0.259766 0.503906 0.255859 0.501953 0.255859 0.500000 0.253906 0.500000 0.251953 0.492188 0.251953 0.490234 0.250000 0.490234 0.248047 0.488281 0.246094 0.488281 0.234375 0.486328 0.232422 0.486328 0.230469 0.484375 0.228516 0.484375 0.220703 0.482422 0.220703 0.480469 0.218750 0.480469 0.216797 0.468750 0.216797 0.466797 0.214844 0.466797 0.208984 0.464844 0.207031 0.464844 0.203125 0.460938 0.203125 0.460938 0.212891 0.462891 0.214844 0.462891 0.216797 0.460938 0.218750 0.458984 0.218750 0.458984 0.220703 0.457031 0.222656 0.455078 0.222656 0.453125 0.224609 0.453125 0.226562 0.451172 0.228516 0.451172 0.230469 0.449219 0.232422 0.439453 0.232422 0.435547 0.236328 0.435547 0.240234 0.431641 0.244141 0.431641 0.246094 0.429688 0.248047 0.427734 0.246094 0.427734 0.248047 0.421875 0.253906 0.417969 0.253906 0.416016 0.255859 0.414062 0.255859 0.410156 0.251953 0.412109 0.250000 0.412109 0.246094 0.419922 0.238281 0.417969 0.236328 0.423828 0.230469 0.433594 0.230469 0.433594 0.224609 0.435547 0.222656 0.437500 0.222656 0.443359 0.216797 0.445312 0.216797 0.445312 0.214844 0.441406 0.210938 0.439453 0.212891 0.431641 0.212891 0.429688 0.210938 0.429688 0.203125 0.433594 0.199219 0.435547 0.199219 0.435547 0.189453 0.437500 0.187500 0.437500 0.181641 0.435547 0.179688 0.435547 0.175781 0.433594 0.173828 0.433594 0.169922 0.431641 0.169922 0.429688 0.167969 0.429688 0.166016 0.431641 0.164062 0.437500 0.164062 0.437500 0.156250 0.439453 0.154297 0.439453 0.142578 0.443359 0.138672 0.445312 0.138672 0.451172 0.144531 0.451172 0.146484 0.455078 0.146484 0.457031 0.148438 0.458984 0.148438 0.462891 0.152344 0.466797 0.152344 0.466797 0.150391 0.470703 0.146484 0.474609 0.146484 0.472656 0.144531 0.472656 0.140625 0.468750 0.136719 0.466797 0.136719 0.466797 0.140625 0.464844 0.142578 0.462891 0.142578 0.460938 0.140625 0.458984 0.140625 0.455078 0.136719 0.455078 0.126953 0.457031 0.125000 0.457031 0.119141 0.458984 0.117188 0.462891 0.117188 0.464844 0.119141 0.466797 0.119141 0.468750 0.117188 0.470703 0.117188 0.472656 0.115234 0.476562 0.115234 0.478516 0.113281 0.480469 0.113281 0.480469 0.111328 0.486328 0.105469 0.488281 0.105469 0.488281 0.103516 0.490234 0.101562 0.490234 0.093750 0.492188 0.091797 0.496094 0.091797 0.500000 0.095703 0.500000 0.099609 0.501953 0.099609 0.503906 0.101562 0.505859 0.101562 0.507812 0.103516 0.507812 0.107422 0.505859 0.109375 0.501953 0.109375 0.501953 0.117188 0.498047 0.121094 0.498047 0.125000 0.500000 0.126953 0.498047 0.128906 0.498047 0.132812 0.496094 0.134766 0.498047 0.136719 0.494141 0.140625 0.486328 0.140625 0.484375 0.142578 0.482422 0.142578 0.482422 0.154297 0.478516 0.158203 0.478516 0.160156 0.476562 0.162109 0.476562 0.164062 0.474609 0.166016 0.472656 0.166016 0.472656 0.167969 0.478516 0.173828 0.480469 0.173828 0.482422 0.175781 0.482422 0.179688 0.490234 0.179688 0.494141 0.183594 0.498047 0.183594 0.503906 0.189453 0.503906 0.191406 0.511719 0.191406 0.513672 0.193359 0.513672 0.199219 0.519531 0.199219 0.521484 0.197266 0.529297 0.197266 0.531250 0.195312 0.533203 0.195312 0.535156 0.193359 0.535156 0.187500 0.533203 0.185547 0.533203 0.181641 0.537109 0.177734 0.542969 0.177734 0.544922 0.179688 0.544922 0.189453 0.546875 0.189453 0.548828 0.191406 0.548828 0.193359 0.556641 0.193359 0.558594 0.195312 0.566406 0.195312 0.566406 0.187500 0.570312 0.183594 0.570312 0.177734 0.568359 0.177734 0.566406 0.175781 0.566406 0.171875 0.564453 0.169922 0.564453 0.166016 0.568359 0.162109 0.570312 0.162109 0.570312 0.154297 0.566406 0.150391 0.566406 0.148438 0.564453 0.148438 0.562500 0.146484 0.562500 0.142578 0.564453 0.140625 0.578125 0.140625 0.580078 0.142578 0.587891 0.142578 0.587891 0.140625 0.591797 0.136719 0.601562 0.136719 0.603516 0.138672 0.603516 0.144531 0.601562 0.146484 0.601562 0.154297 0.599609 0.156250 0.599609 0.158203 0.605469 0.164062 0.605469 0.166016 0.607422 0.166016 0.617188 0.175781 0.623047 0.175781 0.626953 0.179688 0.630859 0.179688 0.632812 0.181641 0.632812 0.183594 0.636719 0.183594 0.638672 0.185547 0.634766 0.189453 0.634766 0.199219 0.632812 0.201172 0.632812 0.210938 0.630859 0.212891 0.630859 0.214844 0.634766 0.218750 0.636719 0.218750 0.638672 0.220703 0.640625 0.220703 0.642578 0.222656 0.642578 0.228516 0.640625 0.230469 0.642578 0.232422 0.642578 0.234375 0.644531 0.236328 0.646484 0.234375 0.662109 0.234375 0.666016 0.238281 0.666016 0.242188 0.667969 0.242188 0.669922 0.240234 0.669922 0.234375 0.667969 0.232422 0.667969 0.228516 0.669922 0.226562 0.677734 0.226562 0.679688 0.228516 0.681641 0.228516 0.683594 0.230469 0.683594 0.234375 0.687500 0.234375 0.689453 0.236328 0.691406 0.236328 0.693359 0.238281 0.693359 0.242188 0.689453 0.246094 0.689453 0.255859 0.691406 0.255859 0.693359 0.257812 0.693359 0.271484 0.687500 0.277344 0.685547 0.277344 0.685547 0.279297 0.687500 0.281250 0.687500 0.289062 0.689453 0.291016 0.689453 0.302734 0.685547 0.306641 0.685547 0.312500 0.683594 0.314453 0.683594 0.318359 0.681641 0.320312 0.681641 0.322266 0.683594 0.324219 0.683594 0.326172 0.689453 0.326172 0.691406 0.328125 0.693359 0.328125 0.697266 0.332031 0.697266 0.333984 0.699219 0.335938 0.699219 0.337891 0.701172 0.339844 0.703125 0.339844 0.705078 0.341797 0.705078 0.343750 0.707031 0.345703 0.707031 0.347656 0.708984 0.349609 0.708984 0.357422 0.707031 0.359375 0.707031 0.361328 0.701172 0.367188 0.701172 0.375000 0.697266 0.378906 0.697266 0.386719 0.699219 0.386719 0.703125 0.390625 0.712891 0.390625 0.718750 0.396484 0.718750 0.402344 0.716797 0.404297 0.716797 0.410156 0.718750 0.410156 0.720703 0.412109 0.720703 0.417969 0.722656 0.417969 0.730469 0.425781 0.732422 0.425781 0.734375 0.427734 0.738281 0.427734 0.742188 0.431641 0.742188 0.433594 0.746094 0.437500 0.761719 0.437500 0.763672 0.439453 0.765625 0.437500 0.767578 0.437500 0.767578 0.435547 0.769531 0.433594 0.783203 0.433594 0.785156 0.431641 0.792969 0.431641 0.794922 0.433594 0.798828 0.433594 0.800781 0.431641 0.804688 0.431641 0.806641 0.429688 0.806641 0.427734 0.808594 0.425781 0.808594 0.419922 0.806641 0.417969 0.806641 0.416016 0.804688 0.414062 0.804688 0.412109 0.800781 0.408203 0.800781 0.404297 0.802734 0.402344 0.804688 0.402344 0.806641 0.400391 0.808594 0.400391 0.810547 0.398438 0.812500 0.398438 0.812500 0.392578 0.814453 0.390625 0.812500 0.388672 0.812500 0.382812 0.814453 0.380859 0.818359 0.380859 0.816406 0.378906 0.816406 0.357422 0.818359 0.355469 0.820312 0.355469 0.822266 0.353516 0.824219 0.355469 0.826172 0.355469 0.826172 0.341797 0.820312 0.335938 0.820312 0.330078 0.822266 0.328125 0.826172 0.328125 0.826172 0.326172 0.830078 0.322266 0.832031 0.322266 0.832031 0.320312 0.833984 0.318359 0.832031 0.316406 0.832031 0.306641 0.830078 0.306641 0.830078 0.308594 0.828125 0.310547 0.824219 0.306641 0.824219 0.302734 0.822266 0.300781 0.822266 0.298828 0.820312 0.296875 0.818359 0.298828 0.812500 0.292969 0.812500 0.285156 0.808594 0.281250 0.808594 0.277344 0.806641 0.275391 0.806641 0.273438 0.804688 0.271484 0.804688 0.265625 0.806641 0.263672 0.812500 0.263672 0.812500 0.261719 0.814453 0.259766 0.818359 0.259766 0.820312 0.257812 0.828125 0.257812 0.830078 0.259766 0.835938 0.259766 0.837891 0.261719 0.837891 0.269531 0.835938 0.271484 0.833984 0.271484 0.837891 0.275391 0.837891 0.279297 0.839844 0.281250 0.839844 0.283203 0.841797 0.285156 0.841797 0.287109 0.851562 0.287109 0.853516 0.289062 0.853516 0.291016 0.857422 0.294922 0.853516 0.298828 0.853516 0.300781 0.863281 0.300781 0.865234 0.302734 0.865234 0.304688 0.875000 0.304688 0.876953 0.306641 0.876953 0.308594 0.878906 0.310547 0.878906 0.312500 0.880859 0.314453 0.880859 0.316406 0.878906 0.318359 0.876953 0.318359 0.876953 0.322266 0.873047 0.326172 0.873047 0.328125 0.871094 0.330078 0.869141 0.330078 0.865234 0.333984 0.863281 0.333984 0.861328 0.335938 0.857422 0.335938 0.855469 0.333984 0.847656 0.333984 0.843750 0.337891 0.841797 0.337891 0.841797 0.339844 0.839844 0.341797 0.837891 0.341797 0.837891 0.349609 0.839844 0.349609 0.841797 0.347656 0.843750 0.349609 0.843750 0.351562 0.845703 0.353516 0.845703 0.355469 0.843750 0.357422 0.841797 0.357422 0.841797 0.359375 0.837891 0.363281 0.837891 0.369141 0.839844 0.371094 0.837891 0.373047 0.837891 0.376953 0.839844 0.378906 0.839844 0.386719 0.841797 0.388672 0.841797 0.402344 0.839844 0.404297 0.835938 0.404297 0.833984 0.402344 0.830078 0.402344 0.828125 0.400391 0.826172 0.400391 0.824219 0.398438 0.824219 0.394531 0.822266 0.394531 0.820312 0.396484 0.822266 0.398438 0.822266 0.400391 0.826172 0.404297 0.826172 0.410156 0.828125 0.410156 0.830078 0.412109 0.830078 0.414062 0.835938 0.414062 0.837891 0.416016 0.837891 0.417969 0.839844 0.417969 0.841797 0.419922 0.841797 0.421875 0.839844 0.423828 0.839844 0.427734 0.837891 0.429688 0.835938 0.429688 0.830078 0.435547 0.830078 0.439453 0.828125 0.441406 0.828125 0.443359 0.824219 0.447266 0.820312 0.447266 0.818359 0.449219 0.816406 0.449219 0.816406 0.451172 0.812500 0.455078 0.810547 0.455078 0.810547 0.457031 0.808594 0.458984 0.808594 0.460938 0.806641 0.462891 0.804688 0.462891 0.802734 0.460938 0.800781 0.460938 0.798828 0.458984 0.796875 0.460938 0.794922 0.460938 0.792969 0.462891 0.792969 0.464844 0.791016 0.466797 0.791016 0.470703 0.789062 0.472656 0.783203 0.472656 0.781250 0.474609 0.777344 0.474609 0.777344 0.482422 0.775391 0.484375 0.773438 0.484375 0.771484 0.482422 0.761719 0.482422 0.759766 0.484375 0.755859 0.480469 0.753906 0.480469 0.751953 0.478516 0.748047 0.482422 0.748047 0.488281 0.744141 0.492188 0.744141 0.500000 0.740234 0.503906 0.740234 0.515625 0.740234 0.513672 0.742188 0.511719 0.748047 0.511719 0.750000 0.513672 0.750000 0.515625 0.751953 0.517578 0.751953 0.519531 0.753906 0.521484 0.753906 0.523438 0.755859 0.523438 0.757812 0.525391 0.757812 0.529297 0.753906 0.533203 0.753906 0.537109 0.751953 0.539062 0.751953 0.544922 0.755859 0.548828 0.755859 0.550781 0.757812 0.552734 0.757812 0.560547 0.759766 0.562500 0.759766 0.564453 0.761719 0.562500 0.763672 0.562500 0.765625 0.560547 0.771484 0.560547 0.773438 0.558594 0.775391 0.558594 0.777344 0.556641 0.785156 0.556641 0.787109 0.558594 0.789062 0.558594 0.791016 0.556641 0.796875 0.556641 0.796875 0.554688 0.798828 0.552734 0.802734 0.552734 0.804688 0.554688 0.808594 0.554688 0.814453 0.560547 0.814453 0.562500 0.816406 0.564453 0.816406 0.566406 0.826172 0.576172 0.828125 0.576172 0.830078 0.578125 0.832031 0.578125 0.833984 0.580078 0.833984 0.585938 0.843750 0.585938 0.845703 0.587891 0.847656 0.587891 0.849609 0.589844 0.851562 0.589844 0.853516 0.591797 0.853516 0.593750 0.855469 0.593750 0.857422 0.595703 0.857422 0.597656 0.859375 0.597656 0.863281 0.601562 0.871094 0.601562 0.873047 0.599609 0.875000 0.599609 0.876953 0.601562 0.888672 0.601562 0.890625 0.599609 0.892578 0.599609 0.894531 0.597656 0.910156 0.597656 0.910156 0.595703 0.912109 0.593750 0.916016 0.597656 0.917969 0.597656 0.919922 0.599609 0.921875 0.599609 0.923828 0.601562 0.925781 0.601562 0.927734 0.603516 0.929688 0.603516 0.931641 0.605469 0.933594 0.603516 0.935547 0.605469 0.939453 0.601562 0.941406 0.601562 0.943359 0.603516 0.945312 0.601562 0.949219 0.601562 0.951172 0.603516 0.951172 0.605469 0.957031 0.605469 0.957031 0.583984 0.958984 0.582031 0.960938 0.582031 0.964844 0.578125 0.968750 0.578125 0.972656 0.574219 0.974609 0.574219 0.974609 0.572266 0.976562 0.570312 0.976562 0.568359 0.978516 0.566406 0.980469 0.566406 0.982422 0.568359 0.984375 0.566406 0.986328 0.568359 0.986328 0.570312 0.988281 0.572266 0.986328 0.574219 0.992188 0.574219 0.992188 0.371094 0.990234 0.371094 0.986328 0.367188 0.986328 0.365234 0.992188 0.359375 0.992188 0.000000 0.919922 0.000000 0.923828 0.003906 0.923828 0.007812 0.925781 0.007812 0.927734 0.009766 0.927734 0.011719 0.929688 0.011719 0.931641 0.013672 0.931641 0.015625 0.933594 0.017578 0.931641 0.019531 0.925781 0.019531 0.925781 0.021484 0.927734 0.023438 0.929688 0.021484 0.935547 0.021484 0.937500 0.019531 0.943359 0.019531 0.945312 0.021484 0.945312 0.025391 0.947266 0.027344 0.947266 0.029297 0.949219 0.029297 0.957031 0.037109 0.957031 0.042969 0.955078 0.044922 0.951172 0.044922 0.941406 0.035156 0.939453 0.035156 0.937500 0.033203 0.929688 0.033203 0.927734 0.035156 0.925781 0.035156 0.923828 0.037109 0.919922 0.037109 0.919922 0.048828 0.921875 0.050781 0.923828 0.050781 0.925781 0.052734 0.925781 0.054688 0.927734 0.056641 0.927734 0.058594 0.925781 0.060547 0.925781 0.062500 0.923828 0.064453 0.925781 0.066406 0.925781 0.070312 0.923828 0.072266 0.919922 0.072266 0.917969 0.070312 0.917969 0.062500 0.916016 0.064453 0.916016 0.068359 0.914062 0.070312 0.910156 0.070312 0.906250 0.066406 0.906250 0.060547 0.908203 0.058594 0.908203 0.056641 0.910156 0.054688 0.910156 0.048828 0.900391 0.039062 0.898438 0.039062 0.896484 0.037109 0.896484 0.031250 0.900391 0.027344 0.902344 0.027344 0.904297 0.025391 0.906250 0.027344 0.908203 0.025391 0.910156 0.025391 0.912109 0.023438 0.914062 0.023438 0.917969 0.019531 0.917969 0.017578 0.916016 0.015625 0.917969 0.013672 0.917969 0.009766 0.916016 0.007812 0.908203 0.007812 0.906250 0.009766 0.904297 0.009766 0.902344 0.011719 0.898438 0.011719 0.898438 0.015625 0.896484 0.017578 0.896484 0.023438 0.894531 0.025391 0.894531 0.027344 0.892578 0.029297 0.892578 0.044922 0.890625 0.046875 0.888672 0.044922 0.888672 0.046875 0.886719 0.048828 0.886719 0.050781 0.888672 0.052734 0.888672 0.054688 0.884766 0.058594 0.880859 0.054688 0.876953 0.054688 0.875000 0.056641 0.873047 0.054688 0.873047 0.052734 0.865234 0.052734 0.863281 0.054688 0.861328 0.054688 0.859375 0.052734 0.859375 0.042969 0.861328 0.041016 0.857422 0.037109 0.857422 0.031250 0.859375 0.029297 0.857422 0.029297 0.853516 0.025391 0.853516 0.023438 0.847656 0.023438 0.841797 0.029297 0.835938 0.029297 0.833984 0.031250 0.833984 0.033203 0.835938 0.033203 0.839844 0.037109 0.839844 0.039062 0.837891 0.041016 0.837891 0.042969 0.833984 0.046875 0.830078 0.046875 0.828125 0.044922 0.828125 0.046875 0.830078 0.048828 0.832031 0.048828 0.833984 0.050781 0.833984 0.052734 0.835938 0.054688 0.839844 0.054688 0.843750 0.058594 0.841797 0.060547 0.841797 0.062500 0.843750 0.062500 0.845703 0.064453 0.843750 0.066406 0.843750 0.068359 0.841797 0.070312 0.839844 0.070312 0.837891 0.072266 0.837891 0.074219 0.835938 0.076172 0.835938 0.080078 0.833984 0.082031 0.833984 0.085938 0.830078 0.089844 0.826172 0.089844 0.822266 0.085938 0.822266 0.083984 0.820312 0.082031 0.822266 0.080078 0.824219 0.080078 0.824219 0.078125 0.822266 0.076172 0.822266 0.072266 0.820312 0.070312 0.820312 0.068359 0.824219 0.064453 0.824219 0.060547 0.822266 0.058594 0.822266 0.056641 0.820312 0.054688 0.820312 0.044922 0.818359 0.042969 0.820312 0.041016 0.820312 0.031250 0.822266 0.029297 0.818359 0.029297 0.816406 0.027344 0.814453 0.029297 0.812500 0.029297 0.808594 0.025391 0.808594 0.013672 0.810547 0.011719 0.818359 0.011719 0.818359 0.009766 0.820312 0.007812 0.820312 0.005859 0.822266 0.003906 0.824219 0.005859 0.826172 0.005859 0.828125 0.003906 0.832031 0.003906 0.832031 0.001953 0.833984 0.000000 0.736328 0.000000 0.738281 0.000000 0.740234 0.001953 0.740234 0.013672 0.744141 0.017578 0.744141 0.033203 0.742188 0.035156 0.740234 0.035156 0.740234 0.037109 0.738281 0.039062 0.724609 0.039062 0.720703 0.042969 0.712891 0.042969 0.710938 0.041016 0.710938 0.033203 0.716797 0.027344 0.716797 0.025391 0.714844 0.023438 0.710938 0.023438 0.707031 0.019531 0.707031 0.011719 0.708984 0.009766 0.708984 0.000000