0 0.289062 0.984375 0.289062 0.992188 0.294922 0.992188 0.294922 0.984375
0 0.257812 0.892578 0.255859 0.894531 0.255859 0.896484 0.253906 0.898438 0.253906 0.906250 0.255859 0.908203 0.255859 0.912109 0.251953 0.916016 0.251953 0.917969 0.250000 0.919922 0.250000 0.933594 0.255859 0.933594 0.255859 0.931641 0.257812 0.929688 0.261719 0.929688 0.261719 0.927734 0.267578 0.921875 0.267578 0.919922 0.271484 0.916016 0.271484 0.908203 0.267578 0.904297 0.267578 0.900391 0.263672 0.896484 0.263672 0.894531 0.261719 0.892578
0 0.390625 0.826172 0.386719 0.830078 0.386719 0.835938 0.388672 0.835938 0.390625 0.837891 0.394531 0.837891 0.400391 0.832031 0.402344 0.832031 0.402344 0.830078 0.398438 0.826172
0 0.369141 0.824219 0.367188 0.826172 0.367188 0.830078 0.369141 0.832031 0.375000 0.832031 0.375000 0.824219
0 0.976562 0.798828 0.976562 0.804688 0.982422 0.810547 0.984375 0.810547 0.986328 0.812500 0.992188 0.812500 0.992188 0.804688 0.990234 0.802734 0.990234 0.800781 0.988281 0.800781 0.986328 0.798828
0 0.398438 0.796875 0.398438 0.806641 0.400391 0.806641 0.402344 0.808594 0.408203 0.808594 0.410156 0.806641 0.410156 0.800781 0.408203 0.800781 0.404297 0.796875
0 0.037109 0.796875 0.037109 0.798828 0.035156 0.800781 0.035156 0.804688 0.039062 0.808594 0.041016 0.808594 0.042969 0.810547 0.050781 0.810547 0.050781 0.808594 0.052734 0.806641 0.052734 0.804688 0.048828 0.800781 0.044922 0.800781 0.041016 0.796875
0 0.376953 0.787109 0.373047 0.791016 0.373047 0.792969 0.371094 0.794922 0.371094 0.806641 0.373047 0.806641 0.375000 0.804688 0.375000 0.802734 0.378906 0.798828 0.378906 0.796875 0.382812 0.792969 0.382812 0.789062 0.380859 0.787109
0 0.349609 0.777344 0.349609 0.783203 0.351562 0.785156 0.351562 0.798828 0.347656 0.802734 0.343750 0.802734 0.341797 0.804688 0.339844 0.804688 0.335938 0.808594 0.332031 0.808594 0.324219 0.816406 0.324219 0.822266 0.339844 0.822266 0.341797 0.820312 0.343750 0.820312 0.347656 0.816406 0.351562 0.816406 0.353516 0.818359 0.361328 0.818359 0.363281 0.816406 0.363281 0.814453 0.365234 0.812500 0.365234 0.789062 0.363281 0.787109 0.363281 0.785156 0.361328 0.783203 0.361328 0.781250 0.357422 0.781250 0.353516 0.777344
0 0.457031 0.755859 0.453125 0.759766 0.453125 0.769531 0.460938 0.769531 0.464844 0.765625 0.464844 0.763672 0.466797 0.761719 0.466797 0.759766 0.462891 0.755859
0 0.136719 0.748047 0.128906 0.755859 0.126953 0.755859 0.126953 0.763672 0.125000 0.765625 0.119141 0.765625 0.117188 0.763672 0.115234 0.763672 0.111328 0.759766 0.109375 0.759766 0.107422 0.757812 0.105469 0.757812 0.103516 0.755859 0.101562 0.755859 0.099609 0.753906 0.091797 0.753906 0.089844 0.755859 0.087891 0.755859 0.083984 0.759766 0.082031 0.759766 0.080078 0.761719 0.078125 0.761719 0.074219 0.765625 0.074219 0.771484 0.068359 0.777344 0.068359 0.791016 0.074219 0.796875 0.074219 0.804688 0.070312 0.808594 0.064453 0.808594 0.062500 0.806641 0.058594 0.806641 0.058594 0.816406 0.062500 0.816406 0.064453 0.818359 0.066406 0.818359 0.068359 0.820312 0.076172 0.820312 0.078125 0.818359 0.082031 0.818359 0.083984 0.816406 0.083984 0.812500 0.089844 0.806641 0.089844 0.794922 0.087891 0.792969 0.087891 0.791016 0.089844 0.789062 0.093750 0.789062 0.095703 0.787109 0.097656 0.787109 0.097656 0.777344 0.099609 0.775391 0.101562 0.775391 0.105469 0.771484 0.109375 0.771484 0.111328 0.769531 0.113281 0.771484 0.113281 0.775391 0.117188 0.779297 0.125000 0.779297 0.125000 0.777344 0.126953 0.775391 0.126953 0.773438 0.128906 0.771484 0.130859 0.771484 0.130859 0.769531 0.134766 0.765625 0.136719 0.765625 0.140625 0.769531 0.140625 0.773438 0.138672 0.775391 0.138672 0.777344 0.136719 0.779297 0.136719 0.785156 0.138672 0.787109 0.150391 0.787109 0.150391 0.773438 0.154297 0.769531 0.162109 0.769531 0.162109 0.755859 0.146484 0.755859 0.138672 0.748047
0 0.203125 0.730469 0.203125 0.732422 0.201172 0.734375 0.195312 0.734375 0.195312 0.736328 0.193359 0.738281 0.191406 0.738281 0.191406 0.740234 0.189453 0.742188 0.187500 0.742188 0.187500 0.748047 0.185547 0.750000 0.185547 0.751953 0.183594 0.753906 0.183594 0.755859 0.181641 0.757812 0.179688 0.757812 0.177734 0.759766 0.175781 0.759766 0.175781 0.761719 0.171875 0.765625 0.171875 0.769531 0.173828 0.771484 0.173828 0.775391 0.175781 0.777344 0.179688 0.777344 0.189453 0.767578 0.189453 0.759766 0.191406 0.757812 0.191406 0.755859 0.193359 0.753906 0.195312 0.755859 0.195312 0.757812 0.197266 0.759766 0.197266 0.761719 0.199219 0.763672 0.199219 0.767578 0.201172 0.769531 0.201172 0.771484 0.210938 0.771484 0.210938 0.767578 0.212891 0.765625 0.212891 0.751953 0.210938 0.750000 0.212891 0.748047 0.212891 0.746094 0.210938 0.746094 0.208984 0.744141 0.208984 0.734375 0.207031 0.734375 0.205078 0.732422 0.205078 0.730469
0 0.125000 0.599609 0.125000 0.609375 0.126953 0.611328 0.126953 0.613281 0.128906 0.613281 0.130859 0.615234 0.136719 0.615234 0.138672 0.613281 0.138672 0.611328 0.140625 0.609375 0.140625 0.605469 0.138672 0.605469 0.132812 0.599609
0 0.525391 0.587891 0.525391 0.593750 0.529297 0.597656 0.529297 0.599609 0.535156 0.599609 0.537109 0.597656 0.537109 0.591797 0.535156 0.591797 0.533203 0.589844 0.531250 0.589844 0.529297 0.587891
0 0.378906 0.507812 0.375000 0.511719 0.375000 0.517578 0.376953 0.517578 0.378906 0.519531 0.380859 0.519531 0.382812 0.521484 0.382812 0.527344 0.386719 0.527344 0.388672 0.525391 0.390625 0.525391 0.390625 0.523438 0.394531 0.519531 0.396484 0.519531 0.396484 0.517578 0.398438 0.515625 0.398438 0.513672 0.394531 0.509766 0.392578 0.509766 0.390625 0.507812
0 0.726562 0.486328 0.724609 0.488281 0.724609 0.494141 0.726562 0.496094 0.728516 0.496094 0.730469 0.498047 0.738281 0.498047 0.740234 0.500000 0.748047 0.500000 0.748047 0.492188 0.746094 0.490234 0.744141 0.490234 0.742188 0.488281 0.732422 0.488281 0.730469 0.486328
0 0.718750 0.474609 0.716797 0.476562 0.712891 0.476562 0.707031 0.482422 0.707031 0.488281 0.708984 0.490234 0.708984 0.492188 0.710938 0.492188 0.712891 0.494141 0.716797 0.494141 0.718750 0.492188 0.718750 0.484375 0.720703 0.482422 0.720703 0.480469 0.722656 0.478516 0.722656 0.474609
0 0.660156 0.429688 0.660156 0.431641 0.658203 0.433594 0.656250 0.433594 0.654297 0.435547 0.654297 0.443359 0.660156 0.443359 0.664062 0.439453 0.664062 0.437500 0.666016 0.435547 0.666016 0.429688
0 0.753906 0.347656 0.750000 0.351562 0.750000 0.359375 0.751953 0.361328 0.757812 0.361328 0.757812 0.359375 0.759766 0.357422 0.759766 0.355469 0.761719 0.353516 0.761719 0.349609 0.759766 0.347656
0 0.896484 0.248047 0.894531 0.250000 0.894531 0.253906 0.896484 0.255859 0.904297 0.255859 0.904297 0.251953 0.900391 0.248047
0 0.060547 0.222656 0.058594 0.224609 0.042969 0.224609 0.041016 0.226562 0.041016 0.232422 0.039062 0.234375 0.039062 0.236328 0.035156 0.240234 0.035156 0.244141 0.033203 0.246094 0.033203 0.251953 0.029297 0.255859 0.029297 0.257812 0.027344 0.259766 0.025391 0.259766 0.025391 0.273438 0.027344 0.275391 0.027344 0.277344 0.042969 0.277344 0.044922 0.279297 0.046875 0.277344 0.050781 0.277344 0.052734 0.275391 0.054688 0.275391 0.058594 0.271484 0.060547 0.271484 0.062500 0.269531 0.064453 0.271484 0.064453 0.269531 0.066406 0.267578 0.070312 0.267578 0.072266 0.265625 0.074219 0.265625 0.076172 0.267578 0.070312 0.273438 0.070312 0.275391 0.066406 0.279297 0.064453 0.279297 0.064453 0.281250 0.062500 0.283203 0.062500 0.287109 0.066406 0.291016 0.068359 0.291016 0.070312 0.292969 0.072266 0.292969 0.074219 0.294922 0.087891 0.294922 0.087891 0.281250 0.089844 0.279297 0.089844 0.277344 0.087891 0.275391 0.087891 0.273438 0.085938 0.273438 0.083984 0.271484 0.083984 0.267578 0.082031 0.267578 0.080078 0.265625 0.078125 0.267578 0.076172 0.267578 0.072266 0.263672 0.076172 0.259766 0.080078 0.259766 0.080078 0.250000 0.083984 0.246094 0.083984 0.244141 0.085938 0.242188 0.085938 0.234375 0.082031 0.234375 0.080078 0.232422 0.080078 0.228516 0.078125 0.228516 0.076172 0.226562 0.062500 0.226562 0.060547 0.224609
0 0.730469 0.218750 0.724609 0.224609 0.714844 0.224609 0.712891 0.226562 0.714844 0.228516 0.714844 0.230469 0.716797 0.232422 0.716797 0.234375 0.720703 0.238281 0.724609 0.238281 0.724609 0.234375 0.726562 0.232422 0.726562 0.230469 0.730469 0.226562 0.732422 0.226562 0.732422 0.224609 0.734375 0.222656 0.734375 0.218750
0 0.599609 0.201172 0.593750 0.207031 0.593750 0.210938 0.599609 0.210938 0.603516 0.207031 0.603516 0.201172
0 0.566406 0.191406 0.566406 0.199219 0.568359 0.201172 0.570312 0.201172 0.572266 0.203125 0.578125 0.203125 0.580078 0.201172 0.582031 0.201172 0.582031 0.199219 0.578125 0.195312 0.576172 0.195312 0.574219 0.193359 0.572266 0.193359 0.570312 0.191406
0 0.175781 0.148438 0.173828 0.150391 0.171875 0.150391 0.169922 0.152344 0.169922 0.154297 0.167969 0.156250 0.167969 0.162109 0.169922 0.164062 0.169922 0.166016 0.167969 0.167969 0.167969 0.173828 0.169922 0.175781 0.169922 0.177734 0.175781 0.177734 0.175781 0.175781 0.177734 0.173828 0.179688 0.173828 0.189453 0.164062 0.189453 0.156250 0.187500 0.156250 0.183594 0.152344 0.183594 0.150391 0.181641 0.148438
0 0.988281 0.136719 0.986328 0.138672 0.984375 0.138672 0.984375 0.140625 0.980469 0.144531 0.980469 0.146484 0.978516 0.148438 0.978516 0.158203 0.980469 0.160156 0.980469 0.162109 0.982422 0.162109 0.984375 0.164062 0.984375 0.189453 0.978516 0.195312 0.976562 0.195312 0.976562 0.197266 0.974609 0.199219 0.972656 0.199219 0.970703 0.201172 0.968750 0.201172 0.966797 0.203125 0.964844 0.203125 0.958984 0.208984 0.957031 0.208984 0.949219 0.216797 0.949219 0.222656 0.951172 0.224609 0.951172 0.228516 0.949219 0.230469 0.947266 0.228516 0.933594 0.228516 0.933594 0.236328 0.937500 0.236328 0.941406 0.240234 0.943359 0.240234 0.947266 0.244141 0.947266 0.246094 0.945312 0.248047 0.943359 0.248047 0.939453 0.251953 0.937500 0.251953 0.935547 0.253906 0.935547 0.255859 0.933594 0.257812 0.933594 0.261719 0.931641 0.263672 0.931641 0.265625 0.929688 0.267578 0.929688 0.271484 0.927734 0.273438 0.925781 0.273438 0.917969 0.281250 0.917969 0.283203 0.916016 0.285156 0.914062 0.285156 0.914062 0.289062 0.904297 0.298828 0.900391 0.298828 0.898438 0.300781 0.896484 0.300781 0.896484 0.302734 0.894531 0.304688 0.894531 0.314453 0.892578 0.316406 0.892578 0.320312 0.894531 0.322266 0.894531 0.328125 0.896484 0.328125 0.900391 0.332031 0.900391 0.343750 0.898438 0.345703 0.898438 0.347656 0.896484 0.349609 0.896484 0.357422 0.892578 0.361328 0.890625 0.361328 0.888672 0.359375 0.886719 0.359375 0.880859 0.353516 0.880859 0.349609 0.878906 0.347656 0.878906 0.339844 0.876953 0.337891 0.876953 0.332031 0.875000 0.330078 0.871094 0.330078 0.865234 0.324219 0.865234 0.320312 0.861328 0.320312 0.859375 0.318359 0.859375 0.316406 0.857422 0.316406 0.853516 0.312500 0.851562 0.312500 0.849609 0.310547 0.843750 0.310547 0.841797 0.308594 0.837891 0.308594 0.833984 0.312500 0.832031 0.312500 0.830078 0.314453 0.820312 0.314453 0.818359 0.316406 0.816406 0.316406 0.812500 0.320312 0.812500 0.322266 0.810547 0.324219 0.810547 0.335938 0.812500 0.337891 0.812500 0.339844 0.820312 0.347656 0.820312 0.351562 0.814453 0.357422 0.814453 0.363281 0.812500 0.365234 0.812500 0.378906 0.814453 0.380859 0.814453 0.388672 0.812500 0.390625 0.806641 0.390625 0.804688 0.392578 0.800781 0.392578 0.798828 0.394531 0.796875 0.394531 0.785156 0.406250 0.785156 0.412109 0.789062 0.416016 0.789062 0.421875 0.792969 0.425781 0.792969 0.429688 0.794922 0.431641 0.796875 0.431641 0.798828 0.433594 0.798828 0.435547 0.800781 0.435547 0.802734 0.437500 0.802734 0.445312 0.800781 0.447266 0.800781 0.460938 0.802734 0.462891 0.802734 0.464844 0.806641 0.468750 0.806641 0.470703 0.812500 0.476562 0.818359 0.476562 0.820312 0.474609 0.824219 0.474609 0.830078 0.480469 0.830078 0.484375 0.832031 0.486328 0.845703 0.486328 0.849609 0.482422 0.853516 0.482422 0.855469 0.484375 0.855469 0.492188 0.853516 0.494141 0.853516 0.496094 0.851562 0.498047 0.855469 0.501953 0.855469 0.505859 0.853516 0.507812 0.843750 0.507812 0.833984 0.498047 0.833984 0.496094 0.826172 0.496094 0.826172 0.503906 0.830078 0.507812 0.830078 0.511719 0.835938 0.517578 0.835938 0.519531 0.837891 0.519531 0.841797 0.523438 0.843750 0.523438 0.845703 0.525391 0.855469 0.525391 0.863281 0.517578 0.865234 0.517578 0.867188 0.515625 0.869141 0.515625 0.871094 0.513672 0.873047 0.515625 0.875000 0.515625 0.880859 0.521484 0.882812 0.521484 0.884766 0.523438 0.884766 0.525391 0.886719 0.527344 0.886719 0.531250 0.890625 0.535156 0.890625 0.546875 0.886719 0.550781 0.884766 0.550781 0.884766 0.552734 0.882812 0.554688 0.882812 0.556641 0.880859 0.558594 0.875000 0.558594 0.873047 0.560547 0.871094 0.560547 0.869141 0.562500 0.869141 0.564453 0.871094 0.566406 0.871094 0.572266 0.869141 0.574219 0.865234 0.574219 0.859375 0.568359 0.859375 0.564453 0.853516 0.558594 0.845703 0.558594 0.841797 0.562500 0.839844 0.562500 0.839844 0.566406 0.832031 0.574219 0.830078 0.574219 0.828125 0.576172 0.822266 0.576172 0.818359 0.572266 0.822266 0.568359 0.822266 0.560547 0.820312 0.558594 0.822266 0.556641 0.822266 0.554688 0.820312 0.552734 0.820312 0.546875 0.818359 0.544922 0.818359 0.542969 0.812500 0.542969 0.812500 0.546875 0.806641 0.552734 0.806641 0.554688 0.804688 0.556641 0.802734 0.556641 0.800781 0.558594 0.796875 0.558594 0.794922 0.560547 0.792969 0.560547 0.791016 0.562500 0.789062 0.562500 0.787109 0.564453 0.785156 0.564453 0.783203 0.566406 0.777344 0.566406 0.771484 0.560547 0.771484 0.558594 0.767578 0.554688 0.767578 0.552734 0.765625 0.550781 0.765625 0.544922 0.763672 0.542969 0.763672 0.541016 0.750000 0.527344 0.750000 0.523438 0.748047 0.521484 0.746094 0.521484 0.742188 0.517578 0.742188 0.515625 0.740234 0.513672 0.740234 0.511719 0.738281 0.509766 0.736328 0.509766 0.734375 0.507812 0.724609 0.507812 0.716797 0.515625 0.714844 0.515625 0.712891 0.517578 0.710938 0.517578 0.707031 0.521484 0.705078 0.521484 0.701172 0.525391 0.701172 0.527344 0.699219 0.529297 0.699219 0.531250 0.691406 0.539062 0.691406 0.541016 0.689453 0.542969 0.685547 0.542969 0.683594 0.541016 0.681641 0.541016 0.673828 0.533203 0.671875 0.533203 0.669922 0.531250 0.669922 0.529297 0.666016 0.529297 0.664062 0.531250 0.664062 0.539062 0.667969 0.542969 0.667969 0.550781 0.669922 0.550781 0.671875 0.552734 0.671875 0.562500 0.679688 0.570312 0.681641 0.570312 0.683594 0.572266 0.685547 0.572266 0.687500 0.574219 0.693359 0.574219 0.697266 0.578125 0.697266 0.580078 0.695312 0.582031 0.695312 0.583984 0.693359 0.585938 0.693359 0.587891 0.691406 0.589844 0.685547 0.589844 0.683594 0.587891 0.667969 0.587891 0.664062 0.591797 0.662109 0.591797 0.654297 0.599609 0.654297 0.607422 0.652344 0.609375 0.648438 0.609375 0.646484 0.611328 0.640625 0.611328 0.638672 0.609375 0.634766 0.609375 0.634766 0.611328 0.632812 0.613281 0.632812 0.617188 0.634766 0.619141 0.634766 0.621094 0.626953 0.628906 0.626953 0.634766 0.621094 0.640625 0.621094 0.642578 0.617188 0.646484 0.617188 0.648438 0.615234 0.650391 0.615234 0.652344 0.611328 0.656250 0.607422 0.656250 0.605469 0.654297 0.605469 0.650391 0.609375 0.646484 0.609375 0.644531 0.611328 0.642578 0.611328 0.640625 0.617188 0.634766 0.617188 0.632812 0.619141 0.630859 0.619141 0.626953 0.615234 0.623047 0.621094 0.617188 0.621094 0.615234 0.623047 0.613281 0.623047 0.611328 0.626953 0.607422 0.626953 0.605469 0.634766 0.597656 0.634766 0.595703 0.636719 0.593750 0.636719 0.591797 0.638672 0.589844 0.638672 0.583984 0.640625 0.582031 0.642578 0.582031 0.642578 0.578125 0.644531 0.576172 0.646484 0.576172 0.646484 0.572266 0.650391 0.568359 0.650391 0.566406 0.652344 0.564453 0.652344 0.562500 0.654297 0.560547 0.654297 0.556641 0.658203 0.552734 0.658203 0.539062 0.656250 0.537109 0.656250 0.531250 0.646484 0.531250 0.644531 0.529297 0.644531 0.527344 0.642578 0.527344 0.640625 0.525391 0.640625 0.521484 0.638672 0.519531 0.632812 0.519531 0.628906 0.523438 0.626953 0.523438 0.623047 0.527344 0.621094 0.527344 0.619141 0.525391 0.619141 0.523438 0.613281 0.523438 0.611328 0.521484 0.615234 0.517578 0.615234 0.505859 0.619141 0.501953 0.621094 0.501953 0.623047 0.500000 0.625000 0.500000 0.626953 0.498047 0.626953 0.496094 0.628906 0.494141 0.628906 0.476562 0.626953 0.476562 0.625000 0.474609 0.621094 0.474609 0.621094 0.478516 0.619141 0.480469 0.617188 0.480469 0.615234 0.482422 0.607422 0.482422 0.605469 0.480469 0.605469 0.476562 0.607422 0.474609 0.609375 0.474609 0.611328 0.472656 0.611328 0.470703 0.615234 0.466797 0.617188 0.466797 0.619141 0.464844 0.621094 0.464844 0.625000 0.460938 0.626953 0.460938 0.628906 0.458984 0.628906 0.457031 0.630859 0.455078 0.632812 0.455078 0.638672 0.449219 0.640625 0.449219 0.642578 0.447266 0.642578 0.441406 0.644531 0.439453 0.644531 0.429688 0.638672 0.423828 0.638672 0.421875 0.640625 0.419922 0.644531 0.419922 0.646484 0.417969 0.646484 0.414062 0.648438 0.412109 0.648438 0.408203 0.652344 0.404297 0.666016 0.404297 0.667969 0.402344 0.673828 0.402344 0.679688 0.396484 0.683594 0.396484 0.685547 0.398438 0.687500 0.398438 0.691406 0.402344 0.691406 0.410156 0.693359 0.410156 0.695312 0.412109 0.703125 0.412109 0.707031 0.408203 0.707031 0.406250 0.712891 0.400391 0.712891 0.398438 0.714844 0.396484 0.714844 0.394531 0.718750 0.390625 0.718750 0.388672 0.716797 0.386719 0.718750 0.384766 0.728516 0.384766 0.732422 0.380859 0.734375 0.380859 0.736328 0.378906 0.736328 0.376953 0.738281 0.375000 0.738281 0.357422 0.736328 0.357422 0.734375 0.355469 0.728516 0.355469 0.720703 0.363281 0.714844 0.363281 0.710938 0.359375 0.712891 0.357422 0.712891 0.351562 0.710938 0.349609 0.710938 0.345703 0.708984 0.345703 0.707031 0.343750 0.699219 0.343750 0.697266 0.345703 0.695312 0.345703 0.693359 0.347656 0.691406 0.347656 0.689453 0.345703 0.687500 0.345703 0.685547 0.343750 0.683594 0.343750 0.679688 0.339844 0.679688 0.335938 0.683594 0.332031 0.683594 0.328125 0.685547 0.326172 0.685547 0.318359 0.683594 0.316406 0.683594 0.310547 0.681641 0.308594 0.681641 0.304688 0.679688 0.302734 0.679688 0.300781 0.677734 0.298828 0.677734 0.294922 0.675781 0.292969 0.675781 0.289062 0.673828 0.287109 0.675781 0.285156 0.675781 0.283203 0.677734 0.281250 0.677734 0.257812 0.679688 0.255859 0.679688 0.251953 0.681641 0.250000 0.681641 0.242188 0.679688 0.240234 0.673828 0.240234 0.667969 0.246094 0.666016 0.246094 0.662109 0.242188 0.656250 0.242188 0.654297 0.240234 0.646484 0.240234 0.644531 0.238281 0.642578 0.238281 0.640625 0.236328 0.634766 0.236328 0.632812 0.238281 0.625000 0.238281 0.623047 0.240234 0.621094 0.240234 0.619141 0.242188 0.617188 0.242188 0.613281 0.246094 0.609375 0.246094 0.607422 0.244141 0.607422 0.242188 0.605469 0.242188 0.603516 0.240234 0.593750 0.240234 0.591797 0.242188 0.591797 0.251953 0.589844 0.253906 0.580078 0.253906 0.576172 0.250000 0.564453 0.250000 0.562500 0.251953 0.558594 0.251953 0.552734 0.246094 0.552734 0.242188 0.550781 0.240234 0.550781 0.238281 0.546875 0.238281 0.544922 0.240234 0.544922 0.242188 0.542969 0.244141 0.529297 0.244141 0.521484 0.236328 0.521484 0.232422 0.527344 0.226562 0.527344 0.224609 0.529297 0.222656 0.529297 0.218750 0.515625 0.218750 0.515625 0.220703 0.509766 0.226562 0.509766 0.230469 0.503906 0.236328 0.500000 0.236328 0.498047 0.234375 0.496094 0.234375 0.494141 0.232422 0.480469 0.232422 0.478516 0.234375 0.474609 0.234375 0.474609 0.236328 0.472656 0.238281 0.472656 0.242188 0.470703 0.244141 0.468750 0.244141 0.466797 0.246094 0.458984 0.246094 0.458984 0.248047 0.457031 0.250000 0.457031 0.251953 0.451172 0.257812 0.451172 0.267578 0.443359 0.275391 0.437500 0.275391 0.429688 0.283203 0.429688 0.287109 0.427734 0.289062 0.423828 0.289062 0.421875 0.291016 0.421875 0.294922 0.419922 0.296875 0.414062 0.296875 0.414062 0.298828 0.412109 0.300781 0.410156 0.300781 0.410156 0.306641 0.412109 0.308594 0.412109 0.310547 0.414062 0.312500 0.414062 0.316406 0.416016 0.316406 0.417969 0.318359 0.419922 0.318359 0.421875 0.320312 0.421875 0.326172 0.410156 0.337891 0.410156 0.339844 0.408203 0.341797 0.408203 0.345703 0.406250 0.347656 0.406250 0.349609 0.400391 0.355469 0.398438 0.353516 0.396484 0.355469 0.392578 0.355469 0.386719 0.361328 0.386719 0.363281 0.380859 0.369141 0.378906 0.369141 0.375000 0.373047 0.375000 0.378906 0.373047 0.380859 0.373047 0.384766 0.371094 0.386719 0.371094 0.388672 0.365234 0.394531 0.365234 0.396484 0.363281 0.398438 0.363281 0.408203 0.367188 0.412109 0.367188 0.416016 0.365234 0.417969 0.365234 0.427734 0.367188 0.427734 0.369141 0.429688 0.371094 0.429688 0.373047 0.431641 0.373047 0.433594 0.375000 0.435547 0.375000 0.437500 0.376953 0.437500 0.378906 0.439453 0.378906 0.441406 0.380859 0.441406 0.382812 0.443359 0.384766 0.443359 0.394531 0.453125 0.394531 0.455078 0.396484 0.457031 0.398438 0.457031 0.402344 0.453125 0.402344 0.443359 0.404297 0.441406 0.408203 0.441406 0.410156 0.443359 0.410156 0.445312 0.416016 0.451172 0.417969 0.451172 0.419922 0.453125 0.419922 0.466797 0.416016 0.470703 0.416016 0.474609 0.417969 0.476562 0.417969 0.484375 0.419922 0.486328 0.419922 0.488281 0.421875 0.490234 0.421875 0.494141 0.423828 0.496094 0.423828 0.498047 0.427734 0.498047 0.429688 0.500000 0.429688 0.501953 0.433594 0.501953 0.435547 0.503906 0.435547 0.505859 0.437500 0.507812 0.439453 0.507812 0.441406 0.509766 0.443359 0.509766 0.445312 0.507812 0.445312 0.505859 0.441406 0.501953 0.441406 0.500000 0.439453 0.500000 0.437500 0.498047 0.437500 0.496094 0.433594 0.492188 0.433594 0.486328 0.435547 0.484375 0.439453 0.484375 0.447266 0.492188 0.447266 0.494141 0.449219 0.494141 0.451172 0.496094 0.453125 0.496094 0.458984 0.501953 0.460938 0.501953 0.462891 0.503906 0.464844 0.503906 0.466797 0.505859 0.468750 0.505859 0.470703 0.507812 0.472656 0.507812 0.474609 0.509766 0.474609 0.515625 0.472656 0.517578 0.474609 0.519531 0.482422 0.519531 0.484375 0.517578 0.486328 0.517578 0.488281 0.515625 0.492188 0.519531 0.490234 0.521484 0.488281 0.521484 0.484375 0.525391 0.484375 0.533203 0.500000 0.533203 0.503906 0.529297 0.503906 0.527344 0.517578 0.513672 0.523438 0.513672 0.531250 0.521484 0.535156 0.521484 0.537109 0.523438 0.541016 0.523438 0.542969 0.525391 0.544922 0.525391 0.548828 0.529297 0.556641 0.529297 0.558594 0.531250 0.554688 0.535156 0.554688 0.537109 0.552734 0.539062 0.544922 0.539062 0.542969 0.541016 0.541016 0.541016 0.539062 0.542969 0.535156 0.542969 0.533203 0.544922 0.531250 0.544922 0.531250 0.546875 0.527344 0.550781 0.527344 0.556641 0.529297 0.558594 0.529297 0.560547 0.537109 0.560547 0.539062 0.562500 0.544922 0.562500 0.546875 0.560547 0.554688 0.560547 0.554688 0.552734 0.556641 0.550781 0.566406 0.550781 0.572266 0.544922 0.574219 0.544922 0.576172 0.542969 0.576172 0.537109 0.574219 0.535156 0.574219 0.533203 0.576172 0.531250 0.580078 0.531250 0.583984 0.535156 0.583984 0.541016 0.585938 0.542969 0.585938 0.544922 0.587891 0.546875 0.587891 0.548828 0.589844 0.550781 0.589844 0.564453 0.587891 0.566406 0.585938 0.566406 0.585938 0.568359 0.583984 0.570312 0.580078 0.570312 0.580078 0.572266 0.578125 0.574219 0.578125 0.576172 0.576172 0.578125 0.576172 0.591797 0.580078 0.595703 0.582031 0.595703 0.583984 0.597656 0.583984 0.607422 0.587891 0.607422 0.589844 0.609375 0.601562 0.609375 0.603516 0.611328 0.603516 0.613281 0.605469 0.615234 0.605469 0.619141 0.607422 0.621094 0.607422 0.623047 0.609375 0.625000 0.609375 0.626953 0.605469 0.630859 0.603516 0.630859 0.601562 0.632812 0.599609 0.632812 0.599609 0.634766 0.595703 0.638672 0.595703 0.644531 0.593750 0.646484 0.591797 0.646484 0.582031 0.656250 0.582031 0.658203 0.574219 0.666016 0.574219 0.667969 0.572266 0.669922 0.568359 0.669922 0.566406 0.671875 0.564453 0.671875 0.562500 0.669922 0.562500 0.664062 0.564453 0.662109 0.564453 0.658203 0.568359 0.654297 0.568359 0.646484 0.564453 0.646484 0.562500 0.648438 0.558594 0.648438 0.558594 0.650391 0.556641 0.652344 0.554688 0.652344 0.550781 0.656250 0.548828 0.656250 0.546875 0.658203 0.544922 0.658203 0.542969 0.660156 0.537109 0.660156 0.535156 0.662109 0.533203 0.662109 0.529297 0.666016 0.523438 0.666016 0.519531 0.662109 0.519531 0.660156 0.517578 0.658203 0.517578 0.650391 0.515625 0.648438 0.515625 0.642578 0.517578 0.640625 0.517578 0.634766 0.519531 0.632812 0.519531 0.625000 0.517578 0.623047 0.517578 0.621094 0.515625 0.621094 0.513672 0.619141 0.513672 0.617188 0.511719 0.617188 0.507812 0.613281 0.503906 0.613281 0.501953 0.615234 0.500000 0.615234 0.500000 0.623047 0.496094 0.626953 0.490234 0.626953 0.486328 0.623047 0.486328 0.613281 0.488281 0.611328 0.488281 0.609375 0.490234 0.607422 0.490234 0.605469 0.496094 0.599609 0.498047 0.599609 0.498047 0.587891 0.496094 0.585938 0.496094 0.583984 0.494141 0.582031 0.494141 0.580078 0.492188 0.578125 0.490234 0.578125 0.484375 0.572266 0.480469 0.572266 0.478516 0.570312 0.476562 0.570312 0.468750 0.562500 0.466797 0.562500 0.464844 0.560547 0.455078 0.560547 0.453125 0.562500 0.449219 0.562500 0.447266 0.564453 0.445312 0.564453 0.443359 0.566406 0.439453 0.566406 0.437500 0.568359 0.429688 0.568359 0.427734 0.570312 0.423828 0.570312 0.421875 0.572266 0.417969 0.572266 0.416016 0.574219 0.414062 0.574219 0.414062 0.576172 0.412109 0.578125 0.412109 0.580078 0.414062 0.582031 0.414062 0.583984 0.416016 0.583984 0.417969 0.585938 0.421875 0.585938 0.423828 0.587891 0.433594 0.587891 0.435547 0.585938 0.441406 0.585938 0.443359 0.583984 0.445312 0.585938 0.445312 0.595703 0.443359 0.597656 0.441406 0.597656 0.443359 0.599609 0.439453 0.603516 0.437500 0.603516 0.435547 0.601562 0.423828 0.601562 0.419922 0.605469 0.419922 0.607422 0.416016 0.611328 0.416016 0.613281 0.414062 0.615234 0.414062 0.617188 0.412109 0.619141 0.412109 0.628906 0.410156 0.630859 0.406250 0.630859 0.404297 0.628906 0.394531 0.628906 0.386719 0.636719 0.386719 0.638672 0.384766 0.640625 0.382812 0.640625 0.382812 0.642578 0.380859 0.644531 0.378906 0.644531 0.378906 0.646484 0.376953 0.648438 0.375000 0.648438 0.375000 0.652344 0.373047 0.654297 0.373047 0.662109 0.375000 0.664062 0.376953 0.664062 0.378906 0.666016 0.378906 0.667969 0.380859 0.669922 0.382812 0.669922 0.388672 0.675781 0.388672 0.681641 0.390625 0.683594 0.390625 0.685547 0.394531 0.689453 0.392578 0.691406 0.392578 0.697266 0.390625 0.699219 0.384766 0.699219 0.382812 0.697266 0.380859 0.697266 0.378906 0.695312 0.369141 0.695312 0.369141 0.703125 0.367188 0.705078 0.367188 0.716797 0.371094 0.720703 0.371094 0.726562 0.373047 0.728516 0.375000 0.728516 0.376953 0.730469 0.378906 0.730469 0.380859 0.732422 0.382812 0.732422 0.384766 0.734375 0.384766 0.736328 0.386719 0.736328 0.390625 0.740234 0.396484 0.740234 0.398438 0.742188 0.412109 0.742188 0.414062 0.740234 0.416016 0.740234 0.417969 0.742188 0.417969 0.751953 0.425781 0.751953 0.431641 0.746094 0.435547 0.746094 0.437500 0.744141 0.439453 0.744141 0.441406 0.742188 0.445312 0.742188 0.447266 0.740234 0.449219 0.740234 0.451172 0.738281 0.453125 0.738281 0.453125 0.734375 0.455078 0.732422 0.457031 0.732422 0.460938 0.736328 0.468750 0.736328 0.470703 0.738281 0.472656 0.738281 0.474609 0.740234 0.498047 0.740234 0.500000 0.738281 0.501953 0.738281 0.503906 0.736328 0.505859 0.736328 0.505859 0.734375 0.511719 0.728516 0.513672 0.730469 0.515625 0.730469 0.517578 0.732422 0.517578 0.736328 0.519531 0.738281 0.523438 0.738281 0.525391 0.736328 0.525391 0.734375 0.531250 0.728516 0.537109 0.728516 0.541016 0.732422 0.541016 0.734375 0.542969 0.736328 0.542969 0.744141 0.537109 0.750000 0.535156 0.750000 0.535156 0.751953 0.533203 0.753906 0.531250 0.753906 0.531250 0.755859 0.529297 0.757812 0.527344 0.755859 0.525391 0.755859 0.523438 0.757812 0.517578 0.757812 0.515625 0.759766 0.515625 0.769531 0.519531 0.773438 0.519531 0.783203 0.521484 0.785156 0.521484 0.787109 0.523438 0.789062 0.523438 0.794922 0.531250 0.802734 0.531250 0.804688 0.535156 0.808594 0.537109 0.808594 0.541016 0.812500 0.554688 0.812500 0.556641 0.810547 0.558594 0.812500 0.558594 0.814453 0.552734 0.820312 0.552734 0.822266 0.550781 0.824219 0.550781 0.830078 0.548828 0.832031 0.546875 0.832031 0.544922 0.833984 0.544922 0.837891 0.539062 0.843750 0.539062 0.849609 0.537109 0.851562 0.537109 0.857422 0.535156 0.859375 0.535156 0.865234 0.533203 0.867188 0.533203 0.871094 0.531250 0.873047 0.531250 0.875000 0.527344 0.878906 0.519531 0.878906 0.511719 0.871094 0.511719 0.869141 0.507812 0.865234 0.503906 0.865234 0.490234 0.851562 0.488281 0.851562 0.484375 0.847656 0.482422 0.847656 0.478516 0.843750 0.476562 0.843750 0.470703 0.837891 0.470703 0.835938 0.468750 0.833984 0.468750 0.832031 0.466797 0.830078 0.466797 0.828125 0.464844 0.826172 0.460938 0.826172 0.460938 0.828125 0.458984 0.830078 0.458984 0.832031 0.451172 0.839844 0.451172 0.841797 0.445312 0.847656 0.445312 0.849609 0.443359 0.851562 0.441406 0.851562 0.439453 0.853516 0.435547 0.853516 0.431641 0.849609 0.431641 0.847656 0.427734 0.843750 0.421875 0.843750 0.419922 0.841797 0.419922 0.839844 0.417969 0.837891 0.417969 0.835938 0.406250 0.835938 0.404297 0.837891 0.402344 0.837891 0.402344 0.843750 0.404297 0.845703 0.404297 0.847656 0.402344 0.849609 0.402344 0.851562 0.400391 0.853516 0.398438 0.853516 0.398438 0.857422 0.396484 0.859375 0.394531 0.859375 0.390625 0.863281 0.382812 0.863281 0.380859 0.861328 0.380859 0.859375 0.375000 0.859375 0.373047 0.857422 0.373047 0.851562 0.371094 0.849609 0.371094 0.845703 0.369141 0.843750 0.363281 0.843750 0.361328 0.845703 0.353516 0.845703 0.351562 0.847656 0.349609 0.845703 0.349609 0.835938 0.347656 0.833984 0.347656 0.832031 0.341797 0.832031 0.337891 0.835938 0.337891 0.843750 0.339844 0.845703 0.339844 0.847656 0.341797 0.847656 0.343750 0.849609 0.345703 0.849609 0.347656 0.851562 0.345703 0.853516 0.345703 0.863281 0.349609 0.867188 0.349609 0.869141 0.351562 0.871094 0.353516 0.871094 0.355469 0.873047 0.355469 0.875000 0.357422 0.875000 0.361328 0.878906 0.361328 0.880859 0.359375 0.882812 0.357422 0.882812 0.353516 0.886719 0.351562 0.886719 0.343750 0.894531 0.343750 0.896484 0.341797 0.898438 0.337891 0.898438 0.335938 0.900391 0.333984 0.898438 0.328125 0.898438 0.322266 0.892578 0.322266 0.890625 0.320312 0.888672 0.314453 0.888672 0.312500 0.890625 0.312500 0.904297 0.314453 0.906250 0.314453 0.908203 0.312500 0.910156 0.308594 0.910156 0.306641 0.912109 0.306641 0.921875 0.310547 0.921875 0.316406 0.916016 0.318359 0.917969 0.318359 0.919922 0.322266 0.919922 0.322266 0.916016 0.324219 0.914062 0.326172 0.914062 0.333984 0.921875 0.333984 0.923828 0.335938 0.925781 0.335938 0.937500 0.339844 0.937500 0.341797 0.939453 0.349609 0.939453 0.351562 0.937500 0.353516 0.937500 0.361328 0.929688 0.378906 0.947266 0.371094 0.955078 0.369141 0.955078 0.365234 0.958984 0.361328 0.958984 0.359375 0.960938 0.357422 0.960938 0.355469 0.962891 0.347656 0.962891 0.345703 0.960938 0.337891 0.960938 0.335938 0.958984 0.332031 0.958984 0.330078 0.960938 0.330078 0.962891 0.328125 0.964844 0.328125 0.970703 0.330078 0.972656 0.330078 0.974609 0.328125 0.976562 0.328125 0.988281 0.332031 0.992188 0.992188 0.992188 0.992188 0.855469 0.990234 0.853516 0.988281 0.853516 0.986328 0.851562 0.986328 0.849609 0.984375 0.849609 0.976562 0.841797 0.974609 0.841797 0.972656 0.839844 0.968750 0.839844 0.966797 0.837891 0.966797 0.835938 0.962891 0.832031 0.962891 0.830078 0.960938 0.828125 0.960938 0.820312 0.958984 0.818359 0.958984 0.814453 0.957031 0.812500 0.957031 0.806641 0.955078 0.804688 0.955078 0.802734 0.953125 0.800781 0.953125 0.798828 0.951172 0.796875 0.951172 0.794922 0.945312 0.794922 0.943359 0.796875 0.941406 0.794922 0.941406 0.792969 0.939453 0.791016 0.943359 0.787109 0.943359 0.783203 0.945312 0.781250 0.947266 0.783203 0.949219 0.783203 0.951172 0.785156 0.958984 0.785156 0.960938 0.783203 0.966797 0.789062 0.966797 0.791016 0.968750 0.792969 0.972656 0.792969 0.974609 0.794922 0.986328 0.794922 0.988281 0.792969 0.988281 0.785156 0.984375 0.781250 0.984375 0.779297 0.982422 0.777344 0.982422 0.775391 0.980469 0.773438 0.978516 0.773438 0.976562 0.771484 0.964844 0.771484 0.962891 0.773438 0.960938 0.773438 0.960938 0.777344 0.958984 0.779297 0.955078 0.779297 0.953125 0.777344 0.949219 0.777344 0.945312 0.773438 0.945312 0.771484 0.943359 0.769531 0.943359 0.767578 0.939453 0.767578 0.933594 0.761719 0.931641 0.761719 0.929688 0.759766 0.929688 0.755859 0.931641 0.753906 0.931641 0.742188 0.933594 0.740234 0.935547 0.740234 0.937500 0.742188 0.945312 0.742188 0.947266 0.740234 0.953125 0.740234 0.955078 0.738281 0.957031 0.738281 0.960938 0.734375 0.960938 0.728516 0.964844 0.724609 0.964844 0.722656 0.966797 0.720703 0.966797 0.707031 0.964844 0.705078 0.966797 0.703125 0.968750 0.703125 0.968750 0.699219 0.972656 0.695312 0.972656 0.687500 0.970703 0.685547 0.970703 0.679688 0.968750 0.679688 0.966797 0.677734 0.966797 0.675781 0.972656 0.669922 0.974609 0.671875 0.976562 0.671875 0.978516 0.673828 0.982422 0.673828 0.984375 0.671875 0.984375 0.652344 0.982422 0.650391 0.980469 0.650391 0.978516 0.648438 0.968750 0.648438 0.966797 0.650391 0.966797 0.654297 0.964844 0.656250 0.964844 0.660156 0.960938 0.664062 0.955078 0.664062 0.951172 0.667969 0.951172 0.677734 0.955078 0.681641 0.955078 0.683594 0.953125 0.685547 0.949219 0.685547 0.947266 0.683594 0.945312 0.683594 0.941406 0.679688 0.941406 0.677734 0.939453 0.675781 0.941406 0.673828 0.941406 0.669922 0.939453 0.667969 0.939453 0.666016 0.937500 0.666016 0.935547 0.664062 0.933594 0.664062 0.931641 0.662109 0.931641 0.664062 0.929688 0.666016 0.929688 0.669922 0.925781 0.673828 0.921875 0.673828 0.919922 0.671875 0.919922 0.667969 0.917969 0.667969 0.917969 0.669922 0.914062 0.673828 0.912109 0.673828 0.906250 0.679688 0.904297 0.679688 0.902344 0.681641 0.898438 0.681641 0.892578 0.675781 0.892578 0.671875 0.894531 0.669922 0.900391 0.669922 0.902344 0.667969 0.904297 0.667969 0.906250 0.666016 0.910156 0.666016 0.912109 0.664062 0.916016 0.664062 0.916016 0.658203 0.919922 0.654297 0.927734 0.654297 0.929688 0.656250 0.931641 0.656250 0.933594 0.654297 0.939453 0.654297 0.941406 0.652344 0.945312 0.652344 0.945312 0.650391 0.949219 0.646484 0.958984 0.646484 0.958984 0.625000 0.960938 0.623047 0.962891 0.623047 0.966797 0.619141 0.966797 0.617188 0.968750 0.615234 0.968750 0.613281 0.970703 0.611328 0.970703 0.593750 0.972656 0.591797 0.976562 0.591797 0.980469 0.587891 0.986328 0.587891 0.986328 0.585938 0.988281 0.583984 0.988281 0.582031 0.990234 0.580078 0.992188 0.580078 0.992188 0.138672 0.990234 0.138672
0 0.640625 0.119141 0.640625 0.128906 0.644531 0.132812 0.644531 0.134766 0.650391 0.134766 0.650391 0.130859 0.648438 0.128906 0.648438 0.126953 0.644531 0.123047 0.644531 0.119141
0 0.992188 0.078125 0.988281 0.082031 0.988281 0.085938 0.984375 0.089844 0.984375 0.099609 0.992188 0.099609
0 0.121094 0.074219 0.121094 0.085938 0.126953 0.091797 0.126953 0.095703 0.128906 0.097656 0.128906 0.105469 0.130859 0.107422 0.130859 0.109375 0.132812 0.111328 0.134766 0.111328 0.136719 0.113281 0.146484 0.113281 0.148438 0.111328 0.150391 0.111328 0.152344 0.109375 0.156250 0.109375 0.158203 0.111328 0.160156 0.111328 0.164062 0.115234 0.173828 0.115234 0.175781 0.113281 0.177734 0.113281 0.179688 0.111328 0.179688 0.109375 0.183594 0.105469 0.185547 0.105469 0.183594 0.103516 0.183594 0.099609 0.179688 0.095703 0.179688 0.093750 0.177734 0.091797 0.177734 0.089844 0.173828 0.085938 0.167969 0.085938 0.166016 0.083984 0.166016 0.082031 0.164062 0.083984 0.164062 0.085938 0.162109 0.087891 0.162109 0.091797 0.160156 0.093750 0.160156 0.095703 0.158203 0.097656 0.156250 0.097656 0.154297 0.095703 0.154297 0.093750 0.152344 0.091797 0.150391 0.091797 0.146484 0.087891 0.144531 0.087891 0.132812 0.076172 0.130859 0.076172 0.128906 0.074219
0 0.939453 0.000000 0.937500 0.001953 0.937500 0.007812 0.941406 0.011719 0.941406 0.013672 0.945312 0.013672 0.947266 0.011719 0.949219 0.013672 0.949219 0.052734 0.953125 0.056641 0.953125 0.060547 0.949219 0.064453 0.949219 0.076172 0.958984 0.076172 0.960938 0.074219 0.962891 0.074219 0.962891 0.072266 0.964844 0.070312 0.966797 0.070312 0.970703 0.066406 0.974609 0.066406 0.978516 0.070312 0.986328 0.070312 0.990234 0.066406 0.990234 0.064453 0.992188 0.062500 0.992188 0.000000
0 0.175781 0.000000 0.175781 0.007812 0.173828 0.009766 0.173828 0.021484 0.175781 0.023438 0.175781 0.025391 0.173828 0.027344 0.173828 0.031250 0.171875 0.033203 0.171875 0.039062 0.169922 0.041016 0.167969 0.041016 0.167969 0.058594 0.169922 0.060547 0.169922 0.062500 0.171875 0.064453 0.171875 0.072266 0.173828 0.072266 0.175781 0.074219 0.175781 0.076172 0.177734 0.078125 0.179688 0.078125 0.187500 0.085938 0.187500 0.087891 0.191406 0.087891 0.195312 0.091797 0.197266 0.091797 0.199219 0.093750 0.201172 0.091797 0.205078 0.091797 0.208984 0.087891 0.210938 0.087891 0.212891 0.089844 0.214844 0.089844 0.216797 0.091797 0.216797 0.093750 0.220703 0.097656 0.220703 0.101562 0.222656 0.103516 0.222656 0.107422 0.220703 0.109375 0.216797 0.109375 0.214844 0.111328 0.214844 0.117188 0.218750 0.121094 0.218750 0.123047 0.220703 0.125000 0.220703 0.126953 0.224609 0.126953 0.226562 0.128906 0.226562 0.130859 0.228516 0.130859 0.230469 0.132812 0.230469 0.134766 0.232422 0.134766 0.234375 0.136719 0.234375 0.148438 0.232422 0.150391 0.230469 0.150391 0.230469 0.152344 0.226562 0.156250 0.220703 0.156250 0.218750 0.158203 0.207031 0.158203 0.201172 0.164062 0.199219 0.164062 0.199219 0.166016 0.197266 0.167969 0.197266 0.173828 0.201172 0.177734 0.201172 0.183594 0.199219 0.185547 0.193359 0.185547 0.189453 0.181641 0.179688 0.181641 0.177734 0.183594 0.175781 0.183594 0.173828 0.185547 0.164062 0.185547 0.162109 0.187500 0.156250 0.187500 0.150391 0.193359 0.150391 0.195312 0.148438 0.197266 0.148438 0.199219 0.146484 0.201172 0.146484 0.205078 0.144531 0.207031 0.142578 0.207031 0.140625 0.208984 0.140625 0.212891 0.138672 0.214844 0.126953 0.214844 0.125000 0.216797 0.121094 0.216797 0.121094 0.218750 0.117188 0.222656 0.117188 0.236328 0.125000 0.236328 0.128906 0.232422 0.132812 0.232422 0.134766 0.234375 0.134766 0.238281 0.130859 0.242188 0.130859 0.255859 0.126953 0.259766 0.121094 0.259766 0.115234 0.265625 0.117188 0.267578 0.117188 0.277344 0.121094 0.281250 0.121094 0.283203 0.123047 0.285156 0.123047 0.291016 0.121094 0.292969 0.121094 0.298828 0.125000 0.298828 0.128906 0.294922 0.128906 0.292969 0.130859 0.291016 0.134766 0.291016 0.136719 0.292969 0.136719 0.296875 0.138672 0.298828 0.138672 0.300781 0.144531 0.300781 0.144531 0.296875 0.146484 0.294922 0.146484 0.289062 0.150391 0.285156 0.152344 0.287109 0.152344 0.294922 0.156250 0.294922 0.162109 0.300781 0.162109 0.304688 0.158203 0.308594 0.152344 0.308594 0.150391 0.310547 0.144531 0.310547 0.142578 0.312500 0.125000 0.312500 0.125000 0.314453 0.123047 0.316406 0.121094 0.316406 0.119141 0.318359 0.119141 0.328125 0.117188 0.330078 0.117188 0.341797 0.119141 0.343750 0.123047 0.343750 0.125000 0.345703 0.136719 0.345703 0.138672 0.347656 0.138672 0.351562 0.142578 0.355469 0.142578 0.361328 0.140625 0.363281 0.140625 0.365234 0.136719 0.369141 0.128906 0.369141 0.126953 0.367188 0.123047 0.367188 0.117188 0.361328 0.117188 0.355469 0.087891 0.355469 0.085938 0.357422 0.085938 0.359375 0.074219 0.371094 0.072266 0.371094 0.072266 0.375000 0.074219 0.375000 0.076172 0.376953 0.078125 0.376953 0.080078 0.378906 0.080078 0.384766 0.078125 0.386719 0.078125 0.390625 0.076172 0.392578 0.074219 0.392578 0.072266 0.394531 0.070312 0.394531 0.064453 0.400391 0.056641 0.400391 0.054688 0.398438 0.054688 0.396484 0.052734 0.394531 0.052734 0.384766 0.050781 0.382812 0.050781 0.380859 0.048828 0.378906 0.048828 0.367188 0.046875 0.365234 0.046875 0.363281 0.044922 0.361328 0.041016 0.361328 0.039062 0.359375 0.037109 0.359375 0.037109 0.365234 0.033203 0.369141 0.023438 0.369141 0.021484 0.367188 0.021484 0.357422 0.023438 0.355469 0.021484 0.355469 0.017578 0.359375 0.011719 0.359375 0.011719 0.361328 0.007812 0.365234 0.007812 0.367188 0.005859 0.369141 0.005859 0.373047 0.003906 0.375000 0.003906 0.376953 0.001953 0.378906 0.000000 0.378906 0.000000 0.546875 0.001953 0.546875 0.005859 0.550781 0.005859 0.564453 0.007812 0.566406 0.007812 0.568359 0.013672 0.574219 0.015625 0.574219 0.017578 0.576172 0.021484 0.576172 0.037109 0.591797 0.039062 0.591797 0.039062 0.589844 0.041016 0.587891 0.048828 0.587891 0.050781 0.589844 0.052734 0.589844 0.054688 0.591797 0.060547 0.591797 0.062500 0.593750 0.066406 0.593750 0.068359 0.595703 0.083984 0.595703 0.083984 0.580078 0.082031 0.578125 0.076172 0.578125 0.074219 0.576172 0.072266 0.576172 0.068359 0.572266 0.076172 0.564453 0.076172 0.562500 0.078125 0.560547 0.078125 0.558594 0.080078 0.556641 0.080078 0.554688 0.082031 0.552734 0.083984 0.552734 0.083984 0.550781 0.087891 0.546875 0.087891 0.542969 0.089844 0.541016 0.091797 0.541016 0.091797 0.539062 0.093750 0.537109 0.095703 0.537109 0.095703 0.535156 0.099609 0.531250 0.097656 0.529297 0.099609 0.527344 0.099609 0.525391 0.101562 0.523438 0.103516 0.523438 0.103516 0.507812 0.099609 0.507812 0.097656 0.509766 0.091797 0.509766 0.089844 0.507812 0.089844 0.498047 0.091797 0.496094 0.091797 0.488281 0.083984 0.480469 0.083984 0.474609 0.085938 0.472656 0.085938 0.470703 0.087891 0.468750 0.091797 0.468750 0.095703 0.464844 0.095703 0.449219 0.097656 0.447266 0.097656 0.439453 0.103516 0.433594 0.103516 0.431641 0.105469 0.429688 0.105469 0.421875 0.103516 0.419922 0.109375 0.414062 0.113281 0.417969 0.109375 0.421875 0.111328 0.423828 0.111328 0.429688 0.109375 0.431641 0.109375 0.433594 0.105469 0.437500 0.105469 0.447266 0.109375 0.451172 0.111328 0.451172 0.113281 0.453125 0.113281 0.455078 0.115234 0.457031 0.115234 0.458984 0.117188 0.460938 0.117188 0.466797 0.119141 0.466797 0.121094 0.468750 0.123047 0.468750 0.123047 0.464844 0.125000 0.462891 0.126953 0.462891 0.130859 0.466797 0.126953 0.470703 0.128906 0.472656 0.128906 0.484375 0.134766 0.490234 0.136719 0.490234 0.140625 0.494141 0.140625 0.498047 0.142578 0.498047 0.144531 0.500000 0.144531 0.501953 0.148438 0.505859 0.150391 0.505859 0.152344 0.507812 0.152344 0.511719 0.154297 0.511719 0.156250 0.513672 0.156250 0.519531 0.154297 0.521484 0.154297 0.525391 0.152344 0.527344 0.152344 0.529297 0.146484 0.535156 0.146484 0.548828 0.148438 0.550781 0.150391 0.550781 0.152344 0.552734 0.152344 0.556641 0.158203 0.562500 0.158203 0.564453 0.160156 0.564453 0.162109 0.566406 0.166016 0.566406 0.169922 0.570312 0.167969 0.572266 0.167969 0.574219 0.164062 0.578125 0.164062 0.607422 0.166016 0.609375 0.166016 0.611328 0.167969 0.611328 0.169922 0.613281 0.169922 0.615234 0.173828 0.619141 0.173828 0.621094 0.181641 0.621094 0.181641 0.619141 0.183594 0.617188 0.183594 0.615234 0.187500 0.611328 0.189453 0.611328 0.191406 0.613281 0.191406 0.617188 0.201172 0.617188 0.203125 0.615234 0.207031 0.615234 0.210938 0.611328 0.212891 0.613281 0.212891 0.615234 0.218750 0.615234 0.222656 0.611328 0.226562 0.611328 0.228516 0.613281 0.228516 0.619141 0.238281 0.619141 0.242188 0.623047 0.242188 0.630859 0.240234 0.632812 0.238281 0.632812 0.236328 0.634766 0.234375 0.634766 0.232422 0.636719 0.232422 0.638672 0.226562 0.644531 0.226562 0.646484 0.222656 0.650391 0.222656 0.654297 0.230469 0.654297 0.232422 0.656250 0.232422 0.658203 0.230469 0.660156 0.230469 0.673828 0.226562 0.677734 0.226562 0.679688 0.224609 0.681641 0.216797 0.681641 0.214844 0.679688 0.212891 0.679688 0.210938 0.677734 0.207031 0.677734 0.201172 0.671875 0.183594 0.671875 0.183594 0.673828 0.181641 0.675781 0.179688 0.675781 0.179688 0.677734 0.175781 0.681641 0.175781 0.683594 0.173828 0.685547 0.173828 0.689453 0.175781 0.691406 0.175781 0.695312 0.173828 0.697266 0.173828 0.703125 0.171875 0.705078 0.164062 0.705078 0.164062 0.707031 0.162109 0.708984 0.162109 0.710938 0.158203 0.714844 0.156250 0.714844 0.148438 0.722656 0.148438 0.726562 0.150391 0.728516 0.150391 0.734375 0.152344 0.736328 0.152344 0.738281 0.156250 0.738281 0.158203 0.740234 0.162109 0.736328 0.162109 0.730469 0.164062 0.728516 0.164062 0.726562 0.166016 0.724609 0.177734 0.724609 0.181641 0.720703 0.181641 0.718750 0.179688 0.716797 0.179688 0.714844 0.177734 0.712891 0.179688 0.710938 0.185547 0.710938 0.185547 0.695312 0.187500 0.693359 0.189453 0.693359 0.191406 0.691406 0.193359 0.693359 0.203125 0.693359 0.205078 0.695312 0.207031 0.695312 0.214844 0.703125 0.214844 0.708984 0.216797 0.710938 0.216797 0.712891 0.218750 0.712891 0.222656 0.716797 0.224609 0.716797 0.226562 0.718750 0.236328 0.718750 0.238281 0.716797 0.240234 0.716797 0.240234 0.714844 0.242188 0.712891 0.244141 0.712891 0.244141 0.707031 0.246094 0.705078 0.248047 0.705078 0.248047 0.703125 0.250000 0.701172 0.248047 0.699219 0.248047 0.697266 0.250000 0.695312 0.250000 0.691406 0.251953 0.689453 0.251953 0.675781 0.253906 0.673828 0.267578 0.673828 0.269531 0.675781 0.269531 0.677734 0.271484 0.679688 0.271484 0.685547 0.283203 0.685547 0.285156 0.683594 0.287109 0.683594 0.291016 0.679688 0.292969 0.679688 0.294922 0.677734 0.300781 0.683594 0.300781 0.689453 0.310547 0.689453 0.310547 0.687500 0.314453 0.683594 0.316406 0.683594 0.322266 0.677734 0.322266 0.675781 0.324219 0.673828 0.324219 0.671875 0.326172 0.669922 0.328125 0.669922 0.330078 0.667969 0.330078 0.666016 0.333984 0.662109 0.333984 0.660156 0.332031 0.658203 0.332031 0.656250 0.328125 0.656250 0.326172 0.654297 0.328125 0.652344 0.328125 0.648438 0.330078 0.646484 0.333984 0.646484 0.335938 0.644531 0.345703 0.644531 0.347656 0.646484 0.347656 0.648438 0.355469 0.648438 0.357422 0.646484 0.357422 0.644531 0.359375 0.642578 0.359375 0.640625 0.363281 0.636719 0.371094 0.636719 0.375000 0.632812 0.376953 0.632812 0.378906 0.630859 0.378906 0.625000 0.376953 0.623047 0.373047 0.623047 0.371094 0.625000 0.363281 0.625000 0.361328 0.623047 0.361328 0.621094 0.359375 0.619141 0.359375 0.617188 0.357422 0.615234 0.363281 0.609375 0.363281 0.607422 0.365234 0.605469 0.365234 0.595703 0.361328 0.595703 0.355469 0.601562 0.351562 0.601562 0.349609 0.599609 0.349609 0.597656 0.339844 0.597656 0.337891 0.599609 0.335938 0.597656 0.332031 0.597656 0.330078 0.595703 0.330078 0.591797 0.339844 0.582031 0.339844 0.580078 0.343750 0.576172 0.345703 0.576172 0.347656 0.578125 0.347656 0.580078 0.349609 0.582031 0.349609 0.583984 0.351562 0.585938 0.353516 0.585938 0.355469 0.583984 0.355469 0.582031 0.357422 0.580078 0.357422 0.578125 0.359375 0.576172 0.359375 0.570312 0.361328 0.568359 0.361328 0.566406 0.357422 0.566406 0.353516 0.562500 0.351562 0.562500 0.349609 0.560547 0.349609 0.539062 0.347656 0.539062 0.345703 0.537109 0.339844 0.537109 0.337891 0.535156 0.332031 0.535156 0.330078 0.533203 0.328125 0.533203 0.326172 0.531250 0.324219 0.531250 0.322266 0.529297 0.322266 0.525391 0.320312 0.523438 0.320312 0.521484 0.318359 0.519531 0.310547 0.519531 0.302734 0.527344 0.298828 0.527344 0.296875 0.525391 0.296875 0.519531 0.298828 0.517578 0.298828 0.515625 0.304688 0.509766 0.308594 0.509766 0.312500 0.505859 0.312500 0.503906 0.318359 0.498047 0.320312 0.498047 0.328125 0.490234 0.328125 0.488281 0.330078 0.486328 0.330078 0.480469 0.328125 0.478516 0.326172 0.480469 0.316406 0.480469 0.314453 0.478516 0.314453 0.476562 0.312500 0.474609 0.312500 0.468750 0.316406 0.464844 0.316406 0.460938 0.312500 0.457031 0.312500 0.455078 0.310547 0.455078 0.308594 0.453125 0.308594 0.441406 0.310547 0.439453 0.310547 0.431641 0.312500 0.429688 0.316406 0.429688 0.314453 0.427734 0.318359 0.423828 0.318359 0.421875 0.320312 0.419922 0.320312 0.417969 0.322266 0.416016 0.326172 0.416016 0.326172 0.408203 0.328125 0.406250 0.328125 0.404297 0.330078 0.402344 0.330078 0.400391 0.332031 0.398438 0.330078 0.396484 0.330078 0.394531 0.328125 0.392578 0.328125 0.390625 0.326172 0.390625 0.324219 0.388672 0.324219 0.386719 0.322266 0.386719 0.320312 0.384766 0.318359 0.384766 0.314453 0.380859 0.312500 0.380859 0.308594 0.376953 0.308594 0.369141 0.310547 0.367188 0.312500 0.367188 0.312500 0.365234 0.316406 0.361328 0.314453 0.359375 0.314453 0.353516 0.312500 0.351562 0.312500 0.347656 0.308594 0.347656 0.306641 0.345703 0.302734 0.345703 0.300781 0.343750 0.298828 0.343750 0.296875 0.341797 0.281250 0.341797 0.275391 0.347656 0.269531 0.347656 0.267578 0.345703 0.267578 0.341797 0.271484 0.337891 0.271484 0.333984 0.273438 0.332031 0.273438 0.328125 0.275391 0.326172 0.275391 0.322266 0.269531 0.322266 0.267578 0.324219 0.265625 0.324219 0.255859 0.333984 0.255859 0.337891 0.253906 0.339844 0.250000 0.339844 0.250000 0.343750 0.248047 0.345703 0.246094 0.345703 0.244141 0.343750 0.244141 0.339844 0.242188 0.339844 0.240234 0.337891 0.226562 0.337891 0.224609 0.339844 0.222656 0.339844 0.220703 0.337891 0.220703 0.335938 0.222656 0.333984 0.222656 0.328125 0.224609 0.326172 0.228516 0.326172 0.236328 0.318359 0.244141 0.318359 0.244141 0.316406 0.250000 0.310547 0.251953 0.310547 0.253906 0.308594 0.257812 0.308594 0.259766 0.306641 0.273438 0.306641 0.273438 0.304688 0.275391 0.302734 0.277344 0.302734 0.279297 0.300781 0.283203 0.300781 0.285156 0.298828 0.287109 0.298828 0.289062 0.296875 0.291016 0.296875 0.292969 0.294922 0.302734 0.294922 0.302734 0.285156 0.298828 0.281250 0.298828 0.275391 0.302734 0.271484 0.302734 0.269531 0.300781 0.269531 0.298828 0.267578 0.298828 0.265625 0.296875 0.263672 0.296875 0.261719 0.291016 0.261719 0.289062 0.259766 0.289062 0.257812 0.291016 0.255859 0.291016 0.250000 0.296875 0.244141 0.298828 0.244141 0.300781 0.246094 0.302734 0.246094 0.304688 0.248047 0.310547 0.248047 0.314453 0.251953 0.314453 0.253906 0.316406 0.255859 0.324219 0.255859 0.326172 0.253906 0.330078 0.253906 0.332031 0.251953 0.333984 0.251953 0.333984 0.250000 0.335938 0.248047 0.339844 0.248047 0.339844 0.246094 0.345703 0.240234 0.347656 0.240234 0.357422 0.230469 0.359375 0.230469 0.361328 0.228516 0.361328 0.207031 0.367188 0.201172 0.369141 0.201172 0.369141 0.199219 0.371094 0.197266 0.380859 0.197266 0.382812 0.199219 0.384766 0.199219 0.386719 0.201172 0.386719 0.203125 0.388672 0.203125 0.390625 0.205078 0.390625 0.208984 0.394531 0.212891 0.396484 0.212891 0.398438 0.214844 0.398438 0.220703 0.400391 0.220703 0.402344 0.222656 0.402344 0.224609 0.404297 0.224609 0.404297 0.220703 0.406250 0.218750 0.408203 0.218750 0.410156 0.220703 0.421875 0.220703 0.423828 0.222656 0.443359 0.222656 0.445312 0.224609 0.451172 0.224609 0.455078 0.228516 0.457031 0.228516 0.460938 0.224609 0.462891 0.224609 0.464844 0.222656 0.466797 0.222656 0.466797 0.220703 0.468750 0.218750 0.468750 0.216797 0.470703 0.214844 0.470703 0.212891 0.474609 0.208984 0.476562 0.208984 0.478516 0.207031 0.480469 0.207031 0.484375 0.203125 0.484375 0.201172 0.486328 0.199219 0.488281 0.199219 0.494141 0.193359 0.496094 0.193359 0.500000 0.189453 0.501953 0.189453 0.503906 0.187500 0.507812 0.187500 0.511719 0.191406 0.517578 0.191406 0.517578 0.189453 0.519531 0.187500 0.519531 0.177734 0.523438 0.173828 0.527344 0.173828 0.529297 0.171875 0.537109 0.171875 0.542969 0.166016 0.544922 0.166016 0.544922 0.164062 0.558594 0.150391 0.562500 0.150391 0.564453 0.148438 0.566406 0.148438 0.572266 0.142578 0.574219 0.142578 0.585938 0.130859 0.585938 0.128906 0.587891 0.126953 0.587891 0.121094 0.589844 0.119141 0.607422 0.119141 0.609375 0.117188 0.615234 0.117188 0.621094 0.111328 0.642578 0.111328 0.644531 0.113281 0.652344 0.113281 0.654297 0.111328 0.654297 0.109375 0.656250 0.107422 0.658203 0.107422 0.658203 0.105469 0.664062 0.099609 0.666016 0.099609 0.669922 0.095703 0.671875 0.095703 0.673828 0.093750 0.673828 0.089844 0.675781 0.087891 0.675781 0.082031 0.677734 0.080078 0.677734 0.078125 0.675781 0.076172 0.677734 0.074219 0.675781 0.074219 0.673828 0.072266 0.673828 0.070312 0.669922 0.066406 0.669922 0.062500 0.666016 0.058594 0.666016 0.056641 0.664062 0.054688 0.664062 0.050781 0.666016 0.048828 0.669922 0.048828 0.671875 0.050781 0.671875 0.056641 0.673828 0.058594 0.675781 0.058594 0.677734 0.060547 0.689453 0.060547 0.693359 0.056641 0.697266 0.056641 0.699219 0.054688 0.701172 0.054688 0.701172 0.042969 0.703125 0.041016 0.710938 0.041016 0.714844 0.044922 0.714844 0.048828 0.716797 0.048828 0.718750 0.046875 0.724609 0.046875 0.726562 0.048828 0.726562 0.054688 0.728516 0.056641 0.730469 0.056641 0.734375 0.060547 0.734375 0.062500 0.742188 0.062500 0.744141 0.060547 0.744141 0.050781 0.742188 0.048828 0.742188 0.046875 0.746094 0.042969 0.746094 0.039062 0.748047 0.037109 0.748047 0.035156 0.750000 0.033203 0.751953 0.033203 0.753906 0.035156 0.753906 0.037109 0.759766 0.037109 0.761719 0.039062 0.761719 0.064453 0.757812 0.068359 0.753906 0.068359 0.751953 0.070312 0.751953 0.082031 0.755859 0.085938 0.755859 0.087891 0.761719 0.093750 0.761719 0.095703 0.759766 0.097656 0.759766 0.101562 0.757812 0.103516 0.757812 0.111328 0.755859 0.113281 0.753906 0.113281 0.753906 0.115234 0.751953 0.117188 0.753906 0.119141 0.751953 0.121094 0.750000 0.121094 0.750000 0.125000 0.748047 0.126953 0.746094 0.126953 0.744141 0.128906 0.742188 0.128906 0.742188 0.146484 0.740234 0.148438 0.740234 0.150391 0.738281 0.152344 0.738281 0.154297 0.740234 0.154297 0.742188 0.156250 0.742188 0.158203 0.744141 0.158203 0.746094 0.160156 0.746094 0.162109 0.748047 0.164062 0.748047 0.166016 0.750000 0.167969 0.750000 0.177734 0.753906 0.177734 0.757812 0.181641 0.761719 0.181641 0.763672 0.183594 0.767578 0.183594 0.771484 0.187500 0.771484 0.189453 0.773438 0.191406 0.773438 0.212891 0.771484 0.214844 0.769531 0.214844 0.769531 0.220703 0.765625 0.224609 0.765625 0.226562 0.759766 0.232422 0.753906 0.232422 0.748047 0.238281 0.746094 0.236328 0.746094 0.234375 0.748047 0.232422 0.748047 0.228516 0.746094 0.228516 0.744141 0.230469 0.742188 0.230469 0.740234 0.232422 0.740234 0.234375 0.736328 0.238281 0.736328 0.246094 0.744141 0.253906 0.748047 0.253906 0.748047 0.248047 0.746094 0.246094 0.748047 0.244141 0.753906 0.244141 0.755859 0.246094 0.761719 0.246094 0.767578 0.240234 0.767578 0.238281 0.771484 0.234375 0.785156 0.234375 0.792969 0.242188 0.794922 0.242188 0.796875 0.244141 0.798828 0.244141 0.800781 0.242188 0.802734 0.242188 0.808594 0.236328 0.810547 0.236328 0.818359 0.244141 0.818359 0.246094 0.824219 0.246094 0.826172 0.244141 0.830078 0.244141 0.830078 0.242188 0.832031 0.240234 0.832031 0.238281 0.833984 0.236328 0.833984 0.224609 0.830078 0.220703 0.830078 0.218750 0.832031 0.216797 0.833984 0.216797 0.833984 0.214844 0.835938 0.212891 0.839844 0.212891 0.839844 0.205078 0.843750 0.201172 0.849609 0.201172 0.853516 0.197266 0.855469 0.197266 0.855469 0.193359 0.859375 0.189453 0.861328 0.189453 0.861328 0.187500 0.865234 0.183594 0.871094 0.183594 0.873047 0.185547 0.873047 0.187500 0.875000 0.189453 0.875000 0.191406 0.876953 0.193359 0.876953 0.195312 0.878906 0.197266 0.878906 0.208984 0.888672 0.208984 0.890625 0.210938 0.892578 0.210938 0.894531 0.212891 0.896484 0.212891 0.896484 0.205078 0.900391 0.201172 0.902344 0.201172 0.904297 0.199219 0.908203 0.199219 0.912109 0.195312 0.912109 0.191406 0.914062 0.189453 0.917969 0.189453 0.919922 0.187500 0.923828 0.187500 0.923828 0.185547 0.925781 0.183594 0.925781 0.181641 0.931641 0.175781 0.935547 0.175781 0.935547 0.169922 0.939453 0.166016 0.943359 0.166016 0.943359 0.150391 0.945312 0.148438 0.947266 0.148438 0.947266 0.132812 0.945312 0.132812 0.943359 0.130859 0.943359 0.128906 0.933594 0.128906 0.931641 0.126953 0.931641 0.113281 0.929688 0.113281 0.927734 0.111328 0.927734 0.109375 0.925781 0.109375 0.923828 0.107422 0.923828 0.101562 0.921875 0.101562 0.919922 0.099609 0.919922 0.097656 0.916016 0.097656 0.914062 0.099609 0.912109 0.099609 0.908203 0.103516 0.906250 0.103516 0.904297 0.105469 0.898438 0.105469 0.896484 0.103516 0.894531 0.103516 0.892578 0.101562 0.892578 0.093750 0.894531 0.091797 0.894531 0.089844 0.896484 0.087891 0.896484 0.083984 0.898438 0.082031 0.898438 0.076172 0.896484 0.074219 0.882812 0.074219 0.880859 0.072266 0.875000 0.072266 0.873047 0.070312 0.873047 0.052734 0.871094 0.050781 0.871094 0.039062 0.869141 0.037109 0.869141 0.015625 0.867188 0.015625 0.865234 0.013672 0.865234 0.011719 0.863281 0.011719 0.861328 0.009766 0.861328 0.005859 0.859375 0.005859 0.857422 0.003906 0.855469 0.003906 0.851562 0.000000 0.462891 0.000000 0.462891 0.003906 0.457031 0.009766 0.457031 0.017578 0.455078 0.019531 0.453125 0.019531 0.453125 0.021484 0.451172 0.023438 0.449219 0.023438 0.447266 0.021484 0.445312 0.021484 0.443359 0.019531 0.441406 0.019531 0.435547 0.025391 0.435547 0.027344 0.431641 0.031250 0.431641 0.033203 0.427734 0.037109 0.427734 0.044922 0.429688 0.046875 0.429688 0.048828 0.431641 0.050781 0.429688 0.052734 0.427734 0.052734 0.425781 0.054688 0.423828 0.054688 0.421875 0.056641 0.421875 0.058594 0.417969 0.062500 0.417969 0.066406 0.416016 0.068359 0.416016 0.072266 0.414062 0.074219 0.410156 0.074219 0.408203 0.076172 0.398438 0.076172 0.396484 0.074219 0.394531 0.074219 0.394531 0.083984 0.392578 0.085938 0.392578 0.087891 0.390625 0.089844 0.390625 0.091797 0.388672 0.093750 0.386719 0.093750 0.386719 0.101562 0.382812 0.105469 0.382812 0.111328 0.380859 0.113281 0.378906 0.113281 0.378906 0.115234 0.376953 0.117188 0.375000 0.117188 0.375000 0.121094 0.373047 0.123047 0.373047 0.136719 0.375000 0.136719 0.376953 0.138672 0.378906 0.138672 0.380859 0.140625 0.386719 0.140625 0.388672 0.142578 0.384766 0.146484 0.382812 0.146484 0.380859 0.148438 0.380859 0.150391 0.378906 0.152344 0.378906 0.154297 0.373047 0.160156 0.369141 0.160156 0.369141 0.162109 0.367188 0.164062 0.363281 0.164062 0.359375 0.167969 0.359375 0.171875 0.357422 0.173828 0.355469 0.173828 0.355469 0.179688 0.353516 0.181641 0.347656 0.181641 0.345703 0.183594 0.337891 0.183594 0.335938 0.181641 0.333984 0.181641 0.332031 0.179688 0.332031 0.177734 0.333984 0.175781 0.333984 0.167969 0.335938 0.166016 0.335938 0.160156 0.339844 0.156250 0.347656 0.156250 0.351562 0.152344 0.351562 0.150391 0.355469 0.146484 0.355469 0.144531 0.359375 0.140625 0.361328 0.140625 0.361328 0.128906 0.359375 0.128906 0.357422 0.126953 0.357422 0.109375 0.359375 0.107422 0.359375 0.101562 0.361328 0.099609 0.361328 0.093750 0.363281 0.091797 0.363281 0.080078 0.361328 0.080078 0.359375 0.078125 0.359375 0.076172 0.357422 0.076172 0.355469 0.074219 0.347656 0.074219 0.345703 0.072266 0.339844 0.072266 0.337891 0.070312 0.337891 0.062500 0.333984 0.062500 0.330078 0.066406 0.324219 0.066406 0.322266 0.064453 0.322266 0.050781 0.324219 0.048828 0.324219 0.035156 0.322266 0.033203 0.322266 0.029297 0.320312 0.027344 0.320312 0.023438 0.318359 0.021484 0.316406 0.021484 0.314453 0.019531 0.314453 0.007812 0.318359 0.003906 0.318359 0.000000 0.292969 0.000000 0.292969 0.005859 0.291016 0.007812 0.291016 0.009766 0.289062 0.011719 0.289062 0.013672 0.287109 0.015625 0.279297 0.015625 0.277344 0.013672 0.273438 0.013672 0.271484 0.011719 0.269531 0.011719 0.267578 0.009766 0.267578 0.007812 0.265625 0.005859 0.263672 0.005859 0.261719 0.003906 0.255859 0.003906 0.253906 0.001953 0.255859 0.000000