0 0.578125 0.988281 0.576172 0.990234 0.576172 0.992188 0.580078 0.992188 0.580078 0.988281
0 0.732422 0.986328 0.732422 0.988281 0.728516 0.992188 0.726562 0.992188 0.738281 0.992188 0.738281 0.988281 0.736328 0.988281 0.734375 0.986328
0 0.421875 0.904297 0.421875 0.908203 0.425781 0.912109 0.425781 0.914062 0.427734 0.916016 0.427734 0.921875 0.439453 0.921875 0.441406 0.923828 0.441406 0.925781 0.443359 0.925781 0.445312 0.923828 0.447266 0.923828 0.447266 0.917969 0.445312 0.916016 0.445312 0.914062 0.441406 0.910156 0.435547 0.910156 0.429688 0.904297
0 0.761719 0.902344 0.761719 0.908203 0.757812 0.912109 0.757812 0.916016 0.751953 0.921875 0.751953 0.929688 0.753906 0.931641 0.753906 0.933594 0.755859 0.935547 0.755859 0.937500 0.753906 0.939453 0.755859 0.939453 0.757812 0.941406 0.755859 0.943359 0.755859 0.947266 0.763672 0.947266 0.767578 0.943359 0.767578 0.937500 0.765625 0.937500 0.763672 0.935547 0.763672 0.933594 0.767578 0.929688 0.767578 0.927734 0.769531 0.925781 0.769531 0.917969 0.767578 0.916016 0.767578 0.910156 0.771484 0.906250 0.769531 0.904297 0.769531 0.902344
0 0.250000 0.890625 0.250000 0.892578 0.248047 0.894531 0.248047 0.900391 0.246094 0.902344 0.246094 0.904297 0.244141 0.906250 0.242188 0.906250 0.240234 0.904297 0.236328 0.904297 0.234375 0.906250 0.234375 0.912109 0.232422 0.914062 0.232422 0.921875 0.230469 0.923828 0.230469 0.925781 0.234375 0.929688 0.234375 0.931641 0.228516 0.937500 0.226562 0.937500 0.226562 0.939453 0.224609 0.941406 0.222656 0.941406 0.220703 0.943359 0.220703 0.945312 0.218750 0.947266 0.216797 0.947266 0.214844 0.949219 0.207031 0.949219 0.205078 0.947266 0.205078 0.945312 0.207031 0.943359 0.207031 0.941406 0.205078 0.939453 0.203125 0.939453 0.201172 0.941406 0.197266 0.941406 0.195312 0.943359 0.193359 0.943359 0.191406 0.945312 0.189453 0.945312 0.187500 0.947266 0.185547 0.945312 0.185547 0.939453 0.189453 0.935547 0.187500 0.935547 0.185547 0.933594 0.185547 0.931641 0.183594 0.931641 0.181641 0.929688 0.179688 0.929688 0.177734 0.927734 0.171875 0.927734 0.169922 0.925781 0.167969 0.925781 0.166016 0.927734 0.164062 0.927734 0.160156 0.931641 0.158203 0.929688 0.154297 0.929688 0.152344 0.931641 0.150391 0.931641 0.148438 0.933594 0.146484 0.933594 0.144531 0.935547 0.142578 0.935547 0.142578 0.937500 0.138672 0.941406 0.136719 0.941406 0.134766 0.943359 0.125000 0.943359 0.125000 0.947266 0.123047 0.949219 0.119141 0.949219 0.117188 0.951172 0.117188 0.955078 0.111328 0.960938 0.109375 0.960938 0.109375 0.964844 0.107422 0.966797 0.105469 0.964844 0.105469 0.980469 0.103516 0.982422 0.103516 0.986328 0.105469 0.988281 0.105469 0.992188 0.140625 0.992188 0.144531 0.988281 0.144531 0.984375 0.146484 0.982422 0.154297 0.982422 0.156250 0.984375 0.156250 0.986328 0.158203 0.988281 0.158203 0.992188 0.304688 0.992188 0.304688 0.988281 0.306641 0.986328 0.306641 0.982422 0.304688 0.980469 0.304688 0.974609 0.302734 0.972656 0.304688 0.970703 0.302734 0.968750 0.302734 0.958984 0.306641 0.955078 0.308594 0.955078 0.308594 0.953125 0.314453 0.947266 0.314453 0.937500 0.308594 0.937500 0.306641 0.935547 0.306641 0.931641 0.304688 0.929688 0.304688 0.927734 0.298828 0.921875 0.298828 0.919922 0.296875 0.917969 0.296875 0.916016 0.291016 0.910156 0.291016 0.908203 0.291016 0.910156 0.289062 0.912109 0.287109 0.910156 0.283203 0.910156 0.279297 0.914062 0.267578 0.914062 0.265625 0.912109 0.263672 0.912109 0.261719 0.910156 0.261719 0.908203 0.259766 0.906250 0.261719 0.904297 0.261719 0.898438 0.259766 0.896484 0.259766 0.894531 0.255859 0.894531 0.253906 0.896484 0.250000 0.892578
0 0.777344 0.863281 0.773438 0.867188 0.769531 0.867188 0.771484 0.869141 0.771484 0.871094 0.773438 0.873047 0.773438 0.875000 0.775391 0.876953 0.781250 0.876953 0.783203 0.878906 0.783203 0.880859 0.785156 0.882812 0.791016 0.882812 0.796875 0.888672 0.806641 0.888672 0.808594 0.886719 0.810547 0.888672 0.810547 0.886719 0.812500 0.884766 0.812500 0.882812 0.814453 0.880859 0.816406 0.880859 0.818359 0.878906 0.818359 0.867188 0.808594 0.867188 0.804688 0.863281 0.802734 0.863281 0.800781 0.865234 0.798828 0.865234 0.796875 0.867188 0.794922 0.867188 0.792969 0.865234 0.789062 0.865234 0.787109 0.863281 0.785156 0.863281 0.783203 0.865234 0.781250 0.865234 0.779297 0.863281
0 0.445312 0.726562 0.441406 0.730469 0.439453 0.728516 0.437500 0.730469 0.431641 0.730469 0.429688 0.732422 0.429688 0.738281 0.431641 0.738281 0.433594 0.740234 0.437500 0.740234 0.441406 0.744141 0.451172 0.744141 0.453125 0.742188 0.453125 0.738281 0.449219 0.734375 0.451172 0.732422 0.451172 0.730469 0.449219 0.728516 0.451172 0.726562
0 0.484375 0.708984 0.484375 0.712891 0.480469 0.716797 0.478516 0.714844 0.478516 0.712891 0.474609 0.712891 0.472656 0.714844 0.470703 0.714844 0.468750 0.712891 0.462891 0.712891 0.462891 0.718750 0.466797 0.722656 0.466797 0.724609 0.468750 0.726562 0.468750 0.736328 0.470703 0.736328 0.472656 0.738281 0.472656 0.740234 0.474609 0.742188 0.472656 0.744141 0.472656 0.750000 0.474609 0.751953 0.484375 0.751953 0.484375 0.750000 0.486328 0.748047 0.486328 0.738281 0.488281 0.736328 0.490234 0.736328 0.490234 0.726562 0.488281 0.724609 0.490234 0.722656 0.490234 0.716797 0.492188 0.714844 0.494141 0.716797 0.494141 0.714844 0.492188 0.712891 0.492188 0.710938 0.490234 0.708984
0 0.767578 0.642578 0.765625 0.644531 0.765625 0.646484 0.763672 0.648438 0.763672 0.650391 0.761719 0.652344 0.761719 0.656250 0.763672 0.656250 0.765625 0.654297 0.767578 0.654297 0.771484 0.650391 0.771484 0.644531 0.769531 0.642578
0 0.904297 0.570312 0.900391 0.574219 0.896484 0.574219 0.892578 0.578125 0.892578 0.582031 0.886719 0.587891 0.892578 0.587891 0.894531 0.585938 0.894531 0.583984 0.896484 0.582031 0.900391 0.582031 0.900391 0.580078 0.904297 0.576172 0.906250 0.576172 0.908203 0.574219 0.910156 0.574219 0.912109 0.572266 0.912109 0.570312 0.908203 0.570312 0.906250 0.572266
0 0.947266 0.515625 0.947266 0.517578 0.949219 0.519531 0.949219 0.521484 0.951172 0.521484 0.955078 0.517578 0.949219 0.517578
0 0.992188 0.242188 0.992188 0.244141 0.990234 0.246094 0.986328 0.246094 0.984375 0.244141 0.984375 0.246094 0.980469 0.250000 0.980469 0.253906 0.976562 0.257812 0.978516 0.259766 0.978516 0.261719 0.980469 0.261719 0.982422 0.263672 0.986328 0.263672 0.990234 0.267578 0.992188 0.267578
0 0.945312 0.234375 0.945312 0.236328 0.943359 0.238281 0.943359 0.244141 0.945312 0.246094 0.945312 0.248047 0.945312 0.246094 0.949219 0.242188 0.953125 0.242188 0.953125 0.238281 0.951172 0.236328 0.949219 0.236328 0.947266 0.234375
0 0.835938 0.234375 0.835938 0.236328 0.832031 0.240234 0.830078 0.240234 0.828125 0.242188 0.818359 0.242188 0.818359 0.244141 0.816406 0.246094 0.814453 0.246094 0.812500 0.244141 0.812500 0.240234 0.808594 0.244141 0.806641 0.242188 0.806641 0.238281 0.804688 0.236328 0.802734 0.236328 0.800781 0.238281 0.796875 0.238281 0.796875 0.240234 0.798828 0.242188 0.796875 0.244141 0.796875 0.248047 0.798828 0.248047 0.808594 0.257812 0.808594 0.259766 0.810547 0.259766 0.812500 0.261719 0.814453 0.261719 0.816406 0.263672 0.820312 0.263672 0.822266 0.265625 0.826172 0.265625 0.826172 0.261719 0.828125 0.259766 0.830078 0.259766 0.832031 0.261719 0.833984 0.261719 0.835938 0.263672 0.835938 0.267578 0.839844 0.271484 0.839844 0.275391 0.841797 0.275391 0.843750 0.277344 0.843750 0.283203 0.849609 0.289062 0.845703 0.292969 0.845703 0.296875 0.849609 0.296875 0.849609 0.294922 0.853516 0.291016 0.853516 0.289062 0.855469 0.287109 0.855469 0.285156 0.857422 0.283203 0.857422 0.281250 0.859375 0.279297 0.861328 0.279297 0.861328 0.277344 0.863281 0.275391 0.865234 0.277344 0.865234 0.279297 0.876953 0.279297 0.876953 0.277344 0.882812 0.271484 0.884766 0.273438 0.884766 0.267578 0.882812 0.265625 0.882812 0.257812 0.878906 0.253906 0.876953 0.253906 0.873047 0.250000 0.867188 0.250000 0.865234 0.248047 0.865234 0.246094 0.863281 0.244141 0.863281 0.242188 0.861328 0.242188 0.859375 0.240234 0.855469 0.240234 0.853516 0.238281 0.851562 0.238281 0.851562 0.240234 0.847656 0.244141 0.843750 0.240234 0.841797 0.242188 0.837891 0.238281 0.837891 0.236328
0 0.480469 0.232422 0.478516 0.234375 0.476562 0.234375 0.472656 0.238281 0.468750 0.238281 0.468750 0.240234 0.466797 0.242188 0.466797 0.244141 0.464844 0.246094 0.464844 0.248047 0.462891 0.250000 0.460938 0.250000 0.458984 0.251953 0.458984 0.259766 0.460938 0.261719 0.460938 0.263672 0.458984 0.265625 0.457031 0.265625 0.457031 0.267578 0.460938 0.267578 0.468750 0.259766 0.474609 0.259766 0.476562 0.261719 0.476562 0.263672 0.478516 0.265625 0.482422 0.261719 0.482422 0.257812 0.484375 0.255859 0.486328 0.255859 0.486328 0.253906 0.488281 0.251953 0.490234 0.251953 0.490234 0.234375 0.488281 0.232422
0 0.751953 0.224609 0.748047 0.228516 0.742188 0.228516 0.738281 0.232422 0.734375 0.232422 0.730469 0.236328 0.724609 0.236328 0.722656 0.238281 0.720703 0.238281 0.718750 0.236328 0.716797 0.236328 0.712891 0.232422 0.703125 0.232422 0.701172 0.234375 0.701172 0.244141 0.703125 0.246094 0.712891 0.246094 0.714844 0.248047 0.714844 0.250000 0.722656 0.250000 0.724609 0.248047 0.726562 0.248047 0.728516 0.250000 0.728516 0.251953 0.732422 0.251953 0.734375 0.250000 0.734375 0.248047 0.740234 0.242188 0.748047 0.242188 0.751953 0.246094 0.757812 0.246094 0.763672 0.240234 0.763672 0.238281 0.765625 0.236328 0.771484 0.236328 0.769531 0.236328 0.767578 0.234375 0.767578 0.228516 0.765625 0.226562 0.765625 0.224609 0.759766 0.224609 0.757812 0.226562 0.755859 0.224609
0 0.951172 0.212891 0.951172 0.216797 0.955078 0.216797 0.957031 0.218750 0.957031 0.222656 0.960938 0.222656 0.960938 0.216797 0.957031 0.216797 0.955078 0.214844 0.955078 0.212891
0 0.992188 0.183594 0.990234 0.185547 0.988281 0.185547 0.988281 0.187500 0.986328 0.189453 0.984375 0.189453 0.982422 0.187500 0.980469 0.187500 0.978516 0.189453 0.978516 0.191406 0.976562 0.193359 0.978516 0.193359 0.980469 0.195312 0.988281 0.195312 0.992188 0.199219
0 0.914062 0.140625 0.914062 0.144531 0.912109 0.146484 0.912109 0.148438 0.910156 0.150391 0.910156 0.152344 0.912109 0.152344 0.914062 0.154297 0.914062 0.156250 0.917969 0.160156 0.927734 0.160156 0.929688 0.158203 0.929688 0.156250 0.931641 0.154297 0.931641 0.150391 0.933594 0.148438 0.937500 0.148438 0.939453 0.150391 0.939453 0.154297 0.945312 0.154297 0.945312 0.152344 0.943359 0.150391 0.943359 0.148438 0.937500 0.148438 0.933594 0.144531 0.933594 0.142578 0.929688 0.142578 0.927734 0.140625 0.923828 0.140625 0.921875 0.142578 0.919922 0.140625
0 0.451172 0.099609 0.451172 0.103516 0.447266 0.107422 0.447266 0.113281 0.445312 0.115234 0.445312 0.119141 0.443359 0.121094 0.443359 0.125000 0.441406 0.126953 0.441406 0.130859 0.439453 0.132812 0.441406 0.134766 0.441406 0.136719 0.437500 0.140625 0.437500 0.148438 0.435547 0.150391 0.437500 0.152344 0.437500 0.158203 0.431641 0.164062 0.427734 0.160156 0.423828 0.160156 0.423828 0.162109 0.421875 0.164062 0.421875 0.166016 0.419922 0.167969 0.417969 0.167969 0.417969 0.171875 0.416016 0.173828 0.414062 0.173828 0.412109 0.175781 0.410156 0.175781 0.410156 0.181641 0.408203 0.183594 0.404297 0.183594 0.400391 0.187500 0.378906 0.187500 0.378906 0.193359 0.376953 0.195312 0.367188 0.195312 0.367188 0.197266 0.365234 0.199219 0.363281 0.199219 0.363281 0.201172 0.361328 0.203125 0.363281 0.205078 0.363281 0.210938 0.365234 0.212891 0.363281 0.214844 0.363281 0.218750 0.365234 0.220703 0.373047 0.220703 0.375000 0.222656 0.375000 0.232422 0.382812 0.232422 0.384766 0.234375 0.384766 0.236328 0.388672 0.236328 0.390625 0.234375 0.392578 0.234375 0.394531 0.232422 0.396484 0.232422 0.396484 0.230469 0.398438 0.228516 0.400391 0.228516 0.402344 0.230469 0.402344 0.232422 0.408203 0.232422 0.408203 0.230469 0.410156 0.228516 0.414062 0.228516 0.419922 0.234375 0.419922 0.236328 0.421875 0.238281 0.427734 0.232422 0.431641 0.232422 0.435547 0.236328 0.437500 0.236328 0.439453 0.234375 0.441406 0.234375 0.443359 0.232422 0.451172 0.232422 0.451172 0.226562 0.453125 0.224609 0.455078 0.224609 0.455078 0.222656 0.457031 0.220703 0.458984 0.222656 0.458984 0.224609 0.460938 0.226562 0.460938 0.224609 0.464844 0.220703 0.466797 0.220703 0.468750 0.218750 0.470703 0.220703 0.474609 0.220703 0.474609 0.218750 0.476562 0.216797 0.478516 0.218750 0.478516 0.220703 0.478516 0.201172 0.476562 0.199219 0.476562 0.197266 0.478516 0.195312 0.484375 0.195312 0.486328 0.197266 0.501953 0.197266 0.503906 0.199219 0.513672 0.199219 0.515625 0.197266 0.517578 0.197266 0.519531 0.195312 0.519531 0.185547 0.521484 0.183594 0.525391 0.183594 0.527344 0.181641 0.525391 0.181641 0.523438 0.179688 0.523438 0.175781 0.521484 0.173828 0.521484 0.164062 0.517578 0.160156 0.515625 0.160156 0.513672 0.158203 0.513672 0.140625 0.505859 0.140625 0.503906 0.138672 0.500000 0.138672 0.498047 0.136719 0.494141 0.136719 0.492188 0.134766 0.492188 0.130859 0.490234 0.130859 0.486328 0.126953 0.486328 0.123047 0.484375 0.121094 0.484375 0.117188 0.480469 0.117188 0.478516 0.115234 0.478516 0.111328 0.482422 0.107422 0.480469 0.105469 0.478516 0.107422 0.476562 0.107422 0.474609 0.105469 0.464844 0.105469 0.460938 0.101562 0.460938 0.099609
0 0.626953 0.091797 0.625000 0.093750 0.623047 0.093750 0.623047 0.097656 0.621094 0.099609 0.619141 0.099609 0.619141 0.101562 0.617188 0.103516 0.609375 0.103516 0.607422 0.101562 0.605469 0.101562 0.603516 0.099609 0.601562 0.101562 0.599609 0.099609 0.595703 0.099609 0.593750 0.101562 0.591797 0.099609 0.591797 0.097656 0.589844 0.097656 0.589844 0.099609 0.587891 0.101562 0.582031 0.101562 0.576172 0.095703 0.576172 0.093750 0.574219 0.093750 0.574219 0.099609 0.572266 0.101562 0.562500 0.101562 0.562500 0.103516 0.560547 0.105469 0.560547 0.111328 0.562500 0.113281 0.562500 0.119141 0.564453 0.121094 0.564453 0.126953 0.566406 0.128906 0.566406 0.132812 0.568359 0.134766 0.568359 0.142578 0.570312 0.144531 0.570312 0.156250 0.572266 0.156250 0.574219 0.158203 0.574219 0.162109 0.578125 0.166016 0.578125 0.169922 0.576172 0.171875 0.574219 0.171875 0.574219 0.175781 0.572266 0.177734 0.568359 0.177734 0.568359 0.185547 0.574219 0.191406 0.574219 0.195312 0.576172 0.197266 0.576172 0.205078 0.574219 0.207031 0.570312 0.207031 0.566406 0.210938 0.566406 0.212891 0.564453 0.214844 0.562500 0.214844 0.562500 0.216797 0.558594 0.220703 0.558594 0.222656 0.556641 0.224609 0.554688 0.224609 0.552734 0.226562 0.544922 0.226562 0.542969 0.224609 0.542969 0.214844 0.544922 0.212891 0.546875 0.212891 0.546875 0.208984 0.548828 0.207031 0.548828 0.199219 0.546875 0.199219 0.542969 0.203125 0.537109 0.203125 0.537109 0.207031 0.529297 0.214844 0.529297 0.220703 0.527344 0.222656 0.525391 0.222656 0.525391 0.226562 0.523438 0.228516 0.523438 0.230469 0.529297 0.236328 0.527344 0.238281 0.527344 0.244141 0.535156 0.244141 0.537109 0.246094 0.535156 0.248047 0.535156 0.255859 0.533203 0.257812 0.535156 0.259766 0.533203 0.261719 0.533203 0.263672 0.535156 0.265625 0.535156 0.277344 0.533203 0.279297 0.533203 0.283203 0.535156 0.285156 0.535156 0.287109 0.529297 0.292969 0.527344 0.292969 0.525391 0.291016 0.523438 0.292969 0.521484 0.291016 0.521484 0.287109 0.519531 0.287109 0.519531 0.289062 0.515625 0.292969 0.515625 0.304688 0.513672 0.306641 0.511719 0.306641 0.509766 0.308594 0.505859 0.308594 0.503906 0.310547 0.501953 0.310547 0.500000 0.312500 0.501953 0.314453 0.500000 0.316406 0.500000 0.318359 0.498047 0.320312 0.498047 0.322266 0.496094 0.324219 0.494141 0.324219 0.496094 0.326172 0.496094 0.332031 0.490234 0.337891 0.490234 0.339844 0.484375 0.345703 0.480469 0.345703 0.478516 0.347656 0.476562 0.347656 0.474609 0.345703 0.472656 0.345703 0.468750 0.341797 0.468750 0.337891 0.464844 0.333984 0.455078 0.333984 0.453125 0.335938 0.449219 0.335938 0.447266 0.333984 0.447266 0.332031 0.445312 0.332031 0.443359 0.330078 0.443359 0.328125 0.433594 0.328125 0.431641 0.330078 0.427734 0.330078 0.425781 0.332031 0.419922 0.332031 0.417969 0.330078 0.417969 0.328125 0.416016 0.326172 0.416016 0.324219 0.417969 0.322266 0.417969 0.320312 0.416016 0.318359 0.416016 0.310547 0.414062 0.310547 0.412109 0.308594 0.410156 0.308594 0.410156 0.310547 0.406250 0.314453 0.406250 0.318359 0.410156 0.322266 0.410156 0.326172 0.406250 0.330078 0.404297 0.328125 0.402344 0.328125 0.402344 0.330078 0.396484 0.335938 0.394531 0.333984 0.394531 0.330078 0.394531 0.341797 0.398438 0.345703 0.398438 0.349609 0.402344 0.349609 0.406250 0.353516 0.406250 0.355469 0.404297 0.357422 0.394531 0.357422 0.392578 0.355469 0.388672 0.355469 0.386719 0.353516 0.386719 0.351562 0.378906 0.359375 0.376953 0.359375 0.376953 0.361328 0.375000 0.363281 0.375000 0.369141 0.373047 0.371094 0.371094 0.371094 0.371094 0.384766 0.373047 0.384766 0.375000 0.386719 0.375000 0.396484 0.373047 0.398438 0.373047 0.400391 0.371094 0.402344 0.371094 0.404297 0.369141 0.406250 0.363281 0.406250 0.361328 0.408203 0.359375 0.406250 0.357422 0.408203 0.353516 0.408203 0.351562 0.410156 0.349609 0.410156 0.347656 0.412109 0.345703 0.412109 0.343750 0.414062 0.345703 0.416016 0.345703 0.423828 0.347656 0.423828 0.349609 0.425781 0.349609 0.435547 0.351562 0.437500 0.351562 0.441406 0.347656 0.445312 0.341797 0.445312 0.339844 0.443359 0.339844 0.439453 0.335938 0.435547 0.335938 0.427734 0.332031 0.427734 0.330078 0.429688 0.328125 0.429688 0.326172 0.431641 0.324219 0.431641 0.322266 0.433594 0.322266 0.437500 0.324219 0.439453 0.324219 0.443359 0.328125 0.447266 0.328125 0.449219 0.326172 0.451172 0.326172 0.453125 0.337891 0.464844 0.337891 0.468750 0.335938 0.470703 0.333984 0.470703 0.333984 0.472656 0.328125 0.478516 0.326172 0.476562 0.326172 0.472656 0.324219 0.470703 0.324219 0.468750 0.320312 0.468750 0.318359 0.466797 0.318359 0.462891 0.314453 0.458984 0.314453 0.457031 0.312500 0.455078 0.312500 0.447266 0.308594 0.447266 0.306641 0.445312 0.300781 0.445312 0.298828 0.443359 0.300781 0.441406 0.298828 0.439453 0.296875 0.441406 0.289062 0.441406 0.289062 0.443359 0.287109 0.445312 0.283203 0.445312 0.281250 0.447266 0.281250 0.449219 0.283203 0.451172 0.283203 0.462891 0.281250 0.464844 0.281250 0.466797 0.283203 0.466797 0.285156 0.468750 0.287109 0.468750 0.287109 0.466797 0.285156 0.464844 0.287109 0.462891 0.289062 0.462891 0.289062 0.460938 0.291016 0.458984 0.291016 0.457031 0.292969 0.455078 0.306641 0.455078 0.308594 0.457031 0.308594 0.458984 0.310547 0.460938 0.310547 0.464844 0.306641 0.468750 0.306641 0.474609 0.308594 0.476562 0.310547 0.476562 0.312500 0.478516 0.312500 0.482422 0.310547 0.484375 0.304688 0.484375 0.302734 0.486328 0.300781 0.486328 0.298828 0.488281 0.304688 0.494141 0.304688 0.496094 0.302734 0.498047 0.300781 0.498047 0.302734 0.498047 0.304688 0.500000 0.304688 0.501953 0.306641 0.501953 0.308594 0.503906 0.308594 0.509766 0.314453 0.509766 0.316406 0.511719 0.316406 0.521484 0.318359 0.521484 0.320312 0.523438 0.320312 0.525391 0.326172 0.525391 0.328125 0.527344 0.328125 0.531250 0.326172 0.533203 0.326172 0.539062 0.324219 0.541016 0.326172 0.541016 0.328125 0.542969 0.328125 0.560547 0.345703 0.560547 0.347656 0.562500 0.347656 0.564453 0.349609 0.564453 0.351562 0.566406 0.353516 0.564453 0.361328 0.564453 0.363281 0.566406 0.363281 0.568359 0.361328 0.570312 0.359375 0.570312 0.359375 0.572266 0.373047 0.572266 0.373047 0.566406 0.375000 0.564453 0.376953 0.566406 0.376953 0.568359 0.376953 0.566406 0.378906 0.564453 0.384766 0.564453 0.384766 0.562500 0.386719 0.560547 0.392578 0.560547 0.394531 0.562500 0.394531 0.564453 0.400391 0.564453 0.400391 0.562500 0.402344 0.560547 0.408203 0.560547 0.410156 0.562500 0.410156 0.572266 0.416016 0.572266 0.417969 0.574219 0.417969 0.576172 0.416016 0.578125 0.414062 0.578125 0.414062 0.583984 0.433594 0.583984 0.437500 0.587891 0.437500 0.585938 0.439453 0.583984 0.443359 0.583984 0.443359 0.574219 0.445312 0.572266 0.453125 0.572266 0.455078 0.574219 0.455078 0.562500 0.457031 0.560547 0.466797 0.560547 0.468750 0.558594 0.470703 0.558594 0.472656 0.556641 0.474609 0.556641 0.476562 0.558594 0.478516 0.558594 0.480469 0.560547 0.480469 0.564453 0.482422 0.566406 0.482422 0.568359 0.484375 0.570312 0.484375 0.574219 0.486328 0.576172 0.486328 0.593750 0.484375 0.595703 0.484375 0.597656 0.480469 0.601562 0.480469 0.603516 0.478516 0.605469 0.476562 0.605469 0.474609 0.603516 0.468750 0.603516 0.466797 0.601562 0.466797 0.599609 0.464844 0.597656 0.460938 0.597656 0.458984 0.595703 0.457031 0.597656 0.457031 0.599609 0.453125 0.603516 0.453125 0.605469 0.451172 0.607422 0.449219 0.607422 0.449219 0.611328 0.451172 0.613281 0.449219 0.615234 0.449219 0.619141 0.447266 0.621094 0.445312 0.621094 0.445312 0.625000 0.443359 0.626953 0.441406 0.626953 0.441406 0.628906 0.443359 0.630859 0.441406 0.632812 0.435547 0.632812 0.433594 0.634766 0.433594 0.636719 0.435547 0.636719 0.441406 0.642578 0.441406 0.644531 0.445312 0.648438 0.445312 0.666016 0.451172 0.666016 0.455078 0.669922 0.458984 0.669922 0.460938 0.667969 0.462891 0.667969 0.464844 0.669922 0.466797 0.669922 0.468750 0.671875 0.468750 0.677734 0.480469 0.677734 0.486328 0.683594 0.496094 0.683594 0.496094 0.677734 0.494141 0.675781 0.494141 0.671875 0.490234 0.675781 0.482422 0.675781 0.480469 0.673828 0.484375 0.669922 0.484375 0.667969 0.486328 0.666016 0.490234 0.666016 0.490234 0.662109 0.496094 0.656250 0.498047 0.658203 0.500000 0.656250 0.501953 0.656250 0.503906 0.654297 0.525391 0.654297 0.527344 0.656250 0.527344 0.658203 0.523438 0.662109 0.521484 0.660156 0.519531 0.660156 0.523438 0.664062 0.523438 0.666016 0.521484 0.667969 0.519531 0.667969 0.519531 0.673828 0.517578 0.675781 0.515625 0.675781 0.513672 0.673828 0.509766 0.673828 0.511719 0.675781 0.511719 0.677734 0.513672 0.677734 0.515625 0.679688 0.515625 0.681641 0.517578 0.681641 0.519531 0.683594 0.519531 0.685547 0.521484 0.683594 0.523438 0.685547 0.523438 0.693359 0.525391 0.691406 0.527344 0.693359 0.527344 0.697266 0.544922 0.697266 0.546875 0.699219 0.546875 0.703125 0.542969 0.707031 0.542969 0.716797 0.541016 0.718750 0.539062 0.716797 0.537109 0.718750 0.537109 0.720703 0.535156 0.722656 0.535156 0.724609 0.531250 0.728516 0.531250 0.730469 0.529297 0.732422 0.529297 0.736328 0.527344 0.738281 0.527344 0.740234 0.525391 0.742188 0.521484 0.742188 0.517578 0.746094 0.515625 0.746094 0.505859 0.755859 0.501953 0.755859 0.501953 0.757812 0.500000 0.759766 0.500000 0.763672 0.503906 0.767578 0.503906 0.771484 0.509766 0.771484 0.513672 0.775391 0.513672 0.781250 0.511719 0.783203 0.509766 0.783203 0.509766 0.791016 0.500000 0.800781 0.498047 0.800781 0.496094 0.802734 0.496094 0.804688 0.498047 0.806641 0.498047 0.808594 0.500000 0.808594 0.503906 0.812500 0.503906 0.841797 0.507812 0.841797 0.511719 0.845703 0.511719 0.847656 0.515625 0.851562 0.511719 0.855469 0.507812 0.855469 0.505859 0.853516 0.503906 0.853516 0.501953 0.851562 0.498047 0.851562 0.494141 0.847656 0.494141 0.845703 0.492188 0.843750 0.490234 0.843750 0.486328 0.847656 0.488281 0.849609 0.488281 0.851562 0.490234 0.853516 0.488281 0.855469 0.488281 0.859375 0.486328 0.861328 0.482422 0.861328 0.482422 0.875000 0.484375 0.876953 0.488281 0.876953 0.490234 0.878906 0.488281 0.880859 0.488281 0.884766 0.486328 0.886719 0.484375 0.886719 0.476562 0.894531 0.476562 0.896484 0.474609 0.898438 0.472656 0.898438 0.470703 0.900391 0.464844 0.900391 0.462891 0.902344 0.462891 0.904297 0.460938 0.906250 0.460938 0.917969 0.462891 0.919922 0.462891 0.923828 0.464844 0.925781 0.464844 0.927734 0.466797 0.927734 0.470703 0.931641 0.470703 0.935547 0.468750 0.937500 0.464844 0.937500 0.462891 0.939453 0.462891 0.943359 0.460938 0.945312 0.460938 0.947266 0.458984 0.949219 0.457031 0.949219 0.457031 0.958984 0.455078 0.960938 0.455078 0.966797 0.453125 0.968750 0.453125 0.972656 0.451172 0.974609 0.449219 0.974609 0.447266 0.972656 0.445312 0.972656 0.445312 0.976562 0.443359 0.978516 0.439453 0.978516 0.439453 0.980469 0.437500 0.982422 0.435547 0.982422 0.435547 0.984375 0.437500 0.986328 0.437500 0.988281 0.441406 0.992188 0.501953 0.992188 0.503906 0.990234 0.505859 0.992188 0.509766 0.992188 0.511719 0.990234 0.513672 0.990234 0.511719 0.988281 0.513672 0.986328 0.525391 0.986328 0.527344 0.988281 0.529297 0.988281 0.529297 0.986328 0.533203 0.982422 0.533203 0.978516 0.531250 0.976562 0.531250 0.972656 0.533203 0.970703 0.539062 0.970703 0.537109 0.968750 0.537109 0.966797 0.539062 0.964844 0.541016 0.964844 0.541016 0.962891 0.544922 0.958984 0.548828 0.958984 0.546875 0.957031 0.546875 0.955078 0.544922 0.953125 0.546875 0.951172 0.546875 0.949219 0.548828 0.947266 0.548828 0.945312 0.550781 0.943359 0.552734 0.945312 0.556641 0.945312 0.560547 0.949219 0.562500 0.949219 0.564453 0.951172 0.560547 0.955078 0.560547 0.958984 0.562500 0.960938 0.562500 0.964844 0.566406 0.968750 0.568359 0.968750 0.570312 0.970703 0.570312 0.974609 0.568359 0.976562 0.566406 0.976562 0.564453 0.978516 0.564453 0.980469 0.566406 0.982422 0.566406 0.986328 0.568359 0.986328 0.570312 0.984375 0.570312 0.982422 0.572266 0.980469 0.572266 0.976562 0.576172 0.972656 0.578125 0.974609 0.582031 0.970703 0.591797 0.970703 0.593750 0.968750 0.597656 0.968750 0.601562 0.964844 0.603516 0.966797 0.603516 0.972656 0.605469 0.974609 0.609375 0.974609 0.611328 0.976562 0.611328 0.978516 0.609375 0.980469 0.605469 0.980469 0.603516 0.978516 0.603516 0.980469 0.601562 0.982422 0.601562 0.986328 0.607422 0.980469 0.609375 0.982422 0.609375 0.992188 0.613281 0.992188 0.615234 0.990234 0.617188 0.992188 0.654297 0.992188 0.654297 0.988281 0.656250 0.986328 0.658203 0.986328 0.660156 0.988281 0.660156 0.990234 0.662109 0.992188 0.666016 0.992188 0.666016 0.988281 0.662109 0.984375 0.662109 0.982422 0.660156 0.982422 0.658203 0.980469 0.658203 0.978516 0.660156 0.976562 0.662109 0.978516 0.664062 0.978516 0.667969 0.974609 0.667969 0.972656 0.666016 0.970703 0.667969 0.968750 0.669922 0.968750 0.671875 0.966797 0.673828 0.966797 0.673828 0.964844 0.677734 0.960938 0.681641 0.964844 0.681641 0.960938 0.679688 0.960938 0.677734 0.958984 0.677734 0.957031 0.675781 0.955078 0.673828 0.955078 0.671875 0.953125 0.671875 0.945312 0.669922 0.943359 0.669922 0.933594 0.671875 0.931641 0.677734 0.931641 0.679688 0.933594 0.679688 0.935547 0.681641 0.937500 0.683594 0.937500 0.685547 0.935547 0.689453 0.939453 0.691406 0.939453 0.691406 0.937500 0.693359 0.935547 0.701172 0.935547 0.701172 0.929688 0.707031 0.923828 0.707031 0.914062 0.705078 0.914062 0.701172 0.910156 0.701172 0.908203 0.693359 0.908203 0.691406 0.906250 0.691406 0.904297 0.689453 0.902344 0.687500 0.902344 0.685547 0.900391 0.685547 0.898438 0.683594 0.898438 0.677734 0.892578 0.677734 0.878906 0.671875 0.878906 0.669922 0.876953 0.669922 0.873047 0.667969 0.873047 0.666016 0.871094 0.666016 0.843750 0.662109 0.839844 0.662109 0.835938 0.660156 0.833984 0.660156 0.832031 0.662109 0.830078 0.666016 0.830078 0.666016 0.820312 0.667969 0.818359 0.689453 0.818359 0.691406 0.820312 0.695312 0.820312 0.697266 0.822266 0.697266 0.824219 0.699219 0.824219 0.701172 0.826172 0.718750 0.826172 0.718750 0.824219 0.720703 0.822266 0.724609 0.822266 0.724609 0.816406 0.722656 0.814453 0.722656 0.810547 0.726562 0.806641 0.726562 0.802734 0.728516 0.800781 0.732422 0.800781 0.734375 0.802734 0.734375 0.804688 0.744141 0.804688 0.746094 0.806641 0.746094 0.810547 0.744141 0.812500 0.742188 0.812500 0.738281 0.816406 0.734375 0.816406 0.736328 0.818359 0.736328 0.828125 0.740234 0.828125 0.742188 0.830078 0.742188 0.837891 0.746094 0.837891 0.748047 0.839844 0.750000 0.839844 0.751953 0.841797 0.755859 0.841797 0.759766 0.845703 0.765625 0.845703 0.769531 0.849609 0.769531 0.853516 0.791016 0.853516 0.796875 0.847656 0.800781 0.847656 0.802734 0.849609 0.802734 0.853516 0.806641 0.853516 0.808594 0.851562 0.814453 0.851562 0.816406 0.849609 0.822266 0.849609 0.824219 0.847656 0.826172 0.847656 0.828125 0.845703 0.830078 0.845703 0.832031 0.847656 0.832031 0.849609 0.833984 0.849609 0.843750 0.859375 0.843750 0.865234 0.855469 0.865234 0.857422 0.863281 0.863281 0.863281 0.865234 0.861328 0.867188 0.861328 0.871094 0.857422 0.876953 0.857422 0.876953 0.849609 0.882812 0.843750 0.886719 0.847656 0.886719 0.849609 0.890625 0.853516 0.890625 0.857422 0.888672 0.859375 0.888672 0.861328 0.886719 0.863281 0.886719 0.865234 0.888672 0.867188 0.888672 0.871094 0.880859 0.878906 0.878906 0.878906 0.878906 0.880859 0.876953 0.882812 0.875000 0.882812 0.875000 0.884766 0.863281 0.896484 0.863281 0.902344 0.869141 0.902344 0.871094 0.904297 0.873047 0.904297 0.875000 0.906250 0.875000 0.908203 0.876953 0.908203 0.878906 0.910156 0.878906 0.919922 0.880859 0.919922 0.882812 0.921875 0.882812 0.923828 0.890625 0.923828 0.892578 0.925781 0.892578 0.933594 0.890625 0.935547 0.892578 0.935547 0.894531 0.937500 0.894531 0.939453 0.898438 0.943359 0.898438 0.947266 0.896484 0.949219 0.894531 0.949219 0.892578 0.951172 0.898438 0.957031 0.898438 0.958984 0.900391 0.958984 0.902344 0.960938 0.902344 0.964844 0.904297 0.966797 0.904297 0.968750 0.912109 0.968750 0.914062 0.970703 0.921875 0.970703 0.925781 0.966797 0.929688 0.966797 0.931641 0.964844 0.935547 0.964844 0.937500 0.962891 0.943359 0.962891 0.945312 0.960938 0.949219 0.960938 0.951172 0.958984 0.964844 0.958984 0.966797 0.960938 0.968750 0.958984 0.982422 0.958984 0.982422 0.957031 0.984375 0.955078 0.984375 0.953125 0.986328 0.951172 0.988281 0.951172 0.988281 0.949219 0.990234 0.947266 0.992188 0.947266 0.990234 0.945312 0.992188 0.943359 0.992188 0.599609 0.990234 0.597656 0.984375 0.597656 0.980469 0.593750 0.980469 0.591797 0.978516 0.589844 0.978516 0.587891 0.976562 0.587891 0.974609 0.585938 0.972656 0.585938 0.970703 0.583984 0.968750 0.583984 0.966797 0.582031 0.964844 0.582031 0.960938 0.578125 0.955078 0.578125 0.953125 0.576172 0.953125 0.574219 0.951172 0.572266 0.947266 0.572266 0.947266 0.574219 0.943359 0.578125 0.941406 0.578125 0.939453 0.576172 0.937500 0.576172 0.935547 0.578125 0.925781 0.578125 0.921875 0.582031 0.921875 0.587891 0.923828 0.589844 0.925781 0.589844 0.927734 0.587891 0.931641 0.587891 0.933594 0.589844 0.935547 0.589844 0.937500 0.591797 0.939453 0.591797 0.941406 0.593750 0.941406 0.595703 0.943359 0.597656 0.943359 0.601562 0.939453 0.605469 0.935547 0.605469 0.933594 0.603516 0.933594 0.601562 0.929688 0.601562 0.927734 0.599609 0.919922 0.599609 0.914062 0.605469 0.912109 0.605469 0.912109 0.607422 0.910156 0.609375 0.908203 0.609375 0.906250 0.607422 0.906250 0.617188 0.904297 0.619141 0.904297 0.625000 0.902344 0.626953 0.900391 0.626953 0.898438 0.628906 0.896484 0.626953 0.894531 0.626953 0.892578 0.628906 0.890625 0.628906 0.888672 0.630859 0.882812 0.630859 0.880859 0.632812 0.880859 0.634766 0.875000 0.640625 0.875000 0.646484 0.873047 0.648438 0.869141 0.648438 0.871094 0.650391 0.871094 0.654297 0.867188 0.658203 0.867188 0.662109 0.869141 0.664062 0.869141 0.666016 0.867188 0.667969 0.865234 0.667969 0.863281 0.666016 0.863281 0.662109 0.859375 0.658203 0.857422 0.658203 0.855469 0.656250 0.853516 0.656250 0.851562 0.654297 0.851562 0.652344 0.849609 0.652344 0.841797 0.644531 0.837891 0.648438 0.837891 0.650391 0.835938 0.652344 0.830078 0.652344 0.832031 0.654297 0.832031 0.662109 0.833984 0.664062 0.832031 0.666016 0.830078 0.666016 0.828125 0.664062 0.818359 0.664062 0.816406 0.666016 0.814453 0.666016 0.812500 0.664062 0.810547 0.666016 0.810547 0.669922 0.808594 0.671875 0.804688 0.671875 0.798828 0.666016 0.798828 0.664062 0.796875 0.662109 0.796875 0.660156 0.791016 0.660156 0.789062 0.662109 0.787109 0.662109 0.785156 0.660156 0.783203 0.660156 0.785156 0.662109 0.783203 0.664062 0.779297 0.664062 0.777344 0.666016 0.775391 0.664062 0.773438 0.664062 0.771484 0.662109 0.771484 0.664062 0.769531 0.666016 0.767578 0.666016 0.765625 0.664062 0.763672 0.666016 0.765625 0.667969 0.765625 0.671875 0.769531 0.675781 0.765625 0.679688 0.763672 0.679688 0.759766 0.675781 0.757812 0.677734 0.755859 0.677734 0.757812 0.679688 0.757812 0.681641 0.755859 0.683594 0.753906 0.683594 0.751953 0.685547 0.750000 0.683594 0.748047 0.683594 0.744141 0.679688 0.744141 0.677734 0.742188 0.677734 0.738281 0.681641 0.736328 0.681641 0.734375 0.683594 0.716797 0.683594 0.714844 0.681641 0.714844 0.679688 0.712891 0.679688 0.710938 0.681641 0.708984 0.679688 0.707031 0.679688 0.703125 0.683594 0.693359 0.683594 0.691406 0.681641 0.689453 0.683594 0.687500 0.683594 0.687500 0.685547 0.685547 0.687500 0.681641 0.687500 0.679688 0.685547 0.675781 0.685547 0.673828 0.687500 0.671875 0.685547 0.671875 0.683594 0.673828 0.681641 0.669922 0.677734 0.666016 0.677734 0.664062 0.675781 0.654297 0.675781 0.652344 0.677734 0.650391 0.677734 0.648438 0.679688 0.648438 0.683594 0.646484 0.685547 0.646484 0.687500 0.642578 0.691406 0.640625 0.691406 0.638672 0.689453 0.636719 0.689453 0.634766 0.687500 0.628906 0.687500 0.625000 0.683594 0.623047 0.683594 0.621094 0.681641 0.621094 0.679688 0.625000 0.675781 0.630859 0.675781 0.628906 0.675781 0.625000 0.671875 0.625000 0.667969 0.621094 0.667969 0.617188 0.671875 0.615234 0.671875 0.613281 0.673828 0.613281 0.681641 0.611328 0.683594 0.609375 0.681641 0.609375 0.679688 0.607422 0.677734 0.605469 0.677734 0.603516 0.675781 0.603516 0.673828 0.601562 0.671875 0.607422 0.666016 0.609375 0.666016 0.619141 0.656250 0.619141 0.652344 0.623047 0.648438 0.626953 0.648438 0.628906 0.646484 0.630859 0.646484 0.634766 0.642578 0.634766 0.638672 0.640625 0.632812 0.642578 0.632812 0.642578 0.630859 0.644531 0.628906 0.646484 0.628906 0.648438 0.626953 0.654297 0.626953 0.656250 0.628906 0.656250 0.630859 0.654297 0.632812 0.654297 0.634766 0.656250 0.636719 0.654297 0.638672 0.654297 0.640625 0.656250 0.642578 0.656250 0.644531 0.658203 0.644531 0.658203 0.636719 0.660156 0.634766 0.664062 0.634766 0.666016 0.632812 0.666016 0.630859 0.667969 0.628906 0.667969 0.621094 0.669922 0.619141 0.671875 0.619141 0.671875 0.617188 0.673828 0.615234 0.677734 0.615234 0.679688 0.613281 0.681641 0.613281 0.683594 0.611328 0.685547 0.611328 0.687500 0.613281 0.687500 0.615234 0.687500 0.613281 0.691406 0.609375 0.697266 0.609375 0.699219 0.611328 0.714844 0.611328 0.716797 0.609375 0.720703 0.609375 0.722656 0.611328 0.724609 0.611328 0.726562 0.613281 0.728516 0.613281 0.730469 0.615234 0.740234 0.615234 0.748047 0.623047 0.750000 0.623047 0.751953 0.621094 0.763672 0.621094 0.765625 0.619141 0.791016 0.619141 0.792969 0.617188 0.794922 0.617188 0.796875 0.615234 0.798828 0.615234 0.798828 0.613281 0.800781 0.611328 0.802734 0.611328 0.806641 0.607422 0.806641 0.603516 0.810547 0.599609 0.810547 0.597656 0.812500 0.595703 0.812500 0.593750 0.814453 0.591797 0.814453 0.589844 0.816406 0.587891 0.818359 0.587891 0.822266 0.583984 0.822266 0.578125 0.820312 0.576172 0.820312 0.572266 0.822266 0.570312 0.822266 0.568359 0.820312 0.566406 0.820312 0.564453 0.824219 0.560547 0.826172 0.560547 0.826172 0.554688 0.824219 0.552734 0.824219 0.550781 0.830078 0.544922 0.832031 0.544922 0.835938 0.548828 0.835938 0.550781 0.839844 0.554688 0.841797 0.554688 0.843750 0.556641 0.845703 0.554688 0.847656 0.554688 0.847656 0.552734 0.855469 0.544922 0.861328 0.544922 0.861328 0.539062 0.863281 0.537109 0.867188 0.537109 0.869141 0.539062 0.869141 0.544922 0.871094 0.544922 0.871094 0.542969 0.873047 0.541016 0.876953 0.541016 0.876953 0.539062 0.878906 0.537109 0.880859 0.537109 0.880859 0.535156 0.882812 0.533203 0.888672 0.533203 0.888672 0.531250 0.890625 0.529297 0.896484 0.529297 0.898438 0.531250 0.894531 0.535156 0.894531 0.539062 0.906250 0.539062 0.912109 0.533203 0.925781 0.533203 0.927734 0.531250 0.929688 0.531250 0.929688 0.529297 0.931641 0.527344 0.931641 0.523438 0.929688 0.523438 0.927734 0.521484 0.925781 0.521484 0.923828 0.519531 0.925781 0.517578 0.927734 0.517578 0.931641 0.513672 0.931641 0.511719 0.929688 0.509766 0.927734 0.509766 0.917969 0.519531 0.908203 0.519531 0.906250 0.521484 0.906250 0.523438 0.904297 0.525391 0.904297 0.527344 0.902344 0.529297 0.900391 0.529297 0.898438 0.527344 0.898438 0.525391 0.896484 0.523438 0.896484 0.519531 0.898438 0.517578 0.900391 0.517578 0.900391 0.515625 0.896484 0.511719 0.896484 0.507812 0.894531 0.505859 0.896484 0.503906 0.894531 0.503906 0.892578 0.501953 0.890625 0.501953 0.886719 0.498047 0.886719 0.492188 0.888672 0.490234 0.890625 0.490234 0.890625 0.484375 0.888672 0.482422 0.888672 0.478516 0.890625 0.476562 0.888672 0.474609 0.888672 0.468750 0.890625 0.466797 0.890625 0.464844 0.892578 0.462891 0.904297 0.462891 0.906250 0.460938 0.908203 0.462891 0.908203 0.464844 0.906250 0.466797 0.910156 0.466797 0.912109 0.468750 0.916016 0.468750 0.917969 0.470703 0.925781 0.470703 0.927734 0.472656 0.927734 0.480469 0.929688 0.480469 0.931641 0.482422 0.937500 0.482422 0.939453 0.484375 0.947266 0.484375 0.949219 0.486328 0.949219 0.490234 0.951172 0.490234 0.953125 0.492188 0.958984 0.492188 0.962891 0.496094 0.962891 0.498047 0.966797 0.498047 0.968750 0.500000 0.968750 0.501953 0.970703 0.503906 0.972656 0.503906 0.974609 0.505859 0.974609 0.507812 0.992188 0.507812 0.992188 0.328125 0.988281 0.328125 0.988281 0.332031 0.986328 0.333984 0.982422 0.333984 0.980469 0.335938 0.980469 0.337891 0.978516 0.339844 0.972656 0.339844 0.970703 0.341797 0.968750 0.339844 0.960938 0.339844 0.958984 0.341797 0.951172 0.341797 0.951172 0.343750 0.947266 0.347656 0.945312 0.347656 0.943359 0.349609 0.941406 0.349609 0.941406 0.351562 0.939453 0.353516 0.939453 0.363281 0.941406 0.363281 0.943359 0.365234 0.943359 0.367188 0.949219 0.373047 0.949219 0.376953 0.945312 0.380859 0.943359 0.380859 0.941406 0.378906 0.939453 0.378906 0.935547 0.382812 0.935547 0.388672 0.943359 0.388672 0.945312 0.390625 0.951172 0.390625 0.953125 0.392578 0.953125 0.394531 0.949219 0.398438 0.943359 0.398438 0.945312 0.400391 0.943359 0.402344 0.941406 0.402344 0.939453 0.404297 0.937500 0.404297 0.935547 0.406250 0.933594 0.404297 0.931641 0.404297 0.927734 0.408203 0.925781 0.406250 0.923828 0.406250 0.919922 0.410156 0.917969 0.408203 0.914062 0.408203 0.910156 0.404297 0.910156 0.402344 0.908203 0.400391 0.908203 0.392578 0.904297 0.392578 0.904297 0.394531 0.902344 0.396484 0.898438 0.396484 0.896484 0.394531 0.898438 0.392578 0.898438 0.390625 0.900391 0.388672 0.900391 0.382812 0.898438 0.380859 0.898438 0.371094 0.900391 0.369141 0.900391 0.367188 0.902344 0.365234 0.904297 0.365234 0.904297 0.363281 0.900391 0.359375 0.902344 0.357422 0.898438 0.353516 0.898438 0.349609 0.894531 0.345703 0.894531 0.347656 0.892578 0.349609 0.888672 0.349609 0.884766 0.345703 0.878906 0.345703 0.876953 0.343750 0.875000 0.343750 0.871094 0.339844 0.871094 0.343750 0.869141 0.345703 0.867188 0.343750 0.867188 0.349609 0.865234 0.351562 0.865234 0.353516 0.861328 0.357422 0.855469 0.357422 0.853516 0.355469 0.853516 0.353516 0.851562 0.351562 0.847656 0.351562 0.845703 0.349609 0.841797 0.349609 0.839844 0.347656 0.832031 0.347656 0.830078 0.345703 0.828125 0.345703 0.826172 0.343750 0.826172 0.341797 0.822266 0.337891 0.822266 0.335938 0.820312 0.335938 0.814453 0.330078 0.814453 0.328125 0.802734 0.328125 0.800781 0.330078 0.800781 0.333984 0.798828 0.335938 0.794922 0.335938 0.791016 0.332031 0.785156 0.332031 0.783203 0.330078 0.779297 0.330078 0.777344 0.328125 0.775391 0.330078 0.775391 0.332031 0.773438 0.333984 0.771484 0.333984 0.769531 0.335938 0.755859 0.335938 0.753906 0.337891 0.748047 0.337891 0.746094 0.339844 0.744141 0.337891 0.740234 0.337891 0.738281 0.339844 0.734375 0.339844 0.732422 0.337891 0.730469 0.337891 0.728516 0.335938 0.726562 0.335938 0.724609 0.337891 0.722656 0.337891 0.722656 0.339844 0.720703 0.341797 0.708984 0.341797 0.707031 0.343750 0.703125 0.343750 0.701172 0.341797 0.697266 0.341797 0.693359 0.337891 0.691406 0.337891 0.687500 0.333984 0.687500 0.330078 0.689453 0.328125 0.691406 0.328125 0.685547 0.328125 0.677734 0.320312 0.675781 0.320312 0.673828 0.318359 0.660156 0.318359 0.660156 0.322266 0.662109 0.324219 0.662109 0.328125 0.660156 0.330078 0.654297 0.330078 0.654297 0.332031 0.656250 0.332031 0.660156 0.335938 0.656250 0.339844 0.652344 0.339844 0.648438 0.335938 0.636719 0.335938 0.634766 0.333984 0.634766 0.320312 0.628906 0.320312 0.626953 0.318359 0.626953 0.316406 0.623047 0.316406 0.615234 0.324219 0.613281 0.322266 0.613281 0.320312 0.609375 0.320312 0.607422 0.318359 0.605469 0.320312 0.609375 0.324219 0.609375 0.333984 0.605469 0.337891 0.603516 0.335938 0.603516 0.332031 0.605469 0.330078 0.605469 0.328125 0.601562 0.324219 0.601562 0.320312 0.599609 0.318359 0.597656 0.318359 0.595703 0.320312 0.593750 0.320312 0.591797 0.318359 0.589844 0.320312 0.585938 0.316406 0.585938 0.314453 0.583984 0.312500 0.583984 0.306641 0.587891 0.302734 0.591797 0.302734 0.591797 0.298828 0.595703 0.294922 0.595703 0.291016 0.597656 0.289062 0.597656 0.285156 0.607422 0.275391 0.607422 0.269531 0.609375 0.267578 0.613281 0.267578 0.613281 0.265625 0.611328 0.263672 0.611328 0.259766 0.613281 0.257812 0.615234 0.257812 0.617188 0.255859 0.619141 0.255859 0.621094 0.253906 0.623047 0.253906 0.625000 0.251953 0.625000 0.246094 0.621094 0.242188 0.619141 0.242188 0.617188 0.240234 0.615234 0.240234 0.611328 0.236328 0.607422 0.236328 0.605469 0.234375 0.599609 0.234375 0.595703 0.230469 0.597656 0.228516 0.599609 0.228516 0.599609 0.226562 0.597656 0.226562 0.595703 0.224609 0.595703 0.222656 0.597656 0.220703 0.601562 0.220703 0.601562 0.218750 0.603516 0.216797 0.599609 0.212891 0.599609 0.207031 0.601562 0.205078 0.607422 0.205078 0.607422 0.191406 0.605469 0.189453 0.609375 0.185547 0.619141 0.185547 0.619141 0.167969 0.621094 0.166016 0.621094 0.164062 0.623047 0.162109 0.634766 0.162109 0.636719 0.164062 0.638672 0.164062 0.640625 0.166016 0.644531 0.166016 0.644531 0.156250 0.642578 0.154297 0.642578 0.152344 0.644531 0.150391 0.654297 0.150391 0.654297 0.144531 0.656250 0.142578 0.656250 0.140625 0.658203 0.138672 0.666016 0.138672 0.666016 0.128906 0.667969 0.126953 0.669922 0.126953 0.669922 0.123047 0.667969 0.121094 0.667969 0.119141 0.666016 0.117188 0.664062 0.117188 0.662109 0.115234 0.662109 0.113281 0.658203 0.109375 0.658203 0.107422 0.656250 0.107422 0.654297 0.105469 0.650391 0.105469 0.648438 0.103516 0.644531 0.103516 0.642578 0.101562 0.642578 0.095703 0.640625 0.095703 0.638672 0.093750 0.634766 0.093750 0.632812 0.091797
0 0.980469 0.083984 0.978516 0.085938 0.978516 0.087891 0.980469 0.089844 0.980469 0.091797 0.982422 0.093750 0.982422 0.095703 0.980469 0.097656 0.978516 0.097656 0.972656 0.103516 0.968750 0.103516 0.966797 0.105469 0.966797 0.113281 0.962891 0.117188 0.962891 0.121094 0.964844 0.123047 0.968750 0.123047 0.970703 0.121094 0.970703 0.119141 0.974609 0.115234 0.976562 0.115234 0.978516 0.113281 0.984375 0.119141 0.984375 0.121094 0.986328 0.123047 0.984375 0.125000 0.984375 0.130859 0.986328 0.130859 0.988281 0.128906 0.988281 0.125000 0.990234 0.123047 0.990234 0.121094 0.992188 0.119141 0.992188 0.095703 0.990234 0.093750 0.990234 0.089844 0.992188 0.087891 0.990234 0.085938 0.986328 0.085938 0.984375 0.083984
0 0.869141 0.052734 0.867188 0.054688 0.865234 0.054688 0.859375 0.060547 0.855469 0.060547 0.853516 0.062500 0.847656 0.062500 0.847656 0.066406 0.849609 0.068359 0.851562 0.068359 0.853516 0.070312 0.857422 0.070312 0.859375 0.072266 0.859375 0.074219 0.861328 0.074219 0.863281 0.072266 0.865234 0.074219 0.865234 0.076172 0.867188 0.078125 0.867188 0.080078 0.869141 0.080078 0.869141 0.078125 0.871094 0.076172 0.873047 0.076172 0.873047 0.074219 0.875000 0.072266 0.876953 0.072266 0.876953 0.070312 0.878906 0.068359 0.880859 0.068359 0.880859 0.060547 0.876953 0.060547 0.873047 0.056641 0.873047 0.052734
0 0.878906 0.031250 0.878906 0.041016 0.886719 0.041016 0.886719 0.035156 0.882812 0.031250
0 0.804688 0.019531 0.800781 0.023438 0.798828 0.023438 0.800781 0.025391 0.800781 0.027344 0.798828 0.029297 0.798828 0.033203 0.796875 0.035156 0.792969 0.035156 0.791016 0.037109 0.789062 0.035156 0.789062 0.037109 0.792969 0.041016 0.792969 0.044922 0.791016 0.046875 0.785156 0.046875 0.785156 0.052734 0.783203 0.054688 0.783203 0.056641 0.779297 0.060547 0.781250 0.062500 0.781250 0.070312 0.779297 0.072266 0.781250 0.074219 0.779297 0.076172 0.779297 0.080078 0.781250 0.082031 0.779297 0.083984 0.779297 0.089844 0.781250 0.091797 0.804688 0.091797 0.808594 0.087891 0.810547 0.087891 0.812500 0.085938 0.818359 0.085938 0.818359 0.066406 0.820312 0.064453 0.820312 0.062500 0.822266 0.060547 0.824219 0.060547 0.824219 0.058594 0.826172 0.056641 0.830078 0.056641 0.828125 0.054688 0.828125 0.052734 0.830078 0.050781 0.830078 0.041016 0.832031 0.039062 0.832031 0.035156 0.830078 0.035156 0.828125 0.033203 0.828125 0.031250 0.826172 0.029297 0.822266 0.029297 0.820312 0.027344 0.820312 0.023438 0.814453 0.023438 0.812500 0.021484 0.812500 0.019531
0 0.867188 0.001953 0.865234 0.003906 0.865234 0.009766 0.867188 0.011719 0.869141 0.011719 0.873047 0.015625 0.875000 0.015625 0.876953 0.017578 0.876953 0.015625 0.878906 0.013672 0.878906 0.011719 0.880859 0.009766 0.880859 0.001953