0 0.357422 0.939453 0.355469 0.941406 0.353516 0.941406 0.353516 0.943359 0.351562 0.945312 0.349609 0.945312 0.347656 0.947266 0.345703 0.947266 0.345703 0.949219 0.343750 0.951172 0.339844 0.951172 0.337891 0.953125 0.335938 0.953125 0.333984 0.955078 0.330078 0.955078 0.330078 0.958984 0.328125 0.960938 0.324219 0.960938 0.324219 0.962891 0.322266 0.964844 0.320312 0.964844 0.316406 0.968750 0.314453 0.968750 0.314453 0.974609 0.312500 0.976562 0.310547 0.976562 0.310547 0.984375 0.314453 0.984375 0.314453 0.980469 0.316406 0.978516 0.318359 0.978516 0.318359 0.972656 0.320312 0.970703 0.324219 0.970703 0.326172 0.968750 0.326172 0.966797 0.328125 0.964844 0.332031 0.964844 0.332031 0.960938 0.333984 0.958984 0.337891 0.958984 0.341797 0.955078 0.345703 0.955078 0.345703 0.953125 0.347656 0.951172 0.351562 0.951172 0.353516 0.949219 0.355469 0.949219 0.361328 0.943359 0.361328 0.939453
0 0.421875 0.845703 0.419922 0.847656 0.417969 0.847656 0.416016 0.849609 0.416016 0.851562 0.414062 0.853516 0.402344 0.853516 0.402344 0.855469 0.400391 0.857422 0.398438 0.857422 0.396484 0.859375 0.394531 0.859375 0.388672 0.865234 0.361328 0.865234 0.361328 0.867188 0.359375 0.869141 0.359375 0.871094 0.357422 0.873047 0.357422 0.886719 0.359375 0.888672 0.359375 0.892578 0.361328 0.894531 0.361328 0.906250 0.365234 0.910156 0.365234 0.912109 0.367188 0.914062 0.371094 0.914062 0.371094 0.910156 0.369141 0.908203 0.369141 0.906250 0.365234 0.902344 0.365234 0.890625 0.363281 0.888672 0.363281 0.884766 0.361328 0.882812 0.361328 0.875000 0.363281 0.873047 0.363281 0.871094 0.365234 0.869141 0.390625 0.869141 0.392578 0.867188 0.394531 0.867188 0.398438 0.863281 0.402344 0.863281 0.402344 0.859375 0.404297 0.857422 0.416016 0.857422 0.417969 0.855469 0.419922 0.855469 0.419922 0.853516 0.423828 0.849609 0.425781 0.849609 0.425781 0.845703
0 0.173828 0.832031 0.173828 0.833984 0.171875 0.835938 0.167969 0.835938 0.167969 0.865234 0.169922 0.867188 0.171875 0.867188 0.173828 0.869141 0.173828 0.871094 0.175781 0.873047 0.175781 0.878906 0.177734 0.880859 0.177734 0.886719 0.181641 0.890625 0.181641 0.892578 0.183594 0.894531 0.187500 0.894531 0.187500 0.888672 0.181641 0.882812 0.181641 0.876953 0.179688 0.875000 0.179688 0.869141 0.177734 0.867188 0.177734 0.863281 0.175781 0.863281 0.171875 0.859375 0.171875 0.841797 0.173828 0.839844 0.175781 0.839844 0.177734 0.837891 0.177734 0.832031
0 0.255859 0.830078 0.255859 0.833984 0.257812 0.833984 0.267578 0.843750 0.267578 0.845703 0.269531 0.847656 0.269531 0.849609 0.275391 0.855469 0.275391 0.857422 0.277344 0.859375 0.277344 0.861328 0.279297 0.863281 0.279297 0.876953 0.283203 0.876953 0.283203 0.859375 0.281250 0.857422 0.281250 0.855469 0.279297 0.853516 0.279297 0.851562 0.273438 0.845703 0.273438 0.843750 0.269531 0.839844 0.269531 0.837891 0.265625 0.833984 0.265625 0.832031 0.263672 0.832031 0.261719 0.830078
0 0.912109 0.779297 0.910156 0.781250 0.912109 0.783203 0.910156 0.785156 0.908203 0.785156 0.906250 0.787109 0.904297 0.787109 0.902344 0.789062 0.900391 0.787109 0.900391 0.785156 0.900391 0.787109 0.896484 0.791016 0.898438 0.791016 0.898438 0.789062 0.900391 0.787109 0.902344 0.789062 0.902344 0.791016 0.904297 0.791016 0.908203 0.787109 0.912109 0.787109 0.912109 0.785156 0.916016 0.781250 0.916016 0.779297
0 0.529297 0.775391 0.529297 0.783203 0.537109 0.783203 0.539062 0.785156 0.539062 0.792969 0.544922 0.792969 0.546875 0.794922 0.546875 0.800781 0.550781 0.800781 0.552734 0.802734 0.552734 0.806641 0.558594 0.806641 0.560547 0.808594 0.560547 0.810547 0.568359 0.810547 0.570312 0.812500 0.570312 0.816406 0.580078 0.816406 0.582031 0.818359 0.582031 0.820312 0.587891 0.820312 0.589844 0.822266 0.589844 0.826172 0.591797 0.826172 0.593750 0.828125 0.593750 0.830078 0.601562 0.830078 0.603516 0.832031 0.603516 0.847656 0.605469 0.849609 0.617188 0.849609 0.617188 0.839844 0.613281 0.839844 0.611328 0.837891 0.611328 0.832031 0.603516 0.832031 0.601562 0.830078 0.601562 0.822266 0.599609 0.822266 0.597656 0.820312 0.597656 0.818359 0.591797 0.818359 0.589844 0.816406 0.589844 0.812500 0.587891 0.810547 0.587891 0.808594 0.572266 0.808594 0.570312 0.806641 0.570312 0.802734 0.562500 0.802734 0.560547 0.800781 0.560547 0.798828 0.556641 0.798828 0.554688 0.796875 0.554688 0.792969 0.548828 0.792969 0.546875 0.791016 0.546875 0.785156 0.539062 0.785156 0.537109 0.783203 0.537109 0.775391
0 0.380859 0.763672 0.380859 0.777344 0.382812 0.777344 0.384766 0.779297 0.384766 0.783203 0.386719 0.783203 0.388672 0.785156 0.388672 0.787109 0.390625 0.787109 0.394531 0.791016 0.394531 0.792969 0.396484 0.792969 0.398438 0.794922 0.400391 0.794922 0.402344 0.796875 0.408203 0.796875 0.410156 0.798828 0.410156 0.800781 0.412109 0.802734 0.414062 0.802734 0.416016 0.804688 0.423828 0.804688 0.423828 0.800781 0.421875 0.800781 0.419922 0.798828 0.416016 0.798828 0.414062 0.796875 0.412109 0.796875 0.410156 0.794922 0.410156 0.792969 0.404297 0.792969 0.400391 0.789062 0.398438 0.789062 0.396484 0.787109 0.396484 0.785156 0.394531 0.783203 0.392578 0.783203 0.390625 0.781250 0.390625 0.779297 0.388672 0.777344 0.386719 0.777344 0.384766 0.775391 0.384766 0.763672
0 0.523438 0.755859 0.523438 0.763672 0.531250 0.763672 0.531250 0.755859
0 0.515625 0.732422 0.515625 0.740234 0.523438 0.740234 0.523438 0.732422
0 0.904297 0.718750 0.902344 0.720703 0.902344 0.722656 0.902344 0.720703
0 0.509766 0.708984 0.509766 0.716797 0.517578 0.716797 0.517578 0.708984
0 0.910156 0.703125 0.910156 0.710938 0.908203 0.712891 0.910156 0.714844 0.908203 0.716797 0.910156 0.718750 0.910156 0.724609 0.908203 0.726562 0.908203 0.728516 0.906250 0.730469 0.904297 0.730469 0.904297 0.732422 0.902344 0.734375 0.902344 0.748047 0.904297 0.750000 0.904297 0.751953 0.906250 0.751953 0.908203 0.753906 0.908203 0.761719 0.910156 0.763672 0.910156 0.765625 0.912109 0.767578 0.912109 0.773438 0.914062 0.773438 0.914062 0.767578 0.912109 0.765625 0.912109 0.763672 0.910156 0.761719 0.910156 0.751953 0.908203 0.751953 0.904297 0.748047 0.904297 0.734375 0.906250 0.732422 0.912109 0.732422 0.912109 0.703125
0 0.496094 0.671875 0.496094 0.683594 0.498047 0.683594 0.500000 0.685547 0.500000 0.693359 0.507812 0.693359 0.507812 0.685547 0.505859 0.685547 0.503906 0.683594 0.503906 0.671875
0 0.861328 0.582031 0.861328 0.583984 0.859375 0.585938 0.859375 0.595703 0.861328 0.597656 0.861328 0.601562 0.865234 0.601562 0.871094 0.607422 0.871094 0.609375 0.873047 0.609375 0.875000 0.611328 0.875000 0.619141 0.876953 0.619141 0.878906 0.621094 0.878906 0.623047 0.880859 0.625000 0.882812 0.625000 0.884766 0.626953 0.884766 0.628906 0.886719 0.628906 0.888672 0.630859 0.890625 0.630859 0.892578 0.632812 0.892578 0.634766 0.894531 0.634766 0.896484 0.636719 0.896484 0.638672 0.927734 0.638672 0.929688 0.640625 0.931641 0.640625 0.933594 0.642578 0.933594 0.644531 0.935547 0.644531 0.937500 0.646484 0.937500 0.648438 0.939453 0.648438 0.941406 0.650391 0.941406 0.652344 0.943359 0.652344 0.953125 0.662109 0.955078 0.662109 0.957031 0.664062 0.957031 0.667969 0.958984 0.669922 0.960938 0.669922 0.962891 0.671875 0.962891 0.673828 0.964844 0.675781 0.964844 0.677734 0.966797 0.679688 0.966797 0.683594 0.968750 0.683594 0.970703 0.685547 0.970703 0.691406 0.974609 0.695312 0.974609 0.705078 0.972656 0.707031 0.972656 0.724609 0.976562 0.724609 0.976562 0.708984 0.978516 0.707031 0.978516 0.691406 0.974609 0.687500 0.974609 0.681641 0.972656 0.681641 0.970703 0.679688 0.970703 0.673828 0.968750 0.673828 0.966797 0.671875 0.966797 0.669922 0.964844 0.667969 0.964844 0.666016 0.962891 0.666016 0.960938 0.664062 0.958984 0.664062 0.957031 0.662109 0.957031 0.658203 0.949219 0.650391 0.947266 0.650391 0.945312 0.648438 0.943359 0.648438 0.941406 0.646484 0.941406 0.642578 0.939453 0.642578 0.937500 0.640625 0.935547 0.640625 0.933594 0.638672 0.933594 0.634766 0.900391 0.634766 0.898438 0.632812 0.898438 0.630859 0.896484 0.628906 0.894531 0.628906 0.892578 0.626953 0.890625 0.626953 0.888672 0.625000 0.888672 0.621094 0.884766 0.621094 0.880859 0.617188 0.880859 0.615234 0.878906 0.613281 0.878906 0.605469 0.876953 0.605469 0.869141 0.597656 0.867188 0.597656 0.865234 0.595703 0.865234 0.591797 0.863281 0.589844 0.863281 0.587891 0.865234 0.585938 0.865234 0.582031
0 0.017578 0.570312 0.015625 0.572266 0.013672 0.572266 0.011719 0.574219 0.009766 0.574219 0.007812 0.576172 0.007812 0.582031 0.011719 0.582031 0.011719 0.580078 0.013672 0.578125 0.015625 0.578125 0.019531 0.574219 0.027344 0.574219 0.029297 0.576172 0.033203 0.576172 0.035156 0.578125 0.035156 0.580078 0.037109 0.582031 0.037109 0.583984 0.039062 0.585938 0.039062 0.587891 0.041016 0.589844 0.041016 0.595703 0.039062 0.597656 0.039062 0.601562 0.035156 0.605469 0.035156 0.619141 0.033203 0.621094 0.033203 0.626953 0.035156 0.628906 0.035156 0.632812 0.039062 0.636719 0.041016 0.636719 0.042969 0.638672 0.042969 0.640625 0.048828 0.646484 0.048828 0.648438 0.056641 0.648438 0.056641 0.646484 0.058594 0.644531 0.058594 0.640625 0.054688 0.640625 0.054688 0.642578 0.052734 0.644531 0.050781 0.642578 0.050781 0.640625 0.046875 0.636719 0.044922 0.636719 0.042969 0.634766 0.042969 0.632812 0.039062 0.628906 0.039062 0.626953 0.037109 0.625000 0.039062 0.623047 0.039062 0.609375 0.041016 0.607422 0.041016 0.605469 0.042969 0.603516 0.042969 0.601562 0.044922 0.599609 0.044922 0.597656 0.046875 0.595703 0.046875 0.587891 0.044922 0.587891 0.042969 0.585938 0.042969 0.583984 0.041016 0.582031 0.041016 0.578125 0.037109 0.574219 0.037109 0.572266 0.035156 0.572266 0.033203 0.570312
0 0.085938 0.525391 0.085938 0.533203 0.087891 0.533203 0.087891 0.525391
0 0.085938 0.515625 0.085938 0.517578 0.087891 0.517578 0.087891 0.515625
0 0.085938 0.498047 0.085938 0.500000 0.087891 0.500000 0.087891 0.498047
0 0.078125 0.488281 0.078125 0.492188 0.089844 0.492188 0.089844 0.488281
0 0.089844 0.480469 0.087891 0.482422 0.087891 0.484375 0.093750 0.484375 0.093750 0.480469
0 0.416016 0.476562 0.416016 0.484375 0.414062 0.486328 0.414062 0.492188 0.412109 0.494141 0.410156 0.494141 0.410156 0.501953 0.421875 0.501953 0.421875 0.486328 0.423828 0.484375 0.423828 0.476562
0 0.087891 0.474609 0.087891 0.476562 0.089844 0.476562 0.089844 0.474609
0 0.097656 0.457031 0.095703 0.458984 0.093750 0.458984 0.093750 0.460938 0.095703 0.462891 0.093750 0.464844 0.093750 0.466797 0.099609 0.466797 0.099609 0.462891 0.097656 0.462891 0.095703 0.460938 0.097656 0.458984 0.099609 0.458984 0.099609 0.457031
0 0.425781 0.449219 0.425781 0.457031 0.423828 0.458984 0.423828 0.466797 0.431641 0.466797 0.431641 0.458984 0.433594 0.457031 0.433594 0.449219
0 0.101562 0.445312 0.101562 0.447266 0.103516 0.447266 0.103516 0.445312
0 0.103516 0.435547 0.103516 0.439453 0.107422 0.439453 0.107422 0.435547
0 0.111328 0.429688 0.111328 0.431641 0.113281 0.431641 0.113281 0.429688
0 0.117188 0.414062 0.115234 0.416016 0.113281 0.416016 0.113281 0.425781 0.115234 0.425781 0.115234 0.417969 0.117188 0.416016 0.119141 0.416016 0.119141 0.414062
0 0.105469 0.414062 0.105469 0.417969 0.109375 0.417969 0.109375 0.414062
0 0.457031 0.400391 0.457031 0.404297 0.455078 0.406250 0.453125 0.406250 0.453125 0.427734 0.451172 0.429688 0.447266 0.429688 0.447266 0.435547 0.445312 0.437500 0.443359 0.437500 0.443359 0.441406 0.441406 0.443359 0.437500 0.443359 0.437500 0.451172 0.445312 0.451172 0.445312 0.447266 0.447266 0.445312 0.451172 0.445312 0.451172 0.439453 0.453125 0.437500 0.455078 0.437500 0.455078 0.433594 0.457031 0.431641 0.460938 0.431641 0.460938 0.414062 0.462891 0.412109 0.464844 0.412109 0.464844 0.400391
0 0.113281 0.396484 0.113281 0.398438 0.111328 0.400391 0.111328 0.404297 0.115234 0.404297 0.117188 0.406250 0.117188 0.410156 0.119141 0.410156 0.119141 0.404297 0.117188 0.404297 0.115234 0.402344 0.115234 0.396484
0 0.117188 0.369141 0.117188 0.373047 0.115234 0.375000 0.115234 0.376953 0.113281 0.378906 0.111328 0.378906 0.111328 0.380859 0.109375 0.382812 0.107422 0.382812 0.107422 0.384766 0.109375 0.384766 0.111328 0.386719 0.111328 0.392578 0.113281 0.392578 0.115234 0.390625 0.115234 0.380859 0.117188 0.378906 0.119141 0.378906 0.121094 0.376953 0.121094 0.375000 0.123047 0.373047 0.123047 0.369141
0 0.093750 0.369141 0.093750 0.371094 0.095703 0.371094 0.097656 0.373047 0.097656 0.376953 0.099609 0.376953 0.101562 0.378906 0.103516 0.378906 0.103516 0.376953 0.101562 0.376953 0.099609 0.375000 0.099609 0.371094 0.097656 0.371094 0.095703 0.369141
0 0.093750 0.353516 0.093750 0.365234 0.095703 0.365234 0.095703 0.353516
0 0.123047 0.246094 0.123047 0.253906 0.125000 0.253906 0.126953 0.255859 0.126953 0.261719 0.132812 0.261719 0.134766 0.263672 0.134766 0.265625 0.136719 0.267578 0.142578 0.267578 0.144531 0.269531 0.144531 0.271484 0.164062 0.271484 0.164062 0.269531 0.166016 0.267578 0.175781 0.267578 0.177734 0.265625 0.187500 0.265625 0.189453 0.267578 0.195312 0.267578 0.197266 0.269531 0.197266 0.271484 0.201172 0.271484 0.203125 0.273438 0.203125 0.275391 0.205078 0.275391 0.207031 0.277344 0.220703 0.277344 0.220703 0.269531 0.212891 0.269531 0.210938 0.267578 0.210938 0.263672 0.199219 0.263672 0.197266 0.261719 0.197266 0.259766 0.195312 0.257812 0.173828 0.257812 0.171875 0.259766 0.160156 0.259766 0.160156 0.261719 0.158203 0.263672 0.146484 0.263672 0.144531 0.261719 0.144531 0.259766 0.142578 0.257812 0.136719 0.257812 0.134766 0.255859 0.134766 0.250000 0.132812 0.250000 0.130859 0.248047 0.130859 0.246094
0 0.308594 0.029297 0.306641 0.031250 0.302734 0.031250 0.298828 0.035156 0.298828 0.037109 0.296875 0.039062 0.296875 0.041016 0.292969 0.044922 0.292969 0.046875 0.291016 0.048828 0.289062 0.048828 0.289062 0.050781 0.287109 0.052734 0.287109 0.054688 0.285156 0.056641 0.271484 0.056641 0.269531 0.054688 0.267578 0.054688 0.263672 0.050781 0.263672 0.046875 0.261719 0.046875 0.259766 0.044922 0.255859 0.044922 0.253906 0.042969 0.251953 0.042969 0.250000 0.041016 0.250000 0.039062 0.228516 0.039062 0.226562 0.041016 0.224609 0.041016 0.224609 0.046875 0.222656 0.048828 0.222656 0.062500 0.226562 0.066406 0.226562 0.068359 0.228516 0.068359 0.230469 0.070312 0.230469 0.072266 0.232422 0.072266 0.234375 0.074219 0.234375 0.076172 0.236328 0.078125 0.240234 0.078125 0.240234 0.074219 0.238281 0.072266 0.238281 0.070312 0.236328 0.070312 0.234375 0.068359 0.234375 0.066406 0.232422 0.066406 0.228516 0.062500 0.228516 0.060547 0.226562 0.058594 0.226562 0.050781 0.228516 0.048828 0.228516 0.044922 0.230469 0.042969 0.248047 0.042969 0.250000 0.044922 0.250000 0.046875 0.253906 0.046875 0.255859 0.048828 0.257812 0.048828 0.261719 0.052734 0.261719 0.056641 0.263672 0.056641 0.265625 0.058594 0.267578 0.058594 0.269531 0.060547 0.287109 0.060547 0.287109 0.058594 0.289062 0.056641 0.291016 0.056641 0.291016 0.054688 0.292969 0.052734 0.292969 0.050781 0.294922 0.048828 0.296875 0.048828 0.298828 0.046875 0.298828 0.044922 0.300781 0.042969 0.300781 0.041016 0.306641 0.035156 0.308594 0.035156 0.310547 0.033203 0.320312 0.033203 0.320312 0.029297
0 0.140625 0.009766 0.140625 0.013672 0.146484 0.013672 0.148438 0.015625 0.152344 0.015625 0.154297 0.017578 0.154297 0.021484 0.156250 0.021484 0.158203 0.023438 0.162109 0.023438 0.164062 0.025391 0.166016 0.025391 0.167969 0.027344 0.169922 0.027344 0.173828 0.031250 0.177734 0.031250 0.179688 0.033203 0.179688 0.039062 0.183594 0.039062 0.185547 0.041016 0.185547 0.042969 0.187500 0.044922 0.187500 0.052734 0.185547 0.054688 0.185547 0.058594 0.189453 0.058594 0.191406 0.056641 0.191406 0.041016 0.189453 0.039062 0.189453 0.037109 0.185547 0.037109 0.183594 0.035156 0.183594 0.031250 0.179688 0.031250 0.177734 0.029297 0.177734 0.025391 0.175781 0.025391 0.171875 0.021484 0.167969 0.021484 0.166016 0.019531 0.160156 0.019531 0.158203 0.017578 0.156250 0.017578 0.154297 0.015625 0.154297 0.011719 0.148438 0.011719 0.146484 0.009766