0 0.662109 0.957031 0.662109 0.958984 0.658203 0.962891 0.658203 0.964844 0.656250 0.966797 0.656250 0.970703 0.648438 0.978516 0.648438 0.984375 0.646484 0.986328 0.644531 0.986328 0.644531 0.992188 0.669922 0.992188 0.673828 0.988281 0.673828 0.986328 0.675781 0.984375 0.675781 0.978516 0.677734 0.976562 0.677734 0.968750 0.675781 0.968750 0.673828 0.966797 0.673828 0.960938 0.671875 0.958984 0.669922 0.958984 0.667969 0.957031
0 0.746094 0.613281 0.742188 0.617188 0.742188 0.621094 0.746094 0.621094 0.748047 0.619141 0.750000 0.619141 0.751953 0.617188 0.751953 0.613281
0 0.865234 0.597656 0.865234 0.599609 0.863281 0.601562 0.861328 0.601562 0.857422 0.605469 0.857422 0.607422 0.855469 0.609375 0.855469 0.611328 0.853516 0.613281 0.853516 0.619141 0.857422 0.623047 0.859375 0.623047 0.863281 0.619141 0.867188 0.619141 0.869141 0.617188 0.869141 0.605469 0.871094 0.603516 0.871094 0.597656
0 0.931641 0.587891 0.931641 0.591797 0.929688 0.593750 0.931641 0.595703 0.935547 0.595703 0.937500 0.597656 0.935547 0.599609 0.949219 0.599609 0.951172 0.597656 0.955078 0.597656 0.955078 0.593750 0.953125 0.591797 0.949219 0.591797 0.947266 0.589844 0.943359 0.589844 0.941406 0.587891
0 0.779297 0.535156 0.779297 0.541016 0.777344 0.542969 0.775391 0.542969 0.773438 0.544922 0.771484 0.544922 0.769531 0.546875 0.765625 0.546875 0.763672 0.544922 0.763672 0.542969 0.761719 0.544922 0.759766 0.542969 0.757812 0.542969 0.755859 0.541016 0.755859 0.539062 0.746094 0.539062 0.746094 0.544922 0.744141 0.546875 0.736328 0.546875 0.736328 0.548828 0.734375 0.550781 0.734375 0.552734 0.732422 0.554688 0.730469 0.554688 0.730469 0.558594 0.728516 0.560547 0.726562 0.560547 0.724609 0.562500 0.722656 0.562500 0.726562 0.566406 0.726562 0.568359 0.728516 0.568359 0.730469 0.570312 0.730469 0.578125 0.732422 0.578125 0.734375 0.580078 0.738281 0.580078 0.740234 0.582031 0.742188 0.582031 0.744141 0.580078 0.753906 0.580078 0.755859 0.582031 0.755859 0.587891 0.753906 0.589844 0.751953 0.589844 0.751953 0.591797 0.753906 0.593750 0.753906 0.599609 0.755859 0.601562 0.755859 0.603516 0.761719 0.609375 0.763672 0.609375 0.765625 0.607422 0.771484 0.607422 0.773438 0.609375 0.775391 0.609375 0.777344 0.611328 0.777344 0.613281 0.779297 0.613281 0.783203 0.617188 0.783203 0.619141 0.785156 0.619141 0.787109 0.621094 0.787109 0.619141 0.789062 0.617188 0.789062 0.613281 0.792969 0.609375 0.792969 0.605469 0.794922 0.603516 0.798828 0.607422 0.798828 0.611328 0.800781 0.613281 0.798828 0.615234 0.800781 0.615234 0.802734 0.617188 0.802734 0.623047 0.812500 0.613281 0.820312 0.613281 0.820312 0.611328 0.822266 0.609375 0.822266 0.597656 0.820312 0.595703 0.820312 0.593750 0.818359 0.593750 0.816406 0.591797 0.814453 0.591797 0.812500 0.589844 0.812500 0.587891 0.810547 0.585938 0.810547 0.582031 0.808594 0.582031 0.806641 0.580078 0.806641 0.578125 0.804688 0.578125 0.802734 0.576172 0.802734 0.570312 0.800781 0.570312 0.798828 0.568359 0.798828 0.558594 0.792969 0.558594 0.789062 0.554688 0.789062 0.552734 0.787109 0.550781 0.787109 0.546875 0.789062 0.544922 0.791016 0.544922 0.791016 0.542969 0.789062 0.542969 0.787109 0.541016 0.787109 0.537109 0.785156 0.539062 0.783203 0.537109 0.781250 0.537109
0 0.722656 0.519531 0.722656 0.523438 0.720703 0.525391 0.720703 0.527344 0.718750 0.529297 0.720703 0.529297 0.722656 0.531250 0.724609 0.531250 0.726562 0.529297 0.728516 0.529297 0.728516 0.521484 0.726562 0.521484 0.724609 0.519531
0 0.816406 0.480469 0.814453 0.482422 0.810547 0.482422 0.808594 0.484375 0.804688 0.484375 0.804688 0.486328 0.802734 0.488281 0.802734 0.490234 0.800781 0.492188 0.796875 0.492188 0.794922 0.490234 0.794922 0.488281 0.792969 0.488281 0.791016 0.490234 0.789062 0.490234 0.787109 0.492188 0.787109 0.494141 0.785156 0.496094 0.785156 0.500000 0.787109 0.501953 0.787109 0.507812 0.789062 0.509766 0.789062 0.515625 0.791016 0.515625 0.792969 0.517578 0.794922 0.517578 0.798828 0.521484 0.822266 0.521484 0.822266 0.513672 0.824219 0.511719 0.824219 0.509766 0.826172 0.507812 0.826172 0.498047 0.824219 0.496094 0.824219 0.492188 0.822266 0.490234 0.822266 0.486328 0.820312 0.484375 0.820312 0.482422 0.818359 0.482422
0 0.951172 0.478516 0.945312 0.484375 0.943359 0.484375 0.943359 0.486328 0.941406 0.488281 0.941406 0.494141 0.943359 0.496094 0.939453 0.500000 0.935547 0.500000 0.935547 0.501953 0.931641 0.505859 0.933594 0.507812 0.933594 0.509766 0.931641 0.511719 0.931641 0.521484 0.929688 0.523438 0.925781 0.523438 0.925781 0.533203 0.919922 0.539062 0.917969 0.539062 0.917969 0.544922 0.927734 0.544922 0.933594 0.550781 0.933594 0.552734 0.941406 0.552734 0.943359 0.554688 0.943359 0.556641 0.947266 0.552734 0.951172 0.556641 0.953125 0.556641 0.957031 0.560547 0.957031 0.564453 0.958984 0.566406 0.955078 0.570312 0.955078 0.574219 0.957031 0.576172 0.962891 0.576172 0.966797 0.580078 0.970703 0.576172 0.976562 0.582031 0.976562 0.585938 0.980469 0.589844 0.980469 0.595703 0.982422 0.595703 0.984375 0.597656 0.982422 0.599609 0.982422 0.603516 0.986328 0.607422 0.986328 0.615234 0.988281 0.617188 0.988281 0.621094 0.990234 0.621094 0.992188 0.623047 0.992188 0.509766 0.990234 0.509766 0.986328 0.505859 0.984375 0.505859 0.982422 0.503906 0.982422 0.501953 0.980469 0.500000 0.980469 0.498047 0.976562 0.498047 0.972656 0.494141 0.972656 0.492188 0.970703 0.490234 0.970703 0.488281 0.968750 0.486328 0.962891 0.486328 0.958984 0.482422 0.957031 0.482422 0.955078 0.480469 0.955078 0.478516
0 0.806641 0.451172 0.800781 0.457031 0.800781 0.458984 0.802734 0.460938 0.804688 0.460938 0.806641 0.462891 0.810547 0.458984 0.810547 0.451172
0 0.970703 0.435547 0.968750 0.437500 0.968750 0.445312 0.972656 0.445312 0.976562 0.449219 0.976562 0.451172 0.978516 0.453125 0.984375 0.453125 0.990234 0.458984 0.992188 0.458984 0.992188 0.445312 0.988281 0.441406 0.984375 0.441406 0.978516 0.435547
0 0.978516 0.228516 0.978516 0.230469 0.976562 0.232422 0.974609 0.232422 0.972656 0.234375 0.970703 0.234375 0.968750 0.236328 0.966797 0.236328 0.964844 0.238281 0.964844 0.246094 0.966797 0.248047 0.962891 0.251953 0.960938 0.251953 0.958984 0.253906 0.953125 0.253906 0.951172 0.251953 0.947266 0.255859 0.945312 0.255859 0.945312 0.257812 0.947266 0.257812 0.951172 0.261719 0.951172 0.263672 0.949219 0.265625 0.953125 0.265625 0.957031 0.269531 0.955078 0.271484 0.957031 0.271484 0.966797 0.281250 0.966797 0.283203 0.972656 0.289062 0.974609 0.289062 0.976562 0.291016 0.976562 0.292969 0.978516 0.292969 0.980469 0.294922 0.982422 0.294922 0.986328 0.298828 0.986328 0.302734 0.988281 0.304688 0.990234 0.304688 0.992188 0.306641 0.992188 0.230469 0.986328 0.230469 0.984375 0.228516
0 0.990234 0.101562 0.988281 0.103516 0.988281 0.107422 0.986328 0.109375 0.984375 0.109375 0.984375 0.119141 0.986328 0.121094 0.986328 0.123047 0.992188 0.123047 0.992188 0.101562
0 0.958984 0.000000 0.958984 0.001953 0.960938 0.003906 0.960938 0.007812 0.958984 0.009766 0.962891 0.013672 0.962891 0.017578 0.962891 0.015625 0.964844 0.013672 0.968750 0.013672 0.970703 0.011719 0.972656 0.011719 0.974609 0.009766 0.978516 0.009766 0.978516 0.007812 0.980469 0.005859 0.982422 0.005859 0.984375 0.003906 0.984375 0.000000
0 0.000000 0.000000 0.000000 0.992188 0.554688 0.992188 0.552734 0.990234 0.550781 0.990234 0.546875 0.986328 0.548828 0.984375 0.548828 0.980469 0.552734 0.976562 0.556641 0.976562 0.558594 0.978516 0.560547 0.978516 0.560547 0.974609 0.562500 0.972656 0.564453 0.974609 0.566406 0.972656 0.568359 0.972656 0.570312 0.974609 0.574219 0.974609 0.578125 0.978516 0.578125 0.980469 0.570312 0.988281 0.570312 0.990234 0.568359 0.992188 0.566406 0.992188 0.625000 0.992188 0.623047 0.990234 0.623047 0.982422 0.621094 0.980469 0.623047 0.978516 0.625000 0.978516 0.628906 0.974609 0.630859 0.974609 0.630859 0.970703 0.632812 0.968750 0.630859 0.966797 0.626953 0.966797 0.625000 0.968750 0.623047 0.968750 0.621094 0.970703 0.615234 0.970703 0.611328 0.966797 0.611328 0.964844 0.607422 0.960938 0.609375 0.958984 0.613281 0.958984 0.615234 0.957031 0.617188 0.957031 0.619141 0.955078 0.623047 0.955078 0.625000 0.957031 0.626953 0.955078 0.630859 0.958984 0.632812 0.958984 0.634766 0.957031 0.636719 0.957031 0.638672 0.955078 0.646484 0.955078 0.646484 0.951172 0.648438 0.949219 0.650391 0.949219 0.650391 0.939453 0.648438 0.939453 0.646484 0.937500 0.646484 0.933594 0.648438 0.931641 0.650391 0.931641 0.652344 0.933594 0.656250 0.933594 0.658203 0.931641 0.660156 0.933594 0.662109 0.931641 0.669922 0.931641 0.671875 0.929688 0.673828 0.929688 0.675781 0.931641 0.675781 0.929688 0.677734 0.927734 0.677734 0.917969 0.679688 0.916016 0.681641 0.916016 0.683594 0.914062 0.687500 0.914062 0.689453 0.916016 0.693359 0.916016 0.695312 0.914062 0.695312 0.908203 0.693359 0.906250 0.693359 0.902344 0.691406 0.900391 0.691406 0.896484 0.689453 0.896484 0.687500 0.894531 0.687500 0.892578 0.691406 0.888672 0.691406 0.886719 0.697266 0.880859 0.699219 0.882812 0.699219 0.884766 0.701172 0.884766 0.703125 0.886719 0.703125 0.890625 0.705078 0.892578 0.703125 0.894531 0.703125 0.896484 0.701172 0.898438 0.701172 0.900391 0.703125 0.902344 0.703125 0.908203 0.705078 0.910156 0.707031 0.908203 0.708984 0.910156 0.708984 0.912109 0.710938 0.914062 0.710938 0.916016 0.708984 0.917969 0.707031 0.917969 0.707031 0.919922 0.703125 0.923828 0.703125 0.927734 0.701172 0.929688 0.699219 0.929688 0.699219 0.931641 0.697266 0.933594 0.697266 0.935547 0.695312 0.937500 0.695312 0.939453 0.693359 0.941406 0.685547 0.941406 0.685547 0.943359 0.683594 0.945312 0.683594 0.947266 0.681641 0.949219 0.679688 0.949219 0.679688 0.951172 0.677734 0.953125 0.683594 0.958984 0.683594 0.960938 0.685547 0.962891 0.687500 0.962891 0.687500 0.958984 0.691406 0.955078 0.693359 0.955078 0.697266 0.958984 0.697266 0.966797 0.699219 0.968750 0.699219 0.970703 0.701172 0.972656 0.701172 0.974609 0.703125 0.974609 0.705078 0.976562 0.705078 0.978516 0.708984 0.978516 0.710938 0.976562 0.712891 0.976562 0.714844 0.978516 0.718750 0.978516 0.720703 0.980469 0.716797 0.984375 0.708984 0.984375 0.705078 0.988281 0.703125 0.988281 0.703125 0.992188 0.992188 0.992188 0.992188 0.634766 0.986328 0.634766 0.984375 0.632812 0.980469 0.632812 0.976562 0.636719 0.970703 0.636719 0.964844 0.642578 0.960938 0.638672 0.951172 0.638672 0.949219 0.640625 0.937500 0.640625 0.935547 0.638672 0.935547 0.636719 0.933594 0.634766 0.931641 0.634766 0.927734 0.630859 0.927734 0.628906 0.919922 0.628906 0.916016 0.625000 0.921875 0.619141 0.923828 0.619141 0.927734 0.623047 0.933594 0.623047 0.935547 0.625000 0.935547 0.626953 0.937500 0.628906 0.943359 0.628906 0.943359 0.617188 0.941406 0.617188 0.937500 0.613281 0.937500 0.611328 0.935547 0.611328 0.931641 0.607422 0.929688 0.607422 0.927734 0.605469 0.927734 0.601562 0.925781 0.599609 0.925781 0.597656 0.923828 0.597656 0.921875 0.595703 0.919922 0.595703 0.917969 0.593750 0.917969 0.589844 0.916016 0.587891 0.916016 0.585938 0.912109 0.585938 0.912109 0.589844 0.906250 0.595703 0.906250 0.603516 0.904297 0.605469 0.904297 0.609375 0.906250 0.611328 0.908203 0.611328 0.910156 0.613281 0.910156 0.615234 0.908203 0.617188 0.908203 0.621094 0.906250 0.623047 0.902344 0.623047 0.902344 0.625000 0.900391 0.626953 0.898438 0.626953 0.896484 0.628906 0.894531 0.628906 0.894531 0.634766 0.898438 0.638672 0.898438 0.642578 0.904297 0.642578 0.908203 0.646484 0.906250 0.648438 0.904297 0.648438 0.902344 0.650391 0.900391 0.650391 0.892578 0.642578 0.884766 0.642578 0.884766 0.654297 0.886719 0.656250 0.884766 0.658203 0.890625 0.664062 0.890625 0.666016 0.892578 0.666016 0.894531 0.667969 0.894531 0.669922 0.898438 0.669922 0.902344 0.673828 0.904297 0.671875 0.904297 0.666016 0.908203 0.662109 0.912109 0.662109 0.914062 0.660156 0.916016 0.662109 0.916016 0.664062 0.917969 0.666016 0.921875 0.666016 0.923828 0.667969 0.923828 0.669922 0.921875 0.671875 0.919922 0.671875 0.917969 0.673828 0.916016 0.671875 0.908203 0.671875 0.908203 0.673828 0.906250 0.675781 0.906250 0.677734 0.908203 0.679688 0.908203 0.681641 0.906250 0.683594 0.906250 0.685547 0.904297 0.687500 0.904297 0.691406 0.902344 0.693359 0.900391 0.691406 0.888672 0.691406 0.886719 0.689453 0.886719 0.687500 0.884766 0.685547 0.884766 0.683594 0.880859 0.679688 0.876953 0.679688 0.871094 0.673828 0.871094 0.671875 0.867188 0.671875 0.865234 0.669922 0.865234 0.667969 0.863281 0.666016 0.861328 0.666016 0.859375 0.664062 0.859375 0.660156 0.853516 0.660156 0.853516 0.662109 0.851562 0.664062 0.851562 0.671875 0.849609 0.673828 0.845703 0.673828 0.843750 0.675781 0.839844 0.671875 0.828125 0.671875 0.822266 0.677734 0.822266 0.679688 0.820312 0.681641 0.820312 0.689453 0.822266 0.689453 0.824219 0.691406 0.824219 0.697266 0.828125 0.697266 0.832031 0.701172 0.833984 0.701172 0.835938 0.703125 0.835938 0.712891 0.839844 0.716797 0.839844 0.718750 0.841797 0.720703 0.841797 0.724609 0.839844 0.726562 0.837891 0.726562 0.835938 0.728516 0.835938 0.732422 0.833984 0.734375 0.830078 0.734375 0.830078 0.736328 0.824219 0.742188 0.824219 0.744141 0.822266 0.746094 0.820312 0.746094 0.822266 0.748047 0.820312 0.750000 0.814453 0.750000 0.810547 0.753906 0.810547 0.755859 0.808594 0.757812 0.808594 0.759766 0.806641 0.761719 0.806641 0.765625 0.804688 0.767578 0.804688 0.777344 0.800781 0.781250 0.800781 0.787109 0.798828 0.789062 0.798828 0.794922 0.796875 0.796875 0.796875 0.800781 0.794922 0.802734 0.792969 0.800781 0.791016 0.802734 0.789062 0.802734 0.787109 0.804688 0.777344 0.804688 0.777344 0.806641 0.775391 0.808594 0.777344 0.810547 0.777344 0.816406 0.775391 0.818359 0.773438 0.818359 0.771484 0.820312 0.771484 0.822266 0.769531 0.824219 0.767578 0.822266 0.767578 0.818359 0.763672 0.814453 0.763672 0.812500 0.761719 0.810547 0.763672 0.808594 0.763672 0.802734 0.759766 0.798828 0.759766 0.794922 0.761719 0.792969 0.761719 0.791016 0.763672 0.789062 0.763672 0.787109 0.767578 0.783203 0.767578 0.779297 0.763672 0.775391 0.763672 0.771484 0.767578 0.767578 0.769531 0.769531 0.773438 0.769531 0.775391 0.771484 0.787109 0.771484 0.787109 0.769531 0.791016 0.765625 0.791016 0.761719 0.787109 0.757812 0.787109 0.753906 0.789062 0.751953 0.789062 0.750000 0.791016 0.748047 0.791016 0.742188 0.794922 0.738281 0.794922 0.736328 0.796875 0.734375 0.796875 0.732422 0.794922 0.730469 0.794922 0.726562 0.791016 0.722656 0.792969 0.720703 0.794922 0.720703 0.794922 0.716797 0.791016 0.712891 0.791016 0.710938 0.792969 0.708984 0.791016 0.710938 0.787109 0.710938 0.785156 0.708984 0.787109 0.707031 0.783203 0.707031 0.781250 0.705078 0.781250 0.703125 0.779297 0.701172 0.777344 0.701172 0.775391 0.699219 0.773438 0.701172 0.771484 0.699219 0.771484 0.685547 0.775391 0.681641 0.775391 0.675781 0.777344 0.673828 0.779297 0.673828 0.779297 0.671875 0.781250 0.669922 0.785156 0.669922 0.789062 0.673828 0.789062 0.675781 0.792969 0.675781 0.794922 0.677734 0.804688 0.677734 0.806641 0.679688 0.806641 0.681641 0.812500 0.681641 0.812500 0.673828 0.808594 0.669922 0.808594 0.667969 0.810547 0.666016 0.810547 0.662109 0.808594 0.660156 0.808594 0.656250 0.806641 0.654297 0.800781 0.654297 0.798828 0.652344 0.796875 0.652344 0.794922 0.650391 0.794922 0.648438 0.779297 0.648438 0.777344 0.646484 0.771484 0.646484 0.769531 0.644531 0.767578 0.644531 0.765625 0.642578 0.765625 0.640625 0.761719 0.640625 0.759766 0.638672 0.753906 0.638672 0.753906 0.644531 0.761719 0.652344 0.759766 0.654297 0.751953 0.654297 0.750000 0.652344 0.748047 0.652344 0.746094 0.650391 0.734375 0.650391 0.730469 0.654297 0.730469 0.660156 0.728516 0.662109 0.728516 0.664062 0.724609 0.667969 0.722656 0.666016 0.722656 0.664062 0.720703 0.664062 0.716797 0.660156 0.714844 0.660156 0.712891 0.658203 0.710938 0.658203 0.708984 0.656250 0.707031 0.656250 0.705078 0.654297 0.705078 0.650391 0.691406 0.650391 0.687500 0.654297 0.683594 0.654297 0.681641 0.652344 0.679688 0.652344 0.675781 0.648438 0.675781 0.644531 0.671875 0.648438 0.669922 0.648438 0.667969 0.646484 0.666016 0.646484 0.664062 0.644531 0.664062 0.642578 0.660156 0.642578 0.654297 0.636719 0.652344 0.636719 0.650391 0.634766 0.650391 0.632812 0.648438 0.632812 0.646484 0.630859 0.646484 0.628906 0.634766 0.628906 0.632812 0.630859 0.630859 0.630859 0.628906 0.628906 0.626953 0.630859 0.623047 0.630859 0.621094 0.628906 0.621094 0.625000 0.623047 0.623047 0.625000 0.623047 0.625000 0.617188 0.628906 0.613281 0.628906 0.609375 0.630859 0.607422 0.630859 0.601562 0.628906 0.599609 0.628906 0.591797 0.625000 0.591797 0.625000 0.593750 0.617188 0.601562 0.609375 0.601562 0.607422 0.603516 0.603516 0.599609 0.603516 0.597656 0.601562 0.595703 0.601562 0.591797 0.603516 0.589844 0.603516 0.585938 0.605469 0.583984 0.607422 0.583984 0.607422 0.582031 0.609375 0.580078 0.611328 0.580078 0.611328 0.578125 0.613281 0.576172 0.613281 0.574219 0.617188 0.570312 0.621094 0.570312 0.621094 0.568359 0.623047 0.566406 0.625000 0.566406 0.626953 0.568359 0.628906 0.568359 0.630859 0.570312 0.628906 0.572266 0.626953 0.572266 0.626953 0.583984 0.636719 0.593750 0.636719 0.595703 0.640625 0.595703 0.642578 0.593750 0.646484 0.593750 0.648438 0.595703 0.648438 0.593750 0.650391 0.591797 0.652344 0.593750 0.652344 0.597656 0.654297 0.599609 0.656250 0.599609 0.658203 0.601562 0.660156 0.599609 0.664062 0.603516 0.664062 0.607422 0.667969 0.607422 0.669922 0.609375 0.671875 0.607422 0.675781 0.607422 0.675781 0.591797 0.673828 0.589844 0.669922 0.589844 0.666016 0.585938 0.666016 0.580078 0.662109 0.580078 0.660156 0.578125 0.660156 0.570312 0.652344 0.562500 0.650391 0.562500 0.648438 0.560547 0.648438 0.558594 0.646484 0.556641 0.642578 0.556641 0.640625 0.554688 0.634766 0.554688 0.632812 0.552734 0.628906 0.552734 0.623047 0.546875 0.626953 0.542969 0.628906 0.542969 0.630859 0.541016 0.632812 0.541016 0.634766 0.539062 0.638672 0.539062 0.640625 0.541016 0.642578 0.541016 0.644531 0.542969 0.646484 0.541016 0.652344 0.546875 0.658203 0.546875 0.662109 0.542969 0.662109 0.537109 0.660156 0.537109 0.658203 0.535156 0.658203 0.533203 0.656250 0.533203 0.652344 0.529297 0.650391 0.529297 0.648438 0.527344 0.646484 0.527344 0.644531 0.525391 0.642578 0.527344 0.640625 0.525391 0.640625 0.519531 0.644531 0.515625 0.648438 0.515625 0.650391 0.517578 0.648438 0.519531 0.654297 0.519531 0.656250 0.521484 0.666016 0.521484 0.666016 0.517578 0.669922 0.513672 0.673828 0.513672 0.675781 0.515625 0.677734 0.515625 0.679688 0.517578 0.681641 0.517578 0.683594 0.519531 0.687500 0.519531 0.689453 0.517578 0.689453 0.515625 0.691406 0.513672 0.693359 0.513672 0.697266 0.509766 0.699219 0.509766 0.699219 0.507812 0.701172 0.505859 0.703125 0.507812 0.705078 0.505859 0.707031 0.505859 0.712891 0.511719 0.712891 0.513672 0.716797 0.513672 0.722656 0.507812 0.724609 0.509766 0.726562 0.509766 0.728516 0.511719 0.730469 0.509766 0.738281 0.509766 0.740234 0.511719 0.740234 0.513672 0.744141 0.513672 0.744141 0.511719 0.746094 0.509766 0.748047 0.509766 0.746094 0.509766 0.744141 0.507812 0.744141 0.505859 0.742188 0.505859 0.740234 0.503906 0.740234 0.500000 0.736328 0.500000 0.734375 0.498047 0.736328 0.496094 0.736328 0.494141 0.726562 0.484375 0.728516 0.482422 0.730469 0.482422 0.732422 0.480469 0.732422 0.478516 0.734375 0.476562 0.738281 0.476562 0.738281 0.474609 0.734375 0.470703 0.734375 0.468750 0.730469 0.464844 0.732422 0.462891 0.736328 0.462891 0.742188 0.457031 0.748047 0.457031 0.751953 0.453125 0.759766 0.453125 0.759766 0.451172 0.761719 0.449219 0.761719 0.447266 0.771484 0.437500 0.773438 0.437500 0.789062 0.421875 0.789062 0.416016 0.787109 0.414062 0.785156 0.414062 0.779297 0.408203 0.771484 0.408203 0.763672 0.416016 0.761719 0.416016 0.759766 0.414062 0.759766 0.412109 0.751953 0.404297 0.751953 0.402344 0.755859 0.398438 0.755859 0.396484 0.757812 0.394531 0.757812 0.392578 0.759766 0.390625 0.759766 0.384766 0.761719 0.382812 0.763672 0.382812 0.771484 0.375000 0.773438 0.375000 0.773438 0.369141 0.771484 0.367188 0.771484 0.363281 0.773438 0.361328 0.773438 0.359375 0.775391 0.357422 0.773438 0.355469 0.771484 0.355469 0.769531 0.353516 0.767578 0.353516 0.765625 0.351562 0.765625 0.347656 0.767578 0.345703 0.767578 0.343750 0.765625 0.341797 0.765625 0.339844 0.763672 0.337891 0.763672 0.335938 0.759766 0.335938 0.757812 0.333984 0.757812 0.326172 0.753906 0.322266 0.753906 0.314453 0.755859 0.312500 0.757812 0.312500 0.757812 0.306641 0.759766 0.304688 0.759766 0.298828 0.757812 0.296875 0.757812 0.294922 0.755859 0.294922 0.753906 0.292969 0.750000 0.292969 0.750000 0.294922 0.748047 0.296875 0.742188 0.296875 0.740234 0.298828 0.738281 0.298828 0.736328 0.300781 0.738281 0.302734 0.738281 0.304688 0.736328 0.306641 0.732422 0.302734 0.728516 0.302734 0.724609 0.298828 0.722656 0.298828 0.720703 0.296875 0.714844 0.296875 0.705078 0.287109 0.705078 0.285156 0.703125 0.285156 0.701172 0.283203 0.701172 0.281250 0.697266 0.277344 0.697266 0.273438 0.701172 0.269531 0.701172 0.267578 0.703125 0.265625 0.703125 0.263672 0.705078 0.261719 0.712891 0.261719 0.714844 0.263672 0.720703 0.263672 0.722656 0.265625 0.722656 0.267578 0.724609 0.269531 0.726562 0.269531 0.728516 0.267578 0.738281 0.267578 0.746094 0.259766 0.751953 0.259766 0.755859 0.263672 0.763672 0.263672 0.763672 0.259766 0.765625 0.257812 0.769531 0.257812 0.771484 0.255859 0.773438 0.255859 0.777344 0.251953 0.787109 0.251953 0.787109 0.246094 0.789062 0.244141 0.794922 0.244141 0.794922 0.242188 0.796875 0.240234 0.798828 0.240234 0.798828 0.236328 0.802734 0.232422 0.804688 0.232422 0.806641 0.230469 0.812500 0.230469 0.812500 0.224609 0.810547 0.222656 0.812500 0.220703 0.814453 0.220703 0.810547 0.216797 0.810547 0.212891 0.808594 0.210938 0.806641 0.210938 0.804688 0.208984 0.810547 0.203125 0.812500 0.203125 0.816406 0.199219 0.816406 0.197266 0.818359 0.195312 0.818359 0.193359 0.814453 0.189453 0.812500 0.189453 0.810547 0.187500 0.810547 0.185547 0.808594 0.183594 0.810547 0.181641 0.810547 0.160156 0.814453 0.156250 0.814453 0.154297 0.816406 0.152344 0.816406 0.144531 0.818359 0.142578 0.818359 0.136719 0.820312 0.134766 0.822266 0.134766 0.822266 0.132812 0.824219 0.130859 0.826172 0.130859 0.828125 0.128906 0.830078 0.128906 0.830078 0.125000 0.832031 0.123047 0.833984 0.123047 0.832031 0.123047 0.830078 0.121094 0.830078 0.117188 0.828125 0.115234 0.828125 0.113281 0.830078 0.111328 0.828125 0.109375 0.828125 0.097656 0.832031 0.093750 0.833984 0.093750 0.833984 0.082031 0.839844 0.076172 0.841797 0.076172 0.843750 0.078125 0.845703 0.076172 0.845703 0.072266 0.843750 0.070312 0.843750 0.068359 0.841797 0.066406 0.841797 0.060547 0.843750 0.058594 0.843750 0.056641 0.845703 0.054688 0.845703 0.042969 0.847656 0.041016 0.851562 0.041016 0.851562 0.037109 0.853516 0.035156 0.853516 0.033203 0.855469 0.031250 0.855469 0.027344 0.859375 0.023438 0.863281 0.023438 0.867188 0.019531 0.871094 0.023438 0.871094 0.029297 0.869141 0.031250 0.869141 0.033203 0.867188 0.035156 0.867188 0.039062 0.865234 0.041016 0.869141 0.041016 0.871094 0.042969 0.871094 0.052734 0.876953 0.052734 0.878906 0.054688 0.882812 0.054688 0.884766 0.056641 0.888672 0.056641 0.890625 0.054688 0.896484 0.054688 0.898438 0.056641 0.898438 0.058594 0.900391 0.060547 0.900391 0.062500 0.904297 0.066406 0.904297 0.070312 0.902344 0.072266 0.902344 0.074219 0.900391 0.076172 0.900391 0.083984 0.902344 0.085938 0.902344 0.087891 0.908203 0.093750 0.906250 0.095703 0.906250 0.103516 0.908203 0.103516 0.910156 0.105469 0.910156 0.107422 0.912109 0.107422 0.914062 0.109375 0.914062 0.115234 0.912109 0.117188 0.910156 0.117188 0.904297 0.123047 0.902344 0.123047 0.900391 0.125000 0.896484 0.125000 0.896484 0.126953 0.892578 0.130859 0.892578 0.134766 0.894531 0.134766 0.896484 0.136719 0.896484 0.140625 0.904297 0.140625 0.906250 0.142578 0.912109 0.142578 0.914062 0.140625 0.916016 0.140625 0.916016 0.134766 0.919922 0.130859 0.923828 0.130859 0.925781 0.128906 0.927734 0.128906 0.929688 0.126953 0.931641 0.126953 0.933594 0.125000 0.937500 0.125000 0.937500 0.123047 0.939453 0.121094 0.939453 0.117188 0.941406 0.115234 0.943359 0.115234 0.943359 0.107422 0.937500 0.101562 0.935547 0.101562 0.933594 0.099609 0.935547 0.097656 0.935547 0.095703 0.931641 0.095703 0.923828 0.087891 0.923828 0.082031 0.925781 0.080078 0.929688 0.080078 0.935547 0.074219 0.935547 0.068359 0.933594 0.066406 0.929688 0.066406 0.923828 0.060547 0.921875 0.060547 0.916016 0.054688 0.914062 0.054688 0.912109 0.052734 0.912109 0.050781 0.908203 0.046875 0.908203 0.042969 0.904297 0.039062 0.904297 0.031250 0.900391 0.031250 0.898438 0.029297 0.898438 0.027344 0.894531 0.027344 0.892578 0.025391 0.892578 0.023438 0.894531 0.021484 0.894531 0.017578 0.900391 0.011719 0.902344 0.011719 0.908203 0.005859 0.916016 0.005859 0.916016 0.001953 0.917969 0.000000 0.921875 0.000000