0 0.632812 0.925781 0.632812 0.927734 0.628906 0.931641 0.625000 0.931641 0.625000 0.937500 0.628906 0.941406 0.632812 0.941406 0.636719 0.937500 0.640625 0.937500 0.642578 0.935547 0.642578 0.933594 0.644531 0.931641 0.646484 0.931641 0.646484 0.929688 0.640625 0.929688 0.638672 0.927734 0.638672 0.925781
0 0.228516 0.919922 0.224609 0.923828 0.222656 0.923828 0.222656 0.931641 0.224609 0.931641 0.226562 0.933594 0.226562 0.937500 0.232422 0.937500 0.234375 0.939453 0.228516 0.945312 0.228516 0.957031 0.230469 0.958984 0.230469 0.960938 0.232422 0.962891 0.234375 0.960938 0.236328 0.960938 0.238281 0.958984 0.240234 0.958984 0.242188 0.957031 0.246094 0.960938 0.246094 0.962891 0.242188 0.966797 0.240234 0.966797 0.236328 0.970703 0.236328 0.980469 0.244141 0.980469 0.251953 0.972656 0.253906 0.972656 0.259766 0.966797 0.259766 0.955078 0.255859 0.951172 0.255859 0.947266 0.251953 0.943359 0.251953 0.941406 0.255859 0.937500 0.261719 0.937500 0.263672 0.939453 0.263672 0.929688 0.261719 0.929688 0.259766 0.927734 0.244141 0.927734 0.242188 0.925781 0.240234 0.925781 0.236328 0.921875 0.236328 0.919922
0 0.472656 0.892578 0.470703 0.894531 0.470703 0.898438 0.474609 0.902344 0.476562 0.902344 0.478516 0.904297 0.478516 0.896484 0.476562 0.894531 0.476562 0.892578
0 0.607422 0.863281 0.605469 0.865234 0.605469 0.869141 0.607422 0.871094 0.613281 0.871094 0.615234 0.873047 0.621094 0.873047 0.623047 0.871094 0.623047 0.869141 0.621094 0.869141 0.619141 0.867188 0.615234 0.867188 0.613281 0.865234 0.615234 0.863281
0 0.541016 0.857422 0.539062 0.859375 0.533203 0.859375 0.531250 0.861328 0.529297 0.861328 0.527344 0.863281 0.525391 0.863281 0.523438 0.865234 0.513672 0.865234 0.511719 0.867188 0.501953 0.867188 0.500000 0.865234 0.496094 0.869141 0.490234 0.869141 0.486328 0.873047 0.486328 0.880859 0.492188 0.880859 0.494141 0.882812 0.494141 0.886719 0.488281 0.892578 0.488281 0.894531 0.486328 0.896484 0.486328 0.900391 0.488281 0.902344 0.486328 0.904297 0.486328 0.908203 0.490234 0.912109 0.490234 0.917969 0.488281 0.919922 0.488281 0.923828 0.490234 0.925781 0.490234 0.927734 0.492188 0.929688 0.492188 0.931641 0.494141 0.931641 0.500000 0.937500 0.501953 0.937500 0.503906 0.939453 0.507812 0.939453 0.509766 0.941406 0.509766 0.943359 0.515625 0.949219 0.515625 0.951172 0.517578 0.953125 0.517578 0.957031 0.519531 0.958984 0.519531 0.960938 0.521484 0.960938 0.523438 0.962891 0.527344 0.962891 0.529297 0.964844 0.531250 0.964844 0.533203 0.966797 0.539062 0.966797 0.544922 0.972656 0.546875 0.970703 0.552734 0.970703 0.554688 0.972656 0.556641 0.972656 0.560547 0.976562 0.562500 0.976562 0.564453 0.974609 0.570312 0.974609 0.572266 0.976562 0.578125 0.976562 0.580078 0.978516 0.582031 0.978516 0.582031 0.968750 0.587891 0.962891 0.593750 0.962891 0.595703 0.960938 0.601562 0.960938 0.601562 0.958984 0.603516 0.957031 0.605469 0.958984 0.609375 0.958984 0.611328 0.960938 0.613281 0.960938 0.615234 0.962891 0.615234 0.964844 0.623047 0.964844 0.623047 0.962891 0.625000 0.960938 0.626953 0.960938 0.626953 0.957031 0.628906 0.955078 0.628906 0.951172 0.626953 0.949219 0.625000 0.949219 0.623047 0.947266 0.621094 0.947266 0.619141 0.945312 0.617188 0.945312 0.615234 0.943359 0.609375 0.943359 0.607422 0.941406 0.601562 0.941406 0.593750 0.933594 0.591797 0.933594 0.589844 0.931641 0.589844 0.925781 0.591797 0.923828 0.593750 0.923828 0.597656 0.919922 0.597656 0.910156 0.599609 0.908203 0.599609 0.906250 0.603516 0.902344 0.607422 0.902344 0.607422 0.900391 0.609375 0.898438 0.609375 0.894531 0.607422 0.892578 0.607422 0.886719 0.605469 0.886719 0.603516 0.884766 0.603516 0.882812 0.597656 0.882812 0.597656 0.884766 0.595703 0.886719 0.591797 0.886719 0.591797 0.888672 0.589844 0.890625 0.587891 0.890625 0.585938 0.892578 0.576172 0.892578 0.570312 0.886719 0.570312 0.884766 0.568359 0.882812 0.564453 0.882812 0.562500 0.880859 0.562500 0.875000 0.556641 0.869141 0.556641 0.867188 0.554688 0.865234 0.554688 0.861328 0.546875 0.861328 0.542969 0.857422
0 0.351562 0.824219 0.347656 0.828125 0.345703 0.828125 0.343750 0.830078 0.345703 0.830078 0.347656 0.832031 0.347656 0.833984 0.349609 0.833984 0.351562 0.832031 0.355469 0.832031 0.357422 0.830078 0.355469 0.828125 0.357422 0.826172 0.357422 0.824219
0 0.169922 0.742188 0.166016 0.746094 0.166016 0.750000 0.164062 0.751953 0.162109 0.751953 0.158203 0.755859 0.158203 0.757812 0.156250 0.759766 0.156250 0.765625 0.167969 0.765625 0.169922 0.767578 0.171875 0.767578 0.177734 0.773438 0.183594 0.773438 0.183594 0.759766 0.181641 0.759766 0.177734 0.755859 0.177734 0.753906 0.179688 0.751953 0.187500 0.751953 0.189453 0.750000 0.189453 0.744141 0.187500 0.742188
0 0.148438 0.734375 0.146484 0.736328 0.146484 0.742188 0.144531 0.744141 0.142578 0.744141 0.142578 0.748047 0.140625 0.750000 0.140625 0.753906 0.148438 0.753906 0.150391 0.751953 0.150391 0.748047 0.152344 0.746094 0.152344 0.734375
0 0.158203 0.716797 0.158203 0.720703 0.156250 0.722656 0.148438 0.722656 0.148438 0.726562 0.152344 0.730469 0.154297 0.730469 0.158203 0.734375 0.164062 0.734375 0.164062 0.732422 0.166016 0.730469 0.167969 0.730469 0.169922 0.728516 0.169922 0.720703 0.167969 0.718750 0.166016 0.718750 0.164062 0.716797
0 0.003906 0.699219 0.001953 0.701172 0.001953 0.703125 0.000000 0.705078 0.000000 0.716797 0.001953 0.718750 0.001953 0.720703 0.005859 0.720703 0.007812 0.722656 0.009766 0.722656 0.011719 0.724609 0.023438 0.724609 0.025391 0.722656 0.025391 0.720703 0.031250 0.714844 0.031250 0.712891 0.029297 0.710938 0.027344 0.710938 0.025391 0.708984 0.023438 0.708984 0.021484 0.707031 0.015625 0.707031 0.007812 0.699219
0 0.365234 0.671875 0.365234 0.677734 0.369141 0.681641 0.376953 0.681641 0.376953 0.679688 0.373047 0.675781 0.371094 0.675781 0.369141 0.673828 0.369141 0.671875
0 0.648438 0.640625 0.646484 0.642578 0.644531 0.642578 0.644531 0.644531 0.640625 0.648438 0.638672 0.648438 0.634766 0.644531 0.623047 0.644531 0.623047 0.646484 0.621094 0.648438 0.621094 0.652344 0.623047 0.654297 0.623047 0.656250 0.634766 0.656250 0.636719 0.658203 0.642578 0.658203 0.642578 0.656250 0.646484 0.652344 0.652344 0.652344 0.654297 0.650391 0.660156 0.650391 0.660156 0.644531 0.658203 0.642578 0.658203 0.640625
0 0.597656 0.630859 0.593750 0.634766 0.593750 0.638672 0.603516 0.638672 0.605469 0.636719 0.605469 0.630859
0 0.146484 0.625000 0.144531 0.626953 0.142578 0.626953 0.140625 0.628906 0.140625 0.632812 0.142578 0.634766 0.142578 0.636719 0.146484 0.640625 0.146484 0.646484 0.144531 0.648438 0.144531 0.650391 0.142578 0.652344 0.138672 0.652344 0.134766 0.656250 0.132812 0.656250 0.132812 0.658203 0.128906 0.662109 0.125000 0.662109 0.123047 0.664062 0.121094 0.664062 0.121094 0.666016 0.119141 0.667969 0.119141 0.669922 0.117188 0.671875 0.117188 0.675781 0.119141 0.675781 0.121094 0.677734 0.123047 0.675781 0.125000 0.677734 0.125000 0.681641 0.125000 0.679688 0.126953 0.677734 0.126953 0.675781 0.128906 0.673828 0.130859 0.673828 0.132812 0.671875 0.134766 0.671875 0.136719 0.669922 0.138672 0.671875 0.148438 0.671875 0.154297 0.666016 0.156250 0.666016 0.158203 0.664062 0.160156 0.666016 0.160156 0.667969 0.167969 0.667969 0.169922 0.666016 0.177734 0.666016 0.179688 0.664062 0.183594 0.664062 0.185547 0.666016 0.189453 0.666016 0.191406 0.664062 0.193359 0.664062 0.195312 0.662109 0.197266 0.662109 0.199219 0.660156 0.199219 0.656250 0.197266 0.654297 0.197266 0.648438 0.195312 0.648438 0.193359 0.646484 0.191406 0.646484 0.189453 0.644531 0.189453 0.640625 0.185547 0.636719 0.179688 0.636719 0.177734 0.634766 0.175781 0.636719 0.171875 0.636719 0.169922 0.638672 0.167969 0.638672 0.166016 0.636719 0.152344 0.636719 0.150391 0.634766 0.150391 0.628906
0 0.431641 0.613281 0.431641 0.615234 0.429688 0.617188 0.429688 0.626953 0.427734 0.628906 0.427734 0.630859 0.425781 0.632812 0.410156 0.632812 0.408203 0.630859 0.408203 0.628906 0.406250 0.626953 0.404297 0.628906 0.402344 0.628906 0.400391 0.626953 0.398438 0.626953 0.396484 0.625000 0.396484 0.623047 0.394531 0.623047 0.392578 0.621094 0.384766 0.621094 0.382812 0.623047 0.382812 0.625000 0.380859 0.626953 0.380859 0.628906 0.378906 0.630859 0.378906 0.638672 0.380859 0.640625 0.380859 0.642578 0.384766 0.646484 0.384766 0.648438 0.382812 0.650391 0.382812 0.666016 0.384766 0.667969 0.386719 0.667969 0.388672 0.669922 0.392578 0.669922 0.396484 0.673828 0.396484 0.679688 0.398438 0.681641 0.400391 0.681641 0.402344 0.683594 0.406250 0.683594 0.408203 0.685547 0.412109 0.685547 0.414062 0.687500 0.417969 0.687500 0.425781 0.679688 0.425781 0.677734 0.427734 0.675781 0.429688 0.675781 0.431641 0.673828 0.431641 0.669922 0.433594 0.667969 0.435547 0.667969 0.437500 0.666016 0.437500 0.664062 0.439453 0.662109 0.441406 0.662109 0.443359 0.660156 0.445312 0.660156 0.449219 0.656250 0.451172 0.656250 0.453125 0.654297 0.455078 0.654297 0.457031 0.652344 0.458984 0.652344 0.460938 0.650391 0.464844 0.650391 0.464844 0.648438 0.466797 0.646484 0.470703 0.646484 0.474609 0.642578 0.480469 0.642578 0.480469 0.640625 0.478516 0.638672 0.478516 0.632812 0.474609 0.632812 0.472656 0.634766 0.466797 0.634766 0.464844 0.636719 0.457031 0.636719 0.453125 0.640625 0.445312 0.640625 0.443359 0.638672 0.443359 0.636719 0.445312 0.634766 0.445312 0.632812 0.447266 0.630859 0.447266 0.617188 0.443359 0.617188 0.439453 0.613281
0 0.519531 0.603516 0.519531 0.609375 0.517578 0.611328 0.521484 0.611328 0.523438 0.609375 0.525391 0.609375 0.527344 0.607422 0.527344 0.603516
0 0.472656 0.572266 0.472656 0.574219 0.470703 0.576172 0.470703 0.582031 0.468750 0.583984 0.468750 0.587891 0.466797 0.589844 0.466797 0.599609 0.472656 0.599609 0.472656 0.597656 0.474609 0.595703 0.478516 0.595703 0.480469 0.593750 0.480469 0.591797 0.482422 0.589844 0.482422 0.582031 0.480469 0.580078 0.480469 0.574219 0.478516 0.572266
0 0.136719 0.542969 0.134766 0.544922 0.134766 0.546875 0.132812 0.548828 0.134766 0.550781 0.134766 0.552734 0.136719 0.554688 0.136719 0.556641 0.138672 0.554688 0.142578 0.554688 0.140625 0.554688 0.138672 0.552734 0.140625 0.550781 0.140625 0.546875 0.138672 0.544922 0.138672 0.542969
0 0.539062 0.515625 0.539062 0.519531 0.542969 0.523438 0.542969 0.519531
0 0.398438 0.509766 0.394531 0.513672 0.392578 0.513672 0.390625 0.515625 0.382812 0.515625 0.380859 0.517578 0.378906 0.517578 0.378906 0.519531 0.376953 0.521484 0.376953 0.523438 0.375000 0.525391 0.375000 0.527344 0.373047 0.529297 0.373047 0.539062 0.376953 0.542969 0.382812 0.542969 0.382812 0.535156 0.380859 0.533203 0.382812 0.531250 0.382812 0.529297 0.388672 0.523438 0.390625 0.523438 0.392578 0.525391 0.392578 0.527344 0.398438 0.527344 0.398438 0.523438 0.396484 0.523438 0.394531 0.521484 0.402344 0.513672 0.402344 0.509766
0 0.296875 0.484375 0.296875 0.490234 0.300781 0.490234 0.302734 0.488281 0.302734 0.484375
0 0.609375 0.462891 0.605469 0.466797 0.595703 0.466797 0.591797 0.470703 0.589844 0.470703 0.587891 0.472656 0.587891 0.474609 0.585938 0.476562 0.585938 0.478516 0.583984 0.480469 0.583984 0.486328 0.582031 0.488281 0.576172 0.488281 0.574219 0.486328 0.574219 0.478516 0.572266 0.476562 0.568359 0.476562 0.566406 0.478516 0.564453 0.478516 0.564453 0.480469 0.562500 0.482422 0.560547 0.480469 0.560547 0.476562 0.554688 0.476562 0.554688 0.478516 0.550781 0.482422 0.550781 0.484375 0.548828 0.486328 0.544922 0.486328 0.546875 0.488281 0.546875 0.490234 0.544922 0.492188 0.546875 0.494141 0.544922 0.496094 0.544922 0.505859 0.546875 0.507812 0.546875 0.509766 0.556641 0.519531 0.556641 0.521484 0.560547 0.525391 0.554688 0.531250 0.554688 0.533203 0.552734 0.535156 0.552734 0.537109 0.548828 0.541016 0.546875 0.541016 0.548828 0.542969 0.552734 0.542969 0.558594 0.548828 0.556641 0.550781 0.556641 0.552734 0.558594 0.550781 0.560547 0.550781 0.562500 0.552734 0.566406 0.548828 0.570312 0.552734 0.572266 0.552734 0.574219 0.554688 0.578125 0.554688 0.580078 0.556641 0.583984 0.552734 0.583984 0.550781 0.585938 0.548828 0.587891 0.548828 0.587891 0.544922 0.583984 0.541016 0.583984 0.539062 0.580078 0.535156 0.578125 0.535156 0.576172 0.533203 0.576172 0.529297 0.572266 0.525391 0.570312 0.525391 0.568359 0.527344 0.562500 0.527344 0.560547 0.525391 0.564453 0.521484 0.564453 0.519531 0.562500 0.517578 0.562500 0.515625 0.564453 0.513672 0.566406 0.513672 0.570312 0.509766 0.576172 0.509766 0.578125 0.511719 0.578125 0.503906 0.580078 0.501953 0.589844 0.501953 0.591797 0.503906 0.591797 0.505859 0.599609 0.513672 0.601562 0.513672 0.605469 0.517578 0.609375 0.517578 0.611328 0.519531 0.613281 0.517578 0.613281 0.515625 0.615234 0.513672 0.617188 0.513672 0.621094 0.509766 0.623047 0.509766 0.626953 0.505859 0.623047 0.501953 0.623047 0.500000 0.619141 0.500000 0.617188 0.501953 0.611328 0.501953 0.609375 0.500000 0.605469 0.500000 0.603516 0.501953 0.595703 0.501953 0.593750 0.500000 0.591797 0.500000 0.589844 0.498047 0.589844 0.496094 0.603516 0.482422 0.611328 0.482422 0.617188 0.476562 0.617188 0.470703 0.615234 0.468750 0.615234 0.466797 0.611328 0.462891
0 0.322266 0.404297 0.320312 0.406250 0.316406 0.406250 0.312500 0.410156 0.310547 0.410156 0.310547 0.416016 0.320312 0.416016 0.322266 0.414062 0.324219 0.414062 0.326172 0.412109 0.326172 0.404297
0 0.419922 0.302734 0.417969 0.304688 0.416016 0.304688 0.412109 0.308594 0.408203 0.308594 0.406250 0.310547 0.406250 0.316406 0.416016 0.316406 0.417969 0.314453 0.417969 0.312500 0.419922 0.310547 0.429688 0.310547 0.429688 0.304688 0.423828 0.304688 0.421875 0.302734
0 0.050781 0.300781 0.048828 0.302734 0.042969 0.302734 0.041016 0.304688 0.041016 0.306641 0.039062 0.308594 0.035156 0.308594 0.035156 0.310547 0.033203 0.312500 0.031250 0.312500 0.029297 0.314453 0.029297 0.316406 0.031250 0.316406 0.033203 0.318359 0.033203 0.320312 0.035156 0.322266 0.035156 0.324219 0.037109 0.326172 0.037109 0.328125 0.033203 0.332031 0.031250 0.332031 0.025391 0.326172 0.025391 0.324219 0.023438 0.324219 0.021484 0.322266 0.019531 0.324219 0.017578 0.324219 0.015625 0.322266 0.013672 0.322266 0.011719 0.324219 0.009766 0.324219 0.007812 0.326172 0.005859 0.324219 0.003906 0.326172 0.003906 0.330078 0.000000 0.333984 0.000000 0.390625 0.000000 0.388672 0.003906 0.384766 0.005859 0.384766 0.005859 0.382812 0.011719 0.376953 0.013672 0.376953 0.017578 0.373047 0.015625 0.373047 0.013672 0.371094 0.013672 0.369141 0.011719 0.367188 0.009766 0.367188 0.007812 0.365234 0.013672 0.359375 0.021484 0.359375 0.023438 0.357422 0.025391 0.357422 0.027344 0.359375 0.029297 0.357422 0.052734 0.357422 0.054688 0.355469 0.058594 0.355469 0.060547 0.353516 0.062500 0.353516 0.064453 0.351562 0.070312 0.351562 0.072266 0.353516 0.072266 0.357422 0.068359 0.361328 0.066406 0.361328 0.062500 0.365234 0.060547 0.365234 0.056641 0.369141 0.050781 0.369141 0.048828 0.367188 0.048828 0.361328 0.044922 0.361328 0.041016 0.365234 0.039062 0.365234 0.037109 0.367188 0.035156 0.367188 0.035156 0.369141 0.033203 0.371094 0.033203 0.375000 0.031250 0.376953 0.031250 0.378906 0.029297 0.380859 0.029297 0.382812 0.021484 0.390625 0.021484 0.398438 0.019531 0.400391 0.019531 0.416016 0.021484 0.416016 0.023438 0.417969 0.023438 0.427734 0.021484 0.429688 0.021484 0.433594 0.023438 0.435547 0.023438 0.437500 0.025391 0.439453 0.025391 0.441406 0.027344 0.443359 0.027344 0.445312 0.025391 0.447266 0.025391 0.476562 0.023438 0.478516 0.023438 0.480469 0.021484 0.482422 0.021484 0.486328 0.025391 0.490234 0.025391 0.492188 0.027344 0.494141 0.027344 0.496094 0.031250 0.500000 0.031250 0.501953 0.044922 0.501953 0.046875 0.500000 0.048828 0.501953 0.054688 0.501953 0.056641 0.503906 0.054688 0.505859 0.054688 0.515625 0.052734 0.517578 0.052734 0.525391 0.050781 0.527344 0.050781 0.535156 0.054688 0.535156 0.056641 0.537109 0.058594 0.537109 0.060547 0.539062 0.064453 0.539062 0.066406 0.541016 0.076172 0.541016 0.078125 0.542969 0.083984 0.542969 0.085938 0.544922 0.085938 0.546875 0.087891 0.548828 0.087891 0.550781 0.089844 0.552734 0.095703 0.552734 0.097656 0.554688 0.097656 0.552734 0.091797 0.546875 0.093750 0.544922 0.095703 0.544922 0.093750 0.542969 0.093750 0.541016 0.095703 0.539062 0.091797 0.535156 0.089844 0.535156 0.087891 0.533203 0.087891 0.519531 0.089844 0.517578 0.091797 0.517578 0.095703 0.521484 0.097656 0.521484 0.099609 0.523438 0.099609 0.525391 0.101562 0.527344 0.101562 0.529297 0.109375 0.537109 0.109375 0.535156 0.111328 0.533203 0.113281 0.533203 0.119141 0.539062 0.121094 0.539062 0.125000 0.542969 0.130859 0.537109 0.130859 0.535156 0.132812 0.533203 0.132812 0.531250 0.136719 0.527344 0.136719 0.523438 0.138672 0.521484 0.142578 0.525391 0.142578 0.527344 0.146484 0.527344 0.148438 0.529297 0.148438 0.531250 0.150391 0.533203 0.150391 0.535156 0.148438 0.537109 0.148438 0.541016 0.152344 0.544922 0.164062 0.544922 0.166016 0.546875 0.166016 0.548828 0.167969 0.550781 0.167969 0.574219 0.166016 0.576172 0.167969 0.576172 0.173828 0.582031 0.175781 0.582031 0.183594 0.589844 0.187500 0.589844 0.191406 0.585938 0.197266 0.585938 0.199219 0.587891 0.203125 0.587891 0.207031 0.591797 0.207031 0.593750 0.208984 0.593750 0.210938 0.595703 0.210938 0.599609 0.216797 0.605469 0.226562 0.605469 0.230469 0.609375 0.232422 0.609375 0.234375 0.611328 0.236328 0.611328 0.240234 0.615234 0.253906 0.615234 0.255859 0.613281 0.259766 0.613281 0.263672 0.609375 0.267578 0.609375 0.269531 0.607422 0.275391 0.607422 0.285156 0.597656 0.285156 0.593750 0.283203 0.591797 0.283203 0.589844 0.281250 0.587891 0.273438 0.587891 0.267578 0.593750 0.265625 0.593750 0.263672 0.595703 0.257812 0.595703 0.255859 0.593750 0.259766 0.589844 0.259766 0.587891 0.261719 0.585938 0.263672 0.585938 0.263672 0.576172 0.261719 0.576172 0.259766 0.574219 0.255859 0.574219 0.253906 0.572266 0.253906 0.570312 0.255859 0.568359 0.255859 0.566406 0.259766 0.562500 0.259766 0.554688 0.255859 0.550781 0.255859 0.548828 0.253906 0.546875 0.253906 0.544922 0.251953 0.542969 0.251953 0.525391 0.250000 0.523438 0.248047 0.523438 0.246094 0.521484 0.244141 0.521484 0.242188 0.519531 0.238281 0.519531 0.234375 0.515625 0.232422 0.515625 0.230469 0.513672 0.222656 0.513672 0.218750 0.509766 0.218750 0.507812 0.220703 0.505859 0.226562 0.505859 0.228516 0.503906 0.236328 0.503906 0.238281 0.505859 0.240234 0.505859 0.244141 0.509766 0.246094 0.509766 0.250000 0.513672 0.251953 0.513672 0.253906 0.511719 0.255859 0.511719 0.259766 0.507812 0.265625 0.507812 0.267578 0.505859 0.269531 0.505859 0.273438 0.501953 0.275391 0.501953 0.277344 0.500000 0.279297 0.500000 0.281250 0.498047 0.283203 0.498047 0.283203 0.492188 0.287109 0.488281 0.287109 0.486328 0.291016 0.482422 0.291016 0.480469 0.294922 0.476562 0.298828 0.476562 0.298828 0.472656 0.300781 0.470703 0.300781 0.468750 0.302734 0.466797 0.304688 0.466797 0.308594 0.470703 0.308594 0.472656 0.310547 0.474609 0.308594 0.476562 0.308594 0.480469 0.310547 0.480469 0.312500 0.482422 0.318359 0.482422 0.320312 0.484375 0.322266 0.482422 0.322266 0.480469 0.324219 0.478516 0.328125 0.478516 0.330078 0.480469 0.330078 0.490234 0.339844 0.490234 0.351562 0.478516 0.351562 0.476562 0.353516 0.474609 0.353516 0.466797 0.349609 0.462891 0.349609 0.460938 0.345703 0.460938 0.343750 0.458984 0.341797 0.458984 0.337891 0.455078 0.337891 0.447266 0.335938 0.445312 0.324219 0.445312 0.320312 0.441406 0.316406 0.441406 0.314453 0.439453 0.312500 0.439453 0.304688 0.431641 0.302734 0.431641 0.300781 0.429688 0.300781 0.425781 0.289062 0.425781 0.287109 0.423828 0.283203 0.423828 0.281250 0.425781 0.279297 0.425781 0.275391 0.429688 0.273438 0.427734 0.269531 0.427734 0.267578 0.425781 0.265625 0.425781 0.263672 0.423828 0.261719 0.423828 0.257812 0.419922 0.255859 0.419922 0.253906 0.417969 0.251953 0.417969 0.250000 0.416016 0.250000 0.414062 0.248047 0.414062 0.246094 0.412109 0.246094 0.408203 0.244141 0.410156 0.232422 0.410156 0.230469 0.408203 0.236328 0.402344 0.236328 0.400391 0.240234 0.396484 0.242188 0.396484 0.244141 0.394531 0.244141 0.388672 0.246094 0.386719 0.248047 0.386719 0.248047 0.378906 0.244141 0.375000 0.242188 0.375000 0.240234 0.373047 0.240234 0.361328 0.244141 0.357422 0.248047 0.357422 0.250000 0.355469 0.253906 0.355469 0.251953 0.353516 0.251953 0.347656 0.250000 0.347656 0.248047 0.345703 0.250000 0.343750 0.248047 0.341797 0.248047 0.339844 0.246094 0.339844 0.244141 0.341797 0.242188 0.341797 0.242188 0.343750 0.238281 0.347656 0.234375 0.347656 0.234375 0.349609 0.232422 0.351562 0.224609 0.351562 0.222656 0.349609 0.220703 0.349609 0.218750 0.347656 0.214844 0.347656 0.210938 0.343750 0.210938 0.339844 0.208984 0.339844 0.207031 0.337891 0.207031 0.333984 0.203125 0.330078 0.203125 0.328125 0.201172 0.328125 0.199219 0.326172 0.197266 0.326172 0.193359 0.322266 0.191406 0.322266 0.187500 0.318359 0.185547 0.318359 0.183594 0.316406 0.177734 0.316406 0.173828 0.320312 0.169922 0.320312 0.167969 0.318359 0.166016 0.320312 0.158203 0.320312 0.156250 0.322266 0.150391 0.322266 0.148438 0.324219 0.144531 0.324219 0.140625 0.328125 0.138672 0.328125 0.136719 0.330078 0.134766 0.330078 0.132812 0.328125 0.117188 0.328125 0.117188 0.330078 0.115234 0.332031 0.113281 0.332031 0.113281 0.333984 0.111328 0.335938 0.109375 0.333984 0.109375 0.332031 0.107422 0.330078 0.107422 0.324219 0.103516 0.324219 0.101562 0.326172 0.099609 0.324219 0.097656 0.326172 0.095703 0.324219 0.093750 0.324219 0.091797 0.326172 0.089844 0.326172 0.085938 0.330078 0.083984 0.328125 0.083984 0.326172 0.082031 0.328125 0.082031 0.330078 0.080078 0.332031 0.082031 0.333984 0.076172 0.339844 0.072266 0.335938 0.072266 0.318359 0.074219 0.316406 0.074219 0.308594 0.072266 0.306641 0.072266 0.304688 0.068359 0.304688 0.066406 0.302734 0.064453 0.302734 0.062500 0.300781 0.058594 0.304688 0.054688 0.300781
0 0.041016 0.285156 0.039062 0.287109 0.039062 0.292969 0.041016 0.292969 0.042969 0.294922 0.044922 0.294922 0.048828 0.291016 0.046875 0.289062 0.048828 0.287109 0.048828 0.285156
0 0.439453 0.267578 0.437500 0.269531 0.437500 0.271484 0.435547 0.273438 0.433594 0.273438 0.431641 0.275391 0.427734 0.275391 0.427734 0.277344 0.425781 0.279297 0.423828 0.279297 0.423828 0.281250 0.429688 0.287109 0.435547 0.287109 0.437500 0.289062 0.437500 0.292969 0.449219 0.304688 0.447266 0.306641 0.447266 0.308594 0.441406 0.314453 0.443359 0.314453 0.445312 0.316406 0.447266 0.316406 0.449219 0.318359 0.451172 0.318359 0.453125 0.320312 0.455078 0.320312 0.457031 0.322266 0.455078 0.324219 0.453125 0.324219 0.451172 0.326172 0.449219 0.326172 0.443359 0.332031 0.441406 0.332031 0.439453 0.333984 0.435547 0.330078 0.435547 0.320312 0.433594 0.320312 0.431641 0.318359 0.423828 0.318359 0.421875 0.320312 0.421875 0.326172 0.419922 0.328125 0.417969 0.328125 0.417969 0.330078 0.416016 0.332031 0.414062 0.332031 0.414062 0.337891 0.419922 0.337891 0.421875 0.339844 0.421875 0.343750 0.425781 0.347656 0.425781 0.349609 0.433594 0.349609 0.439453 0.355469 0.439453 0.359375 0.441406 0.361328 0.441406 0.363281 0.445312 0.367188 0.445312 0.369141 0.449219 0.369141 0.453125 0.373047 0.458984 0.373047 0.460938 0.375000 0.462891 0.375000 0.464844 0.376953 0.468750 0.376953 0.472656 0.380859 0.476562 0.380859 0.478516 0.382812 0.486328 0.382812 0.490234 0.378906 0.492188 0.378906 0.494141 0.376953 0.509766 0.376953 0.505859 0.373047 0.505859 0.369141 0.509766 0.365234 0.509766 0.363281 0.511719 0.361328 0.511719 0.349609 0.513672 0.347656 0.511719 0.345703 0.511719 0.332031 0.513672 0.330078 0.513672 0.322266 0.511719 0.320312 0.509766 0.320312 0.503906 0.314453 0.503906 0.312500 0.496094 0.304688 0.494141 0.304688 0.492188 0.302734 0.492188 0.296875 0.490234 0.294922 0.490234 0.289062 0.488281 0.289062 0.486328 0.287109 0.486328 0.285156 0.480469 0.285156 0.478516 0.283203 0.478516 0.281250 0.474609 0.281250 0.470703 0.277344 0.468750 0.277344 0.466797 0.275391 0.466797 0.273438 0.464844 0.273438 0.462891 0.271484 0.460938 0.273438 0.457031 0.273438 0.453125 0.277344 0.451172 0.275391 0.451172 0.273438 0.449219 0.273438 0.447266 0.271484 0.447266 0.267578
0 0.093750 0.265625 0.093750 0.267578 0.091797 0.269531 0.089844 0.269531 0.083984 0.275391 0.083984 0.283203 0.085938 0.285156 0.085938 0.287109 0.087891 0.289062 0.087891 0.294922 0.089844 0.296875 0.089844 0.298828 0.091797 0.300781 0.093750 0.298828 0.095703 0.298828 0.097656 0.300781 0.095703 0.302734 0.095703 0.306641 0.093750 0.308594 0.095703 0.310547 0.095703 0.312500 0.097656 0.314453 0.099609 0.314453 0.101562 0.316406 0.107422 0.316406 0.111328 0.312500 0.111328 0.308594 0.113281 0.306641 0.115234 0.306641 0.115234 0.302734 0.113281 0.300781 0.109375 0.300781 0.105469 0.296875 0.101562 0.296875 0.097656 0.292969 0.099609 0.291016 0.099609 0.289062 0.097656 0.289062 0.095703 0.287109 0.095703 0.285156 0.093750 0.285156 0.093750 0.287109 0.091797 0.289062 0.089844 0.289062 0.087891 0.287109 0.087891 0.285156 0.093750 0.279297 0.095703 0.279297 0.099609 0.275391 0.099609 0.273438 0.103516 0.269531 0.101562 0.269531 0.099609 0.267578 0.099609 0.265625