0 0.878906 0.962891 0.878906 0.970703 0.876953 0.972656 0.873047 0.972656 0.873047 0.982422 0.884766 0.982422 0.884766 0.974609 0.886719 0.972656 0.888672 0.972656 0.888672 0.962891
0 0.816406 0.949219 0.816406 0.953125 0.814453 0.955078 0.808594 0.955078 0.808594 0.957031 0.806641 0.958984 0.802734 0.958984 0.802734 0.968750 0.818359 0.968750 0.818359 0.966797 0.820312 0.964844 0.822266 0.964844 0.822266 0.960938 0.824219 0.958984 0.826172 0.958984 0.826172 0.949219
0 0.884766 0.939453 0.884766 0.949219 0.894531 0.949219 0.894531 0.939453
0 0.835938 0.925781 0.835938 0.929688 0.833984 0.931641 0.830078 0.931641 0.830078 0.941406 0.839844 0.941406 0.839844 0.937500 0.841797 0.935547 0.845703 0.935547 0.845703 0.925781
0 0.761719 0.925781 0.761719 0.947266 0.759766 0.949219 0.755859 0.949219 0.755859 0.953125 0.753906 0.955078 0.751953 0.955078 0.751953 0.964844 0.761719 0.964844 0.761719 0.960938 0.763672 0.958984 0.765625 0.958984 0.765625 0.951172 0.767578 0.949219 0.771484 0.949219 0.771484 0.937500 0.773438 0.935547 0.779297 0.935547 0.779297 0.925781
0 0.898438 0.919922 0.898438 0.929688 0.908203 0.929688 0.908203 0.919922
0 0.845703 0.912109 0.845703 0.921875 0.855469 0.921875 0.855469 0.912109
0 0.769531 0.912109 0.769531 0.921875 0.779297 0.921875 0.779297 0.912109
0 0.908203 0.898438 0.908203 0.908203 0.917969 0.908203 0.917969 0.898438
0 0.783203 0.898438 0.783203 0.908203 0.792969 0.908203 0.792969 0.898438
0 0.859375 0.896484 0.859375 0.906250 0.869141 0.906250 0.869141 0.896484
0 0.792969 0.882812 0.792969 0.892578 0.802734 0.892578 0.802734 0.882812
0 0.865234 0.875000 0.865234 0.880859 0.863281 0.882812 0.863281 0.892578 0.873047 0.892578 0.873047 0.886719 0.875000 0.884766 0.875000 0.875000
0 0.912109 0.869141 0.912109 0.888672 0.921875 0.888672 0.921875 0.869141
0 0.796875 0.869141 0.796875 0.878906 0.806641 0.878906 0.806641 0.869141
0 0.798828 0.851562 0.798828 0.865234 0.808594 0.865234 0.808594 0.851562
0 0.539062 0.802734 0.539062 0.806641 0.537109 0.808594 0.527344 0.808594 0.527344 0.818359 0.539062 0.818359 0.539062 0.814453 0.541016 0.812500 0.548828 0.812500 0.548828 0.802734
0 0.552734 0.792969 0.552734 0.802734 0.562500 0.802734 0.562500 0.792969
0 0.576172 0.755859 0.576172 0.767578 0.574219 0.769531 0.572266 0.769531 0.572266 0.777344 0.570312 0.779297 0.562500 0.779297 0.562500 0.789062 0.572266 0.789062 0.572266 0.781250 0.574219 0.779297 0.582031 0.779297 0.582031 0.773438 0.583984 0.771484 0.585938 0.771484 0.585938 0.755859
0 0.468750 0.613281 0.466797 0.615234 0.466797 0.626953 0.470703 0.626953 0.472656 0.628906 0.476562 0.628906 0.478516 0.630859 0.484375 0.630859 0.486328 0.632812 0.486328 0.634766 0.488281 0.634766 0.492188 0.638672 0.492188 0.640625 0.494141 0.642578 0.494141 0.658203 0.498047 0.658203 0.500000 0.660156 0.501953 0.660156 0.503906 0.662109 0.515625 0.662109 0.515625 0.658203 0.507812 0.658203 0.503906 0.654297 0.500000 0.654297 0.498047 0.652344 0.498047 0.630859 0.494141 0.630859 0.492188 0.628906 0.490234 0.628906 0.488281 0.626953 0.486328 0.626953 0.484375 0.625000 0.484375 0.623047 0.482422 0.621094 0.482422 0.615234 0.480469 0.615234 0.478516 0.613281
0 0.490234 0.560547 0.490234 0.570312 0.505859 0.570312 0.505859 0.560547
0 0.478516 0.470703 0.478516 0.472656 0.474609 0.476562 0.472656 0.476562 0.470703 0.478516 0.466797 0.478516 0.466797 0.480469 0.464844 0.482422 0.462891 0.482422 0.460938 0.484375 0.457031 0.484375 0.455078 0.486328 0.451172 0.486328 0.449219 0.484375 0.449219 0.482422 0.447266 0.482422 0.445312 0.480469 0.445312 0.478516 0.443359 0.476562 0.439453 0.476562 0.437500 0.474609 0.431641 0.474609 0.431641 0.480469 0.437500 0.486328 0.437500 0.488281 0.439453 0.490234 0.443359 0.490234 0.445312 0.488281 0.447266 0.490234 0.449219 0.490234 0.451172 0.492188 0.457031 0.492188 0.460938 0.488281 0.464844 0.488281 0.466797 0.486328 0.468750 0.486328 0.472656 0.482422 0.476562 0.482422 0.478516 0.480469 0.480469 0.480469 0.482422 0.478516 0.492188 0.478516 0.494141 0.480469 0.494141 0.482422 0.486328 0.490234 0.484375 0.490234 0.484375 0.494141 0.482422 0.496094 0.482422 0.501953 0.484375 0.501953 0.490234 0.507812 0.490234 0.511719 0.492188 0.511719 0.494141 0.513672 0.494141 0.517578 0.496094 0.519531 0.498047 0.519531 0.500000 0.521484 0.500000 0.523438 0.501953 0.525391 0.501953 0.527344 0.503906 0.527344 0.505859 0.529297 0.511719 0.529297 0.513672 0.531250 0.515625 0.531250 0.517578 0.533203 0.517578 0.535156 0.523438 0.535156 0.523438 0.531250 0.521484 0.529297 0.519531 0.529297 0.517578 0.527344 0.513672 0.527344 0.509766 0.523438 0.507812 0.523438 0.505859 0.521484 0.505859 0.519531 0.503906 0.517578 0.501953 0.517578 0.500000 0.515625 0.500000 0.513672 0.498047 0.511719 0.498047 0.507812 0.496094 0.507812 0.494141 0.505859 0.494141 0.503906 0.492188 0.501953 0.492188 0.500000 0.490234 0.500000 0.488281 0.498047 0.488281 0.496094 0.492188 0.492188 0.494141 0.492188 0.494141 0.490234 0.498047 0.486328 0.498047 0.474609 0.488281 0.474609 0.486328 0.472656 0.486328 0.470703
0 0.933594 0.466797 0.933594 0.470703 0.935547 0.472656 0.937500 0.472656 0.939453 0.474609 0.943359 0.474609 0.945312 0.476562 0.947266 0.476562 0.953125 0.482422 0.953125 0.484375 0.955078 0.486328 0.955078 0.488281 0.957031 0.490234 0.957031 0.492188 0.958984 0.492188 0.960938 0.494141 0.964844 0.494141 0.966797 0.496094 0.966797 0.498047 0.978516 0.498047 0.980469 0.496094 0.982422 0.496094 0.982422 0.492188 0.980469 0.490234 0.974609 0.490234 0.972656 0.488281 0.968750 0.488281 0.966797 0.486328 0.966797 0.484375 0.964844 0.484375 0.962891 0.482422 0.962891 0.478516 0.960938 0.478516 0.958984 0.476562 0.953125 0.476562 0.951172 0.474609 0.945312 0.474609 0.939453 0.468750 0.939453 0.466797
0 0.943359 0.421875 0.943359 0.425781 0.955078 0.425781 0.957031 0.427734 0.978516 0.427734 0.980469 0.429688 0.980469 0.431641 0.984375 0.431641 0.984375 0.423828 0.958984 0.423828 0.957031 0.421875
0 0.925781 0.357422 0.925781 0.361328 0.923828 0.363281 0.921875 0.363281 0.921875 0.365234 0.919922 0.367188 0.919922 0.375000 0.917969 0.376953 0.916016 0.376953 0.916016 0.392578 0.941406 0.392578 0.941406 0.388672 0.943359 0.386719 0.949219 0.386719 0.949219 0.357422 0.939453 0.357422 0.939453 0.375000 0.937500 0.376953 0.931641 0.376953 0.929688 0.375000 0.931641 0.373047 0.931641 0.371094 0.933594 0.369141 0.935547 0.369141 0.935547 0.357422
0 0.923828 0.300781 0.923828 0.302734 0.921875 0.304688 0.916016 0.304688 0.914062 0.302734 0.910156 0.302734 0.910156 0.324219 0.908203 0.326172 0.908203 0.328125 0.906250 0.330078 0.904297 0.330078 0.902344 0.332031 0.902344 0.333984 0.900391 0.335938 0.900391 0.337891 0.898438 0.339844 0.896484 0.339844 0.896484 0.343750 0.900391 0.343750 0.902344 0.341797 0.904297 0.341797 0.904297 0.339844 0.914062 0.330078 0.914062 0.310547 0.916016 0.308594 0.927734 0.308594 0.927734 0.306641 0.929688 0.304688 0.929688 0.300781
0 0.089844 0.292969 0.089844 0.308594 0.087891 0.310547 0.087891 0.314453 0.085938 0.316406 0.060547 0.316406 0.060547 0.326172 0.097656 0.326172 0.097656 0.318359 0.099609 0.316406 0.099609 0.292969
0 0.689453 0.289062 0.689453 0.291016 0.687500 0.292969 0.685547 0.292969 0.685547 0.294922 0.683594 0.296875 0.683594 0.300781 0.689453 0.300781 0.689453 0.298828 0.695312 0.292969 0.703125 0.292969 0.705078 0.294922 0.705078 0.296875 0.710938 0.302734 0.712891 0.302734 0.716797 0.306641 0.716797 0.308594 0.718750 0.308594 0.720703 0.310547 0.720703 0.316406 0.746094 0.316406 0.746094 0.314453 0.748047 0.312500 0.755859 0.320312 0.755859 0.326172 0.759766 0.326172 0.759766 0.314453 0.757812 0.314453 0.753906 0.310547 0.753906 0.308594 0.748047 0.302734 0.742188 0.302734 0.742188 0.310547 0.740234 0.312500 0.726562 0.312500 0.724609 0.310547 0.724609 0.304688 0.720703 0.304688 0.718750 0.302734 0.718750 0.298828 0.716797 0.298828 0.714844 0.296875 0.712891 0.296875 0.708984 0.292969 0.708984 0.291016 0.707031 0.289062