0 0.113281 0.949219 0.113281 0.964844 0.130859 0.964844 0.130859 0.960938 0.132812 0.958984 0.140625 0.958984 0.140625 0.949219 0.130859 0.949219 0.130859 0.953125 0.128906 0.955078 0.125000 0.955078 0.123047 0.953125 0.123047 0.949219
0 0.898438 0.941406 0.898438 0.947266 0.896484 0.949219 0.884766 0.949219 0.884766 0.951172 0.882812 0.953125 0.873047 0.953125 0.873047 0.964844 0.894531 0.964844 0.894531 0.960938 0.896484 0.958984 0.900391 0.958984 0.902344 0.960938 0.902344 0.962891 0.900391 0.964844 0.898438 0.964844 0.898438 0.970703 0.896484 0.972656 0.896484 0.976562 0.894531 0.978516 0.888672 0.978516 0.888672 0.988281 0.902344 0.988281 0.902344 0.984375 0.904297 0.982422 0.908203 0.982422 0.908203 0.974609 0.910156 0.972656 0.912109 0.972656 0.912109 0.941406
0 0.140625 0.931641 0.140625 0.941406 0.150391 0.941406 0.150391 0.931641
0 0.121094 0.925781 0.121094 0.941406 0.130859 0.941406 0.130859 0.925781
0 0.154297 0.919922 0.154297 0.929688 0.164062 0.929688 0.164062 0.919922
0 0.123047 0.912109 0.123047 0.921875 0.132812 0.921875 0.132812 0.912109
0 0.164062 0.906250 0.164062 0.916016 0.173828 0.916016 0.173828 0.906250
0 0.164062 0.892578 0.164062 0.902344 0.173828 0.902344 0.173828 0.892578
0 0.130859 0.892578 0.130859 0.902344 0.132812 0.902344 0.134766 0.904297 0.134766 0.908203 0.144531 0.908203 0.144531 0.892578
0 0.156250 0.869141 0.156250 0.878906 0.162109 0.878906 0.164062 0.880859 0.164062 0.888672 0.173828 0.888672 0.173828 0.869141
0 0.320312 0.796875 0.320312 0.806641 0.332031 0.806641 0.333984 0.808594 0.337891 0.808594 0.339844 0.810547 0.339844 0.812500 0.341797 0.812500 0.343750 0.814453 0.343750 0.816406 0.347656 0.816406 0.349609 0.818359 0.349609 0.826172 0.351562 0.826172 0.353516 0.828125 0.355469 0.828125 0.357422 0.830078 0.357422 0.832031 0.359375 0.833984 0.359375 0.835938 0.361328 0.835938 0.363281 0.837891 0.363281 0.839844 0.365234 0.839844 0.367188 0.841797 0.367188 0.851562 0.376953 0.851562 0.376953 0.830078 0.375000 0.830078 0.373047 0.828125 0.373047 0.826172 0.369141 0.826172 0.367188 0.824219 0.367188 0.818359 0.361328 0.818359 0.359375 0.816406 0.359375 0.808594 0.355469 0.808594 0.353516 0.806641 0.353516 0.802734 0.351562 0.802734 0.349609 0.800781 0.349609 0.796875
0 0.134766 0.712891 0.134766 0.716797 0.132812 0.718750 0.126953 0.718750 0.126953 0.728516 0.136719 0.728516 0.136719 0.724609 0.138672 0.722656 0.154297 0.722656 0.154297 0.712891
0 0.156250 0.699219 0.156250 0.708984 0.166016 0.708984 0.166016 0.699219
0 0.126953 0.685547 0.126953 0.693359 0.125000 0.695312 0.117188 0.695312 0.117188 0.701172 0.115234 0.703125 0.111328 0.703125 0.111328 0.705078 0.109375 0.707031 0.107422 0.707031 0.107422 0.714844 0.105469 0.716797 0.103516 0.716797 0.101562 0.718750 0.101562 0.736328 0.117188 0.736328 0.117188 0.734375 0.119141 0.732422 0.123047 0.732422 0.123047 0.722656 0.115234 0.722656 0.113281 0.720703 0.113281 0.718750 0.115234 0.716797 0.117188 0.716797 0.117188 0.714844 0.119141 0.712891 0.121094 0.712891 0.121094 0.707031 0.123047 0.705078 0.126953 0.705078 0.126953 0.697266 0.128906 0.695312 0.136719 0.695312 0.136719 0.685547
0 0.177734 0.675781 0.177734 0.683594 0.175781 0.685547 0.169922 0.685547 0.169922 0.695312 0.179688 0.695312 0.179688 0.691406 0.181641 0.689453 0.187500 0.689453 0.187500 0.675781
0 0.146484 0.662109 0.146484 0.669922 0.144531 0.671875 0.136719 0.671875 0.136719 0.681641 0.146484 0.681641 0.146484 0.673828 0.148438 0.671875 0.156250 0.671875 0.156250 0.662109
0 0.160156 0.636719 0.160156 0.644531 0.158203 0.646484 0.156250 0.646484 0.156250 0.656250 0.166016 0.656250 0.166016 0.648438 0.167969 0.646484 0.169922 0.646484 0.169922 0.636719
0 0.845703 0.623047 0.845703 0.625000 0.843750 0.626953 0.839844 0.626953 0.839844 0.634766 0.837891 0.636719 0.832031 0.636719 0.830078 0.638672 0.830078 0.658203 0.828125 0.660156 0.822266 0.660156 0.822266 0.671875 0.832031 0.671875 0.832031 0.667969 0.833984 0.666016 0.839844 0.666016 0.839844 0.650391 0.843750 0.646484 0.845703 0.646484 0.845703 0.640625 0.847656 0.638672 0.849609 0.638672 0.851562 0.636719 0.855469 0.636719 0.855469 0.634766 0.857422 0.632812 0.871094 0.632812 0.873047 0.634766 0.873047 0.638672 0.880859 0.638672 0.882812 0.640625 0.882812 0.642578 0.890625 0.642578 0.892578 0.644531 0.892578 0.646484 0.894531 0.646484 0.898438 0.650391 0.898438 0.669922 0.904297 0.669922 0.906250 0.671875 0.906250 0.687500 0.904297 0.689453 0.902344 0.689453 0.902344 0.693359 0.900391 0.695312 0.898438 0.695312 0.898438 0.697266 0.896484 0.699219 0.896484 0.728516 0.898438 0.730469 0.898438 0.738281 0.904297 0.738281 0.906250 0.740234 0.906250 0.750000 0.910156 0.750000 0.912109 0.751953 0.912109 0.769531 0.914062 0.769531 0.916016 0.771484 0.916016 0.775391 0.917969 0.775391 0.919922 0.777344 0.919922 0.787109 0.917969 0.789062 0.912109 0.789062 0.912109 0.796875 0.910156 0.798828 0.908203 0.798828 0.908203 0.804688 0.904297 0.808594 0.896484 0.808594 0.896484 0.814453 0.894531 0.816406 0.878906 0.816406 0.878906 0.820312 0.876953 0.822266 0.873047 0.822266 0.873047 0.824219 0.871094 0.826172 0.863281 0.826172 0.863281 0.828125 0.861328 0.830078 0.847656 0.830078 0.845703 0.828125 0.845703 0.816406 0.835938 0.816406 0.835938 0.832031 0.839844 0.832031 0.841797 0.833984 0.841797 0.839844 0.865234 0.839844 0.865234 0.837891 0.867188 0.835938 0.878906 0.835938 0.878906 0.833984 0.880859 0.832031 0.884766 0.832031 0.884766 0.828125 0.886719 0.826172 0.906250 0.826172 0.906250 0.820312 0.908203 0.818359 0.912109 0.818359 0.914062 0.816406 0.916016 0.816406 0.916016 0.810547 0.919922 0.806641 0.921875 0.806641 0.921875 0.800781 0.923828 0.798828 0.929688 0.798828 0.929688 0.769531 0.927734 0.769531 0.925781 0.767578 0.925781 0.759766 0.923828 0.759766 0.921875 0.757812 0.921875 0.742188 0.917969 0.742188 0.916016 0.740234 0.916016 0.732422 0.910156 0.732422 0.908203 0.730469 0.908203 0.718750 0.906250 0.716797 0.906250 0.710938 0.908203 0.708984 0.908203 0.701172 0.910156 0.699219 0.916016 0.699219 0.916016 0.662109 0.910156 0.662109 0.908203 0.660156 0.908203 0.646484 0.906250 0.644531 0.906250 0.638672 0.904297 0.638672 0.902344 0.636719 0.902344 0.632812 0.890625 0.632812 0.888672 0.630859 0.888672 0.628906 0.884766 0.628906 0.882812 0.626953 0.882812 0.623047
0 0.179688 0.189453 0.179688 0.191406 0.177734 0.193359 0.169922 0.193359 0.169922 0.195312 0.167969 0.197266 0.166016 0.197266 0.164062 0.195312 0.164062 0.193359 0.154297 0.193359 0.154297 0.201172 0.152344 0.203125 0.144531 0.203125 0.144531 0.212891 0.160156 0.212891 0.162109 0.210938 0.166016 0.210938 0.166016 0.208984 0.167969 0.207031 0.173828 0.207031 0.173828 0.205078 0.175781 0.203125 0.179688 0.203125 0.179688 0.201172 0.181641 0.199219 0.199219 0.199219 0.199219 0.189453
0 0.167969 0.169922 0.167969 0.177734 0.166016 0.179688 0.164062 0.179688 0.164062 0.189453 0.173828 0.189453 0.173828 0.181641 0.175781 0.179688 0.177734 0.179688 0.177734 0.169922
0 0.164062 0.130859 0.164062 0.144531 0.171875 0.144531 0.173828 0.146484 0.173828 0.166016 0.183594 0.166016 0.183594 0.134766 0.181641 0.134766 0.179688 0.132812 0.179688 0.130859