0 0.414062 0.808594 0.410156 0.812500 0.406250 0.812500 0.404297 0.814453 0.404297 0.816406 0.402344 0.818359 0.402344 0.820312 0.400391 0.822266 0.398438 0.822266 0.398438 0.826172 0.396484 0.828125 0.384766 0.828125 0.384766 0.830078 0.382812 0.832031 0.378906 0.832031 0.378906 0.837891 0.376953 0.839844 0.376953 0.847656 0.375000 0.849609 0.375000 0.853516 0.373047 0.855469 0.373047 0.863281 0.376953 0.863281 0.376953 0.859375 0.378906 0.857422 0.378906 0.853516 0.380859 0.851562 0.380859 0.843750 0.382812 0.841797 0.382812 0.837891 0.384766 0.835938 0.386719 0.835938 0.388672 0.833984 0.398438 0.833984 0.402344 0.830078 0.402344 0.828125 0.408203 0.822266 0.408203 0.820312 0.412109 0.816406 0.414062 0.816406 0.417969 0.812500 0.423828 0.812500 0.423828 0.808594
0 0.750000 0.732422 0.750000 0.734375 0.748047 0.736328 0.742188 0.736328 0.742188 0.738281 0.738281 0.742188 0.732422 0.742188 0.732422 0.759766 0.742188 0.759766 0.742188 0.751953 0.744141 0.750000 0.750000 0.750000 0.750000 0.748047 0.751953 0.746094 0.751953 0.744141 0.753906 0.742188 0.759766 0.742188 0.759766 0.732422
0 0.226562 0.638672 0.226562 0.644531 0.224609 0.646484 0.216797 0.646484 0.216797 0.650391 0.214844 0.652344 0.210938 0.652344 0.210938 0.658203 0.208984 0.660156 0.193359 0.660156 0.193359 0.669922 0.212891 0.669922 0.212891 0.664062 0.214844 0.662109 0.220703 0.662109 0.220703 0.658203 0.222656 0.656250 0.226562 0.656250 0.226562 0.650391 0.228516 0.648438 0.236328 0.648438 0.236328 0.638672
0 0.484375 0.636719 0.478516 0.642578 0.476562 0.642578 0.474609 0.644531 0.472656 0.644531 0.470703 0.646484 0.468750 0.646484 0.468750 0.648438 0.466797 0.650391 0.464844 0.650391 0.460938 0.654297 0.460938 0.658203 0.464844 0.658203 0.466797 0.656250 0.470703 0.656250 0.478516 0.648438 0.480469 0.648438 0.484375 0.644531 0.486328 0.644531 0.488281 0.642578 0.490234 0.644531 0.490234 0.648438 0.492188 0.650391 0.492188 0.654297 0.494141 0.656250 0.498047 0.656250 0.498047 0.650391 0.496094 0.648438 0.496094 0.644531 0.494141 0.642578 0.494141 0.640625 0.492188 0.640625 0.490234 0.638672 0.490234 0.636719
0 0.259766 0.619141 0.259766 0.621094 0.257812 0.623047 0.250000 0.623047 0.250000 0.630859 0.248047 0.632812 0.240234 0.632812 0.240234 0.642578 0.250000 0.642578 0.250000 0.634766 0.251953 0.632812 0.269531 0.632812 0.269531 0.619141
0 0.501953 0.603516 0.501953 0.605469 0.511719 0.615234 0.511719 0.623047 0.517578 0.628906 0.527344 0.628906 0.527344 0.626953 0.519531 0.626953 0.513672 0.621094 0.513672 0.613281 0.511719 0.611328 0.511719 0.609375 0.505859 0.603516
0 0.496094 0.593750 0.496094 0.595703 0.498047 0.597656 0.500000 0.597656 0.501953 0.599609 0.507812 0.599609 0.509766 0.597656 0.511719 0.597656 0.517578 0.603516 0.523438 0.603516 0.523438 0.599609 0.521484 0.597656 0.521484 0.595703 0.519531 0.595703 0.517578 0.593750
0 0.496094 0.556641 0.496094 0.560547 0.498047 0.560547 0.500000 0.562500 0.500000 0.566406 0.496094 0.570312 0.490234 0.570312 0.488281 0.572266 0.486328 0.572266 0.482422 0.576172 0.482422 0.578125 0.480469 0.580078 0.478516 0.580078 0.478516 0.585938 0.480469 0.587891 0.480469 0.589844 0.482422 0.591797 0.480469 0.593750 0.480469 0.595703 0.478516 0.597656 0.478516 0.601562 0.480469 0.601562 0.480469 0.599609 0.482422 0.597656 0.482422 0.595703 0.484375 0.593750 0.484375 0.587891 0.480469 0.583984 0.482422 0.582031 0.484375 0.582031 0.484375 0.580078 0.492188 0.572266 0.498047 0.572266 0.500000 0.570312 0.501953 0.570312 0.501953 0.560547 0.503906 0.558594 0.507812 0.558594 0.509766 0.560547 0.515625 0.560547 0.519531 0.564453 0.519531 0.566406 0.521484 0.568359 0.523438 0.568359 0.523438 0.566406 0.521484 0.564453 0.521484 0.562500 0.519531 0.560547 0.519531 0.558594 0.511719 0.558594 0.509766 0.556641
0 0.570312 0.513672 0.568359 0.515625 0.564453 0.515625 0.564453 0.527344 0.566406 0.527344 0.568359 0.529297 0.578125 0.529297 0.580078 0.527344 0.580078 0.525391 0.578125 0.525391 0.576172 0.527344 0.570312 0.527344 0.566406 0.523438 0.566406 0.519531 0.568359 0.517578 0.570312 0.517578 0.572266 0.515625 0.576172 0.515625 0.576172 0.513672
0 0.390625 0.466797 0.390625 0.470703 0.388672 0.472656 0.376953 0.472656 0.376953 0.490234 0.386719 0.490234 0.386719 0.484375 0.388672 0.482422 0.392578 0.482422 0.392578 0.478516 0.394531 0.476562 0.406250 0.476562 0.406250 0.466797
0 0.246094 0.339844 0.246094 0.341797 0.244141 0.343750 0.224609 0.343750 0.224609 0.347656 0.222656 0.349609 0.216797 0.349609 0.216797 0.355469 0.214844 0.357422 0.207031 0.357422 0.205078 0.359375 0.203125 0.359375 0.203125 0.369141 0.212891 0.369141 0.214844 0.367188 0.222656 0.367188 0.222656 0.361328 0.224609 0.359375 0.230469 0.359375 0.230469 0.355469 0.232422 0.353516 0.250000 0.353516 0.250000 0.351562 0.251953 0.349609 0.255859 0.349609 0.255859 0.339844
0 0.718750 0.333984 0.716797 0.335938 0.712891 0.335938 0.712891 0.341797 0.710938 0.343750 0.708984 0.341797 0.708984 0.339844 0.699219 0.339844 0.699219 0.347656 0.697266 0.349609 0.689453 0.349609 0.689453 0.355469 0.687500 0.357422 0.679688 0.357422 0.679688 0.373047 0.681641 0.373047 0.683594 0.375000 0.683594 0.382812 0.695312 0.382812 0.695312 0.378906 0.697266 0.376953 0.703125 0.376953 0.703125 0.369141 0.705078 0.367188 0.708984 0.367188 0.708984 0.357422 0.707031 0.357422 0.705078 0.355469 0.707031 0.353516 0.710938 0.353516 0.712891 0.355469 0.712891 0.357422 0.720703 0.357422 0.722656 0.359375 0.738281 0.359375 0.740234 0.361328 0.740234 0.367188 0.753906 0.367188 0.755859 0.369141 0.755859 0.373047 0.769531 0.373047 0.769531 0.363281 0.761719 0.363281 0.759766 0.361328 0.759766 0.357422 0.740234 0.357422 0.738281 0.355469 0.738281 0.349609 0.734375 0.349609 0.732422 0.347656 0.732422 0.333984
0 0.419922 0.287109 0.416016 0.291016 0.414062 0.291016 0.410156 0.294922 0.410156 0.302734 0.416016 0.308594 0.416016 0.310547 0.417969 0.312500 0.417969 0.314453 0.419922 0.316406 0.423828 0.316406 0.425781 0.318359 0.427734 0.318359 0.429688 0.320312 0.429688 0.324219 0.431641 0.326172 0.431641 0.332031 0.433594 0.332031 0.437500 0.335938 0.441406 0.335938 0.441406 0.333984 0.439453 0.333984 0.433594 0.328125 0.433594 0.322266 0.431641 0.320312 0.431641 0.318359 0.427734 0.314453 0.421875 0.314453 0.419922 0.312500 0.419922 0.310547 0.417969 0.308594 0.417969 0.306641 0.416016 0.304688 0.416016 0.302734 0.412109 0.298828 0.412109 0.296875 0.414062 0.294922 0.416016 0.294922 0.419922 0.291016 0.421875 0.291016 0.423828 0.289062 0.429688 0.289062 0.429688 0.287109
0 0.875000 0.244141 0.873047 0.246094 0.871094 0.246094 0.869141 0.248047 0.865234 0.248047 0.863281 0.250000 0.861328 0.250000 0.861328 0.251953 0.857422 0.255859 0.855469 0.255859 0.851562 0.259766 0.851562 0.261719 0.849609 0.263672 0.849609 0.265625 0.851562 0.267578 0.857422 0.267578 0.865234 0.275391 0.863281 0.277344 0.861328 0.277344 0.859375 0.279297 0.847656 0.279297 0.847656 0.283203 0.849609 0.283203 0.851562 0.285156 0.851562 0.287109 0.855469 0.291016 0.861328 0.291016 0.861328 0.289062 0.857422 0.289062 0.851562 0.283203 0.853516 0.281250 0.863281 0.281250 0.865234 0.283203 0.871094 0.283203 0.873047 0.281250 0.890625 0.281250 0.892578 0.279297 0.898438 0.279297 0.900391 0.277344 0.900391 0.267578 0.898438 0.265625 0.900391 0.263672 0.900391 0.255859 0.898438 0.253906 0.898438 0.251953 0.896484 0.251953 0.894531 0.250000 0.890625 0.250000 0.886719 0.246094 0.882812 0.246094 0.880859 0.244141
0 0.962891 0.179688 0.962891 0.181641 0.958984 0.185547 0.955078 0.185547 0.953125 0.187500 0.949219 0.187500 0.947266 0.189453 0.947266 0.195312 0.949219 0.195312 0.951172 0.197266 0.949219 0.199219 0.949219 0.205078 0.947266 0.207031 0.935547 0.207031 0.933594 0.205078 0.933594 0.193359 0.931641 0.193359 0.931641 0.208984 0.949219 0.208984 0.951172 0.207031 0.951172 0.203125 0.953125 0.201172 0.953125 0.195312 0.949219 0.191406 0.951172 0.189453 0.955078 0.189453 0.957031 0.187500 0.960938 0.187500 0.964844 0.183594 0.964844 0.179688