0 0.380859 0.964844 0.378906 0.966797 0.378906 0.970703 0.376953 0.972656 0.376953 0.978516 0.375000 0.980469 0.373047 0.980469 0.371094 0.982422 0.369141 0.982422 0.369141 0.992188 0.429688 0.992188 0.429688 0.984375 0.425781 0.980469 0.425781 0.978516 0.421875 0.974609 0.414062 0.974609 0.412109 0.972656 0.404297 0.972656 0.402344 0.970703 0.400391 0.970703 0.396484 0.966797 0.390625 0.966797 0.388672 0.964844
0 0.000000 0.921875 0.000000 0.984375 0.001953 0.984375 0.003906 0.982422 0.003906 0.968750 0.005859 0.966797 0.005859 0.964844 0.007812 0.962891 0.009766 0.962891 0.015625 0.957031 0.015625 0.953125 0.017578 0.951172 0.021484 0.951172 0.027344 0.957031 0.029297 0.957031 0.031250 0.958984 0.041016 0.958984 0.041016 0.949219 0.039062 0.947266 0.039062 0.945312 0.033203 0.939453 0.033203 0.937500 0.031250 0.935547 0.031250 0.933594 0.029297 0.933594 0.027344 0.931641 0.027344 0.929688 0.021484 0.929688 0.019531 0.927734 0.017578 0.927734 0.015625 0.925781 0.005859 0.925781 0.003906 0.923828 0.003906 0.921875
0 0.320312 0.917969 0.320312 0.921875 0.324219 0.925781 0.326172 0.925781 0.330078 0.929688 0.332031 0.929688 0.335938 0.933594 0.341797 0.933594 0.341797 0.929688 0.339844 0.927734 0.339844 0.925781 0.333984 0.919922 0.332031 0.919922 0.330078 0.917969
0 0.777344 0.906250 0.775391 0.908203 0.773438 0.908203 0.771484 0.910156 0.765625 0.910156 0.765625 0.914062 0.763672 0.916016 0.763672 0.917969 0.761719 0.919922 0.759766 0.919922 0.753906 0.925781 0.746094 0.925781 0.744141 0.927734 0.744141 0.929688 0.742188 0.931641 0.742188 0.947266 0.744141 0.949219 0.746094 0.949219 0.748047 0.951172 0.748047 0.953125 0.750000 0.955078 0.750000 0.957031 0.753906 0.960938 0.755859 0.960938 0.757812 0.962891 0.759766 0.962891 0.761719 0.964844 0.763672 0.964844 0.765625 0.966797 0.767578 0.964844 0.769531 0.964844 0.775391 0.958984 0.783203 0.958984 0.785156 0.960938 0.785156 0.962891 0.791016 0.962891 0.792969 0.964844 0.796875 0.964844 0.802734 0.958984 0.804688 0.958984 0.804688 0.955078 0.808594 0.951172 0.808594 0.939453 0.806641 0.937500 0.806641 0.935547 0.804688 0.933594 0.804688 0.929688 0.802734 0.927734 0.802734 0.921875 0.800781 0.919922 0.798828 0.919922 0.796875 0.917969 0.794922 0.917969 0.792969 0.916016 0.791016 0.916016 0.785156 0.910156 0.781250 0.910156
0 0.373047 0.902344 0.371094 0.904297 0.369141 0.904297 0.365234 0.908203 0.359375 0.908203 0.357422 0.910156 0.349609 0.910156 0.347656 0.912109 0.347656 0.917969 0.353516 0.923828 0.355469 0.923828 0.357422 0.925781 0.359375 0.925781 0.361328 0.927734 0.369141 0.927734 0.371094 0.925781 0.371094 0.919922 0.375000 0.916016 0.376953 0.916016 0.378906 0.914062 0.380859 0.914062 0.382812 0.912109 0.386719 0.912109 0.386719 0.904297 0.384766 0.902344
0 0.429688 0.869141 0.427734 0.871094 0.416016 0.871094 0.416016 0.884766 0.417969 0.886719 0.419922 0.886719 0.421875 0.888672 0.431641 0.888672 0.437500 0.882812 0.437500 0.869141
0 0.818359 0.740234 0.814453 0.744141 0.814453 0.748047 0.816406 0.750000 0.816406 0.751953 0.822266 0.757812 0.822266 0.759766 0.826172 0.763672 0.822266 0.767578 0.822266 0.771484 0.832031 0.771484 0.833984 0.769531 0.835938 0.769531 0.837891 0.767578 0.839844 0.769531 0.845703 0.769531 0.847656 0.767578 0.847656 0.763672 0.839844 0.755859 0.839844 0.753906 0.837891 0.751953 0.837891 0.748047 0.833984 0.744141 0.832031 0.744141 0.830078 0.742188 0.828125 0.742188 0.826172 0.740234
0 0.843750 0.730469 0.841797 0.732422 0.839844 0.732422 0.839844 0.734375 0.835938 0.738281 0.835938 0.740234 0.843750 0.740234 0.849609 0.746094 0.853516 0.746094 0.853516 0.742188 0.851562 0.740234 0.851562 0.732422 0.849609 0.730469
0 0.126953 0.667969 0.125000 0.669922 0.125000 0.675781 0.126953 0.677734 0.130859 0.677734 0.134766 0.673828 0.134766 0.669922 0.132812 0.667969
0 0.908203 0.644531 0.896484 0.656250 0.894531 0.656250 0.892578 0.658203 0.892578 0.666016 0.894531 0.667969 0.894531 0.669922 0.898438 0.673828 0.898438 0.675781 0.900391 0.675781 0.902344 0.677734 0.902344 0.693359 0.904297 0.693359 0.908203 0.697266 0.908203 0.701172 0.910156 0.703125 0.910156 0.707031 0.912109 0.708984 0.912109 0.710938 0.916016 0.714844 0.916016 0.718750 0.917969 0.720703 0.917969 0.724609 0.919922 0.726562 0.919922 0.728516 0.921875 0.730469 0.921875 0.732422 0.923828 0.734375 0.925781 0.734375 0.927734 0.736328 0.931641 0.736328 0.933594 0.738281 0.937500 0.734375 0.939453 0.734375 0.939453 0.728516 0.941406 0.726562 0.943359 0.726562 0.943359 0.724609 0.951172 0.716797 0.953125 0.716797 0.953125 0.714844 0.955078 0.712891 0.957031 0.712891 0.958984 0.710938 0.958984 0.707031 0.960938 0.705078 0.960938 0.697266 0.962891 0.695312 0.960938 0.693359 0.962891 0.691406 0.960938 0.689453 0.960938 0.683594 0.957031 0.679688 0.953125 0.679688 0.951172 0.677734 0.951172 0.673828 0.949219 0.671875 0.949219 0.669922 0.947266 0.667969 0.945312 0.667969 0.941406 0.664062 0.941406 0.662109 0.939453 0.662109 0.925781 0.648438 0.925781 0.646484 0.923828 0.646484 0.921875 0.644531
0 0.130859 0.638672 0.128906 0.640625 0.126953 0.640625 0.125000 0.642578 0.123047 0.642578 0.121094 0.644531 0.119141 0.644531 0.117188 0.642578 0.113281 0.642578 0.113281 0.648438 0.115234 0.650391 0.115234 0.656250 0.117188 0.658203 0.126953 0.658203 0.130859 0.662109 0.140625 0.662109 0.142578 0.660156 0.142578 0.654297 0.140625 0.654297 0.138672 0.652344 0.138672 0.648438 0.140625 0.646484 0.140625 0.642578 0.138672 0.640625 0.138672 0.638672
0 0.068359 0.636719 0.066406 0.638672 0.064453 0.638672 0.062500 0.640625 0.060547 0.638672 0.054688 0.638672 0.052734 0.640625 0.052734 0.642578 0.050781 0.644531 0.050781 0.654297 0.048828 0.656250 0.048828 0.658203 0.046875 0.660156 0.046875 0.671875 0.048828 0.673828 0.048828 0.687500 0.050781 0.689453 0.050781 0.691406 0.058594 0.691406 0.060547 0.689453 0.066406 0.689453 0.068359 0.687500 0.072266 0.687500 0.072266 0.685547 0.074219 0.683594 0.076172 0.683594 0.078125 0.681641 0.080078 0.681641 0.082031 0.679688 0.083984 0.679688 0.085938 0.681641 0.085938 0.683594 0.087891 0.685547 0.087891 0.687500 0.089844 0.689453 0.089844 0.697266 0.085938 0.701172 0.076172 0.701172 0.074219 0.703125 0.074219 0.712891 0.078125 0.716797 0.078125 0.722656 0.076172 0.724609 0.074219 0.724609 0.074219 0.730469 0.078125 0.734375 0.080078 0.734375 0.082031 0.736328 0.083984 0.736328 0.085938 0.738281 0.087891 0.738281 0.089844 0.736328 0.095703 0.736328 0.095703 0.732422 0.097656 0.730469 0.099609 0.730469 0.105469 0.724609 0.105469 0.722656 0.113281 0.714844 0.113281 0.710938 0.111328 0.708984 0.111328 0.699219 0.109375 0.699219 0.105469 0.695312 0.105469 0.691406 0.113281 0.683594 0.113281 0.679688 0.115234 0.677734 0.115234 0.666016 0.111328 0.662109 0.111328 0.660156 0.107422 0.656250 0.107422 0.654297 0.105469 0.652344 0.105469 0.646484 0.097656 0.646484 0.095703 0.644531 0.095703 0.636719 0.087891 0.636719 0.085938 0.638672 0.083984 0.636719
0 0.419922 0.544922 0.419922 0.546875 0.416016 0.550781 0.414062 0.550781 0.414062 0.558594 0.417969 0.562500 0.417969 0.568359 0.421875 0.572266 0.421875 0.576172 0.423828 0.578125 0.423828 0.580078 0.429688 0.585938 0.429688 0.587891 0.431641 0.589844 0.431641 0.591797 0.443359 0.591797 0.443359 0.589844 0.447266 0.585938 0.447266 0.582031 0.449219 0.580078 0.449219 0.578125 0.451172 0.576172 0.451172 0.570312 0.453125 0.568359 0.453125 0.558594 0.451172 0.556641 0.451172 0.554688 0.449219 0.552734 0.447266 0.552734 0.445312 0.550781 0.443359 0.550781 0.441406 0.548828 0.441406 0.546875 0.437500 0.546875 0.435547 0.544922
0 0.591797 0.427734 0.587891 0.431641 0.587891 0.443359 0.589844 0.445312 0.601562 0.445312 0.603516 0.443359 0.607422 0.443359 0.607422 0.439453 0.605469 0.439453 0.603516 0.437500 0.603516 0.435547 0.601562 0.433594 0.601562 0.431641 0.597656 0.427734
0 0.224609 0.410156 0.218750 0.416016 0.218750 0.423828 0.222656 0.427734 0.220703 0.429688 0.218750 0.429688 0.216797 0.431641 0.216797 0.439453 0.218750 0.441406 0.226562 0.441406 0.228516 0.439453 0.228516 0.437500 0.232422 0.433594 0.234375 0.433594 0.236328 0.431641 0.238281 0.431641 0.240234 0.433594 0.240234 0.435547 0.242188 0.437500 0.242188 0.441406 0.238281 0.445312 0.236328 0.445312 0.236328 0.447266 0.232422 0.451172 0.230469 0.451172 0.228516 0.453125 0.226562 0.453125 0.222656 0.457031 0.220703 0.457031 0.218750 0.458984 0.218750 0.464844 0.222656 0.468750 0.224609 0.468750 0.226562 0.470703 0.222656 0.474609 0.220703 0.474609 0.216797 0.470703 0.210938 0.470703 0.210938 0.480469 0.212891 0.480469 0.216797 0.484375 0.220703 0.484375 0.226562 0.490234 0.226562 0.492188 0.230469 0.492188 0.232422 0.494141 0.236328 0.494141 0.238281 0.496094 0.246094 0.496094 0.246094 0.486328 0.250000 0.482422 0.251953 0.482422 0.251953 0.480469 0.257812 0.474609 0.257812 0.470703 0.259766 0.468750 0.259766 0.466797 0.265625 0.460938 0.265625 0.453125 0.263672 0.451172 0.263672 0.449219 0.259766 0.445312 0.257812 0.445312 0.253906 0.441406 0.253906 0.433594 0.251953 0.433594 0.250000 0.431641 0.250000 0.429688 0.248047 0.427734 0.246094 0.427734 0.240234 0.421875 0.240234 0.416016 0.238281 0.416016 0.234375 0.412109 0.232422 0.412109 0.230469 0.410156
0 0.726562 0.394531 0.726562 0.396484 0.722656 0.400391 0.722656 0.417969 0.724609 0.419922 0.724609 0.421875 0.726562 0.423828 0.724609 0.425781 0.722656 0.425781 0.720703 0.423828 0.708984 0.423828 0.705078 0.427734 0.703125 0.427734 0.699219 0.431641 0.697266 0.431641 0.695312 0.433594 0.695312 0.437500 0.693359 0.439453 0.695312 0.441406 0.695312 0.443359 0.697266 0.445312 0.699219 0.445312 0.701172 0.447266 0.703125 0.447266 0.707031 0.451172 0.708984 0.451172 0.714844 0.457031 0.728516 0.457031 0.728516 0.435547 0.730469 0.433594 0.726562 0.429688 0.726562 0.427734 0.728516 0.425781 0.734375 0.425781 0.736328 0.423828 0.738281 0.423828 0.748047 0.414062 0.750000 0.414062 0.750000 0.402344 0.746094 0.398438 0.744141 0.398438 0.740234 0.394531
0 0.720703 0.375000 0.720703 0.376953 0.718750 0.378906 0.718750 0.386719 0.724609 0.386719 0.726562 0.384766 0.726562 0.382812 0.728516 0.380859 0.726562 0.378906 0.726562 0.375000
0 0.849609 0.371094 0.845703 0.375000 0.845703 0.382812 0.851562 0.388672 0.851562 0.390625 0.853516 0.390625 0.855469 0.392578 0.859375 0.392578 0.861328 0.390625 0.863281 0.390625 0.863281 0.382812 0.855469 0.375000 0.853516 0.375000 0.851562 0.373047 0.851562 0.371094
0 0.988281 0.365234 0.988281 0.375000 0.992188 0.375000 0.992188 0.365234
0 0.599609 0.351562 0.597656 0.353516 0.597656 0.365234 0.595703 0.367188 0.595703 0.373047 0.597656 0.375000 0.609375 0.375000 0.611328 0.373047 0.613281 0.373047 0.615234 0.371094 0.617188 0.371094 0.623047 0.365234 0.623047 0.359375 0.619141 0.359375 0.617188 0.357422 0.613281 0.357422 0.611328 0.355469 0.611328 0.353516 0.609375 0.351562
0 0.773438 0.335938 0.773438 0.341797 0.771484 0.343750 0.769531 0.343750 0.769531 0.347656 0.767578 0.349609 0.765625 0.349609 0.765625 0.355469 0.769531 0.359375 0.769531 0.361328 0.771484 0.363281 0.775391 0.363281 0.785156 0.353516 0.787109 0.353516 0.789062 0.351562 0.789062 0.349609 0.787109 0.347656 0.783203 0.347656 0.777344 0.341797 0.777344 0.337891 0.775391 0.335938
0 0.767578 0.316406 0.765625 0.318359 0.765625 0.322266 0.767578 0.324219 0.767578 0.326172 0.769531 0.328125 0.771484 0.328125 0.771484 0.326172 0.773438 0.324219 0.773438 0.316406
0 0.851562 0.285156 0.847656 0.289062 0.845703 0.289062 0.845703 0.291016 0.843750 0.292969 0.841797 0.292969 0.841797 0.296875 0.847656 0.302734 0.847656 0.306641 0.843750 0.310547 0.843750 0.320312 0.845703 0.322266 0.845703 0.324219 0.849609 0.328125 0.847656 0.330078 0.847656 0.333984 0.849609 0.335938 0.849609 0.339844 0.853516 0.343750 0.857422 0.343750 0.859375 0.345703 0.859375 0.361328 0.861328 0.363281 0.861328 0.365234 0.863281 0.367188 0.873047 0.367188 0.876953 0.363281 0.876953 0.355469 0.884766 0.347656 0.884766 0.332031 0.882812 0.330078 0.882812 0.328125 0.880859 0.326172 0.878906 0.326172 0.873047 0.320312 0.873047 0.318359 0.869141 0.314453 0.869141 0.306641 0.867188 0.304688 0.867188 0.302734 0.865234 0.300781 0.865234 0.296875 0.861328 0.292969 0.861328 0.291016 0.859375 0.289062 0.859375 0.287109 0.857422 0.285156
0 0.677734 0.242188 0.666016 0.253906 0.666016 0.255859 0.662109 0.259766 0.660156 0.259766 0.658203 0.261719 0.656250 0.259766 0.646484 0.259766 0.642578 0.263672 0.634766 0.255859 0.625000 0.255859 0.623047 0.257812 0.621094 0.257812 0.619141 0.259766 0.617188 0.259766 0.613281 0.263672 0.611328 0.263672 0.607422 0.267578 0.605469 0.267578 0.601562 0.271484 0.601562 0.277344 0.611328 0.277344 0.615234 0.273438 0.617188 0.273438 0.619141 0.271484 0.621094 0.271484 0.623047 0.273438 0.625000 0.273438 0.626953 0.275391 0.630859 0.275391 0.632812 0.277344 0.636719 0.277344 0.640625 0.281250 0.642578 0.281250 0.644531 0.279297 0.650391 0.279297 0.652344 0.281250 0.654297 0.281250 0.660156 0.287109 0.660156 0.289062 0.656250 0.292969 0.654297 0.292969 0.652344 0.294922 0.642578 0.294922 0.640625 0.292969 0.636719 0.292969 0.632812 0.296875 0.632812 0.298828 0.630859 0.300781 0.630859 0.306641 0.628906 0.308594 0.628906 0.310547 0.625000 0.314453 0.623047 0.314453 0.623047 0.318359 0.625000 0.320312 0.626953 0.320312 0.628906 0.322266 0.628906 0.324219 0.638672 0.333984 0.638672 0.335938 0.640625 0.335938 0.644531 0.339844 0.646484 0.339844 0.650391 0.343750 0.658203 0.343750 0.660156 0.341797 0.660156 0.335938 0.662109 0.333984 0.662109 0.332031 0.664062 0.330078 0.664062 0.328125 0.666016 0.326172 0.667969 0.326172 0.667969 0.324219 0.669922 0.322266 0.669922 0.314453 0.667969 0.314453 0.666016 0.312500 0.671875 0.306641 0.673828 0.306641 0.677734 0.302734 0.687500 0.302734 0.689453 0.300781 0.697266 0.300781 0.697266 0.292969 0.695312 0.291016 0.695312 0.289062 0.697266 0.287109 0.701172 0.287109 0.703125 0.285156 0.705078 0.285156 0.705078 0.283203 0.707031 0.281250 0.708984 0.281250 0.712891 0.277344 0.714844 0.277344 0.714844 0.265625 0.712891 0.263672 0.710938 0.263672 0.708984 0.261719 0.707031 0.261719 0.703125 0.257812 0.701172 0.257812 0.699219 0.255859 0.697266 0.255859 0.695312 0.253906 0.695312 0.251953 0.691406 0.248047 0.691406 0.244141 0.687500 0.244141 0.685547 0.242188
0 0.664062 0.138672 0.660156 0.142578 0.658203 0.142578 0.658203 0.144531 0.652344 0.150391 0.650391 0.150391 0.648438 0.152344 0.646484 0.152344 0.646484 0.154297 0.642578 0.158203 0.640625 0.158203 0.640625 0.160156 0.638672 0.162109 0.638672 0.164062 0.636719 0.166016 0.634766 0.166016 0.630859 0.162109 0.628906 0.162109 0.626953 0.160156 0.626953 0.158203 0.623047 0.154297 0.621094 0.154297 0.619141 0.152344 0.613281 0.152344 0.609375 0.156250 0.609375 0.158203 0.607422 0.160156 0.607422 0.166016 0.609375 0.167969 0.609375 0.183594 0.611328 0.185547 0.611328 0.197266 0.617188 0.203125 0.617188 0.205078 0.619141 0.207031 0.619141 0.210938 0.623047 0.210938 0.625000 0.212891 0.625000 0.216797 0.626953 0.216797 0.628906 0.218750 0.630859 0.218750 0.632812 0.216797 0.632812 0.214844 0.636719 0.210938 0.648438 0.222656 0.648438 0.224609 0.644531 0.228516 0.638672 0.228516 0.638672 0.234375 0.644531 0.234375 0.646484 0.232422 0.650391 0.232422 0.654297 0.236328 0.656250 0.236328 0.658203 0.238281 0.658203 0.240234 0.662109 0.240234 0.662109 0.236328 0.658203 0.232422 0.658203 0.220703 0.656250 0.220703 0.654297 0.218750 0.652344 0.218750 0.650391 0.216797 0.650391 0.214844 0.654297 0.210938 0.654297 0.203125 0.650391 0.199219 0.650391 0.193359 0.652344 0.191406 0.662109 0.191406 0.669922 0.183594 0.673828 0.183594 0.679688 0.189453 0.681641 0.189453 0.683594 0.191406 0.683594 0.193359 0.685547 0.195312 0.689453 0.195312 0.691406 0.193359 0.691406 0.181641 0.689453 0.179688 0.689453 0.177734 0.681641 0.169922 0.683594 0.167969 0.701172 0.167969 0.703125 0.166016 0.703125 0.164062 0.705078 0.162109 0.705078 0.158203 0.703125 0.158203 0.701172 0.156250 0.699219 0.156250 0.695312 0.152344 0.693359 0.152344 0.691406 0.150391 0.689453 0.150391 0.687500 0.148438 0.685547 0.148438 0.681641 0.144531 0.679688 0.144531 0.675781 0.140625 0.675781 0.138672
0 0.937500 0.072266 0.935547 0.074219 0.931641 0.074219 0.929688 0.076172 0.925781 0.076172 0.921875 0.080078 0.921875 0.082031 0.919922 0.083984 0.919922 0.087891 0.917969 0.089844 0.917969 0.099609 0.923828 0.105469 0.923828 0.109375 0.925781 0.111328 0.925781 0.113281 0.923828 0.115234 0.923828 0.128906 0.921875 0.130859 0.921875 0.132812 0.917969 0.136719 0.916016 0.136719 0.912109 0.140625 0.908203 0.140625 0.906250 0.142578 0.902344 0.142578 0.896484 0.148438 0.894531 0.148438 0.892578 0.150391 0.890625 0.150391 0.890625 0.152344 0.884766 0.158203 0.882812 0.158203 0.880859 0.160156 0.867188 0.160156 0.865234 0.162109 0.863281 0.162109 0.863281 0.169922 0.861328 0.171875 0.861328 0.177734 0.865234 0.181641 0.863281 0.183594 0.863281 0.193359 0.861328 0.195312 0.861328 0.199219 0.859375 0.201172 0.859375 0.212891 0.857422 0.214844 0.857422 0.218750 0.855469 0.220703 0.855469 0.236328 0.857422 0.238281 0.857422 0.240234 0.859375 0.240234 0.861328 0.242188 0.876953 0.242188 0.882812 0.248047 0.882812 0.255859 0.886719 0.259766 0.888672 0.259766 0.890625 0.261719 0.890625 0.263672 0.892578 0.265625 0.892578 0.269531 0.890625 0.271484 0.888672 0.271484 0.888672 0.273438 0.886719 0.275391 0.880859 0.275391 0.880859 0.277344 0.878906 0.279297 0.878906 0.294922 0.880859 0.296875 0.880859 0.298828 0.882812 0.300781 0.900391 0.300781 0.902344 0.302734 0.921875 0.302734 0.923828 0.300781 0.929688 0.300781 0.931641 0.298828 0.935547 0.298828 0.937500 0.296875 0.939453 0.296875 0.941406 0.294922 0.951172 0.294922 0.953125 0.292969 0.958984 0.292969 0.960938 0.291016 0.962891 0.291016 0.966797 0.287109 0.968750 0.287109 0.970703 0.285156 0.972656 0.285156 0.974609 0.283203 0.976562 0.283203 0.978516 0.281250 0.988281 0.281250 0.990234 0.279297 0.992188 0.279297 0.992188 0.236328 0.990234 0.236328 0.988281 0.234375 0.988281 0.232422 0.986328 0.232422 0.982422 0.228516 0.982422 0.226562 0.978516 0.222656 0.978516 0.216797 0.984375 0.210938 0.984375 0.208984 0.986328 0.207031 0.990234 0.207031 0.992188 0.205078 0.992188 0.130859 0.986328 0.130859 0.984375 0.128906 0.976562 0.128906 0.974609 0.126953 0.972656 0.126953 0.970703 0.125000 0.968750 0.125000 0.964844 0.121094 0.964844 0.119141 0.962891 0.117188 0.962891 0.113281 0.966797 0.109375 0.966797 0.107422 0.970703 0.103516 0.972656 0.103516 0.972656 0.099609 0.974609 0.097656 0.976562 0.097656 0.978516 0.095703 0.978516 0.091797 0.980469 0.089844 0.980469 0.080078 0.978516 0.078125 0.976562 0.078125 0.974609 0.076172 0.966797 0.076172 0.960938 0.082031 0.958984 0.080078 0.957031 0.082031 0.955078 0.080078 0.953125 0.080078 0.951172 0.078125 0.951172 0.074219 0.949219 0.072266
0 0.888672 0.050781 0.888672 0.052734 0.886719 0.054688 0.882812 0.054688 0.878906 0.058594 0.875000 0.058594 0.873047 0.060547 0.873047 0.072266 0.871094 0.074219 0.871094 0.085938 0.873047 0.087891 0.873047 0.089844 0.876953 0.093750 0.888672 0.093750 0.890625 0.091797 0.892578 0.091797 0.894531 0.089844 0.896484 0.089844 0.900391 0.085938 0.900391 0.080078 0.898438 0.078125 0.900391 0.076172 0.900391 0.072266 0.902344 0.070312 0.902344 0.068359 0.900391 0.066406 0.900391 0.064453 0.896484 0.060547 0.896484 0.058594 0.892578 0.054688 0.892578 0.050781
0 0.396484 0.042969 0.394531 0.044922 0.392578 0.044922 0.390625 0.046875 0.382812 0.046875 0.378906 0.050781 0.375000 0.050781 0.373047 0.052734 0.371094 0.052734 0.369141 0.054688 0.365234 0.054688 0.363281 0.056641 0.355469 0.056641 0.353516 0.058594 0.349609 0.058594 0.347656 0.060547 0.345703 0.060547 0.343750 0.062500 0.341797 0.062500 0.339844 0.064453 0.339844 0.066406 0.337891 0.068359 0.337891 0.070312 0.333984 0.074219 0.333984 0.076172 0.332031 0.078125 0.332031 0.089844 0.335938 0.093750 0.337891 0.093750 0.343750 0.099609 0.343750 0.103516 0.341797 0.105469 0.335938 0.105469 0.335938 0.107422 0.333984 0.109375 0.328125 0.109375 0.324219 0.113281 0.324219 0.115234 0.322266 0.117188 0.324219 0.119141 0.324219 0.123047 0.328125 0.126953 0.328125 0.128906 0.330078 0.130859 0.330078 0.132812 0.332031 0.134766 0.332031 0.136719 0.333984 0.136719 0.335938 0.138672 0.335938 0.140625 0.339844 0.140625 0.341797 0.142578 0.341797 0.152344 0.343750 0.154297 0.345703 0.154297 0.351562 0.160156 0.353516 0.160156 0.355469 0.162109 0.355469 0.164062 0.363281 0.164062 0.365234 0.166016 0.369141 0.166016 0.371094 0.167969 0.373047 0.167969 0.375000 0.169922 0.376953 0.169922 0.378906 0.171875 0.388672 0.171875 0.390625 0.173828 0.396484 0.173828 0.398438 0.175781 0.412109 0.175781 0.414062 0.177734 0.427734 0.177734 0.429688 0.175781 0.433594 0.175781 0.435547 0.173828 0.439453 0.173828 0.441406 0.171875 0.443359 0.171875 0.445312 0.169922 0.447266 0.169922 0.447266 0.167969 0.449219 0.166016 0.449219 0.146484 0.447266 0.144531 0.447266 0.136719 0.445312 0.134766 0.445312 0.132812 0.443359 0.130859 0.443359 0.128906 0.441406 0.126953 0.441406 0.123047 0.439453 0.121094 0.441406 0.119141 0.443359 0.119141 0.447266 0.123047 0.451172 0.123047 0.453125 0.125000 0.455078 0.123047 0.457031 0.123047 0.458984 0.121094 0.458984 0.119141 0.460938 0.117188 0.468750 0.117188 0.468750 0.103516 0.464844 0.099609 0.464844 0.097656 0.458984 0.091797 0.458984 0.083984 0.457031 0.082031 0.457031 0.080078 0.455078 0.082031 0.445312 0.072266 0.445312 0.068359 0.439453 0.062500 0.439453 0.060547 0.433594 0.054688 0.431641 0.054688 0.429688 0.052734 0.425781 0.052734 0.423828 0.050781 0.421875 0.050781 0.419922 0.048828 0.417969 0.048828 0.416016 0.046875 0.412109 0.046875 0.410156 0.044922 0.404297 0.044922 0.402344 0.042969
0 0.570312 0.039062 0.566406 0.042969 0.566406 0.044922 0.558594 0.052734 0.556641 0.052734 0.554688 0.054688 0.546875 0.054688 0.544922 0.056641 0.544922 0.058594 0.542969 0.060547 0.542969 0.070312 0.546875 0.070312 0.548828 0.072266 0.552734 0.072266 0.554688 0.074219 0.548828 0.080078 0.548828 0.089844 0.558594 0.089844 0.562500 0.085938 0.564453 0.085938 0.566406 0.083984 0.568359 0.083984 0.570312 0.082031 0.570312 0.070312 0.572266 0.068359 0.572266 0.064453 0.574219 0.062500 0.574219 0.039062
0 0.843750 0.000000 0.841797 0.001953 0.841797 0.017578 0.843750 0.017578 0.845703 0.019531 0.857422 0.019531 0.861328 0.015625 0.863281 0.015625 0.871094 0.007812 0.871094 0.005859 0.875000 0.001953 0.875000 0.000000