0 0.351562 0.904297 0.351562 0.912109 0.355469 0.912109 0.357422 0.914062 0.357422 0.917969 0.359375 0.919922 0.363281 0.919922 0.365234 0.921875 0.365234 0.925781 0.382812 0.925781 0.384766 0.927734 0.392578 0.927734 0.394531 0.929688 0.394531 0.935547 0.400391 0.935547 0.402344 0.937500 0.402344 0.945312 0.410156 0.945312 0.410156 0.937500 0.404297 0.937500 0.402344 0.935547 0.402344 0.927734 0.394531 0.927734 0.392578 0.925781 0.392578 0.919922 0.390625 0.919922 0.388672 0.917969 0.369141 0.917969 0.367188 0.916016 0.367188 0.912109 0.365234 0.910156 0.361328 0.910156 0.359375 0.908203 0.359375 0.904297
0 0.351562 0.890625 0.351562 0.898438 0.359375 0.898438 0.359375 0.890625
0 0.437500 0.884766 0.435547 0.886719 0.435547 0.919922 0.437500 0.921875 0.437500 0.929688 0.435547 0.931641 0.435547 0.945312 0.433594 0.947266 0.431641 0.947266 0.429688 0.949219 0.429688 0.962891 0.427734 0.964844 0.423828 0.964844 0.421875 0.962891 0.421875 0.958984 0.419922 0.957031 0.419922 0.949219 0.412109 0.949219 0.412109 0.957031 0.414062 0.958984 0.414062 0.966797 0.417969 0.966797 0.419922 0.968750 0.419922 0.972656 0.421875 0.974609 0.421875 0.976562 0.423828 0.976562 0.425781 0.978516 0.425781 0.980469 0.435547 0.980469 0.435547 0.978516 0.437500 0.976562 0.437500 0.957031 0.439453 0.955078 0.439453 0.951172 0.441406 0.949219 0.443359 0.949219 0.443359 0.939453 0.445312 0.937500 0.445312 0.917969 0.443359 0.916016 0.443359 0.894531 0.445312 0.892578 0.445312 0.884766
0 0.521484 0.882812 0.521484 0.888672 0.519531 0.890625 0.519531 0.894531 0.517578 0.896484 0.517578 0.908203 0.523438 0.908203 0.523438 0.898438 0.525391 0.896484 0.525391 0.890625 0.527344 0.888672 0.527344 0.882812
0 0.269531 0.882812 0.269531 0.890625 0.273438 0.890625 0.275391 0.892578 0.285156 0.892578 0.285156 0.884766 0.279297 0.884766 0.277344 0.882812
0 0.308594 0.880859 0.308594 0.894531 0.310547 0.894531 0.312500 0.896484 0.312500 0.917969 0.314453 0.919922 0.314453 0.927734 0.320312 0.927734 0.322266 0.929688 0.322266 0.933594 0.324219 0.935547 0.324219 0.937500 0.326172 0.937500 0.328125 0.939453 0.328125 0.941406 0.341797 0.941406 0.341797 0.927734 0.339844 0.927734 0.337891 0.925781 0.337891 0.923828 0.335938 0.921875 0.335938 0.919922 0.330078 0.919922 0.328125 0.917969 0.328125 0.906250 0.326172 0.904297 0.326172 0.896484 0.324219 0.896484 0.322266 0.894531 0.322266 0.880859
0 0.357422 0.873047 0.357422 0.880859 0.365234 0.880859 0.365234 0.873047
0 0.283203 0.873047 0.283203 0.880859 0.291016 0.880859 0.291016 0.873047
0 0.197266 0.873047 0.197266 0.878906 0.195312 0.880859 0.193359 0.880859 0.193359 0.886719 0.191406 0.888672 0.191406 0.894531 0.197266 0.894531 0.199219 0.892578 0.199219 0.880859 0.201172 0.878906 0.203125 0.878906 0.203125 0.873047
0 0.312500 0.861328 0.312500 0.875000 0.326172 0.875000 0.326172 0.861328
0 0.203125 0.859375 0.203125 0.865234 0.208984 0.865234 0.208984 0.859375
0 0.287109 0.855469 0.287109 0.863281 0.294922 0.863281 0.294922 0.855469
0 0.363281 0.849609 0.363281 0.857422 0.371094 0.857422 0.371094 0.849609
0 0.207031 0.849609 0.207031 0.855469 0.212891 0.855469 0.212891 0.849609
0 0.294922 0.839844 0.294922 0.847656 0.302734 0.847656 0.302734 0.839844
0 0.208984 0.839844 0.208984 0.845703 0.214844 0.845703 0.214844 0.839844
0 0.322266 0.833984 0.322266 0.847656 0.335938 0.847656 0.335938 0.833984
0 0.212891 0.828125 0.212891 0.833984 0.218750 0.833984 0.218750 0.828125
0 0.369141 0.824219 0.369141 0.832031 0.376953 0.832031 0.376953 0.824219
0 0.304688 0.820312 0.304688 0.828125 0.312500 0.828125 0.312500 0.820312
0 0.216797 0.818359 0.216797 0.824219 0.222656 0.824219 0.222656 0.818359
0 0.332031 0.804688 0.332031 0.818359 0.345703 0.818359 0.345703 0.804688
0 0.503906 0.798828 0.503906 0.804688 0.505859 0.804688 0.507812 0.806641 0.507812 0.812500 0.509766 0.814453 0.509766 0.818359 0.511719 0.818359 0.513672 0.820312 0.513672 0.824219 0.517578 0.828125 0.517578 0.832031 0.519531 0.832031 0.521484 0.833984 0.521484 0.849609 0.523438 0.851562 0.523438 0.871094 0.521484 0.873047 0.521484 0.878906 0.527344 0.878906 0.527344 0.873047 0.529297 0.871094 0.529297 0.851562 0.527344 0.849609 0.527344 0.833984 0.525391 0.833984 0.523438 0.832031 0.523438 0.826172 0.521484 0.824219 0.521484 0.820312 0.519531 0.818359 0.517578 0.818359 0.515625 0.816406 0.515625 0.812500 0.513672 0.810547 0.513672 0.806641 0.511719 0.806641 0.509766 0.804688 0.509766 0.798828
0 0.373047 0.798828 0.373047 0.806641 0.380859 0.806641 0.380859 0.798828
0 0.322266 0.792969 0.322266 0.800781 0.330078 0.800781 0.330078 0.792969
0 0.373047 0.779297 0.373047 0.787109 0.380859 0.787109 0.380859 0.779297
0 0.601562 0.771484 0.601562 0.779297 0.609375 0.779297 0.611328 0.781250 0.611328 0.787109 0.609375 0.789062 0.609375 0.796875 0.613281 0.796875 0.615234 0.798828 0.615234 0.806641 0.617188 0.806641 0.619141 0.808594 0.619141 0.814453 0.621094 0.814453 0.623047 0.816406 0.623047 0.818359 0.625000 0.818359 0.626953 0.820312 0.626953 0.833984 0.630859 0.833984 0.632812 0.835938 0.634766 0.835938 0.636719 0.837891 0.636719 0.839844 0.640625 0.839844 0.642578 0.841797 0.640625 0.843750 0.636719 0.843750 0.636719 0.857422 0.638672 0.857422 0.640625 0.859375 0.640625 0.871094 0.646484 0.871094 0.648438 0.873047 0.648438 0.875000 0.650391 0.876953 0.650391 0.890625 0.652344 0.890625 0.654297 0.892578 0.654297 0.896484 0.667969 0.896484 0.667969 0.880859 0.666016 0.880859 0.664062 0.878906 0.664062 0.871094 0.662109 0.869141 0.662109 0.851562 0.660156 0.851562 0.658203 0.849609 0.658203 0.847656 0.654297 0.847656 0.652344 0.845703 0.652344 0.841797 0.650391 0.839844 0.646484 0.839844 0.644531 0.837891 0.644531 0.832031 0.642578 0.832031 0.640625 0.830078 0.640625 0.820312 0.636719 0.820312 0.634766 0.818359 0.634766 0.816406 0.632812 0.816406 0.630859 0.814453 0.630859 0.812500 0.632812 0.810547 0.634766 0.810547 0.634766 0.796875 0.621094 0.796875 0.619141 0.798828 0.617188 0.796875 0.617188 0.792969 0.619141 0.791016 0.625000 0.791016 0.625000 0.777344 0.611328 0.777344 0.609375 0.775391 0.609375 0.771484
0 0.589844 0.734375 0.589844 0.742188 0.591797 0.742188 0.593750 0.744141 0.593750 0.748047 0.595703 0.748047 0.597656 0.750000 0.597656 0.759766 0.601562 0.759766 0.603516 0.761719 0.603516 0.763672 0.617188 0.763672 0.617188 0.750000 0.613281 0.750000 0.611328 0.748047 0.611328 0.738281 0.609375 0.738281 0.607422 0.736328 0.607422 0.734375
0 0.482422 0.732422 0.482422 0.738281 0.484375 0.740234 0.484375 0.746094 0.486328 0.746094 0.488281 0.748047 0.488281 0.753906 0.490234 0.755859 0.490234 0.761719 0.492188 0.761719 0.494141 0.763672 0.494141 0.767578 0.496094 0.769531 0.496094 0.783203 0.498047 0.783203 0.500000 0.785156 0.500000 0.791016 0.505859 0.791016 0.505859 0.785156 0.503906 0.785156 0.501953 0.783203 0.501953 0.769531 0.500000 0.767578 0.500000 0.761719 0.498047 0.761719 0.496094 0.759766 0.496094 0.755859 0.494141 0.753906 0.494141 0.748047 0.492188 0.748047 0.490234 0.746094 0.490234 0.740234 0.488281 0.738281 0.488281 0.732422
0 0.582031 0.714844 0.582031 0.722656 0.589844 0.722656 0.589844 0.714844
0 0.476562 0.712891 0.476562 0.718750 0.478516 0.720703 0.478516 0.726562 0.484375 0.726562 0.484375 0.720703 0.482422 0.718750 0.482422 0.712891
0 0.384766 0.707031 0.384766 0.708984 0.382812 0.710938 0.380859 0.710938 0.380859 0.718750 0.378906 0.720703 0.378906 0.722656 0.376953 0.724609 0.371094 0.724609 0.371094 0.732422 0.369141 0.734375 0.365234 0.734375 0.365234 0.746094 0.363281 0.748047 0.357422 0.748047 0.357422 0.755859 0.355469 0.757812 0.355469 0.765625 0.353516 0.767578 0.347656 0.767578 0.347656 0.769531 0.345703 0.771484 0.339844 0.771484 0.339844 0.779297 0.343750 0.779297 0.345703 0.781250 0.345703 0.785156 0.343750 0.787109 0.337891 0.787109 0.337891 0.800781 0.351562 0.800781 0.351562 0.789062 0.353516 0.787109 0.359375 0.787109 0.359375 0.783203 0.361328 0.781250 0.361328 0.773438 0.363281 0.771484 0.369141 0.771484 0.369141 0.763672 0.371094 0.761719 0.373047 0.763672 0.373047 0.773438 0.380859 0.773438 0.380859 0.753906 0.373047 0.753906 0.371094 0.751953 0.371094 0.750000 0.373047 0.748047 0.378906 0.748047 0.378906 0.740234 0.380859 0.738281 0.384766 0.738281 0.384766 0.736328 0.386719 0.734375 0.392578 0.734375 0.392578 0.732422 0.394531 0.730469 0.394531 0.722656 0.396484 0.720703 0.398438 0.720703 0.398438 0.707031
0 0.578125 0.703125 0.578125 0.710938 0.585938 0.710938 0.585938 0.703125
0 0.468750 0.695312 0.468750 0.701172 0.470703 0.701172 0.472656 0.703125 0.472656 0.708984 0.478516 0.708984 0.478516 0.703125 0.476562 0.703125 0.474609 0.701172 0.474609 0.695312
0 0.386719 0.687500 0.386719 0.693359 0.392578 0.693359 0.392578 0.687500
0 0.351562 0.685547 0.345703 0.691406 0.343750 0.691406 0.343750 0.693359 0.341797 0.695312 0.339844 0.695312 0.339844 0.697266 0.337891 0.699219 0.335938 0.699219 0.335938 0.703125 0.333984 0.705078 0.332031 0.705078 0.330078 0.707031 0.330078 0.708984 0.328125 0.710938 0.328125 0.712891 0.326172 0.714844 0.324219 0.714844 0.322266 0.716797 0.322266 0.720703 0.320312 0.722656 0.316406 0.722656 0.314453 0.724609 0.314453 0.728516 0.310547 0.732422 0.310547 0.734375 0.308594 0.736328 0.306641 0.736328 0.304688 0.738281 0.302734 0.738281 0.302734 0.744141 0.300781 0.746094 0.294922 0.746094 0.294922 0.750000 0.291016 0.753906 0.291016 0.757812 0.289062 0.759766 0.285156 0.759766 0.285156 0.761719 0.283203 0.763672 0.283203 0.765625 0.281250 0.767578 0.277344 0.767578 0.271484 0.773438 0.269531 0.773438 0.267578 0.775391 0.261719 0.775391 0.259766 0.777344 0.255859 0.777344 0.253906 0.779297 0.246094 0.779297 0.244141 0.781250 0.238281 0.781250 0.236328 0.783203 0.234375 0.783203 0.234375 0.785156 0.232422 0.787109 0.230469 0.787109 0.230469 0.791016 0.228516 0.792969 0.228516 0.794922 0.226562 0.796875 0.222656 0.796875 0.222656 0.806641 0.220703 0.808594 0.220703 0.814453 0.226562 0.814453 0.226562 0.808594 0.228516 0.806641 0.228516 0.800781 0.230469 0.798828 0.234375 0.798828 0.234375 0.796875 0.236328 0.794922 0.236328 0.791016 0.238281 0.789062 0.240234 0.789062 0.242188 0.787109 0.248047 0.787109 0.250000 0.785156 0.253906 0.785156 0.255859 0.783203 0.261719 0.783203 0.263672 0.781250 0.273438 0.781250 0.277344 0.777344 0.279297 0.777344 0.283203 0.773438 0.283203 0.771484 0.285156 0.769531 0.289062 0.769531 0.289062 0.767578 0.291016 0.765625 0.292969 0.765625 0.292969 0.761719 0.294922 0.759766 0.296875 0.759766 0.298828 0.757812 0.298828 0.753906 0.300781 0.751953 0.304688 0.751953 0.304688 0.748047 0.306641 0.746094 0.308594 0.746094 0.308594 0.744141 0.310547 0.742188 0.312500 0.742188 0.312500 0.740234 0.314453 0.738281 0.316406 0.738281 0.318359 0.736328 0.318359 0.732422 0.322266 0.728516 0.322266 0.724609 0.324219 0.722656 0.328125 0.722656 0.330078 0.720703 0.330078 0.718750 0.332031 0.716797 0.333984 0.716797 0.333984 0.714844 0.337891 0.710938 0.337891 0.708984 0.339844 0.707031 0.341797 0.707031 0.341797 0.703125 0.343750 0.701172 0.345703 0.701172 0.345703 0.699219 0.347656 0.697266 0.351562 0.697266 0.357422 0.691406 0.375000 0.691406 0.376953 0.693359 0.382812 0.693359 0.382812 0.687500 0.376953 0.687500 0.375000 0.685547
0 0.445312 0.664062 0.443359 0.666016 0.443359 0.667969 0.441406 0.669922 0.435547 0.669922 0.433594 0.671875 0.431641 0.671875 0.429688 0.673828 0.425781 0.673828 0.425781 0.675781 0.423828 0.677734 0.421875 0.677734 0.419922 0.679688 0.419922 0.681641 0.417969 0.683594 0.414062 0.683594 0.410156 0.687500 0.396484 0.687500 0.396484 0.693359 0.414062 0.693359 0.416016 0.691406 0.417969 0.691406 0.419922 0.689453 0.419922 0.687500 0.421875 0.685547 0.425781 0.685547 0.427734 0.683594 0.427734 0.681641 0.429688 0.679688 0.431641 0.679688 0.433594 0.677734 0.437500 0.677734 0.439453 0.675781 0.441406 0.675781 0.441406 0.673828 0.443359 0.671875 0.449219 0.671875 0.451172 0.669922 0.453125 0.669922 0.457031 0.673828 0.458984 0.673828 0.460938 0.675781 0.460938 0.679688 0.462891 0.679688 0.464844 0.681641 0.464844 0.691406 0.470703 0.691406 0.470703 0.679688 0.468750 0.679688 0.466797 0.677734 0.466797 0.673828 0.464844 0.673828 0.462891 0.671875 0.462891 0.667969 0.460938 0.666016 0.458984 0.666016 0.457031 0.664062
0 0.927734 0.591797 0.927734 0.597656 0.929688 0.599609 0.929688 0.605469 0.931641 0.605469 0.933594 0.607422 0.933594 0.611328 0.935547 0.611328 0.937500 0.613281 0.939453 0.613281 0.941406 0.615234 0.941406 0.619141 0.943359 0.619141 0.945312 0.621094 0.953125 0.621094 0.953125 0.617188 0.957031 0.613281 0.958984 0.613281 0.958984 0.605469 0.953125 0.605469 0.953125 0.607422 0.951172 0.609375 0.949219 0.609375 0.949219 0.611328 0.947266 0.613281 0.945312 0.613281 0.943359 0.611328 0.943359 0.607422 0.941406 0.607422 0.939453 0.605469 0.937500 0.605469 0.935547 0.603516 0.935547 0.599609 0.933594 0.597656 0.933594 0.591797
0 0.921875 0.580078 0.921875 0.585938 0.927734 0.585938 0.927734 0.580078
0 0.919922 0.570312 0.919922 0.576172 0.925781 0.576172 0.925781 0.570312
0 0.945312 0.425781 0.941406 0.429688 0.939453 0.429688 0.935547 0.433594 0.935547 0.437500 0.933594 0.439453 0.929688 0.439453 0.925781 0.443359 0.925781 0.445312 0.923828 0.447266 0.921875 0.447266 0.921875 0.451172 0.919922 0.453125 0.919922 0.458984 0.917969 0.460938 0.916016 0.460938 0.916016 0.464844 0.914062 0.466797 0.914062 0.468750 0.912109 0.470703 0.910156 0.470703 0.910156 0.474609 0.908203 0.476562 0.906250 0.476562 0.904297 0.478516 0.904297 0.480469 0.902344 0.482422 0.900391 0.482422 0.900391 0.484375 0.898438 0.486328 0.898438 0.488281 0.896484 0.490234 0.894531 0.490234 0.894531 0.492188 0.892578 0.494141 0.890625 0.494141 0.890625 0.496094 0.888672 0.498047 0.888672 0.500000 0.886719 0.501953 0.884766 0.501953 0.884766 0.519531 0.886719 0.521484 0.886719 0.523438 0.888672 0.523438 0.890625 0.525391 0.890625 0.527344 0.892578 0.529297 0.892578 0.531250 0.894531 0.533203 0.894531 0.535156 0.896484 0.535156 0.898438 0.537109 0.898438 0.542969 0.900391 0.544922 0.900391 0.546875 0.902344 0.546875 0.904297 0.548828 0.904297 0.550781 0.906250 0.552734 0.906250 0.556641 0.912109 0.556641 0.914062 0.558594 0.914062 0.566406 0.919922 0.566406 0.919922 0.556641 0.914062 0.556641 0.912109 0.554688 0.912109 0.550781 0.910156 0.548828 0.910156 0.544922 0.908203 0.544922 0.906250 0.542969 0.906250 0.541016 0.904297 0.539062 0.904297 0.535156 0.902344 0.535156 0.900391 0.533203 0.900391 0.529297 0.898438 0.527344 0.898438 0.525391 0.896484 0.523438 0.896484 0.519531 0.894531 0.517578 0.892578 0.517578 0.890625 0.515625 0.890625 0.505859 0.892578 0.503906 0.894531 0.503906 0.894531 0.501953 0.896484 0.500000 0.896484 0.498047 0.898438 0.496094 0.900391 0.496094 0.900391 0.494141 0.902344 0.492188 0.904297 0.492188 0.904297 0.490234 0.906250 0.488281 0.906250 0.486328 0.908203 0.484375 0.910156 0.484375 0.912109 0.482422 0.912109 0.478516 0.914062 0.476562 0.916016 0.476562 0.917969 0.474609 0.919922 0.474609 0.919922 0.470703 0.921875 0.468750 0.921875 0.460938 0.923828 0.458984 0.925781 0.458984 0.925781 0.457031 0.927734 0.455078 0.927734 0.451172 0.929688 0.449219 0.931641 0.449219 0.935547 0.445312 0.935547 0.441406 0.937500 0.439453 0.941406 0.439453 0.945312 0.435547 0.947266 0.435547 0.951172 0.431641 0.951172 0.425781
0 0.574219 0.410156 0.574219 0.421875 0.576172 0.421875 0.578125 0.423828 0.578125 0.425781 0.580078 0.425781 0.582031 0.427734 0.585938 0.427734 0.587891 0.429688 0.587891 0.433594 0.589844 0.433594 0.591797 0.435547 0.591797 0.439453 0.593750 0.439453 0.597656 0.443359 0.597656 0.460938 0.595703 0.462891 0.591797 0.462891 0.591797 0.464844 0.589844 0.466797 0.589844 0.468750 0.585938 0.472656 0.583984 0.472656 0.583984 0.474609 0.582031 0.476562 0.578125 0.476562 0.578125 0.488281 0.585938 0.488281 0.585938 0.486328 0.587891 0.484375 0.589844 0.484375 0.589844 0.482422 0.593750 0.478516 0.595703 0.478516 0.595703 0.476562 0.597656 0.474609 0.597656 0.472656 0.599609 0.470703 0.599609 0.468750 0.601562 0.466797 0.605469 0.466797 0.605469 0.458984 0.607422 0.457031 0.607422 0.449219 0.605469 0.447266 0.605469 0.435547 0.603516 0.433594 0.601562 0.433594 0.599609 0.431641 0.597656 0.431641 0.595703 0.429688 0.595703 0.425781 0.591797 0.425781 0.589844 0.423828 0.589844 0.419922 0.587891 0.419922 0.585938 0.417969 0.583984 0.417969 0.582031 0.416016 0.582031 0.410156
0 0.533203 0.384766 0.533203 0.398438 0.531250 0.400391 0.531250 0.404297 0.529297 0.406250 0.529297 0.414062 0.527344 0.416016 0.527344 0.429688 0.529297 0.431641 0.529297 0.433594 0.535156 0.433594 0.535156 0.429688 0.537109 0.427734 0.537109 0.421875 0.535156 0.421875 0.533203 0.419922 0.537109 0.416016 0.541016 0.416016 0.541016 0.410156 0.537109 0.410156 0.535156 0.408203 0.537109 0.406250 0.537109 0.402344 0.539062 0.400391 0.544922 0.400391 0.544922 0.394531 0.541016 0.394531 0.539062 0.392578 0.539062 0.384766
0 0.296875 0.384766 0.296875 0.388672 0.294922 0.390625 0.291016 0.390625 0.291016 0.392578 0.289062 0.394531 0.277344 0.394531 0.277344 0.402344 0.294922 0.402344 0.294922 0.400391 0.296875 0.398438 0.298828 0.398438 0.298828 0.394531 0.300781 0.392578 0.312500 0.392578 0.312500 0.384766
0 0.171875 0.371094 0.171875 0.375000 0.169922 0.376953 0.167969 0.376953 0.167969 0.380859 0.166016 0.382812 0.164062 0.382812 0.164062 0.386719 0.162109 0.388672 0.158203 0.388672 0.158203 0.392578 0.152344 0.398438 0.150391 0.398438 0.150391 0.400391 0.146484 0.404297 0.146484 0.408203 0.152344 0.408203 0.154297 0.406250 0.154297 0.402344 0.156250 0.400391 0.158203 0.400391 0.160156 0.398438 0.160156 0.394531 0.162109 0.392578 0.162109 0.388672 0.164062 0.386719 0.167969 0.386719 0.167969 0.382812 0.169922 0.380859 0.171875 0.380859 0.171875 0.376953 0.173828 0.375000 0.175781 0.375000 0.175781 0.371094
0 0.552734 0.369141 0.552734 0.371094 0.550781 0.373047 0.550781 0.375000 0.548828 0.376953 0.546875 0.376953 0.546875 0.378906 0.542969 0.382812 0.542969 0.388672 0.548828 0.388672 0.550781 0.386719 0.550781 0.384766 0.554688 0.380859 0.556641 0.380859 0.556641 0.378906 0.560547 0.375000 0.568359 0.375000 0.570312 0.376953 0.570312 0.378906 0.572266 0.378906 0.574219 0.380859 0.585938 0.380859 0.589844 0.384766 0.591797 0.384766 0.593750 0.386719 0.593750 0.388672 0.607422 0.388672 0.611328 0.392578 0.613281 0.392578 0.617188 0.396484 0.619141 0.396484 0.621094 0.398438 0.621094 0.400391 0.623047 0.402344 0.623047 0.404297 0.626953 0.408203 0.626953 0.412109 0.628906 0.414062 0.628906 0.416016 0.630859 0.416016 0.632812 0.417969 0.632812 0.427734 0.634766 0.429688 0.634766 0.433594 0.636719 0.435547 0.636719 0.453125 0.642578 0.453125 0.642578 0.427734 0.640625 0.427734 0.638672 0.425781 0.638672 0.416016 0.636719 0.416016 0.634766 0.414062 0.634766 0.410156 0.632812 0.408203 0.632812 0.406250 0.630859 0.404297 0.630859 0.400391 0.626953 0.396484 0.626953 0.394531 0.625000 0.394531 0.623047 0.392578 0.623047 0.390625 0.621094 0.388672 0.619141 0.388672 0.615234 0.384766 0.613281 0.384766 0.611328 0.382812 0.597656 0.382812 0.595703 0.380859 0.595703 0.378906 0.593750 0.376953 0.589844 0.376953 0.587891 0.375000 0.578125 0.375000 0.576172 0.373047 0.572266 0.373047 0.570312 0.371094 0.570312 0.369141
0 0.173828 0.361328 0.173828 0.365234 0.177734 0.365234 0.177734 0.361328
0 0.173828 0.349609 0.173828 0.357422 0.177734 0.357422 0.177734 0.349609
0 0.156250 0.320312 0.156250 0.328125 0.158203 0.328125 0.160156 0.330078 0.158203 0.332031 0.156250 0.332031 0.156250 0.339844 0.158203 0.341797 0.158203 0.353516 0.166016 0.353516 0.166016 0.343750 0.167969 0.341797 0.169922 0.341797 0.171875 0.343750 0.171875 0.345703 0.175781 0.345703 0.175781 0.341797 0.173828 0.341797 0.171875 0.339844 0.171875 0.337891 0.169922 0.335938 0.169922 0.333984 0.166016 0.333984 0.164062 0.332031 0.164062 0.320312
0 0.136719 0.296875 0.136719 0.357422 0.134766 0.359375 0.132812 0.359375 0.132812 0.378906 0.144531 0.378906 0.146484 0.380859 0.146484 0.382812 0.144531 0.384766 0.142578 0.384766 0.142578 0.388672 0.140625 0.390625 0.136719 0.390625 0.136719 0.400391 0.144531 0.400391 0.144531 0.394531 0.146484 0.392578 0.150391 0.392578 0.150391 0.386719 0.152344 0.384766 0.154297 0.384766 0.154297 0.378906 0.156250 0.376953 0.160156 0.376953 0.160156 0.373047 0.162109 0.371094 0.162109 0.367188 0.164062 0.365234 0.164062 0.357422 0.156250 0.357422 0.156250 0.361328 0.154297 0.363281 0.154297 0.367188 0.152344 0.369141 0.150391 0.367188 0.150391 0.296875
0 0.150391 0.238281 0.150391 0.240234 0.148438 0.242188 0.146484 0.242188 0.146484 0.244141 0.144531 0.246094 0.142578 0.246094 0.142578 0.251953 0.140625 0.253906 0.138672 0.253906 0.138672 0.255859 0.136719 0.257812 0.136719 0.292969 0.152344 0.292969 0.154297 0.294922 0.154297 0.304688 0.156250 0.306641 0.156250 0.312500 0.164062 0.312500 0.164062 0.304688 0.162109 0.302734 0.162109 0.294922 0.164062 0.292969 0.164062 0.291016 0.166016 0.289062 0.169922 0.289062 0.169922 0.287109 0.171875 0.285156 0.175781 0.285156 0.175781 0.281250 0.167969 0.281250 0.167969 0.283203 0.166016 0.285156 0.164062 0.283203 0.164062 0.277344 0.154297 0.277344 0.152344 0.279297 0.150391 0.277344 0.150391 0.269531 0.154297 0.265625 0.156250 0.265625 0.156250 0.257812 0.158203 0.255859 0.160156 0.255859 0.162109 0.253906 0.164062 0.255859 0.164062 0.261719 0.177734 0.261719 0.177734 0.242188 0.175781 0.242188 0.173828 0.240234 0.173828 0.238281
0 0.130859 0.210938 0.130859 0.214844 0.128906 0.216797 0.126953 0.216797 0.125000 0.218750 0.125000 0.220703 0.123047 0.222656 0.121094 0.222656 0.117188 0.226562 0.115234 0.226562 0.115234 0.228516 0.109375 0.234375 0.107422 0.234375 0.105469 0.236328 0.105469 0.242188 0.103516 0.244141 0.099609 0.244141 0.099609 0.246094 0.095703 0.250000 0.095703 0.251953 0.093750 0.253906 0.091797 0.253906 0.089844 0.255859 0.089844 0.261719 0.095703 0.261719 0.097656 0.259766 0.097656 0.257812 0.099609 0.255859 0.101562 0.255859 0.103516 0.253906 0.103516 0.251953 0.107422 0.248047 0.111328 0.248047 0.111328 0.242188 0.115234 0.238281 0.117188 0.238281 0.119141 0.236328 0.119141 0.234375 0.123047 0.230469 0.125000 0.230469 0.126953 0.228516 0.126953 0.226562 0.128906 0.224609 0.130859 0.224609 0.132812 0.222656 0.132812 0.218750 0.134766 0.216797 0.148438 0.216797 0.150391 0.218750 0.152344 0.218750 0.154297 0.220703 0.154297 0.222656 0.156250 0.222656 0.158203 0.224609 0.164062 0.224609 0.166016 0.226562 0.166016 0.228516 0.169922 0.228516 0.173828 0.232422 0.175781 0.232422 0.177734 0.234375 0.183594 0.234375 0.185547 0.236328 0.187500 0.236328 0.189453 0.238281 0.189453 0.240234 0.193359 0.240234 0.195312 0.242188 0.195312 0.244141 0.197266 0.246094 0.199219 0.246094 0.201172 0.248047 0.203125 0.248047 0.207031 0.251953 0.208984 0.251953 0.210938 0.253906 0.210938 0.257812 0.212891 0.257812 0.214844 0.259766 0.214844 0.261719 0.216797 0.261719 0.218750 0.263672 0.222656 0.263672 0.224609 0.265625 0.224609 0.267578 0.228516 0.271484 0.228516 0.273438 0.230469 0.275391 0.230469 0.277344 0.232422 0.277344 0.234375 0.279297 0.234375 0.283203 0.236328 0.283203 0.238281 0.285156 0.238281 0.287109 0.242188 0.291016 0.242188 0.324219 0.240234 0.326172 0.240234 0.330078 0.238281 0.332031 0.238281 0.335938 0.236328 0.337891 0.236328 0.341797 0.234375 0.343750 0.234375 0.349609 0.232422 0.351562 0.230469 0.351562 0.230469 0.353516 0.228516 0.355469 0.228516 0.359375 0.226562 0.361328 0.226562 0.367188 0.224609 0.369141 0.224609 0.373047 0.222656 0.375000 0.218750 0.375000 0.218750 0.376953 0.216797 0.378906 0.216797 0.380859 0.214844 0.382812 0.214844 0.384766 0.212891 0.386719 0.210938 0.386719 0.210938 0.390625 0.208984 0.392578 0.208984 0.394531 0.205078 0.398438 0.205078 0.404297 0.203125 0.406250 0.203125 0.408203 0.199219 0.412109 0.197266 0.412109 0.197266 0.417969 0.205078 0.417969 0.207031 0.416016 0.208984 0.416016 0.208984 0.410156 0.210938 0.408203 0.210938 0.404297 0.212891 0.402344 0.212891 0.400391 0.216797 0.396484 0.216797 0.390625 0.218750 0.388672 0.220703 0.388672 0.220703 0.386719 0.222656 0.384766 0.222656 0.382812 0.224609 0.380859 0.224609 0.376953 0.226562 0.375000 0.230469 0.375000 0.230469 0.373047 0.232422 0.371094 0.232422 0.363281 0.234375 0.361328 0.234375 0.359375 0.236328 0.357422 0.236328 0.355469 0.238281 0.353516 0.240234 0.353516 0.240234 0.349609 0.242188 0.347656 0.242188 0.339844 0.246094 0.335938 0.246094 0.328125 0.248047 0.326172 0.248047 0.287109 0.246094 0.285156 0.246094 0.283203 0.244141 0.281250 0.244141 0.279297 0.242188 0.279297 0.240234 0.277344 0.238281 0.277344 0.236328 0.275391 0.236328 0.271484 0.234375 0.269531 0.234375 0.267578 0.232422 0.265625 0.232422 0.263672 0.230469 0.261719 0.226562 0.261719 0.224609 0.259766 0.224609 0.257812 0.222656 0.257812 0.220703 0.255859 0.218750 0.255859 0.216797 0.253906 0.216797 0.248047 0.214844 0.248047 0.208984 0.242188 0.205078 0.242188 0.201172 0.238281 0.197266 0.238281 0.195312 0.236328 0.195312 0.232422 0.193359 0.232422 0.189453 0.228516 0.181641 0.228516 0.177734 0.224609 0.175781 0.224609 0.173828 0.222656 0.167969 0.222656 0.166016 0.220703 0.166016 0.218750 0.162109 0.218750 0.160156 0.216797 0.158203 0.216797 0.156250 0.214844 0.156250 0.212891 0.154297 0.212891 0.152344 0.210938