0 0.218750 0.742188 0.218750 0.746094 0.222656 0.746094 0.222656 0.742188
0 0.203125 0.738281 0.203125 0.755859 0.205078 0.755859 0.207031 0.757812 0.212891 0.757812 0.214844 0.755859 0.218750 0.755859 0.218750 0.751953 0.214844 0.751953 0.212891 0.753906 0.208984 0.753906 0.207031 0.751953 0.207031 0.738281
0 0.222656 0.734375 0.222656 0.738281 0.226562 0.738281 0.226562 0.734375
0 0.203125 0.730469 0.203125 0.734375 0.207031 0.734375 0.207031 0.730469
0 0.203125 0.720703 0.203125 0.724609 0.207031 0.724609 0.207031 0.720703
0 0.230469 0.718750 0.230469 0.722656 0.234375 0.722656 0.234375 0.718750
0 0.205078 0.710938 0.205078 0.714844 0.208984 0.714844 0.208984 0.710938
0 0.232422 0.703125 0.232422 0.707031 0.236328 0.707031 0.236328 0.703125
0 0.205078 0.699219 0.205078 0.703125 0.208984 0.703125 0.208984 0.699219
0 0.238281 0.685547 0.238281 0.689453 0.242188 0.689453 0.242188 0.685547
0 0.201172 0.683594 0.201172 0.687500 0.203125 0.689453 0.203125 0.693359 0.207031 0.693359 0.207031 0.689453 0.205078 0.687500 0.205078 0.683594
0 0.244141 0.671875 0.244141 0.675781 0.248047 0.675781 0.248047 0.671875
0 0.193359 0.671875 0.193359 0.677734 0.195312 0.679688 0.199219 0.679688 0.199219 0.675781 0.197266 0.673828 0.197266 0.671875
0 0.250000 0.656250 0.250000 0.658203 0.248047 0.660156 0.248047 0.667969 0.251953 0.667969 0.251953 0.664062 0.253906 0.662109 0.253906 0.656250
0 0.195312 0.523438 0.195312 0.527344 0.199219 0.527344 0.199219 0.523438
0 0.187500 0.519531 0.187500 0.523438 0.191406 0.523438 0.191406 0.519531
0 0.230469 0.513672 0.230469 0.517578 0.234375 0.521484 0.234375 0.525391 0.236328 0.527344 0.234375 0.529297 0.234375 0.531250 0.232422 0.533203 0.212891 0.533203 0.210938 0.531250 0.210938 0.529297 0.207031 0.529297 0.207031 0.533203 0.210938 0.533203 0.212891 0.535156 0.212891 0.537109 0.236328 0.537109 0.236328 0.535156 0.240234 0.531250 0.240234 0.525391 0.238281 0.523438 0.238281 0.521484 0.236328 0.519531 0.236328 0.515625 0.234375 0.513672
0 0.173828 0.511719 0.173828 0.515625 0.177734 0.515625 0.177734 0.511719
0 0.162109 0.505859 0.162109 0.509766 0.166016 0.509766 0.166016 0.505859
0 0.150391 0.496094 0.150391 0.500000 0.152344 0.500000 0.154297 0.501953 0.154297 0.503906 0.158203 0.503906 0.158203 0.500000 0.156250 0.500000 0.154297 0.498047 0.154297 0.496094
0 0.214844 0.494141 0.214844 0.498047 0.216797 0.500000 0.216797 0.501953 0.218750 0.503906 0.218750 0.505859 0.220703 0.505859 0.222656 0.507812 0.222656 0.509766 0.226562 0.509766 0.226562 0.505859 0.224609 0.505859 0.222656 0.503906 0.222656 0.501953 0.220703 0.500000 0.220703 0.498047 0.218750 0.496094 0.218750 0.494141
0 0.207031 0.423828 0.207031 0.470703 0.208984 0.472656 0.208984 0.482422 0.210938 0.482422 0.212891 0.484375 0.212891 0.490234 0.216797 0.490234 0.216797 0.484375 0.214844 0.484375 0.212891 0.482422 0.212891 0.472656 0.210938 0.470703 0.210938 0.423828
0 0.222656 0.386719 0.222656 0.388672 0.220703 0.390625 0.214844 0.390625 0.214844 0.394531 0.212891 0.396484 0.212891 0.408203 0.210938 0.410156 0.208984 0.410156 0.208984 0.417969 0.212891 0.417969 0.212891 0.410156 0.214844 0.408203 0.216797 0.408203 0.216797 0.406250 0.218750 0.404297 0.220703 0.404297 0.220703 0.398438 0.222656 0.396484 0.224609 0.396484 0.224609 0.392578 0.226562 0.390625 0.226562 0.386719
0 0.232422 0.382812 0.232422 0.386719 0.236328 0.386719 0.236328 0.382812
0 0.259766 0.375000 0.259766 0.378906 0.263672 0.378906 0.263672 0.375000
0 0.248047 0.375000 0.248047 0.378906 0.251953 0.378906 0.251953 0.375000
0 0.273438 0.371094 0.273438 0.375000 0.277344 0.375000 0.277344 0.371094
0 0.291016 0.369141 0.289062 0.371094 0.287109 0.371094 0.287109 0.375000 0.291016 0.375000 0.292969 0.373047 0.294922 0.373047 0.294922 0.369141
0 0.267578 0.363281 0.267578 0.367188 0.271484 0.367188 0.271484 0.363281
0 0.285156 0.355469 0.285156 0.359375 0.289062 0.359375 0.289062 0.355469
0 0.298828 0.351562 0.298828 0.355469 0.302734 0.355469 0.302734 0.351562
0 0.310547 0.345703 0.310547 0.349609 0.314453 0.349609 0.314453 0.345703
0 0.257812 0.343750 0.257812 0.369141 0.261719 0.369141 0.261719 0.343750
0 0.322266 0.339844 0.320312 0.341797 0.320312 0.345703 0.322266 0.347656 0.320312 0.349609 0.318359 0.349609 0.318359 0.351562 0.314453 0.355469 0.310547 0.355469 0.310547 0.357422 0.308594 0.359375 0.306641 0.359375 0.306641 0.363281 0.304688 0.365234 0.302734 0.365234 0.300781 0.367188 0.298828 0.367188 0.298828 0.371094 0.302734 0.371094 0.304688 0.369141 0.306641 0.369141 0.306641 0.365234 0.308594 0.363281 0.310547 0.363281 0.310547 0.361328 0.312500 0.359375 0.314453 0.359375 0.316406 0.357422 0.320312 0.357422 0.320312 0.355469 0.322266 0.353516 0.322266 0.349609 0.324219 0.347656 0.326172 0.347656 0.326172 0.345703 0.328125 0.343750 0.328125 0.339844
0 0.341797 0.326172 0.341797 0.330078 0.355469 0.330078 0.357422 0.332031 0.361328 0.332031 0.363281 0.333984 0.365234 0.333984 0.371094 0.339844 0.371094 0.345703 0.369141 0.347656 0.367188 0.347656 0.367188 0.351562 0.365234 0.353516 0.363281 0.353516 0.361328 0.355469 0.361328 0.357422 0.359375 0.359375 0.355469 0.359375 0.353516 0.361328 0.351562 0.361328 0.349609 0.363281 0.347656 0.363281 0.345703 0.365234 0.341797 0.365234 0.339844 0.367188 0.330078 0.367188 0.326172 0.371094 0.324219 0.371094 0.322266 0.373047 0.318359 0.373047 0.318359 0.375000 0.316406 0.376953 0.310547 0.376953 0.308594 0.378906 0.304688 0.378906 0.300781 0.382812 0.296875 0.382812 0.294922 0.384766 0.294922 0.388672 0.292969 0.390625 0.289062 0.390625 0.289062 0.392578 0.285156 0.396484 0.277344 0.396484 0.275391 0.398438 0.263672 0.398438 0.263672 0.402344 0.281250 0.402344 0.283203 0.400391 0.289062 0.400391 0.291016 0.398438 0.291016 0.396484 0.292969 0.394531 0.294922 0.394531 0.294922 0.390625 0.296875 0.388672 0.298828 0.388672 0.300781 0.386719 0.302734 0.386719 0.304688 0.384766 0.306641 0.384766 0.308594 0.382812 0.312500 0.382812 0.314453 0.380859 0.318359 0.380859 0.320312 0.378906 0.322266 0.378906 0.324219 0.376953 0.326172 0.376953 0.330078 0.373047 0.332031 0.373047 0.333984 0.371094 0.343750 0.371094 0.345703 0.369141 0.347656 0.369141 0.349609 0.367188 0.353516 0.367188 0.355469 0.365234 0.357422 0.365234 0.359375 0.363281 0.361328 0.363281 0.361328 0.361328 0.363281 0.359375 0.365234 0.359375 0.367188 0.357422 0.369141 0.357422 0.369141 0.355469 0.371094 0.353516 0.371094 0.349609 0.373047 0.347656 0.375000 0.347656 0.375000 0.345703 0.376953 0.343750 0.376953 0.337891 0.369141 0.330078 0.367188 0.330078 0.365234 0.328125 0.361328 0.328125 0.359375 0.326172
0 0.275391 0.312500 0.275391 0.324219 0.273438 0.326172 0.273438 0.333984 0.271484 0.335938 0.267578 0.335938 0.265625 0.337891 0.265625 0.341797 0.269531 0.341797 0.271484 0.339844 0.271484 0.335938 0.273438 0.333984 0.277344 0.333984 0.277344 0.330078 0.279297 0.328125 0.279297 0.312500
0 0.357422 0.224609 0.357422 0.228516 0.355469 0.230469 0.355469 0.232422 0.353516 0.234375 0.349609 0.234375 0.349609 0.238281 0.347656 0.240234 0.347656 0.255859 0.349609 0.257812 0.353516 0.257812 0.355469 0.259766 0.355469 0.265625 0.359375 0.265625 0.359375 0.257812 0.355469 0.257812 0.353516 0.255859 0.353516 0.253906 0.351562 0.251953 0.351562 0.240234 0.353516 0.238281 0.353516 0.236328 0.355469 0.234375 0.359375 0.234375 0.359375 0.230469 0.361328 0.228516 0.361328 0.224609
0 0.373047 0.201172 0.373047 0.203125 0.371094 0.205078 0.371094 0.208984 0.369141 0.210938 0.365234 0.210938 0.365234 0.212891 0.363281 0.214844 0.361328 0.214844 0.361328 0.218750 0.365234 0.218750 0.365234 0.216797 0.367188 0.214844 0.369141 0.214844 0.369141 0.210938 0.371094 0.208984 0.375000 0.208984 0.375000 0.207031 0.376953 0.205078 0.376953 0.201172
0 0.365234 0.191406 0.363281 0.193359 0.363281 0.197266 0.361328 0.199219 0.359375 0.199219 0.357422 0.201172 0.355469 0.201172 0.355469 0.203125 0.353516 0.205078 0.351562 0.205078 0.351562 0.208984 0.349609 0.210938 0.345703 0.210938 0.345703 0.212891 0.343750 0.214844 0.343750 0.218750 0.347656 0.218750 0.347656 0.216797 0.349609 0.214844 0.349609 0.210938 0.351562 0.208984 0.355469 0.208984 0.355469 0.207031 0.357422 0.205078 0.359375 0.205078 0.361328 0.203125 0.363281 0.203125 0.363281 0.199219 0.365234 0.197266 0.367188 0.197266 0.369141 0.195312 0.369141 0.191406
0 0.382812 0.177734 0.380859 0.179688 0.378906 0.179688 0.378906 0.181641 0.375000 0.185547 0.373047 0.185547 0.373047 0.189453 0.375000 0.189453 0.376953 0.191406 0.375000 0.193359 0.375000 0.197266 0.378906 0.197266 0.378906 0.195312 0.380859 0.193359 0.380859 0.191406 0.382812 0.189453 0.386719 0.189453 0.386719 0.185547 0.388672 0.183594 0.388672 0.177734
0 0.355469 0.173828 0.353516 0.175781 0.353516 0.177734 0.351562 0.179688 0.349609 0.179688 0.349609 0.181641 0.343750 0.187500 0.343750 0.191406 0.339844 0.195312 0.339844 0.197266 0.337891 0.199219 0.333984 0.199219 0.333984 0.203125 0.339844 0.203125 0.339844 0.201172 0.341797 0.199219 0.343750 0.199219 0.345703 0.197266 0.345703 0.193359 0.351562 0.187500 0.351562 0.185547 0.353516 0.183594 0.353516 0.181641 0.355469 0.179688 0.357422 0.179688 0.359375 0.177734 0.375000 0.177734 0.375000 0.173828
0 0.214844 0.158203 0.214844 0.162109 0.218750 0.162109 0.222656 0.166016 0.224609 0.166016 0.226562 0.167969 0.228516 0.167969 0.234375 0.173828 0.236328 0.173828 0.240234 0.177734 0.240234 0.179688 0.242188 0.179688 0.244141 0.181641 0.244141 0.183594 0.248047 0.187500 0.248047 0.189453 0.251953 0.189453 0.255859 0.193359 0.257812 0.193359 0.259766 0.195312 0.259766 0.197266 0.261719 0.199219 0.261719 0.203125 0.265625 0.203125 0.269531 0.207031 0.269531 0.208984 0.271484 0.208984 0.273438 0.210938 0.273438 0.212891 0.275391 0.214844 0.275391 0.216797 0.277344 0.216797 0.279297 0.218750 0.283203 0.218750 0.285156 0.220703 0.285156 0.222656 0.289062 0.226562 0.289062 0.228516 0.291016 0.228516 0.298828 0.236328 0.298828 0.238281 0.300781 0.240234 0.300781 0.242188 0.302734 0.244141 0.302734 0.248047 0.304688 0.248047 0.306641 0.250000 0.304688 0.251953 0.304688 0.253906 0.302734 0.255859 0.298828 0.255859 0.296875 0.257812 0.292969 0.257812 0.291016 0.259766 0.289062 0.259766 0.287109 0.261719 0.285156 0.261719 0.285156 0.265625 0.283203 0.267578 0.281250 0.267578 0.281250 0.269531 0.279297 0.271484 0.277344 0.271484 0.277344 0.275391 0.275391 0.277344 0.273438 0.277344 0.273438 0.308594 0.277344 0.308594 0.277344 0.277344 0.279297 0.275391 0.281250 0.275391 0.281250 0.273438 0.283203 0.271484 0.285156 0.271484 0.285156 0.267578 0.287109 0.265625 0.289062 0.265625 0.291016 0.263672 0.292969 0.263672 0.294922 0.261719 0.298828 0.261719 0.300781 0.259766 0.302734 0.259766 0.302734 0.257812 0.304688 0.255859 0.310547 0.255859 0.310547 0.251953 0.312500 0.250000 0.314453 0.250000 0.314453 0.246094 0.316406 0.244141 0.320312 0.244141 0.322266 0.242188 0.324219 0.242188 0.324219 0.238281 0.328125 0.234375 0.328125 0.232422 0.330078 0.230469 0.335938 0.230469 0.337891 0.228516 0.337891 0.226562 0.339844 0.224609 0.339844 0.218750 0.335938 0.218750 0.335938 0.222656 0.332031 0.226562 0.330078 0.226562 0.330078 0.228516 0.328125 0.230469 0.324219 0.230469 0.322266 0.232422 0.322266 0.236328 0.318359 0.240234 0.312500 0.240234 0.312500 0.242188 0.310547 0.244141 0.310547 0.246094 0.308594 0.248047 0.306641 0.246094 0.306641 0.238281 0.302734 0.234375 0.302734 0.232422 0.298828 0.228516 0.298828 0.226562 0.294922 0.226562 0.292969 0.224609 0.292969 0.222656 0.287109 0.216797 0.287109 0.214844 0.283203 0.214844 0.281250 0.212891 0.279297 0.212891 0.277344 0.210938 0.277344 0.208984 0.275391 0.208984 0.273438 0.207031 0.273438 0.205078 0.271484 0.203125 0.271484 0.201172 0.267578 0.201172 0.265625 0.199219 0.265625 0.197266 0.263672 0.195312 0.263672 0.193359 0.261719 0.193359 0.259766 0.191406 0.259766 0.189453 0.257812 0.187500 0.257812 0.185547 0.251953 0.185547 0.250000 0.183594 0.250000 0.181641 0.248047 0.179688 0.246094 0.179688 0.244141 0.177734 0.244141 0.175781 0.242188 0.173828 0.242188 0.171875 0.240234 0.171875 0.234375 0.166016 0.232422 0.166016 0.228516 0.162109 0.226562 0.162109 0.222656 0.158203
0 0.201172 0.154297 0.201172 0.158203 0.205078 0.158203 0.207031 0.160156 0.210938 0.160156 0.210938 0.156250 0.207031 0.156250 0.205078 0.154297
0 0.193359 0.152344 0.193359 0.156250 0.197266 0.156250 0.197266 0.152344
0 0.400391 0.150391 0.400391 0.154297 0.404297 0.154297 0.406250 0.156250 0.408203 0.156250 0.410156 0.158203 0.414062 0.158203 0.416016 0.160156 0.421875 0.160156 0.427734 0.166016 0.427734 0.171875 0.425781 0.173828 0.423828 0.173828 0.421875 0.175781 0.421875 0.179688 0.419922 0.181641 0.417969 0.181641 0.417969 0.183594 0.414062 0.187500 0.414062 0.189453 0.412109 0.191406 0.412109 0.193359 0.410156 0.195312 0.410156 0.203125 0.408203 0.205078 0.408203 0.208984 0.406250 0.210938 0.406250 0.214844 0.402344 0.218750 0.400391 0.218750 0.400391 0.224609 0.402344 0.226562 0.398438 0.230469 0.398438 0.232422 0.396484 0.234375 0.394531 0.234375 0.394531 0.244141 0.392578 0.246094 0.392578 0.259766 0.394531 0.261719 0.394531 0.263672 0.396484 0.265625 0.396484 0.267578 0.398438 0.269531 0.398438 0.271484 0.400391 0.273438 0.400391 0.281250 0.396484 0.285156 0.394531 0.285156 0.392578 0.287109 0.384766 0.287109 0.382812 0.285156 0.361328 0.285156 0.361328 0.287109 0.359375 0.289062 0.357422 0.289062 0.357422 0.292969 0.361328 0.292969 0.361328 0.291016 0.363281 0.289062 0.380859 0.289062 0.382812 0.291016 0.396484 0.291016 0.400391 0.287109 0.402344 0.287109 0.404297 0.285156 0.404297 0.269531 0.402344 0.267578 0.402344 0.265625 0.398438 0.261719 0.398438 0.257812 0.396484 0.255859 0.396484 0.248047 0.398438 0.246094 0.398438 0.236328 0.400391 0.234375 0.404297 0.234375 0.404297 0.232422 0.406250 0.230469 0.406250 0.222656 0.410156 0.218750 0.410156 0.214844 0.412109 0.212891 0.412109 0.208984 0.414062 0.207031 0.414062 0.199219 0.416016 0.197266 0.416016 0.193359 0.419922 0.189453 0.419922 0.187500 0.423828 0.183594 0.425781 0.183594 0.425781 0.179688 0.427734 0.177734 0.427734 0.173828 0.429688 0.171875 0.431641 0.171875 0.431641 0.162109 0.425781 0.156250 0.421875 0.156250 0.419922 0.154297 0.416016 0.154297 0.414062 0.152344 0.410156 0.152344 0.408203 0.150391
0 0.376953 0.150391 0.376953 0.154297 0.380859 0.154297 0.380859 0.150391
0 0.392578 0.148438 0.390625 0.150391 0.384766 0.150391 0.384766 0.154297 0.392578 0.154297 0.394531 0.152344 0.396484 0.152344 0.396484 0.148438
0 0.173828 0.148438 0.173828 0.152344 0.177734 0.152344 0.179688 0.154297 0.189453 0.154297 0.189453 0.150391 0.185547 0.150391 0.183594 0.148438
0 0.343750 0.144531 0.339844 0.148438 0.339844 0.150391 0.335938 0.154297 0.335938 0.156250 0.333984 0.158203 0.316406 0.158203 0.316406 0.160156 0.312500 0.164062 0.310547 0.164062 0.310547 0.167969 0.308594 0.169922 0.308594 0.173828 0.312500 0.173828 0.314453 0.171875 0.314453 0.167969 0.316406 0.166016 0.318359 0.166016 0.322266 0.162109 0.335938 0.162109 0.335938 0.160156 0.337891 0.158203 0.339844 0.158203 0.343750 0.154297 0.343750 0.152344 0.347656 0.148438 0.349609 0.148438 0.351562 0.150391 0.353516 0.150391 0.355469 0.152344 0.355469 0.154297 0.357422 0.156250 0.359375 0.156250 0.361328 0.158203 0.371094 0.158203 0.373047 0.156250 0.373047 0.152344 0.369141 0.152344 0.367188 0.154297 0.363281 0.154297 0.359375 0.150391 0.359375 0.148438 0.357422 0.148438 0.353516 0.144531
0 0.326172 0.007812 0.326172 0.011719 0.330078 0.011719 0.330078 0.007812
0 0.310547 0.007812 0.308594 0.009766 0.291016 0.009766 0.291016 0.013672 0.308594 0.013672 0.310547 0.011719 0.320312 0.011719 0.320312 0.007812
0 0.353516 0.005859 0.351562 0.007812 0.333984 0.007812 0.333984 0.011719 0.351562 0.011719 0.353516 0.009766 0.380859 0.009766 0.384766 0.013672 0.384766 0.027344 0.382812 0.029297 0.382812 0.035156 0.380859 0.037109 0.380859 0.042969 0.378906 0.044922 0.378906 0.050781 0.376953 0.052734 0.376953 0.064453 0.380859 0.064453 0.380859 0.060547 0.382812 0.058594 0.384766 0.058594 0.384766 0.054688 0.382812 0.052734 0.382812 0.048828 0.384766 0.046875 0.386719 0.046875 0.386719 0.042969 0.384766 0.041016 0.388672 0.037109 0.390625 0.037109 0.390625 0.033203 0.394531 0.029297 0.394531 0.027344 0.396484 0.025391 0.398438 0.025391 0.398438 0.023438 0.400391 0.021484 0.402344 0.021484 0.404297 0.019531 0.404297 0.017578 0.406250 0.015625 0.410156 0.015625 0.410156 0.011719 0.402344 0.011719 0.402344 0.013672 0.398438 0.017578 0.396484 0.017578 0.396484 0.019531 0.394531 0.021484 0.392578 0.021484 0.390625 0.023438 0.388672 0.021484 0.388672 0.009766 0.386719 0.007812 0.386719 0.005859
0 0.460938 0.000000 0.460938 0.005859 0.458984 0.007812 0.458984 0.009766 0.457031 0.011719 0.455078 0.011719 0.455078 0.013672 0.451172 0.017578 0.449219 0.017578 0.449219 0.019531 0.447266 0.021484 0.443359 0.021484 0.443359 0.023438 0.435547 0.031250 0.435547 0.035156 0.433594 0.037109 0.429688 0.037109 0.429688 0.041016 0.427734 0.042969 0.425781 0.042969 0.425781 0.044922 0.417969 0.052734 0.417969 0.054688 0.414062 0.058594 0.414062 0.062500 0.410156 0.066406 0.408203 0.066406 0.408203 0.068359 0.404297 0.072266 0.402344 0.072266 0.400391 0.074219 0.398438 0.074219 0.396484 0.076172 0.390625 0.076172 0.388672 0.078125 0.375000 0.078125 0.369141 0.072266 0.367188 0.072266 0.361328 0.066406 0.359375 0.066406 0.357422 0.064453 0.357422 0.052734 0.359375 0.050781 0.359375 0.048828 0.361328 0.046875 0.361328 0.033203 0.357422 0.029297 0.357422 0.025391 0.355469 0.023438 0.355469 0.021484 0.353516 0.019531 0.343750 0.019531 0.341797 0.021484 0.292969 0.021484 0.289062 0.017578 0.287109 0.017578 0.285156 0.015625 0.279297 0.015625 0.275391 0.011719 0.273438 0.011719 0.269531 0.007812 0.263672 0.007812 0.263672 0.011719 0.265625 0.011719 0.269531 0.015625 0.271484 0.015625 0.275391 0.019531 0.281250 0.019531 0.283203 0.021484 0.285156 0.021484 0.287109 0.023438 0.287109 0.025391 0.345703 0.025391 0.347656 0.023438 0.349609 0.023438 0.353516 0.027344 0.353516 0.033203 0.357422 0.037109 0.357422 0.044922 0.355469 0.046875 0.355469 0.048828 0.353516 0.050781 0.353516 0.070312 0.357422 0.070312 0.363281 0.076172 0.365234 0.076172 0.371094 0.082031 0.392578 0.082031 0.394531 0.080078 0.402344 0.080078 0.406250 0.076172 0.408203 0.076172 0.412109 0.072266 0.412109 0.070312 0.414062 0.068359 0.416016 0.068359 0.416016 0.066406 0.417969 0.064453 0.417969 0.062500 0.419922 0.060547 0.421875 0.060547 0.421875 0.056641 0.429688 0.048828 0.429688 0.046875 0.431641 0.044922 0.433594 0.044922 0.433594 0.042969 0.435547 0.041016 0.435547 0.039062 0.437500 0.037109 0.439453 0.037109 0.439453 0.035156 0.443359 0.031250 0.445312 0.031250 0.445312 0.029297 0.449219 0.025391 0.451172 0.025391 0.451172 0.023438 0.453125 0.021484 0.457031 0.021484 0.457031 0.017578 0.458984 0.015625 0.462891 0.015625 0.462891 0.009766 0.464844 0.007812 0.464844 0.000000