0 0.734375 0.951172 0.734375 0.964844 0.738281 0.968750 0.740234 0.968750 0.742188 0.970703 0.744141 0.970703 0.744141 0.968750 0.746094 0.966797 0.746094 0.958984 0.744141 0.957031 0.744141 0.955078 0.742188 0.953125 0.742188 0.951172
0 0.853516 0.947266 0.851562 0.949219 0.847656 0.949219 0.845703 0.951172 0.841797 0.951172 0.841797 0.955078 0.839844 0.957031 0.839844 0.960938 0.832031 0.968750 0.826172 0.968750 0.826172 0.970703 0.808594 0.988281 0.808594 0.992188 0.833984 0.992188 0.835938 0.990234 0.837891 0.990234 0.837891 0.988281 0.839844 0.986328 0.839844 0.984375 0.843750 0.980469 0.851562 0.980469 0.853516 0.978516 0.853516 0.974609 0.855469 0.972656 0.855469 0.964844 0.859375 0.960938 0.859375 0.949219 0.857422 0.949219 0.855469 0.947266
0 0.806641 0.945312 0.804688 0.947266 0.800781 0.947266 0.798828 0.949219 0.791016 0.949219 0.789062 0.951172 0.789062 0.966797 0.791016 0.968750 0.794922 0.968750 0.796875 0.970703 0.796875 0.978516 0.802734 0.978516 0.804688 0.976562 0.808594 0.976562 0.812500 0.972656 0.812500 0.970703 0.814453 0.968750 0.814453 0.966797 0.818359 0.962891 0.822266 0.962891 0.822266 0.960938 0.824219 0.958984 0.824219 0.957031 0.826172 0.955078 0.828125 0.955078 0.828125 0.953125 0.826172 0.955078 0.824219 0.953125 0.824219 0.945312
0 0.941406 0.916016 0.937500 0.919922 0.935547 0.919922 0.935547 0.923828 0.933594 0.925781 0.933594 0.935547 0.929688 0.939453 0.929688 0.941406 0.927734 0.943359 0.923828 0.943359 0.921875 0.945312 0.914062 0.945312 0.912109 0.943359 0.912109 0.941406 0.908203 0.937500 0.908203 0.923828 0.906250 0.921875 0.906250 0.919922 0.904297 0.917969 0.896484 0.917969 0.896484 0.919922 0.894531 0.921875 0.888672 0.921875 0.888672 0.923828 0.886719 0.925781 0.886719 0.937500 0.888672 0.939453 0.894531 0.939453 0.896484 0.941406 0.896484 0.943359 0.890625 0.949219 0.888672 0.949219 0.886719 0.951172 0.884766 0.951172 0.882812 0.953125 0.880859 0.953125 0.880859 0.955078 0.878906 0.957031 0.876953 0.957031 0.876953 0.958984 0.875000 0.960938 0.873047 0.960938 0.867188 0.966797 0.867188 0.968750 0.865234 0.970703 0.865234 0.972656 0.863281 0.974609 0.863281 0.982422 0.861328 0.984375 0.857422 0.984375 0.857422 0.986328 0.855469 0.988281 0.853516 0.988281 0.853516 0.990234 0.851562 0.992188 0.849609 0.992188 0.984375 0.992188 0.984375 0.968750 0.980469 0.968750 0.978516 0.966797 0.976562 0.966797 0.976562 0.968750 0.972656 0.972656 0.966797 0.972656 0.964844 0.970703 0.964844 0.960938 0.968750 0.957031 0.968750 0.955078 0.976562 0.947266 0.976562 0.929688 0.966797 0.929688 0.964844 0.927734 0.964844 0.925781 0.958984 0.925781 0.957031 0.923828 0.951172 0.923828 0.949219 0.921875 0.949219 0.916016
0 0.953125 0.824219 0.951172 0.826172 0.947266 0.826172 0.945312 0.828125 0.943359 0.828125 0.943359 0.830078 0.941406 0.832031 0.941406 0.843750 0.943359 0.845703 0.955078 0.845703 0.955078 0.843750 0.957031 0.841797 0.957031 0.837891 0.958984 0.835938 0.966797 0.835938 0.966797 0.824219
0 0.957031 0.609375 0.957031 0.611328 0.955078 0.613281 0.953125 0.613281 0.951172 0.615234 0.951172 0.626953 0.953125 0.628906 0.962891 0.628906 0.962891 0.621094 0.964844 0.619141 0.966797 0.619141 0.966797 0.609375
0 0.312500 0.562500 0.312500 0.564453 0.314453 0.566406 0.318359 0.566406 0.316406 0.564453 0.316406 0.562500
0 0.097656 0.556641 0.097656 0.558594 0.089844 0.566406 0.089844 0.570312 0.087891 0.572266 0.087891 0.576172 0.089844 0.576172 0.095703 0.582031 0.101562 0.582031 0.105469 0.578125 0.105469 0.574219 0.109375 0.570312 0.105469 0.566406 0.105469 0.556641
0 0.322266 0.535156 0.318359 0.539062 0.314453 0.539062 0.314453 0.546875 0.326172 0.546875 0.328125 0.548828 0.330078 0.548828 0.332031 0.550781 0.335938 0.550781 0.337891 0.552734 0.339844 0.552734 0.345703 0.558594 0.345703 0.560547 0.355469 0.560547 0.361328 0.566406 0.363281 0.566406 0.367188 0.570312 0.375000 0.570312 0.375000 0.558594 0.373047 0.556641 0.371094 0.556641 0.363281 0.548828 0.361328 0.548828 0.359375 0.546875 0.359375 0.544922 0.357422 0.544922 0.355469 0.542969 0.353516 0.542969 0.345703 0.535156
0 0.224609 0.519531 0.224609 0.521484 0.218750 0.527344 0.216797 0.525391 0.212891 0.525391 0.208984 0.521484 0.208984 0.523438 0.207031 0.525391 0.203125 0.525391 0.199219 0.529297 0.193359 0.529297 0.191406 0.531250 0.189453 0.531250 0.189453 0.539062 0.195312 0.544922 0.197266 0.544922 0.199219 0.546875 0.199219 0.550781 0.201172 0.550781 0.207031 0.556641 0.222656 0.556641 0.224609 0.554688 0.226562 0.554688 0.226562 0.552734 0.228516 0.550781 0.228516 0.537109 0.226562 0.535156 0.228516 0.533203 0.232422 0.533203 0.232422 0.523438 0.230469 0.521484 0.228516 0.523438 0.226562 0.521484 0.226562 0.519531
0 0.169922 0.507812 0.169922 0.517578 0.175781 0.517578 0.177734 0.519531 0.189453 0.519531 0.189453 0.511719 0.187500 0.509766 0.181641 0.509766 0.179688 0.507812
0 0.964844 0.503906 0.964844 0.505859 0.962891 0.507812 0.960938 0.507812 0.960938 0.509766 0.957031 0.513672 0.953125 0.513672 0.953125 0.519531 0.949219 0.523438 0.949219 0.525391 0.951172 0.527344 0.951172 0.533203 0.955078 0.537109 0.955078 0.539062 0.957031 0.539062 0.958984 0.541016 0.962891 0.541016 0.962891 0.539062 0.966797 0.535156 0.966797 0.529297 0.968750 0.527344 0.968750 0.505859 0.966797 0.503906
0 0.349609 0.492188 0.345703 0.496094 0.345703 0.501953 0.343750 0.503906 0.341797 0.503906 0.339844 0.505859 0.337891 0.505859 0.337891 0.521484 0.349609 0.521484 0.351562 0.519531 0.351562 0.517578 0.353516 0.515625 0.353516 0.507812 0.355469 0.505859 0.355469 0.501953 0.357422 0.500000 0.357422 0.492188
0 0.871094 0.179688 0.867188 0.183594 0.861328 0.183594 0.859375 0.185547 0.857422 0.185547 0.855469 0.187500 0.853516 0.187500 0.853516 0.195312 0.855469 0.197266 0.886719 0.197266 0.886719 0.187500 0.884766 0.185547 0.884766 0.181641 0.882812 0.179688
0 0.000000 0.000000 0.000000 0.070312 0.005859 0.070312 0.007812 0.072266 0.007812 0.074219 0.017578 0.083984 0.017578 0.087891 0.015625 0.089844 0.013672 0.089844 0.013672 0.091797 0.011719 0.093750 0.009766 0.093750 0.007812 0.095703 0.005859 0.095703 0.003906 0.097656 0.001953 0.097656 0.000000 0.099609 0.000000 0.435547 0.005859 0.435547 0.013672 0.427734 0.015625 0.427734 0.021484 0.421875 0.023438 0.421875 0.027344 0.417969 0.042969 0.417969 0.044922 0.416016 0.046875 0.416016 0.048828 0.414062 0.050781 0.414062 0.054688 0.410156 0.056641 0.410156 0.058594 0.408203 0.058594 0.406250 0.060547 0.404297 0.062500 0.404297 0.062500 0.402344 0.064453 0.400391 0.066406 0.400391 0.066406 0.398438 0.068359 0.396484 0.070312 0.396484 0.076172 0.390625 0.078125 0.390625 0.078125 0.388672 0.080078 0.386719 0.083984 0.386719 0.087891 0.390625 0.087891 0.392578 0.089844 0.392578 0.091797 0.394531 0.107422 0.394531 0.109375 0.392578 0.111328 0.392578 0.113281 0.390625 0.117188 0.390625 0.121094 0.386719 0.123047 0.386719 0.128906 0.380859 0.134766 0.380859 0.138672 0.384766 0.138672 0.388672 0.128906 0.398438 0.126953 0.398438 0.125000 0.400391 0.123047 0.400391 0.121094 0.402344 0.119141 0.402344 0.117188 0.404297 0.115234 0.404297 0.115234 0.406250 0.109375 0.412109 0.101562 0.412109 0.097656 0.416016 0.095703 0.416016 0.091797 0.419922 0.089844 0.419922 0.087891 0.421875 0.080078 0.421875 0.078125 0.423828 0.078125 0.433594 0.080078 0.435547 0.082031 0.435547 0.087891 0.441406 0.087891 0.445312 0.089844 0.447266 0.089844 0.466797 0.089844 0.464844 0.091797 0.462891 0.093750 0.464844 0.095703 0.464844 0.097656 0.462891 0.099609 0.462891 0.099609 0.460938 0.101562 0.458984 0.103516 0.458984 0.105469 0.457031 0.107422 0.458984 0.107422 0.460938 0.109375 0.458984 0.111328 0.460938 0.113281 0.460938 0.113281 0.457031 0.115234 0.455078 0.117188 0.455078 0.119141 0.453125 0.121094 0.453125 0.123047 0.451172 0.125000 0.451172 0.126953 0.449219 0.128906 0.449219 0.130859 0.451172 0.132812 0.451172 0.134766 0.453125 0.134766 0.455078 0.148438 0.455078 0.150391 0.453125 0.150391 0.451172 0.152344 0.449219 0.152344 0.447266 0.154297 0.445312 0.154297 0.443359 0.156250 0.441406 0.158203 0.441406 0.158203 0.439453 0.166016 0.431641 0.167969 0.431641 0.169922 0.429688 0.171875 0.431641 0.171875 0.429688 0.173828 0.427734 0.175781 0.427734 0.177734 0.425781 0.183594 0.425781 0.185547 0.427734 0.185547 0.435547 0.183594 0.437500 0.181641 0.437500 0.181641 0.439453 0.175781 0.445312 0.171875 0.445312 0.169922 0.447266 0.166016 0.447266 0.166016 0.462891 0.167969 0.464844 0.169922 0.464844 0.171875 0.466797 0.173828 0.466797 0.175781 0.468750 0.175781 0.470703 0.177734 0.472656 0.177734 0.474609 0.179688 0.476562 0.181641 0.476562 0.183594 0.478516 0.199219 0.478516 0.199219 0.476562 0.201172 0.474609 0.207031 0.474609 0.207031 0.468750 0.210938 0.464844 0.212891 0.464844 0.214844 0.462891 0.216797 0.464844 0.216797 0.466797 0.218750 0.466797 0.220703 0.468750 0.220703 0.470703 0.222656 0.470703 0.226562 0.474609 0.228516 0.474609 0.234375 0.480469 0.234375 0.482422 0.244141 0.482422 0.246094 0.480469 0.248047 0.480469 0.248047 0.478516 0.250000 0.476562 0.250000 0.474609 0.251953 0.472656 0.253906 0.474609 0.253906 0.472656 0.255859 0.470703 0.257812 0.470703 0.255859 0.468750 0.257812 0.466797 0.259766 0.466797 0.259766 0.464844 0.261719 0.462891 0.263672 0.462891 0.263672 0.458984 0.265625 0.457031 0.267578 0.458984 0.269531 0.457031 0.269531 0.453125 0.271484 0.451172 0.271484 0.449219 0.273438 0.447266 0.273438 0.441406 0.275391 0.439453 0.275391 0.435547 0.277344 0.433594 0.281250 0.433594 0.283203 0.431641 0.285156 0.431641 0.285156 0.429688 0.289062 0.425781 0.291016 0.427734 0.292969 0.427734 0.296875 0.431641 0.292969 0.435547 0.289062 0.435547 0.289062 0.443359 0.287109 0.445312 0.287109 0.447266 0.285156 0.449219 0.287109 0.451172 0.287109 0.455078 0.292969 0.460938 0.292969 0.462891 0.296875 0.458984 0.294922 0.457031 0.296875 0.455078 0.294922 0.455078 0.292969 0.453125 0.292969 0.447266 0.298828 0.441406 0.300781 0.441406 0.300781 0.439453 0.302734 0.437500 0.308594 0.437500 0.312500 0.441406 0.312500 0.443359 0.314453 0.443359 0.316406 0.445312 0.316406 0.451172 0.318359 0.453125 0.318359 0.457031 0.316406 0.458984 0.316406 0.462891 0.310547 0.468750 0.310547 0.472656 0.308594 0.474609 0.308594 0.476562 0.320312 0.476562 0.322266 0.474609 0.322266 0.472656 0.326172 0.468750 0.326172 0.460938 0.328125 0.458984 0.328125 0.457031 0.330078 0.455078 0.330078 0.449219 0.332031 0.447266 0.332031 0.445312 0.333984 0.443359 0.333984 0.437500 0.335938 0.435547 0.335938 0.433594 0.337891 0.431641 0.339844 0.431641 0.339844 0.429688 0.341797 0.427734 0.341797 0.425781 0.343750 0.423828 0.343750 0.421875 0.339844 0.417969 0.339844 0.416016 0.341797 0.414062 0.341797 0.410156 0.339844 0.408203 0.339844 0.404297 0.339844 0.408203 0.337891 0.410156 0.333984 0.410156 0.332031 0.408203 0.332031 0.398438 0.330078 0.398438 0.328125 0.396484 0.328125 0.390625 0.326172 0.388672 0.326172 0.386719 0.328125 0.384766 0.328125 0.382812 0.324219 0.378906 0.324219 0.371094 0.326172 0.369141 0.333984 0.369141 0.335938 0.367188 0.339844 0.371094 0.339844 0.373047 0.341797 0.373047 0.345703 0.376953 0.345703 0.378906 0.357422 0.378906 0.361328 0.375000 0.363281 0.375000 0.371094 0.367188 0.375000 0.367188 0.376953 0.365234 0.378906 0.365234 0.380859 0.367188 0.380859 0.384766 0.378906 0.386719 0.373047 0.386719 0.373047 0.388672 0.371094 0.390625 0.369141 0.390625 0.369141 0.396484 0.367188 0.398438 0.365234 0.398438 0.365234 0.400391 0.363281 0.402344 0.361328 0.402344 0.361328 0.410156 0.359375 0.412109 0.359375 0.416016 0.357422 0.417969 0.357422 0.421875 0.359375 0.423828 0.357422 0.425781 0.357422 0.427734 0.359375 0.429688 0.361328 0.429688 0.363281 0.431641 0.361328 0.433594 0.357422 0.433594 0.357422 0.435547 0.351562 0.441406 0.349609 0.441406 0.343750 0.447266 0.343750 0.451172 0.341797 0.453125 0.339844 0.453125 0.339844 0.457031 0.341797 0.458984 0.341797 0.464844 0.343750 0.466797 0.343750 0.472656 0.345703 0.472656 0.347656 0.474609 0.347656 0.476562 0.351562 0.476562 0.353516 0.478516 0.355469 0.478516 0.359375 0.482422 0.363281 0.482422 0.369141 0.476562 0.369141 0.472656 0.367188 0.470703 0.367188 0.468750 0.369141 0.466797 0.369141 0.460938 0.373047 0.457031 0.375000 0.457031 0.376953 0.455078 0.378906 0.455078 0.378906 0.453125 0.380859 0.451172 0.384766 0.451172 0.388672 0.455078 0.392578 0.451172 0.400391 0.451172 0.402344 0.449219 0.404297 0.449219 0.406250 0.451172 0.414062 0.451172 0.417969 0.455078 0.416016 0.457031 0.419922 0.457031 0.421875 0.458984 0.421875 0.462891 0.429688 0.462891 0.431641 0.464844 0.431641 0.468750 0.429688 0.470703 0.429688 0.472656 0.427734 0.474609 0.425781 0.474609 0.425781 0.480469 0.423828 0.482422 0.423828 0.486328 0.421875 0.488281 0.421875 0.505859 0.423828 0.507812 0.423828 0.509766 0.433594 0.509766 0.435547 0.511719 0.435547 0.515625 0.437500 0.517578 0.437500 0.519531 0.439453 0.519531 0.441406 0.521484 0.445312 0.521484 0.447266 0.523438 0.447266 0.537109 0.445312 0.539062 0.443359 0.539062 0.443359 0.550781 0.441406 0.552734 0.441406 0.556641 0.439453 0.558594 0.435547 0.558594 0.435547 0.560547 0.433594 0.562500 0.431641 0.562500 0.429688 0.564453 0.429688 0.566406 0.427734 0.568359 0.427734 0.570312 0.423828 0.574219 0.421875 0.574219 0.421875 0.576172 0.419922 0.578125 0.419922 0.582031 0.417969 0.583984 0.414062 0.583984 0.414062 0.587891 0.412109 0.589844 0.410156 0.589844 0.410156 0.611328 0.412109 0.613281 0.412109 0.615234 0.414062 0.615234 0.417969 0.619141 0.419922 0.619141 0.421875 0.621094 0.421875 0.623047 0.423828 0.625000 0.423828 0.636719 0.425781 0.638672 0.425781 0.640625 0.427734 0.640625 0.429688 0.642578 0.429688 0.646484 0.431641 0.648438 0.431641 0.650391 0.433594 0.650391 0.435547 0.652344 0.433594 0.654297 0.431641 0.654297 0.431641 0.671875 0.449219 0.671875 0.451172 0.669922 0.451172 0.667969 0.453125 0.666016 0.462891 0.666016 0.464844 0.667969 0.464844 0.669922 0.466797 0.671875 0.466797 0.673828 0.470703 0.673828 0.472656 0.675781 0.470703 0.677734 0.470703 0.681641 0.468750 0.683594 0.468750 0.685547 0.466797 0.687500 0.466797 0.689453 0.462891 0.693359 0.462891 0.697266 0.457031 0.703125 0.457031 0.707031 0.455078 0.708984 0.455078 0.712891 0.457031 0.714844 0.457031 0.716797 0.458984 0.716797 0.462891 0.720703 0.462891 0.736328 0.460938 0.738281 0.462891 0.740234 0.462891 0.742188 0.460938 0.744141 0.462891 0.744141 0.468750 0.750000 0.476562 0.750000 0.478516 0.751953 0.478516 0.761719 0.480469 0.759766 0.482422 0.759766 0.482422 0.757812 0.484375 0.755859 0.494141 0.755859 0.498047 0.759766 0.500000 0.759766 0.501953 0.761719 0.501953 0.763672 0.503906 0.765625 0.503906 0.769531 0.505859 0.771484 0.505859 0.775391 0.501953 0.779297 0.501953 0.781250 0.500000 0.783203 0.500000 0.787109 0.498047 0.789062 0.496094 0.789062 0.494141 0.787109 0.494141 0.785156 0.492188 0.787109 0.490234 0.787109 0.488281 0.785156 0.476562 0.785156 0.476562 0.787109 0.474609 0.789062 0.474609 0.792969 0.472656 0.794922 0.468750 0.791016 0.466797 0.791016 0.466797 0.792969 0.462891 0.796875 0.449219 0.796875 0.447266 0.794922 0.447266 0.791016 0.443359 0.791016 0.441406 0.789062 0.441406 0.785156 0.439453 0.785156 0.437500 0.783203 0.433594 0.783203 0.429688 0.779297 0.429688 0.777344 0.427734 0.775391 0.429688 0.773438 0.431641 0.773438 0.433594 0.771484 0.435547 0.771484 0.435547 0.769531 0.437500 0.767578 0.437500 0.761719 0.435547 0.759766 0.435547 0.753906 0.433594 0.751953 0.433594 0.744141 0.431641 0.742188 0.429688 0.742188 0.427734 0.740234 0.427734 0.736328 0.425781 0.734375 0.425781 0.726562 0.423828 0.724609 0.425781 0.722656 0.423828 0.720703 0.423828 0.716797 0.419922 0.716797 0.417969 0.718750 0.414062 0.714844 0.412109 0.714844 0.410156 0.716797 0.408203 0.714844 0.406250 0.714844 0.404297 0.716797 0.402344 0.714844 0.394531 0.714844 0.392578 0.712891 0.390625 0.714844 0.388672 0.712891 0.388672 0.714844 0.384766 0.718750 0.384766 0.720703 0.382812 0.722656 0.380859 0.722656 0.380859 0.724609 0.378906 0.726562 0.378906 0.728516 0.376953 0.730469 0.375000 0.730469 0.373047 0.732422 0.373047 0.734375 0.371094 0.736328 0.367188 0.732422 0.367188 0.730469 0.369141 0.728516 0.369141 0.724609 0.371094 0.722656 0.373047 0.722656 0.373047 0.718750 0.375000 0.716797 0.376953 0.716797 0.376953 0.712891 0.371094 0.712891 0.369141 0.710938 0.369141 0.703125 0.369141 0.707031 0.367188 0.708984 0.365234 0.708984 0.365234 0.710938 0.363281 0.712891 0.361328 0.710938 0.361328 0.685547 0.363281 0.683594 0.363281 0.679688 0.361328 0.677734 0.359375 0.679688 0.357422 0.679688 0.355469 0.677734 0.355469 0.675781 0.341797 0.675781 0.341797 0.677734 0.337891 0.681641 0.335938 0.681641 0.333984 0.683594 0.333984 0.685547 0.332031 0.687500 0.332031 0.697266 0.339844 0.697266 0.341797 0.699219 0.341797 0.701172 0.339844 0.703125 0.337891 0.703125 0.337891 0.710938 0.335938 0.712891 0.333984 0.712891 0.332031 0.714844 0.330078 0.714844 0.330078 0.716797 0.328125 0.718750 0.326172 0.718750 0.326172 0.720703 0.324219 0.722656 0.322266 0.722656 0.320312 0.720703 0.320312 0.714844 0.322266 0.712891 0.324219 0.712891 0.324219 0.708984 0.320312 0.705078 0.320312 0.695312 0.318359 0.695312 0.316406 0.693359 0.314453 0.693359 0.312500 0.691406 0.312500 0.679688 0.310547 0.677734 0.312500 0.675781 0.310547 0.675781 0.308594 0.673828 0.308594 0.667969 0.310547 0.666016 0.312500 0.666016 0.312500 0.664062 0.314453 0.662109 0.316406 0.662109 0.316406 0.660156 0.318359 0.658203 0.320312 0.658203 0.320312 0.650391 0.316406 0.650391 0.314453 0.648438 0.310547 0.648438 0.308594 0.646484 0.308594 0.644531 0.306641 0.644531 0.302734 0.640625 0.304688 0.638672 0.302734 0.638672 0.300781 0.636719 0.300781 0.630859 0.302734 0.628906 0.302734 0.625000 0.304688 0.623047 0.302734 0.621094 0.304688 0.619141 0.304688 0.617188 0.287109 0.617188 0.285156 0.615234 0.285156 0.605469 0.287109 0.603516 0.289062 0.603516 0.289062 0.597656 0.291016 0.595703 0.291016 0.591797 0.292969 0.589844 0.292969 0.585938 0.289062 0.589844 0.287109 0.589844 0.285156 0.587891 0.285156 0.585938 0.281250 0.585938 0.277344 0.582031 0.273438 0.582031 0.273438 0.583984 0.271484 0.585938 0.265625 0.585938 0.259766 0.580078 0.259766 0.578125 0.257812 0.576172 0.257812 0.574219 0.253906 0.574219 0.251953 0.576172 0.250000 0.574219 0.242188 0.574219 0.240234 0.572266 0.240234 0.570312 0.238281 0.570312 0.236328 0.572266 0.234375 0.572266 0.232422 0.574219 0.232422 0.576172 0.230469 0.578125 0.228516 0.578125 0.228516 0.587891 0.226562 0.589844 0.224609 0.589844 0.226562 0.591797 0.224609 0.593750 0.224609 0.595703 0.222656 0.597656 0.220703 0.597656 0.220703 0.599609 0.216797 0.603516 0.216797 0.607422 0.214844 0.609375 0.212891 0.609375 0.212891 0.611328 0.210938 0.613281 0.210938 0.615234 0.208984 0.617188 0.207031 0.615234 0.207031 0.609375 0.207031 0.611328 0.205078 0.613281 0.203125 0.611328 0.203125 0.609375 0.201172 0.611328 0.199219 0.609375 0.193359 0.609375 0.193359 0.611328 0.191406 0.613281 0.189453 0.613281 0.189453 0.615234 0.187500 0.617188 0.185547 0.617188 0.185547 0.619141 0.183594 0.621094 0.158203 0.621094 0.154297 0.625000 0.146484 0.625000 0.146484 0.626953 0.144531 0.628906 0.142578 0.628906 0.140625 0.630859 0.136719 0.630859 0.134766 0.632812 0.134766 0.634766 0.132812 0.636719 0.130859 0.636719 0.132812 0.638672 0.130859 0.640625 0.126953 0.640625 0.125000 0.638672 0.125000 0.630859 0.123047 0.628906 0.119141 0.628906 0.117188 0.626953 0.113281 0.626953 0.111328 0.625000 0.097656 0.625000 0.097656 0.626953 0.095703 0.628906 0.095703 0.630859 0.093750 0.632812 0.091797 0.632812 0.091797 0.638672 0.087891 0.642578 0.085938 0.640625 0.074219 0.640625 0.074219 0.642578 0.068359 0.648438 0.068359 0.650391 0.064453 0.654297 0.064453 0.656250 0.062500 0.658203 0.062500 0.660156 0.060547 0.662109 0.058594 0.662109 0.056641 0.664062 0.056641 0.666016 0.054688 0.667969 0.054688 0.673828 0.052734 0.675781 0.050781 0.675781 0.048828 0.677734 0.048828 0.679688 0.046875 0.681641 0.046875 0.685547 0.044922 0.687500 0.044922 0.714844 0.046875 0.714844 0.050781 0.718750 0.050781 0.720703 0.052734 0.720703 0.056641 0.724609 0.058594 0.724609 0.060547 0.726562 0.064453 0.726562 0.066406 0.728516 0.070312 0.728516 0.072266 0.730469 0.072266 0.732422 0.076172 0.732422 0.078125 0.734375 0.078125 0.736328 0.082031 0.736328 0.089844 0.744141 0.089844 0.746094 0.085938 0.750000 0.083984 0.750000 0.083984 0.751953 0.082031 0.753906 0.080078 0.753906 0.078125 0.755859 0.066406 0.755859 0.064453 0.757812 0.060547 0.757812 0.056641 0.761719 0.056641 0.763672 0.054688 0.765625 0.054688 0.767578 0.052734 0.769531 0.052734 0.771484 0.050781 0.773438 0.044922 0.773438 0.044922 0.777344 0.041016 0.781250 0.041016 0.787109 0.039062 0.789062 0.041016 0.791016 0.041016 0.796875 0.039062 0.798828 0.039062 0.800781 0.037109 0.802734 0.037109 0.804688 0.035156 0.806641 0.037109 0.808594 0.037109 0.818359 0.035156 0.820312 0.037109 0.822266 0.037109 0.826172 0.039062 0.828125 0.037109 0.830078 0.039062 0.832031 0.039062 0.833984 0.037109 0.835938 0.037109 0.841797 0.035156 0.843750 0.033203 0.843750 0.035156 0.845703 0.035156 0.847656 0.033203 0.849609 0.033203 0.863281 0.031250 0.865234 0.029297 0.865234 0.029297 0.869141 0.027344 0.871094 0.025391 0.871094 0.025391 0.873047 0.029297 0.876953 0.029297 0.902344 0.031250 0.904297 0.031250 0.906250 0.033203 0.908203 0.033203 0.910156 0.035156 0.912109 0.035156 0.914062 0.039062 0.917969 0.039062 0.919922 0.042969 0.923828 0.042969 0.925781 0.044922 0.927734 0.044922 0.929688 0.048828 0.933594 0.052734 0.933594 0.054688 0.931641 0.056641 0.933594 0.056641 0.937500 0.058594 0.939453 0.060547 0.939453 0.062500 0.941406 0.062500 0.947266 0.060547 0.949219 0.056641 0.949219 0.054688 0.951172 0.054688 0.953125 0.046875 0.960938 0.044922 0.960938 0.041016 0.964844 0.037109 0.964844 0.035156 0.966797 0.033203 0.966797 0.031250 0.968750 0.029297 0.968750 0.027344 0.970703 0.023438 0.970703 0.023438 0.972656 0.021484 0.974609 0.021484 0.992188 0.146484 0.992188 0.146484 0.986328 0.148438 0.984375 0.148438 0.982422 0.152344 0.978516 0.152344 0.976562 0.156250 0.972656 0.156250 0.968750 0.164062 0.960938 0.166016 0.960938 0.166016 0.958984 0.167969 0.957031 0.167969 0.955078 0.169922 0.953125 0.169922 0.951172 0.173828 0.947266 0.177734 0.947266 0.177734 0.943359 0.175781 0.941406 0.173828 0.941406 0.171875 0.939453 0.169922 0.939453 0.167969 0.937500 0.167969 0.935547 0.169922 0.933594 0.169922 0.931641 0.171875 0.929688 0.175781 0.929688 0.175781 0.916016 0.171875 0.912109 0.171875 0.908203 0.173828 0.906250 0.175781 0.906250 0.179688 0.902344 0.175781 0.902344 0.173828 0.904297 0.173828 0.906250 0.171875 0.908203 0.169922 0.908203 0.169922 0.910156 0.167969 0.912109 0.166016 0.912109 0.164062 0.914062 0.158203 0.914062 0.156250 0.912109 0.156250 0.910156 0.154297 0.910156 0.150391 0.906250 0.150391 0.904297 0.148438 0.902344 0.146484 0.902344 0.144531 0.900391 0.138672 0.900391 0.136719 0.898438 0.138672 0.896484 0.140625 0.896484 0.140625 0.890625 0.142578 0.888672 0.144531 0.888672 0.144531 0.875000 0.146484 0.873047 0.146484 0.871094 0.148438 0.869141 0.148438 0.865234 0.146484 0.863281 0.146484 0.861328 0.144531 0.859375 0.144531 0.855469 0.142578 0.853516 0.142578 0.851562 0.140625 0.849609 0.140625 0.841797 0.138672 0.843750 0.136719 0.843750 0.134766 0.841797 0.136719 0.839844 0.136719 0.835938 0.138672 0.833984 0.140625 0.833984 0.140625 0.832031 0.142578 0.830078 0.144531 0.830078 0.144531 0.828125 0.146484 0.826172 0.148438 0.826172 0.148438 0.824219 0.150391 0.822266 0.152344 0.822266 0.152344 0.816406 0.154297 0.814453 0.152344 0.816406 0.150391 0.816406 0.148438 0.814453 0.148438 0.812500 0.146484 0.812500 0.144531 0.810547 0.144531 0.808594 0.142578 0.808594 0.140625 0.806641 0.140625 0.804688 0.138672 0.804688 0.136719 0.802734 0.136719 0.796875 0.134766 0.796875 0.132812 0.794922 0.132812 0.789062 0.134766 0.787109 0.136719 0.787109 0.136719 0.783203 0.138672 0.781250 0.140625 0.781250 0.140625 0.777344 0.142578 0.775391 0.144531 0.775391 0.144531 0.773438 0.146484 0.771484 0.148438 0.771484 0.148438 0.757812 0.150391 0.755859 0.152344 0.755859 0.152344 0.751953 0.162109 0.742188 0.166016 0.742188 0.169922 0.738281 0.171875 0.738281 0.173828 0.736328 0.175781 0.736328 0.181641 0.742188 0.185547 0.742188 0.187500 0.744141 0.189453 0.742188 0.195312 0.742188 0.197266 0.740234 0.199219 0.740234 0.201172 0.738281 0.203125 0.738281 0.203125 0.736328 0.205078 0.734375 0.207031 0.734375 0.208984 0.732422 0.210938 0.732422 0.212891 0.730469 0.218750 0.730469 0.220703 0.732422 0.220703 0.740234 0.222656 0.740234 0.224609 0.742188 0.224609 0.744141 0.226562 0.746094 0.226562 0.750000 0.228516 0.751953 0.228516 0.759766 0.226562 0.761719 0.224609 0.761719 0.224609 0.763672 0.218750 0.769531 0.216797 0.769531 0.210938 0.775391 0.210938 0.789062 0.212891 0.791016 0.212891 0.798828 0.214844 0.798828 0.216797 0.796875 0.218750 0.796875 0.218750 0.792969 0.220703 0.791016 0.222656 0.791016 0.222656 0.787109 0.224609 0.785156 0.226562 0.785156 0.230469 0.789062 0.232422 0.789062 0.234375 0.791016 0.236328 0.791016 0.238281 0.792969 0.242188 0.792969 0.246094 0.796875 0.248047 0.796875 0.250000 0.798828 0.250000 0.802734 0.248047 0.804688 0.248047 0.808594 0.246094 0.810547 0.246094 0.812500 0.244141 0.814453 0.242188 0.814453 0.242188 0.818359 0.238281 0.822266 0.238281 0.826172 0.236328 0.828125 0.236328 0.830078 0.234375 0.832031 0.234375 0.833984 0.230469 0.837891 0.230469 0.839844 0.228516 0.841797 0.224609 0.841797 0.224609 0.849609 0.226562 0.851562 0.226562 0.853516 0.228516 0.855469 0.228516 0.857422 0.232422 0.861328 0.232422 0.863281 0.234375 0.863281 0.236328 0.865234 0.236328 0.867188 0.240234 0.871094 0.240234 0.873047 0.242188 0.875000 0.242188 0.878906 0.240234 0.880859 0.242188 0.880859 0.244141 0.882812 0.244141 0.888672 0.248047 0.888672 0.250000 0.886719 0.250000 0.884766 0.251953 0.882812 0.255859 0.882812 0.257812 0.880859 0.259766 0.880859 0.261719 0.878906 0.263672 0.878906 0.265625 0.880859 0.265625 0.884766 0.261719 0.888672 0.259766 0.888672 0.255859 0.892578 0.255859 0.894531 0.253906 0.896484 0.251953 0.896484 0.248047 0.900391 0.246094 0.900391 0.246094 0.902344 0.244141 0.904297 0.242188 0.904297 0.240234 0.906250 0.240234 0.912109 0.236328 0.916016 0.232422 0.916016 0.232422 0.917969 0.234375 0.917969 0.236328 0.919922 0.234375 0.921875 0.234375 0.923828 0.232422 0.925781 0.232422 0.931641 0.230469 0.933594 0.230469 0.935547 0.228516 0.937500 0.226562 0.937500 0.220703 0.943359 0.218750 0.943359 0.218750 0.945312 0.216797 0.947266 0.214844 0.947266 0.214844 0.949219 0.212891 0.951172 0.208984 0.947266 0.208984 0.945312 0.210938 0.943359 0.210938 0.935547 0.197266 0.935547 0.195312 0.933594 0.195312 0.931641 0.199219 0.927734 0.199219 0.925781 0.201172 0.923828 0.199219 0.921875 0.203125 0.917969 0.210938 0.917969 0.212891 0.916016 0.212891 0.914062 0.214844 0.912109 0.218750 0.912109 0.218750 0.908203 0.216797 0.908203 0.214844 0.906250 0.212891 0.906250 0.210938 0.904297 0.210938 0.902344 0.207031 0.898438 0.205078 0.898438 0.205078 0.900391 0.203125 0.902344 0.201172 0.900391 0.199219 0.900391 0.197266 0.902344 0.193359 0.902344 0.193359 0.904297 0.189453 0.908203 0.189453 0.912109 0.187500 0.914062 0.187500 0.935547 0.193359 0.935547 0.195312 0.937500 0.195312 0.939453 0.193359 0.941406 0.193359 0.947266 0.191406 0.949219 0.191406 0.951172 0.189453 0.953125 0.189453 0.955078 0.187500 0.957031 0.187500 0.960938 0.185547 0.962891 0.185547 0.964844 0.183594 0.966797 0.183594 0.978516 0.181641 0.980469 0.181641 0.984375 0.177734 0.988281 0.177734 0.990234 0.175781 0.992188 0.681641 0.992188 0.681641 0.986328 0.683594 0.984375 0.683594 0.982422 0.687500 0.978516 0.687500 0.976562 0.691406 0.972656 0.705078 0.972656 0.705078 0.968750 0.707031 0.966797 0.707031 0.958984 0.705078 0.958984 0.703125 0.957031 0.703125 0.955078 0.701172 0.953125 0.701172 0.949219 0.693359 0.949219 0.691406 0.951172 0.689453 0.951172 0.689453 0.957031 0.687500 0.958984 0.683594 0.958984 0.681641 0.957031 0.666016 0.957031 0.666016 0.960938 0.664062 0.962891 0.662109 0.962891 0.658203 0.958984 0.648438 0.958984 0.646484 0.957031 0.640625 0.957031 0.638672 0.955078 0.630859 0.955078 0.628906 0.953125 0.628906 0.951172 0.625000 0.951172 0.623047 0.949219 0.623047 0.947266 0.621094 0.947266 0.615234 0.941406 0.615234 0.939453 0.613281 0.939453 0.611328 0.937500 0.611328 0.933594 0.613281 0.931641 0.613281 0.929688 0.611328 0.927734 0.611328 0.921875 0.609375 0.919922 0.609375 0.912109 0.611328 0.910156 0.623047 0.910156 0.625000 0.912109 0.625000 0.916016 0.623047 0.917969 0.623047 0.923828 0.625000 0.925781 0.626953 0.925781 0.628906 0.927734 0.640625 0.927734 0.642578 0.929688 0.646484 0.929688 0.646484 0.927734 0.648438 0.925781 0.650391 0.925781 0.652344 0.923828 0.654297 0.923828 0.654297 0.921875 0.656250 0.919922 0.662109 0.919922 0.662109 0.916016 0.667969 0.910156 0.671875 0.910156 0.673828 0.908203 0.675781 0.908203 0.677734 0.906250 0.677734 0.902344 0.679688 0.900391 0.679688 0.896484 0.685547 0.890625 0.685547 0.888672 0.687500 0.886719 0.693359 0.886719 0.699219 0.880859 0.705078 0.886719 0.705078 0.890625 0.707031 0.892578 0.707031 0.896484 0.708984 0.898438 0.708984 0.914062 0.710938 0.914062 0.714844 0.917969 0.728516 0.917969 0.730469 0.916016 0.730469 0.898438 0.726562 0.894531 0.726562 0.892578 0.722656 0.888672 0.722656 0.884766 0.720703 0.882812 0.720703 0.880859 0.716797 0.880859 0.714844 0.878906 0.714844 0.876953 0.712891 0.875000 0.712891 0.859375 0.714844 0.857422 0.714844 0.855469 0.716797 0.853516 0.716797 0.849609 0.714844 0.847656 0.714844 0.843750 0.716797 0.841797 0.716797 0.839844 0.718750 0.837891 0.718750 0.826172 0.714844 0.826172 0.712891 0.824219 0.712891 0.822266 0.710938 0.822266 0.708984 0.820312 0.708984 0.818359 0.707031 0.818359 0.705078 0.816406 0.705078 0.814453 0.703125 0.812500 0.703125 0.808594 0.705078 0.806641 0.707031 0.806641 0.708984 0.804688 0.710938 0.804688 0.712891 0.802734 0.720703 0.802734 0.722656 0.804688 0.722656 0.806641 0.724609 0.808594 0.728516 0.804688 0.732422 0.804688 0.734375 0.806641 0.734375 0.814453 0.736328 0.816406 0.750000 0.816406 0.751953 0.814453 0.755859 0.814453 0.757812 0.812500 0.759766 0.812500 0.761719 0.810547 0.765625 0.810547 0.767578 0.812500 0.767578 0.814453 0.763672 0.818359 0.763672 0.820312 0.759766 0.824219 0.759766 0.849609 0.761719 0.851562 0.761719 0.853516 0.765625 0.857422 0.765625 0.859375 0.769531 0.863281 0.773438 0.863281 0.775391 0.865234 0.775391 0.875000 0.771484 0.878906 0.771484 0.880859 0.769531 0.882812 0.769531 0.884766 0.765625 0.888672 0.765625 0.904297 0.767578 0.906250 0.767578 0.908203 0.771484 0.912109 0.771484 0.916016 0.763672 0.923828 0.763672 0.933594 0.773438 0.933594 0.777344 0.929688 0.779297 0.929688 0.779297 0.925781 0.783203 0.921875 0.783203 0.917969 0.785156 0.916016 0.787109 0.916016 0.787109 0.898438 0.785156 0.896484 0.785156 0.888672 0.787109 0.886719 0.787109 0.884766 0.789062 0.882812 0.789062 0.878906 0.791016 0.876953 0.791016 0.873047 0.792969 0.871094 0.791016 0.869141 0.791016 0.867188 0.789062 0.865234 0.789062 0.861328 0.787109 0.859375 0.787109 0.855469 0.785156 0.855469 0.781250 0.851562 0.779297 0.851562 0.777344 0.849609 0.777344 0.843750 0.781250 0.839844 0.781250 0.835938 0.783203 0.833984 0.785156 0.833984 0.787109 0.832031 0.789062 0.832031 0.789062 0.830078 0.792969 0.826172 0.792969 0.824219 0.794922 0.822266 0.794922 0.820312 0.796875 0.818359 0.806641 0.818359 0.806641 0.804688 0.802734 0.804688 0.800781 0.802734 0.800781 0.792969 0.798828 0.791016 0.798828 0.787109 0.800781 0.785156 0.798828 0.783203 0.802734 0.779297 0.804688 0.779297 0.804688 0.777344 0.806641 0.775391 0.808594 0.775391 0.808594 0.773438 0.810547 0.771484 0.816406 0.771484 0.816406 0.769531 0.818359 0.767578 0.822266 0.767578 0.824219 0.765625 0.826172 0.767578 0.826172 0.779297 0.832031 0.785156 0.832031 0.789062 0.833984 0.791016 0.833984 0.794922 0.835938 0.796875 0.845703 0.796875 0.845703 0.792969 0.847656 0.791016 0.849609 0.791016 0.851562 0.789062 0.865234 0.789062 0.867188 0.791016 0.867188 0.804688 0.878906 0.804688 0.880859 0.802734 0.880859 0.800781 0.884766 0.796875 0.884766 0.792969 0.886719 0.791016 0.888672 0.791016 0.890625 0.789062 0.892578 0.789062 0.894531 0.791016 0.898438 0.791016 0.900391 0.792969 0.900391 0.808594 0.892578 0.816406 0.892578 0.833984 0.902344 0.833984 0.904297 0.832031 0.906250 0.832031 0.910156 0.828125 0.910156 0.824219 0.912109 0.822266 0.914062 0.824219 0.914062 0.837891 0.916016 0.839844 0.917969 0.839844 0.919922 0.841797 0.929688 0.841797 0.933594 0.837891 0.933594 0.835938 0.935547 0.833984 0.935547 0.832031 0.937500 0.830078 0.937500 0.820312 0.939453 0.818359 0.939453 0.804688 0.941406 0.802734 0.943359 0.802734 0.943359 0.800781 0.945312 0.798828 0.945312 0.796875 0.947266 0.794922 0.949219 0.794922 0.949219 0.792969 0.953125 0.789062 0.953125 0.779297 0.955078 0.777344 0.964844 0.777344 0.968750 0.781250 0.968750 0.783203 0.970703 0.785156 0.970703 0.787109 0.972656 0.789062 0.972656 0.804688 0.988281 0.804688 0.990234 0.802734 0.990234 0.800781 0.992188 0.798828 0.992188 0.712891 0.990234 0.710938 0.990234 0.703125 0.986328 0.699219 0.970703 0.699219 0.966797 0.703125 0.966797 0.724609 0.962891 0.728516 0.960938 0.728516 0.960938 0.730469 0.953125 0.738281 0.951172 0.736328 0.947266 0.736328 0.941406 0.730469 0.941406 0.710938 0.945312 0.707031 0.945312 0.705078 0.947266 0.703125 0.947266 0.701172 0.951172 0.697266 0.951172 0.689453 0.953125 0.687500 0.957031 0.687500 0.957031 0.683594 0.960938 0.679688 0.960938 0.667969 0.939453 0.667969 0.937500 0.666016 0.937500 0.664062 0.945312 0.656250 0.949219 0.656250 0.953125 0.652344 0.957031 0.652344 0.958984 0.650391 0.962891 0.650391 0.964844 0.648438 0.964844 0.640625 0.960938 0.636719 0.953125 0.636719 0.943359 0.626953 0.943359 0.625000 0.941406 0.623047 0.941406 0.619141 0.937500 0.615234 0.937500 0.603516 0.935547 0.601562 0.937500 0.599609 0.939453 0.599609 0.939453 0.587891 0.937500 0.587891 0.933594 0.583984 0.931641 0.583984 0.923828 0.576172 0.906250 0.576172 0.904297 0.574219 0.894531 0.574219 0.892578 0.576172 0.886719 0.576172 0.884766 0.574219 0.876953 0.574219 0.875000 0.572266 0.876953 0.570312 0.876953 0.568359 0.878906 0.566406 0.878906 0.564453 0.880859 0.562500 0.880859 0.558594 0.882812 0.556641 0.882812 0.554688 0.884766 0.552734 0.884766 0.550781 0.890625 0.544922 0.892578 0.544922 0.892578 0.519531 0.890625 0.517578 0.890625 0.515625 0.888672 0.513672 0.888672 0.511719 0.886719 0.509766 0.886719 0.500000 0.888672 0.498047 0.888672 0.490234 0.890625 0.488281 0.890625 0.478516 0.892578 0.476562 0.892578 0.464844 0.894531 0.462891 0.894531 0.460938 0.896484 0.458984 0.898438 0.458984 0.900391 0.457031 0.898438 0.455078 0.902344 0.451172 0.904297 0.451172 0.904297 0.447266 0.906250 0.445312 0.908203 0.445312 0.910156 0.443359 0.912109 0.443359 0.914062 0.441406 0.917969 0.441406 0.917969 0.439453 0.919922 0.437500 0.921875 0.437500 0.921875 0.435547 0.925781 0.431641 0.929688 0.431641 0.929688 0.425781 0.931641 0.423828 0.933594 0.423828 0.937500 0.419922 0.945312 0.419922 0.947266 0.417969 0.947266 0.416016 0.949219 0.414062 0.951172 0.414062 0.955078 0.410156 0.958984 0.410156 0.960938 0.412109 0.980469 0.412109 0.982422 0.414062 0.984375 0.414062 0.986328 0.416016 0.992188 0.416016 0.992188 0.179688 0.978516 0.179688 0.976562 0.181641 0.972656 0.181641 0.970703 0.183594 0.968750 0.183594 0.962891 0.189453 0.955078 0.189453 0.953125 0.191406 0.949219 0.191406 0.949219 0.193359 0.947266 0.195312 0.945312 0.195312 0.943359 0.197266 0.943359 0.207031 0.935547 0.214844 0.935547 0.216797 0.931641 0.220703 0.929688 0.220703 0.929688 0.230469 0.927734 0.232422 0.917969 0.232422 0.914062 0.236328 0.910156 0.236328 0.906250 0.240234 0.904297 0.240234 0.904297 0.248047 0.900391 0.251953 0.900391 0.253906 0.896484 0.257812 0.894531 0.257812 0.894531 0.259766 0.892578 0.261719 0.890625 0.261719 0.888672 0.263672 0.886719 0.263672 0.886719 0.265625 0.884766 0.267578 0.884766 0.269531 0.876953 0.277344 0.876953 0.279297 0.873047 0.283203 0.871094 0.283203 0.869141 0.285156 0.867188 0.285156 0.865234 0.287109 0.861328 0.287109 0.859375 0.289062 0.857422 0.289062 0.855469 0.291016 0.849609 0.291016 0.847656 0.292969 0.837891 0.292969 0.835938 0.291016 0.830078 0.291016 0.828125 0.289062 0.828125 0.287109 0.826172 0.285156 0.824219 0.285156 0.820312 0.281250 0.818359 0.281250 0.814453 0.277344 0.814453 0.275391 0.808594 0.269531 0.808594 0.265625 0.802734 0.259766 0.802734 0.257812 0.800781 0.255859 0.800781 0.253906 0.798828 0.251953 0.798828 0.250000 0.796875 0.248047 0.796875 0.240234 0.794922 0.238281 0.757812 0.238281 0.755859 0.236328 0.751953 0.236328 0.748047 0.232422 0.744141 0.232422 0.742188 0.230469 0.740234 0.230469 0.738281 0.228516 0.734375 0.228516 0.728516 0.222656 0.728516 0.220703 0.726562 0.218750 0.724609 0.218750 0.720703 0.214844 0.720703 0.212891 0.718750 0.210938 0.718750 0.208984 0.716797 0.207031 0.716797 0.205078 0.714844 0.203125 0.714844 0.201172 0.718750 0.197266 0.722656 0.197266 0.724609 0.195312 0.726562 0.195312 0.728516 0.193359 0.738281 0.193359 0.740234 0.191406 0.763672 0.191406 0.765625 0.189453 0.767578 0.189453 0.767578 0.187500 0.769531 0.185547 0.771484 0.185547 0.771484 0.183594 0.773438 0.181641 0.773438 0.179688 0.775391 0.177734 0.783203 0.177734 0.787109 0.181641 0.796875 0.181641 0.798828 0.179688 0.808594 0.179688 0.814453 0.173828 0.822266 0.173828 0.822266 0.167969 0.808594 0.167969 0.806641 0.169922 0.804688 0.169922 0.802734 0.171875 0.798828 0.167969 0.783203 0.167969 0.781250 0.166016 0.781250 0.164062 0.783203 0.162109 0.783203 0.156250 0.787109 0.152344 0.787109 0.148438 0.789062 0.146484 0.789062 0.144531 0.792969 0.140625 0.794922 0.140625 0.798828 0.136719 0.802734 0.136719 0.806641 0.132812 0.806641 0.130859 0.808594 0.128906 0.808594 0.126953 0.810547 0.125000 0.812500 0.125000 0.814453 0.123047 0.824219 0.123047 0.828125 0.126953 0.828125 0.130859 0.830078 0.132812 0.830078 0.136719 0.832031 0.138672 0.832031 0.146484 0.833984 0.146484 0.835938 0.148438 0.837891 0.148438 0.839844 0.146484 0.841797 0.146484 0.843750 0.144531 0.845703 0.144531 0.847656 0.142578 0.847656 0.123047 0.849609 0.121094 0.849609 0.119141 0.857422 0.111328 0.861328 0.111328 0.861328 0.101562 0.859375 0.099609 0.859375 0.095703 0.861328 0.093750 0.867188 0.093750 0.869141 0.091797 0.871094 0.091797 0.875000 0.087891 0.878906 0.087891 0.880859 0.085938 0.882812 0.085938 0.884766 0.083984 0.884766 0.082031 0.886719 0.080078 0.890625 0.080078 0.892578 0.078125 0.892578 0.076172 0.894531 0.074219 0.894531 0.072266 0.892578 0.070312 0.892578 0.062500 0.902344 0.052734 0.908203 0.052734 0.910156 0.054688 0.910156 0.056641 0.914062 0.056641 0.916016 0.058594 0.916016 0.070312 0.917969 0.072266 0.917969 0.074219 0.919922 0.076172 0.919922 0.082031 0.917969 0.083984 0.917969 0.087891 0.914062 0.091797 0.916016 0.093750 0.916016 0.095703 0.917969 0.097656 0.919922 0.097656 0.923828 0.101562 0.923828 0.105469 0.925781 0.107422 0.927734 0.107422 0.929688 0.109375 0.929688 0.111328 0.931641 0.111328 0.933594 0.113281 0.935547 0.113281 0.937500 0.115234 0.937500 0.117188 0.945312 0.125000 0.947266 0.125000 0.949219 0.126953 0.951172 0.126953 0.953125 0.128906 0.964844 0.128906 0.966797 0.126953 0.970703 0.126953 0.972656 0.125000 0.978516 0.125000 0.980469 0.123047 0.982422 0.123047 0.982422 0.121094 0.984375 0.119141 0.986328 0.119141 0.988281 0.117188 0.990234 0.117188 0.990234 0.115234 0.992188 0.113281 0.992188 0.000000 0.916016 0.000000 0.912109 0.003906 0.908203 0.003906 0.906250 0.005859 0.904297 0.005859 0.902344 0.003906 0.900391 0.005859 0.900391 0.007812 0.898438 0.009766 0.894531 0.009766 0.892578 0.011719 0.888672 0.011719 0.886719 0.009766 0.892578 0.003906 0.894531 0.003906 0.898438 0.000000 0.349609 0.000000 0.349609 0.007812 0.351562 0.009766 0.351562 0.013672 0.355469 0.017578 0.365234 0.017578 0.369141 0.013672 0.371094 0.013672 0.373047 0.011719 0.375000 0.011719 0.376953 0.009766 0.380859 0.009766 0.382812 0.007812 0.390625 0.007812 0.392578 0.005859 0.396484 0.005859 0.400391 0.009766 0.402344 0.009766 0.406250 0.013672 0.408203 0.013672 0.410156 0.015625 0.410156 0.017578 0.417969 0.025391 0.417969 0.035156 0.416016 0.037109 0.416016 0.046875 0.414062 0.048828 0.414062 0.058594 0.408203 0.064453 0.400391 0.064453 0.398438 0.062500 0.398438 0.056641 0.394531 0.056641 0.392578 0.054688 0.392578 0.056641 0.390625 0.058594 0.386719 0.058594 0.380859 0.064453 0.380859 0.066406 0.378906 0.068359 0.373047 0.068359 0.369141 0.072266 0.365234 0.072266 0.363281 0.074219 0.349609 0.074219 0.347656 0.076172 0.341797 0.076172 0.339844 0.078125 0.332031 0.078125 0.330078 0.076172 0.328125 0.076172 0.326172 0.074219 0.326172 0.066406 0.324219 0.064453 0.324219 0.041016 0.316406 0.041016 0.312500 0.044922 0.312500 0.048828 0.308594 0.052734 0.308594 0.054688 0.306641 0.056641 0.296875 0.056641 0.296875 0.058594 0.294922 0.060547 0.294922 0.070312 0.296875 0.070312 0.298828 0.072266 0.300781 0.072266 0.308594 0.080078 0.306641 0.082031 0.302734 0.082031 0.302734 0.089844 0.300781 0.091797 0.298828 0.091797 0.296875 0.093750 0.294922 0.093750 0.292969 0.095703 0.291016 0.095703 0.287109 0.099609 0.281250 0.099609 0.275391 0.105469 0.271484 0.105469 0.269531 0.107422 0.267578 0.107422 0.265625 0.109375 0.265625 0.111328 0.263672 0.113281 0.263672 0.117188 0.261719 0.119141 0.257812 0.119141 0.255859 0.121094 0.253906 0.121094 0.253906 0.123047 0.248047 0.128906 0.246094 0.126953 0.244141 0.126953 0.240234 0.123047 0.240234 0.121094 0.236328 0.117188 0.238281 0.115234 0.238281 0.105469 0.240234 0.103516 0.242188 0.103516 0.238281 0.099609 0.238281 0.097656 0.236328 0.095703 0.236328 0.093750 0.234375 0.095703 0.232422 0.093750 0.228516 0.093750 0.226562 0.091797 0.226562 0.083984 0.224609 0.082031 0.224609 0.078125 0.222656 0.076172 0.224609 0.074219 0.226562 0.074219 0.226562 0.070312 0.228516 0.068359 0.230469 0.068359 0.234375 0.064453 0.238281 0.064453 0.238281 0.062500 0.240234 0.060547 0.240234 0.058594 0.236328 0.054688 0.234375 0.054688 0.226562 0.046875 0.226562 0.044922 0.224609 0.042969 0.224609 0.041016 0.222656 0.039062 0.220703 0.039062 0.218750 0.037109 0.218750 0.029297 0.224609 0.023438 0.236328 0.023438 0.238281 0.025391 0.244141 0.025391 0.246094 0.023438 0.248047 0.023438 0.250000 0.021484 0.251953 0.021484 0.253906 0.019531 0.255859 0.021484 0.255859 0.023438 0.261719 0.023438 0.263672 0.021484 0.263672 0.015625 0.261719 0.013672 0.261719 0.003906 0.265625 0.000000