0 0.525391 0.962891 0.525391 0.966797 0.521484 0.970703 0.521484 0.972656 0.517578 0.976562 0.517578 0.984375 0.519531 0.986328 0.519531 0.992188 0.574219 0.992188 0.574219 0.988281 0.572266 0.986328 0.570312 0.986328 0.566406 0.982422 0.564453 0.982422 0.562500 0.980469 0.562500 0.978516 0.554688 0.970703 0.539062 0.970703 0.537109 0.968750 0.535156 0.968750 0.529297 0.962891
0 0.697266 0.941406 0.693359 0.945312 0.693359 0.951172 0.697266 0.951172 0.699219 0.949219 0.701172 0.949219 0.701172 0.941406
0 0.767578 0.939453 0.767578 0.947266 0.771484 0.947266 0.775391 0.951172 0.781250 0.951172 0.781250 0.943359 0.775391 0.943359 0.771484 0.939453
0 0.736328 0.933594 0.732422 0.937500 0.732422 0.941406 0.738281 0.941406 0.740234 0.939453 0.742188 0.939453 0.742188 0.933594
0 0.810547 0.919922 0.806641 0.923828 0.804688 0.923828 0.804688 0.927734 0.810547 0.927734 0.812500 0.925781 0.814453 0.925781 0.814453 0.919922
0 0.685547 0.917969 0.681641 0.921875 0.681641 0.929688 0.685547 0.929688 0.689453 0.925781 0.691406 0.925781 0.691406 0.919922 0.689453 0.917969
0 0.236328 0.908203 0.236328 0.916016 0.232422 0.919922 0.234375 0.921875 0.234375 0.923828 0.232422 0.925781 0.232422 0.929688 0.234375 0.931641 0.234375 0.933594 0.232422 0.935547 0.228516 0.935547 0.226562 0.933594 0.224609 0.933594 0.218750 0.927734 0.216797 0.927734 0.210938 0.921875 0.210938 0.919922 0.208984 0.919922 0.207031 0.917969 0.207031 0.916016 0.203125 0.916016 0.201172 0.914062 0.193359 0.914062 0.191406 0.912109 0.179688 0.912109 0.177734 0.914062 0.175781 0.914062 0.175781 0.917969 0.173828 0.919922 0.173828 0.921875 0.171875 0.923828 0.171875 0.935547 0.167969 0.939453 0.166016 0.939453 0.166016 0.949219 0.164062 0.951172 0.164062 0.953125 0.162109 0.955078 0.160156 0.955078 0.162109 0.957031 0.162109 0.966797 0.164062 0.968750 0.166016 0.968750 0.167969 0.970703 0.169922 0.970703 0.171875 0.972656 0.173828 0.972656 0.177734 0.976562 0.177734 0.978516 0.175781 0.980469 0.175781 0.982422 0.177734 0.984375 0.177734 0.986328 0.177734 0.982422 0.179688 0.980469 0.181641 0.980469 0.183594 0.982422 0.185547 0.982422 0.189453 0.986328 0.189453 0.992188 0.269531 0.992188 0.269531 0.978516 0.267578 0.978516 0.263672 0.974609 0.263672 0.970703 0.259766 0.970703 0.257812 0.968750 0.257812 0.966797 0.255859 0.964844 0.255859 0.962891 0.253906 0.960938 0.251953 0.960938 0.248047 0.964844 0.246094 0.964844 0.244141 0.962891 0.238281 0.962891 0.236328 0.960938 0.238281 0.958984 0.236328 0.958984 0.234375 0.957031 0.234375 0.955078 0.238281 0.951172 0.244141 0.951172 0.246094 0.949219 0.248047 0.949219 0.250000 0.947266 0.253906 0.947266 0.255859 0.945312 0.261719 0.945312 0.263672 0.943359 0.275391 0.943359 0.273438 0.941406 0.273438 0.939453 0.275391 0.937500 0.277344 0.939453 0.285156 0.939453 0.285156 0.933594 0.283203 0.931641 0.283203 0.923828 0.285156 0.921875 0.285156 0.919922 0.281250 0.919922 0.279297 0.921875 0.273438 0.916016 0.271484 0.916016 0.269531 0.914062 0.269531 0.912109 0.257812 0.912109 0.255859 0.910156 0.248047 0.910156 0.246094 0.912109 0.242188 0.912109 0.238281 0.908203
0 0.884766 0.894531 0.882812 0.896484 0.880859 0.896484 0.880859 0.898438 0.878906 0.900391 0.857422 0.900391 0.857422 0.902344 0.855469 0.904297 0.849609 0.904297 0.845703 0.908203 0.845703 0.910156 0.843750 0.912109 0.841797 0.912109 0.843750 0.914062 0.843750 0.917969 0.837891 0.923828 0.835938 0.923828 0.833984 0.925781 0.833984 0.929688 0.832031 0.931641 0.830078 0.931641 0.826172 0.935547 0.826172 0.937500 0.824219 0.939453 0.822266 0.939453 0.822266 0.941406 0.820312 0.943359 0.820312 0.945312 0.814453 0.951172 0.814453 0.953125 0.816406 0.955078 0.812500 0.958984 0.810547 0.958984 0.808594 0.957031 0.798828 0.957031 0.796875 0.955078 0.794922 0.957031 0.791016 0.957031 0.783203 0.964844 0.783203 0.966797 0.781250 0.968750 0.781250 0.970703 0.779297 0.972656 0.779297 0.976562 0.777344 0.978516 0.775391 0.976562 0.775391 0.980469 0.773438 0.982422 0.773438 0.984375 0.775391 0.986328 0.775391 0.990234 0.773438 0.992188 0.960938 0.992188 0.960938 0.986328 0.958984 0.986328 0.957031 0.984375 0.957031 0.982422 0.955078 0.984375 0.951172 0.984375 0.949219 0.982422 0.949219 0.976562 0.953125 0.972656 0.955078 0.972656 0.957031 0.970703 0.955078 0.970703 0.953125 0.968750 0.953125 0.964844 0.951172 0.962891 0.953125 0.960938 0.949219 0.957031 0.947266 0.957031 0.943359 0.953125 0.943359 0.951172 0.941406 0.949219 0.941406 0.947266 0.937500 0.947266 0.933594 0.943359 0.933594 0.937500 0.935547 0.935547 0.935547 0.931641 0.933594 0.929688 0.933594 0.927734 0.931641 0.927734 0.929688 0.925781 0.927734 0.925781 0.925781 0.923828 0.923828 0.923828 0.917969 0.917969 0.917969 0.916016 0.916016 0.916016 0.914062 0.914062 0.912109 0.914062 0.910156 0.912109 0.908203 0.912109 0.904297 0.908203 0.900391 0.908203 0.898438 0.906250 0.898438 0.904297 0.896484 0.904297 0.894531 0.902344 0.894531 0.900391 0.892578 0.900391 0.886719 0.894531
0 0.011719 0.888672 0.009766 0.890625 0.007812 0.890625 0.005859 0.892578 0.001953 0.892578 0.000000 0.890625 0.000000 0.906250 0.001953 0.908203 0.005859 0.908203 0.007812 0.910156 0.015625 0.902344 0.015625 0.900391 0.019531 0.896484 0.017578 0.896484 0.015625 0.894531 0.015625 0.892578
0 0.667969 0.876953 0.667969 0.882812 0.669922 0.882812 0.671875 0.884766 0.671875 0.886719 0.673828 0.888672 0.673828 0.890625 0.669922 0.894531 0.669922 0.896484 0.667969 0.898438 0.666016 0.898438 0.664062 0.900391 0.662109 0.900391 0.662109 0.908203 0.664062 0.906250 0.667969 0.906250 0.669922 0.904297 0.673828 0.908203 0.673828 0.910156 0.675781 0.908203 0.675781 0.906250 0.679688 0.902344 0.683594 0.902344 0.683594 0.900391 0.687500 0.896484 0.683594 0.892578 0.683594 0.888672 0.681641 0.888672 0.679688 0.886719 0.679688 0.876953
0 0.093750 0.800781 0.093750 0.804688 0.091797 0.806641 0.091797 0.808594 0.093750 0.810547 0.093750 0.812500 0.099609 0.818359 0.097656 0.820312 0.101562 0.820312 0.103516 0.822266 0.105469 0.822266 0.107422 0.824219 0.109375 0.824219 0.109375 0.814453 0.107422 0.814453 0.103516 0.810547 0.103516 0.808594 0.101562 0.808594 0.097656 0.804688 0.097656 0.802734 0.095703 0.800781
0 0.416016 0.734375 0.414062 0.736328 0.416016 0.738281 0.419922 0.738281 0.421875 0.740234 0.421875 0.736328 0.419922 0.734375
0 0.748047 0.732422 0.744141 0.736328 0.742188 0.736328 0.742188 0.742188 0.746094 0.742188 0.748047 0.740234 0.750000 0.740234 0.751953 0.738281 0.751953 0.732422
0 0.748047 0.716797 0.746094 0.718750 0.746094 0.724609 0.750000 0.724609 0.753906 0.720703 0.753906 0.716797
0 0.724609 0.701172 0.716797 0.708984 0.716797 0.710938 0.705078 0.722656 0.705078 0.734375 0.707031 0.734375 0.708984 0.736328 0.708984 0.738281 0.710938 0.738281 0.712891 0.740234 0.714844 0.740234 0.716797 0.738281 0.718750 0.740234 0.720703 0.738281 0.722656 0.738281 0.722656 0.736328 0.724609 0.734375 0.726562 0.734375 0.730469 0.730469 0.734375 0.730469 0.734375 0.726562 0.738281 0.722656 0.738281 0.720703 0.736328 0.720703 0.734375 0.718750 0.736328 0.716797 0.736328 0.712891 0.732422 0.708984 0.732422 0.705078 0.728516 0.705078
0 0.242188 0.677734 0.240234 0.679688 0.240234 0.685547 0.244141 0.685547 0.248047 0.681641 0.248047 0.677734
0 0.482422 0.675781 0.480469 0.677734 0.478516 0.677734 0.474609 0.681641 0.472656 0.681641 0.470703 0.683594 0.470703 0.687500 0.468750 0.689453 0.460938 0.689453 0.458984 0.691406 0.457031 0.691406 0.455078 0.693359 0.453125 0.693359 0.449219 0.697266 0.447266 0.697266 0.445312 0.699219 0.441406 0.699219 0.439453 0.701172 0.433594 0.701172 0.433594 0.705078 0.431641 0.707031 0.431641 0.708984 0.427734 0.712891 0.423828 0.712891 0.423828 0.714844 0.421875 0.716797 0.421875 0.720703 0.419922 0.722656 0.427734 0.730469 0.425781 0.732422 0.429688 0.732422 0.431641 0.730469 0.433594 0.732422 0.435547 0.732422 0.437500 0.734375 0.435547 0.736328 0.441406 0.742188 0.441406 0.746094 0.447266 0.746094 0.449219 0.748047 0.451172 0.748047 0.455078 0.751953 0.455078 0.753906 0.458984 0.757812 0.457031 0.759766 0.457031 0.763672 0.458984 0.765625 0.460938 0.765625 0.462891 0.767578 0.464844 0.767578 0.466797 0.765625 0.470703 0.765625 0.474609 0.769531 0.480469 0.769531 0.484375 0.773438 0.484375 0.775391 0.488281 0.779297 0.488281 0.783203 0.490234 0.785156 0.492188 0.785156 0.494141 0.783203 0.496094 0.783203 0.498047 0.785156 0.501953 0.785156 0.505859 0.789062 0.509766 0.789062 0.511719 0.787109 0.517578 0.787109 0.519531 0.789062 0.533203 0.789062 0.535156 0.791016 0.535156 0.792969 0.537109 0.792969 0.539062 0.791016 0.541016 0.792969 0.544922 0.792969 0.544922 0.791016 0.546875 0.789062 0.548828 0.789062 0.550781 0.787109 0.552734 0.787109 0.554688 0.785156 0.556641 0.785156 0.558594 0.783203 0.560547 0.783203 0.562500 0.781250 0.570312 0.781250 0.570312 0.779297 0.572266 0.777344 0.574219 0.777344 0.576172 0.775391 0.580078 0.775391 0.582031 0.777344 0.582031 0.775391 0.583984 0.773438 0.585938 0.773438 0.587891 0.775391 0.587891 0.777344 0.589844 0.779297 0.591797 0.779297 0.593750 0.781250 0.597656 0.781250 0.599609 0.783203 0.599609 0.785156 0.609375 0.785156 0.611328 0.783203 0.613281 0.783203 0.615234 0.781250 0.632812 0.781250 0.632812 0.777344 0.634766 0.775391 0.638672 0.775391 0.644531 0.769531 0.644531 0.759766 0.640625 0.755859 0.642578 0.753906 0.642578 0.750000 0.640625 0.748047 0.640625 0.746094 0.634766 0.746094 0.632812 0.748047 0.621094 0.748047 0.621094 0.750000 0.619141 0.751953 0.617188 0.750000 0.617188 0.748047 0.615234 0.748047 0.615234 0.750000 0.611328 0.753906 0.611328 0.757812 0.609375 0.759766 0.605469 0.759766 0.603516 0.761719 0.601562 0.759766 0.599609 0.759766 0.597656 0.757812 0.597656 0.755859 0.595703 0.753906 0.595703 0.750000 0.593750 0.750000 0.591797 0.748047 0.589844 0.748047 0.587891 0.746094 0.587891 0.744141 0.589844 0.742188 0.589844 0.740234 0.595703 0.734375 0.599609 0.734375 0.597656 0.732422 0.597656 0.724609 0.595703 0.724609 0.593750 0.722656 0.593750 0.718750 0.591797 0.720703 0.589844 0.718750 0.589844 0.716797 0.587891 0.716797 0.585938 0.714844 0.585938 0.712891 0.576172 0.712891 0.574219 0.710938 0.574219 0.701172 0.552734 0.701172 0.550781 0.699219 0.550781 0.695312 0.544922 0.695312 0.542969 0.693359 0.541016 0.693359 0.537109 0.689453 0.517578 0.689453 0.517578 0.691406 0.515625 0.693359 0.513672 0.691406 0.511719 0.691406 0.509766 0.693359 0.507812 0.691406 0.501953 0.691406 0.500000 0.689453 0.496094 0.689453 0.492188 0.685547 0.492188 0.681641 0.490234 0.679688 0.488281 0.679688 0.486328 0.677734 0.484375 0.677734
0 0.693359 0.666016 0.691406 0.667969 0.689453 0.667969 0.681641 0.675781 0.679688 0.675781 0.677734 0.677734 0.673828 0.677734 0.673828 0.685547 0.675781 0.687500 0.677734 0.687500 0.681641 0.691406 0.681641 0.693359 0.685547 0.693359 0.687500 0.691406 0.687500 0.689453 0.689453 0.687500 0.693359 0.687500 0.693359 0.683594 0.695312 0.681641 0.697266 0.681641 0.703125 0.687500 0.703125 0.685547 0.707031 0.681641 0.708984 0.681641 0.708984 0.671875 0.707031 0.671875 0.703125 0.667969 0.703125 0.666016
0 0.109375 0.662109 0.105469 0.666016 0.099609 0.666016 0.099609 0.667969 0.095703 0.671875 0.095703 0.673828 0.089844 0.679688 0.089844 0.681641 0.091797 0.683594 0.087891 0.687500 0.089844 0.689453 0.091797 0.689453 0.095703 0.693359 0.095703 0.695312 0.093750 0.697266 0.095703 0.699219 0.107422 0.699219 0.109375 0.697266 0.115234 0.697266 0.119141 0.701172 0.125000 0.701172 0.128906 0.705078 0.128906 0.708984 0.126953 0.710938 0.125000 0.710938 0.125000 0.712891 0.123047 0.714844 0.123047 0.718750 0.119141 0.722656 0.113281 0.722656 0.111328 0.720703 0.107422 0.724609 0.105469 0.724609 0.103516 0.726562 0.103516 0.736328 0.105469 0.738281 0.105469 0.740234 0.107422 0.742188 0.107422 0.746094 0.105469 0.748047 0.095703 0.748047 0.095703 0.750000 0.093750 0.751953 0.091797 0.751953 0.089844 0.750000 0.087891 0.750000 0.085938 0.751953 0.085938 0.755859 0.087891 0.755859 0.093750 0.761719 0.093750 0.771484 0.095703 0.773438 0.095703 0.775391 0.097656 0.777344 0.105469 0.777344 0.107422 0.779297 0.107422 0.781250 0.109375 0.781250 0.115234 0.787109 0.117188 0.787109 0.119141 0.789062 0.117188 0.791016 0.111328 0.791016 0.111328 0.798828 0.113281 0.800781 0.113281 0.802734 0.115234 0.802734 0.117188 0.800781 0.121094 0.800781 0.123047 0.798828 0.138672 0.798828 0.140625 0.796875 0.148438 0.796875 0.150391 0.798828 0.152344 0.798828 0.152344 0.796875 0.154297 0.794922 0.156250 0.794922 0.158203 0.792969 0.166016 0.792969 0.167969 0.794922 0.169922 0.792969 0.173828 0.792969 0.173828 0.791016 0.175781 0.789062 0.173828 0.787109 0.177734 0.783203 0.181641 0.783203 0.183594 0.785156 0.185547 0.785156 0.187500 0.783203 0.191406 0.783203 0.193359 0.781250 0.201172 0.781250 0.201172 0.779297 0.203125 0.777344 0.203125 0.775391 0.201172 0.773438 0.201172 0.771484 0.203125 0.769531 0.205078 0.769531 0.207031 0.771484 0.210938 0.767578 0.210938 0.763672 0.216797 0.757812 0.218750 0.757812 0.218750 0.740234 0.214844 0.736328 0.214844 0.732422 0.210938 0.732422 0.208984 0.730469 0.207031 0.730469 0.205078 0.728516 0.205078 0.726562 0.203125 0.728516 0.199219 0.724609 0.189453 0.724609 0.185547 0.720703 0.185547 0.716797 0.177734 0.716797 0.175781 0.714844 0.171875 0.714844 0.169922 0.712891 0.167969 0.712891 0.166016 0.710938 0.166016 0.701172 0.169922 0.697266 0.171875 0.699219 0.173828 0.699219 0.175781 0.697266 0.175781 0.693359 0.179688 0.689453 0.185547 0.689453 0.187500 0.687500 0.189453 0.687500 0.191406 0.685547 0.193359 0.687500 0.195312 0.685547 0.195312 0.683594 0.197266 0.681641 0.197266 0.677734 0.195312 0.677734 0.193359 0.675781 0.193359 0.673828 0.185547 0.673828 0.183594 0.675781 0.177734 0.675781 0.175781 0.673828 0.171875 0.673828 0.169922 0.671875 0.169922 0.667969 0.166016 0.667969 0.164062 0.666016 0.162109 0.667969 0.160156 0.667969 0.158203 0.666016 0.152344 0.666016 0.152344 0.667969 0.148438 0.671875 0.146484 0.669922 0.144531 0.669922 0.142578 0.671875 0.140625 0.669922 0.134766 0.669922 0.130859 0.666016 0.121094 0.666016 0.119141 0.664062 0.117188 0.664062 0.115234 0.662109
0 0.400391 0.583984 0.398438 0.585938 0.394531 0.585938 0.390625 0.589844 0.388672 0.589844 0.388672 0.591797 0.386719 0.593750 0.384766 0.593750 0.382812 0.595703 0.376953 0.595703 0.376953 0.605469 0.375000 0.607422 0.375000 0.609375 0.373047 0.611328 0.367188 0.611328 0.363281 0.615234 0.361328 0.615234 0.359375 0.617188 0.357422 0.617188 0.355469 0.615234 0.353516 0.617188 0.353516 0.625000 0.351562 0.626953 0.351562 0.628906 0.347656 0.632812 0.347656 0.636719 0.349609 0.638672 0.349609 0.642578 0.353516 0.642578 0.357422 0.646484 0.357422 0.650391 0.361328 0.654297 0.367188 0.654297 0.369141 0.656250 0.371094 0.656250 0.375000 0.660156 0.378906 0.660156 0.380859 0.662109 0.380859 0.664062 0.384766 0.667969 0.384766 0.669922 0.388672 0.673828 0.388672 0.675781 0.386719 0.677734 0.384766 0.677734 0.384766 0.679688 0.382812 0.681641 0.384766 0.683594 0.384766 0.695312 0.386719 0.695312 0.388672 0.697266 0.396484 0.697266 0.404297 0.689453 0.406250 0.689453 0.408203 0.687500 0.410156 0.687500 0.410156 0.685547 0.414062 0.681641 0.416016 0.681641 0.417969 0.679688 0.419922 0.679688 0.423828 0.683594 0.423828 0.687500 0.443359 0.687500 0.445312 0.685547 0.445312 0.681641 0.447266 0.679688 0.447266 0.677734 0.449219 0.675781 0.449219 0.673828 0.451172 0.671875 0.451172 0.666016 0.453125 0.664062 0.453125 0.662109 0.460938 0.654297 0.460938 0.648438 0.458984 0.648438 0.457031 0.646484 0.457031 0.642578 0.451172 0.636719 0.441406 0.636719 0.439453 0.634766 0.439453 0.630859 0.435547 0.630859 0.431641 0.626953 0.431641 0.621094 0.425781 0.615234 0.425781 0.607422 0.423828 0.605469 0.419922 0.605469 0.417969 0.603516 0.417969 0.593750 0.416016 0.591797 0.416016 0.589844 0.414062 0.587891 0.414062 0.583984
0 0.869141 0.576172 0.869141 0.580078 0.867188 0.582031 0.865234 0.582031 0.865234 0.585938 0.863281 0.587891 0.861328 0.587891 0.859375 0.589844 0.859375 0.591797 0.857422 0.593750 0.857422 0.597656 0.861328 0.601562 0.861328 0.603516 0.863281 0.605469 0.867188 0.605469 0.869141 0.607422 0.873047 0.607422 0.875000 0.605469 0.886719 0.605469 0.886719 0.603516 0.890625 0.599609 0.892578 0.599609 0.892578 0.597656 0.890625 0.595703 0.886719 0.595703 0.884766 0.597656 0.882812 0.597656 0.878906 0.593750 0.878906 0.583984 0.880859 0.582031 0.884766 0.582031 0.886719 0.580078 0.884766 0.580078 0.882812 0.578125 0.878906 0.578125 0.876953 0.580078 0.875000 0.578125 0.871094 0.578125
0 0.697266 0.541016 0.697266 0.542969 0.695312 0.544922 0.695312 0.546875 0.693359 0.548828 0.693359 0.550781 0.691406 0.552734 0.691406 0.554688 0.689453 0.556641 0.687500 0.554688 0.685547 0.556641 0.685547 0.558594 0.679688 0.564453 0.673828 0.564453 0.671875 0.562500 0.671875 0.560547 0.666016 0.560547 0.664062 0.558594 0.660156 0.558594 0.660156 0.560547 0.658203 0.562500 0.656250 0.562500 0.656250 0.566406 0.658203 0.568359 0.656250 0.570312 0.656250 0.585938 0.660156 0.589844 0.660156 0.591797 0.662109 0.591797 0.664062 0.593750 0.664062 0.601562 0.666016 0.601562 0.667969 0.603516 0.673828 0.603516 0.677734 0.599609 0.677734 0.597656 0.679688 0.595703 0.681641 0.595703 0.683594 0.597656 0.691406 0.597656 0.699219 0.605469 0.718750 0.605469 0.720703 0.607422 0.726562 0.607422 0.730469 0.603516 0.732422 0.603516 0.738281 0.597656 0.738281 0.587891 0.740234 0.585938 0.740234 0.582031 0.738281 0.580078 0.738281 0.576172 0.736328 0.574219 0.734375 0.574219 0.732422 0.572266 0.730469 0.572266 0.728516 0.570312 0.728516 0.568359 0.726562 0.566406 0.726562 0.564453 0.722656 0.560547 0.720703 0.560547 0.716797 0.556641 0.716797 0.550781 0.714844 0.548828 0.708984 0.548828 0.707031 0.546875 0.705078 0.546875 0.701172 0.542969 0.701172 0.541016 0.699219 0.542969
0 0.046875 0.509766 0.044922 0.511719 0.042969 0.511719 0.041016 0.513672 0.015625 0.513672 0.013672 0.515625 0.009766 0.515625 0.003906 0.521484 0.000000 0.521484 0.000000 0.617188 0.001953 0.619141 0.001953 0.621094 0.011719 0.621094 0.011719 0.619141 0.013672 0.617188 0.017578 0.617188 0.019531 0.615234 0.021484 0.615234 0.023438 0.617188 0.027344 0.617188 0.029297 0.619141 0.031250 0.619141 0.035156 0.623047 0.035156 0.626953 0.037109 0.628906 0.037109 0.632812 0.035156 0.634766 0.033203 0.634766 0.033203 0.640625 0.031250 0.642578 0.025391 0.642578 0.025391 0.652344 0.023438 0.654297 0.017578 0.654297 0.017578 0.658203 0.013672 0.662109 0.013672 0.666016 0.011719 0.667969 0.011719 0.679688 0.015625 0.683594 0.015625 0.685547 0.017578 0.687500 0.019531 0.687500 0.021484 0.685547 0.025391 0.685547 0.027344 0.687500 0.033203 0.687500 0.037109 0.683594 0.039062 0.683594 0.041016 0.681641 0.042969 0.681641 0.044922 0.679688 0.046875 0.679688 0.048828 0.677734 0.056641 0.677734 0.058594 0.679688 0.060547 0.677734 0.064453 0.677734 0.064453 0.667969 0.060547 0.667969 0.058594 0.666016 0.058594 0.664062 0.056641 0.664062 0.054688 0.662109 0.054688 0.656250 0.056641 0.654297 0.058594 0.654297 0.060547 0.652344 0.060547 0.650391 0.058594 0.648438 0.058594 0.646484 0.060547 0.644531 0.062500 0.644531 0.064453 0.642578 0.066406 0.642578 0.068359 0.640625 0.070312 0.640625 0.070312 0.638672 0.074219 0.634766 0.074219 0.632812 0.076172 0.630859 0.078125 0.630859 0.080078 0.628906 0.082031 0.628906 0.082031 0.621094 0.085938 0.617188 0.089844 0.617188 0.091797 0.615234 0.097656 0.615234 0.099609 0.617188 0.099609 0.615234 0.101562 0.613281 0.103516 0.615234 0.103516 0.613281 0.105469 0.611328 0.107422 0.611328 0.113281 0.605469 0.128906 0.605469 0.128906 0.601562 0.136719 0.593750 0.138672 0.593750 0.138672 0.591797 0.134766 0.587891 0.134766 0.585938 0.132812 0.583984 0.130859 0.583984 0.128906 0.582031 0.128906 0.568359 0.126953 0.570312 0.125000 0.570312 0.123047 0.568359 0.123047 0.564453 0.121094 0.562500 0.121094 0.560547 0.119141 0.560547 0.117188 0.558594 0.117188 0.554688 0.115234 0.556641 0.105469 0.556641 0.103516 0.554688 0.103516 0.552734 0.101562 0.550781 0.101562 0.548828 0.097656 0.548828 0.095703 0.546875 0.095703 0.542969 0.093750 0.541016 0.093750 0.539062 0.085938 0.539062 0.082031 0.535156 0.082031 0.525391 0.080078 0.523438 0.080078 0.521484 0.074219 0.521484 0.072266 0.519531 0.068359 0.519531 0.066406 0.517578 0.066406 0.513672 0.064453 0.513672 0.060547 0.509766
0 0.947266 0.494141 0.941406 0.500000 0.937500 0.500000 0.937500 0.505859 0.935547 0.507812 0.933594 0.507812 0.933594 0.513672 0.931641 0.515625 0.931641 0.517578 0.927734 0.521484 0.925781 0.521484 0.927734 0.523438 0.929688 0.521484 0.933594 0.521484 0.935547 0.523438 0.935547 0.525391 0.937500 0.525391 0.939453 0.527344 0.933594 0.533203 0.933594 0.535156 0.931641 0.537109 0.927734 0.537109 0.925781 0.539062 0.923828 0.537109 0.919922 0.537109 0.917969 0.535156 0.917969 0.533203 0.916016 0.531250 0.914062 0.531250 0.912109 0.529297 0.912109 0.527344 0.910156 0.525391 0.910156 0.517578 0.906250 0.513672 0.906250 0.511719 0.900391 0.505859 0.892578 0.505859 0.888672 0.509766 0.886719 0.509766 0.886719 0.513672 0.888672 0.515625 0.888672 0.519531 0.882812 0.525391 0.882812 0.527344 0.880859 0.529297 0.882812 0.529297 0.884766 0.531250 0.884766 0.533203 0.886719 0.535156 0.884766 0.537109 0.882812 0.537109 0.882812 0.541016 0.880859 0.542969 0.878906 0.542969 0.876953 0.541016 0.876953 0.542969 0.875000 0.544922 0.876953 0.544922 0.878906 0.546875 0.878906 0.548828 0.880859 0.550781 0.880859 0.552734 0.884766 0.552734 0.888672 0.556641 0.888672 0.560547 0.898438 0.570312 0.898438 0.576172 0.902344 0.576172 0.906250 0.580078 0.906250 0.582031 0.908203 0.583984 0.910156 0.583984 0.916016 0.589844 0.917969 0.587891 0.921875 0.587891 0.923828 0.585938 0.929688 0.585938 0.931641 0.583984 0.933594 0.583984 0.935547 0.582031 0.939453 0.582031 0.939453 0.580078 0.941406 0.578125 0.953125 0.578125 0.955078 0.580078 0.955078 0.583984 0.953125 0.585938 0.951172 0.585938 0.945312 0.591797 0.943359 0.589844 0.941406 0.591797 0.939453 0.591797 0.935547 0.595703 0.931641 0.595703 0.929688 0.593750 0.927734 0.593750 0.927734 0.597656 0.925781 0.599609 0.923828 0.599609 0.919922 0.603516 0.919922 0.607422 0.917969 0.609375 0.917969 0.611328 0.916016 0.613281 0.914062 0.613281 0.912109 0.615234 0.912109 0.617188 0.908203 0.621094 0.904297 0.621094 0.902344 0.619141 0.898438 0.619141 0.894531 0.623047 0.894531 0.628906 0.888672 0.634766 0.888672 0.638672 0.886719 0.640625 0.884766 0.640625 0.882812 0.642578 0.880859 0.642578 0.880859 0.654297 0.878906 0.656250 0.878906 0.667969 0.880859 0.669922 0.880859 0.679688 0.875000 0.685547 0.873047 0.685547 0.869141 0.689453 0.869141 0.701172 0.867188 0.703125 0.867188 0.710938 0.863281 0.714844 0.857422 0.708984 0.853516 0.712891 0.853516 0.714844 0.849609 0.718750 0.849609 0.724609 0.847656 0.726562 0.849609 0.728516 0.851562 0.726562 0.853516 0.728516 0.853516 0.730469 0.851562 0.732422 0.851562 0.734375 0.857422 0.740234 0.857422 0.746094 0.863281 0.751953 0.863281 0.753906 0.861328 0.755859 0.861328 0.757812 0.865234 0.753906 0.863281 0.751953 0.867188 0.748047 0.867188 0.746094 0.865234 0.746094 0.863281 0.744141 0.863281 0.742188 0.865234 0.740234 0.865234 0.738281 0.867188 0.736328 0.867188 0.726562 0.865234 0.726562 0.863281 0.724609 0.867188 0.720703 0.869141 0.720703 0.871094 0.722656 0.873047 0.722656 0.873047 0.720703 0.875000 0.718750 0.876953 0.720703 0.876953 0.722656 0.878906 0.724609 0.880859 0.724609 0.886719 0.730469 0.890625 0.730469 0.892578 0.732422 0.892578 0.738281 0.894531 0.740234 0.898438 0.736328 0.902344 0.740234 0.904297 0.738281 0.906250 0.738281 0.914062 0.730469 0.916016 0.732422 0.916016 0.734375 0.914062 0.736328 0.914062 0.738281 0.916016 0.740234 0.912109 0.744141 0.906250 0.744141 0.904297 0.746094 0.904297 0.750000 0.902344 0.751953 0.902344 0.755859 0.904297 0.757812 0.906250 0.757812 0.908203 0.755859 0.910156 0.757812 0.910156 0.763672 0.906250 0.767578 0.906250 0.769531 0.904297 0.771484 0.904297 0.781250 0.902344 0.783203 0.902344 0.785156 0.900391 0.787109 0.900391 0.789062 0.898438 0.791016 0.896484 0.791016 0.894531 0.789062 0.890625 0.789062 0.890625 0.796875 0.904297 0.796875 0.906250 0.798828 0.906250 0.804688 0.916016 0.804688 0.917969 0.806641 0.923828 0.806641 0.925781 0.804688 0.927734 0.804688 0.929688 0.802734 0.931641 0.802734 0.935547 0.806641 0.939453 0.806641 0.939453 0.804688 0.941406 0.802734 0.945312 0.802734 0.947266 0.804688 0.947266 0.808594 0.949219 0.810547 0.949219 0.814453 0.953125 0.818359 0.953125 0.820312 0.955078 0.822266 0.955078 0.824219 0.957031 0.824219 0.958984 0.826172 0.958984 0.828125 0.960938 0.828125 0.966797 0.833984 0.966797 0.839844 0.964844 0.841797 0.962891 0.841797 0.962891 0.851562 0.968750 0.851562 0.970703 0.849609 0.970703 0.847656 0.974609 0.843750 0.978516 0.843750 0.976562 0.841797 0.976562 0.839844 0.978516 0.837891 0.978516 0.835938 0.980469 0.833984 0.982422 0.835938 0.988281 0.835938 0.990234 0.833984 0.990234 0.830078 0.988281 0.828125 0.990234 0.826172 0.990234 0.820312 0.992188 0.818359 0.992188 0.607422 0.988281 0.607422 0.984375 0.603516 0.984375 0.601562 0.980469 0.597656 0.980469 0.595703 0.978516 0.595703 0.972656 0.589844 0.976562 0.585938 0.978516 0.585938 0.976562 0.583984 0.978516 0.582031 0.978516 0.580078 0.980469 0.578125 0.980469 0.576172 0.978516 0.576172 0.976562 0.574219 0.976562 0.572266 0.982422 0.566406 0.982422 0.562500 0.984375 0.560547 0.984375 0.558594 0.978516 0.552734 0.980469 0.550781 0.976562 0.546875 0.976562 0.539062 0.972656 0.535156 0.972656 0.525391 0.970703 0.523438 0.968750 0.523438 0.966797 0.521484 0.966797 0.519531 0.964844 0.517578 0.962891 0.519531 0.957031 0.513672 0.957031 0.507812 0.953125 0.503906 0.953125 0.501953 0.949219 0.498047 0.949219 0.494141
0 0.412109 0.474609 0.410156 0.476562 0.408203 0.476562 0.406250 0.478516 0.402344 0.478516 0.404297 0.480469 0.404297 0.484375 0.398438 0.490234 0.384766 0.490234 0.382812 0.488281 0.382812 0.486328 0.376953 0.486328 0.371094 0.492188 0.371094 0.496094 0.369141 0.498047 0.369141 0.500000 0.367188 0.501953 0.367188 0.503906 0.369141 0.505859 0.367188 0.507812 0.365234 0.507812 0.365234 0.511719 0.369141 0.511719 0.373047 0.515625 0.373047 0.517578 0.376953 0.521484 0.376953 0.523438 0.394531 0.523438 0.396484 0.525391 0.398438 0.525391 0.400391 0.527344 0.400391 0.533203 0.402344 0.535156 0.414062 0.535156 0.421875 0.527344 0.421875 0.521484 0.423828 0.519531 0.423828 0.513672 0.421875 0.511719 0.421875 0.500000 0.419922 0.498047 0.419922 0.486328 0.421875 0.484375 0.419922 0.482422 0.421875 0.480469 0.419922 0.480469 0.417969 0.478516 0.417969 0.474609 0.416016 0.476562 0.414062 0.474609
0 0.904297 0.392578 0.904297 0.394531 0.902344 0.396484 0.898438 0.396484 0.896484 0.398438 0.894531 0.398438 0.890625 0.402344 0.882812 0.402344 0.880859 0.400391 0.878906 0.402344 0.878906 0.404297 0.871094 0.412109 0.869141 0.410156 0.867188 0.410156 0.869141 0.412109 0.869141 0.421875 0.871094 0.421875 0.873047 0.423828 0.875000 0.423828 0.878906 0.427734 0.880859 0.427734 0.882812 0.429688 0.882812 0.437500 0.880859 0.439453 0.882812 0.441406 0.882812 0.445312 0.880859 0.447266 0.880859 0.451172 0.878906 0.453125 0.876953 0.453125 0.873047 0.457031 0.871094 0.455078 0.869141 0.457031 0.867188 0.457031 0.869141 0.458984 0.869141 0.462891 0.865234 0.466797 0.863281 0.466797 0.861328 0.464844 0.857422 0.468750 0.861328 0.472656 0.861328 0.476562 0.859375 0.478516 0.859375 0.480469 0.857422 0.482422 0.857422 0.486328 0.855469 0.488281 0.855469 0.490234 0.857422 0.488281 0.859375 0.488281 0.861328 0.486328 0.869141 0.486328 0.871094 0.484375 0.875000 0.484375 0.876953 0.482422 0.878906 0.484375 0.878906 0.492188 0.876953 0.494141 0.875000 0.494141 0.875000 0.496094 0.876953 0.498047 0.876953 0.500000 0.882812 0.500000 0.884766 0.498047 0.888672 0.498047 0.892578 0.494141 0.892578 0.492188 0.894531 0.490234 0.896484 0.490234 0.898438 0.492188 0.900391 0.492188 0.902344 0.490234 0.904297 0.490234 0.908203 0.494141 0.916016 0.494141 0.917969 0.492188 0.921875 0.492188 0.923828 0.490234 0.933594 0.490234 0.935547 0.488281 0.935547 0.486328 0.937500 0.484375 0.941406 0.484375 0.945312 0.480469 0.945312 0.478516 0.947266 0.476562 0.955078 0.476562 0.957031 0.478516 0.976562 0.478516 0.978516 0.476562 0.982422 0.476562 0.984375 0.474609 0.986328 0.474609 0.986328 0.472656 0.990234 0.468750 0.992188 0.470703 0.992188 0.427734 0.990234 0.425781 0.990234 0.423828 0.988281 0.423828 0.986328 0.421875 0.980469 0.421875 0.978516 0.419922 0.976562 0.419922 0.972656 0.416016 0.972656 0.414062 0.970703 0.412109 0.970703 0.408203 0.968750 0.410156 0.966797 0.408203 0.958984 0.408203 0.957031 0.406250 0.953125 0.406250 0.951172 0.404297 0.951172 0.402344 0.947266 0.402344 0.945312 0.400391 0.943359 0.400391 0.941406 0.402344 0.939453 0.402344 0.937500 0.400391 0.937500 0.398438 0.935547 0.400391 0.921875 0.400391 0.919922 0.398438 0.919922 0.396484 0.917969 0.394531 0.914062 0.394531 0.912109 0.392578
0 0.748047 0.371094 0.746094 0.373047 0.740234 0.373047 0.740234 0.378906 0.734375 0.384766 0.728516 0.384766 0.726562 0.386719 0.722656 0.386719 0.720703 0.384766 0.714844 0.384766 0.714844 0.386719 0.716797 0.388672 0.716797 0.390625 0.720703 0.394531 0.720703 0.400391 0.722656 0.402344 0.722656 0.404297 0.724609 0.402344 0.726562 0.404297 0.726562 0.406250 0.724609 0.408203 0.724609 0.410156 0.720703 0.414062 0.720703 0.416016 0.718750 0.417969 0.716797 0.417969 0.712891 0.421875 0.712891 0.427734 0.716797 0.427734 0.720703 0.431641 0.720703 0.435547 0.716797 0.439453 0.716797 0.453125 0.714844 0.455078 0.712891 0.455078 0.708984 0.458984 0.708984 0.468750 0.710938 0.470703 0.708984 0.472656 0.708984 0.474609 0.710938 0.474609 0.714844 0.478516 0.714844 0.480469 0.712891 0.482422 0.710938 0.480469 0.707031 0.480469 0.705078 0.482422 0.705078 0.488281 0.707031 0.488281 0.708984 0.490234 0.707031 0.492188 0.707031 0.494141 0.708984 0.494141 0.708984 0.492188 0.710938 0.490234 0.710938 0.486328 0.714844 0.482422 0.716797 0.482422 0.718750 0.480469 0.720703 0.480469 0.722656 0.478516 0.724609 0.480469 0.724609 0.482422 0.728516 0.486328 0.726562 0.488281 0.728516 0.490234 0.728516 0.492188 0.726562 0.494141 0.722656 0.494141 0.722656 0.496094 0.726562 0.496094 0.728516 0.498047 0.730469 0.496094 0.732422 0.496094 0.732422 0.492188 0.734375 0.490234 0.736328 0.490234 0.738281 0.492188 0.738281 0.494141 0.740234 0.496094 0.740234 0.501953 0.742188 0.500000 0.744141 0.500000 0.746094 0.501953 0.746094 0.503906 0.750000 0.507812 0.753906 0.507812 0.755859 0.505859 0.759766 0.505859 0.761719 0.503906 0.765625 0.503906 0.769531 0.500000 0.771484 0.500000 0.771484 0.498047 0.773438 0.496094 0.773438 0.494141 0.771484 0.496094 0.769531 0.494141 0.769531 0.492188 0.767578 0.490234 0.767578 0.488281 0.765625 0.488281 0.759766 0.482422 0.761719 0.480469 0.761719 0.478516 0.763672 0.476562 0.765625 0.476562 0.767578 0.474609 0.769531 0.476562 0.771484 0.476562 0.775391 0.480469 0.781250 0.480469 0.783203 0.482422 0.783203 0.486328 0.785156 0.488281 0.785156 0.490234 0.787109 0.492188 0.787109 0.496094 0.789062 0.496094 0.791016 0.498047 0.791016 0.500000 0.794922 0.500000 0.796875 0.498047 0.798828 0.500000 0.798828 0.503906 0.800781 0.503906 0.804688 0.500000 0.806641 0.500000 0.806641 0.498047 0.808594 0.496094 0.808594 0.490234 0.810547 0.488281 0.812500 0.488281 0.814453 0.490234 0.814453 0.492188 0.816406 0.492188 0.820312 0.488281 0.824219 0.488281 0.824219 0.486328 0.822266 0.486328 0.820312 0.484375 0.820312 0.480469 0.822266 0.478516 0.822266 0.476562 0.828125 0.470703 0.828125 0.468750 0.830078 0.466797 0.832031 0.466797 0.832031 0.462891 0.830078 0.462891 0.828125 0.460938 0.826172 0.460938 0.822266 0.457031 0.820312 0.457031 0.814453 0.451172 0.814453 0.449219 0.818359 0.445312 0.818359 0.443359 0.822266 0.439453 0.824219 0.439453 0.828125 0.435547 0.828125 0.431641 0.830078 0.429688 0.832031 0.429688 0.832031 0.425781 0.835938 0.421875 0.837891 0.421875 0.839844 0.419922 0.841797 0.419922 0.843750 0.417969 0.841797 0.416016 0.841797 0.414062 0.837891 0.410156 0.839844 0.408203 0.833984 0.408203 0.832031 0.410156 0.830078 0.410156 0.828125 0.408203 0.826172 0.410156 0.824219 0.408203 0.820312 0.408203 0.818359 0.406250 0.816406 0.406250 0.814453 0.404297 0.814453 0.396484 0.818359 0.392578 0.816406 0.390625 0.814453 0.390625 0.812500 0.388672 0.812500 0.384766 0.810547 0.386719 0.808594 0.386719 0.808594 0.394531 0.802734 0.400391 0.800781 0.400391 0.800781 0.402344 0.796875 0.406250 0.794922 0.404297 0.794922 0.402344 0.796875 0.400391 0.792969 0.400391 0.791016 0.402344 0.789062 0.402344 0.787109 0.404297 0.785156 0.402344 0.779297 0.402344 0.777344 0.400391 0.775391 0.402344 0.775391 0.404297 0.777344 0.406250 0.775391 0.408203 0.769531 0.408203 0.767578 0.406250 0.765625 0.406250 0.763672 0.404297 0.761719 0.404297 0.759766 0.402344 0.759766 0.398438 0.761719 0.396484 0.761719 0.386719 0.767578 0.380859 0.767578 0.375000 0.763672 0.375000 0.761719 0.373047 0.755859 0.373047 0.753906 0.371094 0.751953 0.373047 0.750000 0.373047
0 0.425781 0.361328 0.423828 0.363281 0.421875 0.363281 0.419922 0.365234 0.417969 0.365234 0.416016 0.367188 0.412109 0.367188 0.412109 0.380859 0.410156 0.382812 0.404297 0.382812 0.402344 0.384766 0.392578 0.384766 0.390625 0.386719 0.388672 0.386719 0.386719 0.388672 0.384766 0.386719 0.382812 0.388672 0.382812 0.390625 0.380859 0.392578 0.378906 0.390625 0.378906 0.388672 0.375000 0.388672 0.373047 0.386719 0.373047 0.384766 0.369141 0.384766 0.367188 0.382812 0.365234 0.382812 0.359375 0.388672 0.357422 0.386719 0.353516 0.386719 0.359375 0.392578 0.361328 0.392578 0.365234 0.396484 0.365234 0.400391 0.367188 0.402344 0.367188 0.404297 0.371094 0.404297 0.373047 0.406250 0.375000 0.404297 0.376953 0.404297 0.378906 0.402344 0.378906 0.400391 0.376953 0.398438 0.376953 0.394531 0.378906 0.392578 0.382812 0.392578 0.384766 0.394531 0.384766 0.396484 0.386719 0.398438 0.386719 0.400391 0.388672 0.402344 0.388672 0.404297 0.392578 0.408203 0.394531 0.408203 0.396484 0.410156 0.398438 0.410156 0.400391 0.408203 0.402344 0.408203 0.404297 0.406250 0.410156 0.406250 0.410156 0.404297 0.412109 0.402344 0.412109 0.400391 0.414062 0.398438 0.416016 0.400391 0.423828 0.400391 0.427734 0.396484 0.431641 0.396484 0.433594 0.398438 0.439453 0.398438 0.441406 0.400391 0.445312 0.400391 0.447266 0.402344 0.453125 0.402344 0.453125 0.398438 0.455078 0.396484 0.455078 0.388672 0.458984 0.384766 0.458984 0.380859 0.455078 0.376953 0.455078 0.375000 0.447266 0.367188 0.447266 0.365234 0.445312 0.363281 0.445312 0.361328
0 0.837891 0.349609 0.832031 0.355469 0.832031 0.363281 0.830078 0.365234 0.830078 0.371094 0.832031 0.373047 0.833984 0.373047 0.839844 0.378906 0.843750 0.378906 0.851562 0.386719 0.857422 0.386719 0.857422 0.378906 0.863281 0.373047 0.867188 0.373047 0.871094 0.369141 0.869141 0.367188 0.869141 0.359375 0.863281 0.359375 0.861328 0.361328 0.851562 0.361328 0.849609 0.359375 0.849609 0.357422 0.847656 0.355469 0.847656 0.351562 0.845703 0.351562 0.843750 0.349609
0 0.271484 0.312500 0.269531 0.314453 0.269531 0.316406 0.267578 0.318359 0.265625 0.318359 0.263672 0.316406 0.261719 0.318359 0.259766 0.318359 0.259766 0.322266 0.257812 0.324219 0.255859 0.324219 0.253906 0.326172 0.248047 0.326172 0.248047 0.330078 0.246094 0.332031 0.246094 0.335938 0.244141 0.337891 0.244141 0.339844 0.246094 0.341797 0.246094 0.343750 0.244141 0.345703 0.242188 0.345703 0.240234 0.343750 0.240234 0.341797 0.238281 0.343750 0.238281 0.345703 0.236328 0.347656 0.238281 0.347656 0.240234 0.349609 0.240234 0.351562 0.242188 0.353516 0.244141 0.353516 0.246094 0.355469 0.246094 0.357422 0.248047 0.359375 0.251953 0.359375 0.255859 0.363281 0.269531 0.363281 0.271484 0.365234 0.271484 0.367188 0.273438 0.367188 0.275391 0.369141 0.279297 0.369141 0.283203 0.365234 0.285156 0.365234 0.285156 0.363281 0.287109 0.361328 0.289062 0.361328 0.291016 0.359375 0.292969 0.359375 0.292969 0.357422 0.291016 0.355469 0.291016 0.353516 0.289062 0.351562 0.289062 0.349609 0.287109 0.349609 0.285156 0.347656 0.285156 0.339844 0.291016 0.333984 0.292969 0.335938 0.292969 0.326172 0.289062 0.326172 0.287109 0.324219 0.285156 0.326172 0.283203 0.326172 0.279297 0.322266 0.279297 0.320312 0.277344 0.318359 0.277344 0.316406 0.275391 0.314453 0.273438 0.314453
0 0.121094 0.300781 0.119141 0.302734 0.117188 0.302734 0.115234 0.304688 0.113281 0.304688 0.111328 0.306641 0.109375 0.306641 0.109375 0.312500 0.111328 0.314453 0.111328 0.318359 0.121094 0.318359 0.123047 0.316406 0.125000 0.316406 0.126953 0.314453 0.128906 0.314453 0.130859 0.312500 0.134766 0.312500 0.134766 0.308594 0.130859 0.304688 0.130859 0.300781
0 0.273438 0.291016 0.273438 0.296875 0.271484 0.298828 0.267578 0.298828 0.265625 0.296875 0.259766 0.296875 0.259766 0.310547 0.261719 0.308594 0.265625 0.308594 0.267578 0.306641 0.269531 0.306641 0.273438 0.302734 0.273438 0.300781 0.277344 0.296875 0.275391 0.294922 0.275391 0.292969
0 0.871094 0.179688 0.869141 0.181641 0.869141 0.185547 0.871094 0.187500 0.871094 0.197266 0.873047 0.199219 0.873047 0.201172 0.878906 0.201172 0.880859 0.199219 0.882812 0.199219 0.882812 0.197266 0.886719 0.193359 0.886719 0.191406 0.888672 0.189453 0.888672 0.187500 0.886719 0.187500 0.884766 0.185547 0.882812 0.185547 0.878906 0.181641 0.873047 0.181641
0 0.369141 0.169922 0.367188 0.171875 0.365234 0.171875 0.363281 0.173828 0.359375 0.173828 0.359375 0.177734 0.355469 0.181641 0.355469 0.183594 0.351562 0.187500 0.351562 0.189453 0.349609 0.191406 0.349609 0.193359 0.347656 0.195312 0.347656 0.197266 0.345703 0.199219 0.339844 0.199219 0.337891 0.197266 0.335938 0.197266 0.332031 0.201172 0.332031 0.207031 0.330078 0.208984 0.330078 0.210938 0.332031 0.212891 0.326172 0.218750 0.324219 0.218750 0.322266 0.220703 0.322266 0.222656 0.318359 0.226562 0.318359 0.228516 0.316406 0.230469 0.314453 0.230469 0.314453 0.238281 0.316406 0.240234 0.316406 0.242188 0.314453 0.244141 0.312500 0.244141 0.312500 0.246094 0.310547 0.248047 0.306641 0.248047 0.306641 0.253906 0.302734 0.257812 0.296875 0.257812 0.292969 0.261719 0.292969 0.263672 0.289062 0.267578 0.287109 0.267578 0.285156 0.269531 0.283203 0.267578 0.279297 0.267578 0.279297 0.273438 0.283203 0.277344 0.285156 0.277344 0.287109 0.279297 0.289062 0.279297 0.291016 0.281250 0.292969 0.281250 0.294922 0.283203 0.294922 0.285156 0.296875 0.287109 0.296875 0.294922 0.294922 0.296875 0.294922 0.304688 0.296875 0.306641 0.294922 0.308594 0.294922 0.310547 0.296875 0.312500 0.296875 0.314453 0.300781 0.318359 0.306641 0.318359 0.310547 0.314453 0.312500 0.314453 0.314453 0.312500 0.320312 0.312500 0.320312 0.310547 0.318359 0.310547 0.316406 0.308594 0.316406 0.302734 0.318359 0.300781 0.318359 0.296875 0.322266 0.292969 0.324219 0.292969 0.324219 0.291016 0.326172 0.289062 0.330078 0.289062 0.332031 0.291016 0.332031 0.292969 0.333984 0.294922 0.333984 0.298828 0.335938 0.296875 0.337891 0.296875 0.339844 0.298828 0.341797 0.298828 0.343750 0.296875 0.345703 0.298828 0.345703 0.300781 0.349609 0.300781 0.351562 0.298828 0.353516 0.300781 0.359375 0.300781 0.361328 0.298828 0.363281 0.298828 0.365234 0.300781 0.369141 0.300781 0.373047 0.304688 0.373047 0.306641 0.371094 0.308594 0.371094 0.310547 0.373047 0.312500 0.375000 0.312500 0.378906 0.316406 0.376953 0.318359 0.378906 0.320312 0.378906 0.322266 0.382812 0.326172 0.382812 0.330078 0.384766 0.332031 0.384766 0.333984 0.386719 0.333984 0.390625 0.337891 0.388672 0.339844 0.388672 0.341797 0.390625 0.343750 0.388672 0.345703 0.388672 0.347656 0.390625 0.349609 0.392578 0.349609 0.394531 0.351562 0.398438 0.351562 0.400391 0.353516 0.400391 0.359375 0.402344 0.359375 0.406250 0.355469 0.408203 0.357422 0.410156 0.357422 0.412109 0.355469 0.414062 0.355469 0.416016 0.353516 0.417969 0.353516 0.417969 0.349609 0.419922 0.347656 0.423828 0.347656 0.427734 0.343750 0.427734 0.341797 0.431641 0.337891 0.433594 0.337891 0.435547 0.335938 0.437500 0.337891 0.439453 0.335938 0.441406 0.337891 0.445312 0.337891 0.447266 0.339844 0.447266 0.341797 0.457031 0.341797 0.464844 0.333984 0.464844 0.330078 0.466797 0.328125 0.466797 0.324219 0.468750 0.322266 0.468750 0.316406 0.472656 0.312500 0.474609 0.312500 0.476562 0.310547 0.478516 0.312500 0.480469 0.312500 0.480469 0.302734 0.482422 0.300781 0.486328 0.300781 0.486328 0.296875 0.492188 0.291016 0.492188 0.281250 0.490234 0.279297 0.486328 0.279297 0.484375 0.281250 0.482422 0.279297 0.482422 0.275391 0.478516 0.275391 0.474609 0.279297 0.470703 0.279297 0.470703 0.283203 0.468750 0.285156 0.464844 0.285156 0.462891 0.287109 0.462891 0.289062 0.460938 0.291016 0.451172 0.291016 0.449219 0.292969 0.447266 0.291016 0.443359 0.291016 0.441406 0.292969 0.439453 0.292969 0.435547 0.289062 0.435547 0.287109 0.433594 0.287109 0.431641 0.285156 0.429688 0.285156 0.427734 0.283203 0.427734 0.275391 0.425781 0.273438 0.423828 0.273438 0.421875 0.271484 0.421875 0.269531 0.423828 0.267578 0.427734 0.267578 0.423828 0.263672 0.421875 0.265625 0.414062 0.265625 0.412109 0.267578 0.404297 0.267578 0.404297 0.269531 0.402344 0.271484 0.400391 0.271484 0.400391 0.273438 0.396484 0.277344 0.390625 0.277344 0.388672 0.279297 0.388672 0.283203 0.386719 0.285156 0.384766 0.283203 0.384766 0.287109 0.382812 0.289062 0.380859 0.289062 0.378906 0.291016 0.376953 0.291016 0.375000 0.289062 0.373047 0.291016 0.371094 0.291016 0.367188 0.287109 0.367188 0.285156 0.369141 0.283203 0.367188 0.283203 0.365234 0.281250 0.365234 0.267578 0.363281 0.265625 0.361328 0.265625 0.359375 0.263672 0.359375 0.255859 0.361328 0.253906 0.361328 0.251953 0.363281 0.250000 0.363281 0.244141 0.365234 0.242188 0.365234 0.240234 0.367188 0.238281 0.373047 0.238281 0.375000 0.240234 0.375000 0.242188 0.378906 0.242188 0.380859 0.244141 0.382812 0.244141 0.384766 0.242188 0.386719 0.242188 0.388672 0.244141 0.388672 0.246094 0.390625 0.244141 0.396484 0.244141 0.398438 0.242188 0.404297 0.242188 0.406250 0.240234 0.408203 0.240234 0.410156 0.238281 0.410156 0.228516 0.408203 0.226562 0.408203 0.212891 0.410156 0.210938 0.410156 0.205078 0.414062 0.201172 0.414062 0.197266 0.416016 0.195312 0.416016 0.193359 0.417969 0.191406 0.417969 0.189453 0.414062 0.185547 0.412109 0.187500 0.406250 0.181641 0.404297 0.183594 0.402344 0.183594 0.400391 0.181641 0.392578 0.181641 0.390625 0.179688 0.390625 0.175781 0.388672 0.173828 0.378906 0.173828 0.376953 0.171875 0.371094 0.171875
0 0.277344 0.158203 0.275391 0.160156 0.273438 0.160156 0.267578 0.166016 0.267578 0.169922 0.269531 0.171875 0.269531 0.173828 0.271484 0.175781 0.277344 0.175781 0.279297 0.177734 0.279297 0.181641 0.287109 0.189453 0.289062 0.189453 0.294922 0.183594 0.294922 0.179688 0.291016 0.175781 0.291016 0.173828 0.289062 0.171875 0.291016 0.169922 0.289062 0.167969 0.289062 0.166016 0.291016 0.164062 0.291016 0.162109 0.287109 0.162109 0.285156 0.160156 0.283203 0.160156 0.281250 0.158203
0 0.281250 0.126953 0.279297 0.128906 0.275391 0.128906 0.275391 0.130859 0.273438 0.132812 0.273438 0.134766 0.275391 0.136719 0.279297 0.136719 0.281250 0.134766 0.283203 0.134766 0.285156 0.132812 0.285156 0.126953
0 0.876953 0.105469 0.876953 0.107422 0.873047 0.111328 0.873047 0.119141 0.876953 0.123047 0.878906 0.123047 0.880859 0.121094 0.880859 0.115234 0.878906 0.113281 0.878906 0.107422
0 0.292969 0.101562 0.291016 0.103516 0.291016 0.107422 0.289062 0.109375 0.289062 0.111328 0.291016 0.113281 0.291016 0.115234 0.292969 0.117188 0.292969 0.119141 0.294922 0.121094 0.294922 0.125000 0.296875 0.125000 0.304688 0.117188 0.304688 0.115234 0.302734 0.115234 0.300781 0.113281 0.300781 0.109375 0.298828 0.107422 0.298828 0.101562
0 0.222656 0.095703 0.220703 0.097656 0.218750 0.097656 0.218750 0.103516 0.220703 0.105469 0.218750 0.107422 0.216797 0.107422 0.216797 0.111328 0.220703 0.115234 0.220703 0.117188 0.218750 0.119141 0.218750 0.125000 0.220703 0.126953 0.220703 0.130859 0.222656 0.132812 0.222656 0.136719 0.220703 0.138672 0.222656 0.140625 0.222656 0.144531 0.216797 0.150391 0.214844 0.148438 0.212891 0.148438 0.210938 0.150391 0.212891 0.150391 0.214844 0.152344 0.214844 0.156250 0.212891 0.158203 0.212891 0.162109 0.210938 0.164062 0.210938 0.166016 0.208984 0.167969 0.208984 0.169922 0.212891 0.169922 0.220703 0.162109 0.222656 0.162109 0.224609 0.164062 0.224609 0.171875 0.222656 0.173828 0.220703 0.173828 0.212891 0.181641 0.210938 0.181641 0.207031 0.185547 0.203125 0.185547 0.203125 0.189453 0.201172 0.191406 0.201172 0.193359 0.199219 0.195312 0.197266 0.195312 0.197266 0.205078 0.199219 0.205078 0.203125 0.208984 0.203125 0.216797 0.207031 0.216797 0.208984 0.218750 0.214844 0.218750 0.216797 0.220703 0.216797 0.222656 0.220703 0.222656 0.220703 0.220703 0.222656 0.218750 0.222656 0.216797 0.226562 0.212891 0.230469 0.212891 0.232422 0.210938 0.234375 0.210938 0.236328 0.208984 0.238281 0.208984 0.240234 0.210938 0.240234 0.214844 0.246094 0.214844 0.248047 0.216797 0.253906 0.216797 0.255859 0.218750 0.265625 0.218750 0.265625 0.216797 0.267578 0.214844 0.269531 0.214844 0.273438 0.218750 0.275391 0.218750 0.281250 0.212891 0.283203 0.214844 0.283203 0.216797 0.285156 0.214844 0.289062 0.214844 0.291016 0.216797 0.291016 0.214844 0.292969 0.212891 0.294922 0.212891 0.294922 0.210938 0.292969 0.208984 0.291016 0.208984 0.289062 0.207031 0.285156 0.207031 0.281250 0.203125 0.277344 0.203125 0.275391 0.201172 0.273438 0.201172 0.271484 0.203125 0.269531 0.201172 0.269531 0.197266 0.267578 0.199219 0.261719 0.199219 0.259766 0.197266 0.259766 0.193359 0.263672 0.189453 0.263672 0.181641 0.259766 0.177734 0.259766 0.171875 0.257812 0.169922 0.257812 0.158203 0.259766 0.156250 0.261719 0.156250 0.261719 0.154297 0.257812 0.150391 0.257812 0.148438 0.259766 0.146484 0.265625 0.146484 0.265625 0.142578 0.263672 0.142578 0.261719 0.140625 0.261719 0.138672 0.257812 0.138672 0.255859 0.140625 0.253906 0.138672 0.253906 0.136719 0.251953 0.136719 0.250000 0.134766 0.250000 0.132812 0.248047 0.130859 0.248047 0.128906 0.246094 0.126953 0.246094 0.121094 0.242188 0.117188 0.242188 0.115234 0.240234 0.115234 0.238281 0.113281 0.236328 0.113281 0.234375 0.111328 0.234375 0.107422 0.236328 0.105469 0.230469 0.099609 0.224609 0.099609 0.222656 0.097656
0 0.775391 0.068359 0.771484 0.072266 0.769531 0.072266 0.769531 0.078125 0.763672 0.083984 0.761719 0.083984 0.759766 0.085938 0.759766 0.089844 0.755859 0.093750 0.753906 0.093750 0.751953 0.095703 0.748047 0.095703 0.748047 0.097656 0.750000 0.099609 0.750000 0.103516 0.751953 0.105469 0.750000 0.107422 0.750000 0.109375 0.748047 0.111328 0.748047 0.113281 0.746094 0.115234 0.744141 0.113281 0.744141 0.111328 0.742188 0.111328 0.742188 0.113281 0.740234 0.115234 0.740234 0.126953 0.738281 0.128906 0.736328 0.126953 0.734375 0.128906 0.738281 0.132812 0.736328 0.134766 0.736328 0.136719 0.738281 0.138672 0.738281 0.144531 0.736328 0.146484 0.732422 0.146484 0.730469 0.144531 0.728516 0.144531 0.726562 0.146484 0.726562 0.148438 0.728516 0.150391 0.728516 0.152344 0.734375 0.152344 0.736328 0.150391 0.738281 0.150391 0.742188 0.154297 0.738281 0.158203 0.736328 0.156250 0.734375 0.156250 0.732422 0.158203 0.732422 0.162109 0.730469 0.164062 0.730469 0.167969 0.722656 0.175781 0.720703 0.175781 0.718750 0.177734 0.714844 0.177734 0.712891 0.179688 0.714844 0.181641 0.714844 0.187500 0.710938 0.191406 0.708984 0.189453 0.708984 0.185547 0.703125 0.179688 0.703125 0.177734 0.697266 0.177734 0.695312 0.179688 0.685547 0.179688 0.681641 0.183594 0.677734 0.179688 0.677734 0.175781 0.675781 0.173828 0.671875 0.173828 0.669922 0.175781 0.669922 0.177734 0.667969 0.179688 0.667969 0.183594 0.666016 0.185547 0.662109 0.185547 0.662109 0.187500 0.660156 0.189453 0.658203 0.189453 0.658203 0.191406 0.660156 0.193359 0.658203 0.195312 0.658203 0.218750 0.660156 0.220703 0.660156 0.222656 0.662109 0.224609 0.662109 0.226562 0.664062 0.228516 0.664062 0.230469 0.662109 0.232422 0.662109 0.236328 0.664062 0.238281 0.664062 0.240234 0.673828 0.250000 0.673828 0.251953 0.681641 0.251953 0.683594 0.253906 0.687500 0.253906 0.689453 0.255859 0.689453 0.259766 0.687500 0.261719 0.683594 0.261719 0.681641 0.259766 0.677734 0.259766 0.673828 0.263672 0.671875 0.263672 0.673828 0.265625 0.669922 0.269531 0.667969 0.267578 0.667969 0.271484 0.666016 0.273438 0.666016 0.275391 0.664062 0.277344 0.664062 0.283203 0.662109 0.285156 0.664062 0.287109 0.664062 0.289062 0.666016 0.291016 0.662109 0.294922 0.660156 0.292969 0.660156 0.291016 0.658203 0.289062 0.658203 0.283203 0.656250 0.281250 0.656250 0.277344 0.652344 0.273438 0.652344 0.271484 0.650391 0.269531 0.650391 0.267578 0.654297 0.263672 0.654297 0.261719 0.644531 0.261719 0.642578 0.259766 0.642578 0.257812 0.640625 0.255859 0.642578 0.253906 0.642578 0.250000 0.640625 0.250000 0.638672 0.248047 0.634766 0.248047 0.634766 0.253906 0.632812 0.255859 0.632812 0.257812 0.630859 0.259766 0.630859 0.263672 0.625000 0.269531 0.621094 0.269531 0.619141 0.271484 0.619141 0.273438 0.617188 0.275391 0.617188 0.279297 0.621094 0.279297 0.623047 0.281250 0.621094 0.283203 0.623047 0.285156 0.623047 0.289062 0.621094 0.291016 0.623047 0.292969 0.619141 0.296875 0.617188 0.294922 0.615234 0.294922 0.613281 0.292969 0.613281 0.291016 0.607422 0.285156 0.605469 0.287109 0.605469 0.291016 0.603516 0.292969 0.603516 0.300781 0.605469 0.302734 0.603516 0.304688 0.603516 0.312500 0.601562 0.314453 0.605469 0.318359 0.605469 0.320312 0.607422 0.322266 0.607422 0.326172 0.603516 0.330078 0.601562 0.328125 0.599609 0.328125 0.597656 0.326172 0.597656 0.324219 0.595703 0.324219 0.591797 0.320312 0.589844 0.320312 0.585938 0.316406 0.582031 0.316406 0.580078 0.314453 0.576172 0.314453 0.574219 0.312500 0.574219 0.310547 0.572266 0.310547 0.570312 0.308594 0.564453 0.308594 0.562500 0.310547 0.560547 0.310547 0.560547 0.316406 0.562500 0.318359 0.562500 0.322266 0.564453 0.324219 0.564453 0.326172 0.562500 0.328125 0.562500 0.330078 0.566406 0.326172 0.568359 0.328125 0.568359 0.330078 0.570312 0.332031 0.570312 0.333984 0.572266 0.335938 0.572266 0.337891 0.576172 0.341797 0.578125 0.341797 0.580078 0.343750 0.576172 0.347656 0.574219 0.347656 0.574219 0.365234 0.572266 0.367188 0.572266 0.369141 0.574219 0.371094 0.574219 0.384766 0.572266 0.386719 0.574219 0.388672 0.580078 0.388672 0.582031 0.386719 0.583984 0.386719 0.587891 0.382812 0.595703 0.382812 0.597656 0.380859 0.599609 0.382812 0.599609 0.388672 0.601562 0.388672 0.605469 0.392578 0.605469 0.394531 0.607422 0.394531 0.609375 0.392578 0.611328 0.392578 0.613281 0.390625 0.617188 0.390625 0.617188 0.388672 0.619141 0.386719 0.619141 0.384766 0.621094 0.382812 0.619141 0.380859 0.619141 0.378906 0.621094 0.376953 0.623047 0.376953 0.625000 0.375000 0.628906 0.375000 0.630859 0.376953 0.632812 0.375000 0.634766 0.375000 0.636719 0.373047 0.642578 0.373047 0.644531 0.375000 0.648438 0.375000 0.650391 0.373047 0.652344 0.373047 0.654297 0.371094 0.656250 0.371094 0.658203 0.369141 0.667969 0.369141 0.673828 0.363281 0.677734 0.363281 0.679688 0.365234 0.679688 0.367188 0.681641 0.367188 0.683594 0.365234 0.687500 0.365234 0.689453 0.363281 0.691406 0.363281 0.691406 0.357422 0.693359 0.355469 0.693359 0.343750 0.699219 0.337891 0.699219 0.332031 0.701172 0.330078 0.703125 0.330078 0.699219 0.326172 0.699219 0.324219 0.697266 0.322266 0.697266 0.320312 0.695312 0.318359 0.679688 0.318359 0.677734 0.320312 0.675781 0.320312 0.671875 0.316406 0.671875 0.312500 0.675781 0.308594 0.679688 0.308594 0.681641 0.306641 0.683594 0.306641 0.685547 0.304688 0.695312 0.304688 0.697266 0.302734 0.699219 0.302734 0.701172 0.300781 0.703125 0.300781 0.705078 0.298828 0.707031 0.298828 0.707031 0.296875 0.708984 0.294922 0.707031 0.294922 0.705078 0.296875 0.697266 0.296875 0.693359 0.292969 0.695312 0.291016 0.695312 0.289062 0.699219 0.285156 0.701172 0.285156 0.708984 0.277344 0.710938 0.277344 0.712891 0.275391 0.718750 0.275391 0.720703 0.277344 0.726562 0.277344 0.728516 0.275391 0.730469 0.275391 0.732422 0.277344 0.736328 0.277344 0.740234 0.273438 0.742188 0.273438 0.744141 0.271484 0.746094 0.271484 0.746094 0.269531 0.748047 0.267578 0.750000 0.267578 0.751953 0.265625 0.757812 0.265625 0.759766 0.267578 0.759766 0.269531 0.761719 0.269531 0.763672 0.271484 0.765625 0.269531 0.771484 0.269531 0.771484 0.267578 0.773438 0.265625 0.779297 0.265625 0.783203 0.261719 0.787109 0.261719 0.787109 0.259766 0.789062 0.257812 0.791016 0.257812 0.794922 0.253906 0.798828 0.253906 0.802734 0.257812 0.802734 0.259766 0.810547 0.259766 0.814453 0.263672 0.818359 0.263672 0.820312 0.265625 0.828125 0.265625 0.828125 0.263672 0.830078 0.261719 0.833984 0.261719 0.841797 0.253906 0.843750 0.253906 0.843750 0.248047 0.845703 0.246094 0.849609 0.246094 0.853516 0.242188 0.855469 0.244141 0.857422 0.242188 0.857422 0.238281 0.863281 0.232422 0.865234 0.234375 0.869141 0.230469 0.871094 0.230469 0.871094 0.226562 0.875000 0.222656 0.878906 0.222656 0.876953 0.222656 0.875000 0.220703 0.875000 0.218750 0.873047 0.216797 0.873047 0.214844 0.871094 0.214844 0.869141 0.212891 0.865234 0.212891 0.863281 0.210938 0.863281 0.208984 0.857422 0.208984 0.855469 0.207031 0.855469 0.205078 0.853516 0.203125 0.853516 0.199219 0.851562 0.199219 0.845703 0.193359 0.845703 0.189453 0.847656 0.187500 0.847656 0.185547 0.849609 0.183594 0.853516 0.183594 0.855469 0.181641 0.855469 0.179688 0.853516 0.177734 0.851562 0.177734 0.849609 0.175781 0.849609 0.173828 0.847656 0.171875 0.847656 0.169922 0.843750 0.166016 0.843750 0.162109 0.839844 0.162109 0.837891 0.160156 0.837891 0.158203 0.832031 0.158203 0.830078 0.156250 0.830078 0.152344 0.832031 0.150391 0.833984 0.150391 0.835938 0.148438 0.837891 0.148438 0.841797 0.144531 0.845703 0.144531 0.849609 0.148438 0.849609 0.144531 0.855469 0.138672 0.857422 0.138672 0.861328 0.134766 0.861328 0.130859 0.859375 0.128906 0.861328 0.126953 0.859375 0.125000 0.863281 0.121094 0.863281 0.111328 0.865234 0.109375 0.865234 0.103516 0.863281 0.103516 0.861328 0.101562 0.861328 0.099609 0.859375 0.097656 0.859375 0.093750 0.857422 0.093750 0.855469 0.091797 0.857422 0.089844 0.859375 0.089844 0.859375 0.087891 0.857422 0.085938 0.853516 0.089844 0.853516 0.091797 0.849609 0.095703 0.845703 0.095703 0.843750 0.097656 0.841797 0.097656 0.839844 0.099609 0.833984 0.099609 0.832031 0.097656 0.832031 0.093750 0.830078 0.091797 0.824219 0.091797 0.820312 0.087891 0.820312 0.080078 0.818359 0.080078 0.816406 0.078125 0.814453 0.078125 0.812500 0.076172 0.812500 0.074219 0.810547 0.074219 0.806641 0.078125 0.804688 0.078125 0.802734 0.080078 0.800781 0.080078 0.798828 0.082031 0.794922 0.082031 0.792969 0.080078 0.791016 0.080078 0.787109 0.083984 0.783203 0.083984 0.781250 0.082031 0.781250 0.080078 0.783203 0.078125 0.783203 0.076172 0.785156 0.074219 0.779297 0.068359
0 0.017578 0.042969 0.015625 0.044922 0.013672 0.044922 0.013672 0.052734 0.011719 0.054688 0.009766 0.054688 0.009766 0.056641 0.007812 0.058594 0.001953 0.058594 0.000000 0.056641 0.000000 0.210938 0.001953 0.210938 0.003906 0.208984 0.011719 0.208984 0.013672 0.207031 0.021484 0.207031 0.025391 0.203125 0.025391 0.201172 0.027344 0.199219 0.031250 0.199219 0.033203 0.201172 0.035156 0.201172 0.039062 0.197266 0.044922 0.197266 0.046875 0.199219 0.044922 0.201172 0.046875 0.203125 0.052734 0.203125 0.054688 0.205078 0.056641 0.203125 0.058594 0.205078 0.058594 0.207031 0.064453 0.207031 0.066406 0.208984 0.068359 0.207031 0.078125 0.207031 0.082031 0.203125 0.083984 0.203125 0.083984 0.201172 0.085938 0.199219 0.087891 0.201172 0.095703 0.201172 0.099609 0.197266 0.103516 0.197266 0.103516 0.195312 0.105469 0.193359 0.105469 0.187500 0.103516 0.187500 0.101562 0.185547 0.101562 0.183594 0.103516 0.181641 0.099609 0.177734 0.099609 0.175781 0.101562 0.173828 0.099609 0.171875 0.097656 0.171875 0.095703 0.169922 0.095703 0.167969 0.093750 0.166016 0.095703 0.164062 0.093750 0.162109 0.091797 0.162109 0.089844 0.160156 0.087891 0.162109 0.083984 0.162109 0.080078 0.158203 0.080078 0.154297 0.076172 0.154297 0.070312 0.160156 0.066406 0.160156 0.064453 0.162109 0.062500 0.162109 0.058594 0.158203 0.058594 0.156250 0.054688 0.156250 0.052734 0.154297 0.052734 0.152344 0.054688 0.150391 0.056641 0.150391 0.060547 0.146484 0.068359 0.146484 0.074219 0.140625 0.074219 0.138672 0.076172 0.136719 0.078125 0.138672 0.082031 0.138672 0.082031 0.132812 0.083984 0.130859 0.083984 0.126953 0.082031 0.125000 0.082031 0.123047 0.078125 0.119141 0.078125 0.117188 0.072266 0.111328 0.072266 0.107422 0.068359 0.107422 0.064453 0.103516 0.064453 0.101562 0.062500 0.099609 0.062500 0.093750 0.056641 0.087891 0.050781 0.087891 0.046875 0.083984 0.046875 0.082031 0.044922 0.082031 0.041016 0.078125 0.039062 0.078125 0.031250 0.070312 0.031250 0.068359 0.027344 0.068359 0.025391 0.066406 0.019531 0.066406 0.017578 0.064453 0.017578 0.058594 0.019531 0.056641 0.021484 0.056641 0.023438 0.058594 0.023438 0.056641 0.025391 0.054688 0.025391 0.046875 0.023438 0.044922 0.021484 0.044922 0.019531 0.042969
0 0.429688 0.033203 0.427734 0.035156 0.423828 0.035156 0.423828 0.037109 0.425781 0.039062 0.425781 0.041016 0.423828 0.042969 0.421875 0.042969 0.419922 0.044922 0.416016 0.044922 0.414062 0.046875 0.412109 0.046875 0.410156 0.048828 0.408203 0.046875 0.408203 0.048828 0.406250 0.050781 0.400391 0.050781 0.398438 0.052734 0.396484 0.052734 0.398438 0.054688 0.396484 0.056641 0.396484 0.058594 0.394531 0.060547 0.388672 0.060547 0.386719 0.058594 0.386719 0.056641 0.378906 0.056641 0.369141 0.066406 0.369141 0.068359 0.371094 0.068359 0.373047 0.070312 0.373047 0.074219 0.375000 0.076172 0.373047 0.078125 0.375000 0.078125 0.376953 0.080078 0.376953 0.082031 0.378906 0.080078 0.380859 0.080078 0.382812 0.082031 0.386719 0.082031 0.388672 0.083984 0.388672 0.085938 0.392578 0.085938 0.396484 0.089844 0.425781 0.089844 0.425781 0.087891 0.427734 0.085938 0.425781 0.083984 0.425781 0.082031 0.427734 0.080078 0.427734 0.078125 0.429688 0.076172 0.433594 0.076172 0.431641 0.074219 0.435547 0.070312 0.439453 0.070312 0.443359 0.074219 0.445312 0.072266 0.447266 0.072266 0.449219 0.070312 0.453125 0.070312 0.449219 0.066406 0.449219 0.064453 0.447266 0.062500 0.449219 0.060547 0.447266 0.060547 0.443359 0.056641 0.443359 0.050781 0.445312 0.048828 0.445312 0.039062 0.447266 0.037109 0.447266 0.035156 0.445312 0.033203
0 0.009766 0.011719 0.007812 0.013672 0.003906 0.013672 0.000000 0.017578 0.000000 0.039062 0.001953 0.041016 0.003906 0.041016 0.005859 0.039062 0.005859 0.035156 0.009766 0.031250 0.009766 0.029297 0.011719 0.027344 0.011719 0.013672
0 0.886719 0.000000 0.886719 0.001953 0.884766 0.003906 0.882812 0.003906 0.882812 0.005859 0.884766 0.007812 0.880859 0.011719 0.880859 0.017578 0.876953 0.021484 0.876953 0.025391 0.875000 0.027344 0.875000 0.031250 0.873047 0.033203 0.871094 0.031250 0.869141 0.031250 0.871094 0.033203 0.871094 0.035156 0.875000 0.035156 0.876953 0.033203 0.878906 0.035156 0.878906 0.039062 0.876953 0.041016 0.875000 0.041016 0.869141 0.046875 0.869141 0.048828 0.875000 0.048828 0.882812 0.056641 0.882812 0.058594 0.884766 0.058594 0.886719 0.060547 0.888672 0.060547 0.890625 0.062500 0.892578 0.060547 0.896484 0.064453 0.898438 0.064453 0.900391 0.066406 0.906250 0.066406 0.908203 0.068359 0.908203 0.066406 0.910156 0.064453 0.912109 0.066406 0.914062 0.066406 0.916016 0.068359 0.916016 0.076172 0.919922 0.080078 0.919922 0.082031 0.921875 0.083984 0.919922 0.085938 0.917969 0.085938 0.914062 0.089844 0.910156 0.089844 0.910156 0.091797 0.914062 0.091797 0.916016 0.089844 0.921875 0.095703 0.921875 0.097656 0.923828 0.097656 0.925781 0.099609 0.925781 0.101562 0.927734 0.103516 0.927734 0.105469 0.925781 0.107422 0.921875 0.107422 0.921875 0.119141 0.923828 0.119141 0.925781 0.121094 0.923828 0.123047 0.923828 0.126953 0.919922 0.130859 0.916016 0.130859 0.914062 0.132812 0.914062 0.136719 0.912109 0.138672 0.912109 0.144531 0.914062 0.144531 0.916016 0.146484 0.916016 0.152344 0.914062 0.154297 0.914062 0.160156 0.916016 0.160156 0.917969 0.162109 0.925781 0.162109 0.929688 0.166016 0.931641 0.166016 0.937500 0.171875 0.941406 0.171875 0.943359 0.169922 0.943359 0.167969 0.945312 0.166016 0.947266 0.166016 0.947266 0.164062 0.949219 0.162109 0.951172 0.164062 0.957031 0.164062 0.958984 0.166016 0.958984 0.167969 0.960938 0.166016 0.962891 0.166016 0.962891 0.160156 0.972656 0.150391 0.972656 0.144531 0.968750 0.140625 0.968750 0.136719 0.970703 0.134766 0.970703 0.125000 0.972656 0.123047 0.972656 0.121094 0.970703 0.119141 0.972656 0.117188 0.974609 0.117188 0.976562 0.115234 0.974609 0.113281 0.974609 0.111328 0.976562 0.109375 0.978516 0.109375 0.978516 0.107422 0.980469 0.105469 0.984375 0.105469 0.984375 0.103516 0.986328 0.101562 0.988281 0.101562 0.988281 0.099609 0.986328 0.099609 0.984375 0.097656 0.982422 0.097656 0.980469 0.095703 0.984375 0.091797 0.984375 0.085938 0.982422 0.085938 0.976562 0.080078 0.982422 0.074219 0.986328 0.074219 0.990234 0.078125 0.992188 0.078125 0.992188 0.000000
0 0.847656 0.000000 0.843750 0.003906 0.841797 0.003906 0.841797 0.007812 0.853516 0.007812 0.855469 0.009766 0.857422 0.007812 0.857422 0.005859 0.861328 0.001953 0.863281 0.001953 0.865234 0.000000
0 0.611328 0.000000 0.611328 0.003906 0.609375 0.005859 0.611328 0.007812 0.611328 0.011719 0.609375 0.013672 0.605469 0.009766 0.591797 0.009766 0.587891 0.005859 0.585938 0.005859 0.583984 0.003906 0.582031 0.005859 0.580078 0.003906 0.576172 0.003906 0.574219 0.001953 0.572266 0.001953 0.572266 0.003906 0.570312 0.005859 0.570312 0.007812 0.568359 0.009766 0.568359 0.011719 0.566406 0.013672 0.562500 0.013672 0.556641 0.007812 0.556641 0.005859 0.556641 0.007812 0.554688 0.009766 0.550781 0.005859 0.542969 0.005859 0.539062 0.009766 0.531250 0.009766 0.533203 0.011719 0.533203 0.015625 0.535156 0.017578 0.533203 0.019531 0.533203 0.021484 0.531250 0.023438 0.531250 0.025391 0.533203 0.027344 0.531250 0.029297 0.531250 0.031250 0.529297 0.033203 0.529297 0.037109 0.533203 0.041016 0.533203 0.046875 0.539062 0.052734 0.539062 0.054688 0.542969 0.058594 0.542969 0.060547 0.544922 0.058594 0.546875 0.060547 0.546875 0.064453 0.544922 0.066406 0.542969 0.064453 0.537109 0.064453 0.537109 0.066406 0.539062 0.068359 0.539062 0.070312 0.541016 0.072266 0.541016 0.078125 0.542969 0.078125 0.542969 0.074219 0.544922 0.072266 0.550781 0.072266 0.556641 0.078125 0.556641 0.080078 0.554688 0.082031 0.552734 0.082031 0.552734 0.083984 0.550781 0.085938 0.548828 0.083984 0.548828 0.089844 0.562500 0.089844 0.564453 0.091797 0.564453 0.101562 0.562500 0.103516 0.560547 0.103516 0.560547 0.115234 0.556641 0.119141 0.554688 0.119141 0.552734 0.121094 0.548828 0.117188 0.546875 0.117188 0.544922 0.115234 0.542969 0.115234 0.535156 0.107422 0.535156 0.105469 0.529297 0.099609 0.529297 0.097656 0.531250 0.095703 0.531250 0.093750 0.529297 0.091797 0.529297 0.089844 0.527344 0.087891 0.523438 0.087891 0.521484 0.085938 0.519531 0.085938 0.517578 0.083984 0.509766 0.083984 0.503906 0.078125 0.501953 0.078125 0.500000 0.076172 0.500000 0.072266 0.498047 0.070312 0.496094 0.070312 0.494141 0.072266 0.492188 0.072266 0.490234 0.074219 0.470703 0.074219 0.464844 0.080078 0.462891 0.080078 0.460938 0.078125 0.458984 0.080078 0.453125 0.080078 0.453125 0.082031 0.451172 0.083984 0.451172 0.091797 0.447266 0.095703 0.447266 0.103516 0.445312 0.105469 0.445312 0.107422 0.443359 0.109375 0.443359 0.111328 0.445312 0.109375 0.447266 0.109375 0.451172 0.113281 0.457031 0.113281 0.460938 0.117188 0.460938 0.121094 0.464844 0.125000 0.472656 0.125000 0.474609 0.123047 0.476562 0.123047 0.478516 0.121094 0.488281 0.121094 0.490234 0.123047 0.490234 0.125000 0.492188 0.126953 0.496094 0.126953 0.496094 0.125000 0.498047 0.123047 0.503906 0.123047 0.505859 0.125000 0.505859 0.126953 0.507812 0.126953 0.511719 0.130859 0.511719 0.134766 0.513672 0.136719 0.513672 0.140625 0.517578 0.140625 0.519531 0.142578 0.519531 0.146484 0.507812 0.158203 0.507812 0.160156 0.505859 0.162109 0.505859 0.175781 0.503906 0.177734 0.503906 0.179688 0.501953 0.181641 0.501953 0.183594 0.500000 0.185547 0.500000 0.187500 0.498047 0.189453 0.498047 0.191406 0.500000 0.193359 0.500000 0.195312 0.498047 0.197266 0.498047 0.207031 0.501953 0.210938 0.501953 0.218750 0.505859 0.218750 0.507812 0.216797 0.507812 0.214844 0.509766 0.212891 0.511719 0.212891 0.513672 0.210938 0.517578 0.210938 0.521484 0.207031 0.531250 0.207031 0.533203 0.208984 0.533203 0.210938 0.537109 0.210938 0.539062 0.208984 0.541016 0.208984 0.544922 0.205078 0.544922 0.203125 0.546875 0.201172 0.546875 0.199219 0.548828 0.197266 0.548828 0.193359 0.546875 0.191406 0.546875 0.189453 0.548828 0.187500 0.550781 0.187500 0.550781 0.177734 0.552734 0.175781 0.552734 0.173828 0.554688 0.171875 0.556641 0.173828 0.556641 0.167969 0.560547 0.164062 0.562500 0.164062 0.562500 0.158203 0.556641 0.158203 0.552734 0.162109 0.550781 0.160156 0.550781 0.150391 0.552734 0.148438 0.554688 0.148438 0.554688 0.146484 0.562500 0.138672 0.562500 0.136719 0.574219 0.125000 0.574219 0.119141 0.576172 0.117188 0.576172 0.109375 0.574219 0.107422 0.574219 0.105469 0.576172 0.103516 0.576172 0.101562 0.574219 0.101562 0.572266 0.103516 0.568359 0.103516 0.566406 0.101562 0.566406 0.099609 0.568359 0.097656 0.572266 0.097656 0.576172 0.093750 0.578125 0.093750 0.580078 0.095703 0.580078 0.097656 0.582031 0.099609 0.582031 0.101562 0.583984 0.103516 0.583984 0.105469 0.587891 0.109375 0.587891 0.113281 0.589844 0.115234 0.589844 0.117188 0.591797 0.117188 0.591797 0.115234 0.593750 0.113281 0.595703 0.113281 0.593750 0.111328 0.593750 0.107422 0.591797 0.107422 0.589844 0.105469 0.591797 0.103516 0.595703 0.103516 0.597656 0.105469 0.597656 0.107422 0.599609 0.107422 0.603516 0.111328 0.603516 0.115234 0.605469 0.117188 0.605469 0.119141 0.609375 0.123047 0.609375 0.125000 0.611328 0.123047 0.613281 0.123047 0.619141 0.128906 0.621094 0.128906 0.623047 0.130859 0.626953 0.130859 0.626953 0.126953 0.628906 0.125000 0.630859 0.125000 0.632812 0.126953 0.636719 0.126953 0.638672 0.128906 0.638672 0.130859 0.640625 0.130859 0.642578 0.128906 0.644531 0.128906 0.646484 0.126953 0.648438 0.126953 0.650391 0.125000 0.654297 0.128906 0.654297 0.130859 0.656250 0.128906 0.658203 0.130859 0.658203 0.134766 0.662109 0.134766 0.664062 0.136719 0.666016 0.136719 0.667969 0.138672 0.667969 0.140625 0.671875 0.140625 0.673828 0.138672 0.677734 0.138672 0.679688 0.136719 0.681641 0.136719 0.685547 0.132812 0.689453 0.132812 0.691406 0.130859 0.691406 0.123047 0.693359 0.121094 0.693359 0.119141 0.703125 0.109375 0.703125 0.107422 0.705078 0.105469 0.705078 0.103516 0.707031 0.101562 0.707031 0.099609 0.708984 0.097656 0.708984 0.095703 0.710938 0.093750 0.710938 0.091797 0.707031 0.087891 0.710938 0.083984 0.718750 0.083984 0.720703 0.085938 0.726562 0.085938 0.730469 0.082031 0.730469 0.080078 0.734375 0.076172 0.736328 0.076172 0.742188 0.070312 0.744141 0.070312 0.744141 0.066406 0.746094 0.064453 0.751953 0.064453 0.753906 0.066406 0.755859 0.066406 0.757812 0.068359 0.759766 0.066406 0.761719 0.066406 0.765625 0.062500 0.769531 0.062500 0.769531 0.060547 0.771484 0.058594 0.775391 0.058594 0.775391 0.050781 0.777344 0.048828 0.777344 0.046875 0.771484 0.046875 0.769531 0.044922 0.765625 0.044922 0.763672 0.042969 0.763672 0.027344 0.765625 0.025391 0.765625 0.019531 0.767578 0.017578 0.765625 0.015625 0.767578 0.013672 0.767578 0.009766 0.769531 0.007812 0.769531 0.003906 0.767578 0.001953 0.765625 0.001953 0.763672 0.000000
0 0.291016 0.000000 0.289062 0.001953 0.287109 0.001953 0.287109 0.003906 0.283203 0.007812 0.283203 0.009766 0.281250 0.011719 0.281250 0.019531 0.283203 0.019531 0.285156 0.021484 0.285156 0.023438 0.287109 0.023438 0.289062 0.021484 0.291016 0.021484 0.292969 0.019531 0.294922 0.019531 0.296875 0.017578 0.296875 0.015625 0.298828 0.013672 0.300781 0.013672 0.302734 0.011719 0.304688 0.013672 0.304688 0.011719 0.306641 0.009766 0.306641 0.005859 0.308594 0.003906 0.308594 0.000000
0 0.167969 0.000000 0.169922 0.001953 0.167969 0.003906 0.167969 0.005859 0.164062 0.009766 0.162109 0.009766 0.162109 0.015625 0.160156 0.017578 0.158203 0.017578 0.158203 0.019531 0.156250 0.021484 0.156250 0.023438 0.154297 0.025391 0.154297 0.033203 0.150391 0.037109 0.146484 0.037109 0.146484 0.039062 0.144531 0.041016 0.144531 0.042969 0.150391 0.042969 0.154297 0.046875 0.156250 0.046875 0.158203 0.048828 0.158203 0.062500 0.162109 0.066406 0.169922 0.066406 0.171875 0.068359 0.183594 0.068359 0.185547 0.070312 0.185547 0.072266 0.187500 0.072266 0.189453 0.074219 0.191406 0.074219 0.193359 0.076172 0.189453 0.080078 0.189453 0.089844 0.193359 0.089844 0.197266 0.085938 0.199219 0.087891 0.199219 0.089844 0.201172 0.089844 0.205078 0.085938 0.210938 0.085938 0.214844 0.089844 0.224609 0.089844 0.226562 0.091797 0.234375 0.091797 0.236328 0.093750 0.244141 0.093750 0.244141 0.091797 0.246094 0.089844 0.250000 0.089844 0.251953 0.087891 0.251953 0.082031 0.255859 0.078125 0.253906 0.076172 0.253906 0.068359 0.255859 0.066406 0.257812 0.066406 0.255859 0.064453 0.257812 0.062500 0.257812 0.060547 0.259766 0.058594 0.259766 0.054688 0.261719 0.052734 0.263672 0.052734 0.265625 0.050781 0.267578 0.052734 0.269531 0.050781 0.269531 0.042969 0.273438 0.039062 0.275391 0.039062 0.275391 0.037109 0.277344 0.035156 0.277344 0.033203 0.279297 0.031250 0.281250 0.031250 0.281250 0.029297 0.279297 0.031250 0.275391 0.027344 0.275391 0.025391 0.271484 0.021484 0.271484 0.017578 0.269531 0.015625 0.269531 0.013672 0.267578 0.013672 0.265625 0.011719 0.265625 0.009766 0.261719 0.009766 0.259766 0.007812 0.253906 0.007812 0.250000 0.003906 0.250000 0.000000