0 0.898438 0.750000 0.898438 0.759766 0.904297 0.759766 0.906250 0.761719 0.906250 0.765625 0.914062 0.765625 0.916016 0.767578 0.916016 0.771484 0.917969 0.771484 0.919922 0.773438 0.919922 0.775391 0.923828 0.775391 0.925781 0.777344 0.925781 0.779297 0.929688 0.779297 0.931641 0.781250 0.931641 0.792969 0.941406 0.792969 0.941406 0.775391 0.937500 0.775391 0.935547 0.773438 0.935547 0.765625 0.927734 0.765625 0.925781 0.763672 0.925781 0.761719 0.917969 0.761719 0.916016 0.759766 0.916016 0.755859 0.910156 0.755859 0.908203 0.753906 0.908203 0.750000
0 0.892578 0.732422 0.892578 0.742188 0.902344 0.742188 0.902344 0.732422
0 0.892578 0.707031 0.892578 0.728516 0.902344 0.728516 0.902344 0.707031
0 0.898438 0.693359 0.898438 0.703125 0.908203 0.703125 0.908203 0.693359
0 0.912109 0.679688 0.912109 0.689453 0.921875 0.689453 0.921875 0.679688
0 0.921875 0.666016 0.921875 0.675781 0.931641 0.675781 0.931641 0.666016
0 0.935547 0.652344 0.935547 0.662109 0.953125 0.662109 0.955078 0.664062 0.955078 0.669922 0.957031 0.669922 0.958984 0.671875 0.958984 0.697266 0.957031 0.699219 0.955078 0.699219 0.955078 0.710938 0.953125 0.712891 0.953125 0.716797 0.951172 0.718750 0.949219 0.718750 0.949219 0.724609 0.947266 0.726562 0.941406 0.726562 0.941406 0.734375 0.939453 0.736328 0.939453 0.744141 0.937500 0.746094 0.935547 0.746094 0.935547 0.755859 0.945312 0.755859 0.945312 0.748047 0.947266 0.746094 0.949219 0.746094 0.949219 0.738281 0.951172 0.736328 0.951172 0.730469 0.953125 0.728516 0.958984 0.728516 0.958984 0.724609 0.960938 0.722656 0.962891 0.722656 0.962891 0.718750 0.964844 0.716797 0.964844 0.705078 0.966797 0.703125 0.968750 0.703125 0.968750 0.666016 0.966797 0.666016 0.964844 0.664062 0.964844 0.660156 0.960938 0.660156 0.958984 0.658203 0.958984 0.652344
0 0.875000 0.546875 0.873047 0.548828 0.869141 0.548828 0.869141 0.554688 0.867188 0.556641 0.859375 0.556641 0.859375 0.558594 0.857422 0.560547 0.855469 0.560547 0.853516 0.562500 0.849609 0.562500 0.849609 0.564453 0.847656 0.566406 0.835938 0.566406 0.835938 0.568359 0.833984 0.570312 0.830078 0.570312 0.828125 0.572266 0.826172 0.572266 0.826172 0.574219 0.824219 0.576172 0.808594 0.576172 0.808594 0.591797 0.818359 0.591797 0.818359 0.587891 0.820312 0.585938 0.832031 0.585938 0.832031 0.583984 0.833984 0.582031 0.835938 0.582031 0.837891 0.580078 0.839844 0.580078 0.839844 0.578125 0.841797 0.576172 0.855469 0.576172 0.855469 0.574219 0.857422 0.572266 0.859375 0.572266 0.861328 0.570312 0.865234 0.570312 0.865234 0.568359 0.867188 0.566406 0.869141 0.566406 0.869141 0.560547 0.871094 0.558594 0.878906 0.558594 0.880859 0.556641 0.882812 0.556641 0.884766 0.558594 0.894531 0.558594 0.894531 0.548828 0.892578 0.546875
0 0.726562 0.386719 0.726562 0.388672 0.724609 0.390625 0.718750 0.390625 0.716797 0.392578 0.716797 0.394531 0.714844 0.396484 0.708984 0.396484 0.708984 0.398438 0.707031 0.400391 0.699219 0.400391 0.699219 0.402344 0.697266 0.404297 0.689453 0.404297 0.689453 0.408203 0.687500 0.410156 0.685547 0.410156 0.685547 0.414062 0.683594 0.416016 0.679688 0.416016 0.679688 0.417969 0.677734 0.419922 0.675781 0.419922 0.675781 0.421875 0.673828 0.423828 0.671875 0.423828 0.669922 0.425781 0.669922 0.427734 0.667969 0.429688 0.666016 0.429688 0.666016 0.441406 0.664062 0.443359 0.660156 0.443359 0.660156 0.457031 0.669922 0.457031 0.669922 0.449219 0.671875 0.447266 0.675781 0.447266 0.675781 0.441406 0.677734 0.439453 0.679688 0.439453 0.679688 0.435547 0.681641 0.433594 0.681641 0.431641 0.683594 0.429688 0.685547 0.429688 0.685547 0.427734 0.687500 0.425781 0.689453 0.425781 0.689453 0.421875 0.691406 0.419922 0.695312 0.419922 0.695312 0.416016 0.697266 0.414062 0.703125 0.414062 0.703125 0.412109 0.705078 0.410156 0.712891 0.410156 0.712891 0.408203 0.714844 0.406250 0.718750 0.406250 0.718750 0.404297 0.720703 0.402344 0.726562 0.402344 0.728516 0.400391 0.728516 0.398438 0.730469 0.396484 0.736328 0.396484 0.736328 0.386719
0 0.101562 0.349609 0.101562 0.359375 0.117188 0.359375 0.117188 0.349609
0 0.080078 0.349609 0.080078 0.359375 0.097656 0.359375 0.097656 0.349609
0 0.064453 0.349609 0.064453 0.355469 0.062500 0.357422 0.060547 0.357422 0.060547 0.367188 0.070312 0.367188 0.070312 0.361328 0.072266 0.359375 0.076172 0.359375 0.076172 0.349609
0 0.660156 0.292969 0.660156 0.298828 0.658203 0.300781 0.652344 0.300781 0.652344 0.304688 0.650391 0.306641 0.650391 0.314453 0.648438 0.316406 0.646484 0.316406 0.646484 0.318359 0.644531 0.320312 0.638672 0.320312 0.638672 0.324219 0.636719 0.326172 0.626953 0.326172 0.626953 0.343750 0.636719 0.343750 0.636719 0.337891 0.638672 0.335938 0.642578 0.335938 0.642578 0.332031 0.644531 0.330078 0.648438 0.330078 0.648438 0.328125 0.650391 0.326172 0.660156 0.326172 0.660156 0.312500 0.662109 0.310547 0.669922 0.310547 0.669922 0.304688 0.671875 0.302734 0.671875 0.292969
0 0.697266 0.203125 0.697266 0.210938 0.695312 0.212891 0.689453 0.212891 0.687500 0.214844 0.685547 0.214844 0.683594 0.216797 0.681641 0.216797 0.681641 0.220703 0.679688 0.222656 0.679688 0.226562 0.675781 0.230469 0.675781 0.232422 0.673828 0.234375 0.671875 0.234375 0.667969 0.238281 0.667969 0.248047 0.669922 0.250000 0.669922 0.251953 0.667969 0.253906 0.666016 0.253906 0.662109 0.257812 0.658203 0.257812 0.650391 0.250000 0.650391 0.246094 0.636719 0.246094 0.634766 0.248047 0.634766 0.250000 0.628906 0.255859 0.626953 0.255859 0.626953 0.257812 0.623047 0.261719 0.621094 0.261719 0.617188 0.265625 0.617188 0.275391 0.619141 0.277344 0.619141 0.281250 0.621094 0.281250 0.621094 0.273438 0.619141 0.271484 0.619141 0.269531 0.640625 0.248047 0.646484 0.248047 0.648438 0.250000 0.648438 0.253906 0.650391 0.255859 0.652344 0.255859 0.654297 0.257812 0.654297 0.259766 0.666016 0.259766 0.666016 0.257812 0.667969 0.255859 0.669922 0.255859 0.671875 0.253906 0.671875 0.248047 0.669922 0.246094 0.669922 0.242188 0.671875 0.240234 0.671875 0.238281 0.673828 0.236328 0.675781 0.236328 0.681641 0.230469 0.681641 0.224609 0.683594 0.222656 0.683594 0.220703 0.685547 0.218750 0.687500 0.218750 0.689453 0.216797 0.695312 0.216797 0.699219 0.212891 0.699219 0.210938 0.701172 0.208984 0.703125 0.210938 0.703125 0.212891 0.708984 0.218750 0.712891 0.218750 0.714844 0.216797 0.716797 0.216797 0.718750 0.214844 0.720703 0.214844 0.722656 0.216797 0.724609 0.216797 0.738281 0.230469 0.738281 0.232422 0.740234 0.234375 0.742188 0.234375 0.744141 0.236328 0.769531 0.236328 0.769531 0.234375 0.773438 0.230469 0.775391 0.230469 0.775391 0.228516 0.777344 0.226562 0.781250 0.226562 0.785156 0.230469 0.791016 0.230469 0.792969 0.232422 0.792969 0.234375 0.798828 0.240234 0.798828 0.244141 0.800781 0.246094 0.800781 0.255859 0.802734 0.257812 0.802734 0.261719 0.798828 0.265625 0.792969 0.265625 0.791016 0.267578 0.781250 0.267578 0.779297 0.265625 0.777344 0.265625 0.773438 0.261719 0.767578 0.261719 0.765625 0.259766 0.763672 0.259766 0.761719 0.261719 0.759766 0.261719 0.755859 0.265625 0.755859 0.267578 0.757812 0.267578 0.763672 0.261719 0.765625 0.263672 0.769531 0.263672 0.771484 0.265625 0.773438 0.265625 0.775391 0.267578 0.777344 0.267578 0.779297 0.269531 0.792969 0.269531 0.794922 0.267578 0.802734 0.267578 0.802734 0.265625 0.804688 0.263672 0.804688 0.253906 0.802734 0.251953 0.802734 0.242188 0.800781 0.240234 0.800781 0.238281 0.798828 0.236328 0.798828 0.234375 0.796875 0.234375 0.794922 0.232422 0.794922 0.228516 0.787109 0.228516 0.781250 0.222656 0.777344 0.222656 0.777344 0.224609 0.775391 0.226562 0.773438 0.226562 0.765625 0.234375 0.746094 0.234375 0.736328 0.224609 0.736328 0.222656 0.728516 0.214844 0.724609 0.214844 0.722656 0.212891 0.714844 0.212891 0.712891 0.214844 0.710938 0.214844 0.705078 0.208984 0.705078 0.207031 0.703125 0.205078 0.703125 0.203125
0 0.734375 0.125000 0.734375 0.126953 0.730469 0.130859 0.730469 0.134766 0.728516 0.136719 0.724609 0.136719 0.724609 0.138672 0.718750 0.144531 0.718750 0.148438 0.716797 0.150391 0.716797 0.152344 0.714844 0.154297 0.710938 0.154297 0.708984 0.152344 0.703125 0.152344 0.703125 0.154297 0.707031 0.154297 0.708984 0.156250 0.716797 0.156250 0.718750 0.154297 0.718750 0.152344 0.720703 0.150391 0.720703 0.148438 0.722656 0.146484 0.722656 0.144531 0.728516 0.138672 0.730469 0.138672 0.732422 0.136719 0.732422 0.132812 0.736328 0.128906 0.736328 0.125000