0 0.169922 0.818359 0.166016 0.822266 0.166016 0.828125 0.169922 0.828125 0.173828 0.824219 0.173828 0.818359
0 0.203125 0.806641 0.203125 0.808594 0.201172 0.810547 0.199219 0.810547 0.197266 0.812500 0.195312 0.812500 0.195312 0.814453 0.193359 0.816406 0.193359 0.832031 0.191406 0.833984 0.189453 0.833984 0.189453 0.835938 0.187500 0.837891 0.185547 0.835938 0.185547 0.830078 0.179688 0.830078 0.175781 0.833984 0.167969 0.833984 0.167969 0.835938 0.166016 0.837891 0.166016 0.849609 0.169922 0.849609 0.171875 0.847656 0.173828 0.847656 0.175781 0.845703 0.175781 0.843750 0.177734 0.841797 0.181641 0.841797 0.183594 0.839844 0.201172 0.839844 0.203125 0.837891 0.205078 0.837891 0.207031 0.835938 0.207031 0.833984 0.208984 0.832031 0.208984 0.814453 0.210938 0.812500 0.210938 0.810547 0.207031 0.806641
0 0.939453 0.613281 0.939453 0.615234 0.933594 0.621094 0.933594 0.626953 0.939453 0.626953 0.943359 0.623047 0.943359 0.613281
0 0.935547 0.574219 0.929688 0.580078 0.929688 0.583984 0.933594 0.583984 0.935547 0.582031 0.937500 0.582031 0.939453 0.580078 0.941406 0.582031 0.941406 0.585938 0.945312 0.589844 0.945312 0.593750 0.941406 0.597656 0.937500 0.597656 0.937500 0.603516 0.941406 0.603516 0.943359 0.601562 0.945312 0.603516 0.945312 0.605469 0.947266 0.605469 0.949219 0.607422 0.953125 0.607422 0.955078 0.605469 0.955078 0.601562 0.957031 0.599609 0.957031 0.595703 0.949219 0.587891 0.951172 0.585938 0.951172 0.583984 0.953125 0.582031 0.953125 0.576172 0.949219 0.576172 0.947266 0.578125 0.945312 0.578125 0.941406 0.574219
0 0.910156 0.537109 0.910156 0.541016 0.912109 0.542969 0.912109 0.544922 0.910156 0.546875 0.910156 0.548828 0.906250 0.552734 0.906250 0.556641 0.908203 0.558594 0.912109 0.558594 0.916016 0.562500 0.919922 0.562500 0.919922 0.556641 0.916016 0.552734 0.916016 0.550781 0.917969 0.548828 0.917969 0.541016 0.914062 0.537109
0 0.667969 0.333984 0.662109 0.339844 0.662109 0.343750 0.660156 0.345703 0.660156 0.347656 0.662109 0.347656 0.664062 0.349609 0.664062 0.351562 0.664062 0.349609 0.666016 0.347656 0.666016 0.345703 0.667969 0.343750 0.669922 0.343750 0.671875 0.345703 0.675781 0.345703 0.677734 0.343750 0.679688 0.343750 0.679688 0.337891 0.677734 0.337891 0.675781 0.335938 0.675781 0.333984
0 0.630859 0.261719 0.630859 0.271484 0.634766 0.275391 0.646484 0.275391 0.648438 0.273438 0.650391 0.273438 0.650391 0.269531 0.648438 0.267578 0.648438 0.261719 0.640625 0.261719 0.636719 0.265625 0.634766 0.263672 0.634766 0.261719
0 0.968750 0.230469 0.966797 0.232422 0.962891 0.232422 0.962891 0.240234 0.964844 0.242188 0.964844 0.244141 0.966797 0.246094 0.966797 0.248047 0.970703 0.251953 0.972656 0.251953 0.974609 0.253906 0.974609 0.259766 0.976562 0.259766 0.978516 0.261719 0.982422 0.261719 0.984375 0.263672 0.984375 0.269531 0.980469 0.273438 0.980469 0.279297 0.984375 0.283203 0.988281 0.283203 0.988281 0.275391 0.990234 0.273438 0.992188 0.273438 0.992188 0.246094 0.990234 0.244141 0.990234 0.242188 0.988281 0.240234 0.988281 0.234375 0.986328 0.234375 0.982422 0.230469
0 0.578125 0.222656 0.576172 0.224609 0.576172 0.228516 0.578125 0.230469 0.587891 0.230469 0.587891 0.224609 0.585938 0.224609 0.583984 0.222656
0 0.750000 0.218750 0.750000 0.222656 0.751953 0.224609 0.753906 0.224609 0.759766 0.230469 0.761719 0.230469 0.765625 0.234375 0.765625 0.236328 0.771484 0.236328 0.771484 0.232422 0.767578 0.228516 0.767578 0.220703 0.757812 0.220703 0.755859 0.218750
0 0.853516 0.111328 0.851562 0.113281 0.851562 0.123047 0.855469 0.123047 0.859375 0.119141 0.859375 0.117188 0.861328 0.115234 0.861328 0.111328
0 0.990234 0.105469 0.986328 0.109375 0.986328 0.121094 0.988281 0.123047 0.988281 0.125000 0.990234 0.126953 0.988281 0.128906 0.988281 0.130859 0.984375 0.134766 0.984375 0.142578 0.986328 0.144531 0.986328 0.146484 0.988281 0.148438 0.988281 0.150391 0.990234 0.152344 0.992188 0.152344 0.992188 0.105469
0 0.947266 0.052734 0.947266 0.054688 0.943359 0.058594 0.943359 0.066406 0.949219 0.066406 0.957031 0.058594 0.957031 0.054688 0.955078 0.054688 0.953125 0.052734
0 0.923828 0.031250 0.921875 0.033203 0.921875 0.041016 0.923828 0.042969 0.923828 0.044922 0.931641 0.052734 0.939453 0.052734 0.945312 0.046875 0.945312 0.041016 0.943359 0.039062 0.941406 0.039062 0.937500 0.035156 0.935547 0.035156 0.933594 0.033203 0.931641 0.033203 0.929688 0.031250
0 0.000000 0.000000 0.000000 0.578125 0.003906 0.578125 0.007812 0.574219 0.009766 0.574219 0.011719 0.576172 0.011719 0.578125 0.009766 0.580078 0.009766 0.582031 0.013672 0.582031 0.015625 0.583984 0.015625 0.585938 0.017578 0.585938 0.019531 0.583984 0.021484 0.583984 0.023438 0.585938 0.029297 0.585938 0.031250 0.587891 0.031250 0.589844 0.035156 0.589844 0.041016 0.595703 0.041016 0.597656 0.042969 0.599609 0.042969 0.601562 0.041016 0.603516 0.039062 0.603516 0.039062 0.605469 0.037109 0.607422 0.031250 0.607422 0.031250 0.613281 0.029297 0.615234 0.027344 0.615234 0.025391 0.613281 0.025391 0.611328 0.023438 0.611328 0.023438 0.613281 0.021484 0.615234 0.019531 0.615234 0.019531 0.621094 0.017578 0.623047 0.009766 0.623047 0.007812 0.621094 0.007812 0.625000 0.005859 0.626953 0.000000 0.626953 0.000000 0.789062 0.001953 0.791016 0.001953 0.792969 0.007812 0.792969 0.009766 0.794922 0.009766 0.812500 0.011719 0.814453 0.011719 0.818359 0.013672 0.820312 0.029297 0.820312 0.035156 0.814453 0.035156 0.812500 0.037109 0.810547 0.039062 0.812500 0.044922 0.812500 0.046875 0.810547 0.048828 0.810547 0.050781 0.812500 0.056641 0.812500 0.062500 0.818359 0.064453 0.818359 0.066406 0.820312 0.066406 0.822266 0.072266 0.822266 0.076172 0.818359 0.076172 0.812500 0.078125 0.810547 0.080078 0.810547 0.083984 0.806641 0.085938 0.808594 0.085938 0.812500 0.089844 0.812500 0.091797 0.814453 0.091797 0.818359 0.093750 0.820312 0.101562 0.820312 0.105469 0.816406 0.105469 0.814453 0.107422 0.812500 0.107422 0.810547 0.109375 0.808594 0.113281 0.808594 0.117188 0.812500 0.119141 0.812500 0.121094 0.814453 0.121094 0.816406 0.126953 0.816406 0.126953 0.814453 0.128906 0.812500 0.130859 0.814453 0.130859 0.818359 0.142578 0.818359 0.142578 0.816406 0.144531 0.814453 0.150391 0.814453 0.154297 0.818359 0.160156 0.818359 0.162109 0.816406 0.166016 0.816406 0.166016 0.814453 0.167969 0.812500 0.169922 0.812500 0.169922 0.810547 0.171875 0.808594 0.175781 0.808594 0.181641 0.814453 0.177734 0.818359 0.177734 0.822266 0.183594 0.822266 0.189453 0.816406 0.189453 0.814453 0.191406 0.812500 0.191406 0.800781 0.189453 0.798828 0.191406 0.796875 0.193359 0.796875 0.193359 0.791016 0.195312 0.789062 0.201172 0.789062 0.201172 0.787109 0.203125 0.785156 0.205078 0.785156 0.205078 0.779297 0.207031 0.777344 0.208984 0.777344 0.208984 0.775391 0.210938 0.773438 0.212891 0.773438 0.214844 0.775391 0.214844 0.777344 0.216797 0.777344 0.218750 0.779297 0.218750 0.781250 0.216797 0.783203 0.214844 0.783203 0.214844 0.785156 0.212891 0.787109 0.210938 0.787109 0.210938 0.789062 0.208984 0.791016 0.208984 0.792969 0.210938 0.792969 0.214844 0.796875 0.220703 0.796875 0.222656 0.794922 0.224609 0.794922 0.226562 0.796875 0.226562 0.802734 0.234375 0.802734 0.238281 0.798828 0.242188 0.798828 0.242188 0.796875 0.248047 0.791016 0.251953 0.794922 0.251953 0.798828 0.257812 0.798828 0.263672 0.792969 0.267578 0.792969 0.269531 0.794922 0.269531 0.796875 0.259766 0.806641 0.259766 0.816406 0.257812 0.818359 0.251953 0.818359 0.250000 0.816406 0.250000 0.818359 0.248047 0.820312 0.248047 0.824219 0.246094 0.826172 0.236328 0.826172 0.234375 0.828125 0.234375 0.832031 0.232422 0.833984 0.232422 0.843750 0.230469 0.845703 0.228516 0.845703 0.226562 0.843750 0.226562 0.841797 0.222656 0.841797 0.222656 0.843750 0.220703 0.845703 0.220703 0.847656 0.218750 0.849609 0.218750 0.851562 0.220703 0.853516 0.222656 0.853516 0.224609 0.855469 0.228516 0.855469 0.230469 0.857422 0.230469 0.869141 0.228516 0.871094 0.224609 0.871094 0.222656 0.869141 0.222656 0.861328 0.214844 0.861328 0.210938 0.865234 0.208984 0.865234 0.207031 0.867188 0.205078 0.867188 0.203125 0.869141 0.203125 0.871094 0.201172 0.873047 0.187500 0.873047 0.187500 0.876953 0.191406 0.880859 0.191406 0.882812 0.189453 0.884766 0.183594 0.884766 0.181641 0.882812 0.181641 0.880859 0.179688 0.880859 0.177734 0.878906 0.177734 0.876953 0.179688 0.875000 0.181641 0.875000 0.181641 0.869141 0.179688 0.869141 0.177734 0.867188 0.177734 0.863281 0.175781 0.863281 0.169922 0.857422 0.167969 0.857422 0.166016 0.855469 0.158203 0.855469 0.156250 0.853516 0.156250 0.851562 0.158203 0.849609 0.158203 0.845703 0.160156 0.843750 0.160156 0.841797 0.162109 0.839844 0.162109 0.835938 0.160156 0.835938 0.158203 0.833984 0.158203 0.830078 0.156250 0.828125 0.156250 0.822266 0.148438 0.822266 0.146484 0.824219 0.146484 0.830078 0.148438 0.832031 0.148438 0.833984 0.146484 0.835938 0.144531 0.835938 0.144531 0.845703 0.146484 0.847656 0.148438 0.847656 0.150391 0.849609 0.150391 0.851562 0.146484 0.855469 0.144531 0.855469 0.142578 0.853516 0.136719 0.853516 0.132812 0.857422 0.130859 0.855469 0.130859 0.853516 0.128906 0.853516 0.126953 0.851562 0.126953 0.845703 0.125000 0.843750 0.121094 0.843750 0.119141 0.845703 0.117188 0.843750 0.117188 0.839844 0.111328 0.839844 0.109375 0.837891 0.109375 0.835938 0.103516 0.835938 0.101562 0.833984 0.097656 0.833984 0.095703 0.832031 0.072266 0.832031 0.070312 0.833984 0.050781 0.833984 0.050781 0.835938 0.048828 0.837891 0.046875 0.837891 0.042969 0.841797 0.039062 0.841797 0.039062 0.851562 0.041016 0.853516 0.041016 0.855469 0.044922 0.855469 0.044922 0.847656 0.042969 0.845703 0.044922 0.843750 0.046875 0.843750 0.050781 0.839844 0.052734 0.839844 0.054688 0.837891 0.058594 0.837891 0.060547 0.839844 0.058594 0.841797 0.056641 0.841797 0.054688 0.843750 0.052734 0.843750 0.048828 0.847656 0.048828 0.857422 0.052734 0.857422 0.054688 0.859375 0.052734 0.861328 0.037109 0.861328 0.035156 0.859375 0.029297 0.859375 0.027344 0.861328 0.027344 0.873047 0.023438 0.876953 0.021484 0.876953 0.019531 0.875000 0.019531 0.873047 0.015625 0.873047 0.013672 0.871094 0.013672 0.867188 0.011719 0.865234 0.009766 0.865234 0.007812 0.863281 0.007812 0.861328 0.005859 0.859375 0.003906 0.859375 0.001953 0.857422 0.001953 0.853516 0.000000 0.851562 0.000000 0.992188 0.992188 0.992188 0.992188 0.681641 0.990234 0.679688 0.990234 0.677734 0.982422 0.669922 0.986328 0.666016 0.986328 0.656250 0.982422 0.656250 0.980469 0.654297 0.980469 0.652344 0.978516 0.650391 0.976562 0.650391 0.974609 0.648438 0.964844 0.648438 0.962891 0.646484 0.958984 0.646484 0.957031 0.644531 0.955078 0.644531 0.951172 0.640625 0.953125 0.638672 0.964844 0.638672 0.964844 0.632812 0.958984 0.626953 0.958984 0.623047 0.960938 0.621094 0.960938 0.613281 0.955078 0.613281 0.955078 0.615234 0.953125 0.617188 0.953125 0.619141 0.951172 0.621094 0.951172 0.623047 0.949219 0.625000 0.949219 0.626953 0.947266 0.628906 0.947266 0.634766 0.945312 0.636719 0.943359 0.636719 0.939453 0.632812 0.935547 0.632812 0.933594 0.630859 0.931641 0.630859 0.929688 0.628906 0.929688 0.615234 0.925781 0.611328 0.917969 0.611328 0.916016 0.613281 0.912109 0.613281 0.910156 0.615234 0.908203 0.615234 0.904297 0.619141 0.896484 0.619141 0.896484 0.628906 0.900391 0.628906 0.902344 0.630859 0.902344 0.640625 0.906250 0.644531 0.904297 0.646484 0.896484 0.646484 0.894531 0.648438 0.892578 0.646484 0.892578 0.644531 0.888672 0.644531 0.886719 0.646484 0.886719 0.652344 0.888672 0.654297 0.888672 0.656250 0.892578 0.660156 0.892578 0.664062 0.890625 0.666016 0.890625 0.673828 0.892578 0.675781 0.892578 0.677734 0.894531 0.679688 0.894531 0.683594 0.896484 0.683594 0.900391 0.687500 0.900391 0.689453 0.902344 0.691406 0.900391 0.693359 0.900391 0.699219 0.904297 0.699219 0.906250 0.697266 0.910156 0.697266 0.912109 0.699219 0.906250 0.705078 0.904297 0.705078 0.904297 0.708984 0.910156 0.708984 0.912109 0.710938 0.912109 0.716797 0.919922 0.716797 0.921875 0.714844 0.923828 0.716797 0.929688 0.716797 0.929688 0.714844 0.931641 0.712891 0.933594 0.714844 0.933594 0.722656 0.931641 0.724609 0.929688 0.724609 0.929688 0.730469 0.931641 0.732422 0.931641 0.734375 0.933594 0.736328 0.933594 0.738281 0.935547 0.740234 0.935547 0.742188 0.937500 0.744141 0.943359 0.744141 0.947266 0.748047 0.949219 0.748047 0.951172 0.750000 0.951172 0.757812 0.949219 0.759766 0.939453 0.759766 0.939453 0.761719 0.937500 0.763672 0.937500 0.769531 0.935547 0.771484 0.929688 0.771484 0.927734 0.773438 0.925781 0.773438 0.925781 0.783203 0.927734 0.785156 0.927734 0.791016 0.929688 0.792969 0.927734 0.794922 0.925781 0.794922 0.921875 0.798828 0.919922 0.796875 0.919922 0.791016 0.917969 0.791016 0.916016 0.789062 0.916016 0.787109 0.914062 0.787109 0.912109 0.785156 0.912109 0.783203 0.910156 0.783203 0.908203 0.781250 0.908203 0.779297 0.904297 0.779297 0.902344 0.777344 0.900391 0.777344 0.896484 0.773438 0.896484 0.769531 0.898438 0.767578 0.900391 0.769531 0.906250 0.769531 0.908203 0.767578 0.912109 0.767578 0.917969 0.761719 0.917969 0.748047 0.912109 0.742188 0.908203 0.742188 0.906250 0.740234 0.904297 0.740234 0.900391 0.736328 0.900391 0.732422 0.898438 0.732422 0.896484 0.730469 0.896484 0.726562 0.898438 0.724609 0.900391 0.724609 0.902344 0.722656 0.904297 0.722656 0.904297 0.716797 0.902344 0.716797 0.900391 0.714844 0.900391 0.710938 0.896484 0.710938 0.894531 0.712891 0.892578 0.710938 0.892578 0.701172 0.890625 0.701172 0.888672 0.699219 0.890625 0.697266 0.892578 0.697266 0.894531 0.695312 0.894531 0.691406 0.892578 0.689453 0.892578 0.687500 0.890625 0.687500 0.888672 0.685547 0.888672 0.681641 0.886719 0.679688 0.886719 0.671875 0.884766 0.669922 0.882812 0.669922 0.880859 0.667969 0.880859 0.666016 0.876953 0.666016 0.871094 0.660156 0.869141 0.660156 0.857422 0.648438 0.857422 0.646484 0.851562 0.640625 0.847656 0.640625 0.845703 0.642578 0.843750 0.642578 0.841797 0.640625 0.841797 0.630859 0.839844 0.628906 0.837891 0.628906 0.828125 0.619141 0.830078 0.617188 0.832031 0.617188 0.833984 0.619141 0.843750 0.619141 0.845703 0.621094 0.855469 0.621094 0.857422 0.619141 0.859375 0.619141 0.861328 0.617188 0.863281 0.617188 0.865234 0.619141 0.865234 0.625000 0.867188 0.625000 0.869141 0.626953 0.869141 0.628906 0.871094 0.628906 0.873047 0.630859 0.878906 0.630859 0.880859 0.628906 0.880859 0.626953 0.882812 0.625000 0.882812 0.621094 0.878906 0.621094 0.875000 0.625000 0.873047 0.623047 0.873047 0.619141 0.865234 0.619141 0.863281 0.617188 0.863281 0.613281 0.859375 0.609375 0.863281 0.605469 0.863281 0.599609 0.865234 0.597656 0.865234 0.595703 0.867188 0.593750 0.869141 0.593750 0.871094 0.591797 0.873047 0.593750 0.876953 0.593750 0.878906 0.595703 0.878906 0.603516 0.875000 0.607422 0.875000 0.613281 0.878906 0.617188 0.882812 0.617188 0.882812 0.615234 0.884766 0.613281 0.894531 0.613281 0.896484 0.611328 0.898438 0.611328 0.898438 0.609375 0.902344 0.605469 0.902344 0.595703 0.896484 0.595703 0.892578 0.599609 0.890625 0.599609 0.888672 0.597656 0.888672 0.595703 0.886719 0.593750 0.892578 0.587891 0.894531 0.587891 0.898438 0.583984 0.900391 0.583984 0.900391 0.576172 0.902344 0.574219 0.904297 0.576172 0.906250 0.576172 0.908203 0.578125 0.908203 0.580078 0.916016 0.587891 0.916016 0.589844 0.914062 0.591797 0.910156 0.591797 0.910156 0.597656 0.914062 0.597656 0.916016 0.599609 0.921875 0.599609 0.923828 0.597656 0.923828 0.595703 0.925781 0.593750 0.925781 0.587891 0.921875 0.587891 0.919922 0.585938 0.919922 0.580078 0.917969 0.578125 0.917969 0.576172 0.914062 0.572266 0.914062 0.570312 0.902344 0.570312 0.902344 0.572266 0.900391 0.574219 0.898438 0.572266 0.896484 0.572266 0.890625 0.566406 0.890625 0.564453 0.892578 0.562500 0.894531 0.564453 0.898438 0.564453 0.900391 0.562500 0.900391 0.554688 0.902344 0.552734 0.902344 0.550781 0.904297 0.548828 0.904297 0.539062 0.902344 0.539062 0.900391 0.537109 0.900391 0.535156 0.898438 0.533203 0.898438 0.531250 0.896484 0.529297 0.896484 0.527344 0.892578 0.523438 0.892578 0.521484 0.890625 0.519531 0.890625 0.515625 0.886719 0.511719 0.880859 0.511719 0.878906 0.513672 0.876953 0.511719 0.876953 0.509766 0.875000 0.507812 0.875000 0.505859 0.871094 0.501953 0.871094 0.492188 0.869141 0.490234 0.869141 0.488281 0.867188 0.488281 0.863281 0.484375 0.863281 0.480469 0.861328 0.480469 0.855469 0.474609 0.857422 0.472656 0.859375 0.472656 0.863281 0.476562 0.871094 0.476562 0.871094 0.472656 0.873047 0.470703 0.875000 0.470703 0.878906 0.474609 0.878906 0.476562 0.880859 0.476562 0.882812 0.478516 0.884766 0.478516 0.892578 0.486328 0.902344 0.486328 0.906250 0.482422 0.910156 0.482422 0.914062 0.486328 0.914062 0.490234 0.916016 0.492188 0.927734 0.492188 0.933594 0.498047 0.933594 0.500000 0.935547 0.500000 0.937500 0.501953 0.937500 0.503906 0.935547 0.505859 0.935547 0.507812 0.931641 0.511719 0.931641 0.515625 0.935547 0.515625 0.937500 0.513672 0.939453 0.513672 0.941406 0.515625 0.941406 0.525391 0.947266 0.525391 0.949219 0.527344 0.951172 0.527344 0.953125 0.529297 0.953125 0.535156 0.951172 0.537109 0.947266 0.533203 0.945312 0.533203 0.941406 0.529297 0.935547 0.529297 0.933594 0.531250 0.933594 0.539062 0.935547 0.539062 0.941406 0.544922 0.939453 0.546875 0.935547 0.546875 0.935547 0.550781 0.937500 0.552734 0.947266 0.552734 0.949219 0.554688 0.949219 0.558594 0.953125 0.558594 0.955078 0.556641 0.955078 0.554688 0.957031 0.552734 0.958984 0.552734 0.964844 0.546875 0.966797 0.548828 0.968750 0.548828 0.974609 0.554688 0.972656 0.556641 0.972656 0.558594 0.970703 0.560547 0.968750 0.560547 0.968750 0.562500 0.966797 0.564453 0.964844 0.564453 0.964844 0.572266 0.962891 0.574219 0.960938 0.572266 0.960938 0.570312 0.957031 0.570312 0.957031 0.578125 0.958984 0.580078 0.962891 0.580078 0.962891 0.576172 0.964844 0.574219 0.970703 0.580078 0.970703 0.582031 0.972656 0.582031 0.974609 0.583984 0.974609 0.585938 0.976562 0.585938 0.978516 0.587891 0.992188 0.587891 0.992188 0.371094 0.986328 0.371094 0.984375 0.373047 0.982422 0.373047 0.980469 0.375000 0.978516 0.375000 0.976562 0.376953 0.974609 0.375000 0.966797 0.375000 0.964844 0.376953 0.962891 0.376953 0.960938 0.378906 0.958984 0.378906 0.957031 0.376953 0.960938 0.373047 0.962891 0.373047 0.968750 0.367188 0.970703 0.367188 0.972656 0.365234 0.974609 0.365234 0.978516 0.361328 0.980469 0.361328 0.982422 0.359375 0.986328 0.359375 0.990234 0.355469 0.992188 0.355469 0.992188 0.324219 0.986328 0.318359 0.986328 0.320312 0.982422 0.324219 0.982422 0.326172 0.978516 0.330078 0.976562 0.330078 0.974609 0.328125 0.974609 0.324219 0.972656 0.322266 0.966797 0.322266 0.964844 0.320312 0.964844 0.318359 0.966797 0.316406 0.968750 0.316406 0.970703 0.314453 0.974609 0.314453 0.976562 0.312500 0.976562 0.308594 0.970703 0.308594 0.968750 0.306641 0.962891 0.306641 0.957031 0.300781 0.955078 0.300781 0.953125 0.298828 0.949219 0.298828 0.945312 0.294922 0.945312 0.291016 0.943359 0.289062 0.953125 0.279297 0.953125 0.275391 0.951172 0.273438 0.949219 0.273438 0.947266 0.271484 0.939453 0.271484 0.937500 0.269531 0.939453 0.267578 0.941406 0.267578 0.943359 0.265625 0.947266 0.265625 0.947266 0.261719 0.945312 0.261719 0.943359 0.259766 0.939453 0.259766 0.937500 0.257812 0.933594 0.257812 0.931641 0.255859 0.931641 0.253906 0.933594 0.251953 0.937500 0.251953 0.937500 0.244141 0.933594 0.244141 0.929688 0.240234 0.916016 0.240234 0.914062 0.238281 0.910156 0.238281 0.908203 0.240234 0.906250 0.240234 0.904297 0.242188 0.904297 0.246094 0.916016 0.246094 0.917969 0.248047 0.917969 0.250000 0.921875 0.253906 0.919922 0.255859 0.916016 0.255859 0.914062 0.257812 0.910156 0.257812 0.910156 0.263672 0.912109 0.265625 0.917969 0.265625 0.919922 0.267578 0.921875 0.267578 0.923828 0.269531 0.927734 0.269531 0.929688 0.271484 0.929688 0.277344 0.927734 0.279297 0.923828 0.279297 0.921875 0.277344 0.921875 0.275391 0.919922 0.273438 0.912109 0.273438 0.910156 0.275391 0.902344 0.275391 0.900391 0.277344 0.900391 0.287109 0.904297 0.291016 0.904297 0.292969 0.902344 0.294922 0.900391 0.294922 0.898438 0.292969 0.896484 0.292969 0.894531 0.291016 0.894531 0.289062 0.890625 0.285156 0.894531 0.281250 0.896484 0.281250 0.892578 0.277344 0.892578 0.269531 0.894531 0.267578 0.896484 0.267578 0.896484 0.263672 0.894531 0.263672 0.892578 0.261719 0.890625 0.261719 0.888672 0.259766 0.888672 0.257812 0.890625 0.255859 0.890625 0.246094 0.888672 0.244141 0.884766 0.244141 0.880859 0.240234 0.875000 0.240234 0.875000 0.244141 0.878906 0.248047 0.876953 0.250000 0.875000 0.250000 0.873047 0.251953 0.869141 0.248047 0.867188 0.248047 0.865234 0.246094 0.865234 0.244141 0.863281 0.244141 0.861328 0.242188 0.861328 0.240234 0.857422 0.240234 0.857422 0.246094 0.855469 0.248047 0.853516 0.248047 0.853516 0.251953 0.857422 0.255859 0.857422 0.257812 0.863281 0.257812 0.865234 0.255859 0.867188 0.255859 0.871094 0.259766 0.871094 0.261719 0.873047 0.261719 0.875000 0.263672 0.875000 0.277344 0.876953 0.277344 0.878906 0.279297 0.878906 0.283203 0.876953 0.285156 0.875000 0.285156 0.873047 0.283203 0.871094 0.283203 0.869141 0.281250 0.863281 0.281250 0.861328 0.283203 0.857422 0.283203 0.857422 0.289062 0.861328 0.289062 0.863281 0.291016 0.873047 0.291016 0.876953 0.294922 0.875000 0.296875 0.875000 0.298828 0.873047 0.300781 0.873047 0.304688 0.875000 0.306641 0.871094 0.310547 0.869141 0.310547 0.867188 0.312500 0.865234 0.312500 0.863281 0.314453 0.861328 0.314453 0.861328 0.316406 0.859375 0.318359 0.857422 0.318359 0.855469 0.320312 0.851562 0.320312 0.849609 0.322266 0.845703 0.322266 0.843750 0.320312 0.843750 0.308594 0.841797 0.306641 0.837891 0.306641 0.835938 0.308594 0.833984 0.308594 0.828125 0.314453 0.826172 0.312500 0.826172 0.310547 0.820312 0.310547 0.814453 0.316406 0.812500 0.316406 0.812500 0.322266 0.816406 0.322266 0.818359 0.320312 0.820312 0.320312 0.824219 0.324219 0.824219 0.328125 0.822266 0.330078 0.820312 0.330078 0.818359 0.328125 0.818359 0.326172 0.808594 0.326172 0.808594 0.333984 0.810547 0.335938 0.810547 0.339844 0.812500 0.341797 0.812500 0.347656 0.808594 0.351562 0.804688 0.351562 0.804688 0.361328 0.806641 0.363281 0.804688 0.365234 0.802734 0.365234 0.800781 0.363281 0.798828 0.363281 0.796875 0.361328 0.796875 0.353516 0.794922 0.353516 0.792969 0.351562 0.792969 0.345703 0.791016 0.343750 0.792969 0.341797 0.794922 0.341797 0.794922 0.337891 0.796875 0.335938 0.798828 0.335938 0.798828 0.326172 0.796875 0.324219 0.796875 0.322266 0.794922 0.322266 0.792969 0.320312 0.792969 0.318359 0.791016 0.318359 0.785156 0.312500 0.781250 0.312500 0.779297 0.310547 0.779297 0.304688 0.777344 0.304688 0.773438 0.300781 0.771484 0.300781 0.767578 0.296875 0.761719 0.296875 0.759766 0.294922 0.748047 0.294922 0.748047 0.296875 0.746094 0.298828 0.738281 0.298828 0.738281 0.302734 0.740234 0.304688 0.740234 0.306641 0.742188 0.308594 0.744141 0.308594 0.746094 0.310547 0.746094 0.312500 0.748047 0.314453 0.748047 0.320312 0.746094 0.322266 0.746094 0.328125 0.744141 0.330078 0.740234 0.330078 0.738281 0.332031 0.734375 0.332031 0.734375 0.335938 0.736328 0.337891 0.736328 0.339844 0.738281 0.341797 0.740234 0.341797 0.742188 0.343750 0.744141 0.343750 0.746094 0.345703 0.744141 0.347656 0.744141 0.351562 0.750000 0.351562 0.753906 0.355469 0.753906 0.357422 0.755859 0.359375 0.755859 0.367188 0.753906 0.369141 0.753906 0.371094 0.761719 0.371094 0.763672 0.373047 0.763672 0.378906 0.767578 0.382812 0.771484 0.382812 0.775391 0.386719 0.775391 0.390625 0.773438 0.392578 0.761719 0.392578 0.759766 0.390625 0.757812 0.390625 0.753906 0.386719 0.751953 0.388672 0.750000 0.388672 0.748047 0.386719 0.748047 0.384766 0.746094 0.384766 0.742188 0.380859 0.742188 0.376953 0.740234 0.375000 0.740234 0.373047 0.738281 0.371094 0.736328 0.371094 0.734375 0.369141 0.734375 0.367188 0.728516 0.367188 0.726562 0.369141 0.724609 0.369141 0.724609 0.373047 0.722656 0.375000 0.720703 0.375000 0.718750 0.376953 0.714844 0.373047 0.710938 0.373047 0.710938 0.378906 0.707031 0.382812 0.707031 0.386719 0.705078 0.388672 0.705078 0.394531 0.708984 0.398438 0.708984 0.402344 0.707031 0.404297 0.707031 0.412109 0.710938 0.416016 0.710938 0.419922 0.708984 0.421875 0.708984 0.423828 0.707031 0.425781 0.707031 0.427734 0.705078 0.429688 0.705078 0.435547 0.707031 0.437500 0.707031 0.441406 0.705078 0.443359 0.705078 0.445312 0.703125 0.447266 0.699219 0.447266 0.697266 0.445312 0.691406 0.445312 0.687500 0.441406 0.687500 0.439453 0.685547 0.439453 0.683594 0.437500 0.681641 0.437500 0.679688 0.435547 0.667969 0.435547 0.666016 0.433594 0.666016 0.431641 0.667969 0.429688 0.669922 0.429688 0.669922 0.427734 0.671875 0.425781 0.673828 0.425781 0.673828 0.423828 0.675781 0.421875 0.677734 0.421875 0.677734 0.419922 0.679688 0.417969 0.685547 0.417969 0.685547 0.416016 0.687500 0.414062 0.689453 0.414062 0.691406 0.412109 0.691406 0.400391 0.689453 0.398438 0.687500 0.398438 0.685547 0.396484 0.685547 0.390625 0.683594 0.388672 0.683594 0.386719 0.679688 0.382812 0.679688 0.380859 0.677734 0.380859 0.673828 0.376953 0.667969 0.376953 0.666016 0.375000 0.666016 0.369141 0.660156 0.369141 0.656250 0.365234 0.652344 0.365234 0.650391 0.363281 0.648438 0.363281 0.646484 0.361328 0.646484 0.359375 0.644531 0.357422 0.644531 0.353516 0.648438 0.349609 0.652344 0.349609 0.654297 0.347656 0.654297 0.343750 0.652344 0.343750 0.650391 0.341797 0.650391 0.335938 0.652344 0.333984 0.652344 0.328125 0.650391 0.326172 0.654297 0.322266 0.654297 0.318359 0.658203 0.314453 0.662109 0.314453 0.664062 0.316406 0.666016 0.316406 0.671875 0.322266 0.677734 0.322266 0.683594 0.316406 0.683594 0.310547 0.679688 0.310547 0.677734 0.308594 0.677734 0.300781 0.675781 0.300781 0.673828 0.298828 0.673828 0.296875 0.671875 0.294922 0.666016 0.294922 0.664062 0.296875 0.662109 0.296875 0.660156 0.298828 0.658203 0.298828 0.656250 0.296875 0.656250 0.294922 0.652344 0.291016 0.652344 0.289062 0.646484 0.283203 0.630859 0.283203 0.628906 0.285156 0.626953 0.283203 0.626953 0.277344 0.625000 0.275391 0.617188 0.275391 0.617188 0.279297 0.615234 0.281250 0.615234 0.285156 0.621094 0.291016 0.619141 0.292969 0.617188 0.292969 0.615234 0.294922 0.615234 0.308594 0.617188 0.308594 0.621094 0.312500 0.621094 0.320312 0.619141 0.322266 0.619141 0.328125 0.617188 0.330078 0.615234 0.330078 0.609375 0.335938 0.603516 0.335938 0.597656 0.341797 0.593750 0.341797 0.593750 0.345703 0.597656 0.349609 0.597656 0.351562 0.595703 0.353516 0.595703 0.355469 0.593750 0.357422 0.593750 0.361328 0.591797 0.363281 0.589844 0.363281 0.583984 0.357422 0.583984 0.353516 0.580078 0.353516 0.580078 0.355469 0.578125 0.357422 0.578125 0.359375 0.580078 0.361328 0.580078 0.363281 0.585938 0.369141 0.587891 0.369141 0.589844 0.371094 0.587891 0.373047 0.582031 0.373047 0.580078 0.371094 0.580078 0.369141 0.574219 0.369141 0.572266 0.367188 0.572266 0.361328 0.570312 0.361328 0.568359 0.359375 0.568359 0.357422 0.566406 0.357422 0.564453 0.355469 0.564453 0.353516 0.562500 0.351562 0.562500 0.341797 0.570312 0.333984 0.570312 0.326172 0.564453 0.320312 0.554688 0.320312 0.550781 0.316406 0.550781 0.312500 0.544922 0.306641 0.542969 0.306641 0.541016 0.304688 0.541016 0.294922 0.539062 0.294922 0.537109 0.292969 0.537109 0.291016 0.535156 0.291016 0.533203 0.289062 0.533203 0.281250 0.535156 0.279297 0.541016 0.279297 0.548828 0.271484 0.550781 0.271484 0.554688 0.267578 0.554688 0.265625 0.556641 0.263672 0.556641 0.257812 0.548828 0.257812 0.546875 0.259766 0.535156 0.259766 0.533203 0.257812 0.533203 0.255859 0.515625 0.255859 0.513672 0.253906 0.513672 0.251953 0.507812 0.251953 0.507812 0.253906 0.505859 0.255859 0.488281 0.255859 0.484375 0.259766 0.480469 0.259766 0.478516 0.261719 0.478516 0.263672 0.476562 0.265625 0.474609 0.265625 0.470703 0.269531 0.468750 0.269531 0.466797 0.271484 0.462891 0.271484 0.460938 0.269531 0.460938 0.265625 0.445312 0.265625 0.443359 0.267578 0.441406 0.267578 0.441406 0.269531 0.439453 0.271484 0.437500 0.271484 0.433594 0.267578 0.433594 0.259766 0.427734 0.259766 0.419922 0.267578 0.417969 0.265625 0.414062 0.265625 0.414062 0.269531 0.412109 0.271484 0.410156 0.271484 0.408203 0.269531 0.408203 0.261719 0.396484 0.261719 0.392578 0.265625 0.388672 0.265625 0.386719 0.267578 0.384766 0.267578 0.382812 0.265625 0.382812 0.261719 0.380859 0.259766 0.380859 0.251953 0.375000 0.246094 0.367188 0.246094 0.367188 0.248047 0.359375 0.255859 0.353516 0.255859 0.353516 0.263672 0.351562 0.265625 0.351562 0.269531 0.341797 0.279297 0.339844 0.279297 0.339844 0.285156 0.341797 0.285156 0.343750 0.287109 0.343750 0.289062 0.347656 0.292969 0.347656 0.296875 0.345703 0.298828 0.339844 0.298828 0.339844 0.316406 0.345703 0.322266 0.345703 0.324219 0.347656 0.326172 0.349609 0.326172 0.353516 0.330078 0.353516 0.332031 0.351562 0.333984 0.339844 0.333984 0.335938 0.337891 0.335938 0.347656 0.341797 0.347656 0.343750 0.345703 0.345703 0.347656 0.355469 0.347656 0.357422 0.345703 0.359375 0.345703 0.361328 0.343750 0.361328 0.341797 0.363281 0.339844 0.363281 0.333984 0.365234 0.332031 0.369141 0.332031 0.371094 0.330078 0.373047 0.330078 0.375000 0.328125 0.376953 0.328125 0.378906 0.330078 0.378906 0.332031 0.380859 0.333984 0.380859 0.343750 0.382812 0.345703 0.382812 0.347656 0.384766 0.349609 0.384766 0.353516 0.386719 0.355469 0.386719 0.369141 0.396484 0.369141 0.396484 0.367188 0.404297 0.359375 0.404297 0.357422 0.410156 0.351562 0.410156 0.343750 0.412109 0.341797 0.412109 0.337891 0.414062 0.335938 0.417969 0.335938 0.419922 0.337891 0.423828 0.337891 0.425781 0.339844 0.425781 0.341797 0.427734 0.343750 0.427734 0.357422 0.429688 0.359375 0.429688 0.371094 0.427734 0.373047 0.427734 0.375000 0.425781 0.376953 0.425781 0.378906 0.427734 0.380859 0.427734 0.382812 0.429688 0.384766 0.429688 0.390625 0.431641 0.390625 0.433594 0.392578 0.433594 0.398438 0.431641 0.400391 0.429688 0.400391 0.429688 0.402344 0.427734 0.404297 0.425781 0.404297 0.423828 0.406250 0.423828 0.414062 0.421875 0.416016 0.421875 0.417969 0.423828 0.417969 0.425781 0.419922 0.425781 0.421875 0.423828 0.423828 0.417969 0.423828 0.416016 0.421875 0.414062 0.421875 0.412109 0.419922 0.410156 0.419922 0.408203 0.417969 0.402344 0.417969 0.402344 0.423828 0.404297 0.425781 0.404297 0.427734 0.406250 0.427734 0.408203 0.429688 0.406250 0.431641 0.406250 0.439453 0.404297 0.441406 0.402344 0.439453 0.400391 0.439453 0.392578 0.431641 0.378906 0.431641 0.375000 0.435547 0.373047 0.435547 0.373047 0.441406 0.376953 0.441406 0.378906 0.439453 0.380859 0.439453 0.382812 0.437500 0.384766 0.439453 0.384766 0.441406 0.380859 0.445312 0.380859 0.451172 0.388672 0.451172 0.390625 0.453125 0.390625 0.455078 0.392578 0.457031 0.398438 0.457031 0.402344 0.460938 0.402344 0.462891 0.400391 0.464844 0.398438 0.464844 0.396484 0.466797 0.390625 0.466797 0.388672 0.464844 0.386719 0.464844 0.384766 0.462891 0.369141 0.462891 0.369141 0.464844 0.365234 0.468750 0.363281 0.468750 0.363281 0.478516 0.369141 0.478516 0.373047 0.482422 0.388672 0.482422 0.390625 0.484375 0.390625 0.486328 0.386719 0.490234 0.382812 0.490234 0.380859 0.492188 0.378906 0.492188 0.376953 0.494141 0.367188 0.494141 0.367188 0.498047 0.373047 0.498047 0.375000 0.500000 0.376953 0.500000 0.378906 0.501953 0.378906 0.503906 0.376953 0.505859 0.375000 0.505859 0.375000 0.507812 0.373047 0.509766 0.371094 0.509766 0.371094 0.511719 0.369141 0.513672 0.367188 0.513672 0.367188 0.515625 0.365234 0.517578 0.361328 0.517578 0.359375 0.515625 0.355469 0.515625 0.353516 0.513672 0.335938 0.513672 0.333984 0.515625 0.333984 0.519531 0.335938 0.521484 0.335938 0.527344 0.333984 0.529297 0.318359 0.529297 0.316406 0.531250 0.314453 0.531250 0.314453 0.533203 0.312500 0.535156 0.312500 0.541016 0.314453 0.542969 0.316406 0.542969 0.318359 0.544922 0.318359 0.546875 0.322266 0.550781 0.324219 0.550781 0.328125 0.554688 0.328125 0.560547 0.326172 0.562500 0.322266 0.562500 0.320312 0.560547 0.316406 0.560547 0.312500 0.564453 0.312500 0.576172 0.314453 0.578125 0.326172 0.578125 0.328125 0.580078 0.328125 0.582031 0.326172 0.583984 0.324219 0.583984 0.324219 0.597656 0.326172 0.597656 0.328125 0.599609 0.328125 0.621094 0.330078 0.623047 0.330078 0.625000 0.332031 0.625000 0.333984 0.626953 0.335938 0.626953 0.337891 0.628906 0.333984 0.632812 0.332031 0.632812 0.332031 0.636719 0.333984 0.638672 0.335938 0.638672 0.337891 0.640625 0.337891 0.642578 0.335938 0.644531 0.333984 0.644531 0.332031 0.646484 0.330078 0.646484 0.330078 0.652344 0.333984 0.656250 0.335938 0.656250 0.337891 0.658203 0.341797 0.658203 0.343750 0.660156 0.341797 0.662109 0.333984 0.662109 0.333984 0.673828 0.335938 0.675781 0.335938 0.679688 0.333984 0.681641 0.333984 0.683594 0.332031 0.685547 0.332031 0.687500 0.330078 0.689453 0.328125 0.689453 0.324219 0.693359 0.322266 0.693359 0.322266 0.705078 0.324219 0.707031 0.320312 0.710938 0.320312 0.712891 0.316406 0.716797 0.312500 0.716797 0.312500 0.722656 0.310547 0.724609 0.302734 0.724609 0.302734 0.726562 0.298828 0.730469 0.298828 0.734375 0.296875 0.736328 0.294922 0.736328 0.292969 0.734375 0.285156 0.734375 0.283203 0.732422 0.265625 0.732422 0.265625 0.734375 0.259766 0.740234 0.257812 0.740234 0.255859 0.738281 0.255859 0.736328 0.257812 0.734375 0.259766 0.734375 0.259766 0.724609 0.261719 0.722656 0.263672 0.722656 0.265625 0.720703 0.269531 0.720703 0.271484 0.718750 0.271484 0.716797 0.273438 0.714844 0.273438 0.712891 0.275391 0.710938 0.275391 0.703125 0.273438 0.701172 0.273438 0.689453 0.271484 0.687500 0.271484 0.679688 0.267578 0.675781 0.267578 0.666016 0.265625 0.664062 0.265625 0.660156 0.263672 0.658203 0.263672 0.650391 0.261719 0.648438 0.261719 0.642578 0.263672 0.640625 0.263672 0.638672 0.265625 0.636719 0.273438 0.636719 0.275391 0.638672 0.275391 0.640625 0.279297 0.644531 0.283203 0.644531 0.285156 0.646484 0.285156 0.650391 0.287109 0.652344 0.292969 0.652344 0.292969 0.642578 0.291016 0.640625 0.292969 0.638672 0.292969 0.630859 0.289062 0.626953 0.289062 0.625000 0.287109 0.623047 0.287109 0.619141 0.291016 0.615234 0.292969 0.617188 0.292969 0.619141 0.300781 0.619141 0.302734 0.617188 0.304688 0.617188 0.306641 0.615234 0.306641 0.607422 0.302734 0.607422 0.300781 0.605469 0.300781 0.603516 0.298828 0.601562 0.298828 0.595703 0.296875 0.595703 0.291016 0.589844 0.291016 0.587891 0.287109 0.583984 0.287109 0.582031 0.285156 0.580078 0.287109 0.578125 0.292969 0.578125 0.294922 0.576172 0.294922 0.574219 0.298828 0.570312 0.298828 0.564453 0.294922 0.564453 0.292969 0.562500 0.291016 0.562500 0.285156 0.556641 0.283203 0.556641 0.281250 0.554688 0.275391 0.554688 0.273438 0.552734 0.269531 0.552734 0.267578 0.550781 0.261719 0.550781 0.259766 0.548828 0.259766 0.544922 0.255859 0.544922 0.248047 0.537109 0.242188 0.537109 0.240234 0.535156 0.240234 0.527344 0.242188 0.525391 0.244141 0.527344 0.250000 0.527344 0.251953 0.525391 0.255859 0.525391 0.261719 0.519531 0.261719 0.513672 0.263672 0.511719 0.265625 0.511719 0.265625 0.509766 0.269531 0.505859 0.269531 0.498047 0.273438 0.494141 0.287109 0.494141 0.287109 0.492188 0.294922 0.484375 0.296875 0.484375 0.300781 0.480469 0.300781 0.474609 0.302734 0.472656 0.306641 0.472656 0.306641 0.470703 0.308594 0.468750 0.312500 0.468750 0.312500 0.466797 0.310547 0.466797 0.308594 0.464844 0.308594 0.457031 0.310547 0.455078 0.314453 0.455078 0.314453 0.439453 0.318359 0.435547 0.320312 0.435547 0.322266 0.433594 0.322266 0.421875 0.324219 0.419922 0.324219 0.396484 0.322266 0.396484 0.320312 0.394531 0.320312 0.382812 0.322266 0.380859 0.324219 0.380859 0.324219 0.367188 0.322266 0.365234 0.322266 0.363281 0.320312 0.361328 0.320312 0.359375 0.318359 0.359375 0.316406 0.357422 0.316406 0.355469 0.312500 0.351562 0.312500 0.349609 0.310547 0.347656 0.308594 0.347656 0.304688 0.343750 0.304688 0.341797 0.302734 0.339844 0.306641 0.335938 0.308594 0.335938 0.312500 0.332031 0.312500 0.328125 0.314453 0.326172 0.322266 0.326172 0.324219 0.324219 0.326172 0.324219 0.328125 0.322266 0.328125 0.308594 0.324219 0.308594 0.322266 0.306641 0.324219 0.304688 0.326172 0.304688 0.326172 0.296875 0.328125 0.294922 0.328125 0.281250 0.326172 0.279297 0.326172 0.275391 0.324219 0.273438 0.324219 0.269531 0.322266 0.269531 0.320312 0.267578 0.316406 0.267578 0.314453 0.265625 0.314453 0.259766 0.312500 0.257812 0.312500 0.253906 0.306641 0.248047 0.296875 0.248047 0.294922 0.246094 0.294922 0.232422 0.296875 0.230469 0.300781 0.234375 0.314453 0.234375 0.314453 0.230469 0.316406 0.228516 0.318359 0.228516 0.322266 0.224609 0.328125 0.224609 0.330078 0.226562 0.330078 0.228516 0.333984 0.228516 0.339844 0.234375 0.353516 0.234375 0.355469 0.232422 0.355469 0.230469 0.357422 0.228516 0.357422 0.214844 0.355469 0.214844 0.353516 0.212891 0.351562 0.212891 0.349609 0.210938 0.349609 0.208984 0.347656 0.207031 0.347656 0.205078 0.349609 0.203125 0.357422 0.203125 0.363281 0.208984 0.365234 0.208984 0.367188 0.210938 0.376953 0.210938 0.378906 0.212891 0.378906 0.216797 0.376953 0.218750 0.376953 0.228516 0.380859 0.232422 0.392578 0.232422 0.394531 0.230469 0.404297 0.230469 0.404297 0.228516 0.406250 0.226562 0.416016 0.226562 0.416016 0.224609 0.417969 0.222656 0.417969 0.207031 0.419922 0.205078 0.421875 0.207031 0.423828 0.207031 0.427734 0.210938 0.429688 0.210938 0.431641 0.212891 0.433594 0.212891 0.437500 0.216797 0.437500 0.218750 0.445312 0.226562 0.445312 0.228516 0.447266 0.230469 0.455078 0.230469 0.455078 0.228516 0.457031 0.226562 0.458984 0.226562 0.460938 0.228516 0.466797 0.228516 0.468750 0.230469 0.468750 0.232422 0.474609 0.232422 0.476562 0.234375 0.478516 0.234375 0.480469 0.236328 0.480469 0.238281 0.484375 0.238281 0.486328 0.240234 0.492188 0.240234 0.494141 0.242188 0.503906 0.242188 0.505859 0.240234 0.517578 0.240234 0.519531 0.238281 0.523438 0.242188 0.531250 0.242188 0.533203 0.240234 0.541016 0.240234 0.550781 0.230469 0.550781 0.228516 0.554688 0.224609 0.554688 0.208984 0.552734 0.207031 0.552734 0.205078 0.550781 0.205078 0.548828 0.203125 0.548828 0.199219 0.550781 0.197266 0.552734 0.197266 0.554688 0.195312 0.556641 0.195312 0.558594 0.193359 0.558594 0.185547 0.548828 0.185547 0.544922 0.189453 0.531250 0.189453 0.529297 0.187500 0.529297 0.185547 0.527344 0.185547 0.525391 0.183594 0.525391 0.181641 0.523438 0.181641 0.521484 0.179688 0.521484 0.177734 0.523438 0.175781 0.525391 0.175781 0.525391 0.173828 0.527344 0.171875 0.529297 0.173828 0.531250 0.173828 0.533203 0.175781 0.537109 0.175781 0.539062 0.177734 0.548828 0.177734 0.550781 0.175781 0.552734 0.175781 0.554688 0.173828 0.556641 0.173828 0.560547 0.169922 0.560547 0.154297 0.562500 0.152344 0.572266 0.152344 0.574219 0.150391 0.580078 0.150391 0.582031 0.152344 0.582031 0.156250 0.580078 0.158203 0.574219 0.158203 0.572266 0.160156 0.566406 0.160156 0.566406 0.169922 0.570312 0.169922 0.572266 0.171875 0.572266 0.173828 0.589844 0.173828 0.591797 0.171875 0.593750 0.173828 0.593750 0.175781 0.595703 0.177734 0.597656 0.177734 0.599609 0.179688 0.603516 0.179688 0.605469 0.181641 0.603516 0.183594 0.601562 0.183594 0.599609 0.185547 0.599609 0.193359 0.601562 0.193359 0.605469 0.197266 0.613281 0.197266 0.615234 0.195312 0.619141 0.195312 0.621094 0.193359 0.625000 0.193359 0.626953 0.195312 0.626953 0.199219 0.634766 0.199219 0.636719 0.197266 0.638672 0.197266 0.640625 0.199219 0.640625 0.201172 0.638672 0.203125 0.638672 0.212891 0.646484 0.212891 0.652344 0.207031 0.662109 0.207031 0.662109 0.205078 0.664062 0.203125 0.666016 0.203125 0.667969 0.205078 0.667969 0.207031 0.675781 0.214844 0.677734 0.214844 0.679688 0.216797 0.679688 0.218750 0.683594 0.222656 0.685547 0.222656 0.687500 0.224609 0.687500 0.226562 0.689453 0.228516 0.689453 0.232422 0.691406 0.234375 0.695312 0.234375 0.697266 0.236328 0.697266 0.238281 0.708984 0.238281 0.708984 0.234375 0.710938 0.232422 0.716797 0.232422 0.716797 0.218750 0.714844 0.216797 0.716797 0.214844 0.716797 0.212891 0.722656 0.207031 0.722656 0.199219 0.720703 0.199219 0.716797 0.195312 0.716797 0.187500 0.718750 0.185547 0.718750 0.179688 0.716797 0.179688 0.712891 0.175781 0.712891 0.173828 0.710938 0.173828 0.708984 0.171875 0.708984 0.169922 0.705078 0.166016 0.703125 0.166016 0.703125 0.171875 0.701172 0.173828 0.697266 0.173828 0.695312 0.171875 0.697266 0.169922 0.697266 0.160156 0.689453 0.160156 0.687500 0.162109 0.685547 0.162109 0.681641 0.158203 0.681641 0.150391 0.683594 0.148438 0.685547 0.148438 0.687500 0.150391 0.687500 0.152344 0.693359 0.152344 0.693359 0.150391 0.695312 0.148438 0.697266 0.148438 0.699219 0.150391 0.699219 0.156250 0.701172 0.156250 0.703125 0.158203 0.703125 0.160156 0.720703 0.160156 0.722656 0.162109 0.722656 0.164062 0.728516 0.164062 0.730469 0.166016 0.730469 0.167969 0.732422 0.167969 0.734375 0.169922 0.734375 0.171875 0.732422 0.173828 0.732422 0.181641 0.734375 0.183594 0.734375 0.185547 0.736328 0.187500 0.736328 0.189453 0.738281 0.191406 0.738281 0.193359 0.746094 0.193359 0.748047 0.195312 0.755859 0.195312 0.759766 0.191406 0.763672 0.191406 0.765625 0.193359 0.765625 0.195312 0.767578 0.195312 0.769531 0.197266 0.769531 0.207031 0.771484 0.208984 0.771484 0.212891 0.773438 0.214844 0.773438 0.216797 0.775391 0.218750 0.775391 0.220703 0.777344 0.222656 0.787109 0.222656 0.787109 0.220703 0.789062 0.218750 0.791016 0.218750 0.792969 0.216797 0.794922 0.216797 0.798828 0.212891 0.800781 0.214844 0.810547 0.214844 0.810547 0.212891 0.812500 0.210938 0.816406 0.210938 0.818359 0.212891 0.820312 0.212891 0.822266 0.214844 0.822266 0.216797 0.830078 0.216797 0.832031 0.214844 0.832031 0.212891 0.835938 0.208984 0.839844 0.208984 0.839844 0.207031 0.843750 0.203125 0.853516 0.203125 0.855469 0.201172 0.863281 0.201172 0.865234 0.199219 0.865234 0.191406 0.863281 0.189453 0.863281 0.177734 0.867188 0.173828 0.867188 0.171875 0.869141 0.169922 0.869141 0.167969 0.871094 0.166016 0.871094 0.152344 0.869141 0.150391 0.869141 0.148438 0.865234 0.144531 0.865234 0.138672 0.859375 0.132812 0.849609 0.132812 0.847656 0.130859 0.847656 0.125000 0.843750 0.125000 0.841797 0.123047 0.841797 0.121094 0.839844 0.119141 0.839844 0.117188 0.837891 0.117188 0.835938 0.115234 0.835938 0.111328 0.837891 0.109375 0.839844 0.109375 0.841797 0.107422 0.843750 0.107422 0.847656 0.103516 0.851562 0.103516 0.853516 0.105469 0.855469 0.103516 0.859375 0.103516 0.859375 0.101562 0.863281 0.097656 0.863281 0.091797 0.865234 0.089844 0.867188 0.089844 0.867188 0.085938 0.869141 0.083984 0.869141 0.082031 0.873047 0.078125 0.875000 0.078125 0.876953 0.076172 0.878906 0.076172 0.882812 0.072266 0.882812 0.066406 0.878906 0.066406 0.875000 0.070312 0.873047 0.070312 0.871094 0.068359 0.869141 0.068359 0.867188 0.066406 0.867188 0.064453 0.865234 0.062500 0.865234 0.052734 0.861328 0.048828 0.859375 0.048828 0.857422 0.046875 0.859375 0.044922 0.861328 0.044922 0.863281 0.042969 0.865234 0.042969 0.867188 0.041016 0.873047 0.041016 0.875000 0.039062 0.876953 0.039062 0.878906 0.037109 0.878906 0.027344 0.884766 0.021484 0.884766 0.019531 0.886719 0.017578 0.890625 0.017578 0.892578 0.019531 0.900391 0.019531 0.902344 0.017578 0.902344 0.015625 0.900391 0.013672 0.900391 0.011719 0.898438 0.009766 0.898438 0.007812 0.896484 0.005859 0.896484 0.003906 0.894531 0.001953 0.888672 0.001953 0.886719 0.000000 0.789062 0.000000 0.787109 0.001953 0.785156 0.001953 0.785156 0.009766 0.787109 0.011719 0.787109 0.013672 0.789062 0.015625 0.787109 0.017578 0.787109 0.023438 0.785156 0.025391 0.781250 0.025391 0.779297 0.027344 0.777344 0.027344 0.777344 0.039062 0.779297 0.039062 0.781250 0.041016 0.781250 0.042969 0.779297 0.044922 0.761719 0.044922 0.759766 0.042969 0.759766 0.041016 0.751953 0.041016 0.750000 0.039062 0.750000 0.037109 0.748047 0.035156 0.746094 0.035156 0.744141 0.033203 0.744141 0.029297 0.742188 0.027344 0.742188 0.025391 0.744141 0.023438 0.750000 0.029297 0.753906 0.029297 0.755859 0.031250 0.763672 0.031250 0.763672 0.023438 0.755859 0.015625 0.753906 0.015625 0.751953 0.013672 0.750000 0.013672 0.748047 0.011719 0.748047 0.009766 0.730469 0.009766 0.730469 0.019531 0.728516 0.021484 0.722656 0.021484 0.720703 0.019531 0.720703 0.015625 0.718750 0.013672 0.718750 0.007812 0.716797 0.005859 0.716797 0.001953 0.714844 0.000000