0 0.158203 0.791016 0.158203 0.792969 0.156250 0.794922 0.156250 0.802734 0.158203 0.804688 0.158203 0.808594 0.160156 0.810547 0.164062 0.810547 0.166016 0.808594 0.166016 0.802734 0.162109 0.798828 0.162109 0.796875 0.160156 0.794922 0.160156 0.791016
0 0.328125 0.726562 0.326172 0.728516 0.324219 0.728516 0.324219 0.734375 0.328125 0.738281 0.330078 0.738281 0.332031 0.740234 0.332031 0.742188 0.333984 0.744141 0.333984 0.746094 0.332031 0.748047 0.330078 0.748047 0.330078 0.751953 0.328125 0.753906 0.326172 0.753906 0.324219 0.755859 0.322266 0.755859 0.322266 0.759766 0.324219 0.761719 0.335938 0.761719 0.335938 0.757812 0.333984 0.755859 0.335938 0.753906 0.339844 0.753906 0.339844 0.751953 0.341797 0.750000 0.345703 0.750000 0.345703 0.746094 0.343750 0.746094 0.341797 0.744141 0.341797 0.740234 0.339844 0.738281 0.339844 0.736328 0.337891 0.734375 0.337891 0.732422 0.333984 0.728516 0.333984 0.726562
0 0.000000 0.685547 0.000000 0.781250 0.005859 0.781250 0.007812 0.783203 0.007812 0.785156 0.005859 0.787109 0.003906 0.787109 0.001953 0.785156 0.000000 0.787109 0.000000 0.796875 0.001953 0.798828 0.001953 0.800781 0.003906 0.802734 0.005859 0.802734 0.009766 0.798828 0.017578 0.798828 0.019531 0.796875 0.023438 0.796875 0.025391 0.794922 0.025391 0.791016 0.027344 0.789062 0.027344 0.785156 0.025391 0.783203 0.025391 0.781250 0.027344 0.779297 0.027344 0.771484 0.029297 0.769531 0.029297 0.761719 0.031250 0.759766 0.031250 0.751953 0.037109 0.746094 0.037109 0.744141 0.039062 0.742188 0.039062 0.738281 0.041016 0.736328 0.044922 0.736328 0.046875 0.734375 0.046875 0.732422 0.048828 0.730469 0.048828 0.728516 0.054688 0.722656 0.054688 0.720703 0.060547 0.714844 0.060547 0.708984 0.058594 0.707031 0.058594 0.701172 0.056641 0.699219 0.056641 0.693359 0.054688 0.693359 0.052734 0.691406 0.052734 0.689453 0.050781 0.687500 0.048828 0.687500 0.048828 0.689453 0.046875 0.691406 0.046875 0.693359 0.044922 0.695312 0.044922 0.697266 0.039062 0.703125 0.031250 0.703125 0.029297 0.705078 0.019531 0.705078 0.017578 0.703125 0.011719 0.703125 0.009766 0.701172 0.007812 0.701172 0.005859 0.699219 0.005859 0.693359 0.001953 0.689453 0.001953 0.685547
0 0.439453 0.617188 0.437500 0.619141 0.437500 0.621094 0.435547 0.623047 0.431641 0.619141 0.425781 0.619141 0.425781 0.623047 0.427734 0.623047 0.429688 0.625000 0.429688 0.632812 0.431641 0.634766 0.439453 0.634766 0.439453 0.630859 0.443359 0.626953 0.443359 0.625000 0.445312 0.623047 0.445312 0.617188
0 0.001953 0.599609 0.000000 0.601562 0.000000 0.611328 0.001953 0.611328 0.003906 0.613281 0.003906 0.615234 0.007812 0.619141 0.005859 0.621094 0.001953 0.621094 0.000000 0.623047 0.000000 0.656250 0.005859 0.656250 0.007812 0.654297 0.007812 0.650391 0.005859 0.648438 0.005859 0.646484 0.007812 0.644531 0.007812 0.638672 0.009766 0.636719 0.011719 0.636719 0.011719 0.632812 0.013672 0.630859 0.013672 0.628906 0.015625 0.626953 0.015625 0.623047 0.017578 0.621094 0.017578 0.611328 0.015625 0.609375 0.015625 0.601562 0.009766 0.601562 0.007812 0.599609
0 0.291016 0.574219 0.292969 0.576172 0.292969 0.578125 0.296875 0.578125 0.298828 0.576172 0.296875 0.576172 0.294922 0.574219
0 0.000000 0.533203 0.000000 0.539062 0.001953 0.541016 0.007812 0.541016 0.007812 0.537109 0.003906 0.533203
0 0.113281 0.488281 0.113281 0.496094 0.115234 0.498047 0.115234 0.501953 0.121094 0.501953 0.123047 0.500000 0.128906 0.500000 0.130859 0.498047 0.130859 0.490234 0.128906 0.488281 0.123047 0.488281 0.121094 0.490234 0.119141 0.490234 0.117188 0.488281
0 0.101562 0.488281 0.099609 0.490234 0.097656 0.490234 0.097656 0.501953 0.103516 0.501953 0.105469 0.503906 0.109375 0.503906 0.109375 0.501953 0.107422 0.500000 0.107422 0.488281
0 0.103516 0.470703 0.099609 0.474609 0.095703 0.474609 0.093750 0.476562 0.093750 0.482422 0.105469 0.482422 0.105469 0.478516 0.107422 0.476562 0.107422 0.470703
0 0.158203 0.466797 0.158203 0.470703 0.154297 0.474609 0.152344 0.472656 0.152344 0.470703 0.148438 0.470703 0.148438 0.472656 0.146484 0.474609 0.144531 0.474609 0.142578 0.476562 0.140625 0.476562 0.138672 0.474609 0.136719 0.474609 0.136719 0.478516 0.138672 0.478516 0.140625 0.480469 0.140625 0.486328 0.142578 0.488281 0.142578 0.490234 0.144531 0.492188 0.144531 0.496094 0.148438 0.500000 0.152344 0.500000 0.158203 0.494141 0.158203 0.486328 0.160156 0.484375 0.162109 0.484375 0.162109 0.480469 0.160156 0.478516 0.160156 0.476562 0.162109 0.474609 0.164062 0.474609 0.164062 0.472656 0.166016 0.470703 0.166016 0.466797
0 0.226562 0.460938 0.222656 0.464844 0.222656 0.468750 0.228516 0.468750 0.232422 0.464844 0.232422 0.460938
0 0.093750 0.447266 0.089844 0.451172 0.089844 0.457031 0.091797 0.458984 0.095703 0.458984 0.097656 0.457031 0.097656 0.447266
0 0.000000 0.000000 0.000000 0.078125 0.003906 0.078125 0.007812 0.082031 0.007812 0.083984 0.009766 0.083984 0.011719 0.082031 0.013672 0.083984 0.017578 0.083984 0.019531 0.085938 0.021484 0.085938 0.023438 0.087891 0.029297 0.087891 0.035156 0.082031 0.035156 0.076172 0.037109 0.074219 0.037109 0.068359 0.039062 0.066406 0.042969 0.070312 0.044922 0.070312 0.046875 0.072266 0.044922 0.074219 0.044922 0.078125 0.046875 0.080078 0.050781 0.080078 0.054688 0.083984 0.054688 0.085938 0.052734 0.087891 0.052734 0.095703 0.054688 0.097656 0.054688 0.101562 0.046875 0.109375 0.046875 0.111328 0.044922 0.113281 0.042969 0.111328 0.039062 0.111328 0.037109 0.113281 0.033203 0.109375 0.029297 0.109375 0.029297 0.111328 0.025391 0.115234 0.025391 0.132812 0.027344 0.134766 0.029297 0.134766 0.029297 0.130859 0.031250 0.128906 0.033203 0.130859 0.037109 0.130859 0.041016 0.126953 0.042969 0.126953 0.046875 0.130859 0.058594 0.130859 0.060547 0.132812 0.064453 0.132812 0.068359 0.136719 0.066406 0.138672 0.066406 0.150391 0.064453 0.152344 0.064453 0.154297 0.062500 0.156250 0.062500 0.162109 0.060547 0.164062 0.060547 0.169922 0.056641 0.173828 0.054688 0.173828 0.050781 0.177734 0.048828 0.177734 0.044922 0.181641 0.044922 0.183594 0.042969 0.185547 0.041016 0.185547 0.041016 0.187500 0.039062 0.189453 0.039062 0.193359 0.035156 0.197266 0.029297 0.197266 0.021484 0.205078 0.021484 0.207031 0.019531 0.208984 0.019531 0.212891 0.021484 0.214844 0.021484 0.222656 0.017578 0.226562 0.017578 0.228516 0.015625 0.230469 0.015625 0.234375 0.011719 0.238281 0.011719 0.246094 0.013672 0.248047 0.013672 0.250000 0.015625 0.251953 0.015625 0.257812 0.019531 0.261719 0.021484 0.261719 0.025391 0.265625 0.023438 0.267578 0.019531 0.267578 0.019531 0.271484 0.017578 0.273438 0.015625 0.273438 0.009766 0.279297 0.007812 0.277344 0.007812 0.275391 0.005859 0.273438 0.000000 0.273438 0.000000 0.285156 0.001953 0.287109 0.007812 0.287109 0.009766 0.289062 0.007812 0.291016 0.003906 0.291016 0.003906 0.298828 0.009766 0.304688 0.009766 0.310547 0.015625 0.316406 0.011719 0.320312 0.009766 0.320312 0.007812 0.322266 0.005859 0.322266 0.003906 0.320312 0.003906 0.318359 0.000000 0.318359 0.000000 0.335938 0.001953 0.335938 0.003906 0.337891 0.003906 0.339844 0.005859 0.339844 0.007812 0.341797 0.005859 0.343750 0.005859 0.349609 0.009766 0.353516 0.009766 0.361328 0.007812 0.363281 0.001953 0.357422 0.000000 0.357422 0.000000 0.423828 0.001953 0.425781 0.001953 0.429688 0.000000 0.431641 0.000000 0.457031 0.001953 0.455078 0.005859 0.455078 0.007812 0.457031 0.007812 0.462891 0.009766 0.464844 0.009766 0.466797 0.011719 0.468750 0.011719 0.470703 0.015625 0.470703 0.015625 0.468750 0.017578 0.466797 0.019531 0.466797 0.025391 0.472656 0.033203 0.472656 0.035156 0.470703 0.037109 0.470703 0.039062 0.468750 0.041016 0.470703 0.042969 0.470703 0.046875 0.474609 0.046875 0.476562 0.048828 0.478516 0.048828 0.480469 0.054688 0.480469 0.062500 0.472656 0.062500 0.470703 0.066406 0.466797 0.066406 0.462891 0.068359 0.460938 0.068359 0.458984 0.076172 0.451172 0.080078 0.455078 0.083984 0.455078 0.083984 0.453125 0.085938 0.451172 0.085938 0.443359 0.087891 0.441406 0.089844 0.441406 0.089844 0.439453 0.091797 0.437500 0.095703 0.441406 0.101562 0.441406 0.103516 0.439453 0.103516 0.433594 0.101562 0.431641 0.103516 0.429688 0.103516 0.421875 0.101562 0.419922 0.101562 0.416016 0.099609 0.414062 0.099609 0.410156 0.097656 0.408203 0.099609 0.406250 0.103516 0.406250 0.103516 0.404297 0.105469 0.402344 0.105469 0.400391 0.107422 0.398438 0.107422 0.392578 0.109375 0.390625 0.111328 0.390625 0.117188 0.384766 0.119141 0.384766 0.123047 0.388672 0.123047 0.392578 0.121094 0.394531 0.117188 0.394531 0.111328 0.400391 0.111328 0.404297 0.115234 0.408203 0.117188 0.408203 0.119141 0.410156 0.119141 0.414062 0.121094 0.416016 0.121094 0.417969 0.125000 0.417969 0.125000 0.416016 0.128906 0.412109 0.128906 0.404297 0.130859 0.402344 0.132812 0.404297 0.136719 0.404297 0.138672 0.402344 0.138672 0.392578 0.140625 0.390625 0.146484 0.390625 0.146484 0.376953 0.148438 0.375000 0.156250 0.375000 0.158203 0.373047 0.160156 0.373047 0.160156 0.369141 0.162109 0.367188 0.164062 0.369141 0.166016 0.369141 0.169922 0.373047 0.187500 0.373047 0.191406 0.369141 0.197266 0.369141 0.199219 0.371094 0.203125 0.371094 0.205078 0.369141 0.207031 0.371094 0.210938 0.371094 0.212891 0.373047 0.214844 0.371094 0.214844 0.369141 0.216797 0.367188 0.222656 0.367188 0.226562 0.363281 0.230469 0.363281 0.232422 0.361328 0.232422 0.355469 0.236328 0.351562 0.240234 0.351562 0.240234 0.349609 0.242188 0.347656 0.244141 0.347656 0.246094 0.345703 0.246094 0.343750 0.248047 0.341797 0.248047 0.339844 0.250000 0.337891 0.251953 0.337891 0.255859 0.333984 0.257812 0.333984 0.261719 0.330078 0.263672 0.330078 0.263672 0.326172 0.267578 0.322266 0.269531 0.322266 0.271484 0.320312 0.271484 0.316406 0.273438 0.314453 0.273438 0.300781 0.279297 0.294922 0.281250 0.294922 0.281250 0.292969 0.283203 0.291016 0.283203 0.287109 0.285156 0.285156 0.285156 0.281250 0.289062 0.277344 0.302734 0.277344 0.312500 0.267578 0.312500 0.261719 0.310547 0.259766 0.310547 0.257812 0.308594 0.255859 0.310547 0.253906 0.312500 0.253906 0.314453 0.251953 0.316406 0.251953 0.320312 0.248047 0.326172 0.248047 0.328125 0.246094 0.330078 0.246094 0.333984 0.242188 0.333984 0.238281 0.335938 0.236328 0.335938 0.232422 0.337891 0.230469 0.339844 0.232422 0.341797 0.232422 0.349609 0.240234 0.353516 0.240234 0.355469 0.242188 0.355469 0.244141 0.361328 0.244141 0.365234 0.248047 0.365234 0.253906 0.367188 0.255859 0.363281 0.259766 0.363281 0.271484 0.365234 0.273438 0.371094 0.273438 0.373047 0.275391 0.373047 0.277344 0.376953 0.281250 0.376953 0.283203 0.378906 0.283203 0.380859 0.285156 0.380859 0.287109 0.386719 0.287109 0.388672 0.285156 0.392578 0.285156 0.394531 0.287109 0.394531 0.294922 0.416016 0.294922 0.419922 0.298828 0.421875 0.298828 0.423828 0.300781 0.425781 0.300781 0.427734 0.302734 0.427734 0.304688 0.431641 0.308594 0.431641 0.312500 0.427734 0.316406 0.425781 0.316406 0.423828 0.314453 0.416016 0.314453 0.414062 0.316406 0.412109 0.316406 0.410156 0.318359 0.410156 0.320312 0.408203 0.322266 0.404297 0.322266 0.402344 0.324219 0.400391 0.322266 0.398438 0.322266 0.396484 0.324219 0.394531 0.324219 0.392578 0.326172 0.390625 0.326172 0.390625 0.332031 0.392578 0.333984 0.392578 0.335938 0.394531 0.337891 0.394531 0.339844 0.396484 0.341797 0.396484 0.351562 0.398438 0.353516 0.398438 0.355469 0.396484 0.357422 0.396484 0.363281 0.404297 0.371094 0.404297 0.373047 0.402344 0.375000 0.394531 0.375000 0.390625 0.378906 0.386719 0.378906 0.384766 0.380859 0.382812 0.380859 0.380859 0.382812 0.378906 0.382812 0.375000 0.386719 0.371094 0.386719 0.367188 0.382812 0.365234 0.382812 0.361328 0.378906 0.359375 0.378906 0.357422 0.376953 0.357422 0.375000 0.359375 0.373047 0.361328 0.373047 0.361328 0.365234 0.359375 0.363281 0.359375 0.361328 0.355469 0.361328 0.353516 0.359375 0.345703 0.359375 0.345703 0.365234 0.347656 0.365234 0.349609 0.367188 0.347656 0.369141 0.343750 0.369141 0.339844 0.365234 0.339844 0.363281 0.337891 0.361328 0.332031 0.361328 0.328125 0.365234 0.324219 0.361328 0.320312 0.361328 0.318359 0.359375 0.318359 0.357422 0.312500 0.357422 0.310547 0.355469 0.306641 0.355469 0.304688 0.357422 0.302734 0.357422 0.302734 0.359375 0.298828 0.363281 0.292969 0.363281 0.291016 0.365234 0.289062 0.365234 0.287109 0.367188 0.287109 0.373047 0.289062 0.375000 0.289062 0.376953 0.287109 0.378906 0.281250 0.378906 0.279297 0.380859 0.277344 0.378906 0.277344 0.375000 0.279297 0.373047 0.279297 0.369141 0.277344 0.367188 0.277344 0.365234 0.275391 0.363281 0.271484 0.363281 0.269531 0.365234 0.267578 0.363281 0.263672 0.363281 0.263672 0.371094 0.265625 0.373047 0.265625 0.375000 0.267578 0.375000 0.269531 0.376953 0.269531 0.380859 0.271484 0.382812 0.269531 0.384766 0.269531 0.400391 0.267578 0.402344 0.267578 0.406250 0.265625 0.408203 0.263672 0.408203 0.259766 0.412109 0.257812 0.412109 0.255859 0.414062 0.246094 0.414062 0.246094 0.421875 0.248047 0.423828 0.248047 0.425781 0.246094 0.427734 0.244141 0.427734 0.238281 0.421875 0.238281 0.414062 0.234375 0.414062 0.230469 0.417969 0.230469 0.419922 0.224609 0.425781 0.224609 0.437500 0.226562 0.439453 0.226562 0.441406 0.230469 0.445312 0.228516 0.447266 0.228516 0.455078 0.234375 0.455078 0.236328 0.453125 0.238281 0.455078 0.238281 0.478516 0.244141 0.478516 0.244141 0.474609 0.246094 0.472656 0.250000 0.476562 0.250000 0.478516 0.251953 0.480469 0.251953 0.486328 0.250000 0.488281 0.244141 0.488281 0.244141 0.492188 0.246094 0.494141 0.246094 0.498047 0.244141 0.500000 0.242188 0.500000 0.242188 0.505859 0.240234 0.507812 0.240234 0.513672 0.244141 0.517578 0.242188 0.519531 0.242188 0.525391 0.244141 0.527344 0.244141 0.529297 0.248047 0.533203 0.248047 0.535156 0.251953 0.535156 0.253906 0.537109 0.255859 0.537109 0.259766 0.541016 0.261719 0.541016 0.263672 0.542969 0.267578 0.542969 0.269531 0.544922 0.269531 0.550781 0.271484 0.552734 0.271484 0.554688 0.279297 0.554688 0.283203 0.558594 0.289062 0.558594 0.291016 0.560547 0.296875 0.560547 0.298828 0.558594 0.302734 0.558594 0.304688 0.560547 0.306641 0.560547 0.308594 0.562500 0.320312 0.562500 0.320312 0.560547 0.326172 0.554688 0.328125 0.556641 0.335938 0.556641 0.337891 0.554688 0.339844 0.554688 0.345703 0.548828 0.345703 0.546875 0.347656 0.544922 0.351562 0.548828 0.361328 0.548828 0.365234 0.552734 0.361328 0.556641 0.361328 0.560547 0.363281 0.562500 0.363281 0.564453 0.361328 0.566406 0.361328 0.576172 0.367188 0.582031 0.367188 0.583984 0.375000 0.583984 0.376953 0.585938 0.378906 0.585938 0.386719 0.593750 0.390625 0.593750 0.390625 0.591797 0.392578 0.589844 0.392578 0.587891 0.394531 0.585938 0.404297 0.585938 0.408203 0.589844 0.408203 0.591797 0.412109 0.595703 0.412109 0.601562 0.414062 0.603516 0.414062 0.605469 0.416016 0.607422 0.416016 0.611328 0.417969 0.613281 0.425781 0.613281 0.427734 0.615234 0.435547 0.615234 0.437500 0.613281 0.449219 0.613281 0.455078 0.619141 0.462891 0.619141 0.464844 0.617188 0.470703 0.617188 0.472656 0.615234 0.474609 0.615234 0.476562 0.613281 0.484375 0.613281 0.488281 0.609375 0.490234 0.609375 0.492188 0.607422 0.492188 0.605469 0.496094 0.601562 0.498047 0.603516 0.498047 0.611328 0.496094 0.613281 0.492188 0.613281 0.486328 0.619141 0.486328 0.628906 0.488281 0.630859 0.488281 0.632812 0.490234 0.634766 0.490234 0.636719 0.492188 0.636719 0.494141 0.638672 0.494141 0.640625 0.492188 0.642578 0.486328 0.642578 0.484375 0.644531 0.484375 0.646484 0.480469 0.650391 0.466797 0.650391 0.464844 0.652344 0.460938 0.652344 0.458984 0.654297 0.457031 0.654297 0.453125 0.658203 0.451172 0.658203 0.449219 0.660156 0.447266 0.660156 0.445312 0.662109 0.439453 0.662109 0.439453 0.664062 0.437500 0.666016 0.437500 0.669922 0.433594 0.673828 0.431641 0.671875 0.425781 0.671875 0.421875 0.667969 0.414062 0.667969 0.412109 0.666016 0.408203 0.666016 0.408203 0.669922 0.406250 0.671875 0.394531 0.671875 0.390625 0.675781 0.390625 0.679688 0.388672 0.681641 0.388672 0.695312 0.390625 0.697266 0.390625 0.703125 0.394531 0.707031 0.394531 0.708984 0.400391 0.714844 0.400391 0.716797 0.402344 0.718750 0.402344 0.722656 0.400391 0.724609 0.392578 0.724609 0.390625 0.722656 0.386719 0.722656 0.386719 0.726562 0.384766 0.728516 0.382812 0.726562 0.376953 0.726562 0.376953 0.728516 0.375000 0.730469 0.375000 0.742188 0.371094 0.746094 0.371094 0.750000 0.369141 0.751953 0.367188 0.751953 0.361328 0.757812 0.361328 0.777344 0.359375 0.779297 0.353516 0.779297 0.351562 0.777344 0.343750 0.777344 0.341797 0.779297 0.339844 0.779297 0.337891 0.781250 0.335938 0.781250 0.333984 0.783203 0.333984 0.785156 0.332031 0.787109 0.332031 0.794922 0.330078 0.796875 0.328125 0.796875 0.320312 0.789062 0.320312 0.779297 0.316406 0.779297 0.310547 0.773438 0.310547 0.771484 0.312500 0.769531 0.312500 0.761719 0.310547 0.759766 0.310547 0.755859 0.306641 0.751953 0.302734 0.751953 0.300781 0.750000 0.296875 0.750000 0.292969 0.753906 0.292969 0.761719 0.294922 0.763672 0.296875 0.763672 0.298828 0.765625 0.296875 0.767578 0.294922 0.767578 0.294922 0.769531 0.292969 0.771484 0.291016 0.771484 0.285156 0.765625 0.281250 0.765625 0.277344 0.761719 0.277344 0.757812 0.271484 0.757812 0.271484 0.761719 0.267578 0.765625 0.265625 0.765625 0.263672 0.767578 0.263672 0.769531 0.261719 0.771484 0.257812 0.771484 0.253906 0.767578 0.255859 0.765625 0.259766 0.765625 0.261719 0.763672 0.261719 0.759766 0.259766 0.757812 0.259766 0.755859 0.261719 0.753906 0.261719 0.748047 0.257812 0.748047 0.251953 0.753906 0.251953 0.761719 0.255859 0.765625 0.253906 0.767578 0.248047 0.767578 0.244141 0.771484 0.244141 0.781250 0.242188 0.783203 0.242188 0.785156 0.244141 0.785156 0.248047 0.789062 0.248047 0.792969 0.250000 0.794922 0.250000 0.796875 0.248047 0.798828 0.244141 0.798828 0.242188 0.800781 0.242188 0.806641 0.240234 0.808594 0.238281 0.808594 0.236328 0.810547 0.236328 0.816406 0.238281 0.816406 0.244141 0.822266 0.244141 0.824219 0.251953 0.832031 0.251953 0.833984 0.257812 0.839844 0.271484 0.839844 0.275391 0.835938 0.287109 0.835938 0.289062 0.837891 0.289062 0.839844 0.294922 0.839844 0.294922 0.837891 0.296875 0.835938 0.298828 0.835938 0.300781 0.833984 0.302734 0.833984 0.304688 0.832031 0.308594 0.832031 0.310547 0.833984 0.306641 0.837891 0.306641 0.845703 0.308594 0.847656 0.308594 0.849609 0.306641 0.851562 0.306641 0.857422 0.304688 0.859375 0.304688 0.867188 0.306641 0.869141 0.306641 0.871094 0.308594 0.873047 0.308594 0.875000 0.310547 0.876953 0.310547 0.884766 0.316406 0.890625 0.316406 0.894531 0.312500 0.898438 0.310547 0.898438 0.308594 0.900391 0.308594 0.902344 0.306641 0.904297 0.306641 0.908203 0.304688 0.910156 0.300781 0.910156 0.298828 0.908203 0.298828 0.906250 0.300781 0.904297 0.300781 0.902344 0.302734 0.900391 0.302734 0.896484 0.296875 0.896484 0.296875 0.898438 0.292969 0.902344 0.291016 0.902344 0.291016 0.904297 0.287109 0.908203 0.285156 0.908203 0.279297 0.902344 0.277344 0.902344 0.273438 0.898438 0.275391 0.896484 0.275391 0.890625 0.277344 0.888672 0.281250 0.888672 0.283203 0.890625 0.283203 0.894531 0.287109 0.894531 0.287109 0.880859 0.283203 0.880859 0.279297 0.884766 0.277344 0.882812 0.275391 0.882812 0.273438 0.880859 0.273438 0.878906 0.269531 0.878906 0.267578 0.876953 0.265625 0.876953 0.263672 0.875000 0.263672 0.873047 0.261719 0.871094 0.259766 0.871094 0.257812 0.869141 0.257812 0.867188 0.251953 0.867188 0.248047 0.871094 0.246094 0.871094 0.242188 0.875000 0.238281 0.875000 0.236328 0.876953 0.234375 0.876953 0.230469 0.873047 0.224609 0.873047 0.224609 0.875000 0.222656 0.876953 0.216797 0.876953 0.214844 0.878906 0.212891 0.878906 0.207031 0.884766 0.205078 0.884766 0.203125 0.886719 0.195312 0.886719 0.189453 0.892578 0.189453 0.894531 0.185547 0.898438 0.185547 0.906250 0.183594 0.908203 0.183594 0.914062 0.181641 0.916016 0.177734 0.916016 0.175781 0.917969 0.171875 0.917969 0.169922 0.919922 0.169922 0.921875 0.167969 0.923828 0.166016 0.923828 0.166016 0.929688 0.164062 0.931641 0.158203 0.931641 0.158203 0.933594 0.156250 0.935547 0.154297 0.935547 0.152344 0.933594 0.154297 0.931641 0.154297 0.927734 0.152344 0.925781 0.152344 0.923828 0.148438 0.923828 0.144531 0.927734 0.144531 0.929688 0.142578 0.931641 0.142578 0.935547 0.144531 0.937500 0.144531 0.939453 0.140625 0.943359 0.140625 0.957031 0.142578 0.957031 0.152344 0.966797 0.158203 0.966797 0.158203 0.964844 0.160156 0.962891 0.164062 0.966797 0.164062 0.968750 0.166016 0.968750 0.169922 0.972656 0.169922 0.974609 0.167969 0.976562 0.167969 0.982422 0.169922 0.984375 0.171875 0.982422 0.177734 0.982422 0.183594 0.988281 0.183594 0.992188 0.230469 0.992188 0.230469 0.988281 0.234375 0.984375 0.236328 0.984375 0.238281 0.986328 0.238281 0.992188 0.423828 0.992188 0.427734 0.988281 0.429688 0.988281 0.431641 0.990234 0.435547 0.990234 0.437500 0.988281 0.441406 0.988281 0.443359 0.990234 0.443359 0.992188 0.992188 0.992188 0.992188 0.623047 0.988281 0.619141 0.988281 0.617188 0.970703 0.617188 0.962891 0.609375 0.958984 0.609375 0.953125 0.615234 0.949219 0.611328 0.947266 0.611328 0.947266 0.613281 0.945312 0.615234 0.941406 0.611328 0.941406 0.609375 0.937500 0.609375 0.935547 0.607422 0.935547 0.603516 0.937500 0.601562 0.937500 0.599609 0.939453 0.597656 0.939453 0.595703 0.943359 0.591797 0.945312 0.591797 0.947266 0.593750 0.945312 0.595703 0.945312 0.597656 0.947266 0.597656 0.951172 0.593750 0.955078 0.593750 0.957031 0.591797 0.958984 0.591797 0.960938 0.593750 0.962891 0.593750 0.964844 0.591797 0.972656 0.591797 0.974609 0.589844 0.976562 0.589844 0.976562 0.585938 0.978516 0.583984 0.978516 0.582031 0.982422 0.578125 0.984375 0.578125 0.986328 0.580078 0.986328 0.582031 0.988281 0.583984 0.988281 0.587891 0.986328 0.589844 0.988281 0.591797 0.986328 0.593750 0.986328 0.601562 0.992188 0.601562 0.992188 0.519531 0.990234 0.517578 0.990234 0.515625 0.986328 0.511719 0.988281 0.509766 0.992188 0.509766 0.992188 0.427734 0.988281 0.431641 0.988281 0.435547 0.986328 0.437500 0.984375 0.437500 0.982422 0.439453 0.978516 0.439453 0.976562 0.437500 0.976562 0.431641 0.960938 0.431641 0.958984 0.433594 0.958984 0.435547 0.957031 0.437500 0.953125 0.437500 0.953125 0.443359 0.947266 0.449219 0.947266 0.451172 0.945312 0.453125 0.945312 0.460938 0.949219 0.464844 0.949219 0.466797 0.947266 0.468750 0.947266 0.476562 0.958984 0.476562 0.964844 0.470703 0.966797 0.472656 0.966797 0.474609 0.972656 0.480469 0.974609 0.480469 0.978516 0.484375 0.978516 0.486328 0.980469 0.488281 0.980469 0.490234 0.978516 0.492188 0.974609 0.492188 0.974609 0.494141 0.972656 0.496094 0.968750 0.496094 0.964844 0.500000 0.962891 0.498047 0.962891 0.494141 0.957031 0.494141 0.955078 0.496094 0.953125 0.496094 0.951172 0.494141 0.951172 0.482422 0.947266 0.482422 0.945312 0.484375 0.945312 0.494141 0.943359 0.496094 0.941406 0.494141 0.941406 0.488281 0.937500 0.488281 0.935547 0.490234 0.933594 0.488281 0.933594 0.484375 0.931641 0.484375 0.925781 0.490234 0.921875 0.490234 0.921875 0.494141 0.923828 0.496094 0.923828 0.501953 0.919922 0.505859 0.919922 0.513672 0.917969 0.515625 0.917969 0.519531 0.919922 0.521484 0.919922 0.527344 0.917969 0.529297 0.910156 0.529297 0.904297 0.523438 0.904297 0.519531 0.898438 0.513672 0.896484 0.513672 0.894531 0.511719 0.875000 0.511719 0.871094 0.515625 0.865234 0.515625 0.863281 0.513672 0.863281 0.511719 0.871094 0.503906 0.871094 0.501953 0.873047 0.500000 0.873047 0.488281 0.869141 0.484375 0.869141 0.482422 0.861328 0.482422 0.853516 0.474609 0.853516 0.472656 0.851562 0.470703 0.851562 0.468750 0.849609 0.466797 0.849609 0.464844 0.847656 0.464844 0.843750 0.460938 0.841797 0.460938 0.839844 0.458984 0.839844 0.457031 0.818359 0.457031 0.816406 0.455078 0.816406 0.447266 0.814453 0.445312 0.814453 0.441406 0.822266 0.433594 0.822266 0.421875 0.824219 0.419922 0.826172 0.419922 0.828125 0.417969 0.830078 0.417969 0.832031 0.416016 0.833984 0.416016 0.833984 0.414062 0.835938 0.412109 0.835938 0.408203 0.847656 0.396484 0.847656 0.388672 0.843750 0.388672 0.843750 0.390625 0.839844 0.394531 0.835938 0.390625 0.835938 0.386719 0.839844 0.382812 0.839844 0.380859 0.841797 0.378906 0.843750 0.378906 0.845703 0.380859 0.845703 0.382812 0.847656 0.384766 0.855469 0.384766 0.859375 0.388672 0.859375 0.398438 0.855469 0.402344 0.855469 0.404297 0.853516 0.406250 0.853516 0.410156 0.855469 0.412109 0.865234 0.412109 0.867188 0.414062 0.867188 0.416016 0.869141 0.417969 0.869141 0.419922 0.875000 0.419922 0.876953 0.417969 0.878906 0.417969 0.880859 0.416016 0.882812 0.416016 0.884766 0.414062 0.886719 0.416016 0.896484 0.416016 0.896484 0.412109 0.900391 0.408203 0.900391 0.406250 0.902344 0.404297 0.902344 0.402344 0.906250 0.398438 0.906250 0.396484 0.910156 0.392578 0.910156 0.390625 0.912109 0.388672 0.912109 0.384766 0.916016 0.380859 0.916016 0.378906 0.917969 0.376953 0.921875 0.376953 0.923828 0.375000 0.931641 0.375000 0.933594 0.373047 0.935547 0.373047 0.935547 0.367188 0.933594 0.365234 0.935547 0.363281 0.937500 0.363281 0.939453 0.365234 0.943359 0.365234 0.943359 0.359375 0.937500 0.353516 0.937500 0.351562 0.935547 0.349609 0.935547 0.347656 0.937500 0.345703 0.939453 0.345703 0.947266 0.353516 0.947266 0.363281 0.949219 0.365234 0.949219 0.367188 0.951172 0.369141 0.951172 0.371094 0.953125 0.373047 0.958984 0.373047 0.962891 0.369141 0.964844 0.369141 0.970703 0.375000 0.970703 0.376953 0.972656 0.376953 0.974609 0.378906 0.982422 0.378906 0.982422 0.375000 0.984375 0.373047 0.988281 0.373047 0.990234 0.371094 0.992188 0.371094 0.992188 0.000000 0.283203 0.000000 0.281250 0.001953 0.275391 0.001953 0.273438 0.000000 0.250000 0.000000 0.244141 0.005859 0.242188 0.003906 0.242188 0.001953 0.244141 0.000000 0.240234 0.000000 0.238281 0.001953 0.234375 0.001953 0.232422 0.000000