0 0.691406 0.986328 0.689453 0.988281 0.685547 0.988281 0.683594 0.990234 0.683594 0.992188 0.707031 0.992188 0.707031 0.986328
0 0.623047 0.976562 0.621094 0.978516 0.617188 0.978516 0.613281 0.982422 0.613281 0.990234 0.611328 0.992188 0.648438 0.992188 0.648438 0.988281 0.646484 0.986328 0.646484 0.984375 0.640625 0.978516 0.634766 0.978516 0.632812 0.976562
0 0.525391 0.968750 0.523438 0.970703 0.515625 0.970703 0.513672 0.972656 0.511719 0.972656 0.511719 0.974609 0.505859 0.980469 0.505859 0.984375 0.501953 0.988281 0.501953 0.990234 0.500000 0.992188 0.498047 0.992188 0.578125 0.992188 0.578125 0.988281 0.576172 0.986328 0.574219 0.986328 0.572266 0.984375 0.566406 0.990234 0.564453 0.990234 0.554688 0.980469 0.550781 0.980469 0.541016 0.970703 0.541016 0.968750
0 0.455078 0.964844 0.455078 0.968750 0.453125 0.970703 0.453125 0.974609 0.455078 0.976562 0.458984 0.972656 0.460938 0.974609 0.460938 0.978516 0.458984 0.980469 0.453125 0.980469 0.453125 0.982422 0.449219 0.986328 0.449219 0.988281 0.447266 0.990234 0.443359 0.986328 0.441406 0.988281 0.439453 0.988281 0.435547 0.992188 0.482422 0.992188 0.482422 0.980469 0.480469 0.978516 0.480469 0.974609 0.476562 0.970703 0.476562 0.968750 0.474609 0.966797 0.468750 0.966797 0.466797 0.968750 0.462891 0.964844
0 0.066406 0.960938 0.066406 0.964844 0.068359 0.966797 0.066406 0.968750 0.064453 0.968750 0.062500 0.966797 0.060547 0.966797 0.058594 0.964844 0.052734 0.964844 0.052734 0.970703 0.054688 0.972656 0.066406 0.972656 0.066406 0.968750 0.068359 0.966797 0.070312 0.968750 0.074219 0.968750 0.074219 0.964844 0.070312 0.960938
0 0.580078 0.955078 0.580078 0.972656 0.582031 0.974609 0.583984 0.974609 0.589844 0.980469 0.591797 0.980469 0.593750 0.982422 0.597656 0.982422 0.599609 0.984375 0.601562 0.982422 0.601562 0.980469 0.603516 0.978516 0.603516 0.976562 0.601562 0.974609 0.597656 0.974609 0.589844 0.966797 0.589844 0.964844 0.585938 0.960938 0.585938 0.958984 0.583984 0.957031 0.583984 0.955078
0 0.332031 0.923828 0.330078 0.925781 0.326172 0.925781 0.324219 0.927734 0.324219 0.929688 0.322266 0.931641 0.320312 0.931641 0.320312 0.933594 0.318359 0.935547 0.318359 0.943359 0.320312 0.945312 0.333984 0.945312 0.335938 0.943359 0.337891 0.943359 0.337891 0.925781 0.335938 0.923828
0 0.703125 0.910156 0.699219 0.914062 0.699219 0.921875 0.701172 0.923828 0.707031 0.923828 0.707031 0.910156
0 0.691406 0.880859 0.691406 0.886719 0.693359 0.888672 0.699219 0.888672 0.699219 0.884766 0.695312 0.880859
0 0.667969 0.876953 0.662109 0.882812 0.662109 0.884766 0.660156 0.886719 0.656250 0.886719 0.656250 0.888672 0.654297 0.890625 0.654297 0.892578 0.658203 0.896484 0.658203 0.898438 0.660156 0.900391 0.667969 0.900391 0.671875 0.896484 0.675781 0.896484 0.677734 0.898438 0.683594 0.898438 0.683594 0.882812 0.681641 0.882812 0.675781 0.876953
0 0.972656 0.833984 0.970703 0.835938 0.970703 0.837891 0.968750 0.839844 0.968750 0.847656 0.974609 0.847656 0.974609 0.845703 0.976562 0.843750 0.976562 0.841797 0.978516 0.839844 0.978516 0.833984
0 0.207031 0.824219 0.201172 0.830078 0.201172 0.832031 0.199219 0.833984 0.199219 0.835938 0.197266 0.837891 0.183594 0.837891 0.181641 0.839844 0.179688 0.839844 0.177734 0.837891 0.169922 0.837891 0.167969 0.839844 0.164062 0.839844 0.158203 0.845703 0.158203 0.847656 0.156250 0.849609 0.156250 0.851562 0.154297 0.853516 0.154297 0.855469 0.152344 0.857422 0.152344 0.861328 0.156250 0.861328 0.158203 0.859375 0.160156 0.859375 0.162109 0.857422 0.166016 0.857422 0.167969 0.855469 0.181641 0.855469 0.185547 0.859375 0.189453 0.859375 0.193359 0.863281 0.197266 0.863281 0.199219 0.865234 0.197266 0.867188 0.189453 0.867188 0.187500 0.869141 0.187500 0.871094 0.185547 0.873047 0.183594 0.873047 0.183594 0.875000 0.181641 0.876953 0.179688 0.876953 0.177734 0.875000 0.173828 0.875000 0.171875 0.873047 0.154297 0.873047 0.150391 0.869141 0.150391 0.867188 0.144531 0.867188 0.142578 0.865234 0.142578 0.863281 0.136719 0.863281 0.134766 0.865234 0.132812 0.865234 0.130859 0.867188 0.128906 0.867188 0.126953 0.869141 0.125000 0.869141 0.121094 0.873047 0.121094 0.875000 0.117188 0.878906 0.115234 0.878906 0.113281 0.880859 0.111328 0.880859 0.113281 0.882812 0.113281 0.886719 0.111328 0.888672 0.126953 0.888672 0.128906 0.890625 0.130859 0.890625 0.132812 0.892578 0.132812 0.894531 0.136719 0.898438 0.138672 0.898438 0.144531 0.904297 0.144531 0.908203 0.142578 0.910156 0.142578 0.912109 0.136719 0.917969 0.134766 0.916016 0.132812 0.916016 0.130859 0.914062 0.128906 0.914062 0.126953 0.912109 0.125000 0.912109 0.123047 0.910156 0.113281 0.910156 0.113281 0.914062 0.111328 0.916016 0.111328 0.921875 0.109375 0.923828 0.109375 0.929688 0.111328 0.931641 0.111328 0.933594 0.115234 0.937500 0.115234 0.939453 0.119141 0.943359 0.121094 0.943359 0.123047 0.945312 0.123047 0.953125 0.126953 0.957031 0.130859 0.957031 0.132812 0.958984 0.132812 0.966797 0.130859 0.968750 0.128906 0.968750 0.126953 0.966797 0.125000 0.966797 0.123047 0.964844 0.121094 0.964844 0.115234 0.958984 0.113281 0.958984 0.109375 0.955078 0.101562 0.955078 0.099609 0.957031 0.097656 0.957031 0.093750 0.960938 0.091797 0.960938 0.087891 0.964844 0.085938 0.964844 0.085938 0.966797 0.083984 0.968750 0.082031 0.968750 0.082031 0.970703 0.080078 0.972656 0.080078 0.974609 0.078125 0.976562 0.076172 0.976562 0.074219 0.978516 0.070312 0.978516 0.068359 0.980469 0.066406 0.980469 0.064453 0.982422 0.062500 0.982422 0.062500 0.986328 0.060547 0.988281 0.052734 0.988281 0.050781 0.986328 0.050781 0.984375 0.048828 0.984375 0.044922 0.980469 0.044922 0.978516 0.042969 0.978516 0.041016 0.980469 0.033203 0.980469 0.031250 0.978516 0.027344 0.978516 0.023438 0.974609 0.021484 0.974609 0.019531 0.972656 0.019531 0.970703 0.017578 0.968750 0.017578 0.966797 0.013672 0.966797 0.013672 0.970703 0.011719 0.972656 0.007812 0.972656 0.007812 0.976562 0.009766 0.976562 0.017578 0.984375 0.017578 0.992188 0.320312 0.992188 0.320312 0.990234 0.322266 0.988281 0.322266 0.978516 0.320312 0.976562 0.320312 0.974609 0.316406 0.970703 0.316406 0.958984 0.314453 0.957031 0.314453 0.955078 0.312500 0.953125 0.312500 0.933594 0.310547 0.933594 0.308594 0.931641 0.308594 0.929688 0.306641 0.927734 0.306641 0.923828 0.304688 0.921875 0.304688 0.916016 0.302734 0.914062 0.302734 0.912109 0.298828 0.908203 0.296875 0.908203 0.292969 0.904297 0.291016 0.904297 0.289062 0.902344 0.287109 0.902344 0.283203 0.898438 0.281250 0.898438 0.279297 0.896484 0.279297 0.894531 0.281250 0.892578 0.283203 0.892578 0.283203 0.884766 0.285156 0.882812 0.285156 0.875000 0.281250 0.875000 0.281250 0.876953 0.273438 0.884766 0.271484 0.884766 0.267578 0.888672 0.263672 0.888672 0.261719 0.886719 0.259766 0.886719 0.257812 0.884766 0.255859 0.884766 0.253906 0.882812 0.240234 0.882812 0.238281 0.884766 0.236328 0.882812 0.232422 0.882812 0.228516 0.878906 0.208984 0.878906 0.205078 0.875000 0.199219 0.875000 0.197266 0.873047 0.197266 0.871094 0.203125 0.865234 0.205078 0.865234 0.205078 0.863281 0.207031 0.861328 0.220703 0.861328 0.220703 0.859375 0.224609 0.855469 0.224609 0.853516 0.226562 0.851562 0.226562 0.837891 0.224609 0.835938 0.224609 0.833984 0.218750 0.828125 0.218750 0.824219
0 0.009766 0.798828 0.007812 0.800781 0.005859 0.800781 0.005859 0.806641 0.003906 0.808594 0.003906 0.812500 0.001953 0.814453 0.001953 0.816406 0.000000 0.818359 0.000000 0.916016 0.001953 0.917969 0.001953 0.925781 0.003906 0.927734 0.003906 0.931641 0.007812 0.935547 0.009766 0.935547 0.011719 0.937500 0.013672 0.937500 0.015625 0.939453 0.023438 0.939453 0.025391 0.937500 0.025391 0.931641 0.029297 0.927734 0.029297 0.923828 0.035156 0.917969 0.035156 0.916016 0.037109 0.914062 0.037109 0.904297 0.041016 0.900391 0.046875 0.900391 0.048828 0.902344 0.052734 0.902344 0.056641 0.898438 0.056641 0.892578 0.058594 0.890625 0.058594 0.886719 0.056641 0.884766 0.056641 0.882812 0.054688 0.882812 0.052734 0.880859 0.052734 0.878906 0.054688 0.876953 0.058594 0.876953 0.058594 0.873047 0.054688 0.869141 0.054688 0.865234 0.056641 0.863281 0.060547 0.863281 0.060547 0.857422 0.062500 0.855469 0.062500 0.853516 0.064453 0.851562 0.064453 0.835938 0.066406 0.833984 0.066406 0.828125 0.068359 0.826172 0.068359 0.822266 0.066406 0.820312 0.064453 0.820312 0.062500 0.818359 0.062500 0.814453 0.060547 0.814453 0.056641 0.810547 0.056641 0.804688 0.054688 0.802734 0.054688 0.798828 0.046875 0.798828 0.044922 0.800781 0.044922 0.802734 0.042969 0.804688 0.039062 0.804688 0.035156 0.800781 0.025391 0.800781 0.023438 0.798828
0 0.503906 0.796875 0.500000 0.800781 0.500000 0.808594 0.501953 0.810547 0.509766 0.810547 0.511719 0.808594 0.519531 0.808594 0.519531 0.804688 0.511719 0.796875
0 0.720703 0.781250 0.718750 0.783203 0.718750 0.785156 0.714844 0.789062 0.714844 0.791016 0.710938 0.794922 0.708984 0.794922 0.708984 0.800781 0.712891 0.800781 0.716797 0.796875 0.718750 0.796875 0.726562 0.789062 0.726562 0.781250
0 0.500000 0.779297 0.498047 0.781250 0.496094 0.781250 0.496094 0.783203 0.492188 0.787109 0.492188 0.792969 0.500000 0.792969 0.505859 0.787109 0.507812 0.787109 0.507812 0.779297
0 0.337891 0.775391 0.335938 0.777344 0.333984 0.777344 0.332031 0.779297 0.330078 0.779297 0.326172 0.783203 0.326172 0.785156 0.324219 0.787109 0.324219 0.794922 0.332031 0.794922 0.335938 0.791016 0.337891 0.791016 0.339844 0.789062 0.345703 0.789062 0.347656 0.791016 0.359375 0.791016 0.361328 0.789062 0.363281 0.789062 0.363281 0.787109 0.367188 0.783203 0.367188 0.779297 0.353516 0.779297 0.349609 0.775391
0 0.470703 0.769531 0.470703 0.771484 0.468750 0.773438 0.468750 0.777344 0.466797 0.779297 0.466797 0.781250 0.464844 0.783203 0.464844 0.789062 0.470703 0.794922 0.484375 0.794922 0.484375 0.792969 0.486328 0.791016 0.486328 0.777344 0.480469 0.771484 0.478516 0.771484 0.476562 0.769531
0 0.152344 0.722656 0.152344 0.730469 0.150391 0.732422 0.148438 0.732422 0.146484 0.730469 0.144531 0.730469 0.140625 0.726562 0.134766 0.726562 0.132812 0.728516 0.130859 0.728516 0.126953 0.732422 0.126953 0.734375 0.123047 0.738281 0.123047 0.751953 0.126953 0.755859 0.126953 0.757812 0.128906 0.757812 0.134766 0.763672 0.134766 0.767578 0.132812 0.769531 0.130859 0.769531 0.126953 0.773438 0.123047 0.773438 0.121094 0.771484 0.119141 0.771484 0.115234 0.767578 0.111328 0.767578 0.109375 0.765625 0.109375 0.763672 0.101562 0.763672 0.095703 0.769531 0.089844 0.769531 0.087891 0.767578 0.085938 0.767578 0.082031 0.763672 0.080078 0.763672 0.078125 0.761719 0.070312 0.761719 0.064453 0.767578 0.062500 0.767578 0.060547 0.769531 0.060547 0.775391 0.062500 0.777344 0.062500 0.783203 0.064453 0.785156 0.068359 0.785156 0.070312 0.787109 0.072266 0.787109 0.076172 0.791016 0.078125 0.791016 0.080078 0.792969 0.082031 0.792969 0.083984 0.794922 0.083984 0.800781 0.087891 0.800781 0.087891 0.798828 0.089844 0.796875 0.091797 0.798828 0.091797 0.800781 0.095703 0.804688 0.095703 0.816406 0.105469 0.816406 0.107422 0.814453 0.109375 0.814453 0.113281 0.810547 0.121094 0.810547 0.123047 0.812500 0.125000 0.812500 0.126953 0.810547 0.126953 0.808594 0.128906 0.806641 0.128906 0.804688 0.130859 0.802734 0.132812 0.802734 0.132812 0.796875 0.125000 0.789062 0.125000 0.787109 0.123047 0.785156 0.123047 0.783203 0.125000 0.781250 0.128906 0.781250 0.128906 0.779297 0.130859 0.777344 0.132812 0.777344 0.136719 0.773438 0.138672 0.773438 0.140625 0.775391 0.148438 0.775391 0.148438 0.769531 0.150391 0.767578 0.152344 0.767578 0.154297 0.765625 0.158203 0.765625 0.160156 0.767578 0.164062 0.767578 0.164062 0.761719 0.162109 0.759766 0.162109 0.757812 0.160156 0.755859 0.162109 0.753906 0.162109 0.751953 0.164062 0.750000 0.164062 0.744141 0.166016 0.742188 0.166016 0.736328 0.162109 0.736328 0.160156 0.734375 0.160156 0.722656
0 0.789062 0.710938 0.787109 0.712891 0.785156 0.712891 0.783203 0.714844 0.783203 0.722656 0.777344 0.728516 0.777344 0.732422 0.779297 0.734375 0.785156 0.734375 0.785156 0.730469 0.787109 0.728516 0.787109 0.726562 0.791016 0.722656 0.794922 0.722656 0.796875 0.720703 0.796875 0.714844 0.794922 0.712891 0.794922 0.710938
0 0.000000 0.710938 0.000000 0.779297 0.005859 0.773438 0.005859 0.761719 0.007812 0.759766 0.007812 0.757812 0.009766 0.755859 0.009766 0.750000 0.011719 0.748047 0.011719 0.744141 0.009766 0.742188 0.009766 0.724609 0.007812 0.722656 0.007812 0.718750 0.005859 0.716797 0.005859 0.714844 0.003906 0.714844
0 0.021484 0.679688 0.013672 0.687500 0.013672 0.693359 0.017578 0.697266 0.017578 0.699219 0.019531 0.701172 0.019531 0.703125 0.021484 0.703125 0.023438 0.705078 0.023438 0.714844 0.021484 0.716797 0.021484 0.718750 0.019531 0.720703 0.021484 0.722656 0.023438 0.722656 0.027344 0.726562 0.027344 0.728516 0.029297 0.730469 0.035156 0.730469 0.039062 0.726562 0.039062 0.712891 0.042969 0.708984 0.044922 0.708984 0.042969 0.707031 0.044922 0.705078 0.044922 0.701172 0.042969 0.701172 0.035156 0.693359 0.035156 0.691406 0.025391 0.681641 0.025391 0.679688
0 0.738281 0.662109 0.736328 0.664062 0.736328 0.671875 0.738281 0.671875 0.744141 0.677734 0.748047 0.677734 0.748047 0.675781 0.750000 0.673828 0.750000 0.669922 0.748047 0.667969 0.748047 0.666016 0.744141 0.662109
0 0.689453 0.642578 0.689453 0.646484 0.691406 0.648438 0.691406 0.652344 0.695312 0.656250 0.695312 0.660156 0.699219 0.664062 0.699219 0.675781 0.705078 0.675781 0.705078 0.671875 0.707031 0.669922 0.707031 0.664062 0.705078 0.664062 0.703125 0.662109 0.703125 0.660156 0.701172 0.658203 0.701172 0.656250 0.699219 0.654297 0.699219 0.652344 0.697266 0.650391 0.697266 0.648438 0.695312 0.646484 0.695312 0.644531 0.693359 0.642578
0 0.828125 0.625000 0.826172 0.626953 0.824219 0.626953 0.824219 0.628906 0.822266 0.630859 0.820312 0.630859 0.816406 0.634766 0.816406 0.636719 0.814453 0.638672 0.814453 0.640625 0.816406 0.640625 0.818359 0.642578 0.818359 0.648438 0.816406 0.650391 0.810547 0.650391 0.808594 0.652344 0.808594 0.664062 0.812500 0.667969 0.814453 0.667969 0.816406 0.669922 0.822266 0.669922 0.824219 0.667969 0.824219 0.666016 0.822266 0.664062 0.822266 0.662109 0.824219 0.660156 0.826172 0.660156 0.826172 0.654297 0.822266 0.650391 0.822266 0.648438 0.824219 0.646484 0.839844 0.646484 0.843750 0.650391 0.853516 0.650391 0.857422 0.646484 0.859375 0.646484 0.859375 0.638672 0.861328 0.636719 0.861328 0.630859 0.859375 0.630859 0.857422 0.628906 0.855469 0.628906 0.853516 0.630859 0.851562 0.628906 0.849609 0.628906 0.847656 0.626953 0.830078 0.626953
0 0.683594 0.619141 0.681641 0.621094 0.681641 0.630859 0.683594 0.632812 0.681641 0.634766 0.677734 0.634766 0.675781 0.632812 0.667969 0.632812 0.666016 0.634766 0.666016 0.640625 0.667969 0.642578 0.683594 0.642578 0.683594 0.636719 0.685547 0.634766 0.687500 0.634766 0.687500 0.630859 0.689453 0.628906 0.691406 0.630859 0.693359 0.630859 0.695312 0.632812 0.703125 0.632812 0.703125 0.625000 0.701172 0.623047 0.699219 0.623047 0.697266 0.621094 0.697266 0.619141
0 0.722656 0.605469 0.722656 0.607422 0.720703 0.609375 0.718750 0.609375 0.718750 0.621094 0.728516 0.621094 0.728516 0.613281 0.726562 0.611328 0.726562 0.605469
0 0.035156 0.601562 0.033203 0.603516 0.033203 0.619141 0.035156 0.621094 0.037109 0.621094 0.044922 0.628906 0.044922 0.630859 0.046875 0.632812 0.046875 0.634766 0.052734 0.640625 0.058594 0.640625 0.060547 0.642578 0.066406 0.642578 0.066406 0.640625 0.068359 0.638672 0.068359 0.630859 0.060547 0.630859 0.056641 0.626953 0.056641 0.623047 0.048828 0.615234 0.050781 0.613281 0.058594 0.613281 0.062500 0.617188 0.062500 0.619141 0.066406 0.623047 0.066406 0.625000 0.076172 0.625000 0.078125 0.626953 0.085938 0.626953 0.087891 0.625000 0.087891 0.619141 0.076172 0.607422 0.076172 0.605469 0.072266 0.601562 0.062500 0.601562 0.060547 0.603516 0.056641 0.603516 0.054688 0.605469 0.052734 0.605469 0.048828 0.609375 0.044922 0.609375 0.042969 0.607422 0.042969 0.605469 0.039062 0.601562
0 0.687500 0.580078 0.687500 0.582031 0.685547 0.583984 0.685547 0.585938 0.683594 0.587891 0.681641 0.587891 0.679688 0.589844 0.675781 0.589844 0.671875 0.593750 0.666016 0.593750 0.666016 0.601562 0.667969 0.603516 0.675781 0.603516 0.677734 0.605469 0.689453 0.605469 0.691406 0.603516 0.691406 0.601562 0.693359 0.599609 0.693359 0.595703 0.697266 0.591797 0.701172 0.595703 0.703125 0.595703 0.705078 0.597656 0.705078 0.599609 0.707031 0.601562 0.707031 0.603516 0.710938 0.603516 0.712891 0.601562 0.718750 0.601562 0.718750 0.589844 0.716797 0.587891 0.716797 0.585938 0.714844 0.583984 0.714844 0.582031 0.699219 0.582031 0.697266 0.580078
0 0.933594 0.576172 0.931641 0.578125 0.929688 0.578125 0.921875 0.585938 0.919922 0.585938 0.919922 0.593750 0.921875 0.595703 0.923828 0.595703 0.925781 0.597656 0.925781 0.601562 0.923828 0.603516 0.921875 0.603516 0.916016 0.609375 0.916016 0.611328 0.914062 0.613281 0.910156 0.609375 0.910156 0.607422 0.902344 0.607422 0.902344 0.609375 0.898438 0.613281 0.898438 0.615234 0.896484 0.617188 0.896484 0.623047 0.898438 0.625000 0.896484 0.626953 0.876953 0.626953 0.873047 0.630859 0.867188 0.630859 0.865234 0.632812 0.867188 0.634766 0.867188 0.642578 0.871094 0.646484 0.871094 0.652344 0.873047 0.652344 0.875000 0.654297 0.876953 0.654297 0.880859 0.658203 0.880859 0.660156 0.882812 0.660156 0.884766 0.662109 0.892578 0.662109 0.896484 0.666016 0.890625 0.671875 0.890625 0.679688 0.892578 0.679688 0.894531 0.681641 0.894531 0.683594 0.892578 0.685547 0.878906 0.685547 0.876953 0.687500 0.876953 0.689453 0.875000 0.691406 0.867188 0.691406 0.863281 0.687500 0.863281 0.685547 0.861328 0.685547 0.857422 0.681641 0.853516 0.681641 0.851562 0.683594 0.849609 0.683594 0.845703 0.687500 0.843750 0.687500 0.841797 0.689453 0.841797 0.691406 0.843750 0.693359 0.833984 0.703125 0.832031 0.703125 0.830078 0.705078 0.830078 0.708984 0.828125 0.710938 0.812500 0.710938 0.810547 0.712891 0.810547 0.714844 0.808594 0.716797 0.806641 0.716797 0.804688 0.718750 0.804688 0.720703 0.798828 0.726562 0.798828 0.728516 0.796875 0.730469 0.796875 0.742188 0.798828 0.744141 0.800781 0.744141 0.802734 0.746094 0.802734 0.748047 0.800781 0.750000 0.798828 0.750000 0.794922 0.753906 0.789062 0.753906 0.789062 0.757812 0.791016 0.757812 0.798828 0.765625 0.794922 0.769531 0.792969 0.769531 0.792969 0.771484 0.789062 0.775391 0.789062 0.777344 0.783203 0.783203 0.781250 0.783203 0.779297 0.785156 0.777344 0.785156 0.775391 0.787109 0.769531 0.787109 0.767578 0.789062 0.767578 0.794922 0.777344 0.804688 0.775391 0.806641 0.773438 0.806641 0.771484 0.808594 0.769531 0.808594 0.761719 0.816406 0.759766 0.816406 0.757812 0.818359 0.757812 0.828125 0.759766 0.828125 0.767578 0.835938 0.767578 0.837891 0.763672 0.841797 0.763672 0.845703 0.761719 0.847656 0.761719 0.861328 0.767578 0.867188 0.767578 0.869141 0.769531 0.871094 0.769531 0.873047 0.771484 0.873047 0.773438 0.875000 0.773438 0.876953 0.775391 0.878906 0.775391 0.880859 0.777344 0.882812 0.777344 0.884766 0.779297 0.884766 0.781250 0.886719 0.783203 0.886719 0.792969 0.896484 0.792969 0.898438 0.794922 0.900391 0.798828 0.900391 0.802734 0.904297 0.804688 0.904297 0.806641 0.906250 0.806641 0.908203 0.820312 0.908203 0.822266 0.910156 0.822266 0.914062 0.826172 0.914062 0.830078 0.917969 0.828125 0.919922 0.826172 0.919922 0.826172 0.925781 0.824219 0.927734 0.824219 0.929688 0.826172 0.931641 0.826172 0.935547 0.833984 0.943359 0.833984 0.945312 0.832031 0.947266 0.830078 0.947266 0.828125 0.949219 0.826172 0.949219 0.826172 0.951172 0.824219 0.953125 0.806641 0.953125 0.804688 0.951172 0.802734 0.951172 0.800781 0.949219 0.800781 0.941406 0.802734 0.939453 0.806641 0.939453 0.808594 0.937500 0.806641 0.935547 0.791016 0.935547 0.789062 0.937500 0.787109 0.937500 0.781250 0.943359 0.781250 0.949219 0.785156 0.953125 0.785156 0.960938 0.787109 0.962891 0.787109 0.970703 0.789062 0.970703 0.791016 0.972656 0.800781 0.972656 0.802734 0.974609 0.804688 0.974609 0.808594 0.978516 0.810547 0.978516 0.812500 0.980469 0.814453 0.980469 0.820312 0.986328 0.820312 0.992188 0.892578 0.992188 0.892578 0.990234 0.888672 0.986328 0.888672 0.984375 0.882812 0.978516 0.878906 0.978516 0.876953 0.976562 0.869141 0.976562 0.865234 0.972656 0.865234 0.966797 0.867188 0.964844 0.867188 0.962891 0.861328 0.957031 0.859375 0.957031 0.857422 0.955078 0.857422 0.951172 0.853516 0.947266 0.851562 0.947266 0.849609 0.945312 0.849609 0.943359 0.847656 0.943359 0.845703 0.941406 0.843750 0.941406 0.837891 0.935547 0.837891 0.933594 0.835938 0.933594 0.833984 0.931641 0.839844 0.925781 0.841797 0.925781 0.843750 0.923828 0.851562 0.923828 0.853516 0.925781 0.857422 0.925781 0.859375 0.927734 0.859375 0.931641 0.869141 0.931641 0.873047 0.927734 0.875000 0.927734 0.880859 0.921875 0.882812 0.921875 0.890625 0.914062 0.892578 0.914062 0.898438 0.908203 0.904297 0.908203 0.908203 0.912109 0.912109 0.912109 0.917969 0.917969 0.919922 0.917969 0.923828 0.914062 0.923828 0.910156 0.925781 0.908203 0.935547 0.908203 0.935547 0.904297 0.937500 0.902344 0.937500 0.900391 0.939453 0.898438 0.939453 0.896484 0.949219 0.886719 0.972656 0.886719 0.972656 0.880859 0.970703 0.878906 0.970703 0.876953 0.972656 0.875000 0.972656 0.871094 0.964844 0.863281 0.964844 0.861328 0.962891 0.859375 0.962891 0.857422 0.960938 0.857422 0.958984 0.855469 0.958984 0.851562 0.957031 0.849609 0.957031 0.828125 0.960938 0.824219 0.964844 0.824219 0.968750 0.820312 0.968750 0.818359 0.970703 0.816406 0.978516 0.816406 0.980469 0.814453 0.982422 0.814453 0.984375 0.812500 0.988281 0.812500 0.990234 0.810547 0.990234 0.808594 0.992188 0.806641 0.992188 0.613281 0.984375 0.613281 0.984375 0.615234 0.982422 0.617188 0.976562 0.617188 0.974609 0.619141 0.970703 0.619141 0.968750 0.617188 0.964844 0.617188 0.962891 0.619141 0.960938 0.619141 0.958984 0.621094 0.957031 0.621094 0.955078 0.623047 0.953125 0.623047 0.953125 0.628906 0.951172 0.630859 0.949219 0.630859 0.947266 0.628906 0.943359 0.628906 0.939453 0.625000 0.939453 0.621094 0.945312 0.615234 0.945312 0.613281 0.947266 0.611328 0.947266 0.607422 0.941406 0.601562 0.937500 0.601562 0.935547 0.599609 0.933594 0.599609 0.929688 0.595703 0.929688 0.589844 0.937500 0.582031 0.937500 0.576172
0 0.019531 0.560547 0.019531 0.574219 0.027344 0.582031 0.039062 0.582031 0.041016 0.583984 0.041016 0.585938 0.044922 0.585938 0.046875 0.587891 0.056641 0.587891 0.058594 0.585938 0.060547 0.585938 0.064453 0.582031 0.066406 0.582031 0.066406 0.576172 0.064453 0.574219 0.056641 0.574219 0.056641 0.576172 0.052734 0.580078 0.042969 0.580078 0.041016 0.578125 0.041016 0.572266 0.039062 0.570312 0.037109 0.570312 0.033203 0.566406 0.033203 0.560547
0 0.964844 0.554688 0.964844 0.556641 0.962891 0.558594 0.962891 0.560547 0.960938 0.562500 0.958984 0.562500 0.957031 0.564453 0.957031 0.570312 0.958984 0.572266 0.958984 0.576172 0.960938 0.578125 0.960938 0.582031 0.958984 0.583984 0.958984 0.585938 0.955078 0.589844 0.955078 0.597656 0.957031 0.599609 0.966797 0.599609 0.968750 0.597656 0.970703 0.597656 0.974609 0.593750 0.976562 0.593750 0.980469 0.597656 0.990234 0.597656 0.992188 0.595703 0.992188 0.578125 0.990234 0.576172 0.990234 0.574219 0.986328 0.570312 0.984375 0.570312 0.982422 0.568359 0.978516 0.568359 0.972656 0.562500 0.972656 0.560547 0.970703 0.558594 0.970703 0.554688
0 0.046875 0.552734 0.046875 0.556641 0.050781 0.560547 0.056641 0.560547 0.056641 0.556641 0.052734 0.552734
0 0.441406 0.550781 0.439453 0.552734 0.439453 0.554688 0.437500 0.556641 0.437500 0.564453 0.439453 0.564453 0.441406 0.566406 0.447266 0.566406 0.447266 0.562500 0.445312 0.560547 0.445312 0.550781
0 0.052734 0.537109 0.052734 0.541016 0.058594 0.546875 0.058594 0.548828 0.060547 0.550781 0.060547 0.552734 0.066406 0.552734 0.068359 0.550781 0.068359 0.548828 0.070312 0.546875 0.074219 0.546875 0.074219 0.542969 0.072266 0.542969 0.070312 0.541016 0.070312 0.539062 0.068359 0.539062 0.066406 0.537109
0 0.822266 0.482422 0.810547 0.494141 0.810547 0.496094 0.808594 0.498047 0.808594 0.503906 0.812500 0.503906 0.812500 0.501953 0.818359 0.496094 0.818359 0.494141 0.820312 0.492188 0.828125 0.492188 0.828125 0.486328 0.826172 0.484375 0.826172 0.482422
0 0.966797 0.472656 0.964844 0.474609 0.964844 0.480469 0.960938 0.484375 0.960938 0.490234 0.958984 0.492188 0.958984 0.501953 0.960938 0.503906 0.968750 0.503906 0.970703 0.501953 0.970703 0.500000 0.972656 0.498047 0.974609 0.498047 0.976562 0.500000 0.978516 0.500000 0.980469 0.501953 0.980469 0.507812 0.984375 0.511719 0.984375 0.513672 0.986328 0.513672 0.990234 0.517578 0.990234 0.519531 0.992188 0.519531 0.992188 0.478516 0.990234 0.478516 0.988281 0.476562 0.986328 0.476562 0.984375 0.474609 0.974609 0.474609 0.972656 0.472656
0 0.958984 0.429688 0.958984 0.437500 0.960938 0.437500 0.966797 0.443359 0.970703 0.443359 0.970703 0.437500 0.968750 0.437500 0.962891 0.431641 0.962891 0.429688
0 0.849609 0.416016 0.847656 0.417969 0.847656 0.419922 0.845703 0.421875 0.845703 0.425781 0.843750 0.427734 0.843750 0.433594 0.851562 0.433594 0.853516 0.431641 0.853516 0.427734 0.855469 0.425781 0.855469 0.421875 0.857422 0.419922 0.857422 0.416016
0 0.914062 0.414062 0.914062 0.423828 0.916016 0.425781 0.917969 0.425781 0.919922 0.427734 0.919922 0.429688 0.921875 0.431641 0.919922 0.433594 0.919922 0.439453 0.916016 0.443359 0.914062 0.443359 0.914062 0.445312 0.912109 0.447266 0.912109 0.455078 0.914062 0.457031 0.912109 0.458984 0.912109 0.462891 0.910156 0.464844 0.906250 0.464844 0.906250 0.466797 0.904297 0.468750 0.904297 0.470703 0.902344 0.472656 0.902344 0.478516 0.910156 0.486328 0.912109 0.486328 0.914062 0.488281 0.914062 0.492188 0.919922 0.498047 0.919922 0.501953 0.917969 0.503906 0.916016 0.503906 0.914062 0.505859 0.914062 0.511719 0.916016 0.513672 0.914062 0.515625 0.912109 0.515625 0.912109 0.519531 0.914062 0.519531 0.914062 0.515625 0.916016 0.513672 0.917969 0.515625 0.925781 0.515625 0.929688 0.511719 0.929688 0.509766 0.931641 0.507812 0.931641 0.505859 0.939453 0.498047 0.939453 0.494141 0.937500 0.492188 0.935547 0.492188 0.929688 0.486328 0.929688 0.480469 0.931641 0.478516 0.931641 0.474609 0.929688 0.472656 0.927734 0.472656 0.925781 0.470703 0.925781 0.464844 0.927734 0.462891 0.935547 0.462891 0.939453 0.466797 0.941406 0.466797 0.951172 0.476562 0.951172 0.478516 0.953125 0.480469 0.958984 0.480469 0.958984 0.474609 0.960938 0.472656 0.960938 0.468750 0.962891 0.466797 0.962891 0.464844 0.964844 0.462891 0.972656 0.462891 0.972656 0.453125 0.966797 0.453125 0.964844 0.455078 0.962891 0.455078 0.962891 0.457031 0.960938 0.458984 0.958984 0.458984 0.951172 0.451172 0.951172 0.449219 0.949219 0.447266 0.949219 0.441406 0.951172 0.439453 0.951172 0.437500 0.953125 0.435547 0.953125 0.429688 0.941406 0.429688 0.939453 0.427734 0.937500 0.427734 0.935547 0.425781 0.933594 0.425781 0.927734 0.419922 0.925781 0.419922 0.923828 0.417969 0.921875 0.417969 0.919922 0.416016 0.919922 0.414062
0 0.806641 0.386719 0.804688 0.388672 0.802734 0.388672 0.802734 0.390625 0.800781 0.392578 0.798828 0.392578 0.798828 0.394531 0.796875 0.396484 0.791016 0.396484 0.789062 0.398438 0.779297 0.398438 0.773438 0.404297 0.773438 0.416016 0.775391 0.417969 0.775391 0.419922 0.777344 0.419922 0.779297 0.421875 0.787109 0.421875 0.789062 0.419922 0.794922 0.419922 0.796875 0.421875 0.796875 0.425781 0.798828 0.425781 0.800781 0.427734 0.800781 0.429688 0.812500 0.429688 0.814453 0.431641 0.822266 0.431641 0.822266 0.429688 0.824219 0.427734 0.822266 0.425781 0.822266 0.410156 0.824219 0.408203 0.826172 0.408203 0.828125 0.406250 0.832031 0.406250 0.835938 0.402344 0.835938 0.400391 0.839844 0.396484 0.839844 0.390625 0.833984 0.390625 0.832031 0.392578 0.830078 0.392578 0.828125 0.390625 0.822266 0.390625 0.820312 0.388672 0.816406 0.388672 0.814453 0.386719
0 0.902344 0.384766 0.900391 0.386719 0.900391 0.402344 0.898438 0.404297 0.898438 0.406250 0.896484 0.408203 0.894531 0.408203 0.890625 0.412109 0.882812 0.412109 0.882812 0.414062 0.878906 0.417969 0.873047 0.417969 0.873047 0.419922 0.869141 0.423828 0.865234 0.423828 0.861328 0.427734 0.861328 0.431641 0.863281 0.431641 0.867188 0.435547 0.869141 0.435547 0.871094 0.437500 0.880859 0.437500 0.882812 0.435547 0.884766 0.435547 0.884766 0.431641 0.894531 0.421875 0.898438 0.421875 0.900391 0.419922 0.900391 0.417969 0.908203 0.410156 0.908203 0.406250 0.914062 0.400391 0.914062 0.390625 0.908203 0.384766
0 0.929688 0.382812 0.927734 0.384766 0.927734 0.390625 0.925781 0.392578 0.925781 0.394531 0.927734 0.396484 0.935547 0.396484 0.937500 0.394531 0.939453 0.394531 0.941406 0.392578 0.941406 0.388672 0.935547 0.382812
0 0.031250 0.371094 0.031250 0.373047 0.029297 0.375000 0.027344 0.375000 0.027344 0.380859 0.025391 0.382812 0.023438 0.382812 0.021484 0.384766 0.011719 0.384766 0.009766 0.382812 0.005859 0.386719 0.003906 0.386719 0.000000 0.390625 0.000000 0.402344 0.009766 0.402344 0.011719 0.404297 0.013672 0.404297 0.015625 0.406250 0.015625 0.408203 0.017578 0.408203 0.023438 0.414062 0.025391 0.414062 0.027344 0.416016 0.027344 0.417969 0.021484 0.423828 0.021484 0.425781 0.019531 0.427734 0.019531 0.429688 0.015625 0.433594 0.015625 0.435547 0.009766 0.441406 0.005859 0.441406 0.003906 0.439453 0.003906 0.437500 0.001953 0.435547 0.000000 0.435547 0.000000 0.474609 0.001953 0.474609 0.003906 0.476562 0.003906 0.478516 0.005859 0.480469 0.005859 0.486328 0.007812 0.488281 0.007812 0.492188 0.009766 0.494141 0.009766 0.496094 0.011719 0.498047 0.015625 0.498047 0.017578 0.500000 0.023438 0.500000 0.025391 0.501953 0.025391 0.505859 0.027344 0.505859 0.029297 0.507812 0.035156 0.507812 0.037109 0.509766 0.044922 0.509766 0.048828 0.505859 0.058594 0.505859 0.060547 0.503906 0.064453 0.503906 0.064453 0.488281 0.066406 0.486328 0.068359 0.488281 0.080078 0.488281 0.082031 0.486328 0.083984 0.486328 0.085938 0.484375 0.085938 0.478516 0.083984 0.476562 0.085938 0.474609 0.089844 0.474609 0.091797 0.476562 0.091797 0.478516 0.093750 0.478516 0.095703 0.480469 0.103516 0.480469 0.103516 0.478516 0.109375 0.472656 0.109375 0.470703 0.111328 0.468750 0.111328 0.458984 0.109375 0.457031 0.109375 0.453125 0.107422 0.451172 0.107422 0.439453 0.109375 0.437500 0.109375 0.435547 0.099609 0.435547 0.095703 0.431641 0.095703 0.429688 0.091797 0.425781 0.091797 0.419922 0.097656 0.414062 0.097656 0.410156 0.095703 0.408203 0.087891 0.408203 0.083984 0.404297 0.083984 0.400391 0.082031 0.398438 0.083984 0.396484 0.083984 0.392578 0.082031 0.390625 0.080078 0.390625 0.078125 0.388672 0.078125 0.386719 0.076172 0.384766 0.076172 0.382812 0.074219 0.382812 0.072266 0.380859 0.070312 0.382812 0.068359 0.380859 0.066406 0.380859 0.064453 0.382812 0.058594 0.382812 0.056641 0.380859 0.048828 0.380859 0.042969 0.375000 0.039062 0.375000 0.037109 0.373047 0.035156 0.373047 0.033203 0.371094
0 0.958984 0.365234 0.958984 0.376953 0.955078 0.380859 0.953125 0.380859 0.953125 0.382812 0.951172 0.384766 0.951172 0.390625 0.953125 0.390625 0.957031 0.394531 0.966797 0.394531 0.968750 0.392578 0.968750 0.386719 0.970703 0.384766 0.970703 0.382812 0.972656 0.380859 0.972656 0.375000 0.970703 0.373047 0.968750 0.373047 0.966797 0.371094 0.964844 0.371094 0.960938 0.367188 0.960938 0.365234
0 0.968750 0.343750 0.966797 0.345703 0.966797 0.357422 0.972656 0.363281 0.972656 0.367188 0.982422 0.367188 0.986328 0.363281 0.988281 0.363281 0.988281 0.359375 0.986328 0.357422 0.984375 0.357422 0.982422 0.359375 0.978516 0.359375 0.976562 0.357422 0.976562 0.349609 0.970703 0.343750
0 0.064453 0.265625 0.060547 0.269531 0.060547 0.275391 0.062500 0.277344 0.064453 0.277344 0.066406 0.279297 0.074219 0.279297 0.076172 0.277344 0.078125 0.277344 0.078125 0.273438 0.074219 0.273438 0.068359 0.267578 0.068359 0.265625
0 0.000000 0.212891 0.000000 0.255859 0.001953 0.255859 0.003906 0.253906 0.007812 0.253906 0.009766 0.255859 0.009766 0.257812 0.019531 0.257812 0.021484 0.255859 0.023438 0.255859 0.025391 0.253906 0.027344 0.253906 0.029297 0.251953 0.029297 0.246094 0.031250 0.244141 0.031250 0.238281 0.033203 0.236328 0.039062 0.236328 0.041016 0.238281 0.041016 0.240234 0.044922 0.240234 0.046875 0.242188 0.050781 0.242188 0.050781 0.236328 0.048828 0.234375 0.046875 0.234375 0.044922 0.232422 0.044922 0.230469 0.039062 0.230469 0.037109 0.228516 0.037109 0.226562 0.031250 0.226562 0.031250 0.228516 0.029297 0.230469 0.027344 0.230469 0.027344 0.240234 0.023438 0.244141 0.019531 0.244141 0.017578 0.242188 0.019531 0.240234 0.019531 0.238281 0.021484 0.236328 0.021484 0.234375 0.019531 0.232422 0.019531 0.228516 0.017578 0.226562 0.017578 0.218750 0.015625 0.216797 0.015625 0.214844 0.003906 0.214844 0.001953 0.212891
0 0.791016 0.171875 0.785156 0.177734 0.785156 0.181641 0.792969 0.181641 0.794922 0.179688 0.794922 0.177734 0.796875 0.175781 0.796875 0.171875
0 0.855469 0.140625 0.853516 0.142578 0.845703 0.142578 0.843750 0.144531 0.841797 0.144531 0.841797 0.150391 0.845703 0.150391 0.847656 0.152344 0.861328 0.152344 0.861328 0.140625
0 0.837891 0.099609 0.830078 0.107422 0.828125 0.107422 0.828125 0.117188 0.830078 0.119141 0.832031 0.119141 0.833984 0.121094 0.835938 0.121094 0.837891 0.123047 0.839844 0.123047 0.841797 0.125000 0.849609 0.125000 0.849609 0.121094 0.847656 0.121094 0.843750 0.117188 0.847656 0.113281 0.847656 0.105469 0.845703 0.103516 0.845703 0.101562 0.843750 0.099609
0 0.244141 0.085938 0.244141 0.091797 0.242188 0.093750 0.242188 0.101562 0.250000 0.101562 0.250000 0.099609 0.251953 0.097656 0.253906 0.097656 0.253906 0.087891 0.251953 0.085938
0 0.318359 0.003906 0.318359 0.011719 0.322266 0.015625 0.322266 0.017578 0.324219 0.017578 0.328125 0.021484 0.332031 0.021484 0.332031 0.015625 0.330078 0.013672 0.330078 0.011719 0.326172 0.007812 0.324219 0.007812 0.322266 0.005859 0.322266 0.003906
0 0.970703 0.000000 0.976562 0.005859 0.976562 0.007812 0.980469 0.011719 0.980469 0.013672 0.974609 0.019531 0.966797 0.019531 0.966797 0.031250 0.964844 0.033203 0.964844 0.041016 0.962891 0.042969 0.962891 0.044922 0.960938 0.046875 0.960938 0.060547 0.958984 0.062500 0.955078 0.062500 0.953125 0.064453 0.947266 0.064453 0.945312 0.066406 0.943359 0.066406 0.941406 0.068359 0.939453 0.068359 0.937500 0.066406 0.929688 0.066406 0.927734 0.068359 0.916016 0.068359 0.916016 0.070312 0.912109 0.074219 0.912109 0.080078 0.910156 0.082031 0.910156 0.093750 0.908203 0.095703 0.902344 0.095703 0.900391 0.097656 0.898438 0.097656 0.892578 0.103516 0.892578 0.107422 0.888672 0.111328 0.886719 0.111328 0.886719 0.115234 0.882812 0.119141 0.882812 0.126953 0.876953 0.132812 0.876953 0.136719 0.878906 0.138672 0.880859 0.138672 0.888672 0.146484 0.898438 0.146484 0.900391 0.148438 0.900391 0.150391 0.904297 0.154297 0.904297 0.160156 0.908203 0.164062 0.908203 0.169922 0.914062 0.169922 0.914062 0.166016 0.917969 0.162109 0.921875 0.162109 0.923828 0.164062 0.923828 0.167969 0.925781 0.169922 0.925781 0.181641 0.933594 0.181641 0.933594 0.179688 0.935547 0.177734 0.935547 0.175781 0.937500 0.173828 0.941406 0.173828 0.943359 0.175781 0.943359 0.193359 0.945312 0.195312 0.945312 0.199219 0.941406 0.203125 0.941406 0.207031 0.939453 0.208984 0.937500 0.208984 0.935547 0.210938 0.931641 0.207031 0.931641 0.205078 0.929688 0.203125 0.927734 0.203125 0.923828 0.199219 0.919922 0.199219 0.917969 0.197266 0.916016 0.197266 0.914062 0.195312 0.912109 0.195312 0.910156 0.193359 0.908203 0.193359 0.906250 0.191406 0.902344 0.191406 0.900391 0.193359 0.898438 0.191406 0.896484 0.191406 0.894531 0.189453 0.886719 0.189453 0.884766 0.191406 0.882812 0.191406 0.878906 0.195312 0.875000 0.195312 0.873047 0.197266 0.869141 0.197266 0.865234 0.201172 0.863281 0.201172 0.863281 0.210938 0.865234 0.212891 0.867188 0.212891 0.869141 0.214844 0.869141 0.216797 0.873047 0.220703 0.873047 0.232422 0.875000 0.234375 0.875000 0.238281 0.876953 0.240234 0.876953 0.242188 0.878906 0.242188 0.882812 0.246094 0.882812 0.248047 0.878906 0.251953 0.878906 0.257812 0.880859 0.259766 0.882812 0.259766 0.888672 0.265625 0.888672 0.267578 0.884766 0.271484 0.871094 0.271484 0.871094 0.273438 0.869141 0.275391 0.869141 0.277344 0.867188 0.279297 0.867188 0.287109 0.871094 0.291016 0.871094 0.292969 0.882812 0.304688 0.884766 0.304688 0.886719 0.302734 0.894531 0.302734 0.896484 0.304688 0.898438 0.304688 0.902344 0.308594 0.904297 0.308594 0.910156 0.314453 0.910156 0.316406 0.914062 0.316406 0.919922 0.310547 0.927734 0.310547 0.929688 0.308594 0.931641 0.308594 0.933594 0.306641 0.929688 0.302734 0.929688 0.296875 0.931641 0.294922 0.933594 0.294922 0.937500 0.291016 0.937500 0.281250 0.939453 0.279297 0.939453 0.277344 0.935547 0.273438 0.935547 0.271484 0.933594 0.269531 0.933594 0.259766 0.937500 0.255859 0.945312 0.255859 0.947266 0.257812 0.947266 0.259766 0.951172 0.263672 0.955078 0.259766 0.958984 0.259766 0.960938 0.261719 0.960938 0.269531 0.958984 0.271484 0.958984 0.275391 0.955078 0.279297 0.957031 0.279297 0.960938 0.283203 0.960938 0.294922 0.962891 0.294922 0.964844 0.296875 0.964844 0.300781 0.968750 0.304688 0.968750 0.314453 0.980469 0.314453 0.982422 0.316406 0.982422 0.318359 0.984375 0.320312 0.984375 0.324219 0.986328 0.324219 0.990234 0.328125 0.990234 0.337891 0.988281 0.339844 0.986328 0.339844 0.984375 0.341797 0.984375 0.349609 0.986328 0.349609 0.990234 0.353516 0.992188 0.353516 0.992188 0.000000
0 0.943359 0.000000 0.943359 0.003906 0.951172 0.003906 0.953125 0.001953 0.955078 0.001953 0.957031 0.000000
0 0.384766 0.000000 0.384766 0.001953 0.378906 0.007812 0.376953 0.007812 0.375000 0.009766 0.373047 0.007812 0.371094 0.007812 0.371094 0.009766 0.369141 0.011719 0.367188 0.009766 0.365234 0.009766 0.359375 0.015625 0.357422 0.015625 0.359375 0.017578 0.357422 0.019531 0.357422 0.021484 0.353516 0.025391 0.353516 0.027344 0.351562 0.029297 0.351562 0.033203 0.349609 0.035156 0.349609 0.042969 0.353516 0.046875 0.353516 0.048828 0.351562 0.050781 0.347656 0.050781 0.345703 0.048828 0.343750 0.048828 0.341797 0.046875 0.339844 0.046875 0.337891 0.048828 0.335938 0.048828 0.335938 0.062500 0.333984 0.064453 0.333984 0.072266 0.332031 0.074219 0.332031 0.091797 0.333984 0.093750 0.333984 0.095703 0.335938 0.097656 0.335938 0.103516 0.337891 0.105469 0.337891 0.107422 0.339844 0.109375 0.339844 0.111328 0.341797 0.113281 0.341797 0.115234 0.343750 0.117188 0.343750 0.123047 0.345703 0.121094 0.351562 0.126953 0.353516 0.126953 0.355469 0.128906 0.355469 0.138672 0.353516 0.140625 0.351562 0.140625 0.351562 0.142578 0.347656 0.146484 0.347656 0.160156 0.343750 0.164062 0.343750 0.167969 0.339844 0.171875 0.339844 0.175781 0.343750 0.179688 0.343750 0.181641 0.345703 0.181641 0.347656 0.183594 0.347656 0.187500 0.349609 0.189453 0.349609 0.193359 0.345703 0.197266 0.343750 0.197266 0.341797 0.199219 0.335938 0.199219 0.333984 0.197266 0.333984 0.195312 0.330078 0.195312 0.326172 0.191406 0.326172 0.185547 0.322266 0.181641 0.322266 0.177734 0.320312 0.177734 0.318359 0.175781 0.318359 0.173828 0.316406 0.171875 0.308594 0.171875 0.306641 0.169922 0.306641 0.167969 0.304688 0.166016 0.304688 0.144531 0.302734 0.142578 0.302734 0.140625 0.306641 0.136719 0.306641 0.134766 0.308594 0.132812 0.316406 0.132812 0.318359 0.130859 0.318359 0.125000 0.310547 0.117188 0.310547 0.115234 0.308594 0.113281 0.308594 0.109375 0.296875 0.109375 0.294922 0.111328 0.291016 0.107422 0.287109 0.107422 0.285156 0.105469 0.281250 0.105469 0.279297 0.107422 0.279297 0.109375 0.275391 0.113281 0.271484 0.113281 0.269531 0.111328 0.265625 0.111328 0.265625 0.123047 0.267578 0.125000 0.267578 0.126953 0.271484 0.130859 0.271484 0.132812 0.273438 0.134766 0.273438 0.136719 0.269531 0.140625 0.269531 0.146484 0.267578 0.148438 0.263672 0.148438 0.261719 0.146484 0.255859 0.146484 0.253906 0.148438 0.251953 0.148438 0.250000 0.150391 0.250000 0.152344 0.248047 0.154297 0.238281 0.154297 0.232422 0.160156 0.212891 0.160156 0.208984 0.164062 0.199219 0.164062 0.199219 0.171875 0.197266 0.173828 0.197266 0.175781 0.195312 0.177734 0.193359 0.175781 0.191406 0.175781 0.189453 0.173828 0.189453 0.171875 0.183594 0.166016 0.173828 0.166016 0.169922 0.169922 0.167969 0.169922 0.166016 0.171875 0.164062 0.171875 0.162109 0.173828 0.160156 0.173828 0.158203 0.175781 0.152344 0.175781 0.148438 0.179688 0.146484 0.177734 0.144531 0.179688 0.142578 0.179688 0.138672 0.183594 0.136719 0.183594 0.136719 0.185547 0.134766 0.187500 0.128906 0.187500 0.125000 0.191406 0.125000 0.203125 0.121094 0.207031 0.119141 0.207031 0.117188 0.205078 0.117188 0.203125 0.115234 0.201172 0.115234 0.193359 0.117188 0.191406 0.117188 0.187500 0.121094 0.183594 0.125000 0.183594 0.126953 0.181641 0.130859 0.181641 0.130859 0.179688 0.132812 0.177734 0.134766 0.177734 0.134766 0.169922 0.128906 0.169922 0.126953 0.171875 0.125000 0.171875 0.121094 0.175781 0.121094 0.177734 0.119141 0.179688 0.113281 0.179688 0.113281 0.181641 0.111328 0.183594 0.111328 0.185547 0.109375 0.187500 0.109375 0.193359 0.107422 0.195312 0.097656 0.195312 0.095703 0.197266 0.093750 0.197266 0.091797 0.199219 0.091797 0.207031 0.093750 0.208984 0.099609 0.208984 0.101562 0.210938 0.101562 0.212891 0.099609 0.214844 0.099609 0.220703 0.101562 0.222656 0.099609 0.224609 0.099609 0.226562 0.097656 0.228516 0.097656 0.236328 0.101562 0.232422 0.103516 0.232422 0.105469 0.234375 0.105469 0.248047 0.109375 0.251953 0.109375 0.259766 0.115234 0.265625 0.115234 0.269531 0.119141 0.269531 0.121094 0.271484 0.123047 0.269531 0.132812 0.269531 0.134766 0.267578 0.138672 0.267578 0.140625 0.265625 0.142578 0.265625 0.142578 0.263672 0.148438 0.257812 0.148438 0.253906 0.150391 0.251953 0.160156 0.251953 0.162109 0.250000 0.164062 0.250000 0.166016 0.251953 0.160156 0.257812 0.160156 0.267578 0.158203 0.269531 0.156250 0.269531 0.156250 0.271484 0.154297 0.273438 0.154297 0.275391 0.152344 0.277344 0.148438 0.277344 0.148438 0.279297 0.146484 0.281250 0.146484 0.283203 0.144531 0.285156 0.142578 0.283203 0.142578 0.281250 0.140625 0.281250 0.138672 0.279297 0.138672 0.277344 0.132812 0.277344 0.130859 0.275391 0.126953 0.275391 0.125000 0.277344 0.125000 0.287109 0.121094 0.291016 0.121094 0.292969 0.123047 0.294922 0.123047 0.296875 0.125000 0.298828 0.125000 0.302734 0.121094 0.306641 0.119141 0.306641 0.113281 0.300781 0.103516 0.300781 0.103516 0.310547 0.107422 0.310547 0.109375 0.312500 0.111328 0.312500 0.113281 0.314453 0.107422 0.320312 0.105469 0.320312 0.105469 0.328125 0.107422 0.328125 0.109375 0.330078 0.111328 0.330078 0.117188 0.335938 0.117188 0.345703 0.119141 0.345703 0.121094 0.347656 0.121094 0.349609 0.123047 0.349609 0.125000 0.351562 0.128906 0.351562 0.130859 0.353516 0.128906 0.355469 0.128906 0.357422 0.126953 0.359375 0.126953 0.361328 0.125000 0.363281 0.125000 0.369141 0.130859 0.369141 0.136719 0.375000 0.136719 0.380859 0.138672 0.382812 0.138672 0.388672 0.136719 0.390625 0.136719 0.394531 0.140625 0.398438 0.140625 0.402344 0.144531 0.406250 0.144531 0.410156 0.146484 0.412109 0.146484 0.423828 0.148438 0.425781 0.148438 0.433594 0.150391 0.435547 0.148438 0.437500 0.146484 0.437500 0.144531 0.439453 0.144531 0.447266 0.146484 0.447266 0.154297 0.439453 0.154297 0.437500 0.156250 0.435547 0.158203 0.435547 0.158203 0.433594 0.160156 0.431641 0.164062 0.431641 0.164062 0.423828 0.166016 0.421875 0.166016 0.408203 0.169922 0.404297 0.169922 0.402344 0.171875 0.400391 0.177734 0.400391 0.179688 0.398438 0.181641 0.400391 0.183594 0.400391 0.187500 0.404297 0.191406 0.404297 0.193359 0.406250 0.195312 0.406250 0.199219 0.410156 0.199219 0.412109 0.197266 0.414062 0.195312 0.414062 0.195312 0.416016 0.193359 0.417969 0.191406 0.417969 0.191406 0.419922 0.185547 0.425781 0.181641 0.425781 0.179688 0.427734 0.179688 0.437500 0.181641 0.437500 0.183594 0.439453 0.189453 0.439453 0.191406 0.441406 0.191406 0.443359 0.193359 0.445312 0.193359 0.447266 0.195312 0.449219 0.195312 0.451172 0.197266 0.453125 0.197266 0.457031 0.201172 0.460938 0.210938 0.460938 0.210938 0.458984 0.212891 0.457031 0.212891 0.447266 0.210938 0.445312 0.210938 0.443359 0.212891 0.441406 0.210938 0.439453 0.212891 0.437500 0.210938 0.435547 0.210938 0.433594 0.216797 0.427734 0.220703 0.427734 0.222656 0.429688 0.222656 0.431641 0.220703 0.433594 0.220703 0.443359 0.222656 0.445312 0.222656 0.449219 0.226562 0.453125 0.226562 0.458984 0.224609 0.460938 0.218750 0.460938 0.216797 0.462891 0.214844 0.462891 0.207031 0.470703 0.207031 0.486328 0.210938 0.490234 0.210938 0.494141 0.214844 0.498047 0.214844 0.500000 0.216797 0.501953 0.216797 0.505859 0.214844 0.507812 0.214844 0.509766 0.208984 0.515625 0.207031 0.515625 0.205078 0.517578 0.203125 0.517578 0.201172 0.519531 0.201172 0.527344 0.207031 0.533203 0.207031 0.535156 0.205078 0.537109 0.205078 0.541016 0.203125 0.542969 0.203125 0.552734 0.205078 0.552734 0.207031 0.554688 0.208984 0.554688 0.210938 0.556641 0.212891 0.556641 0.214844 0.558594 0.214844 0.560547 0.216797 0.562500 0.216797 0.564453 0.214844 0.566406 0.214844 0.568359 0.212891 0.570312 0.212891 0.576172 0.216797 0.576172 0.218750 0.574219 0.218750 0.572266 0.224609 0.566406 0.228516 0.566406 0.230469 0.564453 0.230469 0.556641 0.232422 0.554688 0.232422 0.550781 0.238281 0.544922 0.242188 0.544922 0.244141 0.546875 0.244141 0.548828 0.250000 0.554688 0.250000 0.558594 0.251953 0.560547 0.250000 0.562500 0.250000 0.564453 0.251953 0.566406 0.251953 0.568359 0.253906 0.570312 0.253906 0.576172 0.255859 0.578125 0.255859 0.582031 0.257812 0.582031 0.259766 0.583984 0.263672 0.583984 0.265625 0.585938 0.275391 0.585938 0.277344 0.587891 0.277344 0.589844 0.275391 0.591797 0.275391 0.597656 0.277344 0.599609 0.277344 0.601562 0.279297 0.603516 0.279297 0.605469 0.281250 0.607422 0.283203 0.607422 0.287109 0.611328 0.296875 0.611328 0.306641 0.601562 0.306641 0.599609 0.308594 0.597656 0.308594 0.595703 0.310547 0.593750 0.312500 0.593750 0.314453 0.595703 0.316406 0.595703 0.318359 0.597656 0.318359 0.609375 0.320312 0.611328 0.322266 0.609375 0.322266 0.605469 0.324219 0.603516 0.330078 0.603516 0.333984 0.607422 0.333984 0.609375 0.335938 0.611328 0.335938 0.613281 0.328125 0.621094 0.328125 0.623047 0.326172 0.625000 0.326172 0.630859 0.324219 0.632812 0.320312 0.632812 0.320312 0.640625 0.322266 0.642578 0.322266 0.644531 0.326172 0.648438 0.326172 0.656250 0.328125 0.658203 0.328125 0.662109 0.330078 0.664062 0.330078 0.666016 0.332031 0.667969 0.332031 0.669922 0.335938 0.669922 0.337891 0.671875 0.337891 0.675781 0.339844 0.677734 0.339844 0.679688 0.341797 0.681641 0.351562 0.681641 0.363281 0.669922 0.371094 0.669922 0.373047 0.667969 0.375000 0.669922 0.375000 0.673828 0.376953 0.675781 0.376953 0.681641 0.378906 0.683594 0.378906 0.685547 0.380859 0.683594 0.382812 0.683594 0.388672 0.677734 0.390625 0.677734 0.392578 0.675781 0.392578 0.664062 0.390625 0.662109 0.390625 0.658203 0.392578 0.656250 0.392578 0.652344 0.394531 0.650391 0.396484 0.650391 0.396484 0.644531 0.394531 0.644531 0.392578 0.642578 0.392578 0.640625 0.390625 0.640625 0.388672 0.638672 0.388672 0.630859 0.390625 0.628906 0.390625 0.621094 0.392578 0.619141 0.392578 0.615234 0.400391 0.607422 0.400391 0.601562 0.402344 0.599609 0.402344 0.589844 0.404297 0.587891 0.404297 0.585938 0.406250 0.583984 0.406250 0.582031 0.408203 0.580078 0.412109 0.580078 0.412109 0.570312 0.414062 0.568359 0.417969 0.568359 0.419922 0.570312 0.419922 0.572266 0.423828 0.576172 0.423828 0.589844 0.427734 0.589844 0.427734 0.582031 0.431641 0.578125 0.431641 0.566406 0.429688 0.566406 0.427734 0.564453 0.425781 0.564453 0.423828 0.562500 0.423828 0.560547 0.419922 0.556641 0.419922 0.550781 0.421875 0.548828 0.423828 0.548828 0.423828 0.546875 0.425781 0.544922 0.427734 0.544922 0.427734 0.542969 0.429688 0.541016 0.431641 0.541016 0.433594 0.539062 0.435547 0.539062 0.437500 0.537109 0.439453 0.537109 0.443359 0.533203 0.445312 0.533203 0.451172 0.539062 0.462891 0.539062 0.462891 0.535156 0.464844 0.533203 0.470703 0.533203 0.474609 0.537109 0.474609 0.542969 0.478516 0.542969 0.480469 0.541016 0.482422 0.541016 0.484375 0.539062 0.484375 0.537109 0.486328 0.535156 0.486328 0.533203 0.484375 0.531250 0.484375 0.529297 0.486328 0.527344 0.486328 0.521484 0.488281 0.519531 0.488281 0.515625 0.486328 0.513672 0.486328 0.503906 0.488281 0.501953 0.494141 0.507812 0.498047 0.507812 0.500000 0.505859 0.501953 0.505859 0.501953 0.503906 0.503906 0.501953 0.505859 0.501953 0.507812 0.503906 0.509766 0.503906 0.511719 0.505859 0.511719 0.507812 0.513672 0.507812 0.515625 0.509766 0.515625 0.513672 0.513672 0.515625 0.503906 0.515625 0.498047 0.521484 0.498047 0.531250 0.500000 0.533203 0.500000 0.537109 0.498047 0.539062 0.494141 0.539062 0.492188 0.541016 0.492188 0.546875 0.494141 0.548828 0.507812 0.548828 0.509766 0.550781 0.509766 0.552734 0.511719 0.554688 0.509766 0.556641 0.509766 0.560547 0.507812 0.562500 0.507812 0.568359 0.509766 0.570312 0.509766 0.572266 0.511719 0.574219 0.511719 0.576172 0.513672 0.578125 0.513672 0.587891 0.515625 0.589844 0.525391 0.589844 0.527344 0.591797 0.541016 0.591797 0.544922 0.595703 0.546875 0.595703 0.550781 0.599609 0.550781 0.601562 0.552734 0.601562 0.554688 0.603516 0.558594 0.603516 0.560547 0.601562 0.562500 0.603516 0.572266 0.603516 0.572266 0.601562 0.574219 0.599609 0.580078 0.599609 0.585938 0.605469 0.585938 0.611328 0.583984 0.613281 0.578125 0.613281 0.578125 0.615234 0.576172 0.617188 0.570312 0.617188 0.568359 0.619141 0.564453 0.619141 0.560547 0.623047 0.560547 0.625000 0.558594 0.626953 0.556641 0.626953 0.552734 0.630859 0.550781 0.630859 0.548828 0.632812 0.548828 0.642578 0.542969 0.648438 0.541016 0.648438 0.539062 0.650391 0.537109 0.650391 0.535156 0.652344 0.523438 0.652344 0.521484 0.650391 0.519531 0.652344 0.511719 0.652344 0.509766 0.650391 0.507812 0.650391 0.505859 0.648438 0.500000 0.648438 0.496094 0.644531 0.482422 0.644531 0.480469 0.646484 0.480469 0.648438 0.476562 0.652344 0.472656 0.652344 0.470703 0.650391 0.470703 0.648438 0.468750 0.646484 0.468750 0.644531 0.466797 0.642578 0.466797 0.640625 0.460938 0.640625 0.458984 0.638672 0.458984 0.636719 0.460938 0.634766 0.462891 0.634766 0.462891 0.632812 0.460938 0.630859 0.458984 0.632812 0.455078 0.632812 0.451172 0.628906 0.449219 0.630859 0.447266 0.628906 0.435547 0.628906 0.433594 0.630859 0.435547 0.632812 0.435547 0.638672 0.433594 0.640625 0.433594 0.642578 0.429688 0.646484 0.429688 0.648438 0.425781 0.652344 0.423828 0.652344 0.423828 0.654297 0.425781 0.656250 0.425781 0.662109 0.423828 0.664062 0.414062 0.664062 0.417969 0.667969 0.414062 0.671875 0.414062 0.677734 0.408203 0.683594 0.402344 0.683594 0.402344 0.689453 0.400391 0.691406 0.398438 0.691406 0.398438 0.707031 0.400391 0.708984 0.396484 0.712891 0.396484 0.718750 0.400391 0.718750 0.404297 0.714844 0.406250 0.716797 0.408203 0.716797 0.414062 0.722656 0.414062 0.732422 0.419922 0.732422 0.421875 0.734375 0.423828 0.734375 0.425781 0.736328 0.423828 0.738281 0.423828 0.740234 0.421875 0.742188 0.417969 0.742188 0.414062 0.746094 0.414062 0.748047 0.416016 0.748047 0.417969 0.750000 0.417969 0.751953 0.419922 0.753906 0.416016 0.757812 0.402344 0.757812 0.402344 0.777344 0.404297 0.779297 0.404297 0.783203 0.406250 0.785156 0.406250 0.789062 0.404297 0.791016 0.402344 0.791016 0.400391 0.792969 0.394531 0.792969 0.392578 0.791016 0.388672 0.794922 0.388672 0.796875 0.386719 0.798828 0.386719 0.810547 0.392578 0.810547 0.394531 0.812500 0.394531 0.814453 0.396484 0.816406 0.394531 0.818359 0.392578 0.818359 0.392578 0.822266 0.394531 0.822266 0.396484 0.824219 0.398438 0.824219 0.404297 0.830078 0.404297 0.832031 0.406250 0.832031 0.410156 0.835938 0.414062 0.835938 0.414062 0.824219 0.412109 0.822266 0.412109 0.820312 0.414062 0.818359 0.417969 0.818359 0.419922 0.820312 0.433594 0.820312 0.439453 0.814453 0.441406 0.814453 0.441406 0.812500 0.443359 0.810547 0.443359 0.808594 0.445312 0.806641 0.447266 0.806641 0.447266 0.800781 0.449219 0.798828 0.449219 0.796875 0.451172 0.794922 0.451172 0.785156 0.449219 0.785156 0.447266 0.783203 0.447266 0.777344 0.445312 0.775391 0.445312 0.773438 0.441406 0.769531 0.441406 0.765625 0.443359 0.763672 0.443359 0.761719 0.447266 0.757812 0.447266 0.738281 0.445312 0.736328 0.445312 0.726562 0.441406 0.722656 0.441406 0.718750 0.443359 0.716797 0.445312 0.716797 0.449219 0.712891 0.449219 0.710938 0.451172 0.708984 0.451172 0.707031 0.455078 0.703125 0.457031 0.705078 0.458984 0.705078 0.460938 0.707031 0.466797 0.707031 0.466797 0.699219 0.464844 0.697266 0.464844 0.693359 0.462891 0.691406 0.462891 0.687500 0.466797 0.683594 0.468750 0.683594 0.470703 0.681641 0.470703 0.679688 0.472656 0.677734 0.472656 0.675781 0.474609 0.673828 0.476562 0.673828 0.478516 0.671875 0.484375 0.677734 0.484375 0.681641 0.488281 0.681641 0.490234 0.683594 0.490234 0.685547 0.496094 0.691406 0.496094 0.695312 0.494141 0.697266 0.492188 0.697266 0.490234 0.699219 0.486328 0.699219 0.486328 0.701172 0.484375 0.703125 0.484375 0.728516 0.486328 0.728516 0.488281 0.730469 0.488281 0.732422 0.490234 0.734375 0.490234 0.736328 0.492188 0.738281 0.492188 0.740234 0.494141 0.742188 0.494141 0.744141 0.496094 0.746094 0.498047 0.746094 0.503906 0.751953 0.503906 0.755859 0.505859 0.757812 0.505859 0.759766 0.507812 0.759766 0.511719 0.763672 0.515625 0.763672 0.517578 0.765625 0.517578 0.773438 0.519531 0.773438 0.523438 0.777344 0.533203 0.777344 0.535156 0.779297 0.535156 0.783203 0.539062 0.787109 0.541016 0.787109 0.542969 0.789062 0.548828 0.789062 0.558594 0.798828 0.554688 0.802734 0.550781 0.802734 0.548828 0.800781 0.546875 0.800781 0.544922 0.798828 0.533203 0.798828 0.533203 0.804688 0.531250 0.806641 0.529297 0.806641 0.527344 0.808594 0.525391 0.808594 0.519531 0.814453 0.519531 0.822266 0.521484 0.822266 0.523438 0.824219 0.525391 0.824219 0.527344 0.826172 0.529297 0.826172 0.531250 0.828125 0.542969 0.828125 0.546875 0.832031 0.550781 0.832031 0.554688 0.835938 0.554688 0.837891 0.552734 0.839844 0.546875 0.839844 0.544922 0.837891 0.537109 0.837891 0.535156 0.839844 0.535156 0.841797 0.533203 0.843750 0.531250 0.843750 0.527344 0.847656 0.527344 0.849609 0.531250 0.849609 0.535156 0.845703 0.542969 0.845703 0.544922 0.847656 0.544922 0.853516 0.542969 0.855469 0.541016 0.855469 0.535156 0.861328 0.533203 0.861328 0.531250 0.863281 0.523438 0.863281 0.521484 0.861328 0.517578 0.861328 0.513672 0.857422 0.509766 0.857422 0.507812 0.855469 0.501953 0.855469 0.500000 0.857422 0.498047 0.857422 0.496094 0.859375 0.492188 0.859375 0.490234 0.861328 0.488281 0.861328 0.486328 0.863281 0.486328 0.865234 0.484375 0.867188 0.478516 0.867188 0.478516 0.869141 0.476562 0.871094 0.476562 0.873047 0.474609 0.875000 0.474609 0.894531 0.476562 0.896484 0.476562 0.898438 0.480469 0.902344 0.480469 0.919922 0.482422 0.921875 0.482422 0.923828 0.484375 0.925781 0.484375 0.927734 0.488281 0.931641 0.498047 0.931641 0.500000 0.929688 0.501953 0.929688 0.503906 0.927734 0.507812 0.927734 0.511719 0.923828 0.513672 0.923828 0.517578 0.919922 0.521484 0.919922 0.523438 0.917969 0.527344 0.921875 0.527344 0.923828 0.537109 0.923828 0.537109 0.919922 0.539062 0.917969 0.539062 0.916016 0.541016 0.914062 0.541016 0.908203 0.542969 0.906250 0.546875 0.906250 0.548828 0.908203 0.548828 0.912109 0.552734 0.916016 0.556641 0.916016 0.560547 0.919922 0.562500 0.919922 0.566406 0.923828 0.566406 0.925781 0.568359 0.927734 0.568359 0.931641 0.570312 0.933594 0.570312 0.935547 0.572266 0.935547 0.574219 0.937500 0.576172 0.937500 0.580078 0.941406 0.582031 0.941406 0.583984 0.943359 0.589844 0.943359 0.591797 0.945312 0.603516 0.945312 0.605469 0.947266 0.617188 0.947266 0.621094 0.951172 0.630859 0.951172 0.632812 0.953125 0.638672 0.953125 0.638672 0.949219 0.640625 0.947266 0.640625 0.937500 0.638672 0.935547 0.638672 0.931641 0.640625 0.929688 0.640625 0.927734 0.642578 0.925781 0.642578 0.923828 0.644531 0.921875 0.644531 0.914062 0.642578 0.912109 0.640625 0.912109 0.634766 0.906250 0.634766 0.888672 0.636719 0.886719 0.636719 0.884766 0.640625 0.880859 0.642578 0.880859 0.642578 0.878906 0.644531 0.876953 0.646484 0.876953 0.646484 0.875000 0.642578 0.871094 0.634766 0.871094 0.632812 0.869141 0.630859 0.869141 0.626953 0.865234 0.626953 0.857422 0.623047 0.853516 0.623047 0.851562 0.617188 0.851562 0.617188 0.853516 0.615234 0.855469 0.609375 0.855469 0.607422 0.857422 0.601562 0.851562 0.597656 0.851562 0.595703 0.849609 0.595703 0.847656 0.593750 0.849609 0.589844 0.849609 0.587891 0.847656 0.582031 0.847656 0.580078 0.849609 0.576172 0.849609 0.574219 0.851562 0.566406 0.851562 0.564453 0.849609 0.564453 0.843750 0.566406 0.841797 0.570312 0.841797 0.572266 0.839844 0.578125 0.839844 0.583984 0.833984 0.585938 0.833984 0.585938 0.828125 0.587891 0.826172 0.589844 0.826172 0.599609 0.835938 0.599609 0.837891 0.623047 0.837891 0.626953 0.833984 0.634766 0.833984 0.636719 0.835938 0.638672 0.833984 0.648438 0.833984 0.650391 0.835938 0.652344 0.835938 0.656250 0.839844 0.656250 0.847656 0.654297 0.849609 0.652344 0.849609 0.650391 0.851562 0.650391 0.859375 0.654297 0.863281 0.654297 0.865234 0.656250 0.867188 0.658203 0.867188 0.660156 0.869141 0.666016 0.869141 0.667969 0.867188 0.671875 0.867188 0.673828 0.865234 0.675781 0.865234 0.677734 0.863281 0.679688 0.863281 0.687500 0.855469 0.689453 0.855469 0.691406 0.853516 0.693359 0.853516 0.693359 0.851562 0.695312 0.849609 0.701172 0.849609 0.707031 0.855469 0.708984 0.855469 0.710938 0.857422 0.714844 0.857422 0.716797 0.859375 0.724609 0.859375 0.732422 0.851562 0.734375 0.851562 0.734375 0.845703 0.736328 0.843750 0.736328 0.835938 0.734375 0.833984 0.734375 0.828125 0.732422 0.826172 0.732422 0.820312 0.730469 0.818359 0.726562 0.818359 0.724609 0.816406 0.718750 0.816406 0.716797 0.818359 0.714844 0.818359 0.714844 0.822266 0.712891 0.824219 0.708984 0.820312 0.707031 0.820312 0.703125 0.824219 0.701172 0.824219 0.699219 0.822266 0.699219 0.820312 0.693359 0.814453 0.693359 0.810547 0.687500 0.804688 0.687500 0.802734 0.683594 0.798828 0.683594 0.796875 0.677734 0.796875 0.675781 0.798828 0.673828 0.798828 0.671875 0.800781 0.669922 0.798828 0.669922 0.789062 0.671875 0.787109 0.675781 0.787109 0.677734 0.785156 0.677734 0.783203 0.681641 0.779297 0.681641 0.775391 0.683594 0.773438 0.683594 0.769531 0.693359 0.759766 0.693359 0.755859 0.695312 0.753906 0.699219 0.757812 0.699219 0.761719 0.707031 0.761719 0.708984 0.763672 0.712891 0.763672 0.716797 0.767578 0.716797 0.773438 0.720703 0.773438 0.722656 0.771484 0.724609 0.771484 0.724609 0.769531 0.726562 0.767578 0.728516 0.767578 0.730469 0.765625 0.730469 0.763672 0.734375 0.759766 0.734375 0.755859 0.736328 0.753906 0.736328 0.750000 0.734375 0.748047 0.734375 0.740234 0.736328 0.738281 0.732422 0.734375 0.734375 0.732422 0.734375 0.730469 0.736328 0.728516 0.736328 0.726562 0.734375 0.724609 0.738281 0.720703 0.740234 0.720703 0.742188 0.722656 0.751953 0.722656 0.751953 0.716797 0.753906 0.714844 0.753906 0.693359 0.751953 0.691406 0.751953 0.689453 0.744141 0.689453 0.742188 0.687500 0.738281 0.687500 0.736328 0.689453 0.728516 0.689453 0.724609 0.693359 0.722656 0.693359 0.720703 0.691406 0.718750 0.691406 0.716797 0.689453 0.716797 0.687500 0.708984 0.687500 0.707031 0.689453 0.707031 0.691406 0.705078 0.693359 0.701172 0.693359 0.699219 0.691406 0.695312 0.691406 0.693359 0.689453 0.693359 0.687500 0.689453 0.687500 0.687500 0.685547 0.685547 0.685547 0.683594 0.683594 0.681641 0.683594 0.679688 0.681641 0.664062 0.681641 0.662109 0.679688 0.662109 0.677734 0.658203 0.673828 0.656250 0.673828 0.654297 0.671875 0.652344 0.673828 0.642578 0.673828 0.640625 0.675781 0.619141 0.675781 0.617188 0.673828 0.617188 0.664062 0.613281 0.660156 0.613281 0.658203 0.611328 0.656250 0.611328 0.654297 0.607422 0.650391 0.607422 0.648438 0.605469 0.646484 0.605469 0.642578 0.601562 0.638672 0.601562 0.623047 0.599609 0.623047 0.595703 0.619141 0.595703 0.617188 0.593750 0.615234 0.593750 0.599609 0.591797 0.597656 0.591797 0.591797 0.593750 0.589844 0.593750 0.585938 0.595703 0.583984 0.603516 0.583984 0.605469 0.585938 0.607422 0.585938 0.611328 0.589844 0.611328 0.591797 0.613281 0.593750 0.615234 0.593750 0.617188 0.591797 0.619141 0.591797 0.621094 0.589844 0.623047 0.589844 0.628906 0.583984 0.628906 0.582031 0.630859 0.580078 0.630859 0.578125 0.632812 0.576172 0.634766 0.578125 0.634766 0.587891 0.638672 0.591797 0.638672 0.593750 0.636719 0.595703 0.634766 0.595703 0.630859 0.599609 0.623047 0.599609 0.623047 0.609375 0.630859 0.617188 0.636719 0.617188 0.638672 0.619141 0.638672 0.621094 0.634766 0.625000 0.634766 0.626953 0.632812 0.628906 0.632812 0.634766 0.638672 0.640625 0.638672 0.642578 0.642578 0.642578 0.644531 0.640625 0.646484 0.640625 0.648438 0.638672 0.654297 0.638672 0.654297 0.628906 0.650391 0.625000 0.650391 0.623047 0.648438 0.621094 0.648438 0.619141 0.646484 0.617188 0.646484 0.613281 0.644531 0.611328 0.644531 0.609375 0.648438 0.605469 0.650391 0.605469 0.650391 0.601562 0.648438 0.599609 0.648438 0.591797 0.646484 0.589844 0.646484 0.583984 0.644531 0.582031 0.644531 0.580078 0.642578 0.578125 0.636719 0.578125 0.634766 0.576172 0.634766 0.574219 0.636719 0.572266 0.638672 0.572266 0.638672 0.570312 0.644531 0.564453 0.646484 0.564453 0.648438 0.566406 0.654297 0.566406 0.654297 0.558594 0.650391 0.554688 0.650391 0.550781 0.648438 0.548828 0.640625 0.548828 0.636719 0.544922 0.626953 0.544922 0.626953 0.548828 0.623047 0.552734 0.619141 0.552734 0.617188 0.550781 0.615234 0.552734 0.613281 0.552734 0.611328 0.554688 0.609375 0.554688 0.607422 0.556641 0.583984 0.556641 0.582031 0.554688 0.574219 0.554688 0.572266 0.552734 0.572266 0.550781 0.570312 0.548828 0.570312 0.541016 0.578125 0.533203 0.580078 0.533203 0.580078 0.527344 0.582031 0.525391 0.582031 0.523438 0.583984 0.521484 0.595703 0.521484 0.599609 0.517578 0.601562 0.519531 0.603516 0.519531 0.605469 0.521484 0.613281 0.521484 0.615234 0.523438 0.615234 0.525391 0.617188 0.527344 0.617188 0.531250 0.619141 0.531250 0.621094 0.529297 0.623047 0.529297 0.623047 0.523438 0.625000 0.521484 0.632812 0.521484 0.636719 0.525391 0.638672 0.525391 0.642578 0.529297 0.652344 0.529297 0.654297 0.527344 0.654297 0.525391 0.656250 0.523438 0.656250 0.515625 0.652344 0.511719 0.652344 0.509766 0.656250 0.505859 0.658203 0.505859 0.660156 0.507812 0.662109 0.507812 0.664062 0.509766 0.669922 0.509766 0.671875 0.511719 0.677734 0.511719 0.683594 0.517578 0.683594 0.521484 0.689453 0.521484 0.691406 0.523438 0.691406 0.527344 0.695312 0.527344 0.701172 0.521484 0.703125 0.523438 0.703125 0.525391 0.705078 0.525391 0.707031 0.527344 0.708984 0.527344 0.712891 0.531250 0.716797 0.531250 0.720703 0.535156 0.720703 0.537109 0.724609 0.541016 0.724609 0.548828 0.730469 0.554688 0.746094 0.554688 0.750000 0.550781 0.751953 0.552734 0.763672 0.552734 0.763672 0.548828 0.765625 0.546875 0.765625 0.533203 0.767578 0.531250 0.767578 0.523438 0.775391 0.515625 0.777344 0.517578 0.779297 0.517578 0.781250 0.515625 0.787109 0.515625 0.787109 0.513672 0.789062 0.511719 0.791016 0.511719 0.791016 0.509766 0.794922 0.505859 0.794922 0.503906 0.792969 0.501953 0.796875 0.498047 0.798828 0.498047 0.798828 0.496094 0.800781 0.494141 0.800781 0.488281 0.798828 0.486328 0.798828 0.484375 0.800781 0.482422 0.800781 0.472656 0.796875 0.472656 0.792969 0.468750 0.785156 0.468750 0.783203 0.466797 0.783203 0.460938 0.781250 0.458984 0.781250 0.447266 0.767578 0.433594 0.767578 0.429688 0.765625 0.429688 0.761719 0.425781 0.763672 0.423828 0.763672 0.414062 0.761719 0.412109 0.759766 0.412109 0.757812 0.410156 0.757812 0.406250 0.753906 0.406250 0.751953 0.404297 0.751953 0.400391 0.753906 0.398438 0.753906 0.380859 0.751953 0.378906 0.751953 0.349609 0.748047 0.345703 0.746094 0.345703 0.744141 0.343750 0.744141 0.341797 0.742188 0.339844 0.742188 0.337891 0.740234 0.337891 0.734375 0.332031 0.734375 0.330078 0.730469 0.326172 0.728516 0.326172 0.726562 0.324219 0.726562 0.322266 0.724609 0.320312 0.712891 0.320312 0.708984 0.316406 0.703125 0.316406 0.701172 0.314453 0.701172 0.312500 0.699219 0.310547 0.699219 0.306641 0.697266 0.304688 0.699219 0.302734 0.701172 0.302734 0.705078 0.298828 0.708984 0.298828 0.710938 0.296875 0.712891 0.298828 0.714844 0.298828 0.716797 0.296875 0.714844 0.294922 0.714844 0.292969 0.712891 0.291016 0.714844 0.289062 0.728516 0.289062 0.728516 0.283203 0.730469 0.281250 0.728516 0.279297 0.728516 0.277344 0.726562 0.275391 0.726562 0.267578 0.728516 0.265625 0.730469 0.265625 0.736328 0.259766 0.736328 0.246094 0.734375 0.244141 0.728516 0.244141 0.726562 0.242188 0.724609 0.242188 0.722656 0.240234 0.722656 0.234375 0.724609 0.232422 0.728516 0.232422 0.730469 0.230469 0.734375 0.230469 0.738281 0.226562 0.738281 0.224609 0.740234 0.222656 0.748047 0.230469 0.748047 0.232422 0.755859 0.240234 0.755859 0.242188 0.757812 0.244141 0.761719 0.244141 0.761719 0.238281 0.759766 0.236328 0.759766 0.234375 0.757812 0.232422 0.757812 0.210938 0.755859 0.208984 0.753906 0.208984 0.751953 0.207031 0.750000 0.207031 0.748047 0.205078 0.748047 0.195312 0.750000 0.193359 0.750000 0.185547 0.757812 0.177734 0.759766 0.177734 0.763672 0.173828 0.763672 0.171875 0.767578 0.167969 0.769531 0.167969 0.771484 0.166016 0.771484 0.164062 0.773438 0.162109 0.773438 0.160156 0.759766 0.160156 0.755859 0.156250 0.755859 0.150391 0.759766 0.146484 0.759766 0.138672 0.761719 0.136719 0.777344 0.136719 0.787109 0.146484 0.789062 0.146484 0.791016 0.148438 0.792969 0.148438 0.794922 0.150391 0.794922 0.152344 0.800781 0.152344 0.802734 0.154297 0.804688 0.152344 0.812500 0.152344 0.814453 0.154297 0.814453 0.156250 0.816406 0.158203 0.818359 0.158203 0.822266 0.162109 0.822266 0.166016 0.824219 0.167969 0.824219 0.173828 0.830078 0.173828 0.830078 0.156250 0.822266 0.148438 0.820312 0.148438 0.818359 0.146484 0.818359 0.142578 0.820312 0.140625 0.824219 0.144531 0.826172 0.144531 0.828125 0.146484 0.833984 0.146484 0.835938 0.144531 0.835938 0.138672 0.837891 0.136719 0.837891 0.130859 0.832031 0.130859 0.830078 0.128906 0.828125 0.128906 0.820312 0.121094 0.818359 0.121094 0.812500 0.115234 0.808594 0.115234 0.806641 0.113281 0.806641 0.111328 0.804688 0.109375 0.804688 0.107422 0.802734 0.105469 0.802734 0.101562 0.798828 0.097656 0.796875 0.097656 0.796875 0.099609 0.794922 0.101562 0.789062 0.101562 0.789062 0.111328 0.787109 0.113281 0.777344 0.113281 0.775391 0.111328 0.775391 0.107422 0.773438 0.105469 0.773438 0.089844 0.771484 0.087891 0.771484 0.082031 0.769531 0.080078 0.769531 0.070312 0.771484 0.068359 0.779297 0.068359 0.781250 0.070312 0.781250 0.072266 0.783203 0.074219 0.783203 0.076172 0.785156 0.076172 0.794922 0.085938 0.794922 0.087891 0.796875 0.089844 0.804688 0.089844 0.804688 0.085938 0.806641 0.083984 0.806641 0.082031 0.808594 0.080078 0.810547 0.080078 0.812500 0.078125 0.814453 0.078125 0.816406 0.076172 0.820312 0.076172 0.824219 0.080078 0.826172 0.080078 0.830078 0.083984 0.832031 0.083984 0.833984 0.085938 0.843750 0.085938 0.845703 0.083984 0.845703 0.080078 0.849609 0.076172 0.851562 0.076172 0.855469 0.072266 0.855469 0.064453 0.853516 0.062500 0.853516 0.056641 0.857422 0.052734 0.857422 0.042969 0.859375 0.041016 0.859375 0.039062 0.863281 0.035156 0.873047 0.035156 0.873047 0.031250 0.871094 0.029297 0.871094 0.025391 0.869141 0.023438 0.869141 0.017578 0.867188 0.015625 0.867188 0.013672 0.865234 0.011719 0.865234 0.009766 0.859375 0.003906 0.853516 0.003906 0.849609 0.007812 0.843750 0.007812 0.843750 0.009766 0.841797 0.011719 0.839844 0.011719 0.839844 0.013672 0.837891 0.015625 0.835938 0.015625 0.832031 0.011719 0.832031 0.007812 0.830078 0.007812 0.828125 0.005859 0.828125 0.003906 0.824219 0.000000 0.539062 0.000000 0.539062 0.005859 0.537109 0.007812 0.535156 0.007812 0.535156 0.011719 0.533203 0.013672 0.533203 0.019531 0.531250 0.021484 0.527344 0.021484 0.525391 0.019531 0.503906 0.019531 0.501953 0.017578 0.501953 0.015625 0.498047 0.015625 0.494141 0.011719 0.482422 0.011719 0.478516 0.007812 0.478516 0.005859 0.476562 0.003906 0.464844 0.003906 0.462891 0.005859 0.462891 0.007812 0.460938 0.009766 0.460938 0.011719 0.457031 0.015625 0.457031 0.021484 0.455078 0.023438 0.451172 0.023438 0.449219 0.025391 0.443359 0.025391 0.437500 0.019531 0.437500 0.017578 0.433594 0.013672 0.433594 0.009766 0.431641 0.007812 0.431641 0.005859 0.427734 0.001953 0.427734 0.000000
0 0.275391 0.000000 0.275391 0.001953 0.269531 0.007812 0.269531 0.009766 0.267578 0.011719 0.267578 0.021484 0.269531 0.023438 0.269531 0.025391 0.271484 0.027344 0.277344 0.027344 0.277344 0.015625 0.279297 0.013672 0.279297 0.009766 0.281250 0.007812 0.281250 0.005859 0.283203 0.003906 0.283203 0.000000
0 0.203125 0.000000 0.203125 0.003906 0.208984 0.003906 0.210938 0.001953 0.210938 0.000000
0 0.000000 0.000000 0.000000 0.054688 0.001953 0.056641 0.001953 0.058594 0.003906 0.060547 0.003906 0.062500 0.005859 0.064453 0.009766 0.064453 0.011719 0.066406 0.015625 0.066406 0.017578 0.064453 0.017578 0.062500 0.021484 0.058594 0.021484 0.056641 0.023438 0.054688 0.023438 0.052734 0.027344 0.048828 0.033203 0.048828 0.037109 0.052734 0.037109 0.054688 0.039062 0.056641 0.042969 0.056641 0.046875 0.060547 0.048828 0.060547 0.050781 0.062500 0.050781 0.068359 0.048828 0.070312 0.048828 0.072266 0.054688 0.078125 0.058594 0.078125 0.062500 0.082031 0.066406 0.082031 0.068359 0.083984 0.072266 0.083984 0.074219 0.085938 0.076172 0.085938 0.078125 0.087891 0.080078 0.085938 0.082031 0.085938 0.085938 0.082031 0.089844 0.082031 0.091797 0.080078 0.093750 0.080078 0.093750 0.078125 0.095703 0.076172 0.099609 0.076172 0.101562 0.074219 0.103516 0.074219 0.105469 0.072266 0.107422 0.072266 0.109375 0.070312 0.119141 0.070312 0.123047 0.074219 0.123047 0.076172 0.121094 0.078125 0.121094 0.082031 0.123047 0.083984 0.125000 0.083984 0.126953 0.085938 0.126953 0.087891 0.132812 0.087891 0.134766 0.089844 0.136719 0.089844 0.142578 0.095703 0.142578 0.097656 0.140625 0.099609 0.132812 0.099609 0.130859 0.101562 0.128906 0.101562 0.128906 0.113281 0.126953 0.115234 0.119141 0.107422 0.119141 0.093750 0.113281 0.093750 0.111328 0.091797 0.109375 0.091797 0.107422 0.089844 0.105469 0.089844 0.101562 0.085938 0.099609 0.087891 0.097656 0.087891 0.095703 0.089844 0.091797 0.089844 0.087891 0.093750 0.085938 0.093750 0.085938 0.095703 0.080078 0.101562 0.080078 0.103516 0.078125 0.105469 0.072266 0.105469 0.070312 0.107422 0.068359 0.107422 0.066406 0.109375 0.058594 0.109375 0.052734 0.103516 0.052734 0.091797 0.050781 0.091797 0.048828 0.089844 0.046875 0.089844 0.046875 0.091797 0.042969 0.095703 0.042969 0.099609 0.041016 0.101562 0.041016 0.103516 0.042969 0.105469 0.042969 0.109375 0.041016 0.111328 0.042969 0.113281 0.042969 0.119141 0.052734 0.128906 0.052734 0.130859 0.056641 0.134766 0.064453 0.134766 0.072266 0.142578 0.076172 0.142578 0.078125 0.144531 0.087891 0.144531 0.089844 0.146484 0.091797 0.146484 0.093750 0.148438 0.095703 0.148438 0.097656 0.150391 0.107422 0.150391 0.111328 0.154297 0.130859 0.154297 0.134766 0.150391 0.136719 0.150391 0.138672 0.148438 0.140625 0.148438 0.142578 0.146484 0.144531 0.146484 0.146484 0.144531 0.146484 0.140625 0.144531 0.138672 0.138672 0.138672 0.136719 0.140625 0.134766 0.140625 0.132812 0.142578 0.130859 0.140625 0.126953 0.140625 0.125000 0.138672 0.126953 0.136719 0.126953 0.132812 0.130859 0.128906 0.138672 0.128906 0.142578 0.125000 0.142578 0.121094 0.144531 0.119141 0.144531 0.117188 0.146484 0.115234 0.146484 0.113281 0.148438 0.111328 0.152344 0.111328 0.154297 0.113281 0.158203 0.113281 0.160156 0.115234 0.164062 0.115234 0.166016 0.113281 0.166016 0.111328 0.167969 0.109375 0.167969 0.105469 0.169922 0.103516 0.171875 0.103516 0.173828 0.101562 0.173828 0.099609 0.177734 0.095703 0.179688 0.095703 0.179688 0.093750 0.181641 0.091797 0.183594 0.091797 0.185547 0.093750 0.185547 0.095703 0.189453 0.095703 0.191406 0.097656 0.193359 0.097656 0.195312 0.099609 0.199219 0.099609 0.203125 0.103516 0.212891 0.103516 0.218750 0.097656 0.218750 0.091797 0.210938 0.091797 0.207031 0.095703 0.205078 0.093750 0.205078 0.085938 0.203125 0.083984 0.203125 0.082031 0.201172 0.080078 0.201172 0.074219 0.205078 0.070312 0.216797 0.082031 0.224609 0.082031 0.224609 0.074219 0.222656 0.072266 0.222656 0.068359 0.220703 0.066406 0.220703 0.058594 0.210938 0.048828 0.210938 0.037109 0.212891 0.035156 0.218750 0.035156 0.218750 0.019531 0.216797 0.017578 0.216797 0.015625 0.210938 0.015625 0.210938 0.017578 0.208984 0.019531 0.207031 0.019531 0.205078 0.017578 0.207031 0.015625 0.207031 0.007812 0.201172 0.007812 0.199219 0.009766 0.199219 0.017578 0.205078 0.017578 0.207031 0.019531 0.207031 0.025391 0.212891 0.031250 0.212891 0.033203 0.210938 0.035156 0.208984 0.033203 0.207031 0.033203 0.205078 0.031250 0.205078 0.029297 0.203125 0.029297 0.201172 0.027344 0.197266 0.027344 0.191406 0.021484 0.189453 0.021484 0.187500 0.019531 0.185547 0.019531 0.183594 0.017578 0.179688 0.017578 0.177734 0.015625 0.177734 0.007812 0.169922 0.000000