0 0.449219 0.371094 0.447266 0.373047 0.445312 0.373047 0.443359 0.375000 0.435547 0.375000 0.433594 0.373047 0.429688 0.373047 0.429688 0.376953 0.431641 0.378906 0.447266 0.378906 0.449219 0.376953 0.451172 0.376953 0.453125 0.375000 0.464844 0.375000 0.466797 0.376953 0.468750 0.376953 0.474609 0.382812 0.474609 0.384766 0.486328 0.384766 0.486328 0.380859 0.480469 0.380859 0.470703 0.371094
0 0.583984 0.330078 0.583984 0.353516 0.574219 0.363281 0.572266 0.363281 0.570312 0.361328 0.570312 0.359375 0.564453 0.353516 0.562500 0.353516 0.560547 0.351562 0.544922 0.351562 0.544922 0.355469 0.554688 0.355469 0.556641 0.357422 0.558594 0.357422 0.566406 0.365234 0.568359 0.365234 0.570312 0.367188 0.580078 0.367188 0.580078 0.365234 0.582031 0.363281 0.583984 0.363281 0.583984 0.361328 0.587891 0.357422 0.587891 0.330078
0 0.566406 0.324219 0.564453 0.326172 0.562500 0.326172 0.558594 0.330078 0.558594 0.335938 0.556641 0.337891 0.556641 0.343750 0.564453 0.343750 0.564453 0.341797 0.566406 0.339844 0.570312 0.339844 0.570312 0.335938 0.572266 0.333984 0.574219 0.333984 0.574219 0.324219
0 0.560547 0.308594 0.558594 0.310547 0.556641 0.310547 0.556641 0.312500 0.554688 0.314453 0.552734 0.314453 0.548828 0.318359 0.546875 0.318359 0.544922 0.320312 0.544922 0.324219 0.541016 0.328125 0.539062 0.328125 0.537109 0.330078 0.537109 0.333984 0.542969 0.333984 0.548828 0.328125 0.548828 0.326172 0.550781 0.324219 0.550781 0.322266 0.552734 0.320312 0.554688 0.320312 0.556641 0.318359 0.556641 0.316406 0.558594 0.314453 0.562500 0.314453 0.564453 0.312500 0.570312 0.312500 0.570312 0.308594
0 0.480469 0.300781 0.480469 0.306641 0.482422 0.308594 0.484375 0.308594 0.488281 0.312500 0.488281 0.314453 0.486328 0.316406 0.486328 0.320312 0.484375 0.322266 0.484375 0.324219 0.480469 0.328125 0.480469 0.332031 0.474609 0.337891 0.474609 0.339844 0.470703 0.343750 0.470703 0.355469 0.480469 0.355469 0.484375 0.351562 0.484375 0.349609 0.486328 0.347656 0.486328 0.345703 0.490234 0.341797 0.490234 0.337891 0.494141 0.333984 0.494141 0.332031 0.496094 0.330078 0.496094 0.326172 0.500000 0.322266 0.500000 0.306641 0.496094 0.306641 0.492188 0.302734 0.488281 0.302734 0.486328 0.300781
0 0.433594 0.296875 0.433594 0.304688 0.437500 0.308594 0.437500 0.310547 0.439453 0.312500 0.443359 0.312500 0.445312 0.314453 0.447266 0.314453 0.451172 0.318359 0.455078 0.318359 0.455078 0.312500 0.453125 0.310547 0.447266 0.310547 0.445312 0.308594 0.443359 0.308594 0.441406 0.306641 0.441406 0.304688 0.437500 0.300781 0.437500 0.296875
0 0.490234 0.275391 0.488281 0.277344 0.486328 0.277344 0.484375 0.279297 0.480469 0.279297 0.480469 0.283203 0.488281 0.283203 0.490234 0.281250 0.492188 0.281250 0.494141 0.279297 0.496094 0.279297 0.498047 0.281250 0.501953 0.281250 0.503906 0.283203 0.505859 0.283203 0.507812 0.285156 0.513672 0.285156 0.515625 0.287109 0.517578 0.287109 0.519531 0.289062 0.527344 0.289062 0.527344 0.283203 0.519531 0.283203 0.517578 0.281250 0.513672 0.281250 0.511719 0.279297 0.507812 0.279297 0.505859 0.277344 0.501953 0.277344 0.500000 0.275391
0 0.082031 0.253906 0.080078 0.255859 0.078125 0.255859 0.076172 0.257812 0.072266 0.257812 0.070312 0.259766 0.068359 0.259766 0.066406 0.261719 0.064453 0.261719 0.062500 0.263672 0.062500 0.265625 0.060547 0.267578 0.060547 0.275391 0.058594 0.277344 0.056641 0.277344 0.052734 0.281250 0.050781 0.281250 0.046875 0.285156 0.046875 0.287109 0.050781 0.287109 0.054688 0.283203 0.056641 0.283203 0.056641 0.281250 0.058594 0.279297 0.062500 0.279297 0.062500 0.267578 0.066406 0.263672 0.070312 0.263672 0.074219 0.259766 0.078125 0.259766 0.082031 0.255859 0.087891 0.255859 0.087891 0.253906
0 0.101562 0.226562 0.101562 0.248047 0.099609 0.250000 0.097656 0.250000 0.093750 0.253906 0.093750 0.255859 0.097656 0.255859 0.097656 0.253906 0.101562 0.250000 0.101562 0.248047 0.103516 0.246094 0.103516 0.226562
0 0.070312 0.205078 0.070312 0.207031 0.068359 0.208984 0.066406 0.208984 0.064453 0.210938 0.060547 0.210938 0.058594 0.212891 0.054688 0.212891 0.054688 0.214844 0.052734 0.216797 0.050781 0.216797 0.046875 0.220703 0.044922 0.220703 0.042969 0.222656 0.041016 0.222656 0.039062 0.224609 0.037109 0.224609 0.037109 0.238281 0.039062 0.238281 0.041016 0.240234 0.039062 0.242188 0.039062 0.244141 0.029297 0.253906 0.029297 0.263672 0.041016 0.263672 0.044922 0.259766 0.044922 0.257812 0.048828 0.253906 0.048828 0.250000 0.050781 0.248047 0.054688 0.248047 0.054688 0.246094 0.058594 0.242188 0.064453 0.242188 0.066406 0.240234 0.068359 0.240234 0.070312 0.238281 0.072266 0.238281 0.078125 0.232422 0.080078 0.232422 0.085938 0.226562 0.085938 0.212891 0.082031 0.212891 0.080078 0.210938 0.080078 0.205078
0 0.052734 0.189453 0.050781 0.191406 0.048828 0.191406 0.046875 0.193359 0.041016 0.193359 0.037109 0.197266 0.025391 0.197266 0.025391 0.199219 0.019531 0.205078 0.019531 0.214844 0.021484 0.216797 0.021484 0.220703 0.019531 0.222656 0.019531 0.224609 0.017578 0.226562 0.017578 0.228516 0.015625 0.230469 0.015625 0.232422 0.013672 0.234375 0.013672 0.236328 0.011719 0.238281 0.011719 0.242188 0.013672 0.242188 0.015625 0.240234 0.015625 0.236328 0.017578 0.234375 0.017578 0.232422 0.019531 0.230469 0.019531 0.226562 0.023438 0.222656 0.023438 0.214844 0.021484 0.212891 0.021484 0.208984 0.025391 0.205078 0.025391 0.203125 0.029297 0.199219 0.039062 0.199219 0.042969 0.195312 0.046875 0.195312 0.048828 0.193359 0.050781 0.193359 0.052734 0.191406 0.058594 0.191406 0.058594 0.189453
0 0.125000 0.181641 0.125000 0.185547 0.126953 0.185547 0.130859 0.189453 0.126953 0.193359 0.125000 0.193359 0.123047 0.195312 0.121094 0.195312 0.119141 0.197266 0.111328 0.197266 0.109375 0.199219 0.103516 0.199219 0.103516 0.203125 0.101562 0.205078 0.101562 0.207031 0.097656 0.210938 0.097656 0.222656 0.099609 0.222656 0.099609 0.212891 0.101562 0.210938 0.101562 0.208984 0.107422 0.203125 0.117188 0.203125 0.119141 0.201172 0.125000 0.201172 0.126953 0.199219 0.128906 0.199219 0.130859 0.197266 0.132812 0.197266 0.134766 0.195312 0.134766 0.185547 0.130859 0.181641
0 0.109375 0.095703 0.105469 0.099609 0.101562 0.099609 0.101562 0.101562 0.091797 0.111328 0.089844 0.111328 0.087891 0.113281 0.087891 0.115234 0.085938 0.117188 0.085938 0.119141 0.082031 0.123047 0.076172 0.123047 0.074219 0.121094 0.060547 0.121094 0.060547 0.125000 0.062500 0.125000 0.064453 0.123047 0.070312 0.123047 0.072266 0.125000 0.083984 0.125000 0.085938 0.126953 0.082031 0.130859 0.080078 0.130859 0.076172 0.134766 0.074219 0.134766 0.072266 0.136719 0.072266 0.138672 0.070312 0.140625 0.066406 0.140625 0.066406 0.150391 0.080078 0.150391 0.083984 0.146484 0.087891 0.146484 0.089844 0.144531 0.093750 0.144531 0.095703 0.142578 0.097656 0.142578 0.099609 0.140625 0.099609 0.136719 0.103516 0.132812 0.107422 0.132812 0.109375 0.130859 0.109375 0.121094 0.099609 0.121094 0.097656 0.123047 0.093750 0.123047 0.091797 0.125000 0.089844 0.125000 0.087891 0.126953 0.085938 0.125000 0.085938 0.123047 0.087891 0.121094 0.087891 0.119141 0.089844 0.117188 0.089844 0.115234 0.091797 0.113281 0.093750 0.113281 0.105469 0.101562 0.109375 0.101562 0.109375 0.099609 0.111328 0.097656 0.113281 0.099609 0.113281 0.101562 0.115234 0.103516 0.115234 0.105469 0.117188 0.107422 0.117188 0.113281 0.119141 0.115234 0.119141 0.126953 0.121094 0.126953 0.121094 0.111328 0.119141 0.109375 0.119141 0.105469 0.117188 0.103516 0.117188 0.101562 0.115234 0.099609 0.115234 0.095703
0 0.332031 0.011719 0.332031 0.015625 0.324219 0.023438 0.322266 0.023438 0.322266 0.025391 0.318359 0.029297 0.316406 0.029297 0.316406 0.031250 0.314453 0.033203 0.314453 0.035156 0.312500 0.037109 0.310547 0.037109 0.310547 0.039062 0.308594 0.041016 0.304688 0.041016 0.302734 0.039062 0.302734 0.037109 0.289062 0.037109 0.287109 0.039062 0.285156 0.039062 0.283203 0.041016 0.279297 0.041016 0.277344 0.042969 0.267578 0.042969 0.265625 0.041016 0.263672 0.041016 0.257812 0.035156 0.255859 0.035156 0.253906 0.033203 0.250000 0.033203 0.250000 0.037109 0.253906 0.041016 0.255859 0.041016 0.259766 0.044922 0.261719 0.044922 0.263672 0.046875 0.279297 0.046875 0.281250 0.044922 0.289062 0.044922 0.289062 0.042969 0.291016 0.041016 0.296875 0.041016 0.298828 0.042969 0.298828 0.044922 0.300781 0.044922 0.302734 0.046875 0.308594 0.046875 0.310547 0.044922 0.312500 0.044922 0.316406 0.041016 0.316406 0.039062 0.318359 0.037109 0.318359 0.035156 0.320312 0.033203 0.322266 0.033203 0.335938 0.019531 0.335938 0.011719
0 0.298828 0.007812 0.298828 0.009766 0.294922 0.013672 0.292969 0.013672 0.291016 0.015625 0.289062 0.015625 0.285156 0.019531 0.281250 0.019531 0.279297 0.021484 0.277344 0.021484 0.275391 0.023438 0.273438 0.021484 0.267578 0.021484 0.267578 0.029297 0.281250 0.029297 0.283203 0.027344 0.285156 0.027344 0.289062 0.023438 0.292969 0.023438 0.296875 0.019531 0.298828 0.019531 0.300781 0.017578 0.302734 0.017578 0.304688 0.015625 0.304688 0.007812