0 0.603516 0.865234 0.603516 0.875000 0.611328 0.875000 0.613281 0.876953 0.613281 0.882812 0.621094 0.882812 0.623047 0.884766 0.623047 0.892578 0.632812 0.892578 0.632812 0.882812 0.625000 0.882812 0.623047 0.880859 0.623047 0.873047 0.615234 0.873047 0.613281 0.871094 0.613281 0.865234
0 0.599609 0.822266 0.599609 0.828125 0.597656 0.830078 0.593750 0.830078 0.593750 0.851562 0.595703 0.853516 0.595703 0.861328 0.605469 0.861328 0.605469 0.851562 0.603516 0.849609 0.603516 0.833984 0.605469 0.832031 0.609375 0.832031 0.609375 0.822266
0 0.636719 0.818359 0.636719 0.828125 0.640625 0.828125 0.642578 0.830078 0.642578 0.835938 0.648438 0.835938 0.650391 0.837891 0.650391 0.841797 0.654297 0.841797 0.656250 0.843750 0.656250 0.873047 0.654297 0.875000 0.650391 0.875000 0.650391 0.882812 0.648438 0.884766 0.636719 0.884766 0.636719 0.894531 0.656250 0.894531 0.656250 0.886719 0.658203 0.884766 0.660156 0.884766 0.660156 0.875000 0.662109 0.873047 0.666016 0.873047 0.666016 0.841797 0.667969 0.839844 0.669922 0.839844 0.669922 0.830078 0.667969 0.830078 0.666016 0.828125 0.666016 0.822266 0.656250 0.822266 0.656250 0.824219 0.654297 0.826172 0.648438 0.826172 0.646484 0.824219 0.646484 0.818359
0 0.617188 0.816406 0.617188 0.826172 0.626953 0.826172 0.626953 0.816406
0 0.822266 0.164062 0.822266 0.173828 0.832031 0.173828 0.832031 0.164062
0 0.802734 0.150391 0.802734 0.160156 0.812500 0.160156 0.812500 0.150391
0 0.832031 0.140625 0.832031 0.150391 0.837891 0.150391 0.839844 0.152344 0.839844 0.160156 0.841797 0.162109 0.841797 0.167969 0.839844 0.169922 0.835938 0.169922 0.835938 0.179688 0.839844 0.179688 0.841797 0.181641 0.841797 0.183594 0.843750 0.183594 0.845703 0.185547 0.845703 0.187500 0.849609 0.187500 0.851562 0.189453 0.851562 0.193359 0.865234 0.193359 0.865234 0.183594 0.863281 0.183594 0.861328 0.181641 0.861328 0.179688 0.857422 0.179688 0.855469 0.177734 0.853516 0.177734 0.851562 0.175781 0.851562 0.156250 0.849609 0.154297 0.849609 0.150391 0.843750 0.150391 0.841797 0.148438 0.841797 0.140625
0 0.789062 0.134766 0.789062 0.144531 0.798828 0.144531 0.798828 0.134766
0 0.363281 0.125000 0.363281 0.126953 0.359375 0.130859 0.359375 0.132812 0.355469 0.136719 0.355469 0.140625 0.359375 0.140625 0.363281 0.136719 0.363281 0.134766 0.367188 0.130859 0.369141 0.130859 0.371094 0.132812 0.371094 0.134766 0.373047 0.136719 0.373047 0.142578 0.375000 0.144531 0.375000 0.150391 0.376953 0.152344 0.376953 0.156250 0.378906 0.158203 0.384766 0.158203 0.386719 0.160156 0.390625 0.160156 0.396484 0.166016 0.396484 0.169922 0.414062 0.169922 0.416016 0.171875 0.416016 0.175781 0.417969 0.177734 0.417969 0.179688 0.419922 0.181641 0.419922 0.191406 0.423828 0.191406 0.423828 0.179688 0.425781 0.177734 0.431641 0.183594 0.437500 0.183594 0.439453 0.185547 0.449219 0.185547 0.451172 0.187500 0.453125 0.187500 0.455078 0.189453 0.455078 0.191406 0.457031 0.193359 0.457031 0.195312 0.458984 0.195312 0.460938 0.197266 0.460938 0.203125 0.462891 0.203125 0.464844 0.205078 0.464844 0.207031 0.466797 0.208984 0.468750 0.208984 0.472656 0.212891 0.476562 0.212891 0.480469 0.216797 0.490234 0.216797 0.492188 0.214844 0.492188 0.210938 0.496094 0.207031 0.496094 0.205078 0.498047 0.203125 0.498047 0.201172 0.500000 0.199219 0.500000 0.195312 0.501953 0.193359 0.501953 0.185547 0.503906 0.183594 0.505859 0.183594 0.505859 0.181641 0.507812 0.179688 0.509766 0.179688 0.515625 0.173828 0.517578 0.173828 0.519531 0.171875 0.519531 0.167969 0.515625 0.167969 0.511719 0.171875 0.509766 0.171875 0.505859 0.175781 0.505859 0.177734 0.503906 0.179688 0.500000 0.179688 0.500000 0.181641 0.498047 0.183594 0.498047 0.189453 0.496094 0.191406 0.496094 0.193359 0.494141 0.195312 0.494141 0.199219 0.492188 0.201172 0.492188 0.203125 0.490234 0.205078 0.490234 0.207031 0.484375 0.212891 0.482422 0.210938 0.480469 0.210938 0.476562 0.207031 0.474609 0.207031 0.472656 0.205078 0.470703 0.205078 0.468750 0.203125 0.468750 0.201172 0.464844 0.197266 0.464844 0.195312 0.462891 0.193359 0.462891 0.191406 0.460938 0.189453 0.460938 0.187500 0.458984 0.185547 0.458984 0.183594 0.455078 0.183594 0.453125 0.181641 0.443359 0.181641 0.441406 0.179688 0.437500 0.179688 0.425781 0.167969 0.421875 0.167969 0.417969 0.164062 0.404297 0.164062 0.402344 0.166016 0.400391 0.164062 0.400391 0.162109 0.398438 0.160156 0.398438 0.158203 0.396484 0.156250 0.392578 0.156250 0.390625 0.154297 0.382812 0.154297 0.380859 0.152344 0.380859 0.150391 0.378906 0.148438 0.378906 0.138672 0.376953 0.136719 0.376953 0.130859 0.375000 0.128906 0.373047 0.128906 0.371094 0.126953 0.369141 0.126953 0.367188 0.125000
0 0.775391 0.093750 0.775391 0.123047 0.785156 0.123047 0.785156 0.105469 0.787109 0.103516 0.789062 0.105469 0.789062 0.107422 0.794922 0.107422 0.796875 0.109375 0.796875 0.111328 0.804688 0.111328 0.806641 0.113281 0.806641 0.123047 0.816406 0.123047 0.818359 0.125000 0.818359 0.130859 0.828125 0.130859 0.828125 0.121094 0.818359 0.121094 0.816406 0.119141 0.816406 0.113281 0.808594 0.113281 0.806641 0.111328 0.806641 0.101562 0.800781 0.101562 0.798828 0.099609 0.798828 0.097656 0.796875 0.097656 0.794922 0.095703 0.794922 0.093750
0 0.433594 0.083984 0.431641 0.085938 0.429688 0.085938 0.429688 0.087891 0.427734 0.089844 0.425781 0.089844 0.425781 0.091797 0.423828 0.093750 0.423828 0.101562 0.421875 0.103516 0.421875 0.111328 0.423828 0.113281 0.431641 0.113281 0.433594 0.111328 0.437500 0.111328 0.439453 0.109375 0.447266 0.109375 0.449219 0.107422 0.453125 0.111328 0.455078 0.111328 0.458984 0.115234 0.458984 0.117188 0.460938 0.119141 0.464844 0.119141 0.466797 0.117188 0.466797 0.115234 0.468750 0.113281 0.468750 0.109375 0.464844 0.109375 0.462891 0.111328 0.460938 0.109375 0.460938 0.107422 0.458984 0.107422 0.457031 0.105469 0.455078 0.105469 0.453125 0.103516 0.443359 0.103516 0.441406 0.105469 0.435547 0.105469 0.433594 0.107422 0.431641 0.107422 0.429688 0.109375 0.427734 0.107422 0.427734 0.097656 0.431641 0.093750 0.431641 0.091797 0.433594 0.089844 0.437500 0.089844 0.437500 0.083984
0 0.587891 0.039062 0.587891 0.041016 0.585938 0.042969 0.585938 0.044922 0.583984 0.046875 0.583984 0.056641 0.585938 0.056641 0.587891 0.058594 0.587891 0.064453 0.589844 0.064453 0.591797 0.066406 0.591797 0.070312 0.593750 0.070312 0.597656 0.074219 0.597656 0.080078 0.599609 0.082031 0.599609 0.103516 0.601562 0.103516 0.603516 0.105469 0.603516 0.109375 0.599609 0.113281 0.591797 0.113281 0.591797 0.115234 0.589844 0.117188 0.587891 0.117188 0.585938 0.119141 0.582031 0.119141 0.580078 0.121094 0.580078 0.123047 0.578125 0.125000 0.576172 0.125000 0.576172 0.130859 0.583984 0.138672 0.583984 0.144531 0.585938 0.144531 0.587891 0.146484 0.587891 0.148438 0.589844 0.148438 0.591797 0.150391 0.591797 0.152344 0.593750 0.152344 0.595703 0.154297 0.603516 0.154297 0.605469 0.156250 0.605469 0.158203 0.607422 0.158203 0.609375 0.160156 0.609375 0.166016 0.611328 0.166016 0.613281 0.167969 0.615234 0.167969 0.617188 0.169922 0.626953 0.169922 0.628906 0.171875 0.630859 0.171875 0.632812 0.173828 0.638672 0.173828 0.640625 0.175781 0.640625 0.177734 0.646484 0.177734 0.648438 0.179688 0.646484 0.181641 0.642578 0.181641 0.640625 0.183594 0.636719 0.183594 0.636719 0.189453 0.638672 0.191406 0.638672 0.193359 0.642578 0.197266 0.642578 0.203125 0.640625 0.205078 0.640625 0.210938 0.638672 0.212891 0.636719 0.212891 0.636719 0.222656 0.638672 0.224609 0.638672 0.226562 0.640625 0.228516 0.640625 0.230469 0.644531 0.234375 0.642578 0.236328 0.640625 0.236328 0.638672 0.238281 0.636719 0.238281 0.634766 0.240234 0.632812 0.240234 0.628906 0.244141 0.626953 0.244141 0.626953 0.246094 0.625000 0.248047 0.625000 0.250000 0.623047 0.251953 0.621094 0.251953 0.621094 0.255859 0.619141 0.257812 0.617188 0.257812 0.617188 0.279297 0.621094 0.283203 0.625000 0.283203 0.626953 0.285156 0.630859 0.285156 0.632812 0.287109 0.648438 0.287109 0.648438 0.283203 0.634766 0.283203 0.632812 0.281250 0.630859 0.281250 0.628906 0.279297 0.626953 0.279297 0.625000 0.277344 0.623047 0.277344 0.621094 0.275391 0.621094 0.263672 0.623047 0.261719 0.625000 0.261719 0.625000 0.255859 0.626953 0.253906 0.628906 0.253906 0.628906 0.250000 0.630859 0.248047 0.632812 0.248047 0.636719 0.244141 0.638672 0.244141 0.640625 0.242188 0.644531 0.242188 0.646484 0.240234 0.648438 0.240234 0.648438 0.228516 0.646484 0.228516 0.642578 0.224609 0.642578 0.222656 0.640625 0.220703 0.640625 0.216797 0.642578 0.214844 0.644531 0.214844 0.644531 0.208984 0.646484 0.207031 0.646484 0.191406 0.644531 0.189453 0.644531 0.187500 0.646484 0.185547 0.652344 0.185547 0.652344 0.183594 0.654297 0.181641 0.654297 0.173828 0.652344 0.171875 0.646484 0.171875 0.644531 0.169922 0.646484 0.167969 0.646484 0.164062 0.642578 0.164062 0.640625 0.162109 0.630859 0.162109 0.628906 0.160156 0.628906 0.158203 0.623047 0.158203 0.621094 0.156250 0.621094 0.154297 0.619141 0.154297 0.617188 0.152344 0.617188 0.150391 0.599609 0.150391 0.591797 0.142578 0.591797 0.140625 0.589844 0.140625 0.587891 0.138672 0.587891 0.132812 0.582031 0.126953 0.585938 0.123047 0.589844 0.123047 0.593750 0.119141 0.595703 0.119141 0.597656 0.117188 0.603516 0.117188 0.605469 0.115234 0.607422 0.115234 0.607422 0.099609 0.605469 0.099609 0.603516 0.097656 0.603516 0.076172 0.601562 0.074219 0.601562 0.070312 0.599609 0.068359 0.599609 0.066406 0.597656 0.066406 0.595703 0.064453 0.595703 0.062500 0.591797 0.058594 0.591797 0.052734 0.589844 0.050781 0.589844 0.048828 0.591797 0.046875 0.591797 0.039062