0 0.839844 0.177734 0.839844 0.179688 0.837891 0.181641 0.837891 0.183594 0.835938 0.185547 0.835938 0.189453 0.837891 0.191406 0.837891 0.195312 0.841797 0.199219 0.853516 0.199219 0.855469 0.201172 0.859375 0.201172 0.859375 0.199219 0.857422 0.197266 0.845703 0.197266 0.839844 0.191406 0.839844 0.189453 0.837891 0.187500 0.839844 0.185547 0.839844 0.181641 0.841797 0.179688 0.841797 0.177734
0 0.869141 0.171875 0.867188 0.173828 0.865234 0.173828 0.863281 0.175781 0.861328 0.175781 0.861328 0.191406 0.878906 0.191406 0.878906 0.189453 0.880859 0.187500 0.882812 0.187500 0.882812 0.171875
0 0.859375 0.146484 0.857422 0.148438 0.857422 0.154297 0.861328 0.158203 0.865234 0.158203 0.865234 0.156250 0.861328 0.152344 0.861328 0.150391 0.863281 0.148438 0.871094 0.148438 0.875000 0.152344 0.878906 0.152344 0.878906 0.150391 0.876953 0.150391 0.875000 0.148438 0.875000 0.146484
0 0.701172 0.097656 0.701172 0.099609 0.699219 0.101562 0.699219 0.105469 0.691406 0.113281 0.689453 0.113281 0.687500 0.115234 0.681641 0.115234 0.679688 0.113281 0.675781 0.113281 0.673828 0.115234 0.671875 0.115234 0.671875 0.119141 0.675781 0.123047 0.677734 0.123047 0.679688 0.125000 0.679688 0.126953 0.681641 0.128906 0.683594 0.128906 0.689453 0.134766 0.691406 0.134766 0.693359 0.136719 0.695312 0.136719 0.697266 0.138672 0.701172 0.138672 0.703125 0.140625 0.705078 0.140625 0.710938 0.146484 0.714844 0.146484 0.716797 0.144531 0.716797 0.140625 0.714844 0.138672 0.714844 0.132812 0.710938 0.128906 0.708984 0.128906 0.703125 0.123047 0.710938 0.115234 0.712891 0.115234 0.718750 0.109375 0.732422 0.109375 0.732422 0.107422 0.714844 0.107422 0.705078 0.117188 0.703125 0.117188 0.701172 0.119141 0.701172 0.126953 0.705078 0.130859 0.707031 0.130859 0.712891 0.136719 0.712891 0.138672 0.710938 0.140625 0.708984 0.138672 0.707031 0.138672 0.705078 0.136719 0.699219 0.136719 0.695312 0.132812 0.693359 0.132812 0.691406 0.130859 0.689453 0.130859 0.677734 0.119141 0.679688 0.117188 0.691406 0.117188 0.693359 0.115234 0.695312 0.115234 0.699219 0.111328 0.699219 0.109375 0.701172 0.107422 0.701172 0.105469 0.703125 0.103516 0.703125 0.097656
0 0.771484 0.083984 0.771484 0.085938 0.775391 0.089844 0.773438 0.091797 0.773438 0.093750 0.771484 0.095703 0.771484 0.113281 0.769531 0.115234 0.765625 0.115234 0.763672 0.117188 0.759766 0.117188 0.757812 0.115234 0.757812 0.103516 0.755859 0.103516 0.753906 0.101562 0.742188 0.101562 0.742188 0.103516 0.750000 0.103516 0.751953 0.105469 0.753906 0.105469 0.755859 0.107422 0.755859 0.119141 0.767578 0.119141 0.769531 0.117188 0.771484 0.117188 0.773438 0.115234 0.773438 0.097656 0.777344 0.093750 0.777344 0.085938 0.775391 0.083984
0 0.404297 0.080078 0.404297 0.082031 0.400391 0.085938 0.398438 0.085938 0.396484 0.087891 0.390625 0.087891 0.388672 0.085938 0.382812 0.085938 0.382812 0.087891 0.386719 0.087891 0.390625 0.091797 0.394531 0.091797 0.396484 0.089844 0.400391 0.089844 0.402344 0.087891 0.404297 0.087891 0.404297 0.085938 0.406250 0.083984 0.406250 0.080078
0 0.345703 0.048828 0.345703 0.052734 0.343750 0.054688 0.343750 0.060547 0.339844 0.064453 0.339844 0.068359 0.343750 0.072266 0.349609 0.072266 0.351562 0.070312 0.355469 0.070312 0.357422 0.072266 0.359375 0.072266 0.361328 0.074219 0.363281 0.074219 0.365234 0.076172 0.365234 0.078125 0.367188 0.078125 0.367188 0.072266 0.365234 0.072266 0.363281 0.070312 0.361328 0.070312 0.359375 0.068359 0.349609 0.068359 0.347656 0.070312 0.343750 0.066406 0.345703 0.064453 0.345703 0.056641 0.347656 0.054688 0.347656 0.048828
0 0.724609 0.044922 0.724609 0.058594 0.734375 0.068359 0.734375 0.072266 0.732422 0.074219 0.732422 0.076172 0.728516 0.080078 0.728516 0.095703 0.742188 0.095703 0.744141 0.093750 0.746094 0.093750 0.748047 0.091797 0.757812 0.091797 0.757812 0.076172 0.753906 0.076172 0.750000 0.072266 0.750000 0.058594 0.748047 0.056641 0.748047 0.054688 0.746094 0.052734 0.746094 0.050781 0.744141 0.050781 0.738281 0.044922
0 0.669922 0.041016 0.667969 0.042969 0.666016 0.042969 0.666016 0.044922 0.664062 0.046875 0.664062 0.048828 0.666016 0.050781 0.666016 0.052734 0.667969 0.054688 0.675781 0.054688 0.677734 0.056641 0.681641 0.056641 0.683594 0.058594 0.685547 0.058594 0.687500 0.060547 0.691406 0.060547 0.691406 0.058594 0.689453 0.056641 0.687500 0.056641 0.685547 0.054688 0.681641 0.054688 0.679688 0.052734 0.671875 0.052734 0.667969 0.048828 0.667969 0.046875 0.671875 0.042969 0.673828 0.042969 0.673828 0.041016
0 0.710938 0.027344 0.710938 0.029297 0.708984 0.031250 0.708984 0.035156 0.710938 0.037109 0.710938 0.039062 0.708984 0.041016 0.708984 0.042969 0.705078 0.046875 0.705078 0.048828 0.703125 0.050781 0.701172 0.050781 0.701172 0.052734 0.699219 0.054688 0.699219 0.058594 0.701172 0.058594 0.701172 0.056641 0.708984 0.048828 0.708984 0.046875 0.712891 0.042969 0.712891 0.033203 0.714844 0.031250 0.718750 0.035156 0.720703 0.035156 0.722656 0.037109 0.732422 0.037109 0.734375 0.035156 0.738281 0.035156 0.740234 0.037109 0.742188 0.037109 0.744141 0.039062 0.746094 0.039062 0.750000 0.042969 0.751953 0.042969 0.753906 0.044922 0.753906 0.046875 0.757812 0.050781 0.761719 0.050781 0.761719 0.048828 0.759766 0.048828 0.757812 0.046875 0.757812 0.044922 0.751953 0.039062 0.750000 0.039062 0.746094 0.035156 0.744141 0.035156 0.742188 0.033203 0.730469 0.033203 0.728516 0.035156 0.726562 0.035156 0.724609 0.033203 0.720703 0.033203 0.714844 0.027344
0 0.347656 0.005859 0.347656 0.019531 0.349609 0.021484 0.351562 0.021484 0.357422 0.027344 0.357422 0.029297 0.361328 0.029297 0.363281 0.031250 0.359375 0.035156 0.359375 0.037109 0.355469 0.041016 0.355469 0.056641 0.369141 0.056641 0.376953 0.048828 0.378906 0.048828 0.382812 0.044922 0.394531 0.044922 0.396484 0.046875 0.412109 0.046875 0.414062 0.044922 0.416016 0.044922 0.417969 0.042969 0.416016 0.041016 0.416016 0.035156 0.414062 0.033203 0.414062 0.027344 0.408203 0.021484 0.408203 0.019531 0.402344 0.013672 0.400391 0.013672 0.398438 0.011719 0.396484 0.011719 0.394531 0.009766 0.392578 0.009766 0.390625 0.007812 0.365234 0.007812 0.363281 0.005859
0 0.439453 0.000000 0.437500 0.001953 0.435547 0.001953 0.435547 0.003906 0.431641 0.007812 0.431641 0.009766 0.435547 0.009766 0.437500 0.007812 0.437500 0.005859 0.441406 0.001953 0.441406 0.000000
0 0.406250 0.000000 0.406250 0.005859 0.416016 0.015625 0.417969 0.015625 0.423828 0.021484 0.423828 0.033203 0.425781 0.035156 0.425781 0.037109 0.441406 0.037109 0.445312 0.041016 0.443359 0.042969 0.443359 0.044922 0.433594 0.054688 0.429688 0.054688 0.427734 0.056641 0.423828 0.056641 0.421875 0.058594 0.417969 0.058594 0.416016 0.060547 0.414062 0.060547 0.410156 0.064453 0.410156 0.066406 0.414062 0.066406 0.414062 0.064453 0.416016 0.062500 0.417969 0.062500 0.419922 0.060547 0.425781 0.060547 0.427734 0.058594 0.437500 0.058594 0.437500 0.056641 0.445312 0.048828 0.445312 0.046875 0.447266 0.044922 0.447266 0.037109 0.445312 0.035156 0.429688 0.035156 0.427734 0.033203 0.427734 0.031250 0.425781 0.029297 0.425781 0.017578 0.423828 0.017578 0.417969 0.011719 0.417969 0.009766 0.414062 0.009766 0.408203 0.003906 0.408203 0.000000
0 0.263672 0.000000 0.261719 0.001953 0.257812 0.001953 0.255859 0.003906 0.253906 0.003906 0.250000 0.007812 0.246094 0.007812 0.244141 0.009766 0.240234 0.009766 0.238281 0.011719 0.236328 0.011719 0.234375 0.013672 0.232422 0.013672 0.228516 0.017578 0.226562 0.017578 0.222656 0.021484 0.220703 0.021484 0.218750 0.023438 0.218750 0.025391 0.216797 0.027344 0.216797 0.035156 0.218750 0.037109 0.222656 0.037109 0.224609 0.035156 0.226562 0.035156 0.230469 0.031250 0.232422 0.031250 0.234375 0.029297 0.240234 0.029297 0.242188 0.027344 0.244141 0.027344 0.246094 0.025391 0.250000 0.025391 0.251953 0.027344 0.261719 0.027344 0.263672 0.029297 0.267578 0.029297 0.267578 0.027344 0.263672 0.023438 0.263672 0.019531 0.267578 0.015625 0.269531 0.015625 0.271484 0.013672 0.275391 0.013672 0.277344 0.011719 0.281250 0.011719 0.285156 0.015625 0.289062 0.015625 0.291016 0.017578 0.296875 0.017578 0.298828 0.019531 0.308594 0.019531 0.310547 0.021484 0.312500 0.021484 0.314453 0.023438 0.316406 0.023438 0.318359 0.025391 0.322266 0.025391 0.322266 0.023438 0.320312 0.021484 0.318359 0.021484 0.316406 0.019531 0.314453 0.019531 0.312500 0.017578 0.302734 0.017578 0.300781 0.015625 0.292969 0.015625 0.291016 0.013672 0.289062 0.013672 0.287109 0.011719 0.285156 0.011719 0.283203 0.009766 0.273438 0.009766 0.271484 0.011719 0.269531 0.011719 0.267578 0.013672 0.265625 0.013672 0.263672 0.015625 0.261719 0.015625 0.261719 0.023438 0.259766 0.025391 0.253906 0.025391 0.251953 0.023438 0.244141 0.023438 0.242188 0.025391 0.238281 0.025391 0.236328 0.027344 0.232422 0.027344 0.230469 0.029297 0.228516 0.029297 0.224609 0.033203 0.220703 0.033203 0.218750 0.031250 0.220703 0.029297 0.220703 0.027344 0.226562 0.021484 0.228516 0.021484 0.232422 0.017578 0.234375 0.017578 0.236328 0.015625 0.238281 0.015625 0.240234 0.013672 0.242188 0.013672 0.244141 0.011719 0.246094 0.011719 0.248047 0.009766 0.251953 0.009766 0.255859 0.005859 0.257812 0.005859 0.259766 0.003906 0.263672 0.003906 0.265625 0.001953 0.265625 0.000000