0 0.556641 0.980469 0.556641 0.982422 0.554688 0.984375 0.554688 0.988281 0.556641 0.988281 0.558594 0.986328 0.558594 0.980469
0 0.667969 0.968750 0.664062 0.972656 0.664062 0.974609 0.662109 0.976562 0.658203 0.972656 0.650391 0.972656 0.644531 0.978516 0.644531 0.980469 0.648438 0.984375 0.648438 0.990234 0.646484 0.992188 0.642578 0.992188 0.640625 0.990234 0.640625 0.986328 0.638672 0.984375 0.632812 0.984375 0.630859 0.986328 0.628906 0.986328 0.625000 0.990234 0.625000 0.992188 0.652344 0.992188 0.654297 0.990234 0.656250 0.990234 0.658203 0.992188 0.695312 0.992188 0.693359 0.992188 0.689453 0.988281 0.689453 0.978516 0.687500 0.976562 0.687500 0.974609 0.685547 0.972656 0.681641 0.972656 0.679688 0.970703 0.679688 0.968750
0 0.601562 0.951172 0.599609 0.953125 0.597656 0.953125 0.597656 0.957031 0.603516 0.957031 0.605469 0.955078 0.605469 0.951172
0 0.537109 0.943359 0.535156 0.945312 0.535156 0.947266 0.533203 0.949219 0.533203 0.955078 0.537109 0.958984 0.533203 0.962891 0.533203 0.964844 0.529297 0.968750 0.529297 0.974609 0.527344 0.976562 0.527344 0.978516 0.529297 0.980469 0.529297 0.982422 0.531250 0.984375 0.542969 0.984375 0.544922 0.982422 0.546875 0.982422 0.548828 0.980469 0.548828 0.978516 0.550781 0.976562 0.550781 0.966797 0.546875 0.962891 0.546875 0.947266 0.542969 0.943359
0 0.931641 0.937500 0.931641 0.939453 0.927734 0.943359 0.927734 0.951172 0.925781 0.953125 0.917969 0.953125 0.916016 0.951172 0.912109 0.955078 0.908203 0.955078 0.906250 0.957031 0.894531 0.957031 0.890625 0.960938 0.890625 0.962891 0.892578 0.964844 0.892578 0.968750 0.890625 0.970703 0.888672 0.970703 0.888672 0.976562 0.886719 0.978516 0.884766 0.978516 0.884766 0.980469 0.878906 0.986328 0.873047 0.986328 0.869141 0.990234 0.861328 0.990234 0.859375 0.992188 0.890625 0.992188 0.890625 0.988281 0.892578 0.986328 0.896484 0.986328 0.898438 0.988281 0.904297 0.988281 0.906250 0.990234 0.921875 0.990234 0.923828 0.988281 0.925781 0.988281 0.929688 0.992188 0.953125 0.992188 0.958984 0.986328 0.960938 0.986328 0.962891 0.984375 0.964844 0.984375 0.964844 0.982422 0.966797 0.980469 0.968750 0.982422 0.972656 0.978516 0.974609 0.980469 0.974609 0.990234 0.976562 0.992188 0.992188 0.992188 0.992188 0.945312 0.978516 0.945312 0.976562 0.947266 0.974609 0.947266 0.974609 0.949219 0.972656 0.951172 0.972656 0.955078 0.966797 0.960938 0.968750 0.962891 0.966797 0.964844 0.964844 0.964844 0.962891 0.962891 0.960938 0.962891 0.958984 0.960938 0.957031 0.960938 0.955078 0.958984 0.955078 0.957031 0.953125 0.955078 0.953125 0.949219 0.949219 0.945312 0.949219 0.943359 0.943359 0.943359 0.941406 0.941406 0.939453 0.941406 0.937500 0.939453 0.937500 0.937500
0 0.501953 0.916016 0.501953 0.919922 0.503906 0.921875 0.505859 0.921875 0.507812 0.919922 0.509766 0.919922 0.509766 0.917969 0.507812 0.916016
0 0.935547 0.898438 0.935547 0.900391 0.933594 0.902344 0.929688 0.902344 0.921875 0.910156 0.919922 0.910156 0.917969 0.912109 0.916016 0.912109 0.912109 0.916016 0.910156 0.916016 0.908203 0.917969 0.906250 0.917969 0.900391 0.923828 0.900391 0.927734 0.904297 0.927734 0.906250 0.925781 0.916016 0.925781 0.917969 0.923828 0.919922 0.923828 0.921875 0.921875 0.927734 0.921875 0.929688 0.919922 0.937500 0.919922 0.941406 0.916016 0.941406 0.914062 0.943359 0.912109 0.949219 0.912109 0.949219 0.908203 0.947266 0.908203 0.945312 0.906250 0.943359 0.906250 0.941406 0.904297 0.941406 0.902344 0.937500 0.898438
0 0.521484 0.826172 0.519531 0.828125 0.519531 0.830078 0.523438 0.833984 0.525391 0.833984 0.527344 0.832031 0.527344 0.828125 0.525391 0.826172
0 0.517578 0.816406 0.515625 0.818359 0.515625 0.820312 0.519531 0.820312 0.521484 0.818359 0.521484 0.816406
0 0.390625 0.722656 0.390625 0.726562 0.392578 0.728516 0.394531 0.728516 0.396484 0.726562 0.396484 0.722656
0 0.406250 0.693359 0.402344 0.697266 0.400391 0.697266 0.400391 0.699219 0.396484 0.703125 0.394531 0.703125 0.394531 0.707031 0.392578 0.708984 0.392578 0.710938 0.390625 0.712891 0.386719 0.712891 0.384766 0.710938 0.382812 0.710938 0.380859 0.712891 0.378906 0.712891 0.378906 0.718750 0.376953 0.720703 0.376953 0.726562 0.378906 0.728516 0.378906 0.726562 0.380859 0.724609 0.382812 0.724609 0.382812 0.720703 0.386719 0.716797 0.388672 0.716797 0.390625 0.718750 0.392578 0.718750 0.394531 0.716797 0.396484 0.716797 0.396484 0.714844 0.398438 0.712891 0.400391 0.714844 0.400391 0.716797 0.406250 0.722656 0.408203 0.722656 0.408203 0.720703 0.410156 0.718750 0.410156 0.714844 0.412109 0.712891 0.412109 0.710938 0.406250 0.710938 0.404297 0.708984 0.402344 0.708984 0.400391 0.710938 0.398438 0.708984 0.398438 0.707031 0.400391 0.705078 0.400391 0.703125 0.404297 0.699219 0.406250 0.699219 0.408203 0.697266 0.408203 0.693359
0 0.408203 0.656250 0.408203 0.658203 0.406250 0.660156 0.400391 0.660156 0.400391 0.662109 0.404297 0.662109 0.410156 0.667969 0.406250 0.671875 0.400391 0.671875 0.400391 0.673828 0.398438 0.675781 0.398438 0.677734 0.388672 0.687500 0.386719 0.687500 0.382812 0.691406 0.380859 0.691406 0.378906 0.693359 0.376953 0.693359 0.375000 0.695312 0.375000 0.703125 0.380859 0.703125 0.384766 0.699219 0.384766 0.697266 0.386719 0.695312 0.388672 0.695312 0.390625 0.693359 0.392578 0.693359 0.392578 0.691406 0.398438 0.685547 0.398438 0.683594 0.400391 0.681641 0.402344 0.683594 0.410156 0.683594 0.412109 0.685547 0.414062 0.683594 0.416016 0.683594 0.417969 0.681641 0.419922 0.681641 0.421875 0.679688 0.421875 0.677734 0.423828 0.675781 0.423828 0.671875 0.425781 0.669922 0.425781 0.667969 0.423828 0.666016 0.423828 0.664062 0.419922 0.660156 0.414062 0.660156 0.410156 0.656250
0 0.474609 0.650391 0.474609 0.652344 0.472656 0.654297 0.462891 0.654297 0.457031 0.660156 0.451172 0.660156 0.447266 0.664062 0.447266 0.666016 0.441406 0.671875 0.435547 0.671875 0.433594 0.673828 0.433594 0.675781 0.429688 0.679688 0.429688 0.681641 0.425781 0.685547 0.425781 0.687500 0.423828 0.689453 0.427734 0.693359 0.427734 0.697266 0.431641 0.701172 0.431641 0.708984 0.429688 0.710938 0.427734 0.710938 0.425781 0.712891 0.427734 0.714844 0.427734 0.716797 0.425781 0.718750 0.423828 0.718750 0.421875 0.716797 0.419922 0.718750 0.419922 0.720703 0.416016 0.724609 0.417969 0.724609 0.419922 0.726562 0.419922 0.728516 0.417969 0.730469 0.416016 0.730469 0.414062 0.732422 0.412109 0.732422 0.410156 0.730469 0.408203 0.730469 0.406250 0.732422 0.404297 0.732422 0.400391 0.736328 0.400391 0.740234 0.398438 0.742188 0.396484 0.742188 0.394531 0.744141 0.392578 0.744141 0.392578 0.746094 0.390625 0.748047 0.388672 0.748047 0.388672 0.751953 0.386719 0.753906 0.382812 0.753906 0.380859 0.751953 0.380859 0.750000 0.382812 0.748047 0.382812 0.746094 0.384766 0.744141 0.384766 0.738281 0.382812 0.738281 0.380859 0.736328 0.378906 0.738281 0.378906 0.740234 0.376953 0.742188 0.376953 0.744141 0.375000 0.746094 0.373047 0.746094 0.373047 0.748047 0.369141 0.751953 0.363281 0.751953 0.361328 0.753906 0.353516 0.753906 0.351562 0.751953 0.351562 0.746094 0.341797 0.746094 0.339844 0.748047 0.339844 0.751953 0.337891 0.753906 0.337891 0.755859 0.339844 0.757812 0.339844 0.759766 0.341797 0.761719 0.341797 0.765625 0.343750 0.767578 0.341797 0.769531 0.339844 0.769531 0.337891 0.767578 0.335938 0.767578 0.333984 0.765625 0.330078 0.765625 0.328125 0.763672 0.326172 0.763672 0.324219 0.761719 0.324219 0.757812 0.326172 0.755859 0.326172 0.750000 0.324219 0.748047 0.322266 0.748047 0.320312 0.746094 0.316406 0.746094 0.314453 0.744141 0.316406 0.742188 0.316406 0.734375 0.314453 0.734375 0.312500 0.736328 0.310547 0.736328 0.308594 0.738281 0.306641 0.736328 0.304688 0.736328 0.302734 0.738281 0.294922 0.730469 0.292969 0.730469 0.291016 0.728516 0.287109 0.728516 0.287109 0.734375 0.285156 0.736328 0.275391 0.736328 0.273438 0.734375 0.269531 0.734375 0.267578 0.736328 0.265625 0.736328 0.265625 0.746094 0.267578 0.748047 0.267578 0.753906 0.269531 0.755859 0.269531 0.759766 0.275391 0.759766 0.279297 0.763672 0.279297 0.767578 0.277344 0.769531 0.275391 0.769531 0.275391 0.771484 0.273438 0.773438 0.271484 0.773438 0.271484 0.775391 0.269531 0.777344 0.267578 0.775391 0.259766 0.775391 0.257812 0.777344 0.255859 0.775391 0.253906 0.775391 0.251953 0.773438 0.251953 0.771484 0.255859 0.767578 0.255859 0.765625 0.253906 0.763672 0.248047 0.763672 0.246094 0.765625 0.242188 0.761719 0.242188 0.755859 0.240234 0.753906 0.236328 0.753906 0.234375 0.755859 0.234375 0.757812 0.230469 0.761719 0.224609 0.761719 0.222656 0.763672 0.220703 0.763672 0.220703 0.769531 0.228516 0.777344 0.228516 0.789062 0.224609 0.792969 0.224609 0.802734 0.232422 0.810547 0.232422 0.814453 0.226562 0.820312 0.226562 0.822266 0.230469 0.826172 0.230469 0.828125 0.232422 0.830078 0.232422 0.837891 0.230469 0.839844 0.228516 0.839844 0.224609 0.835938 0.222656 0.835938 0.220703 0.833984 0.220703 0.832031 0.216797 0.828125 0.216797 0.824219 0.214844 0.822266 0.212891 0.824219 0.210938 0.824219 0.210938 0.826172 0.205078 0.832031 0.201172 0.832031 0.199219 0.830078 0.199219 0.828125 0.197266 0.828125 0.195312 0.826172 0.195312 0.822266 0.199219 0.818359 0.208984 0.818359 0.210938 0.816406 0.216797 0.816406 0.218750 0.814453 0.218750 0.812500 0.216797 0.810547 0.218750 0.808594 0.218750 0.806641 0.220703 0.804688 0.220703 0.800781 0.208984 0.800781 0.205078 0.804688 0.205078 0.806641 0.203125 0.808594 0.199219 0.808594 0.195312 0.804688 0.193359 0.804688 0.185547 0.796875 0.183594 0.796875 0.181641 0.794922 0.179688 0.794922 0.177734 0.792969 0.173828 0.792969 0.171875 0.794922 0.169922 0.794922 0.164062 0.800781 0.164062 0.802734 0.166016 0.804688 0.167969 0.804688 0.169922 0.806641 0.175781 0.806641 0.177734 0.808594 0.177734 0.810547 0.173828 0.814453 0.169922 0.814453 0.169922 0.818359 0.162109 0.826172 0.162109 0.828125 0.158203 0.832031 0.158203 0.833984 0.154297 0.837891 0.154297 0.847656 0.152344 0.849609 0.152344 0.851562 0.150391 0.853516 0.150391 0.857422 0.144531 0.863281 0.142578 0.863281 0.142578 0.865234 0.140625 0.867188 0.138672 0.867188 0.138672 0.869141 0.136719 0.871094 0.134766 0.871094 0.130859 0.875000 0.130859 0.876953 0.128906 0.878906 0.128906 0.880859 0.126953 0.882812 0.126953 0.892578 0.125000 0.894531 0.123047 0.894531 0.123047 0.900391 0.121094 0.902344 0.119141 0.900391 0.113281 0.906250 0.111328 0.906250 0.111328 0.912109 0.117188 0.912109 0.119141 0.914062 0.119141 0.923828 0.117188 0.925781 0.115234 0.925781 0.119141 0.929688 0.119141 0.931641 0.123047 0.935547 0.123047 0.941406 0.132812 0.941406 0.134766 0.943359 0.134766 0.947266 0.136719 0.949219 0.136719 0.951172 0.138672 0.951172 0.140625 0.953125 0.146484 0.953125 0.148438 0.955078 0.152344 0.955078 0.152344 0.953125 0.154297 0.951172 0.154297 0.949219 0.156250 0.947266 0.164062 0.947266 0.169922 0.953125 0.169922 0.962891 0.166016 0.966797 0.166016 0.970703 0.167969 0.972656 0.166016 0.974609 0.166016 0.986328 0.167969 0.988281 0.167969 0.990234 0.169922 0.990234 0.171875 0.992188 0.228516 0.992188 0.224609 0.988281 0.224609 0.974609 0.226562 0.972656 0.226562 0.970703 0.228516 0.968750 0.228516 0.966797 0.230469 0.964844 0.232422 0.964844 0.234375 0.962891 0.236328 0.962891 0.238281 0.960938 0.238281 0.958984 0.240234 0.957031 0.240234 0.953125 0.246094 0.947266 0.250000 0.947266 0.251953 0.949219 0.251953 0.951172 0.253906 0.953125 0.253906 0.955078 0.257812 0.958984 0.257812 0.972656 0.263672 0.978516 0.259766 0.982422 0.259766 0.992188 0.519531 0.992188 0.519531 0.986328 0.523438 0.982422 0.523438 0.980469 0.519531 0.976562 0.519531 0.974609 0.521484 0.972656 0.521484 0.968750 0.519531 0.966797 0.519531 0.957031 0.521484 0.955078 0.521484 0.953125 0.523438 0.951172 0.523438 0.949219 0.525391 0.947266 0.527344 0.947266 0.527344 0.945312 0.525391 0.943359 0.525391 0.941406 0.517578 0.941406 0.515625 0.939453 0.511719 0.939453 0.509766 0.937500 0.509766 0.935547 0.507812 0.933594 0.507812 0.929688 0.505859 0.927734 0.503906 0.927734 0.501953 0.925781 0.492188 0.925781 0.490234 0.923828 0.490234 0.921875 0.488281 0.919922 0.488281 0.917969 0.490234 0.916016 0.490234 0.914062 0.488281 0.912109 0.496094 0.904297 0.496094 0.898438 0.498047 0.896484 0.498047 0.894531 0.500000 0.892578 0.500000 0.884766 0.501953 0.882812 0.501953 0.880859 0.500000 0.878906 0.501953 0.876953 0.501953 0.873047 0.503906 0.871094 0.503906 0.855469 0.501953 0.855469 0.500000 0.853516 0.500000 0.851562 0.496094 0.851562 0.494141 0.849609 0.494141 0.847656 0.492188 0.845703 0.492188 0.841797 0.490234 0.839844 0.490234 0.835938 0.488281 0.835938 0.486328 0.833984 0.486328 0.830078 0.484375 0.828125 0.486328 0.826172 0.486328 0.824219 0.488281 0.822266 0.488281 0.820312 0.490234 0.818359 0.490234 0.816406 0.494141 0.812500 0.496094 0.814453 0.496094 0.816406 0.505859 0.816406 0.509766 0.812500 0.509766 0.806641 0.507812 0.804688 0.501953 0.804688 0.500000 0.802734 0.505859 0.796875 0.505859 0.792969 0.515625 0.783203 0.517578 0.783203 0.519531 0.781250 0.521484 0.781250 0.523438 0.779297 0.535156 0.779297 0.535156 0.777344 0.537109 0.775391 0.539062 0.775391 0.539062 0.765625 0.541016 0.763672 0.542969 0.763672 0.542969 0.751953 0.541016 0.750000 0.537109 0.750000 0.535156 0.748047 0.535156 0.740234 0.541016 0.734375 0.541016 0.730469 0.533203 0.730469 0.533203 0.732422 0.529297 0.736328 0.529297 0.738281 0.527344 0.740234 0.525391 0.740234 0.523438 0.738281 0.523438 0.734375 0.521484 0.732422 0.521484 0.724609 0.527344 0.718750 0.529297 0.720703 0.531250 0.720703 0.531250 0.718750 0.533203 0.716797 0.533203 0.703125 0.529297 0.699219 0.527344 0.699219 0.525391 0.701172 0.525391 0.703125 0.523438 0.705078 0.519531 0.705078 0.517578 0.707031 0.515625 0.707031 0.513672 0.705078 0.513672 0.703125 0.511719 0.701172 0.511719 0.697266 0.509766 0.695312 0.505859 0.695312 0.503906 0.693359 0.503906 0.691406 0.501953 0.689453 0.501953 0.687500 0.498047 0.683594 0.498047 0.681641 0.496094 0.679688 0.496094 0.675781 0.492188 0.671875 0.492188 0.667969 0.494141 0.666016 0.494141 0.664062 0.496094 0.662109 0.496094 0.660156 0.490234 0.654297 0.486328 0.654297 0.484375 0.652344 0.480469 0.652344 0.478516 0.650391
0 0.662109 0.568359 0.662109 0.574219 0.658203 0.578125 0.656250 0.578125 0.654297 0.580078 0.654297 0.582031 0.652344 0.583984 0.652344 0.589844 0.654297 0.589844 0.656250 0.591797 0.654297 0.593750 0.650391 0.593750 0.646484 0.597656 0.646484 0.603516 0.650391 0.603516 0.652344 0.605469 0.648438 0.609375 0.646484 0.609375 0.642578 0.613281 0.640625 0.613281 0.640625 0.615234 0.638672 0.617188 0.636719 0.617188 0.632812 0.621094 0.628906 0.621094 0.626953 0.623047 0.626953 0.628906 0.628906 0.630859 0.630859 0.630859 0.632812 0.632812 0.638672 0.632812 0.640625 0.630859 0.642578 0.632812 0.642578 0.648438 0.640625 0.650391 0.640625 0.656250 0.638672 0.658203 0.638672 0.666016 0.642578 0.666016 0.642578 0.662109 0.644531 0.660156 0.644531 0.656250 0.646484 0.654297 0.646484 0.650391 0.648438 0.648438 0.648438 0.644531 0.650391 0.642578 0.658203 0.642578 0.658203 0.632812 0.662109 0.628906 0.662109 0.615234 0.664062 0.613281 0.664062 0.603516 0.660156 0.599609 0.662109 0.597656 0.666016 0.597656 0.667969 0.595703 0.669922 0.595703 0.671875 0.597656 0.671875 0.599609 0.673828 0.601562 0.673828 0.603516 0.675781 0.605469 0.677734 0.605469 0.679688 0.607422 0.677734 0.609375 0.677734 0.615234 0.679688 0.617188 0.689453 0.617188 0.689453 0.611328 0.687500 0.609375 0.687500 0.607422 0.685547 0.607422 0.683594 0.605469 0.683594 0.603516 0.675781 0.595703 0.675781 0.591797 0.673828 0.589844 0.673828 0.587891 0.675781 0.585938 0.675781 0.578125 0.673828 0.576172 0.673828 0.574219 0.669922 0.570312 0.667969 0.570312 0.666016 0.568359
0 0.648438 0.566406 0.646484 0.568359 0.644531 0.568359 0.644531 0.574219 0.654297 0.574219 0.656250 0.572266 0.656250 0.568359 0.654297 0.568359 0.652344 0.566406
0 0.484375 0.519531 0.482422 0.521484 0.480469 0.521484 0.480469 0.525391 0.484375 0.525391 0.486328 0.523438 0.488281 0.523438 0.488281 0.519531
0 0.466797 0.494141 0.464844 0.496094 0.464844 0.498047 0.460938 0.501953 0.458984 0.501953 0.457031 0.503906 0.455078 0.503906 0.455078 0.505859 0.451172 0.509766 0.451172 0.511719 0.449219 0.513672 0.449219 0.517578 0.455078 0.517578 0.458984 0.513672 0.466797 0.513672 0.470703 0.509766 0.472656 0.509766 0.474609 0.507812 0.474609 0.496094 0.472656 0.494141
0 0.941406 0.484375 0.939453 0.486328 0.941406 0.486328 0.943359 0.488281 0.945312 0.488281 0.949219 0.492188 0.949219 0.494141 0.951172 0.496094 0.953125 0.496094 0.953125 0.488281 0.949219 0.484375
0 0.697266 0.474609 0.697266 0.478516 0.699219 0.480469 0.705078 0.480469 0.705078 0.476562 0.703125 0.474609
0 0.681641 0.464844 0.677734 0.468750 0.675781 0.468750 0.671875 0.472656 0.669922 0.472656 0.667969 0.474609 0.667969 0.480469 0.669922 0.480469 0.671875 0.482422 0.671875 0.486328 0.673828 0.486328 0.675781 0.488281 0.681641 0.488281 0.683594 0.486328 0.687500 0.486328 0.687500 0.480469 0.685547 0.478516 0.683594 0.478516 0.679688 0.474609 0.681641 0.472656 0.683594 0.472656 0.683594 0.470703 0.685547 0.468750 0.685547 0.464844
0 0.855469 0.462891 0.849609 0.468750 0.847656 0.468750 0.845703 0.466797 0.845703 0.464844 0.845703 0.466797 0.841797 0.470703 0.841797 0.472656 0.843750 0.474609 0.841797 0.476562 0.841797 0.478516 0.839844 0.480469 0.837891 0.480469 0.837891 0.482422 0.835938 0.484375 0.833984 0.484375 0.833984 0.494141 0.826172 0.501953 0.824219 0.501953 0.822266 0.500000 0.810547 0.500000 0.810547 0.501953 0.808594 0.503906 0.810547 0.505859 0.810547 0.507812 0.812500 0.509766 0.810547 0.511719 0.806641 0.511719 0.804688 0.513672 0.802734 0.513672 0.802734 0.515625 0.800781 0.517578 0.800781 0.529297 0.802734 0.531250 0.802734 0.533203 0.798828 0.537109 0.798828 0.539062 0.796875 0.541016 0.796875 0.544922 0.794922 0.546875 0.794922 0.548828 0.792969 0.550781 0.792969 0.552734 0.791016 0.554688 0.791016 0.556641 0.794922 0.560547 0.794922 0.562500 0.796875 0.564453 0.794922 0.566406 0.794922 0.568359 0.792969 0.570312 0.792969 0.572266 0.789062 0.576172 0.789062 0.580078 0.791016 0.580078 0.794922 0.583984 0.796875 0.582031 0.800781 0.582031 0.802734 0.583984 0.804688 0.583984 0.808594 0.587891 0.808594 0.591797 0.810547 0.591797 0.814453 0.595703 0.814453 0.597656 0.816406 0.599609 0.816406 0.603516 0.818359 0.605469 0.818359 0.609375 0.820312 0.611328 0.820312 0.613281 0.816406 0.617188 0.814453 0.615234 0.812500 0.615234 0.810547 0.613281 0.808594 0.615234 0.808594 0.623047 0.810547 0.621094 0.812500 0.621094 0.814453 0.619141 0.816406 0.621094 0.816406 0.630859 0.814453 0.632812 0.814453 0.634766 0.812500 0.636719 0.806641 0.636719 0.806641 0.638672 0.804688 0.640625 0.800781 0.640625 0.800781 0.646484 0.804688 0.650391 0.804688 0.652344 0.806641 0.654297 0.806641 0.664062 0.804688 0.666016 0.804688 0.667969 0.802734 0.669922 0.802734 0.671875 0.804688 0.673828 0.806641 0.673828 0.812500 0.679688 0.814453 0.679688 0.816406 0.681641 0.818359 0.681641 0.826172 0.689453 0.826172 0.697266 0.828125 0.699219 0.828125 0.703125 0.830078 0.705078 0.832031 0.705078 0.833984 0.707031 0.833984 0.710938 0.830078 0.714844 0.830078 0.716797 0.828125 0.718750 0.828125 0.722656 0.830078 0.724609 0.830078 0.728516 0.833984 0.732422 0.833984 0.734375 0.835938 0.736328 0.835938 0.740234 0.837891 0.742188 0.837891 0.744141 0.839844 0.746094 0.843750 0.746094 0.845703 0.748047 0.847656 0.748047 0.851562 0.751953 0.851562 0.755859 0.849609 0.757812 0.849609 0.771484 0.847656 0.773438 0.847656 0.775391 0.843750 0.779297 0.839844 0.779297 0.837891 0.777344 0.837891 0.775391 0.835938 0.775391 0.832031 0.771484 0.832031 0.769531 0.833984 0.767578 0.835938 0.767578 0.837891 0.765625 0.837891 0.763672 0.839844 0.761719 0.832031 0.761719 0.830078 0.763672 0.828125 0.761719 0.828125 0.751953 0.826172 0.753906 0.824219 0.751953 0.824219 0.750000 0.816406 0.750000 0.812500 0.753906 0.810547 0.751953 0.810547 0.750000 0.808594 0.748047 0.808594 0.746094 0.804688 0.746094 0.802734 0.748047 0.802734 0.753906 0.798828 0.757812 0.798828 0.771484 0.789062 0.781250 0.789062 0.783203 0.787109 0.785156 0.787109 0.800781 0.794922 0.808594 0.796875 0.808594 0.800781 0.812500 0.800781 0.814453 0.798828 0.816406 0.798828 0.824219 0.806641 0.832031 0.810547 0.832031 0.812500 0.833984 0.818359 0.833984 0.824219 0.839844 0.828125 0.839844 0.832031 0.843750 0.832031 0.845703 0.835938 0.849609 0.837891 0.849609 0.839844 0.851562 0.839844 0.855469 0.845703 0.855469 0.849609 0.859375 0.849609 0.861328 0.853516 0.865234 0.865234 0.865234 0.867188 0.867188 0.869141 0.867188 0.871094 0.869141 0.878906 0.869141 0.880859 0.867188 0.892578 0.867188 0.894531 0.865234 0.896484 0.865234 0.898438 0.863281 0.900391 0.863281 0.902344 0.861328 0.902344 0.857422 0.904297 0.855469 0.906250 0.855469 0.910156 0.851562 0.916016 0.851562 0.917969 0.853516 0.919922 0.853516 0.923828 0.857422 0.923828 0.863281 0.925781 0.865234 0.931641 0.865234 0.933594 0.863281 0.935547 0.863281 0.943359 0.871094 0.943359 0.873047 0.947266 0.873047 0.949219 0.875000 0.964844 0.875000 0.966797 0.873047 0.966797 0.871094 0.972656 0.865234 0.974609 0.865234 0.976562 0.863281 0.978516 0.863281 0.980469 0.861328 0.984375 0.861328 0.990234 0.855469 0.990234 0.851562 0.980469 0.851562 0.978516 0.853516 0.976562 0.853516 0.970703 0.847656 0.970703 0.843750 0.968750 0.841797 0.968750 0.839844 0.970703 0.837891 0.970703 0.828125 0.968750 0.826172 0.972656 0.822266 0.974609 0.824219 0.976562 0.824219 0.978516 0.826172 0.978516 0.828125 0.980469 0.830078 0.980469 0.833984 0.978516 0.835938 0.984375 0.835938 0.986328 0.837891 0.990234 0.837891 0.992188 0.835938 0.992188 0.523438 0.990234 0.521484 0.992188 0.519531 0.992188 0.517578 0.990234 0.517578 0.988281 0.515625 0.974609 0.515625 0.972656 0.513672 0.968750 0.517578 0.955078 0.517578 0.947266 0.509766 0.947266 0.501953 0.945312 0.500000 0.945312 0.498047 0.943359 0.496094 0.927734 0.496094 0.923828 0.500000 0.919922 0.500000 0.919922 0.501953 0.917969 0.503906 0.916016 0.503906 0.914062 0.501953 0.912109 0.501953 0.910156 0.500000 0.908203 0.500000 0.904297 0.503906 0.900391 0.503906 0.898438 0.501953 0.898438 0.500000 0.894531 0.500000 0.894531 0.501953 0.892578 0.503906 0.886719 0.503906 0.884766 0.501953 0.880859 0.501953 0.878906 0.500000 0.876953 0.500000 0.875000 0.498047 0.875000 0.496094 0.876953 0.494141 0.880859 0.494141 0.880859 0.490234 0.878906 0.488281 0.878906 0.480469 0.876953 0.478516 0.876953 0.472656 0.875000 0.470703 0.875000 0.464844 0.869141 0.464844 0.869141 0.466797 0.867188 0.468750 0.861328 0.468750 0.859375 0.466797 0.859375 0.464844 0.857422 0.462891
0 0.876953 0.343750 0.876953 0.345703 0.875000 0.347656 0.875000 0.349609 0.876953 0.351562 0.882812 0.351562 0.884766 0.349609 0.884766 0.347656 0.880859 0.343750
0 0.982422 0.212891 0.980469 0.214844 0.974609 0.214844 0.972656 0.216797 0.970703 0.216797 0.968750 0.218750 0.966797 0.218750 0.964844 0.220703 0.964844 0.224609 0.974609 0.224609 0.974609 0.222656 0.976562 0.220703 0.982422 0.220703 0.988281 0.226562 0.988281 0.234375 0.986328 0.236328 0.980469 0.236328 0.978516 0.234375 0.974609 0.234375 0.974609 0.238281 0.976562 0.240234 0.976562 0.244141 0.974609 0.246094 0.966797 0.246094 0.964844 0.244141 0.957031 0.244141 0.955078 0.242188 0.949219 0.242188 0.945312 0.246094 0.943359 0.246094 0.937500 0.251953 0.937500 0.259766 0.935547 0.261719 0.935547 0.263672 0.933594 0.265625 0.931641 0.265625 0.929688 0.267578 0.925781 0.267578 0.923828 0.265625 0.916016 0.265625 0.914062 0.267578 0.914062 0.275391 0.910156 0.279297 0.908203 0.279297 0.906250 0.281250 0.892578 0.281250 0.890625 0.283203 0.884766 0.283203 0.882812 0.281250 0.880859 0.281250 0.880859 0.283203 0.884766 0.287109 0.886719 0.287109 0.888672 0.289062 0.888672 0.296875 0.886719 0.298828 0.884766 0.298828 0.884766 0.306641 0.886719 0.308594 0.886719 0.312500 0.890625 0.316406 0.890625 0.320312 0.888672 0.322266 0.888672 0.326172 0.890625 0.328125 0.890625 0.330078 0.892578 0.332031 0.892578 0.333984 0.894531 0.335938 0.894531 0.337891 0.900391 0.343750 0.900391 0.345703 0.902344 0.345703 0.904297 0.347656 0.902344 0.349609 0.900391 0.349609 0.900391 0.353516 0.898438 0.355469 0.896484 0.355469 0.892578 0.359375 0.892578 0.361328 0.896484 0.365234 0.896484 0.367188 0.898438 0.369141 0.900391 0.369141 0.902344 0.371094 0.902344 0.373047 0.904297 0.375000 0.904297 0.376953 0.900391 0.380859 0.900391 0.384766 0.898438 0.386719 0.888672 0.386719 0.888672 0.388672 0.886719 0.390625 0.880859 0.390625 0.880859 0.396484 0.892578 0.408203 0.902344 0.408203 0.906250 0.404297 0.906250 0.402344 0.908203 0.400391 0.917969 0.400391 0.919922 0.398438 0.923828 0.398438 0.923828 0.394531 0.925781 0.392578 0.925781 0.388672 0.923828 0.386719 0.923828 0.384766 0.919922 0.380859 0.919922 0.378906 0.917969 0.376953 0.917969 0.365234 0.914062 0.361328 0.914062 0.359375 0.916016 0.357422 0.919922 0.357422 0.921875 0.359375 0.923828 0.359375 0.925781 0.361328 0.929688 0.361328 0.929688 0.359375 0.931641 0.357422 0.931641 0.355469 0.933594 0.353516 0.933594 0.347656 0.925781 0.347656 0.921875 0.351562 0.919922 0.351562 0.914062 0.345703 0.912109 0.345703 0.908203 0.341797 0.910156 0.339844 0.910156 0.337891 0.914062 0.333984 0.914062 0.328125 0.910156 0.328125 0.908203 0.326172 0.908203 0.322266 0.912109 0.318359 0.914062 0.318359 0.917969 0.322266 0.917969 0.326172 0.919922 0.328125 0.921875 0.328125 0.925781 0.332031 0.927734 0.332031 0.931641 0.335938 0.937500 0.335938 0.939453 0.337891 0.939453 0.345703 0.941406 0.345703 0.945312 0.349609 0.943359 0.351562 0.939453 0.351562 0.939453 0.355469 0.941406 0.357422 0.941406 0.361328 0.945312 0.365234 0.947266 0.365234 0.949219 0.367188 0.949219 0.371094 0.951172 0.373047 0.958984 0.373047 0.960938 0.375000 0.960938 0.376953 0.957031 0.380859 0.957031 0.386719 0.958984 0.388672 0.966797 0.388672 0.968750 0.390625 0.968750 0.400391 0.970703 0.402344 0.972656 0.402344 0.974609 0.404297 0.974609 0.406250 0.980469 0.406250 0.982422 0.404297 0.986328 0.404297 0.988281 0.402344 0.990234 0.404297 0.990234 0.406250 0.988281 0.408203 0.988281 0.412109 0.990234 0.414062 0.992188 0.412109 0.992188 0.212891
0 0.818359 0.152344 0.818359 0.154297 0.814453 0.158203 0.812500 0.158203 0.810547 0.160156 0.810547 0.162109 0.808594 0.164062 0.804688 0.164062 0.804688 0.166016 0.808594 0.169922 0.808594 0.171875 0.806641 0.173828 0.804688 0.173828 0.802734 0.175781 0.794922 0.175781 0.791016 0.179688 0.783203 0.179688 0.781250 0.181641 0.781250 0.185547 0.779297 0.187500 0.779297 0.189453 0.781250 0.187500 0.785156 0.191406 0.789062 0.191406 0.791016 0.189453 0.792969 0.189453 0.794922 0.191406 0.794922 0.193359 0.792969 0.195312 0.794922 0.197266 0.794922 0.207031 0.796875 0.207031 0.798828 0.208984 0.798828 0.210938 0.800781 0.212891 0.802734 0.212891 0.804688 0.214844 0.808594 0.214844 0.810547 0.212891 0.812500 0.214844 0.818359 0.214844 0.820312 0.216797 0.824219 0.216797 0.826172 0.218750 0.822266 0.222656 0.818359 0.222656 0.814453 0.226562 0.812500 0.224609 0.812500 0.222656 0.802734 0.222656 0.798828 0.226562 0.798828 0.238281 0.800781 0.240234 0.800781 0.242188 0.804688 0.242188 0.806641 0.244141 0.806641 0.248047 0.804688 0.250000 0.804688 0.251953 0.802734 0.253906 0.802734 0.267578 0.800781 0.269531 0.800781 0.277344 0.802734 0.277344 0.810547 0.285156 0.810547 0.292969 0.808594 0.294922 0.808594 0.304688 0.812500 0.308594 0.814453 0.308594 0.816406 0.310547 0.824219 0.310547 0.826172 0.312500 0.837891 0.312500 0.839844 0.310547 0.841797 0.310547 0.843750 0.308594 0.845703 0.308594 0.845703 0.306641 0.847656 0.304688 0.847656 0.289062 0.849609 0.287109 0.851562 0.287109 0.853516 0.289062 0.855469 0.289062 0.857422 0.291016 0.859375 0.291016 0.861328 0.292969 0.863281 0.292969 0.865234 0.294922 0.873047 0.294922 0.873047 0.285156 0.871094 0.283203 0.871094 0.281250 0.869141 0.279297 0.869141 0.275391 0.867188 0.275391 0.865234 0.273438 0.865234 0.271484 0.863281 0.271484 0.859375 0.267578 0.859375 0.255859 0.857422 0.253906 0.857422 0.250000 0.859375 0.248047 0.863281 0.248047 0.865234 0.246094 0.869141 0.246094 0.871094 0.244141 0.875000 0.244141 0.876953 0.242188 0.878906 0.242188 0.882812 0.238281 0.882812 0.226562 0.890625 0.218750 0.890625 0.216797 0.894531 0.212891 0.894531 0.210938 0.896484 0.208984 0.898438 0.208984 0.898438 0.203125 0.894531 0.199219 0.880859 0.199219 0.878906 0.197266 0.876953 0.197266 0.875000 0.195312 0.875000 0.187500 0.873047 0.187500 0.869141 0.183594 0.869141 0.181641 0.867188 0.179688 0.865234 0.179688 0.863281 0.177734 0.863281 0.175781 0.855469 0.167969 0.849609 0.167969 0.847656 0.166016 0.847656 0.164062 0.841797 0.164062 0.833984 0.171875 0.833984 0.173828 0.832031 0.175781 0.832031 0.177734 0.830078 0.179688 0.828125 0.179688 0.826172 0.177734 0.826172 0.175781 0.828125 0.173828 0.826172 0.171875 0.828125 0.169922 0.828125 0.164062 0.824219 0.160156 0.824219 0.156250 0.822266 0.156250 0.820312 0.154297 0.820312 0.152344
0 0.589844 0.070312 0.589844 0.076172 0.591797 0.078125 0.591797 0.080078 0.593750 0.080078 0.595703 0.082031 0.597656 0.082031 0.599609 0.080078 0.593750 0.074219 0.593750 0.072266 0.591797 0.070312
0 0.558594 0.058594 0.558594 0.060547 0.552734 0.066406 0.552734 0.068359 0.550781 0.070312 0.552734 0.072266 0.562500 0.072266 0.564453 0.070312 0.566406 0.072266 0.576172 0.072266 0.576172 0.066406 0.568359 0.058594
0 0.824219 0.015625 0.822266 0.017578 0.822266 0.021484 0.820312 0.023438 0.820312 0.027344 0.828125 0.027344 0.830078 0.025391 0.830078 0.019531 0.826172 0.015625
0 0.791016 0.000000 0.791016 0.001953 0.796875 0.007812 0.800781 0.007812 0.800781 0.000000
0 0.419922 0.000000 0.419922 0.009766 0.417969 0.011719 0.417969 0.023438 0.421875 0.027344 0.421875 0.029297 0.423828 0.031250 0.423828 0.033203 0.425781 0.033203 0.427734 0.035156 0.427734 0.037109 0.429688 0.037109 0.433594 0.041016 0.431641 0.042969 0.431641 0.048828 0.439453 0.048828 0.439453 0.046875 0.441406 0.044922 0.441406 0.041016 0.443359 0.039062 0.449219 0.039062 0.451172 0.041016 0.458984 0.041016 0.458984 0.039062 0.462891 0.035156 0.466797 0.035156 0.468750 0.037109 0.468750 0.041016 0.470703 0.041016 0.472656 0.042969 0.470703 0.044922 0.470703 0.054688 0.478516 0.062500 0.480469 0.062500 0.482422 0.064453 0.486328 0.064453 0.488281 0.066406 0.492188 0.066406 0.496094 0.070312 0.498047 0.070312 0.500000 0.072266 0.500000 0.074219 0.501953 0.076172 0.507812 0.076172 0.507812 0.072266 0.503906 0.068359 0.503906 0.066406 0.505859 0.064453 0.507812 0.066406 0.511719 0.062500 0.517578 0.062500 0.525391 0.054688 0.525391 0.052734 0.527344 0.050781 0.527344 0.048828 0.525391 0.046875 0.525391 0.041016 0.527344 0.039062 0.533203 0.039062 0.535156 0.041016 0.544922 0.041016 0.546875 0.042969 0.548828 0.041016 0.550781 0.041016 0.552734 0.039062 0.556641 0.039062 0.560547 0.042969 0.570312 0.042969 0.572266 0.041016 0.582031 0.041016 0.583984 0.039062 0.591797 0.039062 0.595703 0.042969 0.595703 0.046875 0.597656 0.048828 0.597656 0.058594 0.599609 0.060547 0.599609 0.070312 0.601562 0.072266 0.601562 0.076172 0.611328 0.076172 0.613281 0.074219 0.615234 0.074219 0.617188 0.072266 0.619141 0.072266 0.621094 0.070312 0.623047 0.070312 0.625000 0.072266 0.625000 0.080078 0.626953 0.082031 0.626953 0.083984 0.634766 0.083984 0.636719 0.082031 0.640625 0.082031 0.642578 0.080078 0.646484 0.080078 0.650391 0.076172 0.654297 0.076172 0.656250 0.074219 0.658203 0.074219 0.660156 0.072266 0.662109 0.072266 0.664062 0.070312 0.666016 0.070312 0.667969 0.068359 0.669922 0.068359 0.671875 0.066406 0.671875 0.064453 0.673828 0.062500 0.673828 0.060547 0.679688 0.054688 0.681641 0.054688 0.687500 0.048828 0.691406 0.048828 0.695312 0.044922 0.697266 0.044922 0.707031 0.035156 0.707031 0.031250 0.708984 0.029297 0.708984 0.027344 0.710938 0.025391 0.710938 0.019531 0.716797 0.013672 0.720703 0.013672 0.722656 0.011719 0.724609 0.011719 0.726562 0.009766 0.730469 0.009766 0.734375 0.005859 0.734375 0.003906 0.736328 0.001953 0.736328 0.000000
0 0.000000 0.000000 0.000000 0.294922 0.000000 0.291016 0.001953 0.289062 0.005859 0.289062 0.009766 0.292969 0.009766 0.294922 0.011719 0.296875 0.015625 0.296875 0.015625 0.291016 0.017578 0.289062 0.017578 0.279297 0.015625 0.277344 0.015625 0.275391 0.013672 0.273438 0.013672 0.269531 0.015625 0.267578 0.017578 0.267578 0.021484 0.263672 0.021484 0.261719 0.025391 0.257812 0.035156 0.257812 0.039062 0.253906 0.041016 0.253906 0.042969 0.251953 0.044922 0.251953 0.044922 0.250000 0.046875 0.248047 0.056641 0.248047 0.058594 0.246094 0.062500 0.246094 0.064453 0.244141 0.066406 0.244141 0.066406 0.242188 0.072266 0.236328 0.078125 0.242188 0.085938 0.242188 0.087891 0.240234 0.087891 0.236328 0.089844 0.234375 0.089844 0.230469 0.085938 0.230469 0.082031 0.234375 0.080078 0.232422 0.080078 0.226562 0.082031 0.224609 0.082031 0.220703 0.080078 0.218750 0.080078 0.216797 0.078125 0.216797 0.074219 0.212891 0.078125 0.208984 0.082031 0.212891 0.083984 0.212891 0.087891 0.216797 0.087891 0.222656 0.091797 0.226562 0.093750 0.226562 0.095703 0.228516 0.109375 0.228516 0.115234 0.222656 0.121094 0.222656 0.123047 0.224609 0.125000 0.224609 0.126953 0.226562 0.126953 0.228516 0.123047 0.232422 0.123047 0.238281 0.125000 0.240234 0.125000 0.244141 0.123047 0.246094 0.125000 0.248047 0.125000 0.250000 0.134766 0.250000 0.136719 0.248047 0.142578 0.248047 0.146484 0.244141 0.152344 0.244141 0.154297 0.246094 0.154297 0.253906 0.152344 0.255859 0.152344 0.257812 0.154297 0.257812 0.156250 0.259766 0.156250 0.261719 0.160156 0.265625 0.160156 0.267578 0.162109 0.269531 0.162109 0.271484 0.166016 0.275391 0.166016 0.277344 0.177734 0.289062 0.177734 0.291016 0.179688 0.291016 0.185547 0.296875 0.181641 0.300781 0.181641 0.302734 0.185547 0.306641 0.185547 0.308594 0.187500 0.306641 0.193359 0.306641 0.195312 0.304688 0.197266 0.304688 0.199219 0.302734 0.210938 0.302734 0.212891 0.304688 0.214844 0.304688 0.216797 0.306641 0.218750 0.306641 0.220703 0.308594 0.222656 0.308594 0.224609 0.310547 0.226562 0.310547 0.230469 0.314453 0.232422 0.314453 0.234375 0.316406 0.236328 0.316406 0.238281 0.318359 0.244141 0.318359 0.246094 0.316406 0.246094 0.292969 0.244141 0.291016 0.246094 0.289062 0.244141 0.287109 0.240234 0.287109 0.238281 0.285156 0.230469 0.285156 0.228516 0.283203 0.226562 0.283203 0.224609 0.281250 0.224609 0.277344 0.226562 0.275391 0.218750 0.267578 0.218750 0.263672 0.222656 0.259766 0.222656 0.257812 0.224609 0.255859 0.224609 0.246094 0.220703 0.242188 0.224609 0.238281 0.224609 0.230469 0.226562 0.228516 0.226562 0.226562 0.224609 0.228516 0.222656 0.226562 0.222656 0.222656 0.224609 0.220703 0.226562 0.220703 0.226562 0.216797 0.228516 0.214844 0.226562 0.212891 0.222656 0.212891 0.220703 0.210938 0.220703 0.208984 0.222656 0.207031 0.226562 0.207031 0.226562 0.205078 0.230469 0.201172 0.232422 0.201172 0.234375 0.203125 0.234375 0.207031 0.236328 0.208984 0.236328 0.210938 0.240234 0.214844 0.240234 0.216797 0.244141 0.220703 0.253906 0.220703 0.253906 0.216797 0.257812 0.212891 0.257812 0.210938 0.259766 0.208984 0.263672 0.208984 0.265625 0.207031 0.265625 0.201172 0.263672 0.199219 0.265625 0.197266 0.265625 0.187500 0.267578 0.185547 0.271484 0.185547 0.273438 0.183594 0.275391 0.183594 0.275391 0.177734 0.271484 0.173828 0.275391 0.169922 0.279297 0.169922 0.281250 0.167969 0.283203 0.169922 0.285156 0.167969 0.287109 0.167969 0.287109 0.166016 0.294922 0.158203 0.294922 0.154297 0.296875 0.152344 0.298828 0.152344 0.298828 0.150391 0.302734 0.146484 0.302734 0.144531 0.304688 0.142578 0.298828 0.136719 0.292969 0.136719 0.291016 0.138672 0.289062 0.138672 0.285156 0.134766 0.291016 0.128906 0.291016 0.126953 0.292969 0.125000 0.292969 0.121094 0.291016 0.119141 0.291016 0.115234 0.292969 0.113281 0.287109 0.113281 0.283203 0.117188 0.279297 0.113281 0.281250 0.111328 0.283203 0.111328 0.291016 0.103516 0.292969 0.103516 0.292969 0.093750 0.291016 0.091797 0.291016 0.087891 0.292969 0.085938 0.292969 0.082031 0.291016 0.080078 0.289062 0.080078 0.287109 0.078125 0.287109 0.076172 0.285156 0.074219 0.285156 0.070312 0.281250 0.070312 0.277344 0.066406 0.275391 0.066406 0.273438 0.064453 0.273438 0.052734 0.271484 0.050781 0.263672 0.050781 0.261719 0.048828 0.261719 0.046875 0.257812 0.042969 0.257812 0.039062 0.253906 0.039062 0.251953 0.037109 0.251953 0.035156 0.244141 0.035156 0.242188 0.037109 0.240234 0.037109 0.238281 0.035156 0.238281 0.031250 0.236328 0.029297 0.236328 0.025391 0.240234 0.021484 0.248047 0.021484 0.248047 0.015625 0.246094 0.013672 0.244141 0.013672 0.242188 0.011719 0.242188 0.009766 0.238281 0.005859 0.238281 0.003906 0.236328 0.001953 0.236328 0.000000