0 0.156250 0.812500 0.156250 0.828125 0.154297 0.830078 0.154297 0.859375 0.156250 0.861328 0.187500 0.861328 0.187500 0.857422 0.189453 0.855469 0.199219 0.855469 0.199219 0.845703 0.197266 0.843750 0.197266 0.835938 0.195312 0.835938 0.193359 0.833984 0.193359 0.830078 0.191406 0.830078 0.189453 0.828125 0.189453 0.826172 0.185547 0.826172 0.183594 0.824219 0.183594 0.818359 0.179688 0.818359 0.177734 0.816406 0.177734 0.812500
0 0.537109 0.609375 0.537109 0.611328 0.535156 0.613281 0.533203 0.613281 0.533203 0.621094 0.531250 0.623047 0.529297 0.623047 0.529297 0.626953 0.527344 0.628906 0.527344 0.642578 0.537109 0.642578 0.537109 0.634766 0.539062 0.632812 0.539062 0.625000 0.541016 0.623047 0.542969 0.623047 0.542969 0.621094 0.544922 0.619141 0.546875 0.619141 0.546875 0.609375
0 0.570312 0.585938 0.570312 0.587891 0.568359 0.589844 0.560547 0.589844 0.560547 0.599609 0.570312 0.599609 0.570312 0.597656 0.572266 0.595703 0.580078 0.595703 0.580078 0.585938
0 0.533203 0.582031 0.533203 0.583984 0.531250 0.585938 0.529297 0.585938 0.529297 0.587891 0.527344 0.589844 0.527344 0.591797 0.525391 0.593750 0.519531 0.593750 0.519531 0.603516 0.529297 0.603516 0.529297 0.601562 0.531250 0.599609 0.537109 0.599609 0.537109 0.597656 0.539062 0.595703 0.539062 0.593750 0.541016 0.591797 0.542969 0.593750 0.542969 0.599609 0.544922 0.599609 0.546875 0.601562 0.546875 0.605469 0.556641 0.605469 0.556641 0.595703 0.554688 0.595703 0.552734 0.593750 0.552734 0.582031
0 0.814453 0.550781 0.818359 0.554688 0.820312 0.554688 0.818359 0.552734 0.816406 0.552734
0 0.808594 0.544922 0.808594 0.546875 0.810547 0.548828 0.810547 0.550781 0.810547 0.548828 0.808594 0.546875
0 0.833984 0.537109 0.835938 0.537109 0.837891 0.539062 0.837891 0.541016 0.837891 0.537109
0 0.792969 0.537109 0.792969 0.539062 0.796875 0.539062 0.794922 0.539062
0 0.861328 0.535156 0.863281 0.537109 0.859375 0.541016 0.857422 0.539062 0.855469 0.541016 0.853516 0.541016 0.855469 0.542969 0.855469 0.541016 0.857422 0.539062 0.859375 0.541016 0.861328 0.541016 0.861328 0.539062 0.863281 0.537109 0.863281 0.535156
0 0.859375 0.500000 0.857422 0.501953 0.857422 0.503906 0.859375 0.503906
0 0.847656 0.486328 0.845703 0.488281 0.843750 0.488281 0.847656 0.488281
0 0.855469 0.470703 0.855469 0.472656 0.853516 0.474609 0.855469 0.472656
0 0.863281 0.449219 0.861328 0.451172 0.863281 0.451172
0 0.865234 0.443359 0.863281 0.445312 0.865234 0.443359 0.867188 0.443359
0 0.871094 0.431641 0.871094 0.433594 0.869141 0.435547 0.871094 0.435547
0 0.890625 0.406250 0.890625 0.408203 0.884766 0.414062 0.888672 0.410156 0.892578 0.410156 0.894531 0.412109 0.890625 0.408203 0.892578 0.406250
0 0.923828 0.404297 0.923828 0.406250 0.921875 0.408203 0.923828 0.408203 0.923828 0.406250 0.925781 0.404297
0 0.923828 0.398438 0.923828 0.400391 0.925781 0.400391
0 0.933594 0.382812 0.931641 0.384766 0.931641 0.386719 0.927734 0.390625 0.929688 0.388672 0.931641 0.388672 0.931641 0.386719 0.935547 0.382812
0 0.718750 0.373047 0.718750 0.400391 0.728516 0.400391 0.728516 0.373047
0 0.097656 0.371094 0.099609 0.373047 0.103516 0.373047 0.099609 0.373047
0 0.955078 0.369141 0.951172 0.373047 0.949219 0.373047 0.947266 0.375000 0.945312 0.375000 0.939453 0.380859 0.941406 0.378906 0.943359 0.378906 0.943359 0.376953 0.945312 0.375000 0.947266 0.375000 0.949219 0.373047 0.951172 0.373047
0 0.962891 0.347656 0.962891 0.357422 0.960938 0.359375 0.958984 0.359375 0.955078 0.363281 0.955078 0.365234 0.955078 0.363281 0.958984 0.359375 0.960938 0.359375 0.962891 0.357422
0 0.195312 0.345703 0.197266 0.347656 0.197266 0.351562 0.197266 0.345703
0 0.919922 0.339844 0.917969 0.341797 0.916016 0.341797 0.916016 0.343750 0.912109 0.347656 0.912109 0.349609 0.919922 0.349609 0.914062 0.349609 0.912109 0.347656
0 0.027344 0.339844 0.027344 0.343750 0.025391 0.345703 0.025391 0.353516 0.015625 0.363281 0.015625 0.369141 0.013672 0.371094 0.013672 0.378906 0.011719 0.380859 0.011719 0.382812 0.007812 0.386719 0.009766 0.386719 0.011719 0.384766 0.011719 0.382812 0.013672 0.380859 0.013672 0.371094 0.015625 0.369141 0.015625 0.363281 0.021484 0.357422 0.023438 0.357422 0.023438 0.355469 0.025391 0.353516 0.025391 0.345703 0.027344 0.343750 0.027344 0.341797 0.029297 0.339844
0 0.693359 0.333984 0.693359 0.343750 0.705078 0.343750 0.708984 0.347656 0.708984 0.349609 0.710938 0.349609 0.712891 0.351562 0.712891 0.359375 0.716797 0.359375 0.718750 0.361328 0.718750 0.369141 0.728516 0.369141 0.728516 0.359375 0.724609 0.359375 0.722656 0.357422 0.722656 0.347656 0.720703 0.347656 0.718750 0.345703 0.718750 0.339844 0.716797 0.337891 0.716797 0.335938 0.714844 0.335938 0.712891 0.333984
0 0.679688 0.333984 0.677734 0.335938 0.671875 0.335938 0.671875 0.341797 0.669922 0.343750 0.666016 0.343750 0.666016 0.351562 0.664062 0.353516 0.662109 0.353516 0.662109 0.357422 0.660156 0.359375 0.660156 0.376953 0.669922 0.376953 0.671875 0.378906 0.703125 0.378906 0.703125 0.369141 0.677734 0.369141 0.675781 0.367188 0.671875 0.367188 0.669922 0.365234 0.671875 0.363281 0.671875 0.355469 0.673828 0.353516 0.675781 0.353516 0.675781 0.347656 0.677734 0.345703 0.681641 0.345703 0.683594 0.343750 0.689453 0.343750 0.689453 0.333984
0 0.041016 0.333984 0.046875 0.333984 0.050781 0.337891 0.050781 0.339844 0.054688 0.339844 0.056641 0.341797 0.060547 0.341797 0.062500 0.343750 0.064453 0.343750 0.066406 0.345703 0.066406 0.347656 0.068359 0.349609 0.068359 0.363281 0.074219 0.369141 0.080078 0.369141 0.074219 0.369141 0.068359 0.363281 0.068359 0.347656 0.062500 0.341797 0.056641 0.341797 0.054688 0.339844 0.052734 0.339844 0.048828 0.335938 0.048828 0.333984
0 0.167969 0.330078 0.167969 0.332031 0.171875 0.335938 0.175781 0.335938 0.179688 0.339844 0.181641 0.339844 0.185547 0.343750 0.189453 0.343750 0.191406 0.345703 0.189453 0.343750 0.185547 0.343750 0.179688 0.337891 0.177734 0.337891 0.175781 0.335938 0.171875 0.335938 0.167969 0.332031
0 0.162109 0.310547 0.160156 0.312500 0.160156 0.316406 0.162109 0.318359 0.162109 0.324219 0.164062 0.326172 0.164062 0.328125 0.164062 0.324219 0.162109 0.322266 0.162109 0.318359 0.160156 0.316406 0.160156 0.312500
0 0.939453 0.230469 0.937500 0.232422 0.931641 0.232422 0.929688 0.234375 0.925781 0.234375 0.925781 0.236328 0.923828 0.238281 0.923828 0.248047 0.927734 0.251953 0.927734 0.261719 0.925781 0.263672 0.923828 0.263672 0.921875 0.265625 0.908203 0.265625 0.906250 0.267578 0.904297 0.267578 0.900391 0.271484 0.898438 0.271484 0.896484 0.273438 0.896484 0.281250 0.898438 0.283203 0.898438 0.287109 0.902344 0.291016 0.921875 0.291016 0.923828 0.292969 0.923828 0.294922 0.925781 0.294922 0.929688 0.298828 0.927734 0.300781 0.927734 0.304688 0.927734 0.300781 0.929688 0.298828 0.931641 0.300781 0.931641 0.304688 0.933594 0.306641 0.933594 0.310547 0.931641 0.312500 0.931641 0.316406 0.929688 0.318359 0.927734 0.316406 0.927734 0.308594 0.927734 0.320312 0.925781 0.322266 0.923828 0.322266 0.923828 0.326172 0.919922 0.330078 0.919922 0.335938 0.925781 0.335938 0.925781 0.333984 0.923828 0.332031 0.923828 0.330078 0.929688 0.324219 0.929688 0.320312 0.931641 0.318359 0.933594 0.318359 0.933594 0.312500 0.935547 0.310547 0.935547 0.302734 0.933594 0.300781 0.933594 0.296875 0.927734 0.291016 0.927734 0.287109 0.925781 0.289062 0.921875 0.285156 0.908203 0.285156 0.921875 0.285156 0.923828 0.287109 0.921875 0.289062 0.906250 0.289062 0.902344 0.285156 0.902344 0.283203 0.900391 0.281250 0.900391 0.279297 0.898438 0.277344 0.898438 0.275391 0.900391 0.273438 0.904297 0.273438 0.904297 0.271484 0.906250 0.269531 0.908203 0.269531 0.910156 0.267578 0.923828 0.267578 0.925781 0.265625 0.929688 0.265625 0.929688 0.248047 0.927734 0.248047 0.925781 0.246094 0.925781 0.238281 0.927734 0.236328 0.929688 0.236328 0.931641 0.234375 0.939453 0.234375 0.941406 0.232422 0.953125 0.232422 0.955078 0.234375 0.957031 0.234375 0.958984 0.236328 0.960938 0.236328 0.962891 0.238281 0.964844 0.238281 0.966797 0.240234 0.974609 0.240234 0.976562 0.242188 0.976562 0.246094 0.978516 0.246094 0.978516 0.242188 0.976562 0.242188 0.974609 0.240234 0.974609 0.238281 0.968750 0.238281 0.964844 0.234375 0.960938 0.234375 0.957031 0.230469
0 0.707031 0.054688 0.707031 0.064453 0.710938 0.064453 0.712891 0.066406 0.712891 0.078125 0.710938 0.080078 0.708984 0.080078 0.708984 0.095703 0.707031 0.097656 0.707031 0.099609 0.705078 0.101562 0.703125 0.099609 0.703125 0.080078 0.697266 0.080078 0.695312 0.078125 0.695312 0.074219 0.679688 0.074219 0.679688 0.097656 0.681641 0.097656 0.683594 0.099609 0.683594 0.103516 0.691406 0.103516 0.693359 0.105469 0.693359 0.111328 0.697266 0.111328 0.699219 0.113281 0.708984 0.113281 0.710938 0.111328 0.712891 0.111328 0.712891 0.109375 0.714844 0.107422 0.716797 0.107422 0.716797 0.101562 0.718750 0.099609 0.718750 0.085938 0.720703 0.083984 0.722656 0.083984 0.722656 0.054688
0 0.246094 0.017578 0.246094 0.021484 0.248047 0.023438 0.248047 0.025391 0.250000 0.027344 0.253906 0.027344 0.255859 0.025391 0.261719 0.025391 0.263672 0.027344 0.263672 0.033203 0.265625 0.035156 0.265625 0.037109 0.267578 0.039062 0.269531 0.039062 0.271484 0.041016 0.273438 0.041016 0.277344 0.044922 0.279297 0.044922 0.279297 0.042969 0.281250 0.041016 0.283203 0.042969 0.283203 0.044922 0.287109 0.048828 0.287109 0.054688 0.289062 0.056641 0.289062 0.058594 0.291016 0.060547 0.291016 0.062500 0.287109 0.066406 0.287109 0.080078 0.283203 0.083984 0.283203 0.093750 0.285156 0.095703 0.287109 0.095703 0.289062 0.097656 0.287109 0.099609 0.287109 0.103516 0.281250 0.109375 0.281250 0.111328 0.279297 0.113281 0.279297 0.115234 0.271484 0.123047 0.263672 0.123047 0.261719 0.125000 0.261719 0.126953 0.255859 0.132812 0.255859 0.134766 0.251953 0.138672 0.251953 0.140625 0.250000 0.142578 0.250000 0.144531 0.242188 0.152344 0.242188 0.158203 0.244141 0.160156 0.244141 0.164062 0.250000 0.169922 0.250000 0.171875 0.251953 0.173828 0.253906 0.173828 0.251953 0.173828 0.250000 0.171875 0.250000 0.169922 0.248047 0.167969 0.248047 0.166016 0.244141 0.162109 0.244141 0.160156 0.242188 0.158203 0.242188 0.154297 0.244141 0.152344 0.244141 0.150391 0.246094 0.148438 0.248047 0.148438 0.250000 0.146484 0.250000 0.144531 0.251953 0.142578 0.251953 0.140625 0.255859 0.136719 0.255859 0.134766 0.257812 0.132812 0.257812 0.130859 0.265625 0.123047 0.273438 0.123047 0.277344 0.119141 0.277344 0.117188 0.281250 0.113281 0.281250 0.111328 0.287109 0.105469 0.287109 0.099609 0.289062 0.097656 0.289062 0.095703 0.287109 0.095703 0.283203 0.091797 0.283203 0.085938 0.287109 0.082031 0.287109 0.068359 0.289062 0.066406 0.289062 0.064453 0.291016 0.062500 0.291016 0.058594 0.289062 0.056641 0.289062 0.054688 0.287109 0.052734 0.287109 0.046875 0.281250 0.041016 0.279297 0.041016 0.277344 0.042969 0.275391 0.041016 0.271484 0.041016 0.265625 0.035156 0.265625 0.033203 0.263672 0.031250 0.263672 0.025391 0.253906 0.025391 0.251953 0.027344 0.250000 0.027344 0.248047 0.025391 0.248047 0.023438 0.246094 0.021484