0 0.787109 0.820312 0.785156 0.822266 0.779297 0.822266 0.779297 0.826172 0.777344 0.828125 0.773438 0.828125 0.773438 0.833984 0.779297 0.833984 0.781250 0.832031 0.783203 0.832031 0.785156 0.830078 0.796875 0.830078 0.796875 0.824219 0.792969 0.820312
0 0.353516 0.802734 0.353516 0.810547 0.349609 0.814453 0.347656 0.814453 0.347656 0.820312 0.349609 0.822266 0.353516 0.822266 0.355469 0.824219 0.355469 0.833984 0.361328 0.833984 0.363281 0.832031 0.365234 0.833984 0.373047 0.833984 0.373047 0.832031 0.375000 0.830078 0.378906 0.830078 0.380859 0.828125 0.380859 0.818359 0.373047 0.818359 0.371094 0.816406 0.371094 0.812500 0.367188 0.812500 0.365234 0.810547 0.365234 0.808594 0.363281 0.808594 0.361328 0.806641 0.361328 0.802734
0 0.828125 0.777344 0.824219 0.781250 0.824219 0.783203 0.822266 0.785156 0.820312 0.785156 0.818359 0.783203 0.808594 0.783203 0.804688 0.787109 0.802734 0.787109 0.792969 0.796875 0.791016 0.796875 0.789062 0.798828 0.789062 0.800781 0.787109 0.802734 0.787109 0.810547 0.792969 0.810547 0.794922 0.812500 0.806641 0.812500 0.806641 0.808594 0.812500 0.802734 0.812500 0.800781 0.816406 0.796875 0.818359 0.796875 0.830078 0.785156 0.832031 0.785156 0.832031 0.783203 0.833984 0.781250 0.833984 0.777344
0 0.718750 0.775391 0.714844 0.779297 0.714844 0.783203 0.720703 0.783203 0.720703 0.775391
0 0.919922 0.773438 0.917969 0.775391 0.916016 0.775391 0.916016 0.781250 0.923828 0.789062 0.919922 0.792969 0.919922 0.804688 0.921875 0.806641 0.927734 0.806641 0.929688 0.804688 0.935547 0.804688 0.935547 0.798828 0.937500 0.796875 0.939453 0.796875 0.939453 0.794922 0.941406 0.792969 0.941406 0.787109 0.939453 0.785156 0.939453 0.783203 0.935547 0.779297 0.935547 0.777344 0.931641 0.773438
0 0.878906 0.750000 0.876953 0.751953 0.876953 0.755859 0.871094 0.761719 0.867188 0.761719 0.863281 0.765625 0.863281 0.775391 0.869141 0.775391 0.875000 0.781250 0.875000 0.783203 0.876953 0.785156 0.876953 0.791016 0.878906 0.791016 0.880859 0.792969 0.880859 0.794922 0.882812 0.796875 0.890625 0.796875 0.894531 0.792969 0.894531 0.789062 0.896484 0.787109 0.896484 0.783203 0.898438 0.781250 0.898438 0.767578 0.888672 0.757812 0.888672 0.750000
0 0.000000 0.351562 0.000000 0.376953 0.001953 0.376953 0.003906 0.375000 0.009766 0.375000 0.011719 0.373047 0.017578 0.373047 0.017578 0.371094 0.015625 0.371094 0.009766 0.365234 0.007812 0.365234 0.001953 0.359375 0.001953 0.357422 0.000000 0.355469
0 0.986328 0.253906 0.982422 0.257812 0.980469 0.257812 0.978516 0.259766 0.978516 0.261719 0.980469 0.263672 0.980469 0.271484 0.984375 0.271484 0.986328 0.273438 0.988281 0.273438 0.992188 0.277344 0.992188 0.279297 0.992188 0.263672 0.986328 0.257812 0.988281 0.255859 0.988281 0.253906
0 0.966797 0.076172 0.962891 0.080078 0.960938 0.080078 0.960938 0.087891 0.962891 0.089844 0.966797 0.089844 0.968750 0.087891 0.968750 0.085938 0.970703 0.083984 0.972656 0.083984 0.976562 0.080078 0.972656 0.076172
0 0.687500 0.009766 0.685547 0.011719 0.683594 0.011719 0.681641 0.013672 0.679688 0.011719 0.675781 0.015625 0.675781 0.019531 0.673828 0.021484 0.671875 0.021484 0.671875 0.027344 0.673828 0.029297 0.671875 0.031250 0.681641 0.031250 0.681641 0.029297 0.685547 0.025391 0.685547 0.021484 0.687500 0.019531 0.693359 0.019531 0.693359 0.017578 0.695312 0.015625 0.697266 0.015625 0.697266 0.009766
0 0.730469 0.003906 0.730469 0.005859 0.728516 0.007812 0.724609 0.007812 0.722656 0.009766 0.710938 0.009766 0.710938 0.011719 0.708984 0.013672 0.703125 0.013672 0.705078 0.013672 0.708984 0.017578 0.708984 0.019531 0.710938 0.021484 0.712891 0.019531 0.712891 0.017578 0.714844 0.015625 0.716797 0.015625 0.718750 0.013672 0.722656 0.017578 0.722656 0.019531 0.724609 0.021484 0.724609 0.025391 0.726562 0.023438 0.728516 0.023438 0.732422 0.019531 0.732422 0.013672 0.730469 0.011719 0.732422 0.009766 0.730469 0.007812
0 0.181641 0.000000 0.179688 0.001953 0.179688 0.003906 0.181641 0.003906 0.183594 0.005859 0.183594 0.007812 0.185547 0.009766 0.183594 0.011719 0.183594 0.015625 0.179688 0.019531 0.171875 0.019531 0.166016 0.025391 0.166016 0.027344 0.167969 0.029297 0.169922 0.029297 0.171875 0.031250 0.169922 0.033203 0.167969 0.033203 0.167969 0.035156 0.164062 0.039062 0.162109 0.039062 0.160156 0.037109 0.160156 0.035156 0.156250 0.031250 0.150391 0.037109 0.150391 0.044922 0.142578 0.052734 0.130859 0.052734 0.128906 0.054688 0.125000 0.054688 0.125000 0.058594 0.123047 0.060547 0.123047 0.064453 0.125000 0.066406 0.126953 0.066406 0.128906 0.068359 0.130859 0.068359 0.134766 0.072266 0.134766 0.078125 0.132812 0.080078 0.132812 0.087891 0.130859 0.089844 0.128906 0.087891 0.119141 0.087891 0.115234 0.091797 0.113281 0.091797 0.111328 0.093750 0.109375 0.093750 0.107422 0.095703 0.105469 0.095703 0.103516 0.097656 0.103516 0.099609 0.099609 0.103516 0.095703 0.103516 0.095703 0.121094 0.101562 0.126953 0.101562 0.134766 0.099609 0.136719 0.097656 0.136719 0.097656 0.140625 0.095703 0.142578 0.093750 0.142578 0.093750 0.154297 0.091797 0.156250 0.093750 0.158203 0.093750 0.162109 0.095703 0.164062 0.095703 0.166016 0.097656 0.167969 0.097656 0.169922 0.099609 0.171875 0.103516 0.171875 0.105469 0.173828 0.107422 0.173828 0.109375 0.175781 0.109375 0.179688 0.105469 0.183594 0.105469 0.185547 0.099609 0.191406 0.097656 0.191406 0.095703 0.193359 0.093750 0.193359 0.093750 0.195312 0.091797 0.197266 0.089844 0.197266 0.087891 0.199219 0.080078 0.199219 0.078125 0.197266 0.072266 0.197266 0.066406 0.203125 0.066406 0.205078 0.064453 0.207031 0.064453 0.208984 0.062500 0.210938 0.060547 0.210938 0.058594 0.208984 0.050781 0.208984 0.046875 0.212891 0.044922 0.212891 0.044922 0.214844 0.041016 0.218750 0.041016 0.224609 0.037109 0.228516 0.035156 0.228516 0.033203 0.230469 0.029297 0.230469 0.027344 0.232422 0.025391 0.232422 0.025391 0.234375 0.021484 0.238281 0.021484 0.240234 0.019531 0.242188 0.019531 0.251953 0.017578 0.253906 0.017578 0.271484 0.019531 0.273438 0.019531 0.283203 0.015625 0.287109 0.015625 0.294922 0.013672 0.296875 0.011719 0.296875 0.009766 0.294922 0.005859 0.294922 0.003906 0.296875 0.001953 0.294922 0.001953 0.292969 0.000000 0.292969 0.000000 0.343750 0.001953 0.343750 0.003906 0.341797 0.003906 0.326172 0.001953 0.324219 0.001953 0.320312 0.000000 0.318359 0.000000 0.314453 0.005859 0.308594 0.013672 0.308594 0.015625 0.310547 0.015625 0.316406 0.013672 0.318359 0.013672 0.320312 0.015625 0.322266 0.015625 0.324219 0.017578 0.324219 0.021484 0.328125 0.025391 0.328125 0.029297 0.332031 0.029297 0.333984 0.033203 0.333984 0.035156 0.335938 0.035156 0.337891 0.039062 0.341797 0.039062 0.343750 0.041016 0.345703 0.050781 0.345703 0.056641 0.351562 0.056641 0.357422 0.054688 0.359375 0.058594 0.363281 0.058594 0.365234 0.062500 0.369141 0.064453 0.369141 0.066406 0.371094 0.066406 0.373047 0.070312 0.373047 0.072266 0.375000 0.072266 0.378906 0.068359 0.382812 0.066406 0.382812 0.064453 0.384766 0.062500 0.384766 0.060547 0.386719 0.060547 0.396484 0.048828 0.408203 0.037109 0.408203 0.035156 0.406250 0.035156 0.400391 0.033203 0.400391 0.031250 0.398438 0.031250 0.390625 0.029297 0.390625 0.027344 0.388672 0.015625 0.388672 0.011719 0.384766 0.005859 0.390625 0.000000 0.390625 0.000000 0.449219 0.003906 0.449219 0.007812 0.445312 0.007812 0.437500 0.005859 0.435547 0.005859 0.431641 0.007812 0.429688 0.009766 0.429688 0.009766 0.425781 0.011719 0.423828 0.011719 0.421875 0.013672 0.419922 0.013672 0.417969 0.015625 0.416016 0.015625 0.412109 0.021484 0.406250 0.025391 0.410156 0.025391 0.412109 0.027344 0.412109 0.031250 0.416016 0.031250 0.417969 0.035156 0.417969 0.037109 0.419922 0.037109 0.423828 0.039062 0.425781 0.046875 0.425781 0.050781 0.429688 0.050781 0.431641 0.052734 0.433594 0.052734 0.443359 0.054688 0.445312 0.054688 0.447266 0.056641 0.447266 0.058594 0.449219 0.058594 0.458984 0.062500 0.462891 0.062500 0.464844 0.066406 0.464844 0.072266 0.470703 0.085938 0.470703 0.087891 0.468750 0.095703 0.468750 0.097656 0.466797 0.103516 0.466797 0.105469 0.464844 0.107422 0.464844 0.111328 0.460938 0.111328 0.455078 0.113281 0.453125 0.113281 0.443359 0.111328 0.441406 0.109375 0.441406 0.107422 0.439453 0.107422 0.433594 0.105469 0.431641 0.107422 0.429688 0.115234 0.429688 0.115234 0.427734 0.119141 0.423828 0.132812 0.423828 0.134766 0.425781 0.136719 0.425781 0.140625 0.429688 0.140625 0.431641 0.138672 0.433594 0.138672 0.441406 0.142578 0.445312 0.154297 0.445312 0.154297 0.443359 0.160156 0.437500 0.162109 0.439453 0.166016 0.439453 0.167969 0.437500 0.167969 0.431641 0.169922 0.429688 0.169922 0.427734 0.171875 0.425781 0.171875 0.423828 0.173828 0.421875 0.173828 0.419922 0.177734 0.416016 0.177734 0.414062 0.181641 0.410156 0.189453 0.410156 0.191406 0.412109 0.191406 0.416016 0.187500 0.419922 0.183594 0.419922 0.179688 0.423828 0.179688 0.433594 0.181641 0.435547 0.183594 0.435547 0.185547 0.437500 0.187500 0.437500 0.189453 0.439453 0.189453 0.441406 0.191406 0.443359 0.191406 0.462891 0.193359 0.464844 0.193359 0.470703 0.191406 0.472656 0.191406 0.474609 0.187500 0.478516 0.187500 0.486328 0.189453 0.488281 0.189453 0.490234 0.191406 0.492188 0.207031 0.492188 0.208984 0.494141 0.208984 0.492188 0.210938 0.490234 0.214844 0.490234 0.216797 0.492188 0.216797 0.494141 0.220703 0.494141 0.222656 0.496094 0.226562 0.496094 0.228516 0.498047 0.228516 0.501953 0.226562 0.503906 0.214844 0.503906 0.212891 0.505859 0.205078 0.505859 0.201172 0.509766 0.201172 0.519531 0.203125 0.521484 0.205078 0.521484 0.207031 0.523438 0.208984 0.523438 0.210938 0.525391 0.210938 0.527344 0.212891 0.529297 0.212891 0.531250 0.214844 0.531250 0.218750 0.535156 0.218750 0.539062 0.216797 0.541016 0.214844 0.541016 0.214844 0.542969 0.216797 0.542969 0.218750 0.544922 0.218750 0.546875 0.220703 0.546875 0.222656 0.548828 0.222656 0.550781 0.228516 0.550781 0.230469 0.552734 0.230469 0.554688 0.234375 0.554688 0.236328 0.556641 0.238281 0.556641 0.240234 0.558594 0.242188 0.558594 0.244141 0.560547 0.242188 0.562500 0.238281 0.562500 0.238281 0.564453 0.236328 0.566406 0.234375 0.566406 0.232422 0.568359 0.230469 0.568359 0.230469 0.574219 0.232422 0.576172 0.234375 0.576172 0.238281 0.580078 0.240234 0.580078 0.242188 0.582031 0.248047 0.582031 0.255859 0.574219 0.257812 0.574219 0.259766 0.576172 0.267578 0.576172 0.269531 0.574219 0.271484 0.574219 0.271484 0.544922 0.269531 0.542969 0.269531 0.527344 0.271484 0.525391 0.271484 0.521484 0.273438 0.519531 0.273438 0.517578 0.279297 0.511719 0.287109 0.511719 0.292969 0.517578 0.292969 0.525391 0.291016 0.527344 0.291016 0.529297 0.289062 0.531250 0.289062 0.535156 0.287109 0.537109 0.287109 0.542969 0.292969 0.542969 0.292969 0.541016 0.296875 0.537109 0.292969 0.533203 0.292969 0.525391 0.294922 0.523438 0.294922 0.521484 0.296875 0.519531 0.296875 0.517578 0.300781 0.513672 0.310547 0.513672 0.310547 0.511719 0.312500 0.509766 0.312500 0.505859 0.308594 0.501953 0.308594 0.494141 0.310547 0.492188 0.310547 0.482422 0.312500 0.480469 0.312500 0.478516 0.316406 0.474609 0.316406 0.472656 0.318359 0.470703 0.318359 0.468750 0.320312 0.466797 0.324219 0.466797 0.326172 0.468750 0.326172 0.470703 0.330078 0.466797 0.332031 0.468750 0.332031 0.470703 0.335938 0.474609 0.335938 0.476562 0.337891 0.476562 0.343750 0.482422 0.343750 0.488281 0.345703 0.488281 0.351562 0.494141 0.353516 0.494141 0.357422 0.498047 0.361328 0.498047 0.363281 0.500000 0.365234 0.500000 0.367188 0.501953 0.373047 0.501953 0.380859 0.509766 0.378906 0.511719 0.375000 0.511719 0.375000 0.513672 0.373047 0.515625 0.373047 0.521484 0.375000 0.523438 0.382812 0.523438 0.382812 0.519531 0.384766 0.517578 0.384766 0.515625 0.386719 0.513672 0.388672 0.515625 0.388672 0.519531 0.392578 0.519531 0.394531 0.521484 0.394531 0.523438 0.400391 0.523438 0.402344 0.525391 0.402344 0.527344 0.414062 0.527344 0.416016 0.529297 0.417969 0.529297 0.421875 0.533203 0.427734 0.533203 0.427734 0.531250 0.429688 0.529297 0.429688 0.527344 0.431641 0.525391 0.431641 0.523438 0.437500 0.517578 0.443359 0.517578 0.445312 0.519531 0.447266 0.519531 0.449219 0.521484 0.449219 0.527344 0.447266 0.529297 0.445312 0.529297 0.439453 0.535156 0.439453 0.537109 0.435547 0.541016 0.435547 0.542969 0.433594 0.544922 0.429688 0.544922 0.427734 0.546875 0.421875 0.546875 0.419922 0.548828 0.412109 0.548828 0.410156 0.546875 0.402344 0.546875 0.400391 0.548828 0.390625 0.548828 0.390625 0.550781 0.386719 0.554688 0.384766 0.554688 0.382812 0.552734 0.380859 0.554688 0.378906 0.554688 0.376953 0.556641 0.369141 0.556641 0.363281 0.550781 0.357422 0.550781 0.355469 0.552734 0.351562 0.552734 0.349609 0.554688 0.349609 0.556641 0.347656 0.558594 0.347656 0.560547 0.345703 0.562500 0.343750 0.562500 0.343750 0.564453 0.341797 0.566406 0.341797 0.568359 0.339844 0.570312 0.339844 0.589844 0.330078 0.599609 0.330078 0.605469 0.328125 0.607422 0.328125 0.609375 0.326172 0.611328 0.324219 0.611328 0.324219 0.613281 0.322266 0.615234 0.320312 0.615234 0.310547 0.625000 0.310547 0.630859 0.312500 0.632812 0.312500 0.638672 0.314453 0.640625 0.314453 0.648438 0.316406 0.650391 0.316406 0.667969 0.318359 0.669922 0.318359 0.677734 0.322266 0.681641 0.328125 0.681641 0.330078 0.683594 0.337891 0.683594 0.339844 0.685547 0.339844 0.689453 0.341797 0.691406 0.341797 0.693359 0.347656 0.693359 0.349609 0.691406 0.351562 0.693359 0.351562 0.697266 0.355469 0.697266 0.363281 0.689453 0.369141 0.689453 0.369141 0.685547 0.367188 0.683594 0.365234 0.683594 0.363281 0.681641 0.363281 0.671875 0.359375 0.671875 0.357422 0.673828 0.355469 0.671875 0.355469 0.669922 0.357422 0.667969 0.357422 0.666016 0.369141 0.654297 0.371094 0.656250 0.373047 0.656250 0.375000 0.658203 0.375000 0.662109 0.376953 0.664062 0.376953 0.666016 0.386719 0.675781 0.398438 0.675781 0.402344 0.671875 0.402344 0.669922 0.408203 0.664062 0.412109 0.664062 0.414062 0.666016 0.416016 0.666016 0.417969 0.667969 0.417969 0.671875 0.419922 0.673828 0.419922 0.675781 0.421875 0.677734 0.423828 0.677734 0.429688 0.683594 0.447266 0.683594 0.449219 0.681641 0.451172 0.681641 0.453125 0.683594 0.455078 0.683594 0.460938 0.689453 0.460938 0.705078 0.464844 0.708984 0.466797 0.708984 0.468750 0.710938 0.468750 0.712891 0.466797 0.714844 0.460938 0.714844 0.460938 0.720703 0.462891 0.722656 0.462891 0.728516 0.458984 0.732422 0.458984 0.736328 0.462891 0.740234 0.464844 0.740234 0.466797 0.742188 0.468750 0.742188 0.470703 0.744141 0.472656 0.744141 0.482422 0.753906 0.480469 0.755859 0.480469 0.759766 0.482422 0.761719 0.478516 0.765625 0.478516 0.769531 0.480469 0.771484 0.480469 0.773438 0.482422 0.775391 0.482422 0.777344 0.484375 0.779297 0.484375 0.781250 0.486328 0.783203 0.490234 0.783203 0.494141 0.787109 0.503906 0.787109 0.505859 0.785156 0.546875 0.785156 0.548828 0.783203 0.550781 0.785156 0.552734 0.785156 0.556641 0.789062 0.558594 0.789062 0.560547 0.791016 0.562500 0.791016 0.564453 0.792969 0.568359 0.792969 0.570312 0.794922 0.572266 0.794922 0.574219 0.796875 0.583984 0.796875 0.585938 0.794922 0.593750 0.794922 0.597656 0.791016 0.597656 0.789062 0.593750 0.785156 0.591797 0.785156 0.589844 0.783203 0.589844 0.779297 0.591797 0.777344 0.597656 0.777344 0.599609 0.779297 0.601562 0.779297 0.603516 0.781250 0.611328 0.781250 0.613281 0.779297 0.625000 0.779297 0.626953 0.781250 0.630859 0.781250 0.632812 0.783203 0.632812 0.785156 0.642578 0.794922 0.656250 0.794922 0.658203 0.792969 0.660156 0.792969 0.664062 0.789062 0.666016 0.789062 0.666016 0.787109 0.664062 0.785156 0.658203 0.785156 0.656250 0.787109 0.650391 0.787109 0.648438 0.789062 0.646484 0.789062 0.644531 0.787109 0.644531 0.785156 0.648438 0.781250 0.652344 0.781250 0.654297 0.779297 0.656250 0.779297 0.658203 0.777344 0.660156 0.777344 0.662109 0.775391 0.662109 0.773438 0.660156 0.771484 0.660156 0.767578 0.666016 0.761719 0.667969 0.761719 0.669922 0.759766 0.683594 0.759766 0.687500 0.763672 0.687500 0.767578 0.685547 0.769531 0.675781 0.769531 0.671875 0.773438 0.671875 0.775391 0.669922 0.777344 0.671875 0.779297 0.673828 0.779297 0.675781 0.781250 0.683594 0.781250 0.685547 0.779297 0.687500 0.779297 0.689453 0.777344 0.691406 0.777344 0.693359 0.775391 0.693359 0.773438 0.695312 0.771484 0.695312 0.769531 0.699219 0.765625 0.712891 0.765625 0.714844 0.767578 0.718750 0.767578 0.718750 0.759766 0.716797 0.757812 0.716797 0.750000 0.718750 0.748047 0.718750 0.744141 0.714844 0.740234 0.714844 0.738281 0.712891 0.736328 0.712891 0.734375 0.710938 0.732422 0.710938 0.726562 0.707031 0.726562 0.705078 0.728516 0.701172 0.728516 0.699219 0.726562 0.697266 0.726562 0.691406 0.720703 0.691406 0.712891 0.695312 0.708984 0.701172 0.708984 0.703125 0.707031 0.714844 0.707031 0.716797 0.708984 0.718750 0.708984 0.720703 0.710938 0.732422 0.710938 0.736328 0.707031 0.738281 0.708984 0.738281 0.714844 0.746094 0.714844 0.746094 0.710938 0.744141 0.708984 0.744141 0.703125 0.746094 0.701172 0.748047 0.701172 0.751953 0.705078 0.751953 0.707031 0.753906 0.708984 0.753906 0.710938 0.755859 0.712891 0.757812 0.712891 0.759766 0.710938 0.765625 0.710938 0.767578 0.712891 0.767578 0.716797 0.761719 0.722656 0.759766 0.722656 0.757812 0.724609 0.779297 0.724609 0.781250 0.722656 0.791016 0.722656 0.791016 0.720703 0.794922 0.716797 0.796875 0.716797 0.798828 0.714844 0.798828 0.712891 0.800781 0.710938 0.802734 0.712891 0.804688 0.710938 0.806641 0.710938 0.806641 0.708984 0.808594 0.707031 0.816406 0.707031 0.820312 0.703125 0.824219 0.703125 0.826172 0.701172 0.830078 0.701172 0.832031 0.703125 0.833984 0.703125 0.835938 0.701172 0.837891 0.701172 0.839844 0.699219 0.839844 0.697266 0.841797 0.695312 0.841797 0.693359 0.843750 0.691406 0.847656 0.691406 0.851562 0.687500 0.853516 0.687500 0.855469 0.685547 0.857422 0.685547 0.863281 0.679688 0.865234 0.679688 0.867188 0.677734 0.867188 0.675781 0.869141 0.673828 0.869141 0.666016 0.861328 0.666016 0.859375 0.664062 0.859375 0.658203 0.865234 0.652344 0.865234 0.650391 0.875000 0.640625 0.875000 0.638672 0.876953 0.636719 0.878906 0.638672 0.878906 0.640625 0.880859 0.640625 0.882812 0.642578 0.882812 0.644531 0.888672 0.644531 0.890625 0.646484 0.894531 0.646484 0.896484 0.648438 0.896484 0.650391 0.898438 0.652344 0.894531 0.656250 0.892578 0.656250 0.892578 0.658203 0.894531 0.658203 0.900391 0.664062 0.904297 0.664062 0.908203 0.667969 0.908203 0.669922 0.914062 0.669922 0.917969 0.673828 0.917969 0.675781 0.921875 0.679688 0.925781 0.679688 0.925781 0.673828 0.921875 0.669922 0.919922 0.669922 0.917969 0.667969 0.917969 0.662109 0.916016 0.660156 0.916016 0.656250 0.914062 0.654297 0.914062 0.650391 0.916016 0.648438 0.917969 0.648438 0.919922 0.650391 0.919922 0.652344 0.935547 0.652344 0.937500 0.654297 0.937500 0.656250 0.947266 0.656250 0.949219 0.658203 0.949219 0.660156 0.958984 0.660156 0.960938 0.662109 0.960938 0.664062 0.968750 0.664062 0.968750 0.662109 0.970703 0.660156 0.972656 0.660156 0.976562 0.656250 0.986328 0.656250 0.988281 0.658203 0.988281 0.660156 0.992188 0.660156 0.992188 0.361328 0.990234 0.359375 0.988281 0.359375 0.986328 0.357422 0.986328 0.355469 0.984375 0.355469 0.980469 0.351562 0.980469 0.349609 0.982422 0.347656 0.980469 0.345703 0.980469 0.339844 0.978516 0.339844 0.976562 0.337891 0.978516 0.335938 0.978516 0.332031 0.976562 0.330078 0.958984 0.330078 0.957031 0.328125 0.957031 0.326172 0.955078 0.324219 0.955078 0.318359 0.949219 0.318359 0.947266 0.316406 0.947266 0.314453 0.945312 0.314453 0.943359 0.312500 0.941406 0.312500 0.939453 0.310547 0.939453 0.308594 0.929688 0.298828 0.929688 0.294922 0.927734 0.296875 0.919922 0.296875 0.917969 0.294922 0.917969 0.302734 0.919922 0.304688 0.921875 0.302734 0.923828 0.302734 0.925781 0.304688 0.925781 0.312500 0.927734 0.312500 0.929688 0.314453 0.929688 0.316406 0.931641 0.316406 0.933594 0.318359 0.933594 0.322266 0.931641 0.324219 0.929688 0.324219 0.927734 0.322266 0.923828 0.322266 0.921875 0.324219 0.917969 0.324219 0.916016 0.322266 0.912109 0.322266 0.910156 0.320312 0.910156 0.318359 0.908203 0.318359 0.904297 0.314453 0.904297 0.308594 0.908203 0.304688 0.906250 0.302734 0.906250 0.298828 0.904297 0.296875 0.910156 0.291016 0.910156 0.289062 0.906250 0.289062 0.902344 0.285156 0.904297 0.283203 0.904297 0.281250 0.902344 0.279297 0.902344 0.277344 0.904297 0.275391 0.904297 0.273438 0.906250 0.271484 0.908203 0.271484 0.914062 0.265625 0.917969 0.269531 0.919922 0.269531 0.921875 0.267578 0.925781 0.267578 0.927734 0.265625 0.935547 0.265625 0.937500 0.263672 0.939453 0.263672 0.939453 0.259766 0.937500 0.257812 0.937500 0.255859 0.943359 0.250000 0.943359 0.248047 0.945312 0.246094 0.945312 0.244141 0.947266 0.242188 0.949219 0.242188 0.951172 0.240234 0.955078 0.240234 0.955078 0.236328 0.957031 0.234375 0.957031 0.232422 0.955078 0.230469 0.955078 0.210938 0.953125 0.208984 0.953125 0.197266 0.951172 0.195312 0.951172 0.193359 0.949219 0.191406 0.949219 0.187500 0.945312 0.187500 0.943359 0.185547 0.943359 0.183594 0.941406 0.181641 0.939453 0.181641 0.925781 0.167969 0.925781 0.160156 0.927734 0.158203 0.927734 0.156250 0.931641 0.152344 0.931641 0.138672 0.929688 0.136719 0.925781 0.136719 0.923828 0.134766 0.923828 0.128906 0.916016 0.128906 0.914062 0.126953 0.910156 0.126953 0.908203 0.125000 0.910156 0.123047 0.910156 0.121094 0.908203 0.119141 0.904297 0.119141 0.900391 0.115234 0.900391 0.113281 0.904297 0.109375 0.906250 0.109375 0.908203 0.111328 0.912109 0.111328 0.914062 0.109375 0.917969 0.109375 0.927734 0.099609 0.927734 0.091797 0.925781 0.089844 0.925781 0.076172 0.919922 0.070312 0.917969 0.070312 0.916016 0.068359 0.914062 0.068359 0.912109 0.066406 0.908203 0.066406 0.906250 0.064453 0.906250 0.060547 0.904297 0.058594 0.904297 0.052734 0.892578 0.052734 0.884766 0.044922 0.878906 0.044922 0.876953 0.042969 0.875000 0.042969 0.873047 0.041016 0.873047 0.039062 0.865234 0.039062 0.863281 0.037109 0.861328 0.037109 0.859375 0.035156 0.857422 0.035156 0.853516 0.031250 0.851562 0.033203 0.849609 0.031250 0.849609 0.029297 0.845703 0.029297 0.843750 0.031250 0.839844 0.027344 0.835938 0.027344 0.830078 0.021484 0.828125 0.023438 0.828125 0.031250 0.830078 0.033203 0.830078 0.035156 0.828125 0.037109 0.826172 0.037109 0.822266 0.041016 0.816406 0.041016 0.812500 0.044922 0.810547 0.044922 0.808594 0.046875 0.806641 0.046875 0.804688 0.044922 0.804688 0.039062 0.800781 0.035156 0.798828 0.035156 0.796875 0.033203 0.796875 0.029297 0.794922 0.029297 0.787109 0.037109 0.785156 0.037109 0.781250 0.041016 0.771484 0.041016 0.769531 0.039062 0.769531 0.037109 0.757812 0.037109 0.755859 0.035156 0.753906 0.035156 0.751953 0.033203 0.748047 0.033203 0.744141 0.029297 0.742188 0.029297 0.740234 0.031250 0.736328 0.031250 0.732422 0.035156 0.730469 0.035156 0.728516 0.037109 0.724609 0.037109 0.722656 0.035156 0.724609 0.033203 0.722656 0.033203 0.722656 0.035156 0.720703 0.037109 0.722656 0.039062 0.722656 0.042969 0.726562 0.046875 0.726562 0.050781 0.722656 0.054688 0.722656 0.058594 0.724609 0.060547 0.720703 0.064453 0.720703 0.066406 0.718750 0.068359 0.712891 0.068359 0.710938 0.066406 0.707031 0.066406 0.705078 0.068359 0.697266 0.068359 0.695312 0.066406 0.693359 0.066406 0.685547 0.058594 0.675781 0.058594 0.673828 0.060547 0.671875 0.060547 0.669922 0.058594 0.667969 0.058594 0.666016 0.060547 0.664062 0.058594 0.662109 0.058594 0.664062 0.060547 0.664062 0.064453 0.662109 0.066406 0.660156 0.066406 0.658203 0.068359 0.658203 0.070312 0.656250 0.072266 0.654297 0.072266 0.652344 0.074219 0.652344 0.080078 0.650391 0.082031 0.650391 0.083984 0.648438 0.085938 0.648438 0.093750 0.642578 0.099609 0.638672 0.099609 0.636719 0.101562 0.632812 0.101562 0.628906 0.105469 0.626953 0.103516 0.626953 0.093750 0.625000 0.093750 0.623047 0.095703 0.619141 0.095703 0.619141 0.097656 0.615234 0.101562 0.613281 0.101562 0.611328 0.103516 0.611328 0.105469 0.607422 0.109375 0.607422 0.119141 0.605469 0.121094 0.605469 0.125000 0.601562 0.128906 0.601562 0.130859 0.597656 0.134766 0.597656 0.136719 0.589844 0.144531 0.582031 0.144531 0.580078 0.146484 0.582031 0.148438 0.582031 0.152344 0.583984 0.152344 0.585938 0.154297 0.585938 0.160156 0.587891 0.160156 0.589844 0.162109 0.589844 0.166016 0.583984 0.171875 0.582031 0.171875 0.582031 0.173828 0.580078 0.175781 0.578125 0.173828 0.578125 0.171875 0.576172 0.171875 0.574219 0.173828 0.574219 0.175781 0.572266 0.177734 0.572266 0.179688 0.568359 0.183594 0.566406 0.183594 0.564453 0.185547 0.562500 0.183594 0.562500 0.181641 0.560547 0.181641 0.558594 0.179688 0.554688 0.179688 0.552734 0.181641 0.548828 0.181641 0.546875 0.183594 0.550781 0.187500 0.548828 0.189453 0.544922 0.189453 0.542969 0.191406 0.542969 0.197266 0.541016 0.199219 0.542969 0.201172 0.542969 0.207031 0.541016 0.208984 0.541016 0.210938 0.525391 0.226562 0.525391 0.228516 0.523438 0.230469 0.523438 0.242188 0.521484 0.244141 0.519531 0.244141 0.519531 0.246094 0.521484 0.246094 0.523438 0.248047 0.523438 0.250000 0.527344 0.250000 0.533203 0.255859 0.533203 0.259766 0.531250 0.261719 0.527344 0.261719 0.525391 0.263672 0.523438 0.263672 0.519531 0.259766 0.519531 0.257812 0.517578 0.255859 0.517578 0.257812 0.513672 0.261719 0.513672 0.263672 0.511719 0.265625 0.511719 0.267578 0.507812 0.271484 0.507812 0.281250 0.509766 0.283203 0.513672 0.283203 0.515625 0.285156 0.517578 0.285156 0.519531 0.287109 0.521484 0.285156 0.527344 0.291016 0.527344 0.292969 0.525391 0.294922 0.523438 0.294922 0.523438 0.296875 0.521484 0.298828 0.523438 0.300781 0.523438 0.304688 0.515625 0.312500 0.515625 0.318359 0.513672 0.320312 0.511719 0.320312 0.511719 0.324219 0.507812 0.328125 0.498047 0.328125 0.496094 0.330078 0.494141 0.330078 0.494141 0.333984 0.490234 0.337891 0.488281 0.337891 0.486328 0.339844 0.480469 0.339844 0.478516 0.341797 0.476562 0.339844 0.476562 0.337891 0.478516 0.335938 0.474609 0.335938 0.472656 0.333984 0.472656 0.330078 0.470703 0.328125 0.470703 0.326172 0.474609 0.322266 0.478516 0.322266 0.480469 0.324219 0.480469 0.332031 0.484375 0.328125 0.486328 0.328125 0.486328 0.324219 0.488281 0.322266 0.490234 0.322266 0.488281 0.320312 0.486328 0.320312 0.484375 0.322266 0.476562 0.322266 0.474609 0.320312 0.474609 0.314453 0.472656 0.312500 0.474609 0.310547 0.474609 0.308594 0.482422 0.300781 0.484375 0.300781 0.490234 0.294922 0.494141 0.294922 0.494141 0.292969 0.498047 0.289062 0.498047 0.285156 0.501953 0.281250 0.501953 0.277344 0.500000 0.275391 0.500000 0.271484 0.501953 0.269531 0.498047 0.269531 0.496094 0.267578 0.484375 0.267578 0.484375 0.271484 0.486328 0.273438 0.484375 0.275391 0.484375 0.283203 0.480469 0.287109 0.480469 0.289062 0.474609 0.294922 0.472656 0.294922 0.470703 0.292969 0.468750 0.292969 0.468750 0.304688 0.462891 0.310547 0.462891 0.312500 0.464844 0.314453 0.464844 0.324219 0.453125 0.335938 0.451172 0.335938 0.447266 0.332031 0.447266 0.318359 0.445312 0.316406 0.443359 0.316406 0.441406 0.318359 0.437500 0.318359 0.437500 0.320312 0.439453 0.320312 0.441406 0.322266 0.441406 0.326172 0.439453 0.328125 0.437500 0.328125 0.437500 0.330078 0.435547 0.332031 0.435547 0.333984 0.433594 0.335938 0.435547 0.337891 0.435547 0.339844 0.433594 0.341797 0.427734 0.341797 0.423828 0.337891 0.423828 0.333984 0.421875 0.332031 0.421875 0.330078 0.423828 0.328125 0.423828 0.324219 0.425781 0.322266 0.431641 0.322266 0.429688 0.320312 0.429688 0.318359 0.431641 0.316406 0.431641 0.314453 0.429688 0.312500 0.429688 0.310547 0.431641 0.308594 0.431641 0.306641 0.433594 0.304688 0.435547 0.304688 0.437500 0.302734 0.439453 0.302734 0.441406 0.304688 0.441406 0.302734 0.443359 0.300781 0.443359 0.298828 0.445312 0.296875 0.445312 0.294922 0.441406 0.291016 0.441406 0.287109 0.443359 0.285156 0.443359 0.281250 0.447266 0.277344 0.449219 0.277344 0.451172 0.275391 0.453125 0.275391 0.455078 0.273438 0.455078 0.267578 0.453125 0.265625 0.455078 0.263672 0.453125 0.261719 0.453125 0.259766 0.457031 0.255859 0.458984 0.255859 0.460938 0.257812 0.466797 0.257812 0.468750 0.255859 0.470703 0.255859 0.472656 0.253906 0.476562 0.253906 0.482422 0.248047 0.484375 0.250000 0.484375 0.257812 0.486328 0.257812 0.488281 0.255859 0.492188 0.255859 0.496094 0.251953 0.498047 0.251953 0.500000 0.250000 0.501953 0.250000 0.500000 0.248047 0.500000 0.242188 0.498047 0.242188 0.496094 0.240234 0.496094 0.232422 0.500000 0.228516 0.501953 0.228516 0.501953 0.222656 0.505859 0.218750 0.505859 0.216797 0.503906 0.214844 0.503906 0.212891 0.501953 0.210938 0.501953 0.207031 0.496094 0.207031 0.488281 0.199219 0.464844 0.199219 0.462891 0.201172 0.460938 0.201172 0.458984 0.199219 0.458984 0.191406 0.457031 0.189453 0.458984 0.187500 0.460938 0.187500 0.462891 0.185547 0.464844 0.185547 0.468750 0.181641 0.470703 0.181641 0.470703 0.166016 0.472656 0.164062 0.478516 0.164062 0.482422 0.160156 0.486328 0.160156 0.488281 0.158203 0.488281 0.154297 0.490234 0.152344 0.492188 0.154297 0.494141 0.152344 0.503906 0.152344 0.507812 0.148438 0.517578 0.148438 0.519531 0.146484 0.521484 0.146484 0.523438 0.148438 0.523438 0.150391 0.523438 0.146484 0.525391 0.144531 0.525391 0.142578 0.523438 0.140625 0.523438 0.134766 0.521484 0.132812 0.521484 0.123047 0.525391 0.119141 0.525391 0.099609 0.523438 0.099609 0.519531 0.095703 0.519531 0.093750 0.521484 0.091797 0.521484 0.087891 0.519531 0.085938 0.517578 0.085938 0.515625 0.083984 0.515625 0.082031 0.513672 0.080078 0.511719 0.080078 0.509766 0.078125 0.505859 0.082031 0.501953 0.078125 0.498047 0.078125 0.496094 0.076172 0.496094 0.072266 0.494141 0.070312 0.494141 0.068359 0.496094 0.066406 0.500000 0.066406 0.503906 0.062500 0.505859 0.062500 0.507812 0.064453 0.505859 0.066406 0.507812 0.066406 0.511719 0.070312 0.511719 0.072266 0.515625 0.072266 0.517578 0.074219 0.519531 0.072266 0.521484 0.072266 0.523438 0.074219 0.527344 0.074219 0.529297 0.076172 0.529297 0.078125 0.529297 0.076172 0.531250 0.074219 0.531250 0.070312 0.527344 0.066406 0.523438 0.066406 0.519531 0.062500 0.521484 0.060547 0.519531 0.058594 0.523438 0.054688 0.525391 0.054688 0.527344 0.056641 0.527344 0.058594 0.531250 0.058594 0.535156 0.054688 0.537109 0.056641 0.537109 0.058594 0.539062 0.056641 0.539062 0.054688 0.541016 0.052734 0.541016 0.048828 0.542969 0.046875 0.542969 0.042969 0.544922 0.041016 0.544922 0.039062 0.546875 0.037109 0.546875 0.035156 0.550781 0.031250 0.550781 0.025391 0.552734 0.023438 0.550781 0.021484 0.548828 0.021484 0.546875 0.019531 0.546875 0.015625 0.548828 0.013672 0.548828 0.007812 0.550781 0.005859 0.550781 0.003906 0.552734 0.001953 0.552734 0.000000 0.310547 0.000000 0.312500 0.001953 0.312500 0.003906 0.316406 0.003906 0.318359 0.005859 0.318359 0.007812 0.322266 0.007812 0.324219 0.009766 0.324219 0.015625 0.322266 0.017578 0.322266 0.019531 0.318359 0.023438 0.316406 0.023438 0.316406 0.029297 0.318359 0.031250 0.316406 0.033203 0.316406 0.037109 0.314453 0.039062 0.314453 0.041016 0.316406 0.042969 0.314453 0.044922 0.314453 0.046875 0.310547 0.050781 0.302734 0.050781 0.300781 0.048828 0.294922 0.048828 0.292969 0.046875 0.292969 0.044922 0.294922 0.042969 0.294922 0.041016 0.285156 0.041016 0.283203 0.039062 0.279297 0.039062 0.277344 0.037109 0.277344 0.033203 0.281250 0.029297 0.281250 0.027344 0.283203 0.025391 0.285156 0.025391 0.283203 0.023438 0.283203 0.021484 0.287109 0.017578 0.287109 0.015625 0.285156 0.015625 0.281250 0.011719 0.279297 0.011719 0.279297 0.019531 0.277344 0.021484 0.273438 0.021484 0.273438 0.023438 0.267578 0.029297 0.265625 0.029297 0.261719 0.025391 0.261719 0.023438 0.263672 0.021484 0.261719 0.021484 0.257812 0.017578 0.257812 0.015625 0.253906 0.011719 0.250000 0.011719 0.248047 0.013672 0.244141 0.013672 0.244141 0.015625 0.240234 0.019531 0.242188 0.021484 0.242188 0.023438 0.240234 0.025391 0.238281 0.025391 0.238281 0.027344 0.236328 0.029297 0.226562 0.029297 0.224609 0.027344 0.226562 0.025391 0.226562 0.021484 0.228516 0.019531 0.228516 0.017578 0.203125 0.017578 0.201172 0.015625 0.201172 0.013672 0.203125 0.011719 0.203125 0.009766 0.201172 0.007812 0.201172 0.005859 0.203125 0.003906 0.205078 0.003906 0.205078 0.000000