0 0.791016 0.970703 0.791016 0.972656 0.789062 0.974609 0.789062 0.976562 0.787109 0.978516 0.785156 0.978516 0.785156 0.984375 0.792969 0.984375 0.794922 0.982422 0.794922 0.978516 0.796875 0.976562 0.796875 0.972656 0.794922 0.970703
0 0.802734 0.964844 0.800781 0.966797 0.800781 0.970703 0.802734 0.972656 0.810547 0.972656 0.810547 0.968750 0.808594 0.968750 0.806641 0.966797 0.806641 0.964844
0 0.863281 0.929688 0.859375 0.933594 0.859375 0.937500 0.861328 0.939453 0.859375 0.941406 0.859375 0.947266 0.861328 0.949219 0.855469 0.955078 0.855469 0.957031 0.857422 0.958984 0.855469 0.960938 0.855469 0.964844 0.859375 0.964844 0.861328 0.966797 0.863281 0.966797 0.863281 0.958984 0.865234 0.957031 0.865234 0.955078 0.861328 0.951172 0.863281 0.949219 0.865234 0.949219 0.867188 0.947266 0.869141 0.947266 0.871094 0.945312 0.875000 0.945312 0.875000 0.941406 0.873047 0.941406 0.867188 0.935547 0.867188 0.931641 0.865234 0.929688
0 0.830078 0.927734 0.830078 0.929688 0.828125 0.931641 0.826172 0.929688 0.820312 0.929688 0.820312 0.933594 0.822266 0.935547 0.820312 0.937500 0.820312 0.943359 0.822266 0.945312 0.837891 0.945312 0.841797 0.941406 0.841797 0.937500 0.833984 0.929688 0.833984 0.927734
0 0.398438 0.914062 0.396484 0.916016 0.394531 0.916016 0.394531 0.919922 0.396484 0.919922 0.398438 0.921875 0.398438 0.923828 0.404297 0.923828 0.404297 0.917969 0.402344 0.916016 0.402344 0.914062
0 0.734375 0.908203 0.734375 0.910156 0.732422 0.912109 0.728516 0.912109 0.728516 0.919922 0.730469 0.921875 0.730469 0.923828 0.734375 0.927734 0.736328 0.927734 0.738281 0.929688 0.740234 0.929688 0.742188 0.927734 0.742188 0.921875 0.744141 0.919922 0.744141 0.917969 0.746094 0.916016 0.746094 0.912109 0.742188 0.912109 0.738281 0.908203
0 0.716797 0.902344 0.714844 0.904297 0.710938 0.904297 0.710938 0.906250 0.708984 0.908203 0.708984 0.916016 0.712891 0.916016 0.714844 0.917969 0.716797 0.917969 0.718750 0.919922 0.718750 0.921875 0.714844 0.925781 0.714844 0.927734 0.716797 0.927734 0.718750 0.929688 0.718750 0.933594 0.716797 0.935547 0.708984 0.935547 0.707031 0.933594 0.705078 0.933594 0.705078 0.939453 0.703125 0.941406 0.703125 0.945312 0.705078 0.947266 0.703125 0.949219 0.703125 0.951172 0.708984 0.951172 0.710938 0.953125 0.710938 0.955078 0.708984 0.957031 0.707031 0.957031 0.705078 0.958984 0.703125 0.958984 0.703125 0.962891 0.705078 0.962891 0.707031 0.964844 0.707031 0.966797 0.712891 0.966797 0.714844 0.968750 0.714844 0.970703 0.716797 0.970703 0.720703 0.974609 0.722656 0.974609 0.724609 0.972656 0.726562 0.972656 0.728516 0.970703 0.730469 0.972656 0.740234 0.972656 0.746094 0.978516 0.750000 0.978516 0.751953 0.976562 0.761719 0.976562 0.763672 0.978516 0.761719 0.980469 0.761719 0.992188 0.773438 0.992188 0.775391 0.990234 0.775391 0.986328 0.777344 0.984375 0.779297 0.984375 0.779297 0.980469 0.777344 0.980469 0.775391 0.978516 0.783203 0.970703 0.783203 0.968750 0.785156 0.966797 0.787109 0.966797 0.787109 0.964844 0.789062 0.962891 0.791016 0.962891 0.791016 0.960938 0.796875 0.955078 0.796875 0.953125 0.802734 0.947266 0.804688 0.947266 0.806641 0.945312 0.806641 0.939453 0.804688 0.937500 0.800781 0.937500 0.796875 0.933594 0.794922 0.933594 0.785156 0.943359 0.783203 0.941406 0.783203 0.939453 0.773438 0.929688 0.771484 0.929688 0.771484 0.935547 0.773438 0.937500 0.773438 0.939453 0.775391 0.939453 0.777344 0.941406 0.777344 0.943359 0.775391 0.945312 0.773438 0.945312 0.771484 0.947266 0.761719 0.947266 0.759766 0.945312 0.757812 0.945312 0.753906 0.941406 0.751953 0.941406 0.750000 0.943359 0.748047 0.943359 0.742188 0.937500 0.732422 0.937500 0.726562 0.931641 0.726562 0.929688 0.724609 0.927734 0.724609 0.925781 0.718750 0.919922 0.718750 0.917969 0.720703 0.916016 0.720703 0.904297 0.718750 0.904297
0 0.546875 0.898438 0.546875 0.900391 0.544922 0.902344 0.542969 0.900391 0.541016 0.900391 0.541016 0.902344 0.539062 0.904297 0.539062 0.906250 0.537109 0.908203 0.533203 0.904297 0.531250 0.904297 0.529297 0.906250 0.527344 0.906250 0.527344 0.910156 0.529297 0.912109 0.537109 0.912109 0.537109 0.910156 0.539062 0.908203 0.544922 0.908203 0.546875 0.906250 0.548828 0.906250 0.552734 0.902344 0.552734 0.898438
0 0.380859 0.896484 0.378906 0.898438 0.378906 0.900391 0.382812 0.904297 0.388672 0.904297 0.388672 0.898438 0.386719 0.898438 0.384766 0.896484
0 0.089844 0.826172 0.089844 0.835938 0.097656 0.835938 0.097656 0.830078 0.093750 0.826172
0 0.722656 0.806641 0.722656 0.812500 0.724609 0.814453 0.724609 0.820312 0.728516 0.824219 0.732422 0.824219 0.732422 0.818359 0.730469 0.816406 0.730469 0.812500 0.728516 0.810547 0.728516 0.808594 0.726562 0.806641
0 0.296875 0.798828 0.294922 0.800781 0.292969 0.800781 0.292969 0.804688 0.298828 0.804688 0.300781 0.806641 0.306641 0.806641 0.306641 0.800781 0.304688 0.800781 0.302734 0.798828
0 0.521484 0.775391 0.517578 0.779297 0.517578 0.785156 0.519531 0.785156 0.521484 0.787109 0.529297 0.787109 0.531250 0.789062 0.531250 0.791016 0.529297 0.792969 0.529297 0.796875 0.533203 0.796875 0.535156 0.798828 0.535156 0.802734 0.533203 0.804688 0.529297 0.804688 0.529297 0.808594 0.527344 0.810547 0.525391 0.810547 0.525391 0.814453 0.523438 0.816406 0.521484 0.816406 0.517578 0.820312 0.511719 0.820312 0.511719 0.824219 0.513672 0.826172 0.513672 0.828125 0.515625 0.828125 0.519531 0.832031 0.523438 0.832031 0.525391 0.833984 0.525391 0.839844 0.533203 0.839844 0.535156 0.837891 0.535156 0.835938 0.539062 0.832031 0.539062 0.830078 0.541016 0.828125 0.541016 0.822266 0.537109 0.822266 0.537109 0.824219 0.535156 0.826172 0.533203 0.824219 0.533203 0.820312 0.539062 0.814453 0.546875 0.814453 0.546875 0.806641 0.550781 0.802734 0.552734 0.804688 0.552734 0.806641 0.556641 0.806641 0.556641 0.798828 0.554688 0.798828 0.548828 0.792969 0.546875 0.792969 0.544922 0.791016 0.544922 0.789062 0.541016 0.785156 0.541016 0.783203 0.535156 0.783203 0.531250 0.779297 0.531250 0.777344 0.529297 0.775391
0 0.224609 0.775391 0.222656 0.777344 0.222656 0.779297 0.220703 0.781250 0.220703 0.787109 0.224609 0.787109 0.224609 0.785156 0.228516 0.781250 0.228516 0.775391
0 0.259766 0.773438 0.255859 0.777344 0.255859 0.783203 0.257812 0.783203 0.257812 0.781250 0.259766 0.779297 0.263672 0.779297 0.263672 0.777344 0.261719 0.775391 0.261719 0.773438
0 0.675781 0.751953 0.673828 0.753906 0.673828 0.757812 0.675781 0.759766 0.675781 0.761719 0.677734 0.763672 0.689453 0.763672 0.691406 0.765625 0.691406 0.769531 0.693359 0.771484 0.691406 0.773438 0.685547 0.773438 0.685547 0.779297 0.687500 0.779297 0.689453 0.781250 0.693359 0.781250 0.695312 0.779297 0.697266 0.781250 0.703125 0.781250 0.705078 0.779297 0.705078 0.773438 0.703125 0.773438 0.701172 0.771484 0.701172 0.767578 0.699219 0.765625 0.701172 0.763672 0.701172 0.757812 0.699219 0.755859 0.699219 0.753906 0.693359 0.753906 0.691406 0.755859 0.683594 0.755859 0.681641 0.753906 0.681641 0.751953
0 0.240234 0.748047 0.238281 0.750000 0.238281 0.751953 0.236328 0.753906 0.230469 0.753906 0.230469 0.755859 0.228516 0.757812 0.228516 0.761719 0.230469 0.763672 0.232422 0.763672 0.234375 0.765625 0.234375 0.767578 0.238281 0.767578 0.238281 0.765625 0.240234 0.763672 0.242188 0.765625 0.246094 0.765625 0.246094 0.763672 0.251953 0.757812 0.251953 0.753906 0.246094 0.748047
0 0.095703 0.740234 0.095703 0.744141 0.099609 0.748047 0.107422 0.748047 0.107422 0.744141 0.103516 0.740234
0 0.777344 0.714844 0.777344 0.720703 0.779297 0.722656 0.783203 0.722656 0.783203 0.716797 0.781250 0.714844
0 0.361328 0.703125 0.359375 0.705078 0.359375 0.707031 0.363281 0.710938 0.363281 0.712891 0.365234 0.714844 0.365234 0.718750 0.367188 0.720703 0.369141 0.720703 0.371094 0.722656 0.375000 0.722656 0.376953 0.724609 0.382812 0.724609 0.382812 0.722656 0.384766 0.720703 0.384766 0.718750 0.382812 0.716797 0.382812 0.714844 0.380859 0.712891 0.380859 0.710938 0.376953 0.707031 0.373047 0.707031 0.371094 0.708984 0.367188 0.705078 0.367188 0.703125
0 0.541016 0.677734 0.539062 0.679688 0.539062 0.681641 0.542969 0.685547 0.552734 0.685547 0.556641 0.681641 0.556641 0.679688 0.548828 0.679688 0.546875 0.677734
0 0.636719 0.666016 0.632812 0.669922 0.632812 0.673828 0.634766 0.673828 0.636719 0.675781 0.640625 0.675781 0.644531 0.679688 0.650391 0.679688 0.650391 0.673828 0.642578 0.673828 0.640625 0.671875 0.640625 0.669922 0.638672 0.667969 0.638672 0.666016
0 0.343750 0.666016 0.339844 0.669922 0.335938 0.669922 0.335938 0.673828 0.337891 0.675781 0.337891 0.677734 0.341797 0.681641 0.343750 0.681641 0.345703 0.683594 0.345703 0.687500 0.349609 0.691406 0.351562 0.691406 0.353516 0.693359 0.359375 0.693359 0.361328 0.691406 0.365234 0.691406 0.369141 0.687500 0.369141 0.675781 0.365234 0.671875 0.365234 0.669922 0.359375 0.669922 0.357422 0.671875 0.351562 0.666016
0 0.101562 0.626953 0.099609 0.628906 0.091797 0.628906 0.091797 0.632812 0.095703 0.636719 0.095703 0.646484 0.101562 0.646484 0.103516 0.648438 0.103516 0.650391 0.105469 0.652344 0.111328 0.652344 0.113281 0.650391 0.113281 0.648438 0.115234 0.646484 0.115234 0.640625 0.111328 0.636719 0.109375 0.636719 0.107422 0.634766 0.107422 0.628906 0.105469 0.626953
0 0.261719 0.593750 0.261719 0.595703 0.259766 0.597656 0.259766 0.603516 0.263672 0.607422 0.263672 0.611328 0.273438 0.611328 0.275391 0.609375 0.275391 0.605469 0.273438 0.603516 0.273438 0.597656 0.271484 0.597656 0.267578 0.601562 0.265625 0.599609 0.265625 0.597656 0.263672 0.595703 0.263672 0.593750
0 0.289062 0.587891 0.285156 0.591797 0.281250 0.591797 0.281250 0.601562 0.283203 0.603516 0.281250 0.605469 0.279297 0.605469 0.279297 0.617188 0.283203 0.621094 0.283203 0.623047 0.292969 0.623047 0.294922 0.621094 0.296875 0.621094 0.304688 0.613281 0.308594 0.613281 0.310547 0.615234 0.310547 0.617188 0.312500 0.615234 0.312500 0.613281 0.314453 0.611328 0.314453 0.605469 0.312500 0.603516 0.312500 0.595703 0.316406 0.591797 0.316406 0.587891 0.308594 0.587891 0.306641 0.589844 0.304688 0.587891
0 0.000000 0.572266 0.000000 0.992188 0.601562 0.992188 0.603516 0.990234 0.605469 0.990234 0.605469 0.984375 0.607422 0.982422 0.611328 0.982422 0.613281 0.984375 0.613281 0.988281 0.611328 0.990234 0.609375 0.990234 0.609375 0.992188 0.656250 0.992188 0.658203 0.990234 0.658203 0.984375 0.662109 0.980469 0.666016 0.980469 0.667969 0.978516 0.669922 0.978516 0.671875 0.976562 0.673828 0.976562 0.675781 0.978516 0.677734 0.978516 0.679688 0.980469 0.679688 0.982422 0.681641 0.984375 0.677734 0.988281 0.675781 0.988281 0.671875 0.992188 0.669922 0.992188 0.685547 0.992188 0.687500 0.990234 0.689453 0.992188 0.691406 0.992188 0.691406 0.990234 0.693359 0.988281 0.693359 0.986328 0.695312 0.984375 0.697266 0.986328 0.699219 0.986328 0.699219 0.982422 0.697266 0.980469 0.697266 0.976562 0.691406 0.976562 0.683594 0.968750 0.683594 0.958984 0.685547 0.957031 0.687500 0.958984 0.691406 0.958984 0.689453 0.957031 0.689453 0.953125 0.687500 0.953125 0.685547 0.951172 0.681641 0.951172 0.679688 0.949219 0.679688 0.953125 0.677734 0.955078 0.673828 0.955078 0.669922 0.951172 0.669922 0.945312 0.667969 0.945312 0.662109 0.939453 0.662109 0.929688 0.654297 0.921875 0.652344 0.921875 0.648438 0.917969 0.644531 0.917969 0.642578 0.916016 0.640625 0.916016 0.638672 0.917969 0.638672 0.921875 0.640625 0.923828 0.640625 0.925781 0.636719 0.929688 0.636719 0.939453 0.634766 0.941406 0.632812 0.939453 0.632812 0.937500 0.615234 0.937500 0.613281 0.935547 0.613281 0.933594 0.611328 0.933594 0.611328 0.937500 0.605469 0.943359 0.603516 0.941406 0.601562 0.941406 0.599609 0.939453 0.599609 0.937500 0.595703 0.933594 0.593750 0.933594 0.591797 0.931641 0.591797 0.929688 0.589844 0.929688 0.587891 0.927734 0.587891 0.921875 0.585938 0.921875 0.583984 0.919922 0.583984 0.917969 0.582031 0.917969 0.576172 0.912109 0.576172 0.898438 0.578125 0.896484 0.580078 0.896484 0.580078 0.894531 0.582031 0.892578 0.578125 0.892578 0.574219 0.888672 0.574219 0.886719 0.568359 0.886719 0.568359 0.888672 0.566406 0.890625 0.562500 0.890625 0.562500 0.896484 0.566406 0.900391 0.564453 0.902344 0.564453 0.908203 0.558594 0.914062 0.558594 0.923828 0.556641 0.925781 0.550781 0.925781 0.548828 0.923828 0.548828 0.921875 0.539062 0.921875 0.537109 0.923828 0.535156 0.923828 0.529297 0.917969 0.525391 0.917969 0.521484 0.914062 0.517578 0.914062 0.515625 0.916016 0.513672 0.914062 0.511719 0.914062 0.507812 0.910156 0.509766 0.908203 0.509766 0.906250 0.511719 0.904297 0.513672 0.904297 0.517578 0.900391 0.517578 0.894531 0.521484 0.890625 0.523438 0.892578 0.525391 0.892578 0.527344 0.894531 0.527344 0.898438 0.529297 0.898438 0.529297 0.896484 0.531250 0.894531 0.531250 0.892578 0.535156 0.888672 0.535156 0.880859 0.537109 0.878906 0.541016 0.878906 0.544922 0.882812 0.550781 0.882812 0.550781 0.878906 0.546875 0.875000 0.546875 0.871094 0.544922 0.869141 0.542969 0.869141 0.542969 0.871094 0.541016 0.873047 0.537109 0.873047 0.533203 0.869141 0.533203 0.863281 0.527344 0.863281 0.523438 0.859375 0.523438 0.855469 0.521484 0.853516 0.511719 0.853516 0.509766 0.851562 0.509766 0.849609 0.505859 0.849609 0.503906 0.851562 0.501953 0.851562 0.500000 0.849609 0.500000 0.847656 0.498047 0.847656 0.496094 0.849609 0.496094 0.851562 0.492188 0.855469 0.492188 0.867188 0.496094 0.871094 0.496094 0.873047 0.498047 0.875000 0.498047 0.878906 0.496094 0.880859 0.496094 0.884766 0.498047 0.884766 0.498047 0.880859 0.500000 0.878906 0.501953 0.878906 0.503906 0.880859 0.503906 0.882812 0.507812 0.878906 0.509766 0.878906 0.513672 0.882812 0.503906 0.892578 0.498047 0.892578 0.496094 0.890625 0.496094 0.892578 0.494141 0.894531 0.492188 0.894531 0.490234 0.892578 0.490234 0.884766 0.488281 0.882812 0.488281 0.880859 0.486328 0.878906 0.482422 0.878906 0.482422 0.880859 0.480469 0.882812 0.478516 0.882812 0.474609 0.878906 0.474609 0.875000 0.472656 0.873047 0.472656 0.871094 0.474609 0.869141 0.472656 0.867188 0.476562 0.863281 0.478516 0.863281 0.478516 0.861328 0.480469 0.859375 0.482422 0.859375 0.482422 0.851562 0.480469 0.849609 0.480469 0.847656 0.478516 0.845703 0.478516 0.833984 0.474609 0.830078 0.474609 0.826172 0.466797 0.818359 0.464844 0.818359 0.457031 0.810547 0.453125 0.810547 0.449219 0.814453 0.449219 0.822266 0.451172 0.822266 0.453125 0.824219 0.453125 0.828125 0.449219 0.832031 0.443359 0.832031 0.435547 0.839844 0.431641 0.839844 0.429688 0.837891 0.416016 0.837891 0.414062 0.839844 0.406250 0.839844 0.406250 0.845703 0.404297 0.847656 0.396484 0.839844 0.394531 0.839844 0.392578 0.837891 0.392578 0.833984 0.390625 0.833984 0.386719 0.830078 0.373047 0.830078 0.371094 0.828125 0.371094 0.826172 0.373047 0.824219 0.380859 0.824219 0.382812 0.822266 0.388672 0.822266 0.388672 0.814453 0.386719 0.812500 0.386719 0.808594 0.384766 0.808594 0.375000 0.798828 0.375000 0.796875 0.371094 0.792969 0.367188 0.792969 0.365234 0.794922 0.363281 0.794922 0.361328 0.792969 0.361328 0.791016 0.365234 0.787109 0.367188 0.787109 0.369141 0.785156 0.371094 0.785156 0.373047 0.787109 0.373047 0.789062 0.380859 0.789062 0.382812 0.787109 0.382812 0.779297 0.380859 0.779297 0.378906 0.777344 0.378906 0.775391 0.380859 0.773438 0.382812 0.773438 0.384766 0.771484 0.384766 0.769531 0.382812 0.767578 0.382812 0.765625 0.378906 0.765625 0.376953 0.767578 0.373047 0.767578 0.371094 0.765625 0.371094 0.763672 0.367188 0.763672 0.365234 0.761719 0.365234 0.753906 0.363281 0.751953 0.363281 0.750000 0.361328 0.748047 0.355469 0.748047 0.353516 0.750000 0.353516 0.753906 0.357422 0.757812 0.357422 0.761719 0.365234 0.769531 0.363281 0.771484 0.359375 0.771484 0.353516 0.765625 0.351562 0.765625 0.347656 0.769531 0.347656 0.775391 0.345703 0.777344 0.341797 0.777344 0.339844 0.775391 0.337891 0.777344 0.332031 0.777344 0.328125 0.781250 0.326172 0.781250 0.322266 0.785156 0.322266 0.787109 0.320312 0.789062 0.320312 0.798828 0.318359 0.800781 0.318359 0.802734 0.314453 0.806641 0.314453 0.810547 0.318359 0.814453 0.320312 0.812500 0.328125 0.812500 0.330078 0.814453 0.330078 0.816406 0.332031 0.818359 0.332031 0.822266 0.330078 0.824219 0.328125 0.824219 0.324219 0.828125 0.324219 0.833984 0.328125 0.837891 0.328125 0.839844 0.333984 0.845703 0.330078 0.849609 0.330078 0.851562 0.324219 0.857422 0.320312 0.857422 0.320312 0.863281 0.324219 0.867188 0.330078 0.867188 0.333984 0.863281 0.335938 0.863281 0.339844 0.867188 0.339844 0.873047 0.343750 0.873047 0.347656 0.876953 0.345703 0.878906 0.343750 0.878906 0.341797 0.880859 0.341797 0.888672 0.343750 0.890625 0.343750 0.892578 0.353516 0.892578 0.359375 0.886719 0.361328 0.888672 0.369141 0.888672 0.371094 0.886719 0.371094 0.882812 0.376953 0.876953 0.376953 0.873047 0.378906 0.871094 0.380859 0.871094 0.382812 0.873047 0.388672 0.873047 0.388672 0.871094 0.384766 0.867188 0.386719 0.865234 0.388672 0.865234 0.392578 0.861328 0.394531 0.861328 0.396484 0.863281 0.396484 0.865234 0.400391 0.869141 0.402344 0.869141 0.406250 0.873047 0.408203 0.873047 0.412109 0.876953 0.419922 0.876953 0.423828 0.873047 0.429688 0.873047 0.431641 0.871094 0.433594 0.871094 0.439453 0.876953 0.445312 0.876953 0.445312 0.875000 0.447266 0.873047 0.447266 0.869141 0.445312 0.867188 0.443359 0.867188 0.441406 0.865234 0.441406 0.863281 0.443359 0.861328 0.445312 0.863281 0.447266 0.863281 0.449219 0.861328 0.451172 0.863281 0.451172 0.869141 0.453125 0.869141 0.455078 0.871094 0.464844 0.871094 0.470703 0.876953 0.464844 0.882812 0.460938 0.878906 0.458984 0.878906 0.457031 0.876953 0.457031 0.878906 0.458984 0.880859 0.458984 0.882812 0.457031 0.884766 0.455078 0.884766 0.453125 0.886719 0.447266 0.886719 0.445312 0.888672 0.441406 0.888672 0.439453 0.890625 0.429688 0.890625 0.427734 0.892578 0.423828 0.892578 0.421875 0.894531 0.421875 0.900391 0.417969 0.904297 0.417969 0.906250 0.412109 0.912109 0.408203 0.912109 0.408203 0.921875 0.414062 0.927734 0.416016 0.927734 0.419922 0.931641 0.425781 0.931641 0.427734 0.933594 0.427734 0.947266 0.425781 0.949219 0.423828 0.949219 0.423828 0.953125 0.421875 0.955078 0.417969 0.955078 0.416016 0.953125 0.416016 0.947266 0.414062 0.947266 0.412109 0.945312 0.410156 0.945312 0.408203 0.943359 0.408203 0.941406 0.404297 0.937500 0.404297 0.935547 0.400391 0.931641 0.398438 0.931641 0.396484 0.929688 0.392578 0.929688 0.390625 0.927734 0.388672 0.927734 0.386719 0.925781 0.386719 0.923828 0.373047 0.923828 0.371094 0.925781 0.371094 0.927734 0.369141 0.929688 0.367188 0.929688 0.365234 0.927734 0.363281 0.927734 0.357422 0.921875 0.357422 0.914062 0.351562 0.914062 0.349609 0.916016 0.347656 0.916016 0.347656 0.921875 0.345703 0.923828 0.341797 0.923828 0.339844 0.921875 0.339844 0.919922 0.337891 0.917969 0.335938 0.917969 0.333984 0.919922 0.332031 0.919922 0.332031 0.923828 0.335938 0.927734 0.335938 0.931641 0.337891 0.931641 0.339844 0.933594 0.341797 0.933594 0.343750 0.935547 0.343750 0.941406 0.341797 0.943359 0.337891 0.939453 0.337891 0.937500 0.333984 0.937500 0.324219 0.927734 0.324219 0.925781 0.322266 0.923828 0.322266 0.921875 0.316406 0.921875 0.316406 0.923828 0.314453 0.925781 0.312500 0.925781 0.310547 0.923828 0.310547 0.921875 0.298828 0.921875 0.298828 0.925781 0.304688 0.931641 0.304688 0.933594 0.302734 0.935547 0.298828 0.935547 0.294922 0.931641 0.294922 0.929688 0.292969 0.927734 0.292969 0.925781 0.291016 0.925781 0.283203 0.917969 0.281250 0.917969 0.279297 0.916016 0.279297 0.906250 0.281250 0.904297 0.292969 0.904297 0.296875 0.900391 0.298828 0.900391 0.300781 0.898438 0.300781 0.894531 0.298828 0.892578 0.294922 0.892578 0.291016 0.888672 0.291016 0.884766 0.292969 0.882812 0.294922 0.882812 0.296875 0.884766 0.302734 0.884766 0.304688 0.882812 0.304688 0.875000 0.300781 0.871094 0.300781 0.863281 0.302734 0.861328 0.300781 0.861328 0.298828 0.863281 0.296875 0.863281 0.294922 0.861328 0.296875 0.859375 0.296875 0.851562 0.294922 0.849609 0.294922 0.847656 0.291016 0.843750 0.289062 0.843750 0.287109 0.841797 0.281250 0.841797 0.279297 0.839844 0.279297 0.835938 0.269531 0.835938 0.269531 0.837891 0.267578 0.839844 0.263672 0.839844 0.261719 0.837891 0.261719 0.835938 0.259766 0.833984 0.259766 0.830078 0.261719 0.828125 0.263672 0.828125 0.263672 0.818359 0.261719 0.816406 0.261719 0.814453 0.259766 0.812500 0.259766 0.810547 0.261719 0.808594 0.265625 0.812500 0.265625 0.814453 0.269531 0.818359 0.271484 0.818359 0.273438 0.816406 0.273438 0.806641 0.275391 0.804688 0.275391 0.802734 0.277344 0.800781 0.277344 0.791016 0.271484 0.791016 0.269531 0.789062 0.263672 0.789062 0.257812 0.794922 0.251953 0.794922 0.248047 0.798828 0.246094 0.798828 0.246094 0.802734 0.244141 0.804688 0.242188 0.804688 0.242188 0.806641 0.240234 0.808594 0.238281 0.808594 0.238281 0.814453 0.240234 0.816406 0.240234 0.818359 0.242188 0.818359 0.244141 0.820312 0.246094 0.820312 0.248047 0.818359 0.251953 0.822266 0.248047 0.826172 0.246094 0.826172 0.244141 0.828125 0.244141 0.830078 0.240234 0.833984 0.238281 0.833984 0.234375 0.830078 0.236328 0.828125 0.236328 0.824219 0.238281 0.822266 0.236328 0.820312 0.234375 0.822266 0.228516 0.822266 0.228516 0.830078 0.226562 0.832031 0.224609 0.832031 0.218750 0.826172 0.218750 0.824219 0.216797 0.822266 0.218750 0.820312 0.218750 0.818359 0.220703 0.816406 0.220703 0.814453 0.222656 0.812500 0.222656 0.810547 0.220703 0.808594 0.218750 0.808594 0.216797 0.806641 0.216797 0.804688 0.220703 0.800781 0.220703 0.798828 0.218750 0.796875 0.218750 0.794922 0.212891 0.789062 0.212891 0.787109 0.210938 0.785156 0.210938 0.777344 0.212891 0.775391 0.212891 0.767578 0.216797 0.763672 0.216797 0.755859 0.210938 0.755859 0.208984 0.753906 0.208984 0.750000 0.212891 0.746094 0.220703 0.746094 0.220703 0.742188 0.218750 0.742188 0.216797 0.740234 0.216797 0.734375 0.220703 0.730469 0.216797 0.726562 0.216797 0.724609 0.214844 0.722656 0.214844 0.720703 0.212891 0.718750 0.207031 0.718750 0.199219 0.726562 0.191406 0.718750 0.189453 0.718750 0.187500 0.716797 0.187500 0.714844 0.185547 0.714844 0.183594 0.712891 0.183594 0.707031 0.179688 0.703125 0.175781 0.703125 0.173828 0.701172 0.167969 0.701172 0.167969 0.707031 0.166016 0.708984 0.166016 0.712891 0.167969 0.714844 0.166016 0.716797 0.166016 0.718750 0.164062 0.720703 0.162109 0.718750 0.160156 0.718750 0.158203 0.716797 0.156250 0.716797 0.154297 0.714844 0.144531 0.714844 0.144531 0.718750 0.146484 0.720703 0.152344 0.720703 0.156250 0.724609 0.154297 0.726562 0.152344 0.726562 0.152344 0.728516 0.150391 0.730469 0.148438 0.730469 0.146484 0.728516 0.146484 0.726562 0.144531 0.726562 0.142578 0.724609 0.142578 0.722656 0.138672 0.722656 0.134766 0.726562 0.132812 0.726562 0.128906 0.730469 0.128906 0.732422 0.126953 0.734375 0.125000 0.734375 0.125000 0.736328 0.121094 0.740234 0.121094 0.750000 0.125000 0.753906 0.125000 0.757812 0.134766 0.757812 0.136719 0.759766 0.136719 0.763672 0.134766 0.765625 0.132812 0.765625 0.132812 0.767578 0.130859 0.769531 0.130859 0.773438 0.132812 0.775391 0.132812 0.779297 0.138672 0.785156 0.138672 0.789062 0.140625 0.791016 0.140625 0.796875 0.138672 0.798828 0.132812 0.792969 0.132812 0.789062 0.130859 0.787109 0.130859 0.785156 0.130859 0.787109 0.126953 0.791016 0.125000 0.791016 0.123047 0.792969 0.119141 0.792969 0.117188 0.794922 0.115234 0.794922 0.115234 0.796875 0.111328 0.800781 0.109375 0.800781 0.105469 0.804688 0.105469 0.806641 0.103516 0.808594 0.103516 0.814453 0.101562 0.816406 0.101562 0.822266 0.103516 0.824219 0.103516 0.828125 0.105469 0.830078 0.105469 0.832031 0.107422 0.833984 0.107422 0.835938 0.111328 0.839844 0.113281 0.839844 0.115234 0.841797 0.119141 0.841797 0.121094 0.843750 0.121094 0.845703 0.128906 0.853516 0.128906 0.857422 0.125000 0.861328 0.125000 0.865234 0.123047 0.867188 0.121094 0.867188 0.117188 0.863281 0.117188 0.849609 0.113281 0.845703 0.109375 0.845703 0.105469 0.849609 0.103516 0.847656 0.097656 0.847656 0.097656 0.849609 0.095703 0.851562 0.095703 0.855469 0.093750 0.857422 0.089844 0.853516 0.089844 0.849609 0.087891 0.847656 0.082031 0.847656 0.080078 0.849609 0.080078 0.855469 0.078125 0.857422 0.076172 0.857422 0.074219 0.855469 0.074219 0.853516 0.070312 0.853516 0.068359 0.851562 0.058594 0.851562 0.056641 0.849609 0.056641 0.847656 0.054688 0.845703 0.054688 0.837891 0.058594 0.833984 0.060547 0.833984 0.060547 0.830078 0.062500 0.828125 0.064453 0.828125 0.066406 0.826172 0.070312 0.826172 0.072266 0.828125 0.072266 0.830078 0.072266 0.828125 0.076172 0.824219 0.076172 0.820312 0.078125 0.818359 0.078125 0.816406 0.080078 0.814453 0.082031 0.814453 0.082031 0.812500 0.083984 0.810547 0.085938 0.810547 0.085938 0.806641 0.091797 0.800781 0.093750 0.800781 0.093750 0.798828 0.097656 0.794922 0.097656 0.792969 0.095703 0.792969 0.093750 0.794922 0.085938 0.787109 0.085938 0.785156 0.083984 0.783203 0.083984 0.781250 0.082031 0.779297 0.072266 0.779297 0.064453 0.771484 0.062500 0.773438 0.058594 0.773438 0.054688 0.769531 0.054688 0.765625 0.052734 0.763672 0.052734 0.755859 0.050781 0.753906 0.050781 0.751953 0.048828 0.751953 0.042969 0.746094 0.041016 0.746094 0.039062 0.744141 0.037109 0.744141 0.033203 0.740234 0.031250 0.740234 0.029297 0.738281 0.027344 0.738281 0.025391 0.740234 0.019531 0.740234 0.017578 0.742188 0.011719 0.742188 0.009766 0.740234 0.009766 0.734375 0.007812 0.732422 0.007812 0.730469 0.011719 0.726562 0.013672 0.726562 0.015625 0.728516 0.021484 0.728516 0.025391 0.732422 0.029297 0.732422 0.031250 0.730469 0.035156 0.730469 0.037109 0.728516 0.039062 0.728516 0.041016 0.730469 0.044922 0.730469 0.046875 0.732422 0.054688 0.732422 0.056641 0.730469 0.060547 0.734375 0.062500 0.734375 0.064453 0.732422 0.076172 0.732422 0.080078 0.728516 0.085938 0.728516 0.089844 0.724609 0.091797 0.724609 0.091797 0.720703 0.093750 0.718750 0.093750 0.716797 0.095703 0.714844 0.095703 0.710938 0.097656 0.708984 0.099609 0.708984 0.103516 0.705078 0.103516 0.695312 0.105469 0.693359 0.105469 0.691406 0.103516 0.689453 0.103516 0.687500 0.099609 0.683594 0.099609 0.679688 0.101562 0.677734 0.101562 0.673828 0.103516 0.671875 0.103516 0.664062 0.093750 0.664062 0.091797 0.662109 0.089844 0.662109 0.087891 0.660156 0.085938 0.660156 0.083984 0.658203 0.082031 0.658203 0.080078 0.656250 0.080078 0.652344 0.074219 0.652344 0.066406 0.644531 0.066406 0.642578 0.064453 0.640625 0.058594 0.640625 0.058594 0.644531 0.056641 0.646484 0.054688 0.646484 0.052734 0.644531 0.050781 0.644531 0.048828 0.642578 0.042969 0.642578 0.042969 0.648438 0.044922 0.650391 0.042969 0.652344 0.041016 0.652344 0.039062 0.650391 0.033203 0.650391 0.031250 0.652344 0.029297 0.652344 0.027344 0.650391 0.027344 0.648438 0.025391 0.646484 0.025391 0.644531 0.021484 0.640625 0.015625 0.640625 0.015625 0.642578 0.013672 0.644531 0.011719 0.644531 0.009766 0.642578 0.009766 0.640625 0.011719 0.638672 0.011719 0.636719 0.013672 0.634766 0.013672 0.630859 0.015625 0.628906 0.015625 0.625000 0.017578 0.623047 0.017578 0.615234 0.019531 0.613281 0.021484 0.615234 0.021484 0.605469 0.019531 0.603516 0.019531 0.601562 0.017578 0.599609 0.015625 0.599609 0.013672 0.597656 0.013672 0.593750 0.011719 0.593750 0.009766 0.591797 0.009766 0.585938 0.007812 0.583984 0.007812 0.580078
0 0.291016 0.523438 0.291016 0.525391 0.287109 0.529297 0.285156 0.529297 0.285156 0.535156 0.292969 0.542969 0.298828 0.537109 0.300781 0.537109 0.300781 0.533203 0.298828 0.533203 0.296875 0.531250 0.296875 0.525391 0.294922 0.523438
0 0.140625 0.523438 0.138672 0.525391 0.138672 0.529297 0.142578 0.529297 0.144531 0.531250 0.150391 0.531250 0.150391 0.525391 0.148438 0.525391 0.146484 0.523438
0 0.109375 0.519531 0.109375 0.523438 0.115234 0.529297 0.123047 0.529297 0.123047 0.523438 0.119141 0.523438 0.115234 0.519531
0 0.240234 0.513672 0.240234 0.515625 0.238281 0.517578 0.236328 0.517578 0.236328 0.521484 0.238281 0.523438 0.240234 0.523438 0.242188 0.525391 0.242188 0.527344 0.244141 0.529297 0.244141 0.531250 0.246094 0.533203 0.246094 0.535156 0.248047 0.537109 0.248047 0.539062 0.250000 0.539062 0.251953 0.537109 0.253906 0.537109 0.255859 0.539062 0.255859 0.542969 0.259766 0.546875 0.265625 0.546875 0.267578 0.544922 0.267578 0.531250 0.265625 0.529297 0.263672 0.529297 0.251953 0.517578 0.251953 0.519531 0.250000 0.521484 0.246094 0.521484 0.244141 0.519531 0.244141 0.517578
0 0.326172 0.503906 0.326172 0.505859 0.328125 0.507812 0.328125 0.511719 0.322266 0.517578 0.318359 0.517578 0.314453 0.513672 0.314453 0.511719 0.316406 0.509766 0.320312 0.509766 0.320312 0.505859 0.314453 0.505859 0.310547 0.509766 0.306641 0.509766 0.304688 0.511719 0.304688 0.513672 0.302734 0.515625 0.302734 0.519531 0.304688 0.521484 0.306641 0.521484 0.308594 0.523438 0.308594 0.525391 0.314453 0.531250 0.314453 0.537109 0.318359 0.541016 0.320312 0.541016 0.322266 0.542969 0.326172 0.542969 0.328125 0.541016 0.330078 0.541016 0.332031 0.542969 0.332031 0.546875 0.333984 0.548828 0.347656 0.548828 0.347656 0.546875 0.349609 0.544922 0.349609 0.541016 0.347656 0.539062 0.347656 0.537109 0.349609 0.535156 0.351562 0.535156 0.351562 0.529297 0.349609 0.527344 0.349609 0.525391 0.343750 0.525391 0.341797 0.527344 0.339844 0.525391 0.332031 0.525391 0.328125 0.521484 0.328125 0.517578 0.332031 0.513672 0.332031 0.507812 0.328125 0.503906
0 0.134766 0.501953 0.132812 0.503906 0.132812 0.507812 0.134766 0.509766 0.142578 0.509766 0.142578 0.507812 0.140625 0.505859 0.140625 0.501953
0 0.042969 0.500000 0.041016 0.501953 0.041016 0.505859 0.042969 0.507812 0.041016 0.509766 0.039062 0.509766 0.037109 0.511719 0.037109 0.517578 0.039062 0.519531 0.041016 0.519531 0.042969 0.521484 0.042969 0.527344 0.052734 0.537109 0.052734 0.541016 0.056641 0.541016 0.056641 0.539062 0.058594 0.537109 0.058594 0.527344 0.052734 0.521484 0.054688 0.519531 0.056641 0.519531 0.058594 0.517578 0.060547 0.517578 0.062500 0.515625 0.064453 0.515625 0.066406 0.513672 0.068359 0.513672 0.068359 0.507812 0.066406 0.507812 0.064453 0.505859 0.060547 0.505859 0.058594 0.507812 0.054688 0.503906 0.048828 0.503906 0.046875 0.501953 0.046875 0.500000
0 0.025391 0.490234 0.025391 0.500000 0.029297 0.500000 0.029297 0.498047 0.031250 0.496094 0.031250 0.494141 0.029297 0.492188 0.029297 0.490234
0 0.345703 0.488281 0.345703 0.492188 0.343750 0.494141 0.339844 0.490234 0.333984 0.490234 0.333984 0.496094 0.335938 0.498047 0.335938 0.505859 0.339844 0.505859 0.343750 0.501953 0.343750 0.500000 0.345703 0.498047 0.345703 0.496094 0.347656 0.494141 0.355469 0.494141 0.355469 0.490234 0.353516 0.488281
0 0.160156 0.472656 0.160156 0.478516 0.164062 0.482422 0.164062 0.484375 0.166016 0.486328 0.166016 0.488281 0.169922 0.488281 0.171875 0.486328 0.171875 0.480469 0.169922 0.478516 0.167969 0.478516 0.166016 0.476562 0.166016 0.472656
0 0.035156 0.462891 0.035156 0.464844 0.031250 0.468750 0.031250 0.486328 0.033203 0.486328 0.039062 0.492188 0.039062 0.496094 0.041016 0.494141 0.041016 0.490234 0.039062 0.488281 0.039062 0.484375 0.041016 0.482422 0.048828 0.482422 0.048828 0.476562 0.044922 0.472656 0.044922 0.470703 0.042969 0.470703 0.041016 0.468750 0.041016 0.462891
0 0.017578 0.462891 0.015625 0.464844 0.015625 0.470703 0.017578 0.470703 0.019531 0.472656 0.025391 0.472656 0.027344 0.470703 0.027344 0.464844 0.025391 0.464844 0.023438 0.462891
0 0.310547 0.429688 0.310547 0.435547 0.312500 0.437500 0.316406 0.437500 0.320312 0.441406 0.328125 0.441406 0.328125 0.437500 0.324219 0.433594 0.318359 0.433594 0.314453 0.429688
0 0.289062 0.394531 0.287109 0.396484 0.287109 0.400391 0.289062 0.402344 0.289062 0.404297 0.291016 0.406250 0.291016 0.410156 0.292969 0.412109 0.294922 0.412109 0.296875 0.414062 0.296875 0.406250 0.294922 0.404297 0.294922 0.402344 0.291016 0.398438 0.291016 0.396484
0 0.142578 0.226562 0.142578 0.228516 0.144531 0.230469 0.144531 0.232422 0.142578 0.234375 0.140625 0.234375 0.138672 0.232422 0.128906 0.232422 0.128906 0.238281 0.130859 0.240234 0.132812 0.240234 0.136719 0.236328 0.138672 0.238281 0.144531 0.238281 0.146484 0.236328 0.148438 0.236328 0.148438 0.230469 0.146484 0.228516 0.146484 0.226562
0 0.050781 0.199219 0.050781 0.201172 0.046875 0.205078 0.044922 0.203125 0.039062 0.203125 0.037109 0.205078 0.035156 0.205078 0.035156 0.207031 0.037109 0.208984 0.037109 0.210938 0.039062 0.212891 0.039062 0.214844 0.042969 0.218750 0.046875 0.218750 0.046875 0.214844 0.044922 0.212891 0.044922 0.210938 0.046875 0.208984 0.048828 0.208984 0.050781 0.210938 0.054688 0.210938 0.054688 0.201172 0.052734 0.199219
0 0.158203 0.185547 0.154297 0.189453 0.152344 0.189453 0.152344 0.193359 0.150391 0.195312 0.150391 0.201172 0.152344 0.203125 0.156250 0.203125 0.158203 0.201172 0.160156 0.201172 0.164062 0.197266 0.164062 0.191406 0.162109 0.191406 0.160156 0.189453 0.160156 0.185547
0 0.068359 0.181641 0.068359 0.185547 0.066406 0.187500 0.066406 0.189453 0.072266 0.195312 0.078125 0.195312 0.080078 0.197266 0.080078 0.203125 0.083984 0.207031 0.083984 0.208984 0.085938 0.208984 0.087891 0.210938 0.095703 0.210938 0.099609 0.207031 0.101562 0.207031 0.105469 0.203125 0.107422 0.203125 0.109375 0.201172 0.113281 0.201172 0.113281 0.195312 0.111328 0.195312 0.109375 0.197266 0.107422 0.195312 0.107422 0.193359 0.103516 0.193359 0.101562 0.195312 0.093750 0.195312 0.091797 0.193359 0.091797 0.187500 0.089844 0.185547 0.087891 0.185547 0.085938 0.183594 0.080078 0.183594 0.078125 0.185547 0.076172 0.183594 0.074219 0.185547 0.072266 0.183594 0.072266 0.181641
0 0.955078 0.150391 0.955078 0.152344 0.953125 0.154297 0.953125 0.156250 0.957031 0.160156 0.964844 0.160156 0.964844 0.156250 0.962891 0.154297 0.962891 0.150391
0 0.052734 0.140625 0.052734 0.142578 0.050781 0.144531 0.050781 0.152344 0.052734 0.154297 0.058594 0.154297 0.060547 0.152344 0.062500 0.152344 0.064453 0.154297 0.066406 0.154297 0.068359 0.156250 0.074219 0.156250 0.074219 0.150391 0.072266 0.150391 0.070312 0.148438 0.068359 0.148438 0.066406 0.146484 0.066406 0.144531 0.064453 0.142578 0.064453 0.140625 0.060547 0.140625 0.058594 0.142578 0.056641 0.140625
0 0.121094 0.134766 0.121094 0.138672 0.119141 0.140625 0.119141 0.144531 0.121094 0.146484 0.125000 0.146484 0.126953 0.148438 0.128906 0.148438 0.130859 0.146484 0.132812 0.146484 0.134766 0.144531 0.134766 0.142578 0.136719 0.140625 0.134766 0.138672 0.134766 0.134766 0.132812 0.136719 0.126953 0.136719 0.125000 0.134766
0 0.111328 0.115234 0.109375 0.117188 0.107422 0.117188 0.101562 0.123047 0.101562 0.125000 0.095703 0.130859 0.095703 0.132812 0.093750 0.134766 0.091797 0.134766 0.091797 0.142578 0.095703 0.146484 0.097656 0.146484 0.099609 0.148438 0.099609 0.154297 0.103516 0.154297 0.105469 0.156250 0.113281 0.156250 0.113281 0.154297 0.111328 0.154297 0.109375 0.152344 0.109375 0.146484 0.113281 0.142578 0.113281 0.136719 0.115234 0.134766 0.115234 0.130859 0.113281 0.130859 0.111328 0.128906 0.111328 0.123047 0.113281 0.121094 0.117188 0.121094 0.117188 0.115234
0 0.150391 0.107422 0.146484 0.111328 0.144531 0.111328 0.144531 0.117188 0.140625 0.121094 0.140625 0.130859 0.144531 0.134766 0.150391 0.134766 0.150391 0.132812 0.156250 0.126953 0.156250 0.123047 0.160156 0.119141 0.162109 0.119141 0.164062 0.121094 0.166016 0.119141 0.169922 0.119141 0.169922 0.117188 0.164062 0.111328 0.162109 0.111328 0.160156 0.109375 0.158203 0.109375 0.156250 0.107422
0 0.000000 0.072266 0.000000 0.080078 0.001953 0.082031 0.003906 0.082031 0.005859 0.080078 0.005859 0.078125 0.003906 0.078125 0.001953 0.076172 0.001953 0.074219
0 0.054688 0.058594 0.052734 0.060547 0.050781 0.060547 0.044922 0.066406 0.041016 0.066406 0.039062 0.068359 0.037109 0.068359 0.033203 0.072266 0.031250 0.072266 0.031250 0.074219 0.029297 0.076172 0.027344 0.076172 0.027344 0.078125 0.023438 0.082031 0.023438 0.087891 0.025391 0.087891 0.027344 0.089844 0.027344 0.091797 0.025391 0.093750 0.019531 0.093750 0.017578 0.095703 0.017578 0.103516 0.015625 0.105469 0.013672 0.103516 0.007812 0.103516 0.007812 0.109375 0.009766 0.111328 0.011719 0.111328 0.013672 0.113281 0.023438 0.113281 0.025391 0.115234 0.023438 0.117188 0.023438 0.121094 0.025391 0.123047 0.025391 0.125000 0.027344 0.126953 0.029297 0.126953 0.031250 0.128906 0.031250 0.132812 0.041016 0.132812 0.042969 0.134766 0.048828 0.134766 0.048828 0.132812 0.052734 0.128906 0.054688 0.130859 0.060547 0.130859 0.066406 0.136719 0.076172 0.136719 0.076172 0.134766 0.080078 0.130859 0.080078 0.128906 0.082031 0.126953 0.082031 0.125000 0.083984 0.123047 0.083984 0.113281 0.085938 0.111328 0.085938 0.109375 0.087891 0.107422 0.089844 0.107422 0.089844 0.103516 0.083984 0.103516 0.080078 0.099609 0.082031 0.097656 0.091797 0.097656 0.091797 0.091797 0.089844 0.089844 0.089844 0.087891 0.085938 0.083984 0.085938 0.082031 0.082031 0.078125 0.080078 0.078125 0.078125 0.076172 0.078125 0.074219 0.074219 0.070312 0.068359 0.070312 0.066406 0.068359 0.062500 0.068359 0.060547 0.066406 0.060547 0.060547 0.058594 0.058594
0 0.718750 0.021484 0.718750 0.023438 0.720703 0.025391 0.718750 0.027344 0.712891 0.027344 0.712891 0.031250 0.720703 0.031250 0.724609 0.027344 0.726562 0.027344 0.726562 0.023438 0.724609 0.021484
0 0.796875 0.000000 0.796875 0.013672 0.800781 0.013672 0.800781 0.011719 0.798828 0.009766 0.798828 0.005859 0.800781 0.003906 0.800781 0.000000
0 0.285156 0.000000 0.285156 0.005859 0.287109 0.005859 0.289062 0.007812 0.291016 0.007812 0.292969 0.009766 0.292969 0.017578 0.291016 0.019531 0.289062 0.019531 0.289062 0.023438 0.296875 0.023438 0.298828 0.021484 0.302734 0.025391 0.308594 0.025391 0.310547 0.023438 0.312500 0.023438 0.312500 0.021484 0.314453 0.019531 0.314453 0.017578 0.316406 0.015625 0.318359 0.017578 0.320312 0.017578 0.324219 0.013672 0.324219 0.011719 0.328125 0.007812 0.330078 0.009766 0.330078 0.013672 0.335938 0.013672 0.337891 0.015625 0.337891 0.017578 0.339844 0.017578 0.341797 0.015625 0.345703 0.015625 0.347656 0.017578 0.347656 0.019531 0.353516 0.019531 0.359375 0.025391 0.359375 0.027344 0.361328 0.029297 0.369141 0.029297 0.371094 0.031250 0.371094 0.033203 0.373047 0.033203 0.375000 0.031250 0.376953 0.031250 0.380859 0.035156 0.380859 0.042969 0.386719 0.042969 0.388672 0.044922 0.390625 0.044922 0.392578 0.046875 0.394531 0.046875 0.396484 0.048828 0.396484 0.060547 0.394531 0.062500 0.390625 0.062500 0.390625 0.064453 0.388672 0.066406 0.388672 0.068359 0.386719 0.070312 0.382812 0.070312 0.380859 0.068359 0.380859 0.064453 0.378906 0.062500 0.378906 0.060547 0.376953 0.060547 0.375000 0.058594 0.367188 0.058594 0.363281 0.062500 0.361328 0.062500 0.361328 0.066406 0.359375 0.068359 0.357422 0.068359 0.355469 0.070312 0.353516 0.070312 0.351562 0.072266 0.349609 0.070312 0.349609 0.066406 0.347656 0.064453 0.345703 0.064453 0.343750 0.062500 0.343750 0.056641 0.341797 0.054688 0.341797 0.050781 0.339844 0.048828 0.332031 0.048828 0.328125 0.052734 0.324219 0.052734 0.320312 0.048828 0.318359 0.048828 0.316406 0.046875 0.314453 0.046875 0.312500 0.044922 0.304688 0.044922 0.304688 0.046875 0.302734 0.048828 0.296875 0.042969 0.296875 0.041016 0.292969 0.037109 0.292969 0.031250 0.291016 0.031250 0.291016 0.033203 0.287109 0.037109 0.285156 0.037109 0.285156 0.050781 0.281250 0.054688 0.279297 0.054688 0.275391 0.058594 0.273438 0.058594 0.269531 0.062500 0.267578 0.062500 0.267578 0.070312 0.269531 0.072266 0.269531 0.074219 0.267578 0.076172 0.265625 0.076172 0.263672 0.078125 0.263672 0.087891 0.265625 0.089844 0.267578 0.089844 0.269531 0.091797 0.269531 0.093750 0.271484 0.095703 0.271484 0.097656 0.273438 0.099609 0.273438 0.103516 0.277344 0.103516 0.279297 0.105469 0.281250 0.105469 0.285156 0.109375 0.285156 0.111328 0.281250 0.115234 0.279297 0.115234 0.277344 0.117188 0.277344 0.119141 0.273438 0.123047 0.269531 0.123047 0.269531 0.128906 0.271484 0.128906 0.275391 0.132812 0.275391 0.142578 0.273438 0.144531 0.273438 0.146484 0.275391 0.146484 0.277344 0.148438 0.277344 0.154297 0.275391 0.156250 0.267578 0.156250 0.265625 0.158203 0.263672 0.158203 0.263672 0.160156 0.259766 0.164062 0.257812 0.164062 0.257812 0.166016 0.255859 0.167969 0.255859 0.171875 0.253906 0.173828 0.250000 0.173828 0.248047 0.171875 0.238281 0.171875 0.236328 0.169922 0.236328 0.167969 0.234375 0.166016 0.228516 0.166016 0.226562 0.164062 0.224609 0.164062 0.222656 0.166016 0.216797 0.166016 0.214844 0.167969 0.203125 0.167969 0.203125 0.169922 0.205078 0.171875 0.205078 0.173828 0.207031 0.175781 0.207031 0.177734 0.208984 0.177734 0.210938 0.179688 0.210938 0.181641 0.218750 0.181641 0.220703 0.183594 0.222656 0.183594 0.224609 0.185547 0.226562 0.185547 0.228516 0.187500 0.230469 0.187500 0.232422 0.189453 0.232422 0.193359 0.234375 0.193359 0.238281 0.197266 0.248047 0.197266 0.251953 0.193359 0.255859 0.193359 0.259766 0.197266 0.259766 0.199219 0.257812 0.201172 0.253906 0.201172 0.253906 0.203125 0.251953 0.205078 0.246094 0.205078 0.244141 0.207031 0.244141 0.212891 0.246094 0.214844 0.246094 0.216797 0.240234 0.222656 0.238281 0.220703 0.234375 0.220703 0.230469 0.216797 0.230469 0.214844 0.228516 0.214844 0.226562 0.212891 0.224609 0.212891 0.222656 0.210938 0.222656 0.208984 0.220703 0.207031 0.220703 0.205078 0.216797 0.201172 0.216797 0.199219 0.214844 0.197266 0.214844 0.193359 0.212891 0.191406 0.210938 0.191406 0.208984 0.189453 0.207031 0.189453 0.203125 0.185547 0.203125 0.183594 0.201172 0.183594 0.199219 0.181641 0.197266 0.181641 0.191406 0.187500 0.189453 0.187500 0.187500 0.189453 0.185547 0.189453 0.183594 0.187500 0.183594 0.183594 0.185547 0.181641 0.189453 0.181641 0.189453 0.175781 0.187500 0.175781 0.185547 0.173828 0.187500 0.171875 0.191406 0.171875 0.191406 0.169922 0.187500 0.166016 0.181641 0.166016 0.179688 0.167969 0.179688 0.175781 0.175781 0.179688 0.175781 0.183594 0.173828 0.185547 0.167969 0.185547 0.167969 0.189453 0.169922 0.189453 0.171875 0.191406 0.171875 0.197266 0.169922 0.199219 0.169922 0.201172 0.164062 0.207031 0.164062 0.210938 0.160156 0.214844 0.160156 0.216797 0.154297 0.222656 0.152344 0.222656 0.152344 0.232422 0.154297 0.234375 0.156250 0.234375 0.160156 0.238281 0.158203 0.240234 0.158203 0.244141 0.160156 0.244141 0.166016 0.250000 0.166016 0.251953 0.164062 0.253906 0.162109 0.253906 0.160156 0.251953 0.158203 0.251953 0.156250 0.253906 0.156250 0.255859 0.158203 0.257812 0.158203 0.259766 0.162109 0.263672 0.160156 0.265625 0.158203 0.265625 0.158203 0.267578 0.156250 0.269531 0.156250 0.271484 0.160156 0.271484 0.164062 0.275391 0.164062 0.279297 0.167969 0.283203 0.166016 0.285156 0.160156 0.285156 0.154297 0.279297 0.154297 0.277344 0.152344 0.275391 0.152344 0.273438 0.150391 0.273438 0.148438 0.271484 0.148438 0.269531 0.140625 0.261719 0.140625 0.259766 0.138672 0.257812 0.138672 0.253906 0.136719 0.251953 0.136719 0.250000 0.130859 0.250000 0.128906 0.248047 0.128906 0.244141 0.125000 0.240234 0.123047 0.240234 0.119141 0.236328 0.119141 0.232422 0.121094 0.230469 0.125000 0.230469 0.132812 0.222656 0.138672 0.222656 0.140625 0.220703 0.140625 0.218750 0.138672 0.218750 0.136719 0.216797 0.140625 0.212891 0.142578 0.212891 0.142578 0.207031 0.140625 0.205078 0.138672 0.205078 0.136719 0.207031 0.134766 0.205078 0.130859 0.205078 0.128906 0.203125 0.134766 0.197266 0.134766 0.191406 0.130859 0.191406 0.126953 0.195312 0.123047 0.195312 0.119141 0.199219 0.117188 0.199219 0.117188 0.212891 0.115234 0.214844 0.115234 0.216797 0.113281 0.218750 0.109375 0.218750 0.107422 0.216797 0.107422 0.214844 0.105469 0.214844 0.105469 0.220703 0.103516 0.222656 0.101562 0.220703 0.095703 0.220703 0.093750 0.222656 0.076172 0.222656 0.074219 0.224609 0.074219 0.226562 0.070312 0.230469 0.068359 0.230469 0.064453 0.234375 0.062500 0.234375 0.060547 0.236328 0.058594 0.236328 0.056641 0.238281 0.054688 0.238281 0.054688 0.240234 0.050781 0.244141 0.050781 0.253906 0.052734 0.255859 0.052734 0.257812 0.048828 0.261719 0.048828 0.263672 0.044922 0.267578 0.039062 0.267578 0.037109 0.265625 0.033203 0.265625 0.031250 0.267578 0.027344 0.267578 0.025391 0.265625 0.019531 0.265625 0.017578 0.263672 0.017578 0.261719 0.019531 0.259766 0.021484 0.259766 0.023438 0.257812 0.023438 0.255859 0.025391 0.253906 0.027344 0.255859 0.029297 0.255859 0.031250 0.257812 0.033203 0.257812 0.035156 0.259766 0.037109 0.259766 0.037109 0.257812 0.039062 0.255859 0.039062 0.251953 0.042969 0.248047 0.042969 0.246094 0.037109 0.246094 0.033203 0.250000 0.031250 0.248047 0.031250 0.244141 0.027344 0.240234 0.019531 0.240234 0.019531 0.242188 0.021484 0.244141 0.019531 0.246094 0.013672 0.246094 0.011719 0.248047 0.007812 0.248047 0.007812 0.250000 0.003906 0.253906 0.003906 0.255859 0.001953 0.257812 0.000000 0.257812 0.000000 0.275391 0.007812 0.275391 0.009766 0.277344 0.009766 0.279297 0.007812 0.281250 0.001953 0.281250 0.001953 0.285156 0.003906 0.287109 0.000000 0.291016 0.000000 0.363281 0.009766 0.363281 0.011719 0.365234 0.009766 0.367188 0.009766 0.373047 0.007812 0.375000 0.001953 0.375000 0.000000 0.376953 0.000000 0.386719 0.001953 0.388672 0.001953 0.392578 0.005859 0.396484 0.007812 0.396484 0.011719 0.400391 0.009766 0.402344 0.005859 0.402344 0.003906 0.400391 0.000000 0.400391 0.000000 0.410156 0.003906 0.414062 0.001953 0.416016 0.001953 0.423828 0.003906 0.425781 0.005859 0.425781 0.011719 0.431641 0.011719 0.443359 0.009766 0.445312 0.009766 0.447266 0.011719 0.447266 0.013672 0.449219 0.017578 0.445312 0.019531 0.445312 0.021484 0.443359 0.027344 0.443359 0.031250 0.447266 0.031250 0.449219 0.035156 0.449219 0.039062 0.445312 0.048828 0.445312 0.052734 0.449219 0.058594 0.449219 0.060547 0.447266 0.060547 0.445312 0.062500 0.443359 0.066406 0.447266 0.074219 0.447266 0.076172 0.445312 0.078125 0.447266 0.085938 0.447266 0.093750 0.439453 0.095703 0.441406 0.095703 0.443359 0.101562 0.449219 0.103516 0.449219 0.105469 0.447266 0.105469 0.445312 0.107422 0.443359 0.113281 0.443359 0.115234 0.445312 0.115234 0.460938 0.113281 0.462891 0.111328 0.462891 0.109375 0.464844 0.109375 0.470703 0.107422 0.472656 0.105469 0.472656 0.101562 0.476562 0.101562 0.486328 0.103516 0.488281 0.103516 0.496094 0.105469 0.498047 0.107422 0.498047 0.113281 0.503906 0.113281 0.505859 0.117188 0.505859 0.119141 0.507812 0.121094 0.507812 0.121094 0.503906 0.119141 0.501953 0.119141 0.494141 0.126953 0.486328 0.128906 0.488281 0.132812 0.488281 0.134766 0.490234 0.134766 0.492188 0.136719 0.494141 0.138672 0.494141 0.140625 0.496094 0.142578 0.496094 0.144531 0.494141 0.146484 0.494141 0.146484 0.490234 0.148438 0.488281 0.158203 0.488281 0.158203 0.482422 0.156250 0.480469 0.156250 0.478516 0.154297 0.476562 0.154297 0.474609 0.152344 0.472656 0.152344 0.468750 0.150391 0.466797 0.150391 0.464844 0.152344 0.462891 0.162109 0.462891 0.164062 0.464844 0.166016 0.464844 0.167969 0.466797 0.167969 0.468750 0.177734 0.478516 0.181641 0.478516 0.183594 0.480469 0.183594 0.484375 0.185547 0.484375 0.187500 0.486328 0.187500 0.492188 0.189453 0.494141 0.189453 0.496094 0.195312 0.501953 0.210938 0.501953 0.212891 0.500000 0.216797 0.500000 0.216797 0.492188 0.214844 0.490234 0.214844 0.488281 0.212891 0.486328 0.212891 0.482422 0.208984 0.478516 0.208984 0.470703 0.210938 0.468750 0.214844 0.468750 0.220703 0.474609 0.220703 0.476562 0.222656 0.476562 0.224609 0.478516 0.224609 0.480469 0.228516 0.480469 0.230469 0.482422 0.234375 0.482422 0.236328 0.480469 0.240234 0.480469 0.240234 0.478516 0.242188 0.476562 0.244141 0.476562 0.246094 0.474609 0.248047 0.474609 0.250000 0.476562 0.259766 0.476562 0.261719 0.478516 0.263672 0.478516 0.265625 0.476562 0.267578 0.476562 0.271484 0.472656 0.279297 0.480469 0.283203 0.480469 0.285156 0.482422 0.296875 0.482422 0.298828 0.480469 0.302734 0.480469 0.302734 0.478516 0.304688 0.476562 0.312500 0.476562 0.314453 0.474609 0.316406 0.476562 0.316406 0.480469 0.318359 0.482422 0.320312 0.482422 0.320312 0.478516 0.322266 0.476562 0.326172 0.476562 0.328125 0.474609 0.328125 0.470703 0.326172 0.468750 0.326172 0.464844 0.324219 0.464844 0.322266 0.462891 0.322266 0.460938 0.320312 0.460938 0.318359 0.458984 0.318359 0.453125 0.316406 0.453125 0.314453 0.455078 0.310547 0.455078 0.308594 0.453125 0.308594 0.451172 0.300781 0.443359 0.300781 0.439453 0.292969 0.439453 0.292969 0.443359 0.291016 0.445312 0.289062 0.445312 0.287109 0.443359 0.287109 0.441406 0.283203 0.441406 0.283203 0.443359 0.275391 0.451172 0.275391 0.453125 0.273438 0.455078 0.269531 0.451172 0.269531 0.449219 0.259766 0.449219 0.257812 0.447266 0.257812 0.445312 0.255859 0.443359 0.255859 0.439453 0.253906 0.437500 0.253906 0.435547 0.251953 0.433594 0.251953 0.427734 0.253906 0.425781 0.255859 0.425781 0.255859 0.423828 0.253906 0.421875 0.253906 0.416016 0.259766 0.410156 0.257812 0.408203 0.257812 0.402344 0.255859 0.400391 0.255859 0.396484 0.253906 0.394531 0.253906 0.388672 0.246094 0.380859 0.248047 0.378906 0.250000 0.378906 0.251953 0.376953 0.251953 0.371094 0.255859 0.367188 0.271484 0.367188 0.271484 0.363281 0.273438 0.361328 0.275391 0.361328 0.279297 0.365234 0.285156 0.365234 0.285156 0.363281 0.291016 0.357422 0.291016 0.351562 0.287109 0.347656 0.287109 0.343750 0.283203 0.343750 0.281250 0.345703 0.279297 0.343750 0.279297 0.339844 0.277344 0.337891 0.273438 0.337891 0.269531 0.333984 0.269531 0.332031 0.267578 0.330078 0.267578 0.328125 0.269531 0.326172 0.273438 0.326172 0.275391 0.328125 0.277344 0.328125 0.279297 0.326172 0.285156 0.326172 0.285156 0.322266 0.287109 0.320312 0.287109 0.314453 0.289062 0.312500 0.291016 0.312500 0.291016 0.310547 0.294922 0.306641 0.294922 0.304688 0.296875 0.302734 0.298828 0.302734 0.300781 0.304688 0.300781 0.306641 0.302734 0.308594 0.300781 0.310547 0.298828 0.310547 0.298828 0.318359 0.296875 0.320312 0.294922 0.320312 0.296875 0.322266 0.296875 0.324219 0.306641 0.324219 0.308594 0.326172 0.308594 0.337891 0.314453 0.337891 0.316406 0.339844 0.314453 0.341797 0.314453 0.345703 0.308594 0.351562 0.306641 0.351562 0.302734 0.355469 0.302734 0.357422 0.300781 0.359375 0.300781 0.363281 0.298828 0.365234 0.298828 0.367188 0.294922 0.371094 0.292969 0.371094 0.289062 0.375000 0.287109 0.375000 0.287109 0.382812 0.289062 0.384766 0.289062 0.386719 0.291016 0.388672 0.292969 0.388672 0.294922 0.390625 0.294922 0.392578 0.304688 0.402344 0.306641 0.402344 0.308594 0.404297 0.306641 0.406250 0.306641 0.412109 0.308594 0.414062 0.316406 0.414062 0.318359 0.412109 0.318359 0.410156 0.322266 0.406250 0.324219 0.406250 0.326172 0.408203 0.332031 0.408203 0.333984 0.410156 0.332031 0.412109 0.330078 0.412109 0.330078 0.416016 0.328125 0.417969 0.324219 0.417969 0.320312 0.421875 0.318359 0.421875 0.318359 0.427734 0.320312 0.429688 0.326172 0.429688 0.328125 0.427734 0.330078 0.427734 0.330078 0.421875 0.328125 0.419922 0.328125 0.417969 0.330078 0.416016 0.335938 0.416016 0.337891 0.414062 0.339844 0.414062 0.341797 0.412109 0.341797 0.410156 0.339844 0.408203 0.339844 0.402344 0.333984 0.402344 0.332031 0.400391 0.332031 0.396484 0.333984 0.394531 0.335938 0.394531 0.339844 0.390625 0.339844 0.384766 0.341797 0.382812 0.341797 0.369141 0.339844 0.369141 0.337891 0.367188 0.337891 0.359375 0.339844 0.357422 0.337891 0.357422 0.335938 0.355469 0.335938 0.351562 0.332031 0.347656 0.332031 0.333984 0.328125 0.330078 0.328125 0.328125 0.326172 0.326172 0.333984 0.318359 0.341797 0.318359 0.343750 0.316406 0.343750 0.314453 0.351562 0.306641 0.357422 0.306641 0.359375 0.308594 0.359375 0.310547 0.363281 0.314453 0.363281 0.316406 0.369141 0.322266 0.380859 0.322266 0.380859 0.318359 0.382812 0.316406 0.382812 0.312500 0.386719 0.308594 0.388672 0.308594 0.388672 0.306641 0.390625 0.304688 0.392578 0.304688 0.392578 0.300781 0.394531 0.298828 0.396484 0.298828 0.394531 0.298828 0.390625 0.294922 0.392578 0.292969 0.392578 0.291016 0.396484 0.287109 0.398438 0.287109 0.404297 0.281250 0.406250 0.281250 0.410156 0.277344 0.412109 0.277344 0.414062 0.275391 0.417969 0.275391 0.419922 0.273438 0.419922 0.269531 0.417969 0.269531 0.416016 0.267578 0.417969 0.265625 0.419922 0.265625 0.421875 0.263672 0.421875 0.259766 0.423828 0.257812 0.423828 0.250000 0.425781 0.248047 0.425781 0.246094 0.427734 0.244141 0.429688 0.244141 0.437500 0.251953 0.439453 0.251953 0.441406 0.253906 0.443359 0.253906 0.447266 0.257812 0.451172 0.257812 0.453125 0.259766 0.455078 0.259766 0.457031 0.261719 0.457031 0.263672 0.458984 0.261719 0.460938 0.263672 0.466797 0.257812 0.470703 0.257812 0.472656 0.259766 0.472656 0.269531 0.464844 0.277344 0.462891 0.277344 0.460938 0.279297 0.455078 0.279297 0.453125 0.277344 0.447266 0.277344 0.441406 0.283203 0.435547 0.283203 0.435547 0.285156 0.437500 0.287109 0.437500 0.289062 0.439453 0.291016 0.439453 0.294922 0.437500 0.296875 0.433594 0.296875 0.429688 0.300781 0.425781 0.300781 0.419922 0.294922 0.419922 0.291016 0.416016 0.291016 0.414062 0.292969 0.414062 0.296875 0.408203 0.302734 0.404297 0.302734 0.404297 0.306641 0.408203 0.310547 0.406250 0.312500 0.406250 0.316406 0.408203 0.318359 0.408203 0.322266 0.410156 0.324219 0.410156 0.326172 0.412109 0.328125 0.412109 0.330078 0.410156 0.332031 0.410156 0.337891 0.412109 0.337891 0.416016 0.341797 0.416016 0.349609 0.414062 0.351562 0.414062 0.357422 0.410156 0.361328 0.408203 0.361328 0.406250 0.363281 0.406250 0.365234 0.404297 0.367188 0.398438 0.367188 0.398438 0.373047 0.396484 0.375000 0.392578 0.371094 0.392578 0.365234 0.390625 0.363281 0.390625 0.361328 0.386719 0.357422 0.384766 0.357422 0.380859 0.361328 0.380859 0.367188 0.384766 0.371094 0.384766 0.382812 0.382812 0.384766 0.378906 0.384766 0.376953 0.386719 0.376953 0.390625 0.375000 0.392578 0.375000 0.396484 0.380859 0.396484 0.384766 0.392578 0.384766 0.390625 0.386719 0.388672 0.388672 0.390625 0.390625 0.390625 0.394531 0.394531 0.400391 0.394531 0.402344 0.392578 0.404297 0.392578 0.406250 0.394531 0.406250 0.396484 0.408203 0.396484 0.412109 0.400391 0.406250 0.406250 0.394531 0.406250 0.394531 0.408203 0.390625 0.412109 0.388672 0.412109 0.384766 0.408203 0.375000 0.408203 0.375000 0.412109 0.378906 0.416016 0.376953 0.417969 0.376953 0.423828 0.378906 0.421875 0.382812 0.421875 0.386719 0.417969 0.390625 0.417969 0.392578 0.416016 0.394531 0.416016 0.398438 0.419922 0.398438 0.421875 0.400391 0.423828 0.398438 0.425781 0.388672 0.425781 0.386719 0.427734 0.378906 0.427734 0.376953 0.429688 0.375000 0.429688 0.373047 0.427734 0.373047 0.425781 0.369141 0.421875 0.363281 0.421875 0.357422 0.427734 0.351562 0.427734 0.351562 0.435547 0.355469 0.435547 0.357422 0.437500 0.357422 0.443359 0.355469 0.445312 0.355469 0.449219 0.353516 0.451172 0.347656 0.451172 0.345703 0.449219 0.341797 0.453125 0.335938 0.453125 0.333984 0.451172 0.333984 0.449219 0.330078 0.453125 0.328125 0.453125 0.328125 0.457031 0.335938 0.464844 0.335938 0.466797 0.337891 0.468750 0.337891 0.474609 0.341797 0.474609 0.343750 0.476562 0.349609 0.476562 0.351562 0.478516 0.353516 0.478516 0.355469 0.480469 0.361328 0.480469 0.363281 0.482422 0.363281 0.486328 0.365234 0.488281 0.369141 0.488281 0.371094 0.490234 0.369141 0.492188 0.369141 0.496094 0.371094 0.498047 0.376953 0.498047 0.378906 0.500000 0.384766 0.500000 0.388672 0.496094 0.394531 0.501953 0.400391 0.501953 0.404297 0.498047 0.406250 0.500000 0.410156 0.500000 0.410156 0.494141 0.408203 0.494141 0.406250 0.492188 0.412109 0.486328 0.416016 0.486328 0.417969 0.488281 0.419922 0.488281 0.421875 0.486328 0.425781 0.486328 0.427734 0.488281 0.431641 0.484375 0.433594 0.484375 0.435547 0.486328 0.437500 0.486328 0.439453 0.488281 0.441406 0.488281 0.443359 0.486328 0.445312 0.486328 0.447266 0.488281 0.443359 0.492188 0.443359 0.496094 0.451172 0.496094 0.457031 0.501953 0.457031 0.511719 0.458984 0.511719 0.460938 0.513672 0.462891 0.513672 0.464844 0.511719 0.468750 0.511719 0.472656 0.515625 0.474609 0.515625 0.476562 0.517578 0.476562 0.523438 0.474609 0.525391 0.470703 0.525391 0.468750 0.523438 0.468750 0.529297 0.466797 0.531250 0.466797 0.541016 0.464844 0.542969 0.464844 0.544922 0.462891 0.546875 0.458984 0.546875 0.458984 0.550781 0.457031 0.552734 0.457031 0.554688 0.455078 0.556641 0.453125 0.556641 0.451172 0.558594 0.447266 0.558594 0.447266 0.566406 0.449219 0.568359 0.449219 0.570312 0.453125 0.574219 0.453125 0.576172 0.455078 0.578125 0.455078 0.580078 0.457031 0.582031 0.462891 0.582031 0.464844 0.583984 0.464844 0.585938 0.472656 0.593750 0.474609 0.593750 0.476562 0.595703 0.480469 0.595703 0.482422 0.597656 0.484375 0.597656 0.486328 0.599609 0.486328 0.601562 0.488281 0.603516 0.490234 0.603516 0.492188 0.605469 0.492188 0.611328 0.496094 0.611328 0.498047 0.609375 0.498047 0.607422 0.500000 0.605469 0.503906 0.605469 0.505859 0.607422 0.505859 0.603516 0.509766 0.599609 0.511719 0.601562 0.511719 0.613281 0.513672 0.615234 0.517578 0.615234 0.519531 0.617188 0.519531 0.619141 0.521484 0.621094 0.521484 0.626953 0.523438 0.628906 0.531250 0.628906 0.533203 0.630859 0.535156 0.630859 0.537109 0.632812 0.537109 0.634766 0.542969 0.640625 0.542969 0.644531 0.544922 0.644531 0.546875 0.642578 0.556641 0.642578 0.562500 0.636719 0.568359 0.636719 0.570312 0.638672 0.572266 0.638672 0.572266 0.636719 0.574219 0.634766 0.576172 0.634766 0.578125 0.632812 0.580078 0.632812 0.585938 0.626953 0.591797 0.632812 0.591797 0.634766 0.593750 0.636719 0.595703 0.636719 0.597656 0.638672 0.597656 0.640625 0.599609 0.640625 0.601562 0.642578 0.605469 0.642578 0.609375 0.646484 0.609375 0.650391 0.613281 0.654297 0.623047 0.654297 0.628906 0.660156 0.628906 0.658203 0.630859 0.656250 0.634766 0.656250 0.634766 0.652344 0.632812 0.652344 0.628906 0.648438 0.628906 0.644531 0.634766 0.638672 0.634766 0.636719 0.636719 0.634766 0.638672 0.634766 0.640625 0.632812 0.640625 0.628906 0.642578 0.626953 0.642578 0.621094 0.644531 0.619141 0.644531 0.617188 0.646484 0.615234 0.652344 0.615234 0.656250 0.619141 0.654297 0.621094 0.654297 0.638672 0.646484 0.646484 0.640625 0.646484 0.640625 0.652344 0.642578 0.654297 0.642578 0.656250 0.650391 0.664062 0.654297 0.664062 0.656250 0.662109 0.664062 0.662109 0.664062 0.660156 0.669922 0.654297 0.669922 0.652344 0.671875 0.650391 0.675781 0.654297 0.675781 0.667969 0.677734 0.669922 0.685547 0.669922 0.687500 0.671875 0.687500 0.673828 0.689453 0.675781 0.689453 0.683594 0.685547 0.687500 0.675781 0.687500 0.673828 0.685547 0.671875 0.685547 0.667969 0.689453 0.667969 0.691406 0.666016 0.693359 0.666016 0.699219 0.667969 0.701172 0.664062 0.705078 0.660156 0.705078 0.658203 0.703125 0.660156 0.701172 0.662109 0.701172 0.662109 0.695312 0.660156 0.695312 0.658203 0.697266 0.656250 0.697266 0.656250 0.701172 0.658203 0.703125 0.656250 0.705078 0.650391 0.705078 0.650391 0.708984 0.648438 0.710938 0.646484 0.710938 0.644531 0.708984 0.644531 0.707031 0.640625 0.703125 0.638672 0.703125 0.634766 0.699219 0.628906 0.699219 0.623047 0.705078 0.619141 0.705078 0.617188 0.703125 0.607422 0.703125 0.601562 0.697266 0.601562 0.695312 0.597656 0.695312 0.597656 0.703125 0.599609 0.705078 0.597656 0.707031 0.597656 0.708984 0.595703 0.710938 0.591797 0.710938 0.589844 0.708984 0.580078 0.708984 0.578125 0.707031 0.578125 0.701172 0.576172 0.699219 0.568359 0.699219 0.568359 0.705078 0.566406 0.707031 0.562500 0.703125 0.560547 0.703125 0.556641 0.699219 0.554688 0.699219 0.552734 0.697266 0.552734 0.691406 0.548828 0.691406 0.548828 0.693359 0.544922 0.697266 0.542969 0.697266 0.539062 0.701172 0.539062 0.703125 0.541016 0.705078 0.541016 0.708984 0.539062 0.710938 0.537109 0.710938 0.533203 0.707031 0.529297 0.707031 0.525391 0.710938 0.523438 0.710938 0.521484 0.708984 0.505859 0.708984 0.503906 0.710938 0.501953 0.710938 0.498047 0.714844 0.494141 0.714844 0.490234 0.718750 0.486328 0.718750 0.478516 0.726562 0.478516 0.732422 0.474609 0.736328 0.472656 0.736328 0.466797 0.742188 0.466797 0.744141 0.464844 0.746094 0.451172 0.746094 0.451172 0.748047 0.453125 0.750000 0.457031 0.750000 0.458984 0.751953 0.460938 0.751953 0.464844 0.755859 0.472656 0.755859 0.474609 0.757812 0.474609 0.759766 0.478516 0.759766 0.480469 0.761719 0.480469 0.763672 0.478516 0.765625 0.484375 0.765625 0.488281 0.769531 0.488281 0.771484 0.490234 0.771484 0.492188 0.769531 0.498047 0.769531 0.500000 0.771484 0.500000 0.773438 0.501953 0.775391 0.507812 0.775391 0.507812 0.773438 0.511719 0.769531 0.523438 0.769531 0.527344 0.765625 0.529297 0.765625 0.533203 0.769531 0.533203 0.771484 0.535156 0.773438 0.535156 0.775391 0.539062 0.779297 0.554688 0.779297 0.556641 0.777344 0.558594 0.779297 0.558594 0.783203 0.564453 0.783203 0.570312 0.789062 0.570312 0.792969 0.572266 0.794922 0.572266 0.796875 0.574219 0.798828 0.580078 0.798828 0.580078 0.785156 0.582031 0.783203 0.582031 0.777344 0.578125 0.777344 0.576172 0.775391 0.574219 0.775391 0.570312 0.771484 0.568359 0.771484 0.566406 0.769531 0.566406 0.767578 0.564453 0.767578 0.562500 0.765625 0.558594 0.765625 0.556641 0.763672 0.552734 0.763672 0.550781 0.761719 0.550781 0.759766 0.556641 0.753906 0.562500 0.753906 0.564453 0.751953 0.566406 0.751953 0.568359 0.750000 0.570312 0.751953 0.572266 0.751953 0.578125 0.757812 0.583984 0.757812 0.585938 0.759766 0.587891 0.759766 0.589844 0.761719 0.597656 0.761719 0.597656 0.751953 0.599609 0.750000 0.605469 0.750000 0.607422 0.748047 0.607422 0.746094 0.611328 0.742188 0.625000 0.742188 0.626953 0.744141 0.626953 0.748047 0.628906 0.750000 0.628906 0.751953 0.636719 0.751953 0.636719 0.750000 0.638672 0.748047 0.673828 0.748047 0.679688 0.742188 0.679688 0.738281 0.681641 0.736328 0.683594 0.736328 0.687500 0.740234 0.691406 0.740234 0.699219 0.732422 0.701172 0.734375 0.701172 0.736328 0.703125 0.736328 0.705078 0.738281 0.705078 0.740234 0.707031 0.742188 0.708984 0.742188 0.708984 0.738281 0.710938 0.736328 0.710938 0.734375 0.712891 0.732422 0.712891 0.730469 0.714844 0.728516 0.714844 0.724609 0.712891 0.722656 0.710938 0.722656 0.705078 0.716797 0.701172 0.716797 0.699219 0.714844 0.699219 0.712891 0.701172 0.710938 0.701172 0.705078 0.703125 0.703125 0.705078 0.705078 0.707031 0.705078 0.708984 0.707031 0.710938 0.707031 0.712891 0.708984 0.716797 0.708984 0.718750 0.707031 0.720703 0.708984 0.726562 0.708984 0.730469 0.712891 0.730469 0.714844 0.732422 0.716797 0.738281 0.716797 0.740234 0.718750 0.740234 0.722656 0.742188 0.724609 0.740234 0.726562 0.738281 0.726562 0.736328 0.728516 0.736328 0.734375 0.738281 0.736328 0.738281 0.738281 0.746094 0.746094 0.748047 0.746094 0.750000 0.744141 0.750000 0.736328 0.748047 0.734375 0.748047 0.718750 0.750000 0.716797 0.750000 0.714844 0.751953 0.712891 0.751953 0.708984 0.748047 0.708984 0.744141 0.705078 0.744141 0.703125 0.746094 0.701172 0.751953 0.701172 0.757812 0.695312 0.757812 0.689453 0.761719 0.685547 0.763672 0.685547 0.763672 0.683594 0.757812 0.683594 0.755859 0.681641 0.753906 0.681641 0.751953 0.683594 0.750000 0.681641 0.750000 0.679688 0.748047 0.677734 0.748047 0.671875 0.744141 0.667969 0.734375 0.667969 0.732422 0.666016 0.732422 0.664062 0.734375 0.662109 0.736328 0.662109 0.738281 0.660156 0.740234 0.660156 0.744141 0.656250 0.746094 0.656250 0.748047 0.658203 0.750000 0.658203 0.751953 0.660156 0.755859 0.660156 0.757812 0.658203 0.759766 0.658203 0.761719 0.656250 0.761719 0.652344 0.763672 0.650391 0.773438 0.650391 0.777344 0.646484 0.777344 0.644531 0.781250 0.640625 0.785156 0.640625 0.787109 0.638672 0.796875 0.638672 0.798828 0.640625 0.798828 0.642578 0.802734 0.646484 0.806641 0.646484 0.810547 0.650391 0.814453 0.650391 0.818359 0.654297 0.818359 0.656250 0.816406 0.658203 0.816406 0.664062 0.820312 0.667969 0.820312 0.671875 0.824219 0.675781 0.824219 0.681641 0.826172 0.683594 0.826172 0.689453 0.820312 0.695312 0.820312 0.697266 0.822266 0.699219 0.822266 0.701172 0.820312 0.703125 0.816406 0.703125 0.812500 0.699219 0.812500 0.701172 0.810547 0.703125 0.808594 0.703125 0.808594 0.705078 0.806641 0.707031 0.808594 0.708984 0.808594 0.710938 0.810547 0.712891 0.812500 0.712891 0.818359 0.718750 0.818359 0.720703 0.816406 0.722656 0.816406 0.726562 0.818359 0.726562 0.820312 0.728516 0.820312 0.730469 0.822266 0.732422 0.822266 0.734375 0.832031 0.734375 0.833984 0.732422 0.837891 0.736328 0.835938 0.738281 0.835938 0.740234 0.833984 0.742188 0.830078 0.742188 0.828125 0.740234 0.826172 0.740234 0.824219 0.742188 0.814453 0.742188 0.812500 0.740234 0.810547 0.740234 0.808594 0.742188 0.804688 0.742188 0.800781 0.746094 0.798828 0.746094 0.796875 0.748047 0.794922 0.746094 0.794922 0.744141 0.796875 0.742188 0.794922 0.740234 0.794922 0.726562 0.791016 0.722656 0.787109 0.722656 0.787109 0.724609 0.783203 0.728516 0.781250 0.726562 0.773438 0.726562 0.771484 0.728516 0.771484 0.732422 0.773438 0.734375 0.773438 0.736328 0.775391 0.738281 0.775391 0.740234 0.773438 0.742188 0.765625 0.742188 0.763672 0.744141 0.761719 0.744141 0.759766 0.746094 0.755859 0.746094 0.755859 0.748047 0.751953 0.751953 0.750000 0.750000 0.746094 0.750000 0.746094 0.751953 0.748047 0.753906 0.748047 0.755859 0.750000 0.757812 0.751953 0.757812 0.753906 0.759766 0.757812 0.759766 0.761719 0.763672 0.759766 0.765625 0.750000 0.765625 0.750000 0.769531 0.759766 0.779297 0.763672 0.779297 0.765625 0.777344 0.767578 0.777344 0.769531 0.779297 0.769531 0.783203 0.767578 0.785156 0.765625 0.785156 0.763672 0.787109 0.761719 0.787109 0.759766 0.785156 0.751953 0.785156 0.748047 0.789062 0.744141 0.785156 0.742188 0.785156 0.742188 0.794922 0.740234 0.796875 0.736328 0.796875 0.736328 0.802734 0.738281 0.804688 0.738281 0.806641 0.736328 0.808594 0.740234 0.812500 0.740234 0.818359 0.744141 0.822266 0.744141 0.826172 0.748047 0.826172 0.750000 0.828125 0.750000 0.830078 0.753906 0.833984 0.755859 0.833984 0.757812 0.835938 0.757812 0.843750 0.759766 0.843750 0.763672 0.847656 0.763672 0.849609 0.765625 0.851562 0.765625 0.853516 0.767578 0.855469 0.767578 0.857422 0.769531 0.859375 0.769531 0.861328 0.771484 0.863281 0.773438 0.863281 0.775391 0.865234 0.775391 0.867188 0.777344 0.869141 0.779297 0.869141 0.781250 0.871094 0.783203 0.871094 0.785156 0.873047 0.785156 0.876953 0.777344 0.884766 0.777344 0.886719 0.773438 0.890625 0.773438 0.892578 0.775391 0.892578 0.779297 0.896484 0.779297 0.902344 0.781250 0.904297 0.791016 0.904297 0.792969 0.902344 0.794922 0.904297 0.794922 0.906250 0.796875 0.906250 0.798828 0.908203 0.800781 0.908203 0.802734 0.910156 0.810547 0.910156 0.812500 0.908203 0.814453 0.908203 0.816406 0.910156 0.822266 0.910156 0.822266 0.900391 0.818359 0.896484 0.818359 0.890625 0.816406 0.890625 0.814453 0.888672 0.814453 0.880859 0.824219 0.871094 0.830078 0.871094 0.830078 0.863281 0.832031 0.861328 0.835938 0.861328 0.837891 0.859375 0.845703 0.859375 0.847656 0.861328 0.847656 0.863281 0.853516 0.863281 0.853516 0.855469 0.857422 0.851562 0.863281 0.851562 0.865234 0.849609 0.865234 0.847656 0.871094 0.841797 0.873047 0.841797 0.875000 0.839844 0.880859 0.839844 0.882812 0.837891 0.888672 0.837891 0.890625 0.835938 0.892578 0.835938 0.896484 0.839844 0.898438 0.839844 0.900391 0.841797 0.902344 0.841797 0.904297 0.843750 0.904297 0.845703 0.910156 0.851562 0.912109 0.851562 0.914062 0.853516 0.914062 0.855469 0.910156 0.859375 0.908203 0.859375 0.906250 0.857422 0.906250 0.855469 0.904297 0.855469 0.900391 0.851562 0.900391 0.849609 0.896484 0.849609 0.894531 0.851562 0.894531 0.853516 0.892578 0.855469 0.886719 0.855469 0.886719 0.857422 0.884766 0.859375 0.884766 0.863281 0.882812 0.865234 0.873047 0.865234 0.869141 0.869141 0.869141 0.878906 0.871094 0.880859 0.871094 0.886719 0.873047 0.888672 0.873047 0.890625 0.878906 0.884766 0.880859 0.884766 0.882812 0.886719 0.884766 0.886719 0.886719 0.888672 0.886719 0.892578 0.882812 0.896484 0.878906 0.896484 0.878906 0.900391 0.880859 0.902344 0.880859 0.904297 0.882812 0.906250 0.882812 0.914062 0.880859 0.916016 0.880859 0.919922 0.882812 0.921875 0.878906 0.925781 0.878906 0.931641 0.880859 0.933594 0.880859 0.943359 0.882812 0.945312 0.882812 0.949219 0.888672 0.949219 0.890625 0.947266 0.894531 0.947266 0.896484 0.949219 0.896484 0.951172 0.904297 0.958984 0.902344 0.960938 0.902344 0.968750 0.898438 0.972656 0.896484 0.972656 0.894531 0.970703 0.888672 0.970703 0.886719 0.968750 0.884766 0.968750 0.882812 0.970703 0.884766 0.972656 0.882812 0.974609 0.880859 0.974609 0.878906 0.972656 0.878906 0.970703 0.873047 0.964844 0.871094 0.964844 0.871094 0.968750 0.869141 0.970703 0.871094 0.972656 0.871094 0.976562 0.869141 0.978516 0.871094 0.980469 0.875000 0.980469 0.878906 0.976562 0.880859 0.978516 0.882812 0.978516 0.886719 0.982422 0.898438 0.982422 0.902344 0.986328 0.902344 0.988281 0.900391 0.990234 0.912109 0.990234 0.916016 0.986328 0.919922 0.986328 0.925781 0.992188 0.939453 0.992188 0.941406 0.990234 0.941406 0.984375 0.943359 0.982422 0.945312 0.982422 0.951172 0.988281 0.957031 0.988281 0.958984 0.990234 0.962891 0.990234 0.964844 0.992188 0.992188 0.992188 0.992188 0.908203 0.990234 0.906250 0.990234 0.884766 0.988281 0.882812 0.990234 0.880859 0.992188 0.880859 0.992188 0.871094 0.988281 0.871094 0.982422 0.865234 0.982422 0.861328 0.980469 0.861328 0.978516 0.859375 0.978516 0.857422 0.982422 0.853516 0.986328 0.853516 0.990234 0.849609 0.990234 0.847656 0.992188 0.845703 0.992188 0.515625 0.992188 0.517578 0.990234 0.519531 0.988281 0.519531 0.986328 0.517578 0.986328 0.513672 0.984375 0.511719 0.984375 0.507812 0.988281 0.503906 0.992188 0.503906 0.992188 0.289062 0.974609 0.289062 0.974609 0.291016 0.972656 0.292969 0.968750 0.292969 0.968750 0.296875 0.966797 0.298828 0.966797 0.306641 0.968750 0.306641 0.968750 0.304688 0.970703 0.302734 0.970703 0.300781 0.972656 0.298828 0.976562 0.298828 0.978516 0.296875 0.982422 0.300781 0.980469 0.302734 0.978516 0.302734 0.978516 0.304688 0.972656 0.310547 0.970703 0.310547 0.966797 0.314453 0.966797 0.316406 0.964844 0.318359 0.964844 0.324219 0.962891 0.326172 0.962891 0.335938 0.957031 0.341797 0.955078 0.339844 0.955078 0.337891 0.957031 0.335938 0.957031 0.328125 0.955078 0.326172 0.955078 0.322266 0.953125 0.320312 0.953125 0.318359 0.955078 0.316406 0.955078 0.314453 0.957031 0.312500 0.957031 0.306641 0.955078 0.304688 0.955078 0.298828 0.957031 0.296875 0.957031 0.291016 0.960938 0.287109 0.962891 0.287109 0.962891 0.281250 0.964844 0.279297 0.968750 0.279297 0.970703 0.277344 0.974609 0.277344 0.976562 0.275391 0.976562 0.271484 0.978516 0.269531 0.978516 0.267578 0.980469 0.265625 0.982422 0.265625 0.982422 0.263672 0.984375 0.261719 0.986328 0.263672 0.988281 0.263672 0.990234 0.261719 0.990234 0.255859 0.992188 0.253906 0.992188 0.234375 0.990234 0.232422 0.990234 0.228516 0.988281 0.226562 0.980469 0.226562 0.980469 0.228516 0.976562 0.232422 0.974609 0.232422 0.968750 0.226562 0.962891 0.226562 0.957031 0.220703 0.951172 0.220703 0.949219 0.218750 0.947266 0.218750 0.935547 0.207031 0.929688 0.207031 0.927734 0.208984 0.923828 0.208984 0.916016 0.216797 0.914062 0.216797 0.914062 0.218750 0.912109 0.220703 0.910156 0.220703 0.906250 0.224609 0.904297 0.224609 0.902344 0.222656 0.902344 0.220703 0.900391 0.218750 0.898438 0.218750 0.896484 0.220703 0.896484 0.226562 0.898438 0.228516 0.896484 0.230469 0.894531 0.230469 0.892578 0.232422 0.890625 0.232422 0.890625 0.236328 0.888672 0.238281 0.880859 0.238281 0.878906 0.236328 0.878906 0.234375 0.876953 0.232422 0.876953 0.230469 0.875000 0.228516 0.875000 0.226562 0.876953 0.224609 0.876953 0.220703 0.884766 0.212891 0.888672 0.212891 0.888672 0.208984 0.890625 0.207031 0.892578 0.207031 0.898438 0.201172 0.898438 0.197266 0.896484 0.195312 0.896484 0.193359 0.894531 0.193359 0.890625 0.189453 0.892578 0.187500 0.890625 0.185547 0.898438 0.177734 0.902344 0.177734 0.904297 0.179688 0.908203 0.175781 0.912109 0.175781 0.914062 0.177734 0.923828 0.177734 0.931641 0.169922 0.933594 0.169922 0.941406 0.162109 0.941406 0.158203 0.939453 0.156250 0.941406 0.154297 0.943359 0.154297 0.943359 0.150391 0.945312 0.148438 0.947266 0.148438 0.949219 0.146484 0.949219 0.140625 0.953125 0.136719 0.962891 0.136719 0.964844 0.138672 0.964844 0.140625 0.966797 0.142578 0.966797 0.146484 0.974609 0.146484 0.974609 0.144531 0.976562 0.142578 0.978516 0.142578 0.978516 0.140625 0.980469 0.138672 0.980469 0.130859 0.978516 0.130859 0.976562 0.128906 0.976562 0.119141 0.972656 0.115234 0.972656 0.111328 0.974609 0.109375 0.974609 0.107422 0.978516 0.103516 0.978516 0.101562 0.976562 0.099609 0.972656 0.099609 0.968750 0.095703 0.968750 0.093750 0.966797 0.091797 0.966797 0.083984 0.970703 0.080078 0.972656 0.082031 0.990234 0.082031 0.992188 0.083984 0.992188 0.000000 0.828125 0.000000 0.826172 0.001953 0.826172 0.005859 0.824219 0.007812 0.824219 0.017578 0.822266 0.019531 0.822266 0.021484 0.820312 0.023438 0.814453 0.017578 0.812500 0.017578 0.810547 0.015625 0.810547 0.013672 0.806641 0.013672 0.806641 0.017578 0.804688 0.019531 0.804688 0.021484 0.806641 0.023438 0.804688 0.025391 0.802734 0.025391 0.798828 0.021484 0.794922 0.021484 0.792969 0.019531 0.792969 0.015625 0.791016 0.013672 0.785156 0.013672 0.781250 0.009766 0.781250 0.005859 0.783203 0.003906 0.785156 0.003906 0.785156 0.001953 0.783203 0.000000 0.779297 0.000000 0.775391 0.003906 0.771484 0.003906 0.769531 0.005859 0.769531 0.009766 0.771484 0.009766 0.773438 0.011719 0.773438 0.013672 0.777344 0.013672 0.779297 0.015625 0.779297 0.025391 0.781250 0.027344 0.785156 0.027344 0.785156 0.025391 0.789062 0.021484 0.791016 0.023438 0.791016 0.025391 0.792969 0.027344 0.792969 0.029297 0.796875 0.033203 0.798828 0.033203 0.804688 0.039062 0.802734 0.041016 0.796875 0.041016 0.796875 0.048828 0.791016 0.054688 0.789062 0.054688 0.787109 0.052734 0.785156 0.052734 0.783203 0.054688 0.777344 0.054688 0.773438 0.050781 0.767578 0.050781 0.765625 0.048828 0.765625 0.041016 0.761719 0.041016 0.755859 0.046875 0.753906 0.046875 0.751953 0.048828 0.750000 0.046875 0.750000 0.048828 0.748047 0.050781 0.746094 0.050781 0.744141 0.048828 0.744141 0.039062 0.742188 0.039062 0.738281 0.035156 0.742188 0.031250 0.742188 0.025391 0.740234 0.025391 0.736328 0.029297 0.736328 0.039062 0.732422 0.042969 0.730469 0.042969 0.728516 0.041016 0.718750 0.041016 0.714844 0.044922 0.712891 0.044922 0.708984 0.041016 0.708984 0.039062 0.705078 0.035156 0.705078 0.033203 0.699219 0.027344 0.685547 0.027344 0.681641 0.023438 0.683594 0.021484 0.685547 0.021484 0.687500 0.019531 0.675781 0.019531 0.675781 0.023438 0.673828 0.025391 0.671875 0.025391 0.669922 0.023438 0.669922 0.021484 0.664062 0.021484 0.664062 0.023438 0.662109 0.025391 0.660156 0.023438 0.654297 0.023438 0.652344 0.025391 0.650391 0.023438 0.646484 0.023438 0.646484 0.031250 0.644531 0.033203 0.642578 0.033203 0.642578 0.039062 0.646484 0.042969 0.650391 0.042969 0.652344 0.041016 0.654297 0.042969 0.660156 0.042969 0.660156 0.041016 0.667969 0.033203 0.671875 0.037109 0.671875 0.044922 0.667969 0.048828 0.652344 0.048828 0.650391 0.050781 0.650391 0.052734 0.646484 0.056641 0.644531 0.056641 0.642578 0.058594 0.642578 0.066406 0.640625 0.068359 0.636719 0.068359 0.632812 0.064453 0.632812 0.062500 0.628906 0.058594 0.621094 0.058594 0.617188 0.062500 0.615234 0.062500 0.615234 0.064453 0.609375 0.070312 0.609375 0.072266 0.605469 0.076172 0.605469 0.083984 0.603516 0.085938 0.603516 0.087891 0.601562 0.089844 0.601562 0.093750 0.607422 0.093750 0.609375 0.095703 0.609375 0.117188 0.611328 0.119141 0.611328 0.121094 0.615234 0.125000 0.615234 0.128906 0.611328 0.132812 0.611328 0.138672 0.615234 0.142578 0.615234 0.144531 0.617188 0.146484 0.617188 0.148438 0.619141 0.150391 0.619141 0.152344 0.617188 0.154297 0.613281 0.154297 0.611328 0.152344 0.611328 0.150391 0.609375 0.148438 0.607422 0.148438 0.607422 0.160156 0.609375 0.160156 0.611328 0.162109 0.615234 0.162109 0.617188 0.164062 0.617188 0.166016 0.615234 0.167969 0.615234 0.173828 0.613281 0.175781 0.611328 0.175781 0.611328 0.181641 0.609375 0.183594 0.607422 0.183594 0.605469 0.181641 0.601562 0.185547 0.597656 0.185547 0.597656 0.193359 0.599609 0.195312 0.599609 0.199219 0.597656 0.201172 0.595703 0.201172 0.595703 0.203125 0.593750 0.205078 0.593750 0.207031 0.591797 0.208984 0.591797 0.218750 0.587891 0.222656 0.585938 0.222656 0.585938 0.224609 0.583984 0.226562 0.583984 0.230469 0.585938 0.232422 0.585938 0.236328 0.587891 0.238281 0.587891 0.244141 0.585938 0.246094 0.580078 0.246094 0.578125 0.248047 0.576172 0.246094 0.576172 0.244141 0.572266 0.240234 0.572266 0.238281 0.568359 0.234375 0.568359 0.228516 0.566406 0.226562 0.566406 0.224609 0.560547 0.224609 0.558594 0.222656 0.558594 0.218750 0.560547 0.216797 0.562500 0.216797 0.564453 0.214844 0.570312 0.214844 0.572266 0.216797 0.576172 0.216797 0.578125 0.218750 0.580078 0.216797 0.580078 0.208984 0.582031 0.207031 0.585938 0.207031 0.585938 0.205078 0.587891 0.203125 0.587891 0.191406 0.589844 0.189453 0.587891 0.187500 0.587891 0.185547 0.583984 0.185547 0.580078 0.181641 0.580078 0.177734 0.572266 0.169922 0.572266 0.167969 0.568359 0.164062 0.568359 0.162109 0.566406 0.162109 0.564453 0.160156 0.560547 0.160156 0.556641 0.156250 0.554688 0.156250 0.552734 0.154297 0.550781 0.154297 0.548828 0.152344 0.548828 0.150391 0.546875 0.150391 0.544922 0.148438 0.542969 0.148438 0.539062 0.144531 0.535156 0.144531 0.531250 0.140625 0.523438 0.140625 0.519531 0.144531 0.515625 0.140625 0.515625 0.132812 0.511719 0.132812 0.507812 0.136719 0.505859 0.134766 0.505859 0.126953 0.503906 0.125000 0.498047 0.125000 0.498047 0.126953 0.496094 0.128906 0.496094 0.132812 0.494141 0.134766 0.492188 0.134766 0.488281 0.130859 0.488281 0.128906 0.490234 0.126953 0.490234 0.123047 0.492188 0.121094 0.492188 0.113281 0.496094 0.109375 0.496094 0.105469 0.494141 0.103516 0.494141 0.093750 0.498047 0.089844 0.501953 0.089844 0.501953 0.087891 0.503906 0.085938 0.521484 0.085938 0.521484 0.076172 0.527344 0.070312 0.529297 0.072266 0.529297 0.076172 0.531250 0.078125 0.531250 0.080078 0.535156 0.080078 0.539062 0.076172 0.546875 0.076172 0.548828 0.078125 0.554688 0.078125 0.558594 0.074219 0.562500 0.074219 0.564453 0.076172 0.566406 0.076172 0.568359 0.074219 0.572266 0.074219 0.572266 0.060547 0.576172 0.056641 0.578125 0.058594 0.578125 0.060547 0.580078 0.060547 0.582031 0.062500 0.587891 0.062500 0.589844 0.060547 0.589844 0.058594 0.595703 0.052734 0.597656 0.052734 0.599609 0.054688 0.599609 0.056641 0.597656 0.058594 0.597656 0.068359 0.601562 0.068359 0.603516 0.066406 0.603516 0.064453 0.607422 0.060547 0.607422 0.058594 0.611328 0.054688 0.611328 0.052734 0.613281 0.050781 0.613281 0.046875 0.617188 0.042969 0.619141 0.042969 0.626953 0.035156 0.626953 0.033203 0.630859 0.029297 0.632812 0.029297 0.632812 0.027344 0.634766 0.025391 0.634766 0.023438 0.636719 0.021484 0.636719 0.019531 0.638672 0.017578 0.638672 0.015625 0.640625 0.013672 0.642578 0.013672 0.642578 0.011719 0.638672 0.011719 0.636719 0.009766 0.638672 0.007812 0.638672 0.003906 0.642578 0.000000 0.560547 0.000000 0.556641 0.003906 0.546875 0.003906 0.542969 0.000000
0 0.105469 0.000000 0.105469 0.001953 0.101562 0.005859 0.099609 0.005859 0.095703 0.009766 0.095703 0.011719 0.093750 0.013672 0.093750 0.019531 0.095703 0.021484 0.095703 0.023438 0.097656 0.025391 0.099609 0.025391 0.101562 0.027344 0.101562 0.029297 0.103516 0.029297 0.107422 0.025391 0.109375 0.025391 0.111328 0.023438 0.113281 0.023438 0.113281 0.021484 0.117188 0.017578 0.126953 0.017578 0.130859 0.021484 0.130859 0.027344 0.126953 0.031250 0.126953 0.035156 0.136719 0.035156 0.140625 0.039062 0.140625 0.041016 0.138672 0.042969 0.138672 0.044922 0.136719 0.046875 0.134766 0.046875 0.134766 0.054688 0.146484 0.054688 0.146484 0.052734 0.148438 0.050781 0.150391 0.050781 0.150391 0.048828 0.152344 0.046875 0.150391 0.044922 0.150391 0.039062 0.152344 0.037109 0.154297 0.037109 0.156250 0.035156 0.160156 0.035156 0.162109 0.033203 0.167969 0.033203 0.167969 0.029297 0.169922 0.027344 0.171875 0.027344 0.171875 0.023438 0.173828 0.021484 0.175781 0.021484 0.177734 0.023438 0.177734 0.031250 0.173828 0.035156 0.173828 0.039062 0.169922 0.042969 0.169922 0.048828 0.167969 0.050781 0.164062 0.050781 0.160156 0.046875 0.156250 0.046875 0.156250 0.052734 0.154297 0.054688 0.154297 0.062500 0.156250 0.064453 0.158203 0.064453 0.160156 0.066406 0.160156 0.076172 0.162109 0.078125 0.169922 0.078125 0.169922 0.068359 0.171875 0.066406 0.173828 0.066406 0.177734 0.062500 0.179688 0.064453 0.187500 0.064453 0.189453 0.062500 0.189453 0.056641 0.191406 0.054688 0.203125 0.054688 0.205078 0.052734 0.205078 0.046875 0.203125 0.044922 0.203125 0.042969 0.201172 0.041016 0.201172 0.039062 0.203125 0.037109 0.205078 0.037109 0.208984 0.033203 0.214844 0.033203 0.214844 0.031250 0.222656 0.023438 0.222656 0.021484 0.224609 0.019531 0.224609 0.017578 0.230469 0.011719 0.232422 0.011719 0.238281 0.005859 0.238281 0.000000 0.167969 0.000000 0.162109 0.005859 0.160156 0.003906 0.160156 0.001953 0.162109 0.000000
0 0.072266 0.000000 0.070312 0.001953 0.070312 0.007812 0.076172 0.013672 0.080078 0.013672 0.082031 0.015625 0.089844 0.015625 0.089844 0.009766 0.087891 0.007812 0.087891 0.003906 0.089844 0.001953 0.089844 0.000000