0 0.574219 0.966797 0.570312 0.970703 0.570312 0.974609 0.572266 0.974609 0.576172 0.978516 0.576172 0.980469 0.578125 0.982422 0.578125 0.984375 0.580078 0.984375 0.580078 0.982422 0.582031 0.980469 0.582031 0.978516 0.583984 0.976562 0.583984 0.974609 0.582031 0.972656 0.583984 0.970703 0.585938 0.970703 0.585938 0.968750 0.583984 0.966797
0 0.466797 0.943359 0.466797 0.949219 0.464844 0.951172 0.464844 0.953125 0.466797 0.955078 0.466797 0.960938 0.468750 0.960938 0.472656 0.964844 0.472656 0.966797 0.474609 0.968750 0.476562 0.968750 0.476562 0.960938 0.478516 0.958984 0.480469 0.960938 0.482422 0.960938 0.484375 0.962891 0.482422 0.964844 0.482422 0.970703 0.486328 0.970703 0.486328 0.968750 0.490234 0.964844 0.490234 0.960938 0.486328 0.957031 0.486328 0.951172 0.488281 0.949219 0.484375 0.945312 0.474609 0.945312 0.472656 0.943359
0 0.257812 0.902344 0.257812 0.906250 0.259766 0.906250 0.265625 0.912109 0.265625 0.917969 0.269531 0.921875 0.269531 0.925781 0.273438 0.925781 0.273438 0.923828 0.271484 0.921875 0.271484 0.917969 0.269531 0.916016 0.269531 0.906250 0.267578 0.904297 0.267578 0.902344
0 0.894531 0.896484 0.892578 0.898438 0.890625 0.898438 0.886719 0.902344 0.880859 0.902344 0.876953 0.906250 0.875000 0.906250 0.871094 0.910156 0.869141 0.910156 0.869141 0.912109 0.867188 0.914062 0.867188 0.916016 0.865234 0.917969 0.865234 0.919922 0.863281 0.921875 0.863281 0.931641 0.867188 0.935547 0.869141 0.935547 0.871094 0.937500 0.875000 0.937500 0.876953 0.939453 0.876953 0.945312 0.878906 0.947266 0.878906 0.949219 0.884766 0.955078 0.886719 0.955078 0.888672 0.957031 0.888672 0.958984 0.898438 0.958984 0.908203 0.949219 0.910156 0.949219 0.910156 0.947266 0.914062 0.943359 0.916016 0.943359 0.917969 0.941406 0.919922 0.941406 0.921875 0.939453 0.921875 0.933594 0.919922 0.931641 0.919922 0.925781 0.917969 0.923828 0.917969 0.919922 0.912109 0.914062 0.914062 0.912109 0.914062 0.906250 0.912109 0.906250 0.908203 0.902344 0.908203 0.900391 0.906250 0.900391 0.902344 0.896484
0 0.214844 0.896484 0.212891 0.898438 0.212891 0.900391 0.210938 0.902344 0.207031 0.902344 0.203125 0.906250 0.199219 0.906250 0.197266 0.904297 0.197266 0.900391 0.191406 0.900391 0.191406 0.902344 0.185547 0.908203 0.185547 0.912109 0.181641 0.916016 0.183594 0.917969 0.185547 0.917969 0.187500 0.919922 0.187500 0.921875 0.189453 0.921875 0.191406 0.919922 0.199219 0.919922 0.203125 0.916016 0.207031 0.916016 0.210938 0.912109 0.212891 0.912109 0.216797 0.916016 0.216797 0.917969 0.220703 0.917969 0.224609 0.914062 0.224609 0.902344 0.222656 0.900391 0.222656 0.898438 0.220703 0.898438 0.218750 0.896484
0 0.500000 0.875000 0.498047 0.876953 0.494141 0.876953 0.490234 0.880859 0.490234 0.882812 0.494141 0.882812 0.498047 0.886719 0.509766 0.886719 0.511719 0.888672 0.521484 0.888672 0.523438 0.886719 0.523438 0.878906 0.519531 0.878906 0.519531 0.880859 0.517578 0.882812 0.513672 0.882812 0.509766 0.878906 0.509766 0.875000
0 0.306641 0.871094 0.304688 0.873047 0.302734 0.873047 0.298828 0.876953 0.296875 0.875000 0.294922 0.876953 0.292969 0.876953 0.292969 0.888672 0.291016 0.890625 0.292969 0.890625 0.294922 0.892578 0.298828 0.892578 0.300781 0.894531 0.300781 0.896484 0.298828 0.898438 0.298828 0.900391 0.300781 0.902344 0.298828 0.904297 0.298828 0.906250 0.300781 0.908203 0.306641 0.908203 0.308594 0.906250 0.306641 0.904297 0.310547 0.900391 0.314453 0.900391 0.314453 0.898438 0.318359 0.894531 0.318359 0.892578 0.320312 0.890625 0.318359 0.890625 0.316406 0.888672 0.314453 0.888672 0.312500 0.886719 0.312500 0.884766 0.314453 0.882812 0.314453 0.878906 0.312500 0.876953 0.312500 0.875000 0.310547 0.875000
0 0.650391 0.826172 0.648438 0.828125 0.646484 0.828125 0.642578 0.832031 0.640625 0.830078 0.630859 0.830078 0.630859 0.835938 0.626953 0.839844 0.623047 0.835938 0.617188 0.835938 0.617188 0.837891 0.615234 0.839844 0.615234 0.843750 0.617188 0.845703 0.617188 0.847656 0.619141 0.849609 0.615234 0.853516 0.613281 0.853516 0.611328 0.855469 0.609375 0.855469 0.605469 0.859375 0.605469 0.861328 0.603516 0.863281 0.603516 0.869141 0.605469 0.871094 0.605469 0.873047 0.607422 0.875000 0.615234 0.875000 0.617188 0.876953 0.617188 0.878906 0.619141 0.880859 0.625000 0.880859 0.626953 0.878906 0.638672 0.878906 0.644531 0.884766 0.646484 0.884766 0.650391 0.888672 0.656250 0.888672 0.658203 0.890625 0.666016 0.890625 0.667969 0.888672 0.669922 0.888672 0.671875 0.886719 0.671875 0.880859 0.667969 0.876953 0.667969 0.865234 0.664062 0.865234 0.660156 0.861328 0.660156 0.857422 0.658203 0.855469 0.664062 0.849609 0.667969 0.853516 0.673828 0.853516 0.673828 0.837891 0.671875 0.835938 0.666016 0.835938 0.664062 0.833984 0.664062 0.832031 0.662109 0.832031 0.660156 0.830078 0.658203 0.830078 0.654297 0.826172
0 0.378906 0.818359 0.376953 0.820312 0.376953 0.824219 0.378906 0.826172 0.378906 0.828125 0.380859 0.830078 0.380859 0.832031 0.386719 0.832031 0.388672 0.833984 0.388672 0.837891 0.392578 0.837891 0.392578 0.830078 0.388672 0.826172 0.386719 0.826172 0.382812 0.822266 0.382812 0.820312 0.380859 0.818359
0 0.562500 0.787109 0.562500 0.789062 0.560547 0.791016 0.560547 0.794922 0.558594 0.796875 0.556641 0.796875 0.554688 0.798828 0.554688 0.800781 0.552734 0.802734 0.552734 0.808594 0.554688 0.810547 0.554688 0.820312 0.564453 0.820312 0.566406 0.818359 0.566406 0.816406 0.570312 0.812500 0.574219 0.816406 0.576172 0.816406 0.578125 0.814453 0.580078 0.814453 0.582031 0.812500 0.587891 0.812500 0.589844 0.814453 0.593750 0.814453 0.593750 0.808594 0.591797 0.808594 0.589844 0.806641 0.587891 0.806641 0.585938 0.804688 0.582031 0.804688 0.580078 0.802734 0.576172 0.802734 0.574219 0.800781 0.574219 0.798828 0.576172 0.796875 0.578125 0.796875 0.580078 0.794922 0.578125 0.794922 0.576172 0.792969 0.578125 0.791016 0.580078 0.791016 0.580078 0.787109
0 0.341797 0.785156 0.339844 0.787109 0.333984 0.787109 0.330078 0.791016 0.330078 0.798828 0.332031 0.800781 0.332031 0.802734 0.335938 0.802734 0.337891 0.804688 0.337891 0.812500 0.335938 0.814453 0.332031 0.814453 0.328125 0.818359 0.328125 0.828125 0.332031 0.832031 0.351562 0.832031 0.351562 0.830078 0.355469 0.826172 0.357422 0.826172 0.359375 0.824219 0.361328 0.824219 0.359375 0.822266 0.361328 0.820312 0.361328 0.818359 0.359375 0.816406 0.355469 0.816406 0.353516 0.814453 0.353516 0.804688 0.355469 0.802734 0.353516 0.800781 0.355469 0.798828 0.357422 0.798828 0.359375 0.800781 0.367188 0.800781 0.367188 0.792969 0.365234 0.791016 0.365234 0.789062 0.351562 0.789062 0.347656 0.785156
0 0.484375 0.783203 0.484375 0.785156 0.486328 0.785156 0.486328 0.783203
0 0.205078 0.783203 0.205078 0.785156 0.203125 0.787109 0.203125 0.789062 0.207031 0.789062 0.207031 0.787109 0.208984 0.785156 0.210938 0.785156 0.210938 0.783203
0 0.222656 0.771484 0.222656 0.773438 0.224609 0.775391 0.222656 0.777344 0.222656 0.781250 0.224609 0.783203 0.226562 0.783203 0.226562 0.771484
0 0.478516 0.767578 0.476562 0.769531 0.476562 0.771484 0.478516 0.773438 0.486328 0.773438 0.486328 0.769531 0.484375 0.769531 0.482422 0.767578
0 0.378906 0.652344 0.378906 0.654297 0.376953 0.656250 0.373047 0.656250 0.373047 0.664062 0.375000 0.666016 0.376953 0.666016 0.380859 0.669922 0.380859 0.679688 0.386719 0.679688 0.390625 0.683594 0.390625 0.687500 0.388672 0.689453 0.386719 0.687500 0.386719 0.685547 0.386719 0.687500 0.384766 0.689453 0.382812 0.689453 0.380859 0.691406 0.378906 0.691406 0.375000 0.695312 0.371094 0.695312 0.369141 0.697266 0.367188 0.697266 0.365234 0.699219 0.359375 0.699219 0.359375 0.701172 0.357422 0.703125 0.343750 0.703125 0.343750 0.705078 0.341797 0.707031 0.339844 0.707031 0.337891 0.708984 0.333984 0.708984 0.335938 0.710938 0.332031 0.714844 0.332031 0.718750 0.333984 0.720703 0.333984 0.732422 0.337891 0.736328 0.337891 0.738281 0.339844 0.740234 0.333984 0.746094 0.332031 0.744141 0.328125 0.748047 0.328125 0.751953 0.332031 0.755859 0.332031 0.759766 0.333984 0.759766 0.335938 0.761719 0.335938 0.763672 0.339844 0.763672 0.341797 0.761719 0.343750 0.761719 0.345703 0.763672 0.345703 0.767578 0.349609 0.771484 0.355469 0.771484 0.357422 0.769531 0.367188 0.769531 0.365234 0.767578 0.369141 0.763672 0.371094 0.763672 0.375000 0.759766 0.376953 0.761719 0.380859 0.757812 0.382812 0.757812 0.384766 0.759766 0.384766 0.767578 0.388672 0.767578 0.390625 0.769531 0.390625 0.777344 0.392578 0.779297 0.392578 0.781250 0.394531 0.783203 0.396484 0.783203 0.398438 0.785156 0.398438 0.789062 0.402344 0.792969 0.404297 0.792969 0.406250 0.794922 0.406250 0.798828 0.402344 0.802734 0.400391 0.802734 0.398438 0.800781 0.396484 0.800781 0.392578 0.804688 0.392578 0.810547 0.394531 0.810547 0.396484 0.812500 0.400391 0.812500 0.402344 0.814453 0.402344 0.820312 0.404297 0.822266 0.408203 0.822266 0.412109 0.826172 0.412109 0.832031 0.417969 0.832031 0.417969 0.830078 0.419922 0.828125 0.423828 0.832031 0.423828 0.833984 0.429688 0.839844 0.441406 0.839844 0.443359 0.837891 0.449219 0.837891 0.451172 0.839844 0.451172 0.841797 0.453125 0.839844 0.458984 0.839844 0.460938 0.837891 0.460938 0.833984 0.462891 0.832031 0.464844 0.832031 0.466797 0.830078 0.466797 0.828125 0.470703 0.824219 0.472656 0.824219 0.472656 0.822266 0.474609 0.820312 0.476562 0.822266 0.480469 0.822266 0.484375 0.826172 0.488281 0.826172 0.490234 0.828125 0.490234 0.833984 0.496094 0.833984 0.498047 0.835938 0.494141 0.839844 0.494141 0.845703 0.496094 0.847656 0.500000 0.847656 0.501953 0.845703 0.503906 0.847656 0.505859 0.847656 0.509766 0.851562 0.513672 0.851562 0.515625 0.849609 0.517578 0.849609 0.525391 0.841797 0.525391 0.839844 0.531250 0.833984 0.531250 0.830078 0.529297 0.828125 0.529297 0.826172 0.525391 0.826172 0.525391 0.828125 0.523438 0.830078 0.523438 0.833984 0.521484 0.835938 0.513672 0.835938 0.511719 0.837891 0.509766 0.837891 0.507812 0.839844 0.505859 0.837891 0.505859 0.835938 0.503906 0.833984 0.503906 0.832031 0.500000 0.832031 0.498047 0.830078 0.503906 0.824219 0.505859 0.824219 0.505859 0.822266 0.509766 0.818359 0.511719 0.818359 0.507812 0.814453 0.507812 0.812500 0.505859 0.810547 0.503906 0.810547 0.500000 0.806641 0.500000 0.798828 0.496094 0.798828 0.494141 0.800781 0.492188 0.800781 0.490234 0.802734 0.492188 0.804688 0.490234 0.806641 0.490234 0.810547 0.484375 0.816406 0.480469 0.816406 0.478516 0.818359 0.476562 0.818359 0.474609 0.816406 0.474609 0.814453 0.472656 0.812500 0.474609 0.810547 0.476562 0.810547 0.476562 0.808594 0.478516 0.806641 0.480469 0.806641 0.482422 0.804688 0.486328 0.804688 0.484375 0.802734 0.486328 0.800781 0.482422 0.796875 0.482422 0.791016 0.478516 0.787109 0.480469 0.785156 0.480469 0.777344 0.472656 0.777344 0.466797 0.771484 0.468750 0.769531 0.468750 0.767578 0.470703 0.765625 0.468750 0.763672 0.468750 0.761719 0.466797 0.759766 0.466797 0.757812 0.464844 0.755859 0.466797 0.753906 0.468750 0.753906 0.470703 0.751953 0.470703 0.750000 0.468750 0.750000 0.466797 0.748047 0.455078 0.748047 0.453125 0.746094 0.449219 0.746094 0.447266 0.744141 0.445312 0.746094 0.443359 0.744141 0.443359 0.742188 0.441406 0.742188 0.439453 0.740234 0.439453 0.736328 0.429688 0.736328 0.427734 0.738281 0.423828 0.738281 0.421875 0.736328 0.419922 0.736328 0.417969 0.738281 0.416016 0.738281 0.414062 0.736328 0.416016 0.734375 0.414062 0.734375 0.412109 0.732422 0.412109 0.726562 0.414062 0.724609 0.414062 0.714844 0.412109 0.712891 0.414062 0.710938 0.416016 0.710938 0.416016 0.707031 0.421875 0.701172 0.423828 0.701172 0.423828 0.699219 0.425781 0.697266 0.423828 0.695312 0.423828 0.689453 0.419922 0.685547 0.419922 0.683594 0.421875 0.681641 0.421875 0.677734 0.423828 0.675781 0.423828 0.671875 0.416016 0.671875 0.414062 0.669922 0.416016 0.667969 0.416016 0.660156 0.414062 0.660156 0.406250 0.652344 0.400391 0.652344 0.398438 0.654297 0.396484 0.654297 0.394531 0.656250 0.392578 0.656250 0.390625 0.654297 0.390625 0.652344
0 0.181641 0.517578 0.181641 0.523438 0.183594 0.525391 0.183594 0.527344 0.187500 0.527344 0.189453 0.525391 0.191406 0.525391 0.195312 0.521484 0.195312 0.517578
0 0.425781 0.500000 0.425781 0.501953 0.423828 0.503906 0.423828 0.505859 0.421875 0.507812 0.417969 0.503906 0.416016 0.503906 0.416016 0.507812 0.417969 0.509766 0.417969 0.515625 0.416016 0.517578 0.416016 0.523438 0.417969 0.523438 0.425781 0.515625 0.425781 0.513672 0.427734 0.511719 0.427734 0.500000
0 0.464844 0.478516 0.462891 0.480469 0.460938 0.480469 0.455078 0.486328 0.451172 0.486328 0.449219 0.488281 0.447266 0.488281 0.445312 0.490234 0.445312 0.496094 0.443359 0.498047 0.443359 0.500000 0.439453 0.503906 0.439453 0.505859 0.437500 0.507812 0.437500 0.511719 0.435547 0.513672 0.435547 0.519531 0.439453 0.519531 0.443359 0.515625 0.445312 0.517578 0.447266 0.517578 0.449219 0.519531 0.449219 0.521484 0.451172 0.523438 0.453125 0.523438 0.457031 0.527344 0.458984 0.525391 0.460938 0.527344 0.460938 0.533203 0.462891 0.533203 0.464844 0.535156 0.464844 0.541016 0.462891 0.542969 0.460938 0.542969 0.458984 0.544922 0.451172 0.544922 0.449219 0.542969 0.449219 0.541016 0.445312 0.541016 0.445312 0.542969 0.451172 0.548828 0.451172 0.552734 0.453125 0.552734 0.455078 0.554688 0.455078 0.556641 0.451172 0.560547 0.447266 0.560547 0.445312 0.558594 0.445312 0.550781 0.443359 0.550781 0.439453 0.546875 0.435547 0.546875 0.435547 0.554688 0.437500 0.556641 0.437500 0.558594 0.439453 0.560547 0.443359 0.560547 0.445312 0.562500 0.445312 0.566406 0.443359 0.568359 0.441406 0.568359 0.439453 0.570312 0.443359 0.574219 0.443359 0.582031 0.441406 0.583984 0.441406 0.593750 0.443359 0.593750 0.447266 0.597656 0.449219 0.597656 0.451172 0.599609 0.453125 0.597656 0.453125 0.595703 0.455078 0.593750 0.458984 0.593750 0.460938 0.595703 0.460938 0.597656 0.468750 0.597656 0.470703 0.599609 0.470703 0.605469 0.472656 0.605469 0.474609 0.607422 0.480469 0.607422 0.482422 0.605469 0.484375 0.607422 0.484375 0.611328 0.482422 0.613281 0.484375 0.615234 0.484375 0.617188 0.488281 0.617188 0.492188 0.621094 0.492188 0.623047 0.490234 0.625000 0.492188 0.625000 0.494141 0.626953 0.494141 0.628906 0.496094 0.630859 0.496094 0.632812 0.500000 0.636719 0.500000 0.638672 0.496094 0.642578 0.496094 0.648438 0.501953 0.654297 0.501953 0.656250 0.503906 0.658203 0.503906 0.664062 0.501953 0.666016 0.500000 0.666016 0.500000 0.667969 0.501953 0.669922 0.505859 0.669922 0.507812 0.671875 0.507812 0.673828 0.505859 0.675781 0.503906 0.675781 0.503906 0.677734 0.507812 0.681641 0.511719 0.681641 0.515625 0.677734 0.517578 0.677734 0.523438 0.683594 0.527344 0.683594 0.531250 0.687500 0.531250 0.693359 0.529297 0.695312 0.527344 0.695312 0.523438 0.691406 0.519531 0.691406 0.517578 0.693359 0.515625 0.693359 0.513672 0.691406 0.513672 0.689453 0.509766 0.689453 0.509766 0.691406 0.505859 0.695312 0.505859 0.697266 0.503906 0.699219 0.500000 0.699219 0.498047 0.701172 0.498047 0.705078 0.500000 0.707031 0.500000 0.708984 0.501953 0.708984 0.501953 0.705078 0.503906 0.703125 0.505859 0.703125 0.507812 0.705078 0.507812 0.707031 0.509766 0.708984 0.509766 0.714844 0.511719 0.716797 0.507812 0.720703 0.507812 0.728516 0.509766 0.730469 0.509766 0.732422 0.511719 0.734375 0.515625 0.734375 0.517578 0.736328 0.515625 0.738281 0.515625 0.746094 0.511719 0.750000 0.513672 0.751953 0.513672 0.753906 0.511719 0.755859 0.511719 0.761719 0.513672 0.763672 0.513672 0.765625 0.515625 0.765625 0.517578 0.767578 0.517578 0.769531 0.519531 0.771484 0.519531 0.773438 0.521484 0.775391 0.521484 0.777344 0.523438 0.779297 0.525391 0.777344 0.529297 0.777344 0.531250 0.775391 0.533203 0.775391 0.533203 0.771484 0.535156 0.769531 0.537109 0.769531 0.537109 0.765625 0.535156 0.765625 0.533203 0.763672 0.533203 0.759766 0.535156 0.757812 0.537109 0.759766 0.537109 0.757812 0.539062 0.755859 0.544922 0.755859 0.546875 0.757812 0.546875 0.759766 0.550781 0.763672 0.560547 0.763672 0.562500 0.761719 0.564453 0.761719 0.564453 0.755859 0.562500 0.753906 0.558594 0.753906 0.556641 0.751953 0.556641 0.750000 0.550781 0.750000 0.548828 0.748047 0.548828 0.740234 0.550781 0.738281 0.556641 0.738281 0.558594 0.740234 0.560547 0.740234 0.562500 0.742188 0.562500 0.744141 0.564453 0.746094 0.564453 0.750000 0.566406 0.751953 0.570312 0.751953 0.572266 0.753906 0.574219 0.751953 0.576172 0.751953 0.576172 0.750000 0.578125 0.748047 0.585938 0.748047 0.585938 0.746094 0.589844 0.742188 0.595703 0.742188 0.597656 0.744141 0.597656 0.750000 0.595703 0.751953 0.593750 0.751953 0.593750 0.753906 0.591797 0.755859 0.589844 0.755859 0.585938 0.759766 0.585938 0.761719 0.587891 0.763672 0.591797 0.763672 0.597656 0.769531 0.597656 0.771484 0.601562 0.775391 0.605469 0.775391 0.607422 0.777344 0.609375 0.777344 0.611328 0.779297 0.607422 0.783203 0.607422 0.787109 0.611328 0.787109 0.613281 0.789062 0.615234 0.789062 0.617188 0.787109 0.621094 0.787109 0.623047 0.789062 0.625000 0.789062 0.626953 0.791016 0.626953 0.792969 0.623047 0.796875 0.623047 0.800781 0.628906 0.800781 0.630859 0.802734 0.634766 0.802734 0.636719 0.800781 0.636719 0.794922 0.634766 0.792969 0.634766 0.777344 0.636719 0.775391 0.636719 0.771484 0.638672 0.769531 0.638672 0.765625 0.636719 0.763672 0.636719 0.761719 0.634766 0.761719 0.632812 0.759766 0.632812 0.755859 0.630859 0.755859 0.628906 0.753906 0.625000 0.753906 0.621094 0.750000 0.623047 0.748047 0.625000 0.748047 0.625000 0.742188 0.621094 0.742188 0.619141 0.740234 0.615234 0.740234 0.613281 0.738281 0.605469 0.738281 0.603516 0.736328 0.603516 0.734375 0.605469 0.732422 0.603516 0.730469 0.603516 0.728516 0.601562 0.728516 0.599609 0.726562 0.599609 0.724609 0.601562 0.722656 0.601562 0.718750 0.607422 0.712891 0.609375 0.712891 0.611328 0.710938 0.613281 0.710938 0.615234 0.708984 0.617188 0.708984 0.617188 0.697266 0.619141 0.695312 0.619141 0.693359 0.623047 0.689453 0.623047 0.679688 0.625000 0.677734 0.630859 0.677734 0.630859 0.666016 0.628906 0.664062 0.626953 0.664062 0.623047 0.660156 0.621094 0.660156 0.619141 0.658203 0.619141 0.654297 0.609375 0.654297 0.605469 0.650391 0.605469 0.648438 0.603516 0.648438 0.601562 0.646484 0.601562 0.644531 0.595703 0.644531 0.593750 0.642578 0.591797 0.642578 0.589844 0.640625 0.589844 0.638672 0.587891 0.636719 0.585938 0.636719 0.583984 0.634766 0.583984 0.630859 0.582031 0.628906 0.582031 0.626953 0.578125 0.626953 0.576172 0.628906 0.574219 0.628906 0.572266 0.626953 0.572266 0.625000 0.564453 0.617188 0.564453 0.613281 0.568359 0.609375 0.570312 0.609375 0.572266 0.611328 0.578125 0.611328 0.580078 0.609375 0.582031 0.611328 0.587891 0.611328 0.589844 0.609375 0.589844 0.603516 0.587891 0.601562 0.587891 0.595703 0.583984 0.595703 0.582031 0.593750 0.582031 0.591797 0.580078 0.589844 0.580078 0.585938 0.578125 0.583984 0.576172 0.583984 0.574219 0.582031 0.574219 0.576172 0.572266 0.574219 0.572266 0.572266 0.570312 0.572266 0.568359 0.574219 0.566406 0.574219 0.564453 0.576172 0.564453 0.578125 0.562500 0.580078 0.560547 0.580078 0.558594 0.578125 0.558594 0.576172 0.556641 0.574219 0.554688 0.574219 0.552734 0.572266 0.529297 0.572266 0.525391 0.568359 0.525391 0.566406 0.523438 0.564453 0.523438 0.558594 0.527344 0.554688 0.531250 0.554688 0.535156 0.550781 0.539062 0.550781 0.542969 0.554688 0.546875 0.554688 0.550781 0.550781 0.550781 0.548828 0.554688 0.544922 0.562500 0.544922 0.564453 0.542969 0.568359 0.542969 0.568359 0.531250 0.562500 0.525391 0.554688 0.525391 0.552734 0.523438 0.554688 0.521484 0.552734 0.519531 0.550781 0.519531 0.546875 0.515625 0.542969 0.515625 0.537109 0.521484 0.533203 0.521484 0.529297 0.525391 0.523438 0.525391 0.519531 0.529297 0.517578 0.527344 0.517578 0.525391 0.515625 0.525391 0.513672 0.523438 0.511719 0.523438 0.509766 0.525391 0.507812 0.525391 0.505859 0.523438 0.505859 0.521484 0.503906 0.519531 0.503906 0.517578 0.501953 0.515625 0.501953 0.513672 0.496094 0.513672 0.494141 0.515625 0.488281 0.515625 0.484375 0.511719 0.484375 0.509766 0.488281 0.505859 0.488281 0.503906 0.490234 0.501953 0.490234 0.496094 0.488281 0.494141 0.488281 0.486328 0.486328 0.484375 0.484375 0.484375 0.482422 0.482422 0.476562 0.482422 0.474609 0.480469 0.470703 0.480469 0.468750 0.478516
0 0.246094 0.476562 0.240234 0.482422 0.238281 0.482422 0.234375 0.486328 0.232422 0.486328 0.230469 0.488281 0.228516 0.488281 0.226562 0.490234 0.224609 0.490234 0.222656 0.492188 0.220703 0.490234 0.218750 0.490234 0.216797 0.488281 0.208984 0.488281 0.207031 0.490234 0.203125 0.490234 0.203125 0.492188 0.201172 0.494141 0.203125 0.496094 0.203125 0.498047 0.195312 0.505859 0.195312 0.511719 0.197266 0.513672 0.199219 0.513672 0.203125 0.517578 0.207031 0.517578 0.212891 0.511719 0.214844 0.511719 0.216797 0.509766 0.216797 0.507812 0.220703 0.503906 0.222656 0.503906 0.224609 0.501953 0.230469 0.507812 0.238281 0.507812 0.242188 0.503906 0.242188 0.500000 0.240234 0.498047 0.240234 0.496094 0.242188 0.494141 0.242188 0.490234 0.250000 0.482422 0.250000 0.476562
0 0.429688 0.380859 0.427734 0.382812 0.427734 0.390625 0.425781 0.392578 0.425781 0.394531 0.423828 0.396484 0.423828 0.398438 0.421875 0.400391 0.421875 0.402344 0.419922 0.404297 0.419922 0.410156 0.417969 0.412109 0.417969 0.417969 0.416016 0.419922 0.414062 0.419922 0.414062 0.427734 0.412109 0.429688 0.410156 0.429688 0.408203 0.431641 0.400391 0.431641 0.400391 0.433594 0.398438 0.435547 0.392578 0.435547 0.390625 0.437500 0.390625 0.441406 0.388672 0.443359 0.386719 0.441406 0.382812 0.441406 0.380859 0.439453 0.373047 0.439453 0.371094 0.441406 0.371094 0.445312 0.373047 0.447266 0.373047 0.449219 0.371094 0.451172 0.371094 0.453125 0.369141 0.455078 0.369141 0.460938 0.371094 0.460938 0.373047 0.462891 0.371094 0.464844 0.371094 0.466797 0.373047 0.468750 0.375000 0.468750 0.384766 0.478516 0.392578 0.478516 0.396484 0.482422 0.406250 0.482422 0.408203 0.484375 0.410156 0.484375 0.412109 0.486328 0.414062 0.486328 0.416016 0.488281 0.425781 0.488281 0.425781 0.486328 0.427734 0.484375 0.427734 0.478516 0.429688 0.476562 0.429688 0.474609 0.431641 0.472656 0.435547 0.472656 0.437500 0.470703 0.439453 0.470703 0.441406 0.472656 0.451172 0.472656 0.453125 0.470703 0.457031 0.470703 0.460938 0.466797 0.460938 0.464844 0.462891 0.462891 0.464844 0.462891 0.466797 0.460938 0.470703 0.460938 0.472656 0.458984 0.474609 0.458984 0.476562 0.460938 0.476562 0.462891 0.480469 0.462891 0.482422 0.460938 0.484375 0.462891 0.484375 0.464844 0.486328 0.466797 0.490234 0.466797 0.492188 0.464844 0.494141 0.464844 0.496094 0.462891 0.498047 0.464844 0.501953 0.464844 0.503906 0.466797 0.503906 0.468750 0.509766 0.468750 0.511719 0.466797 0.513672 0.466797 0.515625 0.464844 0.515625 0.462891 0.517578 0.460938 0.519531 0.462891 0.523438 0.462891 0.523438 0.460938 0.525391 0.458984 0.525391 0.457031 0.527344 0.455078 0.529297 0.455078 0.529297 0.453125 0.531250 0.451172 0.531250 0.449219 0.533203 0.447266 0.533203 0.445312 0.535156 0.443359 0.535156 0.437500 0.531250 0.433594 0.531250 0.429688 0.523438 0.421875 0.519531 0.421875 0.515625 0.425781 0.515625 0.427734 0.511719 0.431641 0.507812 0.427734 0.503906 0.427734 0.503906 0.435547 0.501953 0.437500 0.500000 0.435547 0.496094 0.435547 0.494141 0.437500 0.492188 0.437500 0.490234 0.435547 0.494141 0.431641 0.494141 0.419922 0.490234 0.416016 0.490234 0.414062 0.488281 0.412109 0.484375 0.412109 0.480469 0.416016 0.476562 0.416016 0.470703 0.410156 0.470703 0.402344 0.466797 0.398438 0.466797 0.396484 0.462891 0.396484 0.460938 0.394531 0.458984 0.394531 0.457031 0.392578 0.453125 0.392578 0.451172 0.390625 0.451172 0.388672 0.453125 0.386719 0.453125 0.382812 0.445312 0.382812 0.445312 0.386719 0.439453 0.392578 0.437500 0.390625 0.437500 0.382812 0.435547 0.380859
0 0.349609 0.283203 0.345703 0.287109 0.343750 0.285156 0.337891 0.285156 0.335938 0.287109 0.335938 0.289062 0.332031 0.292969 0.332031 0.294922 0.330078 0.296875 0.330078 0.300781 0.328125 0.302734 0.320312 0.302734 0.320312 0.306641 0.328125 0.314453 0.328125 0.316406 0.330078 0.316406 0.332031 0.314453 0.337891 0.320312 0.341797 0.320312 0.343750 0.322266 0.343750 0.324219 0.349609 0.324219 0.351562 0.322266 0.353516 0.322266 0.355469 0.320312 0.357422 0.320312 0.363281 0.326172 0.367188 0.326172 0.371094 0.330078 0.369141 0.332031 0.369141 0.335938 0.365234 0.339844 0.365234 0.341797 0.367188 0.343750 0.367188 0.347656 0.365234 0.349609 0.351562 0.349609 0.349609 0.347656 0.337891 0.347656 0.335938 0.349609 0.335938 0.353516 0.333984 0.355469 0.326172 0.355469 0.324219 0.357422 0.322266 0.355469 0.316406 0.355469 0.316406 0.365234 0.322266 0.371094 0.322266 0.375000 0.320312 0.376953 0.320312 0.380859 0.322266 0.382812 0.322266 0.384766 0.328125 0.384766 0.332031 0.388672 0.332031 0.396484 0.337891 0.402344 0.337891 0.404297 0.335938 0.406250 0.335938 0.408203 0.337891 0.410156 0.337891 0.416016 0.339844 0.417969 0.341797 0.417969 0.343750 0.419922 0.343750 0.421875 0.347656 0.421875 0.349609 0.419922 0.355469 0.425781 0.357422 0.423828 0.359375 0.423828 0.361328 0.425781 0.363281 0.425781 0.365234 0.427734 0.365234 0.421875 0.367188 0.419922 0.369141 0.419922 0.371094 0.417969 0.373047 0.417969 0.373047 0.416016 0.376953 0.412109 0.376953 0.408203 0.378906 0.406250 0.380859 0.406250 0.388672 0.398438 0.388672 0.394531 0.390625 0.392578 0.390625 0.388672 0.394531 0.384766 0.396484 0.384766 0.398438 0.382812 0.400391 0.382812 0.400391 0.380859 0.404297 0.376953 0.404297 0.375000 0.406250 0.373047 0.406250 0.357422 0.402344 0.353516 0.392578 0.353516 0.390625 0.355469 0.388672 0.355469 0.388672 0.359375 0.386719 0.361328 0.382812 0.361328 0.380859 0.359375 0.380859 0.357422 0.378906 0.355469 0.378906 0.335938 0.375000 0.332031 0.375000 0.330078 0.376953 0.328125 0.380859 0.328125 0.382812 0.330078 0.384766 0.330078 0.386719 0.332031 0.396484 0.332031 0.394531 0.330078 0.394531 0.324219 0.396484 0.322266 0.396484 0.318359 0.394531 0.316406 0.394531 0.314453 0.388672 0.308594 0.384766 0.308594 0.378906 0.314453 0.376953 0.314453 0.375000 0.312500 0.375000 0.308594 0.371094 0.308594 0.371094 0.310547 0.367188 0.314453 0.365234 0.314453 0.363281 0.312500 0.363281 0.306641 0.365234 0.304688 0.365234 0.298828 0.367188 0.296875 0.369141 0.296875 0.369141 0.294922 0.367188 0.292969 0.359375 0.292969 0.357422 0.291016 0.357422 0.289062 0.351562 0.283203
0 0.179688 0.224609 0.177734 0.226562 0.177734 0.228516 0.175781 0.230469 0.175781 0.240234 0.171875 0.244141 0.171875 0.248047 0.181641 0.248047 0.191406 0.257812 0.193359 0.257812 0.195312 0.255859 0.195312 0.253906 0.201172 0.248047 0.208984 0.248047 0.208984 0.246094 0.210938 0.244141 0.210938 0.234375 0.212891 0.232422 0.212891 0.228516 0.208984 0.224609
0 0.042969 0.191406 0.041016 0.193359 0.039062 0.193359 0.039062 0.201172 0.041016 0.203125 0.041016 0.205078 0.044922 0.208984 0.044922 0.210938 0.048828 0.214844 0.048828 0.222656 0.046875 0.224609 0.046875 0.230469 0.048828 0.230469 0.050781 0.232422 0.056641 0.232422 0.060547 0.236328 0.062500 0.236328 0.064453 0.234375 0.066406 0.236328 0.072266 0.236328 0.076172 0.240234 0.080078 0.240234 0.082031 0.242188 0.082031 0.244141 0.085938 0.248047 0.087891 0.248047 0.091797 0.244141 0.093750 0.244141 0.093750 0.242188 0.101562 0.234375 0.105469 0.234375 0.105469 0.224609 0.103516 0.222656 0.101562 0.222656 0.097656 0.226562 0.095703 0.224609 0.095703 0.216797 0.093750 0.216797 0.091797 0.214844 0.091797 0.210938 0.089844 0.208984 0.087891 0.208984 0.085938 0.207031 0.082031 0.207031 0.080078 0.208984 0.080078 0.210938 0.078125 0.212891 0.076172 0.212891 0.074219 0.210938 0.070312 0.210938 0.068359 0.212891 0.066406 0.212891 0.064453 0.210938 0.064453 0.201172 0.060547 0.197266 0.056641 0.197266 0.050781 0.191406
0 0.035156 0.169922 0.035156 0.171875 0.033203 0.173828 0.031250 0.173828 0.029297 0.175781 0.027344 0.175781 0.023438 0.179688 0.021484 0.179688 0.021484 0.181641 0.019531 0.183594 0.019531 0.185547 0.021484 0.187500 0.021484 0.193359 0.029297 0.193359 0.031250 0.191406 0.031250 0.189453 0.033203 0.187500 0.035156 0.187500 0.035156 0.185547 0.037109 0.183594 0.039062 0.183594 0.039062 0.181641 0.041016 0.179688 0.044922 0.179688 0.044922 0.175781 0.046875 0.173828 0.044922 0.171875 0.042969 0.171875 0.041016 0.169922
0 0.068359 0.166016 0.068359 0.167969 0.066406 0.169922 0.064453 0.167969 0.058594 0.167969 0.056641 0.169922 0.054688 0.169922 0.054688 0.173828 0.052734 0.175781 0.052734 0.185547 0.060547 0.185547 0.062500 0.183594 0.068359 0.183594 0.070312 0.185547 0.070312 0.189453 0.072266 0.191406 0.074219 0.191406 0.076172 0.193359 0.078125 0.193359 0.080078 0.195312 0.093750 0.195312 0.093750 0.189453 0.091797 0.187500 0.093750 0.185547 0.095703 0.185547 0.095703 0.181641 0.097656 0.179688 0.099609 0.179688 0.101562 0.181641 0.101562 0.183594 0.107422 0.183594 0.109375 0.181641 0.113281 0.181641 0.115234 0.183594 0.115234 0.189453 0.121094 0.189453 0.123047 0.187500 0.123047 0.179688 0.121094 0.177734 0.119141 0.177734 0.117188 0.179688 0.115234 0.177734 0.115234 0.175781 0.119141 0.171875 0.119141 0.169922 0.111328 0.169922 0.109375 0.171875 0.105469 0.171875 0.103516 0.173828 0.099609 0.173828 0.097656 0.175781 0.095703 0.175781 0.091797 0.171875 0.089844 0.171875 0.087891 0.169922 0.085938 0.169922 0.083984 0.167969 0.082031 0.167969 0.080078 0.166016
0 0.291016 0.138672 0.292969 0.140625 0.291016 0.142578 0.285156 0.142578 0.283203 0.144531 0.279297 0.144531 0.277344 0.142578 0.265625 0.142578 0.265625 0.144531 0.263672 0.146484 0.261719 0.146484 0.263672 0.148438 0.261719 0.150391 0.261719 0.154297 0.265625 0.158203 0.263672 0.160156 0.265625 0.160156 0.269531 0.156250 0.275391 0.156250 0.279297 0.160156 0.277344 0.162109 0.277344 0.166016 0.273438 0.169922 0.273438 0.173828 0.269531 0.177734 0.267578 0.175781 0.265625 0.175781 0.263672 0.177734 0.261719 0.177734 0.259766 0.179688 0.257812 0.179688 0.257812 0.181641 0.255859 0.183594 0.253906 0.181641 0.253906 0.179688 0.250000 0.179688 0.250000 0.183594 0.248047 0.185547 0.244141 0.185547 0.244141 0.187500 0.242188 0.189453 0.240234 0.189453 0.238281 0.191406 0.238281 0.195312 0.236328 0.197266 0.232422 0.197266 0.228516 0.201172 0.228516 0.203125 0.232422 0.203125 0.234375 0.205078 0.234375 0.207031 0.240234 0.212891 0.240234 0.214844 0.242188 0.216797 0.242188 0.226562 0.240234 0.228516 0.240234 0.230469 0.242188 0.228516 0.244141 0.228516 0.246094 0.230469 0.248047 0.230469 0.250000 0.228516 0.250000 0.224609 0.251953 0.222656 0.251953 0.220703 0.255859 0.216797 0.265625 0.216797 0.267578 0.218750 0.267578 0.220703 0.269531 0.222656 0.273438 0.222656 0.275391 0.224609 0.277344 0.224609 0.279297 0.226562 0.279297 0.236328 0.277344 0.238281 0.277344 0.240234 0.271484 0.246094 0.263672 0.246094 0.263672 0.248047 0.271484 0.255859 0.273438 0.255859 0.277344 0.259766 0.277344 0.261719 0.279297 0.263672 0.279297 0.265625 0.283203 0.265625 0.285156 0.263672 0.289062 0.263672 0.291016 0.261719 0.292969 0.261719 0.294922 0.259766 0.296875 0.261719 0.300781 0.261719 0.304688 0.257812 0.306641 0.257812 0.306641 0.255859 0.308594 0.253906 0.310547 0.253906 0.312500 0.251953 0.314453 0.251953 0.320312 0.246094 0.326172 0.246094 0.326172 0.244141 0.330078 0.240234 0.330078 0.238281 0.332031 0.236328 0.333984 0.236328 0.332031 0.234375 0.332031 0.232422 0.333984 0.230469 0.333984 0.226562 0.328125 0.226562 0.326172 0.224609 0.328125 0.222656 0.328125 0.220703 0.330078 0.218750 0.335938 0.218750 0.335938 0.216797 0.333984 0.214844 0.333984 0.212891 0.335938 0.210938 0.339844 0.210938 0.343750 0.214844 0.343750 0.216797 0.345703 0.216797 0.345703 0.214844 0.347656 0.212891 0.349609 0.212891 0.349609 0.208984 0.347656 0.207031 0.345703 0.207031 0.341797 0.203125 0.341797 0.199219 0.343750 0.197266 0.347656 0.197266 0.349609 0.195312 0.351562 0.195312 0.351562 0.187500 0.353516 0.185547 0.353516 0.183594 0.355469 0.181641 0.355469 0.175781 0.351562 0.171875 0.351562 0.169922 0.349609 0.167969 0.349609 0.162109 0.345703 0.158203 0.345703 0.156250 0.343750 0.156250 0.341797 0.154297 0.335938 0.154297 0.330078 0.148438 0.330078 0.146484 0.328125 0.144531 0.328125 0.142578 0.326172 0.144531 0.322266 0.144531 0.320312 0.146484 0.316406 0.146484 0.312500 0.142578 0.306641 0.142578 0.304688 0.140625 0.302734 0.140625 0.300781 0.138672
0 0.337891 0.128906 0.337891 0.132812 0.335938 0.134766 0.337891 0.136719 0.335938 0.138672 0.335938 0.140625 0.341797 0.146484 0.345703 0.146484 0.347656 0.148438 0.355469 0.148438 0.355469 0.146484 0.357422 0.144531 0.357422 0.140625 0.355469 0.138672 0.355469 0.136719 0.353516 0.134766 0.353516 0.132812 0.349609 0.128906
0 0.123047 0.076172 0.123047 0.078125 0.121094 0.080078 0.121094 0.082031 0.123047 0.082031 0.125000 0.083984 0.126953 0.083984 0.130859 0.087891 0.128906 0.089844 0.126953 0.089844 0.126953 0.093750 0.132812 0.093750 0.132812 0.091797 0.134766 0.089844 0.136719 0.091797 0.142578 0.091797 0.142578 0.089844 0.140625 0.089844 0.138672 0.087891 0.138672 0.085938 0.130859 0.078125 0.128906 0.078125 0.126953 0.076172
0 0.070312 0.066406 0.068359 0.068359 0.068359 0.070312 0.072266 0.074219 0.072266 0.076172 0.074219 0.076172 0.076172 0.078125 0.074219 0.080078 0.070312 0.080078 0.064453 0.074219 0.062500 0.074219 0.054688 0.082031 0.052734 0.082031 0.052734 0.085938 0.050781 0.087891 0.048828 0.087891 0.048828 0.089844 0.046875 0.091797 0.046875 0.095703 0.042969 0.099609 0.039062 0.099609 0.037109 0.101562 0.037109 0.105469 0.035156 0.107422 0.031250 0.107422 0.033203 0.107422 0.035156 0.109375 0.035156 0.111328 0.033203 0.113281 0.031250 0.113281 0.031250 0.121094 0.027344 0.125000 0.027344 0.130859 0.029297 0.132812 0.039062 0.132812 0.046875 0.125000 0.054688 0.125000 0.056641 0.123047 0.058594 0.123047 0.062500 0.119141 0.062500 0.117188 0.060547 0.117188 0.058594 0.115234 0.060547 0.113281 0.060547 0.109375 0.062500 0.107422 0.064453 0.107422 0.066406 0.105469 0.070312 0.105469 0.072266 0.107422 0.074219 0.107422 0.076172 0.109375 0.076172 0.115234 0.080078 0.115234 0.082031 0.113281 0.083984 0.113281 0.083984 0.111328 0.085938 0.109375 0.087891 0.109375 0.089844 0.111328 0.097656 0.111328 0.099609 0.109375 0.101562 0.111328 0.105469 0.111328 0.107422 0.109375 0.107422 0.107422 0.109375 0.105469 0.109375 0.097656 0.105469 0.097656 0.103516 0.095703 0.103516 0.093750 0.101562 0.093750 0.097656 0.089844 0.097656 0.087891 0.095703 0.089844 0.089844 0.083984 0.087891 0.085938 0.085938 0.083984 0.085938 0.080078 0.083984 0.078125 0.083984 0.076172 0.078125 0.076172 0.076172 0.078125 0.074219 0.076172 0.074219 0.074219 0.076172 0.072266 0.078125 0.072266 0.080078 0.070312 0.080078 0.066406
0 0.132812 0.042969 0.130859 0.044922 0.126953 0.044922 0.125000 0.046875 0.123047 0.046875 0.123047 0.048828 0.128906 0.054688 0.126953 0.056641 0.126953 0.066406 0.125000 0.068359 0.126953 0.070312 0.128906 0.070312 0.132812 0.074219 0.134766 0.074219 0.138672 0.070312 0.138672 0.062500 0.136719 0.060547 0.136719 0.056641 0.134766 0.054688 0.134766 0.052734 0.132812 0.050781 0.134766 0.048828 0.134766 0.042969
0 0.181641 0.000000 0.181641 0.001953 0.183594 0.001953 0.185547 0.003906 0.185547 0.009766 0.179688 0.015625 0.179688 0.021484 0.181641 0.023438 0.183594 0.023438 0.185547 0.025391 0.185547 0.029297 0.195312 0.029297 0.195312 0.025391 0.197266 0.023438 0.199219 0.025391 0.199219 0.029297 0.203125 0.029297 0.203125 0.027344 0.205078 0.025391 0.207031 0.027344 0.207031 0.029297 0.210938 0.033203 0.210938 0.035156 0.212891 0.035156 0.214844 0.037109 0.214844 0.039062 0.212891 0.041016 0.214844 0.041016 0.216797 0.042969 0.218750 0.042969 0.222656 0.046875 0.224609 0.046875 0.230469 0.052734 0.228516 0.054688 0.236328 0.054688 0.236328 0.052734 0.238281 0.050781 0.242188 0.050781 0.244141 0.052734 0.244141 0.056641 0.246094 0.058594 0.246094 0.060547 0.244141 0.062500 0.244141 0.064453 0.242188 0.066406 0.234375 0.066406 0.234375 0.068359 0.232422 0.070312 0.230469 0.070312 0.228516 0.068359 0.222656 0.068359 0.218750 0.072266 0.216797 0.072266 0.216797 0.082031 0.218750 0.083984 0.222656 0.083984 0.224609 0.085938 0.226562 0.085938 0.230469 0.082031 0.238281 0.082031 0.240234 0.083984 0.240234 0.085938 0.242188 0.087891 0.242188 0.089844 0.246094 0.093750 0.246094 0.095703 0.248047 0.097656 0.255859 0.097656 0.257812 0.099609 0.259766 0.099609 0.261719 0.097656 0.265625 0.101562 0.269531 0.101562 0.271484 0.099609 0.271484 0.097656 0.273438 0.095703 0.275391 0.095703 0.275391 0.093750 0.277344 0.091797 0.285156 0.091797 0.287109 0.089844 0.291016 0.089844 0.292969 0.087891 0.292969 0.085938 0.291016 0.083984 0.291016 0.082031 0.292969 0.080078 0.292969 0.074219 0.291016 0.072266 0.291016 0.068359 0.292969 0.066406 0.292969 0.056641 0.291016 0.054688 0.289062 0.054688 0.283203 0.060547 0.279297 0.060547 0.277344 0.058594 0.271484 0.058594 0.265625 0.064453 0.265625 0.066406 0.263672 0.068359 0.261719 0.068359 0.257812 0.072266 0.253906 0.072266 0.253906 0.074219 0.251953 0.076172 0.248047 0.076172 0.246094 0.078125 0.246094 0.080078 0.244141 0.082031 0.240234 0.082031 0.238281 0.080078 0.238281 0.078125 0.236328 0.078125 0.232422 0.074219 0.232422 0.070312 0.234375 0.068359 0.236328 0.068359 0.240234 0.072266 0.244141 0.072266 0.246094 0.070312 0.248047 0.070312 0.250000 0.068359 0.250000 0.062500 0.246094 0.058594 0.248047 0.056641 0.255859 0.056641 0.257812 0.054688 0.261719 0.054688 0.265625 0.050781 0.273438 0.050781 0.275391 0.048828 0.279297 0.048828 0.281250 0.050781 0.287109 0.050781 0.287109 0.048828 0.289062 0.046875 0.296875 0.046875 0.300781 0.042969 0.300781 0.039062 0.296875 0.039062 0.292969 0.035156 0.292969 0.031250 0.287109 0.031250 0.285156 0.033203 0.285156 0.035156 0.283203 0.037109 0.281250 0.037109 0.279297 0.035156 0.277344 0.035156 0.275391 0.037109 0.269531 0.037109 0.267578 0.035156 0.267578 0.033203 0.269531 0.031250 0.271484 0.031250 0.271484 0.029297 0.273438 0.027344 0.275391 0.027344 0.275391 0.019531 0.277344 0.017578 0.279297 0.019531 0.281250 0.019531 0.281250 0.015625 0.279297 0.013672 0.279297 0.011719 0.277344 0.011719 0.273438 0.007812 0.273438 0.000000 0.255859 0.000000 0.251953 0.003906 0.250000 0.003906 0.246094 0.007812 0.238281 0.007812 0.236328 0.009766 0.236328 0.011719 0.230469 0.017578 0.228516 0.017578 0.226562 0.019531 0.226562 0.021484 0.224609 0.023438 0.222656 0.023438 0.220703 0.021484 0.218750 0.023438 0.216797 0.023438 0.214844 0.021484 0.210938 0.021484 0.208984 0.023438 0.207031 0.021484 0.207031 0.019531 0.208984 0.017578 0.208984 0.015625 0.210938 0.013672 0.218750 0.013672 0.218750 0.011719 0.220703 0.009766 0.220703 0.007812 0.226562 0.001953 0.228516 0.003906 0.228516 0.005859 0.230469 0.005859 0.232422 0.003906 0.232422 0.000000
0 0.003906 0.000000 0.001953 0.001953 0.001953 0.007812 0.000000 0.009766 0.000000 0.013672 0.003906 0.013672 0.003906 0.011719 0.005859 0.009766 0.005859 0.005859 0.007812 0.003906 0.009766 0.003906 0.011719 0.005859 0.011719 0.011719 0.013672 0.013672 0.015625 0.013672 0.019531 0.017578 0.019531 0.019531 0.025391 0.019531 0.025391 0.017578 0.027344 0.015625 0.027344 0.013672 0.031250 0.009766 0.033203 0.009766 0.035156 0.007812 0.039062 0.007812 0.039062 0.005859 0.042969 0.001953 0.046875 0.001953 0.048828 0.000000 0.056641 0.000000 0.058594 0.001953 0.058594 0.005859 0.064453 0.011719 0.078125 0.011719 0.082031 0.007812 0.082031 0.005859 0.083984 0.003906 0.083984 0.000000