0 0.234375 0.939453 0.234375 0.943359 0.232422 0.945312 0.226562 0.945312 0.226562 0.947266 0.224609 0.949219 0.220703 0.949219 0.220703 0.951172 0.218750 0.953125 0.212891 0.953125 0.212891 0.960938 0.224609 0.960938 0.224609 0.958984 0.226562 0.957031 0.228516 0.957031 0.228516 0.955078 0.230469 0.953125 0.234375 0.953125 0.234375 0.949219 0.236328 0.947266 0.242188 0.947266 0.242188 0.939453
0 0.253906 0.935547 0.253906 0.943359 0.261719 0.943359 0.261719 0.935547
0 0.277344 0.929688 0.277344 0.937500 0.285156 0.937500 0.285156 0.929688
0 0.521484 0.919922 0.521484 0.925781 0.523438 0.925781 0.525391 0.927734 0.529297 0.927734 0.535156 0.933594 0.539062 0.933594 0.541016 0.935547 0.544922 0.935547 0.546875 0.937500 0.546875 0.941406 0.550781 0.941406 0.552734 0.943359 0.552734 0.945312 0.554688 0.945312 0.556641 0.947266 0.556641 0.949219 0.558594 0.949219 0.560547 0.951172 0.560547 0.955078 0.564453 0.955078 0.566406 0.957031 0.566406 0.958984 0.570312 0.958984 0.572266 0.960938 0.574219 0.960938 0.578125 0.964844 0.578125 0.966797 0.582031 0.966797 0.583984 0.968750 0.585938 0.968750 0.589844 0.972656 0.601562 0.972656 0.603516 0.974609 0.609375 0.974609 0.611328 0.976562 0.613281 0.976562 0.615234 0.978516 0.615234 0.980469 0.625000 0.980469 0.626953 0.982422 0.628906 0.982422 0.630859 0.984375 0.644531 0.984375 0.646484 0.986328 0.675781 0.986328 0.679688 0.982422 0.683594 0.982422 0.685547 0.980469 0.689453 0.980469 0.689453 0.978516 0.691406 0.976562 0.697266 0.976562 0.699219 0.974609 0.701172 0.974609 0.701172 0.966797 0.695312 0.966797 0.695312 0.968750 0.693359 0.970703 0.687500 0.970703 0.687500 0.972656 0.685547 0.974609 0.679688 0.974609 0.675781 0.978516 0.669922 0.978516 0.667969 0.980469 0.650391 0.980469 0.648438 0.978516 0.634766 0.978516 0.632812 0.976562 0.630859 0.976562 0.628906 0.974609 0.619141 0.974609 0.617188 0.972656 0.617188 0.970703 0.611328 0.970703 0.609375 0.968750 0.607422 0.968750 0.605469 0.966797 0.595703 0.966797 0.593750 0.964844 0.591797 0.964844 0.589844 0.962891 0.585938 0.962891 0.582031 0.958984 0.582031 0.957031 0.580078 0.957031 0.576172 0.953125 0.568359 0.953125 0.566406 0.951172 0.566406 0.949219 0.564453 0.949219 0.562500 0.947266 0.562500 0.943359 0.560547 0.943359 0.558594 0.941406 0.558594 0.939453 0.554688 0.939453 0.552734 0.937500 0.552734 0.935547 0.550781 0.935547 0.548828 0.933594 0.548828 0.929688 0.542969 0.929688 0.541016 0.927734 0.541016 0.925781 0.539062 0.925781 0.537109 0.923828 0.535156 0.923828 0.533203 0.921875 0.529297 0.921875 0.527344 0.919922
0 0.296875 0.919922 0.296875 0.927734 0.304688 0.927734 0.304688 0.919922
0 0.314453 0.912109 0.314453 0.919922 0.322266 0.919922 0.322266 0.912109
0 0.333984 0.906250 0.333984 0.914062 0.341797 0.914062 0.341797 0.906250
0 0.494141 0.898438 0.494141 0.906250 0.521484 0.906250 0.521484 0.898438
0 0.480469 0.898438 0.480469 0.906250 0.488281 0.906250 0.488281 0.898438
0 0.353516 0.896484 0.353516 0.904297 0.361328 0.904297 0.361328 0.896484
0 0.326172 0.896484 0.326172 0.902344 0.335938 0.902344 0.335938 0.896484
0 0.458984 0.892578 0.458984 0.900391 0.466797 0.900391 0.466797 0.892578
0 0.373047 0.888672 0.373047 0.896484 0.380859 0.896484 0.380859 0.888672
0 0.443359 0.884766 0.443359 0.892578 0.451172 0.892578 0.451172 0.884766
0 0.419922 0.882812 0.419922 0.890625 0.427734 0.890625 0.427734 0.882812
0 0.400391 0.882812 0.400391 0.890625 0.408203 0.890625 0.408203 0.882812
0 0.267578 0.880859 0.265625 0.882812 0.263672 0.882812 0.259766 0.886719 0.255859 0.886719 0.253906 0.884766 0.240234 0.884766 0.222656 0.902344 0.220703 0.902344 0.218750 0.904297 0.214844 0.904297 0.210938 0.908203 0.201172 0.908203 0.199219 0.910156 0.197266 0.910156 0.197266 0.912109 0.195312 0.914062 0.191406 0.914062 0.191406 0.916016 0.187500 0.919922 0.187500 0.927734 0.193359 0.927734 0.195312 0.925781 0.195312 0.921875 0.197266 0.919922 0.201172 0.919922 0.201172 0.917969 0.205078 0.914062 0.216797 0.914062 0.220703 0.910156 0.224609 0.910156 0.226562 0.908203 0.230469 0.908203 0.230469 0.906250 0.246094 0.890625 0.248047 0.890625 0.250000 0.892578 0.263672 0.892578 0.265625 0.890625 0.267578 0.890625 0.271484 0.886719 0.277344 0.886719 0.279297 0.888672 0.279297 0.890625 0.281250 0.890625 0.283203 0.892578 0.294922 0.892578 0.302734 0.900391 0.302734 0.902344 0.304688 0.904297 0.310547 0.904297 0.310547 0.898438 0.308594 0.896484 0.308594 0.892578 0.306641 0.892578 0.302734 0.888672 0.302734 0.886719 0.287109 0.886719 0.285156 0.884766 0.283203 0.884766 0.281250 0.882812 0.281250 0.880859
0 0.447266 0.783203 0.443359 0.787109 0.441406 0.787109 0.439453 0.789062 0.437500 0.789062 0.435547 0.791016 0.433594 0.791016 0.431641 0.789062 0.406250 0.789062 0.404297 0.791016 0.400391 0.791016 0.394531 0.796875 0.392578 0.796875 0.392578 0.798828 0.388672 0.802734 0.386719 0.802734 0.384766 0.804688 0.380859 0.804688 0.380859 0.806641 0.378906 0.808594 0.376953 0.808594 0.376953 0.810547 0.373047 0.814453 0.371094 0.814453 0.371094 0.818359 0.369141 0.820312 0.369141 0.822266 0.367188 0.824219 0.367188 0.839844 0.363281 0.843750 0.363281 0.845703 0.361328 0.847656 0.361328 0.851562 0.359375 0.853516 0.359375 0.863281 0.357422 0.865234 0.357422 0.884766 0.363281 0.884766 0.363281 0.871094 0.365234 0.869141 0.365234 0.859375 0.367188 0.857422 0.367188 0.853516 0.369141 0.851562 0.369141 0.849609 0.371094 0.847656 0.371094 0.845703 0.373047 0.843750 0.375000 0.843750 0.375000 0.832031 0.373047 0.830078 0.373047 0.828125 0.375000 0.826172 0.375000 0.822266 0.378906 0.818359 0.380859 0.818359 0.382812 0.816406 0.382812 0.814453 0.384766 0.812500 0.386719 0.812500 0.390625 0.808594 0.394531 0.808594 0.396484 0.806641 0.396484 0.804688 0.398438 0.802734 0.400391 0.802734 0.406250 0.796875 0.408203 0.796875 0.410156 0.794922 0.427734 0.794922 0.429688 0.796875 0.441406 0.796875 0.443359 0.794922 0.445312 0.794922 0.447266 0.792969 0.449219 0.792969 0.451172 0.791016 0.453125 0.791016 0.455078 0.789062 0.466797 0.789062 0.466797 0.783203
0 0.337891 0.697266 0.335938 0.699219 0.335938 0.703125 0.333984 0.705078 0.332031 0.705078 0.330078 0.707031 0.326172 0.707031 0.326172 0.708984 0.324219 0.710938 0.322266 0.710938 0.318359 0.714844 0.308594 0.714844 0.306641 0.716797 0.298828 0.716797 0.296875 0.718750 0.294922 0.718750 0.292969 0.720703 0.291016 0.720703 0.291016 0.722656 0.289062 0.724609 0.283203 0.724609 0.281250 0.726562 0.277344 0.726562 0.275391 0.728516 0.275391 0.730469 0.273438 0.732422 0.269531 0.732422 0.267578 0.734375 0.265625 0.734375 0.265625 0.759766 0.275391 0.759766 0.275391 0.753906 0.273438 0.753906 0.271484 0.751953 0.271484 0.740234 0.273438 0.738281 0.275391 0.738281 0.275391 0.736328 0.277344 0.734375 0.281250 0.734375 0.285156 0.730469 0.289062 0.730469 0.289062 0.728516 0.291016 0.726562 0.296875 0.726562 0.298828 0.724609 0.300781 0.724609 0.302734 0.722656 0.310547 0.722656 0.312500 0.720703 0.322266 0.720703 0.324219 0.718750 0.326172 0.718750 0.328125 0.716797 0.328125 0.714844 0.330078 0.712891 0.332031 0.712891 0.333984 0.710938 0.337891 0.710938 0.337891 0.708984 0.339844 0.707031 0.341797 0.707031 0.341797 0.705078 0.343750 0.703125 0.345703 0.703125 0.345703 0.697266
0 0.269531 0.662109 0.267578 0.664062 0.265625 0.664062 0.261719 0.667969 0.257812 0.667969 0.255859 0.669922 0.251953 0.669922 0.251953 0.671875 0.250000 0.673828 0.248047 0.673828 0.244141 0.677734 0.244141 0.679688 0.242188 0.681641 0.240234 0.681641 0.240234 0.683594 0.238281 0.685547 0.236328 0.685547 0.234375 0.687500 0.232422 0.687500 0.232422 0.689453 0.230469 0.691406 0.226562 0.691406 0.226562 0.707031 0.228516 0.707031 0.230469 0.708984 0.230469 0.712891 0.232422 0.714844 0.234375 0.714844 0.236328 0.716797 0.236328 0.718750 0.238281 0.720703 0.244141 0.720703 0.244141 0.714844 0.242188 0.712891 0.242188 0.710938 0.240234 0.710938 0.236328 0.707031 0.236328 0.703125 0.234375 0.703125 0.232422 0.701172 0.232422 0.699219 0.234375 0.697266 0.236328 0.697266 0.236328 0.695312 0.240234 0.691406 0.242188 0.691406 0.244141 0.689453 0.246094 0.689453 0.246094 0.685547 0.248047 0.683594 0.250000 0.683594 0.253906 0.679688 0.253906 0.677734 0.255859 0.675781 0.261719 0.675781 0.263672 0.673828 0.267578 0.673828 0.273438 0.667969 0.275391 0.667969 0.281250 0.673828 0.281250 0.675781 0.283203 0.675781 0.285156 0.677734 0.285156 0.679688 0.287109 0.679688 0.291016 0.683594 0.292969 0.683594 0.294922 0.685547 0.312500 0.685547 0.314453 0.683594 0.316406 0.683594 0.318359 0.681641 0.330078 0.681641 0.332031 0.679688 0.335938 0.679688 0.339844 0.675781 0.343750 0.675781 0.345703 0.673828 0.347656 0.673828 0.349609 0.671875 0.367188 0.671875 0.369141 0.673828 0.380859 0.673828 0.382812 0.675781 0.386719 0.675781 0.388672 0.677734 0.388672 0.679688 0.390625 0.679688 0.392578 0.681641 0.392578 0.683594 0.390625 0.685547 0.388672 0.685547 0.388672 0.689453 0.386719 0.691406 0.386719 0.705078 0.388672 0.707031 0.388672 0.708984 0.390625 0.708984 0.392578 0.710938 0.392578 0.712891 0.394531 0.712891 0.396484 0.714844 0.396484 0.718750 0.398438 0.720703 0.400391 0.720703 0.404297 0.724609 0.404297 0.726562 0.406250 0.726562 0.408203 0.728516 0.408203 0.730469 0.406250 0.732422 0.404297 0.732422 0.404297 0.734375 0.402344 0.736328 0.378906 0.736328 0.373047 0.742188 0.371094 0.742188 0.369141 0.744141 0.367188 0.744141 0.365234 0.746094 0.363281 0.746094 0.363281 0.750000 0.361328 0.751953 0.357422 0.751953 0.355469 0.753906 0.349609 0.753906 0.345703 0.757812 0.343750 0.757812 0.341797 0.759766 0.341797 0.761719 0.339844 0.763672 0.339844 0.767578 0.337891 0.769531 0.335938 0.769531 0.333984 0.767578 0.330078 0.767578 0.328125 0.765625 0.318359 0.765625 0.316406 0.767578 0.312500 0.767578 0.312500 0.769531 0.310547 0.771484 0.306641 0.771484 0.306641 0.773438 0.304688 0.775391 0.302734 0.775391 0.302734 0.777344 0.298828 0.781250 0.296875 0.781250 0.291016 0.787109 0.271484 0.787109 0.269531 0.789062 0.265625 0.789062 0.265625 0.796875 0.271484 0.796875 0.271484 0.794922 0.273438 0.792969 0.296875 0.792969 0.300781 0.789062 0.302734 0.789062 0.304688 0.787109 0.306641 0.787109 0.306641 0.785156 0.308594 0.783203 0.308594 0.779297 0.310547 0.777344 0.314453 0.777344 0.316406 0.775391 0.318359 0.775391 0.320312 0.773438 0.328125 0.773438 0.330078 0.775391 0.332031 0.775391 0.333984 0.777344 0.343750 0.777344 0.345703 0.775391 0.345703 0.769531 0.347656 0.767578 0.347656 0.765625 0.349609 0.763672 0.353516 0.763672 0.353516 0.761719 0.355469 0.759766 0.359375 0.759766 0.361328 0.757812 0.367188 0.757812 0.369141 0.755859 0.369141 0.753906 0.371094 0.751953 0.373047 0.751953 0.373047 0.750000 0.375000 0.748047 0.376953 0.748047 0.378906 0.746094 0.380859 0.746094 0.384766 0.742188 0.408203 0.742188 0.408203 0.740234 0.410156 0.738281 0.414062 0.738281 0.414062 0.724609 0.412109 0.724609 0.410156 0.722656 0.410156 0.718750 0.408203 0.716797 0.406250 0.716797 0.402344 0.712891 0.402344 0.710938 0.400391 0.710938 0.398438 0.708984 0.398438 0.707031 0.396484 0.707031 0.394531 0.705078 0.394531 0.701172 0.392578 0.699219 0.392578 0.697266 0.394531 0.695312 0.394531 0.693359 0.396484 0.691406 0.398438 0.691406 0.398438 0.675781 0.396484 0.673828 0.394531 0.673828 0.392578 0.671875 0.392578 0.669922 0.388672 0.669922 0.386719 0.667969 0.375000 0.667969 0.373047 0.666016 0.345703 0.666016 0.343750 0.667969 0.339844 0.667969 0.337891 0.669922 0.333984 0.669922 0.330078 0.673828 0.328125 0.673828 0.326172 0.675781 0.312500 0.675781 0.310547 0.677734 0.306641 0.677734 0.304688 0.679688 0.298828 0.679688 0.292969 0.673828 0.291016 0.673828 0.289062 0.671875 0.289062 0.669922 0.287109 0.667969 0.287109 0.666016 0.285156 0.666016 0.283203 0.664062 0.283203 0.662109