0 0.951172 0.962891 0.951172 0.964844 0.949219 0.966797 0.931641 0.966797 0.931641 0.980469 0.962891 0.980469 0.962891 0.978516 0.964844 0.976562 0.966797 0.976562 0.966797 0.962891
0 0.625000 0.949219 0.625000 0.962891 0.626953 0.962891 0.628906 0.964844 0.630859 0.964844 0.632812 0.966797 0.632812 0.970703 0.634766 0.970703 0.638672 0.974609 0.638672 0.976562 0.640625 0.976562 0.642578 0.978516 0.642578 0.980469 0.646484 0.984375 0.660156 0.984375 0.660156 0.970703 0.658203 0.968750 0.658203 0.966797 0.654297 0.966797 0.652344 0.964844 0.652344 0.962891 0.650391 0.960938 0.650391 0.958984 0.648438 0.958984 0.646484 0.957031 0.644531 0.957031 0.642578 0.955078 0.642578 0.951172 0.640625 0.951172 0.638672 0.949219
0 0.638672 0.927734 0.636719 0.929688 0.634766 0.929688 0.634766 0.935547 0.642578 0.935547 0.644531 0.933594 0.650391 0.933594 0.652344 0.935547 0.654297 0.935547 0.656250 0.937500 0.658203 0.937500 0.660156 0.939453 0.662109 0.939453 0.664062 0.941406 0.666016 0.941406 0.671875 0.947266 0.671875 0.949219 0.677734 0.955078 0.677734 0.957031 0.679688 0.958984 0.679688 0.960938 0.681641 0.962891 0.681641 0.968750 0.683594 0.970703 0.683594 0.972656 0.685547 0.974609 0.685547 0.976562 0.687500 0.978516 0.687500 0.980469 0.691406 0.980469 0.693359 0.982422 0.703125 0.982422 0.703125 0.976562 0.697266 0.976562 0.695312 0.974609 0.693359 0.974609 0.691406 0.972656 0.691406 0.970703 0.689453 0.968750 0.689453 0.966797 0.687500 0.964844 0.687500 0.958984 0.685547 0.957031 0.685547 0.953125 0.681641 0.949219 0.681641 0.947266 0.675781 0.941406 0.675781 0.939453 0.673828 0.937500 0.671875 0.937500 0.667969 0.933594 0.666016 0.933594 0.664062 0.931641 0.660156 0.931641 0.656250 0.927734
0 0.912109 0.855469 0.912109 0.857422 0.910156 0.859375 0.906250 0.859375 0.904297 0.861328 0.900391 0.861328 0.898438 0.863281 0.894531 0.863281 0.892578 0.865234 0.890625 0.865234 0.888672 0.867188 0.886719 0.867188 0.886719 0.882812 0.900391 0.882812 0.900391 0.880859 0.902344 0.878906 0.904297 0.878906 0.906250 0.876953 0.908203 0.876953 0.910156 0.875000 0.914062 0.875000 0.916016 0.873047 0.919922 0.873047 0.919922 0.871094 0.921875 0.869141 0.927734 0.869141 0.927734 0.855469
0 0.857422 0.849609 0.853516 0.853516 0.847656 0.853516 0.845703 0.855469 0.843750 0.855469 0.841797 0.857422 0.839844 0.857422 0.835938 0.861328 0.835938 0.871094 0.839844 0.875000 0.839844 0.876953 0.845703 0.876953 0.849609 0.880859 0.853516 0.880859 0.861328 0.888672 0.861328 0.892578 0.863281 0.894531 0.863281 0.910156 0.861328 0.912109 0.861328 0.914062 0.855469 0.919922 0.853516 0.919922 0.849609 0.923828 0.845703 0.923828 0.843750 0.925781 0.843750 0.943359 0.845703 0.945312 0.845703 0.947266 0.847656 0.949219 0.847656 0.951172 0.849609 0.953125 0.849609 0.955078 0.853516 0.958984 0.853516 0.960938 0.855469 0.962891 0.855469 0.968750 0.857422 0.970703 0.857422 0.972656 0.859375 0.974609 0.859375 0.976562 0.861328 0.978516 0.861328 0.980469 0.863281 0.982422 0.863281 0.984375 0.867188 0.988281 0.867188 0.992188 0.878906 0.992188 0.878906 0.990234 0.876953 0.988281 0.876953 0.984375 0.875000 0.982422 0.875000 0.980469 0.869141 0.974609 0.869141 0.972656 0.867188 0.970703 0.867188 0.968750 0.865234 0.966797 0.865234 0.964844 0.863281 0.962891 0.863281 0.958984 0.861328 0.957031 0.861328 0.953125 0.859375 0.951172 0.859375 0.949219 0.855469 0.945312 0.855469 0.943359 0.853516 0.941406 0.853516 0.937500 0.851562 0.935547 0.851562 0.933594 0.853516 0.931641 0.857422 0.931641 0.859375 0.929688 0.861328 0.929688 0.861328 0.927734 0.863281 0.925781 0.865234 0.925781 0.867188 0.923828 0.867188 0.921875 0.871094 0.917969 0.871094 0.886719 0.869141 0.884766 0.869141 0.880859 0.861328 0.873047 0.857422 0.873047 0.855469 0.871094 0.853516 0.871094 0.851562 0.869141 0.847656 0.869141 0.845703 0.867188 0.849609 0.863281 0.851562 0.863281 0.853516 0.861328 0.859375 0.861328 0.861328 0.859375 0.863281 0.859375 0.865234 0.857422 0.869141 0.857422 0.869141 0.849609
0 0.886719 0.748047 0.884766 0.750000 0.882812 0.750000 0.882812 0.751953 0.880859 0.753906 0.878906 0.753906 0.876953 0.755859 0.875000 0.755859 0.873047 0.757812 0.871094 0.757812 0.871094 0.759766 0.867188 0.763672 0.867188 0.767578 0.865234 0.769531 0.865234 0.773438 0.861328 0.777344 0.859375 0.777344 0.859375 0.779297 0.857422 0.781250 0.855469 0.781250 0.849609 0.787109 0.847656 0.787109 0.845703 0.789062 0.845703 0.791016 0.843750 0.792969 0.843750 0.802734 0.845703 0.804688 0.845703 0.806641 0.847656 0.808594 0.849609 0.808594 0.849609 0.806641 0.847656 0.804688 0.847656 0.802734 0.845703 0.800781 0.845703 0.794922 0.857422 0.783203 0.859375 0.783203 0.859375 0.781250 0.861328 0.779297 0.863281 0.779297 0.865234 0.777344 0.865234 0.775391 0.867188 0.773438 0.867188 0.769531 0.869141 0.767578 0.869141 0.765625 0.873047 0.761719 0.873047 0.759766 0.875000 0.757812 0.876953 0.757812 0.878906 0.755859 0.880859 0.755859 0.880859 0.753906 0.882812 0.751953 0.884766 0.751953 0.886719 0.750000 0.888672 0.750000 0.888672 0.748047
0 0.892578 0.744141 0.892578 0.746094 0.894531 0.746094 0.894531 0.744141
0 0.900391 0.740234 0.900391 0.742188 0.902344 0.742188 0.902344 0.740234
0 0.906250 0.736328 0.906250 0.738281 0.908203 0.738281 0.908203 0.736328
0 0.914062 0.730469 0.912109 0.732422 0.912109 0.734375 0.914062 0.734375 0.916016 0.732422 0.916016 0.730469
0 0.869141 0.324219 0.867188 0.326172 0.865234 0.326172 0.863281 0.328125 0.859375 0.328125 0.857422 0.330078 0.855469 0.330078 0.853516 0.332031 0.851562 0.332031 0.849609 0.333984 0.847656 0.333984 0.845703 0.335938 0.843750 0.335938 0.843750 0.345703 0.851562 0.345703 0.853516 0.343750 0.855469 0.343750 0.859375 0.339844 0.861328 0.339844 0.863281 0.337891 0.865234 0.337891 0.867188 0.335938 0.869141 0.335938 0.871094 0.333984 0.873047 0.333984 0.875000 0.332031 0.878906 0.332031 0.878906 0.324219
0 0.822266 0.308594 0.822266 0.310547 0.818359 0.314453 0.816406 0.314453 0.808594 0.322266 0.806641 0.322266 0.802734 0.326172 0.800781 0.326172 0.798828 0.328125 0.798828 0.330078 0.794922 0.333984 0.792969 0.333984 0.791016 0.335938 0.791016 0.339844 0.789062 0.341797 0.789062 0.343750 0.787109 0.345703 0.787109 0.355469 0.789062 0.357422 0.789062 0.359375 0.791016 0.361328 0.791016 0.363281 0.792969 0.363281 0.794922 0.365234 0.794922 0.367188 0.796875 0.367188 0.800781 0.371094 0.802734 0.371094 0.806641 0.375000 0.808594 0.375000 0.812500 0.378906 0.814453 0.378906 0.818359 0.382812 0.820312 0.382812 0.822266 0.384766 0.824219 0.384766 0.826172 0.386719 0.826172 0.388672 0.830078 0.388672 0.833984 0.392578 0.837891 0.392578 0.839844 0.394531 0.871094 0.394531 0.873047 0.392578 0.873047 0.388672 0.867188 0.388672 0.865234 0.390625 0.843750 0.390625 0.841797 0.388672 0.837891 0.388672 0.833984 0.384766 0.828125 0.384766 0.826172 0.382812 0.826172 0.380859 0.824219 0.380859 0.820312 0.376953 0.818359 0.376953 0.814453 0.373047 0.812500 0.373047 0.808594 0.369141 0.806641 0.369141 0.802734 0.365234 0.800781 0.365234 0.798828 0.363281 0.798828 0.361328 0.796875 0.361328 0.794922 0.359375 0.794922 0.355469 0.792969 0.355469 0.791016 0.353516 0.791016 0.349609 0.792969 0.347656 0.792969 0.345703 0.794922 0.343750 0.794922 0.339844 0.796875 0.337891 0.798828 0.337891 0.800781 0.335938 0.800781 0.333984 0.806641 0.328125 0.808594 0.328125 0.812500 0.324219 0.814453 0.324219 0.822266 0.316406 0.824219 0.316406 0.824219 0.314453 0.826172 0.312500 0.830078 0.312500 0.830078 0.308594
0 0.058594 0.250000 0.058594 0.251953 0.062500 0.255859 0.064453 0.255859 0.066406 0.257812 0.070312 0.257812 0.072266 0.259766 0.078125 0.259766 0.080078 0.261719 0.095703 0.261719 0.097656 0.263672 0.107422 0.263672 0.105469 0.261719 0.099609 0.261719 0.097656 0.259766 0.082031 0.259766 0.080078 0.257812 0.074219 0.257812 0.072266 0.255859 0.068359 0.255859 0.062500 0.250000
0 0.068359 0.220703 0.068359 0.226562 0.078125 0.236328 0.078125 0.238281 0.080078 0.238281 0.085938 0.244141 0.089844 0.244141 0.089844 0.240234 0.085938 0.236328 0.083984 0.236328 0.080078 0.232422 0.080078 0.230469 0.074219 0.224609 0.074219 0.222656 0.072266 0.220703