0 0.480469 0.962891 0.480469 0.972656 0.496094 0.972656 0.496094 0.962891
0 0.503906 0.955078 0.503906 0.964844 0.513672 0.964844 0.513672 0.955078
0 0.523438 0.949219 0.523438 0.958984 0.533203 0.958984 0.533203 0.949219
0 0.542969 0.939453 0.542969 0.949219 0.566406 0.949219 0.566406 0.939453
0 0.236328 0.882812 0.234375 0.884766 0.226562 0.884766 0.226562 0.894531 0.224609 0.896484 0.216797 0.896484 0.214844 0.898438 0.210938 0.898438 0.210938 0.900391 0.208984 0.902344 0.203125 0.902344 0.203125 0.912109 0.212891 0.912109 0.212891 0.910156 0.214844 0.908203 0.220703 0.908203 0.222656 0.906250 0.226562 0.906250 0.226562 0.896484 0.228516 0.894531 0.236328 0.894531 0.238281 0.892578 0.246094 0.892578 0.246094 0.882812
0 0.250000 0.875000 0.250000 0.884766 0.259766 0.884766 0.259766 0.875000
0 0.968750 0.847656 0.968750 0.851562 0.970703 0.853516 0.968750 0.855469 0.957031 0.855469 0.957031 0.865234 0.958984 0.865234 0.960938 0.867188 0.957031 0.871094 0.955078 0.871094 0.955078 0.873047 0.953125 0.875000 0.949219 0.875000 0.949219 0.876953 0.947266 0.878906 0.947266 0.888672 0.949219 0.890625 0.951172 0.890625 0.957031 0.896484 0.957031 0.906250 0.951172 0.912109 0.937500 0.912109 0.937500 0.914062 0.933594 0.917969 0.927734 0.917969 0.927734 0.919922 0.925781 0.921875 0.923828 0.921875 0.923828 0.923828 0.921875 0.925781 0.919922 0.925781 0.919922 0.927734 0.917969 0.929688 0.916016 0.929688 0.914062 0.931641 0.910156 0.931641 0.908203 0.933594 0.908203 0.939453 0.910156 0.941406 0.910156 0.943359 0.912109 0.945312 0.914062 0.945312 0.916016 0.947266 0.912109 0.951172 0.912109 0.953125 0.910156 0.955078 0.904297 0.955078 0.900391 0.951172 0.871094 0.951172 0.871094 0.957031 0.869141 0.958984 0.869141 0.960938 0.867188 0.962891 0.865234 0.962891 0.861328 0.966797 0.849609 0.966797 0.847656 0.964844 0.847656 0.958984 0.845703 0.957031 0.845703 0.953125 0.841797 0.953125 0.841797 0.962891 0.843750 0.964844 0.843750 0.968750 0.845703 0.970703 0.865234 0.970703 0.869141 0.966797 0.873047 0.966797 0.873047 0.964844 0.875000 0.962891 0.875000 0.957031 0.876953 0.955078 0.896484 0.955078 0.900391 0.958984 0.914062 0.958984 0.919922 0.953125 0.919922 0.943359 0.917969 0.943359 0.916016 0.941406 0.916016 0.939453 0.914062 0.937500 0.916016 0.935547 0.917969 0.935547 0.919922 0.933594 0.921875 0.933594 0.921875 0.931641 0.923828 0.929688 0.925781 0.929688 0.933594 0.921875 0.937500 0.921875 0.939453 0.919922 0.939453 0.917969 0.941406 0.916016 0.955078 0.916016 0.958984 0.912109 0.958984 0.910156 0.960938 0.908203 0.960938 0.890625 0.958984 0.890625 0.957031 0.888672 0.957031 0.886719 0.955078 0.886719 0.951172 0.882812 0.955078 0.878906 0.958984 0.878906 0.958984 0.876953 0.960938 0.875000 0.962891 0.875000 0.964844 0.873047 0.964844 0.863281 0.962891 0.861328 0.964844 0.859375 0.966797 0.859375 0.968750 0.861328 0.976562 0.861328 0.976562 0.851562 0.974609 0.851562 0.972656 0.849609 0.972656 0.847656
0 0.683594 0.765625 0.683594 0.767578 0.681641 0.769531 0.679688 0.769531 0.679688 0.777344 0.677734 0.779297 0.671875 0.779297 0.671875 0.783203 0.669922 0.785156 0.666016 0.785156 0.666016 0.787109 0.664062 0.789062 0.660156 0.789062 0.660156 0.806641 0.669922 0.806641 0.669922 0.800781 0.671875 0.798828 0.675781 0.798828 0.675781 0.791016 0.677734 0.789062 0.681641 0.789062 0.681641 0.781250 0.683594 0.779297 0.689453 0.779297 0.689453 0.777344 0.691406 0.775391 0.693359 0.775391 0.693359 0.765625
0 0.689453 0.751953 0.689453 0.761719 0.699219 0.761719 0.699219 0.751953
0 0.718750 0.732422 0.718750 0.738281 0.716797 0.740234 0.707031 0.740234 0.707031 0.750000 0.716797 0.750000 0.716797 0.744141 0.718750 0.742188 0.732422 0.742188 0.732422 0.732422
0 0.919922 0.695312 0.916016 0.699219 0.914062 0.699219 0.912109 0.701172 0.908203 0.701172 0.906250 0.703125 0.902344 0.703125 0.900391 0.705078 0.894531 0.705078 0.894531 0.708984 0.904297 0.708984 0.906250 0.707031 0.912109 0.707031 0.914062 0.705078 0.916016 0.705078 0.917969 0.703125 0.919922 0.703125 0.921875 0.701172 0.923828 0.701172 0.925781 0.699219 0.931641 0.699219 0.931641 0.695312
0 0.267578 0.609375 0.267578 0.619141 0.277344 0.619141 0.277344 0.609375
0 0.250000 0.609375 0.250000 0.619141 0.259766 0.619141 0.259766 0.609375
0 0.292969 0.605469 0.292969 0.607422 0.291016 0.609375 0.287109 0.609375 0.287109 0.619141 0.302734 0.619141 0.302734 0.605469
0 0.234375 0.603516 0.234375 0.613281 0.244141 0.613281 0.244141 0.603516
0 0.220703 0.593750 0.220703 0.613281 0.230469 0.613281 0.230469 0.593750
0 0.224609 0.576172 0.224609 0.585938 0.234375 0.585938 0.234375 0.576172
0 0.226562 0.556641 0.226562 0.566406 0.236328 0.566406 0.236328 0.556641
0 0.236328 0.529297 0.236328 0.539062 0.246094 0.539062 0.246094 0.529297
0 0.250000 0.500000 0.250000 0.509766 0.259766 0.509766 0.259766 0.500000
0 0.867188 0.486328 0.865234 0.488281 0.865234 0.490234 0.863281 0.492188 0.859375 0.492188 0.857422 0.494141 0.857422 0.496094 0.855469 0.498047 0.855469 0.501953 0.853516 0.503906 0.853516 0.509766 0.847656 0.515625 0.847656 0.519531 0.851562 0.519531 0.853516 0.517578 0.855469 0.517578 0.855469 0.515625 0.857422 0.513672 0.857422 0.505859 0.859375 0.503906 0.859375 0.501953 0.865234 0.496094 0.867188 0.496094 0.869141 0.498047 0.869141 0.511719 0.873047 0.511719 0.875000 0.513672 0.869141 0.519531 0.869141 0.521484 0.867188 0.523438 0.867188 0.525391 0.859375 0.533203 0.855469 0.533203 0.853516 0.535156 0.851562 0.535156 0.849609 0.537109 0.849609 0.541016 0.855469 0.541016 0.857422 0.539062 0.859375 0.539062 0.861328 0.537109 0.863281 0.537109 0.865234 0.535156 0.867188 0.535156 0.869141 0.533203 0.869141 0.531250 0.871094 0.529297 0.871094 0.527344 0.873047 0.525391 0.873047 0.523438 0.880859 0.515625 0.882812 0.515625 0.882812 0.507812 0.875000 0.507812 0.873047 0.505859 0.873047 0.486328
0 0.259766 0.472656 0.259766 0.482422 0.269531 0.482422 0.269531 0.472656
0 0.273438 0.462891 0.273438 0.472656 0.283203 0.472656 0.283203 0.462891
0 0.296875 0.449219 0.296875 0.455078 0.294922 0.457031 0.287109 0.457031 0.287109 0.466797 0.296875 0.466797 0.296875 0.460938 0.298828 0.458984 0.306641 0.458984 0.306641 0.449219
0 0.314453 0.437500 0.314453 0.441406 0.312500 0.443359 0.310547 0.443359 0.310547 0.453125 0.320312 0.453125 0.320312 0.449219 0.322266 0.447266 0.324219 0.447266 0.324219 0.437500
0 0.628906 0.242188 0.628906 0.244141 0.626953 0.246094 0.625000 0.246094 0.625000 0.250000 0.628906 0.250000 0.628906 0.248047 0.630859 0.246094 0.632812 0.246094 0.632812 0.242188
0 0.634766 0.130859 0.634766 0.144531 0.632812 0.146484 0.632812 0.150391 0.630859 0.152344 0.630859 0.175781 0.632812 0.175781 0.636719 0.179688 0.636719 0.183594 0.642578 0.189453 0.642578 0.207031 0.644531 0.208984 0.644531 0.212891 0.642578 0.214844 0.642578 0.220703 0.640625 0.222656 0.640625 0.224609 0.638672 0.226562 0.638672 0.228516 0.636719 0.230469 0.636719 0.232422 0.634766 0.234375 0.630859 0.234375 0.630859 0.238281 0.634766 0.238281 0.634766 0.236328 0.636719 0.234375 0.640625 0.234375 0.640625 0.232422 0.642578 0.230469 0.642578 0.228516 0.644531 0.226562 0.644531 0.224609 0.646484 0.222656 0.646484 0.218750 0.648438 0.216797 0.648438 0.205078 0.646484 0.203125 0.646484 0.189453 0.644531 0.187500 0.644531 0.183594 0.642578 0.181641 0.642578 0.179688 0.638672 0.175781 0.638672 0.173828 0.636719 0.173828 0.634766 0.171875 0.634766 0.156250 0.636719 0.154297 0.636719 0.152344 0.638672 0.150391 0.638672 0.130859
0 0.626953 0.070312 0.625000 0.072266 0.625000 0.074219 0.621094 0.078125 0.619141 0.078125 0.619141 0.080078 0.617188 0.082031 0.615234 0.080078 0.609375 0.080078 0.609375 0.083984 0.611328 0.083984 0.613281 0.085938 0.623047 0.085938 0.623047 0.083984 0.625000 0.082031 0.626953 0.082031 0.628906 0.080078 0.628906 0.076172 0.630859 0.074219 0.632812 0.074219 0.632812 0.070312
0 0.517578 0.000000 0.517578 0.003906 0.519531 0.005859 0.523438 0.005859 0.529297 0.011719 0.533203 0.011719 0.535156 0.013672 0.535156 0.015625 0.539062 0.015625 0.548828 0.025391 0.554688 0.025391 0.556641 0.027344 0.576172 0.027344 0.576172 0.025391 0.578125 0.023438 0.578125 0.021484 0.580078 0.019531 0.582031 0.019531 0.583984 0.017578 0.587891 0.017578 0.587891 0.015625 0.589844 0.013672 0.591797 0.013672 0.593750 0.015625 0.593750 0.019531 0.595703 0.019531 0.597656 0.021484 0.597656 0.025391 0.595703 0.027344 0.593750 0.027344 0.589844 0.031250 0.587891 0.031250 0.587891 0.035156 0.585938 0.037109 0.583984 0.037109 0.582031 0.039062 0.580078 0.039062 0.580078 0.050781 0.582031 0.052734 0.585938 0.052734 0.587891 0.054688 0.587891 0.056641 0.589844 0.056641 0.591797 0.058594 0.617188 0.058594 0.619141 0.056641 0.621094 0.056641 0.621094 0.044922 0.617188 0.044922 0.617188 0.050781 0.613281 0.054688 0.597656 0.054688 0.595703 0.052734 0.591797 0.052734 0.589844 0.050781 0.589844 0.048828 0.585938 0.048828 0.583984 0.046875 0.583984 0.044922 0.587891 0.041016 0.591797 0.041016 0.591797 0.035156 0.593750 0.033203 0.597656 0.033203 0.597656 0.031250 0.599609 0.029297 0.601562 0.029297 0.601562 0.015625 0.599609 0.015625 0.597656 0.013672 0.597656 0.003906 0.593750 0.003906 0.589844 0.007812 0.587891 0.007812 0.585938 0.009766 0.583984 0.009766 0.583984 0.011719 0.582031 0.013672 0.578125 0.013672 0.576172 0.015625 0.574219 0.015625 0.574219 0.019531 0.570312 0.023438 0.568359 0.023438 0.566406 0.021484 0.566406 0.019531 0.554688 0.019531 0.550781 0.015625 0.548828 0.015625 0.544922 0.011719 0.544922 0.005859 0.542969 0.005859 0.541016 0.003906 0.541016 0.001953 0.539062 0.000000