0 0.736328 0.953125 0.736328 0.962891 0.746094 0.962891 0.746094 0.953125
0 0.708984 0.945312 0.708984 0.955078 0.718750 0.955078 0.718750 0.945312
0 0.685547 0.941406 0.685547 0.951172 0.695312 0.951172 0.695312 0.941406
0 0.662109 0.939453 0.662109 0.949219 0.671875 0.949219 0.671875 0.939453
0 0.783203 0.921875 0.783203 0.931641 0.787109 0.931641 0.789062 0.933594 0.789062 0.943359 0.787109 0.945312 0.785156 0.945312 0.785156 0.953125 0.783203 0.955078 0.779297 0.955078 0.779297 0.957031 0.777344 0.958984 0.767578 0.958984 0.765625 0.957031 0.765625 0.955078 0.755859 0.955078 0.755859 0.964844 0.763672 0.964844 0.765625 0.966797 0.765625 0.968750 0.785156 0.968750 0.785156 0.966797 0.787109 0.964844 0.789062 0.964844 0.789062 0.960938 0.791016 0.958984 0.794922 0.958984 0.794922 0.953125 0.796875 0.951172 0.798828 0.951172 0.798828 0.931641 0.794922 0.931641 0.792969 0.929688 0.792969 0.921875
0 0.761719 0.912109 0.761719 0.921875 0.763672 0.921875 0.765625 0.923828 0.765625 0.925781 0.767578 0.925781 0.769531 0.927734 0.769531 0.929688 0.779297 0.929688 0.779297 0.919922 0.777344 0.919922 0.775391 0.917969 0.775391 0.916016 0.773438 0.916016 0.771484 0.914062 0.771484 0.912109
0 0.646484 0.898438 0.646484 0.900391 0.644531 0.902344 0.636719 0.902344 0.636719 0.929688 0.640625 0.929688 0.642578 0.931641 0.642578 0.939453 0.652344 0.939453 0.652344 0.929688 0.648438 0.929688 0.646484 0.927734 0.646484 0.910156 0.648438 0.908203 0.656250 0.908203 0.656250 0.898438
0 0.662109 0.896484 0.662109 0.906250 0.671875 0.906250 0.671875 0.896484
0 0.689453 0.888672 0.689453 0.898438 0.699219 0.898438 0.699219 0.888672
0 0.707031 0.884766 0.707031 0.894531 0.732422 0.894531 0.732422 0.884766
0 0.628906 0.718750 0.628906 0.726562 0.626953 0.728516 0.619141 0.728516 0.619141 0.738281 0.617188 0.740234 0.617188 0.744141 0.615234 0.746094 0.609375 0.746094 0.609375 0.750000 0.607422 0.751953 0.605469 0.751953 0.605469 0.753906 0.603516 0.755859 0.603516 0.757812 0.601562 0.759766 0.595703 0.759766 0.595703 0.769531 0.613281 0.769531 0.613281 0.763672 0.617188 0.759766 0.619141 0.759766 0.619141 0.751953 0.621094 0.750000 0.626953 0.750000 0.626953 0.740234 0.628906 0.738281 0.628906 0.730469 0.630859 0.728516 0.638672 0.728516 0.638672 0.718750
0 0.642578 0.703125 0.642578 0.712891 0.652344 0.712891 0.652344 0.703125
0 0.669922 0.693359 0.669922 0.703125 0.693359 0.703125 0.693359 0.693359
0 0.656250 0.693359 0.656250 0.703125 0.666016 0.703125 0.666016 0.693359
0 0.054688 0.529297 0.054688 0.552734 0.064453 0.552734 0.064453 0.529297
0 0.046875 0.515625 0.046875 0.525391 0.056641 0.525391 0.056641 0.515625
0 0.037109 0.500000 0.037109 0.509766 0.046875 0.509766 0.046875 0.500000
0 0.021484 0.482422 0.021484 0.492188 0.023438 0.494141 0.023438 0.496094 0.033203 0.496094 0.033203 0.486328 0.031250 0.484375 0.031250 0.482422
0 0.671875 0.449219 0.671875 0.451172 0.669922 0.453125 0.669922 0.455078 0.667969 0.457031 0.666016 0.457031 0.664062 0.458984 0.660156 0.458984 0.660156 0.464844 0.658203 0.466797 0.652344 0.466797 0.652344 0.474609 0.650391 0.476562 0.650391 0.480469 0.648438 0.482422 0.646484 0.482422 0.646484 0.488281 0.644531 0.490234 0.642578 0.490234 0.642578 0.494141 0.640625 0.496094 0.625000 0.496094 0.623047 0.494141 0.617188 0.494141 0.615234 0.492188 0.615234 0.490234 0.613281 0.488281 0.613281 0.480469 0.576172 0.480469 0.576172 0.490234 0.601562 0.490234 0.605469 0.494141 0.605469 0.500000 0.611328 0.500000 0.613281 0.501953 0.613281 0.503906 0.617188 0.503906 0.619141 0.505859 0.652344 0.505859 0.652344 0.498047 0.654297 0.496094 0.656250 0.496094 0.656250 0.494141 0.658203 0.492188 0.660156 0.492188 0.660156 0.484375 0.662109 0.482422 0.662109 0.470703 0.664062 0.468750 0.669922 0.468750 0.671875 0.466797 0.675781 0.466797 0.675781 0.464844 0.677734 0.462891 0.679688 0.462891 0.679688 0.460938 0.681641 0.458984 0.683594 0.460938 0.683594 0.468750 0.687500 0.468750 0.689453 0.470703 0.689453 0.472656 0.701172 0.472656 0.703125 0.474609 0.703125 0.476562 0.710938 0.476562 0.712891 0.478516 0.712891 0.482422 0.714844 0.482422 0.716797 0.484375 0.716797 0.486328 0.718750 0.488281 0.718750 0.492188 0.720703 0.492188 0.722656 0.494141 0.722656 0.500000 0.724609 0.500000 0.726562 0.501953 0.726562 0.505859 0.744141 0.505859 0.746094 0.507812 0.746094 0.513672 0.748047 0.513672 0.750000 0.515625 0.750000 0.519531 0.753906 0.519531 0.755859 0.521484 0.755859 0.525391 0.759766 0.525391 0.761719 0.527344 0.761719 0.529297 0.767578 0.529297 0.769531 0.531250 0.769531 0.537109 0.779297 0.537109 0.779297 0.519531 0.767578 0.519531 0.765625 0.517578 0.765625 0.515625 0.761719 0.515625 0.759766 0.513672 0.759766 0.509766 0.757812 0.509766 0.755859 0.507812 0.755859 0.503906 0.748047 0.503906 0.746094 0.501953 0.746094 0.496094 0.738281 0.496094 0.736328 0.494141 0.736328 0.490234 0.730469 0.490234 0.728516 0.488281 0.728516 0.480469 0.726562 0.478516 0.726562 0.472656 0.724609 0.472656 0.722656 0.470703 0.722656 0.466797 0.707031 0.466797 0.705078 0.464844 0.705078 0.462891 0.701172 0.462891 0.699219 0.460938 0.699219 0.458984 0.687500 0.458984 0.685547 0.457031 0.685547 0.449219
0 0.376953 0.390625 0.375000 0.392578 0.373047 0.392578 0.373047 0.394531 0.371094 0.396484 0.369141 0.396484 0.369141 0.398438 0.367188 0.400391 0.333984 0.400391 0.333984 0.410156 0.337891 0.410156 0.339844 0.412109 0.339844 0.416016 0.341797 0.416016 0.343750 0.417969 0.343750 0.419922 0.345703 0.419922 0.347656 0.421875 0.347656 0.423828 0.373047 0.423828 0.373047 0.417969 0.375000 0.416016 0.376953 0.416016 0.376953 0.412109 0.378906 0.410156 0.378906 0.408203 0.380859 0.406250 0.382812 0.406250 0.382812 0.404297 0.384766 0.402344 0.390625 0.402344 0.390625 0.390625
0 0.187500 0.080078 0.187500 0.085938 0.185547 0.087891 0.183594 0.087891 0.183594 0.091797 0.181641 0.093750 0.177734 0.093750 0.177734 0.099609 0.175781 0.101562 0.173828 0.101562 0.171875 0.103516 0.169922 0.103516 0.169922 0.113281 0.179688 0.113281 0.181641 0.111328 0.183594 0.111328 0.183594 0.109375 0.185547 0.107422 0.187500 0.107422 0.187500 0.105469 0.189453 0.103516 0.189453 0.099609 0.191406 0.097656 0.193359 0.097656 0.193359 0.091797 0.195312 0.089844 0.197266 0.089844 0.197266 0.080078
0 0.189453 0.064453 0.189453 0.074219 0.199219 0.074219 0.199219 0.064453
0 0.201172 0.046875 0.201172 0.056641 0.210938 0.056641 0.210938 0.046875
0 0.201172 0.033203 0.201172 0.042969 0.212891 0.042969 0.212891 0.033203
0 0.585938 0.011719 0.585938 0.015625 0.583984 0.017578 0.582031 0.017578 0.582031 0.025391 0.580078 0.027344 0.576172 0.027344 0.576172 0.031250 0.574219 0.033203 0.572266 0.033203 0.572266 0.035156 0.570312 0.037109 0.566406 0.037109 0.566406 0.042969 0.564453 0.044922 0.562500 0.044922 0.562500 0.048828 0.560547 0.050781 0.560547 0.052734 0.558594 0.054688 0.552734 0.054688 0.550781 0.056641 0.548828 0.056641 0.548828 0.058594 0.546875 0.060547 0.546875 0.068359 0.544922 0.070312 0.542969 0.070312 0.542969 0.076172 0.541016 0.078125 0.539062 0.078125 0.539062 0.085938 0.537109 0.087891 0.537109 0.091797 0.535156 0.093750 0.529297 0.093750 0.529297 0.095703 0.527344 0.097656 0.519531 0.097656 0.519531 0.099609 0.517578 0.101562 0.513672 0.101562 0.511719 0.103516 0.509766 0.103516 0.509766 0.119141 0.507812 0.121094 0.470703 0.121094 0.470703 0.125000 0.468750 0.126953 0.462891 0.126953 0.462891 0.128906 0.460938 0.130859 0.449219 0.130859 0.449219 0.132812 0.447266 0.134766 0.433594 0.134766 0.433594 0.138672 0.431641 0.140625 0.429688 0.140625 0.429688 0.144531 0.427734 0.146484 0.425781 0.146484 0.425781 0.148438 0.423828 0.150391 0.423828 0.152344 0.421875 0.154297 0.410156 0.154297 0.410156 0.158203 0.408203 0.160156 0.386719 0.160156 0.386719 0.167969 0.384766 0.169922 0.382812 0.169922 0.382812 0.183594 0.388672 0.183594 0.390625 0.185547 0.390625 0.187500 0.402344 0.187500 0.404297 0.189453 0.404297 0.195312 0.402344 0.197266 0.400391 0.197266 0.400391 0.208984 0.398438 0.210938 0.392578 0.210938 0.392578 0.218750 0.390625 0.220703 0.386719 0.220703 0.386719 0.224609 0.384766 0.226562 0.380859 0.226562 0.380859 0.228516 0.378906 0.230469 0.373047 0.230469 0.373047 0.234375 0.371094 0.236328 0.363281 0.236328 0.363281 0.244141 0.361328 0.246094 0.353516 0.246094 0.353516 0.255859 0.351562 0.257812 0.347656 0.257812 0.347656 0.265625 0.345703 0.267578 0.339844 0.267578 0.339844 0.277344 0.353516 0.277344 0.353516 0.271484 0.355469 0.269531 0.357422 0.269531 0.357422 0.261719 0.359375 0.259766 0.363281 0.259766 0.363281 0.251953 0.365234 0.250000 0.373047 0.250000 0.373047 0.248047 0.375000 0.246094 0.378906 0.246094 0.380859 0.244141 0.382812 0.244141 0.382812 0.242188 0.384766 0.240234 0.386719 0.240234 0.386719 0.238281 0.388672 0.236328 0.390625 0.236328 0.390625 0.232422 0.392578 0.230469 0.400391 0.230469 0.400391 0.224609 0.402344 0.222656 0.402344 0.218750 0.404297 0.216797 0.410156 0.216797 0.410156 0.208984 0.412109 0.207031 0.414062 0.207031 0.414062 0.179688 0.404297 0.179688 0.400391 0.175781 0.400391 0.173828 0.398438 0.173828 0.396484 0.171875 0.398438 0.169922 0.419922 0.169922 0.419922 0.166016 0.421875 0.164062 0.429688 0.164062 0.429688 0.162109 0.431641 0.160156 0.433594 0.160156 0.433594 0.158203 0.435547 0.156250 0.439453 0.156250 0.439453 0.152344 0.441406 0.150391 0.443359 0.150391 0.443359 0.146484 0.445312 0.144531 0.457031 0.144531 0.457031 0.142578 0.458984 0.140625 0.468750 0.140625 0.468750 0.138672 0.470703 0.136719 0.476562 0.136719 0.476562 0.132812 0.478516 0.130859 0.515625 0.130859 0.515625 0.128906 0.517578 0.126953 0.519531 0.126953 0.519531 0.115234 0.521484 0.113281 0.523438 0.113281 0.525391 0.111328 0.529297 0.111328 0.529297 0.109375 0.531250 0.107422 0.539062 0.107422 0.539062 0.105469 0.541016 0.103516 0.542969 0.103516 0.542969 0.099609 0.544922 0.097656 0.546875 0.097656 0.546875 0.095703 0.548828 0.093750 0.548828 0.089844 0.550781 0.087891 0.552734 0.087891 0.552734 0.078125 0.554688 0.076172 0.556641 0.076172 0.556641 0.068359 0.560547 0.064453 0.570312 0.064453 0.570312 0.058594 0.574219 0.054688 0.576172 0.054688 0.576172 0.048828 0.578125 0.046875 0.582031 0.046875 0.582031 0.044922 0.583984 0.042969 0.585938 0.042969 0.585938 0.039062 0.587891 0.037109 0.589844 0.037109 0.589844 0.033203 0.591797 0.031250 0.591797 0.023438 0.593750 0.021484 0.595703 0.021484 0.595703 0.011719