0 0.244141 0.988281 0.244141 0.990234 0.246094 0.992188 0.253906 0.992188 0.251953 0.992188 0.250000 0.990234 0.250000 0.988281
0 0.203125 0.964844 0.203125 0.970703 0.210938 0.970703 0.210938 0.964844
0 0.216797 0.960938 0.216797 0.968750 0.218750 0.970703 0.220703 0.970703 0.222656 0.972656 0.226562 0.972656 0.226562 0.964844 0.222656 0.960938
0 0.232422 0.955078 0.232422 0.957031 0.230469 0.958984 0.230469 0.962891 0.232422 0.962891 0.234375 0.964844 0.238281 0.964844 0.240234 0.966797 0.251953 0.966797 0.251953 0.960938 0.248047 0.957031 0.242188 0.957031 0.240234 0.955078
0 0.908203 0.945312 0.906250 0.947266 0.906250 0.966797 0.916016 0.976562 0.916016 0.980469 0.917969 0.982422 0.917969 0.988281 0.916016 0.990234 0.916016 0.992188 0.933594 0.992188 0.929688 0.988281 0.929688 0.978516 0.927734 0.976562 0.925781 0.976562 0.923828 0.974609 0.923828 0.964844 0.921875 0.962891 0.921875 0.957031 0.914062 0.949219 0.914062 0.947266 0.912109 0.945312
0 0.210938 0.927734 0.210938 0.935547 0.208984 0.937500 0.208984 0.941406 0.207031 0.943359 0.207031 0.951172 0.208984 0.951172 0.212891 0.955078 0.218750 0.955078 0.218750 0.945312 0.220703 0.943359 0.220703 0.931641 0.218750 0.929688 0.218750 0.927734
0 0.167969 0.921875 0.167969 0.933594 0.173828 0.933594 0.175781 0.931641 0.175781 0.929688 0.177734 0.927734 0.177734 0.921875
0 0.226562 0.910156 0.226562 0.919922 0.228516 0.921875 0.228516 0.923828 0.232422 0.927734 0.236328 0.927734 0.236328 0.917969 0.234375 0.916016 0.234375 0.914062 0.232422 0.914062 0.230469 0.912109 0.230469 0.910156
0 0.232422 0.882812 0.228516 0.886719 0.228516 0.898438 0.230469 0.900391 0.236328 0.900391 0.236328 0.896484 0.238281 0.894531 0.238281 0.892578 0.240234 0.890625 0.240234 0.884766 0.238281 0.882812
0 0.332031 0.878906 0.330078 0.880859 0.330078 0.894531 0.332031 0.896484 0.332031 0.898438 0.333984 0.900391 0.339844 0.900391 0.339844 0.888672 0.337891 0.886719 0.337891 0.878906
0 0.142578 0.876953 0.142578 0.880859 0.144531 0.880859 0.146484 0.882812 0.152344 0.882812 0.152344 0.876953
0 0.414062 0.875000 0.414062 0.888672 0.417969 0.892578 0.421875 0.892578 0.423828 0.890625 0.425781 0.890625 0.425781 0.884766 0.421875 0.880859 0.421875 0.878906 0.419922 0.876953 0.419922 0.875000
0 0.132812 0.875000 0.130859 0.876953 0.130859 0.882812 0.132812 0.884766 0.138672 0.884766 0.138672 0.878906 0.136719 0.876953 0.136719 0.875000
0 0.148438 0.859375 0.148438 0.865234 0.156250 0.865234 0.156250 0.859375
0 0.505859 0.851562 0.505859 0.853516 0.501953 0.857422 0.498047 0.857422 0.498047 0.863281 0.500000 0.865234 0.509766 0.865234 0.511719 0.863281 0.511719 0.861328 0.513672 0.859375 0.513672 0.853516 0.511719 0.851562
0 0.220703 0.824219 0.220703 0.828125 0.226562 0.833984 0.232422 0.833984 0.232422 0.830078 0.230469 0.828125 0.230469 0.824219
0 0.253906 0.822266 0.253906 0.828125 0.259766 0.828125 0.259766 0.822266
0 0.269531 0.810547 0.269531 0.818359 0.277344 0.818359 0.279297 0.816406 0.279297 0.812500 0.277344 0.810547
0 0.103516 0.781250 0.101562 0.783203 0.097656 0.783203 0.097656 0.785156 0.095703 0.787109 0.093750 0.787109 0.085938 0.794922 0.083984 0.794922 0.078125 0.800781 0.078125 0.804688 0.080078 0.806641 0.080078 0.812500 0.078125 0.814453 0.078125 0.816406 0.080078 0.818359 0.080078 0.828125 0.076172 0.832031 0.076172 0.833984 0.074219 0.835938 0.066406 0.835938 0.062500 0.839844 0.058594 0.839844 0.052734 0.845703 0.050781 0.845703 0.050781 0.849609 0.048828 0.851562 0.048828 0.853516 0.046875 0.855469 0.044922 0.853516 0.042969 0.853516 0.041016 0.851562 0.041016 0.839844 0.039062 0.837891 0.039062 0.824219 0.027344 0.824219 0.025391 0.822266 0.021484 0.822266 0.019531 0.820312 0.003906 0.820312 0.001953 0.822266 0.000000 0.822266 0.000000 0.943359 0.005859 0.943359 0.007812 0.941406 0.007812 0.939453 0.009766 0.937500 0.011719 0.937500 0.013672 0.939453 0.015625 0.939453 0.019531 0.943359 0.023438 0.943359 0.025391 0.945312 0.027344 0.945312 0.033203 0.951172 0.046875 0.951172 0.046875 0.931641 0.044922 0.929688 0.042969 0.929688 0.041016 0.927734 0.039062 0.927734 0.035156 0.923828 0.035156 0.908203 0.037109 0.906250 0.039062 0.908203 0.048828 0.908203 0.056641 0.916016 0.060547 0.916016 0.062500 0.914062 0.062500 0.908203 0.058594 0.904297 0.054688 0.904297 0.052734 0.902344 0.052734 0.892578 0.048828 0.892578 0.046875 0.890625 0.046875 0.888672 0.044922 0.886719 0.044922 0.882812 0.048828 0.878906 0.048828 0.867188 0.046875 0.865234 0.046875 0.859375 0.048828 0.857422 0.050781 0.859375 0.050781 0.861328 0.054688 0.865234 0.054688 0.880859 0.056641 0.882812 0.056641 0.890625 0.060547 0.894531 0.062500 0.894531 0.068359 0.900391 0.070312 0.900391 0.072266 0.902344 0.076172 0.902344 0.076172 0.898438 0.082031 0.892578 0.093750 0.892578 0.095703 0.890625 0.095703 0.888672 0.099609 0.884766 0.099609 0.873047 0.097656 0.873047 0.093750 0.869141 0.093750 0.867188 0.091797 0.865234 0.089844 0.865234 0.083984 0.859375 0.083984 0.855469 0.087891 0.851562 0.089844 0.851562 0.091797 0.849609 0.097656 0.849609 0.103516 0.855469 0.103516 0.867188 0.105469 0.869141 0.117188 0.869141 0.119141 0.867188 0.119141 0.859375 0.121094 0.857422 0.125000 0.861328 0.136719 0.861328 0.136719 0.853516 0.138672 0.851562 0.138672 0.847656 0.140625 0.845703 0.140625 0.841797 0.136719 0.841797 0.132812 0.837891 0.132812 0.835938 0.130859 0.833984 0.130859 0.830078 0.128906 0.828125 0.128906 0.824219 0.126953 0.822266 0.126953 0.820312 0.123047 0.820312 0.121094 0.818359 0.115234 0.818359 0.113281 0.816406 0.113281 0.814453 0.109375 0.810547 0.109375 0.808594 0.107422 0.806641 0.107422 0.802734 0.105469 0.800781 0.105469 0.798828 0.107422 0.796875 0.107422 0.781250
0 0.453125 0.740234 0.449219 0.744141 0.449219 0.753906 0.453125 0.757812 0.453125 0.759766 0.460938 0.759766 0.462891 0.757812 0.462891 0.751953 0.464844 0.750000 0.464844 0.744141 0.460938 0.744141 0.457031 0.740234
0 0.000000 0.740234 0.000000 0.802734 0.001953 0.804688 0.001953 0.806641 0.003906 0.806641 0.005859 0.808594 0.009766 0.808594 0.009766 0.800781 0.015625 0.794922 0.019531 0.794922 0.023438 0.791016 0.025391 0.791016 0.029297 0.787109 0.029297 0.785156 0.031250 0.783203 0.031250 0.771484 0.023438 0.763672 0.023438 0.761719 0.015625 0.761719 0.011719 0.757812 0.009766 0.757812 0.005859 0.753906 0.005859 0.751953 0.003906 0.750000 0.003906 0.746094 0.001953 0.744141 0.001953 0.740234
0 0.474609 0.712891 0.474609 0.714844 0.470703 0.718750 0.468750 0.718750 0.468750 0.724609 0.476562 0.724609 0.482422 0.718750 0.482422 0.712891
0 0.154297 0.703125 0.152344 0.705078 0.152344 0.712891 0.156250 0.716797 0.152344 0.720703 0.146484 0.720703 0.144531 0.722656 0.142578 0.722656 0.140625 0.724609 0.130859 0.724609 0.128906 0.722656 0.128906 0.718750 0.130859 0.716797 0.130859 0.710938 0.119141 0.710938 0.119141 0.716797 0.123047 0.720703 0.123047 0.740234 0.125000 0.742188 0.126953 0.742188 0.130859 0.746094 0.130859 0.765625 0.132812 0.767578 0.132812 0.769531 0.134766 0.769531 0.136719 0.771484 0.146484 0.771484 0.148438 0.769531 0.150391 0.769531 0.152344 0.767578 0.152344 0.763672 0.156250 0.759766 0.158203 0.759766 0.160156 0.761719 0.164062 0.761719 0.166016 0.763672 0.171875 0.763672 0.173828 0.765625 0.173828 0.773438 0.175781 0.775391 0.173828 0.777344 0.173828 0.779297 0.169922 0.783203 0.162109 0.783203 0.158203 0.787109 0.158203 0.791016 0.154297 0.794922 0.152344 0.794922 0.152344 0.800781 0.150391 0.802734 0.148438 0.802734 0.146484 0.804688 0.144531 0.804688 0.144531 0.814453 0.160156 0.814453 0.162109 0.816406 0.162109 0.822266 0.166016 0.822266 0.167969 0.824219 0.167969 0.828125 0.175781 0.828125 0.185547 0.818359 0.191406 0.818359 0.193359 0.820312 0.208984 0.820312 0.210938 0.818359 0.210938 0.814453 0.205078 0.814453 0.203125 0.816406 0.201172 0.814453 0.201172 0.812500 0.199219 0.810547 0.199219 0.808594 0.207031 0.800781 0.212891 0.800781 0.214844 0.798828 0.214844 0.794922 0.216797 0.792969 0.218750 0.794922 0.218750 0.800781 0.230469 0.812500 0.232422 0.812500 0.236328 0.816406 0.236328 0.820312 0.246094 0.820312 0.246094 0.818359 0.248047 0.816406 0.248047 0.814453 0.250000 0.812500 0.251953 0.812500 0.251953 0.810547 0.257812 0.804688 0.263672 0.804688 0.267578 0.800781 0.267578 0.794922 0.263672 0.791016 0.263672 0.787109 0.259766 0.783203 0.259766 0.781250 0.257812 0.779297 0.259766 0.777344 0.265625 0.777344 0.265625 0.763672 0.261719 0.759766 0.261719 0.757812 0.259766 0.755859 0.251953 0.755859 0.251953 0.757812 0.250000 0.759766 0.248047 0.757812 0.248047 0.753906 0.246094 0.751953 0.246094 0.750000 0.238281 0.742188 0.238281 0.730469 0.236328 0.728516 0.236328 0.726562 0.226562 0.726562 0.222656 0.730469 0.220703 0.730469 0.216797 0.734375 0.212891 0.734375 0.203125 0.724609 0.195312 0.724609 0.193359 0.722656 0.193359 0.720703 0.191406 0.718750 0.191406 0.716797 0.189453 0.714844 0.189453 0.712891 0.185547 0.712891 0.183594 0.710938 0.169922 0.710938 0.167969 0.708984 0.167969 0.707031 0.166016 0.707031 0.164062 0.705078 0.162109 0.705078 0.160156 0.703125
0 0.132812 0.699219 0.132812 0.705078 0.140625 0.705078 0.140625 0.699219
0 0.419922 0.671875 0.417969 0.673828 0.417969 0.679688 0.419922 0.681641 0.427734 0.681641 0.427734 0.673828 0.425781 0.671875
0 0.537109 0.662109 0.535156 0.664062 0.531250 0.664062 0.531250 0.673828 0.535156 0.673828 0.537109 0.671875 0.537109 0.669922 0.541016 0.666016 0.541016 0.662109
0 0.070312 0.623047 0.070312 0.636719 0.072266 0.636719 0.074219 0.638672 0.083984 0.638672 0.085938 0.640625 0.085938 0.642578 0.097656 0.642578 0.097656 0.630859 0.095703 0.628906 0.095703 0.626953 0.082031 0.626953 0.078125 0.623047
0 0.046875 0.587891 0.046875 0.609375 0.048828 0.609375 0.050781 0.611328 0.050781 0.613281 0.062500 0.613281 0.064453 0.611328 0.066406 0.611328 0.066406 0.603516 0.062500 0.599609 0.062500 0.595703 0.060547 0.593750 0.058594 0.593750 0.052734 0.587891
0 0.117188 0.570312 0.117188 0.578125 0.119141 0.580078 0.125000 0.580078 0.125000 0.574219 0.123047 0.572266 0.123047 0.570312
0 0.021484 0.570312 0.019531 0.572266 0.019531 0.589844 0.023438 0.589844 0.025391 0.591797 0.029297 0.591797 0.033203 0.595703 0.033203 0.593750 0.035156 0.591797 0.035156 0.580078 0.033203 0.578125 0.033203 0.570312
0 0.291016 0.542969 0.285156 0.548828 0.285156 0.550781 0.283203 0.552734 0.283203 0.554688 0.281250 0.556641 0.281250 0.564453 0.283203 0.566406 0.283203 0.568359 0.285156 0.568359 0.289062 0.572266 0.289062 0.574219 0.291016 0.574219 0.291016 0.570312 0.296875 0.564453 0.296875 0.560547 0.298828 0.558594 0.298828 0.544922 0.294922 0.544922 0.292969 0.542969
0 0.232422 0.535156 0.232422 0.544922 0.234375 0.546875 0.236328 0.546875 0.238281 0.548828 0.240234 0.548828 0.244141 0.552734 0.250000 0.552734 0.250000 0.544922 0.248047 0.542969 0.246094 0.542969 0.242188 0.539062 0.242188 0.537109 0.240234 0.535156
0 0.033203 0.476562 0.033203 0.478516 0.031250 0.480469 0.029297 0.480469 0.027344 0.482422 0.025391 0.482422 0.021484 0.486328 0.021484 0.494141 0.023438 0.496094 0.027344 0.496094 0.033203 0.501953 0.027344 0.507812 0.025391 0.507812 0.025391 0.509766 0.023438 0.511719 0.023438 0.521484 0.025391 0.523438 0.027344 0.523438 0.029297 0.525391 0.037109 0.525391 0.046875 0.515625 0.048828 0.515625 0.052734 0.511719 0.054688 0.511719 0.054688 0.503906 0.058594 0.500000 0.060547 0.501953 0.060547 0.519531 0.062500 0.519531 0.066406 0.523438 0.074219 0.523438 0.078125 0.527344 0.078125 0.533203 0.080078 0.535156 0.082031 0.535156 0.083984 0.537109 0.089844 0.537109 0.091797 0.539062 0.087891 0.542969 0.083984 0.542969 0.082031 0.544922 0.082031 0.550781 0.083984 0.550781 0.085938 0.552734 0.087891 0.552734 0.089844 0.554688 0.091797 0.554688 0.095703 0.558594 0.097656 0.558594 0.105469 0.566406 0.109375 0.566406 0.111328 0.564453 0.115234 0.564453 0.115234 0.562500 0.117188 0.560547 0.119141 0.560547 0.123047 0.564453 0.126953 0.564453 0.128906 0.566406 0.132812 0.566406 0.132812 0.554688 0.138672 0.548828 0.138672 0.544922 0.136719 0.542969 0.136719 0.541016 0.132812 0.541016 0.130859 0.542969 0.126953 0.542969 0.119141 0.535156 0.119141 0.531250 0.121094 0.529297 0.121094 0.521484 0.115234 0.515625 0.115234 0.513672 0.113281 0.511719 0.111328 0.511719 0.109375 0.509766 0.109375 0.507812 0.103516 0.501953 0.093750 0.501953 0.091797 0.500000 0.080078 0.500000 0.078125 0.501953 0.066406 0.501953 0.064453 0.503906 0.062500 0.501953 0.060547 0.501953 0.058594 0.500000 0.060547 0.498047 0.060547 0.486328 0.056641 0.482422 0.056641 0.480469 0.054688 0.478516 0.054688 0.476562
0 0.000000 0.462891 0.000000 0.484375 0.003906 0.484375 0.005859 0.482422 0.005859 0.462891
0 0.982422 0.404297 0.980469 0.406250 0.974609 0.406250 0.970703 0.410156 0.964844 0.410156 0.964844 0.419922 0.966797 0.421875 0.972656 0.421875 0.976562 0.417969 0.982422 0.417969 0.984375 0.419922 0.984375 0.421875 0.986328 0.423828 0.992188 0.423828 0.992188 0.406250 0.990234 0.404297
0 0.908203 0.376953 0.906250 0.378906 0.904297 0.378906 0.902344 0.380859 0.902344 0.386719 0.906250 0.386719 0.908203 0.388672 0.908203 0.394531 0.923828 0.394531 0.925781 0.392578 0.925781 0.380859 0.921875 0.376953
0 0.000000 0.359375 0.000000 0.365234 0.001953 0.363281 0.001953 0.361328
0 0.884766 0.351562 0.884766 0.359375 0.890625 0.365234 0.890625 0.367188 0.898438 0.367188 0.902344 0.363281 0.904297 0.363281 0.904297 0.359375 0.902344 0.359375 0.900391 0.357422 0.898438 0.357422 0.894531 0.353516 0.892578 0.353516 0.890625 0.351562
0 0.888672 0.275391 0.886719 0.277344 0.886719 0.281250 0.884766 0.283203 0.884766 0.289062 0.888672 0.292969 0.890625 0.292969 0.892578 0.294922 0.902344 0.294922 0.902344 0.291016 0.900391 0.289062 0.900391 0.287109 0.898438 0.285156 0.898438 0.283203 0.896484 0.281250 0.896484 0.279297 0.892578 0.275391
0 0.917969 0.246094 0.916016 0.248047 0.914062 0.248047 0.912109 0.250000 0.910156 0.250000 0.904297 0.255859 0.904297 0.263672 0.914062 0.263672 0.917969 0.259766 0.919922 0.261719 0.919922 0.273438 0.925781 0.279297 0.925781 0.281250 0.931641 0.287109 0.933594 0.287109 0.935547 0.289062 0.941406 0.289062 0.941406 0.279297 0.937500 0.275391 0.937500 0.271484 0.935547 0.269531 0.935547 0.267578 0.931641 0.263672 0.929688 0.263672 0.927734 0.261719 0.919922 0.261719 0.917969 0.259766 0.921875 0.255859 0.923828 0.255859 0.927734 0.251953 0.929688 0.251953 0.929688 0.248047 0.927734 0.246094
0 0.941406 0.195312 0.937500 0.199219 0.937500 0.201172 0.933594 0.205078 0.933594 0.212891 0.943359 0.222656 0.943359 0.224609 0.937500 0.230469 0.937500 0.238281 0.941406 0.242188 0.966797 0.242188 0.968750 0.244141 0.970703 0.244141 0.972656 0.246094 0.980469 0.246094 0.980469 0.238281 0.978516 0.236328 0.978516 0.234375 0.976562 0.232422 0.978516 0.230469 0.980469 0.230469 0.982422 0.232422 0.988281 0.232422 0.990234 0.230469 0.990234 0.224609 0.986328 0.220703 0.982422 0.220703 0.980469 0.218750 0.978516 0.218750 0.976562 0.216797 0.974609 0.216797 0.972656 0.214844 0.972656 0.212891 0.968750 0.212891 0.966797 0.210938 0.964844 0.210938 0.962891 0.208984 0.964844 0.207031 0.964844 0.195312 0.960938 0.195312 0.958984 0.197266 0.957031 0.197266 0.955078 0.199219 0.953125 0.199219 0.951172 0.201172 0.949219 0.199219 0.949219 0.195312
0 0.982422 0.185547 0.980469 0.187500 0.978516 0.187500 0.972656 0.193359 0.972656 0.195312 0.970703 0.197266 0.970703 0.203125 0.976562 0.208984 0.978516 0.208984 0.980469 0.210938 0.984375 0.210938 0.986328 0.212891 0.992188 0.212891 0.992188 0.203125 0.986328 0.197266 0.986328 0.195312 0.988281 0.193359 0.988281 0.185547
0 0.843750 0.177734 0.843750 0.191406 0.845703 0.193359 0.851562 0.193359 0.851562 0.191406 0.853516 0.189453 0.853516 0.181641 0.851562 0.179688 0.849609 0.179688 0.847656 0.177734
0 0.966797 0.138672 0.966797 0.142578 0.970703 0.146484 0.970703 0.152344 0.974609 0.156250 0.976562 0.156250 0.978516 0.158203 0.988281 0.158203 0.990234 0.160156 0.992188 0.160156 0.992188 0.146484 0.988281 0.142578 0.986328 0.142578 0.984375 0.140625 0.974609 0.140625 0.972656 0.138672
0 0.833984 0.138672 0.833984 0.140625 0.832031 0.142578 0.830078 0.142578 0.828125 0.144531 0.828125 0.150391 0.835938 0.150391 0.839844 0.146484 0.839844 0.138672
0 0.914062 0.072266 0.914062 0.074219 0.912109 0.076172 0.910156 0.076172 0.908203 0.078125 0.886719 0.078125 0.884766 0.080078 0.882812 0.080078 0.880859 0.082031 0.880859 0.095703 0.878906 0.097656 0.876953 0.097656 0.875000 0.095703 0.875000 0.091797 0.873047 0.089844 0.873047 0.080078 0.871094 0.078125 0.863281 0.078125 0.863281 0.083984 0.861328 0.085938 0.859375 0.085938 0.859375 0.091797 0.865234 0.097656 0.865234 0.099609 0.867188 0.101562 0.865234 0.103516 0.865234 0.105469 0.863281 0.107422 0.863281 0.109375 0.861328 0.111328 0.861328 0.117188 0.863281 0.119141 0.863281 0.123047 0.865234 0.125000 0.871094 0.125000 0.875000 0.121094 0.876953 0.121094 0.878906 0.119141 0.892578 0.119141 0.894531 0.121094 0.894531 0.134766 0.896484 0.136719 0.896484 0.144531 0.900391 0.148438 0.902344 0.148438 0.904297 0.150391 0.904297 0.156250 0.906250 0.158203 0.906250 0.160156 0.910156 0.164062 0.910156 0.166016 0.912109 0.167969 0.914062 0.167969 0.916016 0.169922 0.916016 0.171875 0.917969 0.173828 0.929688 0.173828 0.933594 0.169922 0.935547 0.169922 0.939453 0.166016 0.939453 0.164062 0.941406 0.162109 0.941406 0.160156 0.945312 0.156250 0.945312 0.152344 0.947266 0.150391 0.947266 0.148438 0.949219 0.146484 0.949219 0.132812 0.939453 0.132812 0.937500 0.130859 0.937500 0.123047 0.935547 0.121094 0.935547 0.126953 0.933594 0.128906 0.931641 0.128906 0.929688 0.126953 0.929688 0.125000 0.927734 0.125000 0.927734 0.130859 0.925781 0.132812 0.923828 0.132812 0.921875 0.130859 0.919922 0.132812 0.908203 0.132812 0.906250 0.130859 0.908203 0.128906 0.908203 0.125000 0.906250 0.123047 0.906250 0.121094 0.914062 0.113281 0.916016 0.113281 0.917969 0.111328 0.917969 0.107422 0.919922 0.105469 0.919922 0.097656 0.916016 0.093750 0.914062 0.093750 0.908203 0.087891 0.908203 0.083984 0.910156 0.082031 0.914062 0.082031 0.917969 0.085938 0.923828 0.085938 0.923828 0.082031 0.921875 0.080078 0.921875 0.078125 0.919922 0.076172 0.919922 0.072266
0 0.972656 0.068359 0.970703 0.070312 0.968750 0.070312 0.966797 0.072266 0.962891 0.072266 0.962891 0.080078 0.960938 0.082031 0.960938 0.083984 0.958984 0.085938 0.957031 0.085938 0.955078 0.087891 0.951172 0.087891 0.951172 0.097656 0.949219 0.099609 0.947266 0.099609 0.945312 0.097656 0.935547 0.097656 0.933594 0.095703 0.933594 0.093750 0.931641 0.091797 0.929688 0.091797 0.927734 0.089844 0.923828 0.089844 0.923828 0.095703 0.925781 0.097656 0.925781 0.103516 0.927734 0.105469 0.927734 0.107422 0.931641 0.107422 0.935547 0.111328 0.937500 0.111328 0.941406 0.115234 0.941406 0.117188 0.945312 0.117188 0.947266 0.119141 0.951172 0.119141 0.953125 0.121094 0.957031 0.121094 0.958984 0.119141 0.960938 0.119141 0.964844 0.115234 0.964844 0.111328 0.966797 0.109375 0.970703 0.109375 0.972656 0.111328 0.972656 0.113281 0.974609 0.115234 0.974609 0.117188 0.978516 0.117188 0.992188 0.103516 0.992188 0.082031 0.990234 0.080078 0.990234 0.078125 0.980469 0.068359
0 0.115234 0.058594 0.113281 0.060547 0.113281 0.064453 0.117188 0.068359 0.125000 0.068359 0.125000 0.060547 0.123047 0.058594
0 0.064453 0.046875 0.064453 0.058594 0.066406 0.060547 0.066406 0.062500 0.068359 0.064453 0.068359 0.066406 0.072266 0.070312 0.076172 0.070312 0.080078 0.074219 0.087891 0.074219 0.087891 0.066406 0.085938 0.064453 0.085938 0.062500 0.083984 0.060547 0.083984 0.058594 0.085938 0.056641 0.085938 0.048828 0.083984 0.046875
0 0.939453 0.041016 0.939453 0.044922 0.937500 0.046875 0.937500 0.056641 0.939453 0.058594 0.939453 0.060547 0.945312 0.066406 0.945312 0.068359 0.947266 0.068359 0.949219 0.070312 0.949219 0.076172 0.951172 0.076172 0.951172 0.068359 0.953125 0.066406 0.953125 0.060547 0.949219 0.056641 0.949219 0.050781 0.945312 0.050781 0.943359 0.048828 0.943359 0.041016
0 0.880859 0.039062 0.869141 0.050781 0.869141 0.058594 0.876953 0.058594 0.878906 0.060547 0.878906 0.062500 0.880859 0.064453 0.888672 0.064453 0.888672 0.056641 0.886719 0.054688 0.886719 0.052734 0.888672 0.050781 0.888672 0.041016 0.886719 0.039062
0 0.908203 0.011719 0.908203 0.017578 0.912109 0.021484 0.912109 0.029297 0.914062 0.031250 0.916016 0.031250 0.917969 0.033203 0.919922 0.033203 0.925781 0.039062 0.933594 0.039062 0.933594 0.033203 0.931641 0.031250 0.931641 0.029297 0.929688 0.027344 0.929688 0.025391 0.925781 0.021484 0.925781 0.019531 0.923828 0.019531 0.921875 0.017578 0.916016 0.017578 0.914062 0.015625 0.914062 0.013672 0.912109 0.011719
0 0.000000 0.011719 0.000000 0.070312 0.001953 0.072266 0.007812 0.072266 0.009766 0.074219 0.019531 0.074219 0.021484 0.072266 0.021484 0.070312 0.023438 0.068359 0.023438 0.064453 0.017578 0.064453 0.015625 0.066406 0.011719 0.066406 0.007812 0.062500 0.007812 0.046875 0.009766 0.044922 0.013672 0.044922 0.017578 0.041016 0.019531 0.041016 0.025391 0.035156 0.027344 0.035156 0.027344 0.029297 0.025391 0.029297 0.023438 0.027344 0.023438 0.021484 0.021484 0.019531 0.021484 0.015625 0.017578 0.015625 0.013672 0.011719
0 0.230469 0.000000 0.230469 0.005859 0.228516 0.007812 0.228516 0.009766 0.220703 0.017578 0.220703 0.025391 0.222656 0.027344 0.222656 0.035156 0.228516 0.041016 0.228516 0.044922 0.232422 0.048828 0.232422 0.050781 0.234375 0.052734 0.234375 0.060547 0.236328 0.062500 0.236328 0.066406 0.238281 0.068359 0.236328 0.070312 0.236328 0.072266 0.232422 0.076172 0.228516 0.076172 0.226562 0.078125 0.224609 0.078125 0.216797 0.085938 0.210938 0.085938 0.207031 0.082031 0.205078 0.082031 0.203125 0.080078 0.199219 0.080078 0.197266 0.078125 0.193359 0.078125 0.191406 0.076172 0.191406 0.072266 0.195312 0.068359 0.197266 0.068359 0.199219 0.066406 0.205078 0.066406 0.207031 0.068359 0.212891 0.068359 0.212891 0.062500 0.208984 0.058594 0.207031 0.058594 0.203125 0.054688 0.203125 0.046875 0.199219 0.046875 0.197266 0.044922 0.197266 0.042969 0.191406 0.042969 0.187500 0.046875 0.185547 0.046875 0.183594 0.048828 0.183594 0.050781 0.185547 0.052734 0.185547 0.056641 0.183594 0.058594 0.177734 0.058594 0.175781 0.056641 0.169922 0.056641 0.167969 0.054688 0.166016 0.054688 0.164062 0.052734 0.164062 0.050781 0.166016 0.048828 0.166016 0.044922 0.173828 0.037109 0.173828 0.035156 0.175781 0.033203 0.175781 0.019531 0.173828 0.019531 0.169922 0.023438 0.164062 0.023438 0.162109 0.021484 0.158203 0.021484 0.154297 0.017578 0.154297 0.013672 0.148438 0.007812 0.132812 0.007812 0.130859 0.009766 0.130859 0.011719 0.128906 0.013672 0.128906 0.017578 0.136719 0.025391 0.136719 0.027344 0.138672 0.029297 0.136719 0.031250 0.134766 0.031250 0.126953 0.039062 0.125000 0.039062 0.123047 0.041016 0.121094 0.041016 0.121094 0.042969 0.119141 0.044922 0.119141 0.048828 0.125000 0.054688 0.126953 0.054688 0.128906 0.056641 0.132812 0.056641 0.134766 0.058594 0.136719 0.058594 0.142578 0.064453 0.140625 0.066406 0.134766 0.066406 0.134766 0.076172 0.132812 0.078125 0.132812 0.082031 0.134766 0.083984 0.134766 0.091797 0.132812 0.093750 0.132812 0.097656 0.138672 0.097656 0.140625 0.095703 0.142578 0.095703 0.144531 0.097656 0.144531 0.099609 0.146484 0.101562 0.146484 0.103516 0.148438 0.103516 0.150391 0.105469 0.150391 0.107422 0.152344 0.107422 0.154297 0.109375 0.154297 0.111328 0.156250 0.113281 0.156250 0.115234 0.158203 0.117188 0.158203 0.126953 0.156250 0.128906 0.154297 0.128906 0.158203 0.132812 0.158203 0.134766 0.160156 0.134766 0.164062 0.130859 0.166016 0.132812 0.166016 0.140625 0.162109 0.144531 0.152344 0.144531 0.146484 0.150391 0.144531 0.150391 0.136719 0.158203 0.132812 0.158203 0.128906 0.154297 0.132812 0.150391 0.134766 0.150391 0.136719 0.148438 0.136719 0.142578 0.134766 0.140625 0.128906 0.140625 0.126953 0.142578 0.123047 0.142578 0.117188 0.136719 0.117188 0.134766 0.115234 0.134766 0.111328 0.130859 0.093750 0.130859 0.091797 0.132812 0.083984 0.132812 0.082031 0.130859 0.082031 0.126953 0.080078 0.125000 0.070312 0.125000 0.068359 0.126953 0.062500 0.126953 0.062500 0.128906 0.060547 0.130859 0.060547 0.132812 0.056641 0.136719 0.054688 0.136719 0.046875 0.144531 0.044922 0.144531 0.037109 0.152344 0.035156 0.150391 0.035156 0.148438 0.025391 0.148438 0.023438 0.150391 0.021484 0.150391 0.019531 0.152344 0.015625 0.148438 0.013672 0.148438 0.011719 0.146484 0.003906 0.146484 0.000000 0.150391 0.000000 0.187500 0.001953 0.189453 0.007812 0.189453 0.009766 0.187500 0.017578 0.187500 0.019531 0.185547 0.019531 0.183594 0.023438 0.179688 0.023438 0.177734 0.025391 0.175781 0.031250 0.175781 0.033203 0.177734 0.033203 0.179688 0.039062 0.179688 0.041016 0.177734 0.046875 0.177734 0.048828 0.175781 0.052734 0.175781 0.056641 0.171875 0.058594 0.171875 0.060547 0.173828 0.060547 0.177734 0.070312 0.177734 0.072266 0.179688 0.072266 0.183594 0.070312 0.185547 0.066406 0.185547 0.058594 0.193359 0.056641 0.193359 0.054688 0.195312 0.052734 0.195312 0.050781 0.197266 0.044922 0.197266 0.042969 0.199219 0.031250 0.199219 0.031250 0.201172 0.029297 0.203125 0.021484 0.203125 0.019531 0.201172 0.011719 0.201172 0.009766 0.199219 0.001953 0.199219 0.001953 0.201172 0.000000 0.203125 0.000000 0.222656 0.001953 0.222656 0.003906 0.224609 0.003906 0.228516 0.007812 0.232422 0.009766 0.232422 0.011719 0.234375 0.011719 0.240234 0.009766 0.242188 0.009766 0.246094 0.005859 0.250000 0.005859 0.251953 0.000000 0.257812 0.000000 0.283203 0.001953 0.285156 0.003906 0.285156 0.005859 0.287109 0.007812 0.287109 0.009766 0.289062 0.009766 0.291016 0.011719 0.289062 0.013672 0.289062 0.015625 0.287109 0.019531 0.287109 0.021484 0.289062 0.023438 0.289062 0.025391 0.291016 0.025391 0.294922 0.027344 0.294922 0.029297 0.296875 0.025391 0.300781 0.025391 0.302734 0.021484 0.306641 0.021484 0.310547 0.023438 0.310547 0.025391 0.312500 0.025391 0.314453 0.027344 0.316406 0.027344 0.318359 0.029297 0.320312 0.037109 0.320312 0.039062 0.318359 0.039062 0.316406 0.046875 0.308594 0.052734 0.308594 0.058594 0.302734 0.060547 0.302734 0.060547 0.300781 0.062500 0.298828 0.066406 0.298828 0.068359 0.300781 0.068359 0.306641 0.070312 0.306641 0.072266 0.308594 0.072266 0.310547 0.074219 0.310547 0.078125 0.314453 0.076172 0.316406 0.076172 0.318359 0.074219 0.320312 0.072266 0.320312 0.070312 0.318359 0.068359 0.318359 0.064453 0.314453 0.054688 0.314453 0.054688 0.316406 0.048828 0.322266 0.046875 0.322266 0.046875 0.324219 0.042969 0.328125 0.025391 0.328125 0.023438 0.326172 0.023438 0.324219 0.021484 0.322266 0.017578 0.322266 0.015625 0.320312 0.015625 0.318359 0.011719 0.322266 0.011719 0.326172 0.007812 0.330078 0.007812 0.332031 0.005859 0.333984 0.003906 0.333984 0.003906 0.343750 0.005859 0.343750 0.019531 0.357422 0.023438 0.357422 0.025391 0.355469 0.027344 0.357422 0.027344 0.361328 0.029297 0.363281 0.029297 0.365234 0.031250 0.367188 0.031250 0.369141 0.029297 0.371094 0.027344 0.371094 0.025391 0.373047 0.025391 0.375000 0.023438 0.376953 0.023438 0.380859 0.021484 0.382812 0.021484 0.384766 0.019531 0.386719 0.017578 0.386719 0.017578 0.388672 0.015625 0.390625 0.013672 0.390625 0.009766 0.394531 0.007812 0.392578 0.003906 0.392578 0.001953 0.394531 0.000000 0.394531 0.000000 0.435547 0.001953 0.435547 0.003906 0.437500 0.007812 0.437500 0.009766 0.439453 0.009766 0.447266 0.011719 0.449219 0.013672 0.449219 0.019531 0.455078 0.021484 0.455078 0.023438 0.457031 0.029297 0.457031 0.033203 0.460938 0.033203 0.462891 0.039062 0.468750 0.046875 0.468750 0.046875 0.458984 0.044922 0.458984 0.041016 0.455078 0.039062 0.455078 0.037109 0.453125 0.035156 0.453125 0.031250 0.449219 0.031250 0.447266 0.029297 0.445312 0.029297 0.443359 0.023438 0.437500 0.011719 0.437500 0.009766 0.435547 0.011719 0.433594 0.011719 0.429688 0.013672 0.427734 0.011719 0.427734 0.009766 0.425781 0.011719 0.423828 0.015625 0.423828 0.017578 0.425781 0.017578 0.427734 0.019531 0.427734 0.021484 0.429688 0.021484 0.433594 0.025391 0.433594 0.027344 0.435547 0.029297 0.433594 0.029297 0.431641 0.031250 0.429688 0.042969 0.429688 0.044922 0.431641 0.044922 0.441406 0.046875 0.443359 0.050781 0.443359 0.052734 0.445312 0.054688 0.443359 0.062500 0.443359 0.064453 0.441406 0.068359 0.441406 0.070312 0.443359 0.074219 0.443359 0.076172 0.445312 0.076172 0.447266 0.083984 0.455078 0.085938 0.455078 0.087891 0.457031 0.087891 0.458984 0.095703 0.458984 0.097656 0.457031 0.101562 0.457031 0.105469 0.460938 0.113281 0.460938 0.113281 0.451172 0.111328 0.449219 0.111328 0.441406 0.113281 0.439453 0.113281 0.435547 0.115234 0.433594 0.115234 0.431641 0.117188 0.429688 0.119141 0.429688 0.121094 0.427734 0.126953 0.427734 0.128906 0.429688 0.128906 0.433594 0.130859 0.435547 0.130859 0.437500 0.132812 0.439453 0.132812 0.441406 0.134766 0.443359 0.136719 0.443359 0.138672 0.445312 0.140625 0.445312 0.142578 0.447266 0.142578 0.458984 0.150391 0.458984 0.150391 0.457031 0.152344 0.455078 0.156250 0.455078 0.158203 0.457031 0.158203 0.462891 0.160156 0.464844 0.162109 0.464844 0.164062 0.466797 0.169922 0.466797 0.171875 0.464844 0.173828 0.464844 0.175781 0.462891 0.187500 0.462891 0.189453 0.460938 0.189453 0.457031 0.193359 0.453125 0.197266 0.453125 0.203125 0.458984 0.212891 0.458984 0.212891 0.449219 0.210938 0.447266 0.210938 0.441406 0.208984 0.441406 0.207031 0.439453 0.207031 0.437500 0.212891 0.431641 0.222656 0.431641 0.226562 0.435547 0.226562 0.447266 0.228516 0.449219 0.228516 0.451172 0.238281 0.451172 0.236328 0.449219 0.236328 0.445312 0.242188 0.439453 0.244141 0.439453 0.248047 0.435547 0.259766 0.435547 0.261719 0.437500 0.263672 0.435547 0.265625 0.435547 0.265625 0.433594 0.263672 0.431641 0.263672 0.429688 0.261719 0.429688 0.259766 0.427734 0.259766 0.423828 0.253906 0.423828 0.251953 0.421875 0.251953 0.417969 0.253906 0.416016 0.255859 0.416016 0.259766 0.412109 0.261719 0.412109 0.263672 0.414062 0.265625 0.414062 0.269531 0.417969 0.269531 0.421875 0.271484 0.423828 0.271484 0.425781 0.273438 0.427734 0.273438 0.435547 0.271484 0.437500 0.269531 0.437500 0.269531 0.441406 0.265625 0.445312 0.265625 0.447266 0.261719 0.451172 0.261719 0.458984 0.267578 0.458984 0.269531 0.460938 0.271484 0.460938 0.273438 0.462891 0.273438 0.466797 0.275391 0.468750 0.283203 0.468750 0.285156 0.470703 0.292969 0.470703 0.294922 0.472656 0.294922 0.478516 0.304688 0.478516 0.304688 0.476562 0.306641 0.474609 0.308594 0.474609 0.310547 0.472656 0.310547 0.466797 0.308594 0.464844 0.308594 0.462891 0.312500 0.458984 0.316406 0.458984 0.316406 0.451172 0.320312 0.447266 0.324219 0.447266 0.326172 0.449219 0.328125 0.449219 0.330078 0.451172 0.330078 0.478516 0.332031 0.478516 0.337891 0.484375 0.337891 0.488281 0.341797 0.492188 0.339844 0.494141 0.339844 0.498047 0.335938 0.501953 0.333984 0.501953 0.333984 0.507812 0.330078 0.511719 0.322266 0.511719 0.320312 0.513672 0.314453 0.507812 0.312500 0.507812 0.310547 0.505859 0.300781 0.505859 0.292969 0.513672 0.292969 0.515625 0.289062 0.519531 0.289062 0.529297 0.292969 0.533203 0.294922 0.531250 0.296875 0.531250 0.298828 0.529297 0.302734 0.533203 0.308594 0.533203 0.310547 0.531250 0.318359 0.531250 0.320312 0.533203 0.324219 0.533203 0.326172 0.535156 0.326172 0.560547 0.324219 0.562500 0.320312 0.558594 0.320312 0.556641 0.318359 0.556641 0.316406 0.554688 0.314453 0.554688 0.314453 0.556641 0.310547 0.560547 0.310547 0.574219 0.312500 0.576172 0.312500 0.578125 0.314453 0.580078 0.318359 0.580078 0.320312 0.582031 0.322266 0.582031 0.324219 0.583984 0.324219 0.585938 0.328125 0.589844 0.337891 0.589844 0.339844 0.587891 0.343750 0.587891 0.345703 0.589844 0.347656 0.589844 0.349609 0.591797 0.351562 0.591797 0.361328 0.582031 0.361328 0.574219 0.363281 0.572266 0.365234 0.574219 0.365234 0.578125 0.373047 0.585938 0.380859 0.585938 0.382812 0.583984 0.384766 0.585938 0.384766 0.587891 0.386719 0.587891 0.388672 0.589844 0.388672 0.591797 0.386719 0.593750 0.386719 0.595703 0.384766 0.597656 0.380859 0.597656 0.380859 0.599609 0.378906 0.601562 0.371094 0.601562 0.371094 0.603516 0.369141 0.605469 0.369141 0.615234 0.367188 0.617188 0.367188 0.625000 0.375000 0.625000 0.376953 0.623047 0.376953 0.621094 0.382812 0.615234 0.384766 0.615234 0.386719 0.613281 0.390625 0.617188 0.390625 0.621094 0.392578 0.621094 0.396484 0.625000 0.404297 0.625000 0.406250 0.623047 0.408203 0.623047 0.412109 0.626953 0.412109 0.628906 0.414062 0.628906 0.416016 0.630859 0.423828 0.630859 0.423828 0.617188 0.419922 0.613281 0.419922 0.609375 0.417969 0.609375 0.414062 0.605469 0.419922 0.599609 0.421875 0.599609 0.431641 0.589844 0.431641 0.587891 0.433594 0.585938 0.433594 0.582031 0.441406 0.574219 0.441406 0.570312 0.443359 0.568359 0.443359 0.566406 0.447266 0.562500 0.447266 0.556641 0.445312 0.554688 0.445312 0.550781 0.447266 0.548828 0.449219 0.548828 0.451172 0.546875 0.451172 0.539062 0.449219 0.537109 0.449219 0.535156 0.447266 0.535156 0.445312 0.533203 0.445312 0.531250 0.449219 0.527344 0.455078 0.527344 0.455078 0.525391 0.458984 0.521484 0.458984 0.517578 0.460938 0.515625 0.460938 0.509766 0.458984 0.507812 0.460938 0.505859 0.462891 0.505859 0.462891 0.501953 0.464844 0.500000 0.464844 0.492188 0.470703 0.486328 0.470703 0.478516 0.472656 0.476562 0.474609 0.476562 0.476562 0.474609 0.478516 0.474609 0.478516 0.472656 0.480469 0.470703 0.488281 0.470703 0.490234 0.472656 0.492188 0.472656 0.494141 0.474609 0.494141 0.476562 0.496094 0.478516 0.496094 0.482422 0.498047 0.484375 0.503906 0.484375 0.505859 0.486328 0.505859 0.488281 0.507812 0.490234 0.507812 0.492188 0.523438 0.492188 0.525391 0.494141 0.525391 0.503906 0.523438 0.505859 0.523438 0.507812 0.517578 0.513672 0.515625 0.513672 0.513672 0.515625 0.511719 0.515625 0.507812 0.519531 0.507812 0.529297 0.511719 0.529297 0.515625 0.533203 0.515625 0.537109 0.513672 0.539062 0.511719 0.539062 0.509766 0.541016 0.509766 0.546875 0.505859 0.550781 0.501953 0.550781 0.500000 0.552734 0.498047 0.552734 0.498047 0.554688 0.496094 0.556641 0.492188 0.556641 0.492188 0.558594 0.490234 0.560547 0.488281 0.560547 0.486328 0.562500 0.484375 0.562500 0.482422 0.564453 0.480469 0.564453 0.480469 0.566406 0.478516 0.568359 0.478516 0.572266 0.476562 0.574219 0.476562 0.576172 0.474609 0.578125 0.474609 0.580078 0.472656 0.582031 0.470703 0.580078 0.470703 0.578125 0.466797 0.578125 0.466797 0.585938 0.470703 0.585938 0.472656 0.587891 0.474609 0.587891 0.478516 0.591797 0.478516 0.595703 0.476562 0.597656 0.476562 0.601562 0.482422 0.601562 0.482422 0.599609 0.488281 0.593750 0.492188 0.593750 0.494141 0.595703 0.494141 0.599609 0.492188 0.601562 0.492188 0.603516 0.486328 0.609375 0.478516 0.609375 0.476562 0.611328 0.474609 0.611328 0.470703 0.615234 0.470703 0.617188 0.468750 0.619141 0.468750 0.623047 0.466797 0.625000 0.466797 0.630859 0.468750 0.632812 0.466797 0.634766 0.466797 0.636719 0.462891 0.640625 0.455078 0.640625 0.451172 0.636719 0.451172 0.634766 0.449219 0.632812 0.449219 0.628906 0.447266 0.626953 0.447266 0.625000 0.441406 0.619141 0.435547 0.619141 0.435547 0.626953 0.441406 0.632812 0.441406 0.634766 0.439453 0.636719 0.423828 0.636719 0.421875 0.638672 0.416016 0.638672 0.416016 0.652344 0.421875 0.658203 0.431641 0.658203 0.433594 0.656250 0.435547 0.656250 0.435547 0.654297 0.437500 0.652344 0.439453 0.652344 0.441406 0.650391 0.457031 0.650391 0.458984 0.652344 0.457031 0.654297 0.457031 0.662109 0.470703 0.662109 0.474609 0.658203 0.474609 0.656250 0.478516 0.652344 0.492188 0.652344 0.498047 0.646484 0.498047 0.638672 0.492188 0.638672 0.486328 0.644531 0.480469 0.644531 0.478516 0.642578 0.480469 0.640625 0.480469 0.636719 0.482422 0.634766 0.482422 0.628906 0.494141 0.617188 0.496094 0.617188 0.498047 0.619141 0.500000 0.617188 0.501953 0.617188 0.503906 0.615234 0.505859 0.615234 0.507812 0.613281 0.509766 0.613281 0.511719 0.615234 0.511719 0.617188 0.519531 0.625000 0.519531 0.626953 0.521484 0.628906 0.523438 0.628906 0.525391 0.630859 0.537109 0.630859 0.539062 0.628906 0.539062 0.617188 0.537109 0.617188 0.535156 0.615234 0.531250 0.615234 0.527344 0.611328 0.527344 0.599609 0.525391 0.597656 0.521484 0.597656 0.519531 0.595703 0.519531 0.591797 0.521484 0.589844 0.533203 0.589844 0.537109 0.585938 0.539062 0.585938 0.539062 0.583984 0.548828 0.574219 0.550781 0.576172 0.558594 0.576172 0.558594 0.568359 0.556641 0.566406 0.552734 0.566406 0.550781 0.564453 0.548828 0.564453 0.544922 0.560547 0.535156 0.560547 0.531250 0.556641 0.531250 0.554688 0.529297 0.552734 0.529297 0.550781 0.533203 0.546875 0.541016 0.546875 0.542969 0.548828 0.546875 0.548828 0.548828 0.550781 0.552734 0.550781 0.554688 0.552734 0.556641 0.552734 0.560547 0.556641 0.562500 0.556641 0.564453 0.558594 0.564453 0.564453 0.566406 0.566406 0.566406 0.568359 0.568359 0.570312 0.568359 0.580078 0.566406 0.582031 0.564453 0.582031 0.564453 0.587891 0.562500 0.589844 0.560547 0.589844 0.560547 0.595703 0.558594 0.597656 0.558594 0.599609 0.556641 0.601562 0.556641 0.603516 0.554688 0.605469 0.552734 0.605469 0.552734 0.611328 0.554688 0.613281 0.554688 0.615234 0.556641 0.615234 0.558594 0.613281 0.560547 0.615234 0.560547 0.626953 0.564453 0.630859 0.566406 0.630859 0.568359 0.632812 0.568359 0.634766 0.566406 0.636719 0.564453 0.636719 0.564453 0.644531 0.562500 0.646484 0.560547 0.644531 0.556641 0.648438 0.556641 0.660156 0.552734 0.664062 0.552734 0.673828 0.550781 0.675781 0.548828 0.675781 0.548828 0.681641 0.546875 0.683594 0.544922 0.683594 0.544922 0.685547 0.542969 0.687500 0.539062 0.687500 0.535156 0.691406 0.533203 0.691406 0.533203 0.693359 0.531250 0.695312 0.529297 0.695312 0.527344 0.693359 0.525391 0.693359 0.523438 0.691406 0.523438 0.687500 0.519531 0.683594 0.519531 0.677734 0.521484 0.675781 0.521484 0.673828 0.523438 0.671875 0.523438 0.662109 0.517578 0.662109 0.515625 0.664062 0.513672 0.664062 0.507812 0.669922 0.492188 0.669922 0.492188 0.671875 0.490234 0.673828 0.486328 0.673828 0.486328 0.675781 0.488281 0.677734 0.488281 0.683594 0.484375 0.687500 0.484375 0.697266 0.486328 0.699219 0.486328 0.701172 0.488281 0.703125 0.488281 0.708984 0.494141 0.714844 0.494141 0.728516 0.492188 0.730469 0.486328 0.730469 0.486328 0.732422 0.484375 0.734375 0.482422 0.734375 0.482422 0.736328 0.480469 0.738281 0.470703 0.738281 0.470703 0.753906 0.472656 0.755859 0.480469 0.755859 0.484375 0.751953 0.486328 0.751953 0.486328 0.750000 0.488281 0.748047 0.492188 0.748047 0.494141 0.750000 0.494141 0.757812 0.488281 0.763672 0.488281 0.769531 0.484375 0.773438 0.482422 0.773438 0.480469 0.775391 0.480469 0.785156 0.482422 0.787109 0.488281 0.787109 0.490234 0.789062 0.496094 0.789062 0.500000 0.792969 0.500000 0.798828 0.501953 0.800781 0.503906 0.800781 0.505859 0.802734 0.511719 0.802734 0.511719 0.796875 0.507812 0.792969 0.507812 0.791016 0.505859 0.789062 0.507812 0.787109 0.507812 0.785156 0.509766 0.783203 0.511719 0.783203 0.511719 0.781250 0.513672 0.779297 0.515625 0.779297 0.521484 0.773438 0.527344 0.773438 0.529297 0.771484 0.531250 0.771484 0.533203 0.769531 0.537109 0.769531 0.537109 0.767578 0.541016 0.763672 0.542969 0.763672 0.544922 0.765625 0.562500 0.765625 0.564453 0.763672 0.564453 0.759766 0.566406 0.757812 0.566406 0.755859 0.568359 0.753906 0.568359 0.751953 0.570312 0.750000 0.570312 0.748047 0.572266 0.746094 0.572266 0.742188 0.574219 0.740234 0.576172 0.742188 0.578125 0.742188 0.580078 0.744141 0.585938 0.744141 0.587891 0.746094 0.605469 0.746094 0.605469 0.744141 0.607422 0.742188 0.609375 0.744141 0.621094 0.744141 0.621094 0.742188 0.623047 0.740234 0.623047 0.734375 0.621094 0.732422 0.621094 0.730469 0.617188 0.726562 0.617188 0.722656 0.619141 0.720703 0.621094 0.720703 0.623047 0.722656 0.626953 0.722656 0.628906 0.724609 0.628906 0.726562 0.630859 0.726562 0.632812 0.728516 0.632812 0.730469 0.638672 0.736328 0.638672 0.738281 0.642578 0.738281 0.644531 0.736328 0.644531 0.722656 0.646484 0.720703 0.648438 0.720703 0.648438 0.718750 0.650391 0.716797 0.652344 0.716797 0.654297 0.718750 0.654297 0.736328 0.658203 0.740234 0.658203 0.742188 0.662109 0.746094 0.664062 0.746094 0.667969 0.750000 0.667969 0.751953 0.677734 0.761719 0.671875 0.767578 0.669922 0.765625 0.667969 0.765625 0.666016 0.763672 0.666016 0.761719 0.654297 0.761719 0.654297 0.771484 0.656250 0.773438 0.656250 0.775391 0.654297 0.777344 0.648438 0.777344 0.644531 0.773438 0.634766 0.773438 0.632812 0.771484 0.626953 0.771484 0.623047 0.767578 0.621094 0.767578 0.619141 0.765625 0.605469 0.765625 0.603516 0.767578 0.599609 0.767578 0.597656 0.769531 0.591797 0.769531 0.587891 0.773438 0.587891 0.783203 0.585938 0.785156 0.583984 0.785156 0.583984 0.796875 0.585938 0.798828 0.587891 0.798828 0.589844 0.800781 0.591797 0.800781 0.593750 0.798828 0.597656 0.798828 0.599609 0.800781 0.603516 0.800781 0.605469 0.802734 0.607422 0.802734 0.609375 0.804688 0.611328 0.804688 0.613281 0.806641 0.613281 0.810547 0.607422 0.816406 0.607422 0.818359 0.603516 0.822266 0.599609 0.822266 0.597656 0.824219 0.595703 0.824219 0.593750 0.826172 0.591797 0.826172 0.580078 0.837891 0.578125 0.837891 0.576172 0.839844 0.576172 0.841797 0.574219 0.843750 0.572266 0.843750 0.572266 0.845703 0.570312 0.847656 0.566406 0.847656 0.564453 0.849609 0.564453 0.859375 0.572266 0.859375 0.578125 0.853516 0.580078 0.853516 0.582031 0.855469 0.582031 0.863281 0.583984 0.865234 0.585938 0.863281 0.591797 0.863281 0.593750 0.865234 0.593750 0.867188 0.595703 0.867188 0.599609 0.871094 0.607422 0.871094 0.609375 0.873047 0.613281 0.873047 0.617188 0.876953 0.615234 0.878906 0.611328 0.878906 0.611328 0.880859 0.609375 0.882812 0.607422 0.882812 0.607422 0.884766 0.605469 0.886719 0.603516 0.886719 0.603516 0.888672 0.601562 0.890625 0.599609 0.890625 0.599609 0.904297 0.601562 0.904297 0.603516 0.906250 0.605469 0.906250 0.607422 0.908203 0.607422 0.921875 0.599609 0.929688 0.599609 0.931641 0.595703 0.935547 0.593750 0.935547 0.591797 0.937500 0.589844 0.937500 0.587891 0.939453 0.582031 0.939453 0.580078 0.937500 0.580078 0.935547 0.582031 0.933594 0.582031 0.931641 0.583984 0.929688 0.583984 0.927734 0.585938 0.925781 0.585938 0.921875 0.582031 0.917969 0.582031 0.916016 0.578125 0.912109 0.576172 0.912109 0.574219 0.910156 0.566406 0.910156 0.564453 0.908203 0.562500 0.908203 0.560547 0.906250 0.558594 0.906250 0.554688 0.902344 0.552734 0.902344 0.548828 0.898438 0.544922 0.898438 0.542969 0.896484 0.542969 0.894531 0.541016 0.892578 0.541016 0.890625 0.539062 0.888672 0.539062 0.880859 0.535156 0.876953 0.535156 0.873047 0.533203 0.871094 0.529297 0.871094 0.527344 0.869141 0.523438 0.869141 0.521484 0.871094 0.519531 0.871094 0.515625 0.875000 0.513672 0.875000 0.513672 0.876953 0.509766 0.880859 0.507812 0.880859 0.505859 0.882812 0.505859 0.884766 0.503906 0.886719 0.503906 0.894531 0.507812 0.894531 0.509766 0.896484 0.507812 0.898438 0.505859 0.898438 0.505859 0.904297 0.503906 0.906250 0.498047 0.906250 0.496094 0.904297 0.496094 0.900391 0.494141 0.900391 0.492188 0.898438 0.482422 0.898438 0.482422 0.904297 0.484375 0.906250 0.484375 0.908203 0.488281 0.912109 0.492188 0.912109 0.496094 0.916016 0.498047 0.916016 0.500000 0.917969 0.505859 0.917969 0.507812 0.916016 0.509766 0.916016 0.513672 0.912109 0.515625 0.914062 0.515625 0.916016 0.521484 0.921875 0.521484 0.923828 0.525391 0.927734 0.523438 0.929688 0.521484 0.929688 0.517578 0.933594 0.517578 0.939453 0.515625 0.941406 0.513672 0.941406 0.513672 0.943359 0.511719 0.945312 0.511719 0.951172 0.509766 0.953125 0.509766 0.955078 0.507812 0.957031 0.505859 0.957031 0.501953 0.953125 0.500000 0.953125 0.496094 0.949219 0.494141 0.949219 0.492188 0.947266 0.492188 0.945312 0.490234 0.947266 0.488281 0.945312 0.488281 0.941406 0.486328 0.939453 0.486328 0.937500 0.488281 0.935547 0.488281 0.933594 0.490234 0.931641 0.490234 0.925781 0.488281 0.923828 0.486328 0.923828 0.484375 0.925781 0.480469 0.925781 0.480469 0.929688 0.476562 0.933594 0.472656 0.933594 0.470703 0.931641 0.470703 0.929688 0.464844 0.923828 0.464844 0.921875 0.462891 0.919922 0.462891 0.917969 0.460938 0.917969 0.458984 0.916016 0.457031 0.916016 0.451172 0.910156 0.451172 0.906250 0.449219 0.904297 0.449219 0.902344 0.447266 0.902344 0.445312 0.900391 0.445312 0.898438 0.441406 0.898438 0.439453 0.896484 0.439453 0.898438 0.437500 0.900391 0.433594 0.900391 0.431641 0.902344 0.429688 0.902344 0.429688 0.904297 0.427734 0.906250 0.427734 0.914062 0.431641 0.917969 0.431641 0.921875 0.429688 0.923828 0.429688 0.939453 0.427734 0.941406 0.423828 0.941406 0.423828 0.943359 0.421875 0.945312 0.419922 0.943359 0.419922 0.941406 0.419922 0.947266 0.417969 0.949219 0.417969 0.951172 0.416016 0.953125 0.414062 0.951172 0.408203 0.951172 0.406250 0.949219 0.404297 0.949219 0.402344 0.947266 0.400391 0.947266 0.398438 0.945312 0.382812 0.945312 0.380859 0.947266 0.380859 0.953125 0.378906 0.955078 0.369141 0.955078 0.367188 0.953125 0.367188 0.949219 0.365234 0.947266 0.365234 0.945312 0.363281 0.945312 0.355469 0.937500 0.353516 0.937500 0.351562 0.939453 0.345703 0.939453 0.339844 0.933594 0.337891 0.933594 0.335938 0.931641 0.332031 0.931641 0.330078 0.933594 0.328125 0.933594 0.326172 0.935547 0.326172 0.943359 0.330078 0.947266 0.330078 0.962891 0.339844 0.962891 0.341797 0.964844 0.341797 0.970703 0.343750 0.970703 0.349609 0.976562 0.351562 0.976562 0.353516 0.978516 0.355469 0.978516 0.357422 0.980469 0.357422 0.984375 0.355469 0.986328 0.347656 0.986328 0.345703 0.984375 0.337891 0.984375 0.335938 0.986328 0.330078 0.986328 0.328125 0.984375 0.324219 0.988281 0.320312 0.988281 0.318359 0.990234 0.316406 0.990234 0.314453 0.988281 0.312500 0.988281 0.310547 0.986328 0.310547 0.982422 0.314453 0.978516 0.316406 0.978516 0.318359 0.976562 0.318359 0.970703 0.310547 0.962891 0.310547 0.951172 0.308594 0.949219 0.304688 0.949219 0.304688 0.951172 0.302734 0.953125 0.302734 0.955078 0.300781 0.957031 0.300781 0.962891 0.294922 0.968750 0.294922 0.970703 0.292969 0.972656 0.285156 0.972656 0.283203 0.970703 0.275391 0.970703 0.273438 0.968750 0.261719 0.968750 0.257812 0.972656 0.255859 0.972656 0.253906 0.974609 0.251953 0.974609 0.250000 0.976562 0.250000 0.978516 0.251953 0.980469 0.251953 0.982422 0.253906 0.982422 0.255859 0.984375 0.259766 0.984375 0.261719 0.986328 0.275391 0.986328 0.277344 0.984375 0.289062 0.984375 0.291016 0.982422 0.292969 0.982422 0.298828 0.988281 0.300781 0.988281 0.302734 0.990234 0.302734 0.992188 0.433594 0.992188 0.435547 0.990234 0.437500 0.990234 0.439453 0.988281 0.441406 0.988281 0.443359 0.986328 0.445312 0.986328 0.445312 0.978516 0.449219 0.974609 0.451172 0.974609 0.453125 0.972656 0.455078 0.972656 0.457031 0.970703 0.462891 0.970703 0.464844 0.968750 0.468750 0.968750 0.470703 0.970703 0.476562 0.970703 0.478516 0.968750 0.480469 0.968750 0.482422 0.966797 0.484375 0.966797 0.484375 0.964844 0.486328 0.962891 0.492188 0.962891 0.494141 0.960938 0.496094 0.960938 0.498047 0.962891 0.498047 0.966797 0.494141 0.970703 0.494141 0.974609 0.492188 0.976562 0.490234 0.976562 0.490234 0.978516 0.488281 0.980469 0.482422 0.980469 0.480469 0.982422 0.474609 0.982422 0.472656 0.980469 0.470703 0.980469 0.470703 0.982422 0.468750 0.984375 0.466797 0.984375 0.466797 0.992188 0.566406 0.992188 0.566406 0.988281 0.568359 0.986328 0.566406 0.984375 0.564453 0.984375 0.562500 0.982422 0.562500 0.980469 0.560547 0.978516 0.560547 0.974609 0.562500 0.972656 0.562500 0.966797 0.564453 0.964844 0.568359 0.964844 0.570312 0.966797 0.570312 0.968750 0.572266 0.970703 0.572266 0.974609 0.580078 0.982422 0.580078 0.988281 0.578125 0.990234 0.578125 0.992188 0.837891 0.992188 0.837891 0.984375 0.835938 0.982422 0.835938 0.978516 0.833984 0.976562 0.833984 0.972656 0.828125 0.966797 0.824219 0.966797 0.820312 0.962891 0.820312 0.957031 0.822266 0.955078 0.826172 0.955078 0.828125 0.953125 0.830078 0.953125 0.832031 0.951172 0.833984 0.951172 0.837891 0.947266 0.843750 0.947266 0.845703 0.945312 0.847656 0.945312 0.851562 0.941406 0.853516 0.941406 0.855469 0.939453 0.865234 0.939453 0.869141 0.943359 0.869141 0.958984 0.873047 0.962891 0.876953 0.962891 0.880859 0.966797 0.880859 0.970703 0.884766 0.974609 0.884766 0.976562 0.886719 0.978516 0.886719 0.980469 0.888672 0.980469 0.890625 0.982422 0.892578 0.982422 0.894531 0.984375 0.898438 0.984375 0.900391 0.982422 0.900391 0.978516 0.898438 0.976562 0.898438 0.972656 0.894531 0.968750 0.894531 0.962891 0.896484 0.960938 0.896484 0.949219 0.898438 0.947266 0.898438 0.937500 0.896484 0.935547 0.896484 0.933594 0.894531 0.933594 0.888672 0.939453 0.888672 0.953125 0.886719 0.955078 0.880859 0.955078 0.878906 0.953125 0.878906 0.949219 0.876953 0.947266 0.876953 0.933594 0.878906 0.931641 0.878906 0.929688 0.880859 0.927734 0.880859 0.919922 0.878906 0.917969 0.878906 0.916016 0.876953 0.916016 0.873047 0.912109 0.873047 0.904297 0.875000 0.902344 0.875000 0.900391 0.878906 0.896484 0.880859 0.896484 0.882812 0.898438 0.882812 0.902344 0.880859 0.904297 0.880859 0.908203 0.882812 0.910156 0.884766 0.910156 0.886719 0.912109 0.888672 0.912109 0.890625 0.914062 0.892578 0.912109 0.892578 0.908203 0.894531 0.906250 0.896484 0.906250 0.896484 0.902344 0.898438 0.900391 0.898438 0.896484 0.900391 0.894531 0.898438 0.892578 0.898438 0.888672 0.900391 0.886719 0.906250 0.886719 0.908203 0.888672 0.908203 0.894531 0.906250 0.896484 0.906250 0.898438 0.904297 0.900391 0.904297 0.904297 0.902344 0.906250 0.902344 0.923828 0.904297 0.925781 0.904297 0.929688 0.908203 0.929688 0.910156 0.931641 0.914062 0.931641 0.916016 0.929688 0.921875 0.929688 0.923828 0.931641 0.923828 0.935547 0.925781 0.937500 0.925781 0.941406 0.927734 0.943359 0.927734 0.947266 0.933594 0.953125 0.933594 0.958984 0.937500 0.962891 0.937500 0.964844 0.939453 0.966797 0.939453 0.968750 0.941406 0.970703 0.941406 0.976562 0.939453 0.978516 0.939453 0.980469 0.941406 0.980469 0.943359 0.982422 0.945312 0.982422 0.947266 0.984375 0.955078 0.984375 0.957031 0.986328 0.962891 0.980469 0.970703 0.980469 0.972656 0.982422 0.974609 0.982422 0.978516 0.986328 0.978516 0.988281 0.982422 0.992188 0.992188 0.992188 0.992188 0.464844 0.990234 0.466797 0.986328 0.466797 0.986328 0.472656 0.988281 0.474609 0.988281 0.486328 0.982422 0.492188 0.982422 0.494141 0.980469 0.496094 0.974609 0.496094 0.972656 0.494141 0.964844 0.494141 0.962891 0.496094 0.960938 0.496094 0.955078 0.490234 0.955078 0.484375 0.957031 0.482422 0.957031 0.480469 0.958984 0.478516 0.960938 0.478516 0.964844 0.474609 0.964844 0.472656 0.968750 0.468750 0.968750 0.460938 0.966797 0.458984 0.966797 0.457031 0.958984 0.457031 0.957031 0.458984 0.955078 0.458984 0.953125 0.460938 0.951172 0.460938 0.945312 0.455078 0.945312 0.437500 0.943359 0.435547 0.943359 0.433594 0.941406 0.431641 0.941406 0.429688 0.939453 0.429688 0.937500 0.427734 0.931641 0.427734 0.929688 0.429688 0.927734 0.429688 0.925781 0.427734 0.925781 0.421875 0.923828 0.421875 0.921875 0.419922 0.921875 0.417969 0.919922 0.417969 0.914062 0.412109 0.912109 0.412109 0.910156 0.410156 0.904297 0.410156 0.902344 0.408203 0.902344 0.402344 0.900391 0.402344 0.898438 0.400391 0.896484 0.400391 0.892578 0.396484 0.890625 0.396484 0.888672 0.394531 0.867188 0.394531 0.863281 0.390625 0.857422 0.390625 0.855469 0.388672 0.855469 0.386719 0.853516 0.384766 0.853516 0.380859 0.851562 0.380859 0.849609 0.378906 0.843750 0.378906 0.841797 0.376953 0.837891 0.376953 0.835938 0.375000 0.833984 0.375000 0.832031 0.373047 0.830078 0.373047 0.826172 0.369141 0.826172 0.367188 0.822266 0.367188 0.820312 0.365234 0.816406 0.365234 0.814453 0.363281 0.812500 0.363281 0.810547 0.361328 0.804688 0.361328 0.802734 0.359375 0.802734 0.353516 0.808594 0.347656 0.814453 0.347656 0.816406 0.349609 0.820312 0.349609 0.824219 0.353516 0.832031 0.353516 0.833984 0.351562 0.841797 0.351562 0.847656 0.345703 0.847656 0.335938 0.843750 0.332031 0.833984 0.332031 0.832031 0.330078 0.832031 0.328125 0.833984 0.326172 0.835938 0.326172 0.839844 0.322266 0.841797 0.322266 0.843750 0.320312 0.843750 0.318359 0.845703 0.316406 0.845703 0.314453 0.847656 0.312500 0.853516 0.312500 0.855469 0.310547 0.857422 0.310547 0.857422 0.308594 0.867188 0.298828 0.867188 0.296875 0.869141 0.294922 0.875000 0.294922 0.875000 0.287109 0.876953 0.285156 0.876953 0.277344 0.875000 0.277344 0.871094 0.273438 0.869141 0.273438 0.867188 0.271484 0.867188 0.269531 0.849609 0.269531 0.849609 0.271484 0.847656 0.273438 0.847656 0.279297 0.845703 0.281250 0.837891 0.281250 0.833984 0.277344 0.833984 0.269531 0.835938 0.267578 0.835938 0.263672 0.837891 0.261719 0.837891 0.246094 0.839844 0.244141 0.839844 0.240234 0.837891 0.240234 0.835938 0.238281 0.835938 0.234375 0.832031 0.230469 0.830078 0.230469 0.828125 0.228516 0.826172 0.228516 0.824219 0.226562 0.820312 0.226562 0.816406 0.222656 0.810547 0.222656 0.808594 0.220703 0.808594 0.207031 0.806641 0.207031 0.804688 0.205078 0.804688 0.203125 0.798828 0.203125 0.796875 0.201172 0.796875 0.197266 0.794922 0.197266 0.792969 0.195312 0.792969 0.191406 0.777344 0.191406 0.775391 0.193359 0.775391 0.208984 0.773438 0.210938 0.771484 0.210938 0.771484 0.214844 0.773438 0.216797 0.773438 0.218750 0.775391 0.220703 0.775391 0.224609 0.785156 0.224609 0.787109 0.222656 0.789062 0.222656 0.791016 0.220703 0.791016 0.218750 0.792969 0.216797 0.798828 0.216797 0.800781 0.218750 0.804688 0.218750 0.806641 0.220703 0.806641 0.226562 0.802734 0.230469 0.802734 0.232422 0.798828 0.236328 0.792969 0.236328 0.791016 0.238281 0.781250 0.238281 0.779297 0.236328 0.775391 0.236328 0.773438 0.234375 0.773438 0.230469 0.771484 0.230469 0.771484 0.232422 0.769531 0.234375 0.765625 0.234375 0.759766 0.228516 0.759766 0.226562 0.757812 0.224609 0.755859 0.224609 0.750000 0.218750 0.751953 0.216797 0.751953 0.214844 0.753906 0.212891 0.755859 0.212891 0.751953 0.212891 0.750000 0.210938 0.750000 0.207031 0.753906 0.203125 0.753906 0.199219 0.751953 0.197266 0.751953 0.195312 0.750000 0.195312 0.748047 0.193359 0.748047 0.191406 0.746094 0.189453 0.746094 0.187500 0.744141 0.185547 0.744141 0.181641 0.742188 0.179688 0.748047 0.173828 0.750000 0.173828 0.750000 0.169922 0.748047 0.167969 0.748047 0.156250 0.750000 0.154297 0.751953 0.154297 0.753906 0.152344 0.757812 0.152344 0.759766 0.154297 0.759766 0.160156 0.757812 0.162109 0.761719 0.166016 0.761719 0.171875 0.763672 0.173828 0.763672 0.175781 0.765625 0.177734 0.773438 0.177734 0.771484 0.175781 0.771484 0.169922 0.773438 0.167969 0.777344 0.167969 0.781250 0.171875 0.781250 0.173828 0.785156 0.177734 0.791016 0.177734 0.792969 0.179688 0.794922 0.179688 0.798828 0.183594 0.798828 0.185547 0.800781 0.185547 0.802734 0.187500 0.802734 0.189453 0.804688 0.189453 0.808594 0.193359 0.808594 0.195312 0.810547 0.197266 0.816406 0.197266 0.820312 0.193359 0.830078 0.193359 0.830078 0.183594 0.832031 0.181641 0.832031 0.177734 0.826172 0.177734 0.822266 0.181641 0.820312 0.181641 0.818359 0.179688 0.818359 0.175781 0.816406 0.175781 0.812500 0.171875 0.810547 0.171875 0.808594 0.169922 0.808594 0.167969 0.804688 0.164062 0.804688 0.160156 0.798828 0.160156 0.796875 0.158203 0.796875 0.156250 0.787109 0.156250 0.785156 0.154297 0.785156 0.148438 0.783203 0.148438 0.781250 0.146484 0.781250 0.142578 0.779297 0.140625 0.769531 0.140625 0.767578 0.138672 0.767578 0.134766 0.763672 0.130859 0.763672 0.128906 0.761719 0.126953 0.761719 0.125000 0.763672 0.123047 0.765625 0.125000 0.767578 0.125000 0.769531 0.126953 0.779297 0.126953 0.779297 0.125000 0.781250 0.123047 0.781250 0.115234 0.779297 0.113281 0.779297 0.111328 0.777344 0.109375 0.777344 0.107422 0.775391 0.105469 0.775391 0.103516 0.773438 0.105469 0.771484 0.105469 0.769531 0.107422 0.769531 0.109375 0.767578 0.111328 0.765625 0.111328 0.765625 0.113281 0.763672 0.115234 0.763672 0.123047 0.761719 0.125000 0.757812 0.121094 0.755859 0.121094 0.753906 0.119141 0.753906 0.117188 0.751953 0.115234 0.751953 0.111328 0.750000 0.111328 0.748047 0.109375 0.748047 0.107422 0.753906 0.101562 0.757812 0.101562 0.757812 0.095703 0.755859 0.093750 0.753906 0.093750 0.751953 0.091797 0.751953 0.089844 0.753906 0.087891 0.765625 0.087891 0.767578 0.085938 0.781250 0.085938 0.783203 0.087891 0.783203 0.093750 0.781250 0.095703 0.781250 0.103516 0.783203 0.105469 0.781250 0.107422 0.785156 0.111328 0.785156 0.113281 0.787109 0.115234 0.787109 0.119141 0.789062 0.121094 0.789062 0.126953 0.791016 0.128906 0.792969 0.128906 0.794922 0.130859 0.794922 0.132812 0.806641 0.132812 0.814453 0.125000 0.816406 0.125000 0.822266 0.119141 0.824219 0.119141 0.826172 0.121094 0.826172 0.132812 0.835938 0.132812 0.837891 0.130859 0.837891 0.128906 0.839844 0.126953 0.839844 0.125000 0.843750 0.121094 0.843750 0.117188 0.845703 0.115234 0.845703 0.113281 0.847656 0.111328 0.849609 0.111328 0.855469 0.105469 0.855469 0.089844 0.853516 0.089844 0.851562 0.087891 0.851562 0.085938 0.849609 0.083984 0.849609 0.078125 0.851562 0.076172 0.851562 0.074219 0.857422 0.068359 0.859375 0.068359 0.859375 0.058594 0.845703 0.058594 0.837891 0.050781 0.835938 0.050781 0.832031 0.046875 0.830078 0.046875 0.828125 0.044922 0.828125 0.042969 0.818359 0.042969 0.816406 0.044922 0.814453 0.044922 0.812500 0.042969 0.806641 0.042969 0.804688 0.041016 0.804688 0.039062 0.792969 0.039062 0.787109 0.033203 0.787109 0.031250 0.789062 0.029297 0.791016 0.029297 0.791016 0.017578 0.789062 0.015625 0.789062 0.013672 0.787109 0.013672 0.785156 0.011719 0.785156 0.007812 0.783203 0.005859 0.783203 0.000000 0.552734 0.000000 0.554688 0.001953 0.556641 0.001953 0.558594 0.003906 0.558594 0.017578 0.556641 0.019531 0.554688 0.019531 0.552734 0.021484 0.548828 0.021484 0.546875 0.019531 0.527344 0.019531 0.525391 0.021484 0.519531 0.021484 0.517578 0.023438 0.509766 0.023438 0.507812 0.021484 0.507812 0.017578 0.509766 0.015625 0.511719 0.015625 0.513672 0.013672 0.517578 0.013672 0.519531 0.011719 0.521484 0.011719 0.519531 0.009766 0.519531 0.007812 0.517578 0.005859 0.517578 0.003906 0.515625 0.001953 0.515625 0.000000
0 0.169922 0.000000 0.169922 0.003906 0.167969 0.005859 0.167969 0.011719 0.169922 0.013672 0.179688 0.013672 0.185547 0.007812 0.185547 0.003906 0.187500 0.001953 0.187500 0.000000