0 0.302734 0.927734 0.302734 0.929688 0.300781 0.931641 0.292969 0.931641 0.292969 0.947266 0.312500 0.947266 0.312500 0.945312 0.314453 0.943359 0.351562 0.943359 0.353516 0.945312 0.353516 0.947266 0.380859 0.947266 0.382812 0.949219 0.382812 0.951172 0.386719 0.951172 0.388672 0.953125 0.394531 0.953125 0.396484 0.955078 0.396484 0.957031 0.494141 0.957031 0.494141 0.941406 0.406250 0.941406 0.404297 0.939453 0.404297 0.937500 0.400391 0.937500 0.398438 0.935547 0.396484 0.935547 0.394531 0.933594 0.394531 0.931641 0.363281 0.931641 0.361328 0.929688 0.361328 0.927734
0 0.857422 0.250000 0.857422 0.257812 0.908203 0.257812 0.910156 0.259766 0.916016 0.259766 0.917969 0.261719 0.917969 0.263672 0.925781 0.263672 0.927734 0.265625 0.953125 0.265625 0.953125 0.257812 0.927734 0.257812 0.925781 0.255859 0.923828 0.255859 0.921875 0.253906 0.921875 0.251953 0.914062 0.251953 0.912109 0.250000
0 0.839844 0.250000 0.839844 0.257812 0.853516 0.257812 0.853516 0.250000
0 0.761719 0.185547 0.761719 0.201172 0.783203 0.201172 0.783203 0.185547
0 0.742188 0.185547 0.742188 0.201172 0.757812 0.201172 0.757812 0.185547
0 0.710938 0.185547 0.710938 0.201172 0.738281 0.201172 0.738281 0.185547
0 0.685547 0.185547 0.685547 0.201172 0.701172 0.201172 0.701172 0.185547
0 0.513672 0.183594 0.513672 0.199219 0.675781 0.199219 0.675781 0.183594
0 0.199219 0.150391 0.199219 0.152344 0.197266 0.154297 0.181641 0.154297 0.179688 0.156250 0.166016 0.156250 0.164062 0.158203 0.154297 0.158203 0.154297 0.166016 0.156250 0.167969 0.154297 0.169922 0.140625 0.169922 0.138672 0.167969 0.134766 0.167969 0.130859 0.164062 0.128906 0.164062 0.126953 0.162109 0.123047 0.162109 0.121094 0.160156 0.111328 0.160156 0.109375 0.158203 0.107422 0.158203 0.105469 0.156250 0.099609 0.156250 0.095703 0.152344 0.048828 0.152344 0.046875 0.154297 0.044922 0.154297 0.042969 0.156250 0.039062 0.156250 0.037109 0.158203 0.035156 0.158203 0.033203 0.160156 0.033203 0.162109 0.031250 0.164062 0.031250 0.167969 0.027344 0.171875 0.025391 0.171875 0.023438 0.173828 0.023438 0.175781 0.021484 0.177734 0.019531 0.177734 0.019531 0.179688 0.015625 0.183594 0.011719 0.183594 0.009766 0.185547 0.007812 0.183594 0.007812 0.177734 0.001953 0.177734 0.001953 0.193359 0.017578 0.193359 0.019531 0.191406 0.023438 0.191406 0.025391 0.189453 0.025391 0.187500 0.027344 0.185547 0.027344 0.183594 0.029297 0.181641 0.031250 0.181641 0.035156 0.177734 0.037109 0.177734 0.037109 0.175781 0.039062 0.173828 0.039062 0.171875 0.041016 0.169922 0.041016 0.167969 0.042969 0.166016 0.044922 0.166016 0.046875 0.164062 0.050781 0.164062 0.054688 0.160156 0.087891 0.160156 0.089844 0.162109 0.091797 0.162109 0.093750 0.164062 0.099609 0.164062 0.101562 0.166016 0.103516 0.166016 0.105469 0.167969 0.113281 0.167969 0.115234 0.169922 0.119141 0.169922 0.121094 0.171875 0.123047 0.171875 0.125000 0.173828 0.128906 0.173828 0.130859 0.175781 0.132812 0.175781 0.134766 0.177734 0.162109 0.177734 0.164062 0.175781 0.166016 0.175781 0.167969 0.173828 0.167969 0.167969 0.171875 0.164062 0.187500 0.164062 0.189453 0.162109 0.208984 0.162109 0.208984 0.152344 0.207031 0.150391
0 0.523438 0.146484 0.521484 0.148438 0.511719 0.148438 0.509766 0.150391 0.480469 0.150391 0.478516 0.152344 0.466797 0.152344 0.464844 0.154297 0.460938 0.154297 0.460938 0.158203 0.458984 0.160156 0.455078 0.160156 0.453125 0.162109 0.447266 0.162109 0.447266 0.164062 0.443359 0.167969 0.441406 0.167969 0.441406 0.171875 0.439453 0.173828 0.439453 0.203125 0.441406 0.205078 0.441406 0.208984 0.445312 0.212891 0.445312 0.214844 0.447266 0.216797 0.447266 0.218750 0.449219 0.218750 0.451172 0.220703 0.451172 0.222656 0.453125 0.222656 0.455078 0.224609 0.455078 0.226562 0.458984 0.226562 0.460938 0.228516 0.468750 0.228516 0.470703 0.230469 0.470703 0.232422 0.480469 0.232422 0.482422 0.234375 0.482422 0.236328 0.484375 0.238281 0.486328 0.238281 0.488281 0.240234 0.490234 0.240234 0.492188 0.242188 0.494141 0.242188 0.496094 0.244141 0.511719 0.244141 0.513672 0.246094 0.515625 0.246094 0.517578 0.248047 0.517578 0.250000 0.578125 0.250000 0.580078 0.251953 0.601562 0.251953 0.603516 0.253906 0.603516 0.255859 0.621094 0.255859 0.623047 0.257812 0.632812 0.257812 0.634766 0.259766 0.648438 0.259766 0.650391 0.261719 0.650391 0.263672 0.662109 0.263672 0.664062 0.265625 0.718750 0.265625 0.720703 0.263672 0.732422 0.263672 0.732422 0.261719 0.734375 0.259766 0.746094 0.259766 0.748047 0.257812 0.835938 0.257812 0.835938 0.250000 0.746094 0.250000 0.744141 0.251953 0.732422 0.251953 0.732422 0.253906 0.730469 0.255859 0.710938 0.255859 0.708984 0.257812 0.664062 0.257812 0.662109 0.255859 0.652344 0.255859 0.650391 0.253906 0.650391 0.251953 0.638672 0.251953 0.636719 0.250000 0.625000 0.250000 0.623047 0.248047 0.605469 0.248047 0.603516 0.246094 0.603516 0.244141 0.580078 0.244141 0.578125 0.242188 0.523438 0.242188 0.521484 0.240234 0.521484 0.238281 0.519531 0.236328 0.503906 0.236328 0.500000 0.232422 0.496094 0.232422 0.492188 0.228516 0.484375 0.228516 0.482422 0.226562 0.482422 0.224609 0.474609 0.224609 0.472656 0.222656 0.472656 0.220703 0.468750 0.220703 0.466797 0.218750 0.464844 0.218750 0.462891 0.216797 0.460938 0.216797 0.458984 0.214844 0.457031 0.214844 0.455078 0.212891 0.455078 0.208984 0.453125 0.207031 0.453125 0.205078 0.449219 0.201172 0.449219 0.197266 0.447266 0.195312 0.447266 0.177734 0.451172 0.173828 0.453125 0.173828 0.453125 0.171875 0.457031 0.167969 0.462891 0.167969 0.462891 0.164062 0.464844 0.162109 0.468750 0.162109 0.470703 0.160156 0.482422 0.160156 0.484375 0.158203 0.515625 0.158203 0.517578 0.156250 0.529297 0.156250 0.531250 0.154297 0.537109 0.154297 0.537109 0.146484
0 0.041016 0.115234 0.041016 0.117188 0.039062 0.119141 0.027344 0.119141 0.027344 0.134766 0.044922 0.134766 0.044922 0.132812 0.046875 0.130859 0.082031 0.130859 0.083984 0.132812 0.103516 0.132812 0.103516 0.117188 0.099609 0.117188 0.097656 0.115234
0 0.089844 0.085938 0.089844 0.093750 0.117188 0.093750 0.119141 0.095703 0.121094 0.095703 0.123047 0.097656 0.123047 0.099609 0.125000 0.099609 0.128906 0.103516 0.132812 0.103516 0.136719 0.107422 0.138672 0.107422 0.140625 0.109375 0.142578 0.109375 0.144531 0.111328 0.144531 0.113281 0.148438 0.117188 0.150391 0.117188 0.158203 0.125000 0.160156 0.125000 0.162109 0.126953 0.162109 0.130859 0.164062 0.132812 0.166016 0.132812 0.169922 0.136719 0.169922 0.140625 0.177734 0.140625 0.177734 0.128906 0.173828 0.125000 0.171875 0.125000 0.169922 0.123047 0.169922 0.119141 0.167969 0.117188 0.166016 0.117188 0.156250 0.107422 0.154297 0.107422 0.152344 0.105469 0.152344 0.103516 0.150391 0.103516 0.146484 0.099609 0.144531 0.099609 0.140625 0.095703 0.136719 0.095703 0.134766 0.093750 0.134766 0.091797 0.128906 0.091797 0.126953 0.089844 0.126953 0.087891 0.123047 0.087891 0.121094 0.085938
0 0.046875 0.085938 0.044922 0.087891 0.027344 0.087891 0.027344 0.089844 0.025391 0.091797 0.019531 0.091797 0.017578 0.093750 0.015625 0.091797 0.007812 0.091797 0.007812 0.101562 0.021484 0.101562 0.023438 0.099609 0.027344 0.099609 0.027344 0.097656 0.029297 0.095703 0.048828 0.095703 0.050781 0.093750 0.085938 0.093750 0.085938 0.085938