0 0.326172 0.951172 0.324219 0.953125 0.322266 0.953125 0.320312 0.955078 0.320312 0.957031 0.318359 0.958984 0.318359 0.966797 0.316406 0.968750 0.314453 0.968750 0.306641 0.976562 0.306641 0.982422 0.310547 0.982422 0.314453 0.986328 0.314453 0.988281 0.324219 0.988281 0.324219 0.984375 0.328125 0.980469 0.328125 0.970703 0.326172 0.968750 0.328125 0.966797 0.328125 0.962891 0.330078 0.960938 0.330078 0.951172
0 0.826172 0.949219 0.824219 0.951172 0.818359 0.951172 0.816406 0.953125 0.818359 0.953125 0.820312 0.955078 0.820312 0.957031 0.824219 0.957031 0.826172 0.958984 0.826172 0.964844 0.818359 0.972656 0.812500 0.972656 0.810547 0.974609 0.808594 0.974609 0.806641 0.976562 0.802734 0.972656 0.796875 0.972656 0.796875 0.982422 0.794922 0.984375 0.794922 0.990234 0.792969 0.992188 0.847656 0.992188 0.845703 0.990234 0.845703 0.988281 0.839844 0.988281 0.833984 0.982422 0.833984 0.978516 0.835938 0.976562 0.835938 0.970703 0.833984 0.968750 0.835938 0.966797 0.830078 0.960938 0.830078 0.958984 0.832031 0.957031 0.832031 0.953125 0.828125 0.949219
0 0.757812 0.935547 0.751953 0.941406 0.748047 0.941406 0.744141 0.945312 0.744141 0.949219 0.742188 0.951172 0.742188 0.955078 0.740234 0.957031 0.740234 0.962891 0.742188 0.964844 0.746094 0.964844 0.748047 0.962891 0.751953 0.962891 0.753906 0.964844 0.763672 0.964844 0.763672 0.962891 0.765625 0.960938 0.765625 0.958984 0.767578 0.957031 0.767578 0.955078 0.769531 0.953125 0.775391 0.953125 0.779297 0.949219 0.779297 0.945312 0.775391 0.941406 0.773438 0.941406 0.771484 0.939453 0.769531 0.939453 0.767578 0.937500 0.765625 0.937500 0.763672 0.935547
0 0.808594 0.914062 0.806641 0.916016 0.804688 0.916016 0.804688 0.917969 0.802734 0.919922 0.800781 0.919922 0.796875 0.923828 0.792969 0.923828 0.792969 0.927734 0.802734 0.927734 0.804688 0.925781 0.804688 0.923828 0.808594 0.919922 0.816406 0.919922 0.816406 0.916016 0.814453 0.916016 0.812500 0.914062
0 0.857422 0.912109 0.857422 0.914062 0.859375 0.916016 0.861328 0.916016 0.869141 0.923828 0.869141 0.929688 0.865234 0.933594 0.863281 0.933594 0.863281 0.943359 0.865234 0.945312 0.869141 0.945312 0.869141 0.941406 0.867188 0.939453 0.869141 0.937500 0.876953 0.937500 0.878906 0.935547 0.878906 0.931641 0.876953 0.929688 0.876953 0.917969 0.878906 0.916016 0.878906 0.912109
0 0.808594 0.896484 0.806641 0.898438 0.804688 0.898438 0.804688 0.902344 0.806641 0.902344 0.810547 0.906250 0.812500 0.906250 0.814453 0.908203 0.814453 0.910156 0.822266 0.910156 0.822266 0.904297 0.820312 0.904297 0.818359 0.902344 0.816406 0.902344 0.814453 0.900391 0.814453 0.898438 0.812500 0.896484
0 0.992188 0.894531 0.990234 0.896484 0.988281 0.896484 0.986328 0.898438 0.986328 0.900391 0.980469 0.906250 0.980469 0.908203 0.978516 0.910156 0.972656 0.910156 0.968750 0.914062 0.968750 0.919922 0.966797 0.921875 0.958984 0.921875 0.957031 0.923828 0.951172 0.923828 0.949219 0.925781 0.949219 0.931641 0.951172 0.931641 0.953125 0.933594 0.953125 0.939453 0.951172 0.941406 0.937500 0.941406 0.931641 0.935547 0.931641 0.933594 0.929688 0.931641 0.933594 0.927734 0.933594 0.919922 0.929688 0.919922 0.927734 0.917969 0.923828 0.917969 0.923828 0.921875 0.917969 0.927734 0.916016 0.927734 0.916016 0.931641 0.919922 0.931641 0.921875 0.933594 0.925781 0.933594 0.927734 0.935547 0.927734 0.937500 0.929688 0.939453 0.929688 0.943359 0.931641 0.945312 0.931641 0.949219 0.929688 0.951172 0.929688 0.953125 0.923828 0.958984 0.921875 0.958984 0.919922 0.960938 0.917969 0.960938 0.916016 0.962891 0.914062 0.962891 0.910156 0.966797 0.908203 0.964844 0.906250 0.964844 0.906250 0.966797 0.902344 0.970703 0.900391 0.968750 0.898438 0.968750 0.896484 0.966797 0.896484 0.970703 0.894531 0.972656 0.892578 0.970703 0.888672 0.970703 0.886719 0.968750 0.886719 0.966797 0.886719 0.968750 0.882812 0.972656 0.884766 0.974609 0.882812 0.976562 0.882812 0.980469 0.890625 0.988281 0.890625 0.990234 0.888672 0.992188 0.992188 0.992188
0 0.226562 0.894531 0.224609 0.896484 0.224609 0.898438 0.226562 0.900391 0.228516 0.900391 0.230469 0.898438 0.232422 0.898438 0.232422 0.894531
0 0.193359 0.888672 0.193359 0.896484 0.195312 0.898438 0.201172 0.898438 0.201172 0.892578 0.203125 0.890625 0.203125 0.888672 0.199219 0.888672 0.197266 0.890625 0.195312 0.888672
0 0.865234 0.886719 0.865234 0.892578 0.867188 0.894531 0.869141 0.894531 0.871094 0.892578 0.873047 0.892578 0.873047 0.890625 0.871094 0.890625 0.869141 0.888672 0.869141 0.886719
0 0.908203 0.876953 0.906250 0.878906 0.906250 0.886719 0.910156 0.886719 0.912109 0.888672 0.916016 0.888672 0.917969 0.886719 0.919922 0.886719 0.921875 0.884766 0.921875 0.882812 0.923828 0.880859 0.923828 0.876953
0 0.765625 0.875000 0.765625 0.886719 0.771484 0.886719 0.773438 0.884766 0.777344 0.884766 0.777344 0.880859 0.775391 0.878906 0.771484 0.878906 0.767578 0.875000
0 0.828125 0.861328 0.824219 0.865234 0.824219 0.867188 0.820312 0.871094 0.818359 0.871094 0.816406 0.873047 0.816406 0.882812 0.818359 0.884766 0.824219 0.884766 0.826172 0.886719 0.828125 0.886719 0.830078 0.888672 0.833984 0.888672 0.835938 0.890625 0.837891 0.890625 0.845703 0.882812 0.845703 0.880859 0.847656 0.878906 0.847656 0.876953 0.849609 0.875000 0.849609 0.873047 0.845703 0.873047 0.841797 0.876953 0.837891 0.876953 0.835938 0.875000 0.839844 0.871094 0.839844 0.863281 0.835938 0.863281 0.833984 0.861328
0 0.263672 0.839844 0.263672 0.853516 0.277344 0.853516 0.277344 0.847656 0.269531 0.839844
0 0.880859 0.828125 0.880859 0.830078 0.873047 0.837891 0.873047 0.839844 0.878906 0.839844 0.880859 0.841797 0.878906 0.843750 0.876953 0.843750 0.875000 0.845703 0.871094 0.845703 0.869141 0.847656 0.867188 0.847656 0.865234 0.849609 0.865234 0.853516 0.871094 0.859375 0.875000 0.859375 0.878906 0.863281 0.880859 0.863281 0.880859 0.853516 0.882812 0.851562 0.882812 0.847656 0.878906 0.843750 0.880859 0.841797 0.884766 0.841797 0.890625 0.835938 0.894531 0.835938 0.896484 0.837891 0.896484 0.839844 0.902344 0.839844 0.902344 0.835938 0.900391 0.833984 0.898438 0.833984 0.896484 0.832031 0.894531 0.832031 0.892578 0.830078 0.888672 0.830078 0.886719 0.828125
0 0.513672 0.824219 0.511719 0.826172 0.509766 0.826172 0.507812 0.828125 0.503906 0.828125 0.501953 0.830078 0.492188 0.830078 0.490234 0.828125 0.486328 0.828125 0.484375 0.830078 0.480469 0.830078 0.478516 0.832031 0.476562 0.832031 0.474609 0.830078 0.470703 0.830078 0.470703 0.832031 0.466797 0.835938 0.460938 0.835938 0.457031 0.839844 0.457031 0.841797 0.455078 0.843750 0.455078 0.849609 0.460938 0.855469 0.455078 0.861328 0.453125 0.861328 0.451172 0.863281 0.451172 0.865234 0.447266 0.869141 0.447266 0.878906 0.443359 0.882812 0.443359 0.884766 0.441406 0.886719 0.439453 0.884766 0.431641 0.884766 0.431641 0.888672 0.433594 0.890625 0.433594 0.894531 0.435547 0.896484 0.435547 0.908203 0.437500 0.908203 0.443359 0.914062 0.445312 0.914062 0.447266 0.916016 0.458984 0.916016 0.460938 0.914062 0.470703 0.923828 0.472656 0.923828 0.474609 0.925781 0.482422 0.925781 0.484375 0.923828 0.486328 0.923828 0.494141 0.931641 0.494141 0.935547 0.498047 0.935547 0.501953 0.939453 0.503906 0.939453 0.505859 0.941406 0.507812 0.941406 0.509766 0.939453 0.509766 0.937500 0.511719 0.935547 0.511719 0.933594 0.513672 0.931641 0.513672 0.929688 0.515625 0.927734 0.515625 0.925781 0.517578 0.923828 0.523438 0.923828 0.525391 0.921875 0.531250 0.921875 0.533203 0.923828 0.535156 0.923828 0.537109 0.925781 0.542969 0.925781 0.546875 0.929688 0.550781 0.929688 0.554688 0.933594 0.554688 0.939453 0.552734 0.941406 0.542969 0.941406 0.541016 0.939453 0.537109 0.939453 0.535156 0.937500 0.529297 0.937500 0.525391 0.933594 0.517578 0.933594 0.517578 0.947266 0.519531 0.949219 0.527344 0.949219 0.529297 0.947266 0.531250 0.947266 0.533203 0.945312 0.535156 0.947266 0.544922 0.947266 0.546875 0.949219 0.546875 0.955078 0.548828 0.957031 0.560547 0.957031 0.562500 0.955078 0.566406 0.955078 0.568359 0.953125 0.576172 0.953125 0.578125 0.951172 0.580078 0.951172 0.582031 0.953125 0.583984 0.953125 0.585938 0.955078 0.589844 0.955078 0.591797 0.953125 0.593750 0.953125 0.599609 0.947266 0.599609 0.941406 0.597656 0.939453 0.597656 0.937500 0.595703 0.935547 0.574219 0.935547 0.570312 0.931641 0.570312 0.929688 0.568359 0.929688 0.564453 0.925781 0.564453 0.923828 0.566406 0.921875 0.566406 0.919922 0.568359 0.917969 0.568359 0.916016 0.570312 0.914062 0.570312 0.912109 0.572266 0.910156 0.574219 0.910156 0.576172 0.912109 0.578125 0.912109 0.582031 0.916016 0.589844 0.916016 0.589844 0.908203 0.587891 0.906250 0.580078 0.906250 0.574219 0.900391 0.574219 0.898438 0.572266 0.896484 0.572266 0.890625 0.568359 0.886719 0.566406 0.886719 0.564453 0.884766 0.562500 0.884766 0.558594 0.880859 0.556641 0.880859 0.554688 0.878906 0.554688 0.876953 0.552734 0.875000 0.552734 0.873047 0.550781 0.871094 0.548828 0.871094 0.546875 0.869141 0.546875 0.867188 0.541016 0.867188 0.541016 0.869141 0.539062 0.871094 0.537109 0.871094 0.533203 0.867188 0.533203 0.865234 0.537109 0.861328 0.539062 0.861328 0.541016 0.859375 0.546875 0.859375 0.546875 0.857422 0.550781 0.853516 0.550781 0.837891 0.546875 0.837891 0.544922 0.835938 0.544922 0.833984 0.539062 0.833984 0.535156 0.830078 0.527344 0.830078 0.525391 0.828125 0.523438 0.828125 0.521484 0.826172 0.519531 0.826172 0.517578 0.824219
0 0.000000 0.798828 0.000000 0.970703 0.000000 0.968750 0.001953 0.966797 0.001953 0.962891 0.003906 0.960938 0.003906 0.958984 0.007812 0.955078 0.009766 0.955078 0.009766 0.953125 0.013672 0.949219 0.013672 0.947266 0.015625 0.945312 0.015625 0.943359 0.023438 0.935547 0.025391 0.935547 0.033203 0.927734 0.037109 0.927734 0.039062 0.929688 0.039062 0.933594 0.041016 0.935547 0.041016 0.937500 0.046875 0.943359 0.050781 0.943359 0.052734 0.945312 0.064453 0.945312 0.066406 0.947266 0.068359 0.947266 0.072266 0.951172 0.074219 0.951172 0.078125 0.955078 0.080078 0.955078 0.082031 0.957031 0.082031 0.958984 0.083984 0.960938 0.082031 0.962891 0.082031 0.972656 0.083984 0.972656 0.085938 0.974609 0.097656 0.974609 0.107422 0.964844 0.107422 0.955078 0.109375 0.953125 0.111328 0.953125 0.113281 0.951172 0.115234 0.951172 0.117188 0.949219 0.119141 0.949219 0.119141 0.939453 0.123047 0.935547 0.130859 0.935547 0.130859 0.931641 0.128906 0.929688 0.128906 0.927734 0.121094 0.927734 0.119141 0.925781 0.119141 0.921875 0.117188 0.921875 0.115234 0.919922 0.115234 0.896484 0.121094 0.890625 0.123047 0.890625 0.125000 0.888672 0.125000 0.886719 0.126953 0.884766 0.126953 0.880859 0.132812 0.875000 0.132812 0.871094 0.128906 0.867188 0.128906 0.865234 0.126953 0.863281 0.126953 0.861328 0.132812 0.855469 0.132812 0.849609 0.125000 0.849609 0.123047 0.851562 0.121094 0.851562 0.119141 0.853516 0.117188 0.853516 0.113281 0.857422 0.111328 0.855469 0.111328 0.853516 0.097656 0.853516 0.095703 0.855469 0.093750 0.853516 0.089844 0.853516 0.087891 0.851562 0.087891 0.839844 0.085938 0.837891 0.085938 0.835938 0.083984 0.833984 0.085938 0.832031 0.085938 0.830078 0.087891 0.828125 0.087891 0.822266 0.082031 0.822266 0.082031 0.824219 0.078125 0.828125 0.078125 0.830078 0.074219 0.833984 0.072266 0.833984 0.070312 0.835938 0.068359 0.835938 0.064453 0.839844 0.062500 0.839844 0.058594 0.835938 0.058594 0.833984 0.048828 0.833984 0.044922 0.837891 0.042969 0.837891 0.039062 0.841797 0.037109 0.841797 0.035156 0.839844 0.035156 0.837891 0.033203 0.837891 0.027344 0.832031 0.025391 0.832031 0.023438 0.830078 0.021484 0.832031 0.019531 0.832031 0.015625 0.828125 0.017578 0.826172 0.017578 0.814453 0.015625 0.814453 0.013672 0.812500 0.017578 0.808594 0.017578 0.802734 0.003906 0.802734
0 0.468750 0.777344 0.468750 0.779297 0.466797 0.781250 0.466797 0.785156 0.462891 0.789062 0.462891 0.791016 0.455078 0.798828 0.453125 0.798828 0.451172 0.800781 0.449219 0.800781 0.449219 0.802734 0.447266 0.804688 0.447266 0.808594 0.449219 0.810547 0.449219 0.814453 0.453125 0.818359 0.453125 0.820312 0.455078 0.822266 0.458984 0.822266 0.460938 0.824219 0.466797 0.824219 0.466797 0.808594 0.470703 0.804688 0.470703 0.802734 0.474609 0.798828 0.474609 0.796875 0.476562 0.794922 0.476562 0.779297 0.474609 0.777344
0 0.119141 0.748047 0.119141 0.751953 0.121094 0.751953 0.123047 0.753906 0.126953 0.753906 0.126953 0.748047
0 0.117188 0.716797 0.115234 0.718750 0.113281 0.718750 0.113281 0.720703 0.109375 0.724609 0.097656 0.724609 0.097656 0.730469 0.101562 0.730469 0.103516 0.732422 0.105469 0.732422 0.107422 0.734375 0.125000 0.734375 0.128906 0.730469 0.128906 0.728516 0.130859 0.726562 0.130859 0.720703 0.126953 0.720703 0.125000 0.718750 0.119141 0.718750
0 0.025391 0.656250 0.023438 0.658203 0.021484 0.658203 0.019531 0.660156 0.015625 0.660156 0.011719 0.664062 0.011719 0.671875 0.017578 0.677734 0.017578 0.685547 0.023438 0.685547 0.025391 0.687500 0.029297 0.687500 0.031250 0.689453 0.033203 0.689453 0.035156 0.691406 0.041016 0.691406 0.042969 0.689453 0.042969 0.685547 0.044922 0.683594 0.044922 0.660156 0.042969 0.660156 0.039062 0.656250
0 0.156250 0.611328 0.156250 0.613281 0.154297 0.615234 0.156250 0.617188 0.162109 0.617188 0.164062 0.619141 0.166016 0.619141 0.166016 0.615234 0.162109 0.611328
0 0.332031 0.597656 0.332031 0.601562 0.330078 0.603516 0.330078 0.609375 0.328125 0.611328 0.326172 0.611328 0.326172 0.613281 0.324219 0.615234 0.320312 0.611328 0.318359 0.611328 0.316406 0.609375 0.314453 0.609375 0.312500 0.611328 0.306641 0.611328 0.302734 0.615234 0.300781 0.615234 0.300781 0.623047 0.296875 0.626953 0.294922 0.626953 0.291016 0.630859 0.289062 0.628906 0.289062 0.626953 0.291016 0.625000 0.291016 0.621094 0.285156 0.621094 0.285156 0.623047 0.279297 0.628906 0.271484 0.628906 0.269531 0.630859 0.265625 0.630859 0.263672 0.632812 0.257812 0.632812 0.255859 0.634766 0.250000 0.634766 0.248047 0.636719 0.244141 0.636719 0.238281 0.642578 0.236328 0.642578 0.230469 0.648438 0.226562 0.648438 0.226562 0.650391 0.210938 0.666016 0.208984 0.666016 0.207031 0.667969 0.205078 0.667969 0.201172 0.671875 0.199219 0.671875 0.197266 0.669922 0.193359 0.669922 0.191406 0.671875 0.189453 0.671875 0.187500 0.673828 0.175781 0.673828 0.173828 0.675781 0.173828 0.677734 0.171875 0.679688 0.171875 0.681641 0.169922 0.683594 0.169922 0.695312 0.171875 0.697266 0.169922 0.699219 0.169922 0.701172 0.167969 0.703125 0.167969 0.716797 0.171875 0.720703 0.171875 0.722656 0.175781 0.726562 0.175781 0.728516 0.179688 0.732422 0.177734 0.734375 0.177734 0.736328 0.179688 0.736328 0.181641 0.738281 0.181641 0.740234 0.179688 0.742188 0.183594 0.746094 0.183594 0.750000 0.185547 0.751953 0.189453 0.751953 0.191406 0.753906 0.199219 0.753906 0.201172 0.751953 0.201172 0.750000 0.205078 0.746094 0.208984 0.746094 0.218750 0.736328 0.222656 0.740234 0.222656 0.742188 0.224609 0.742188 0.230469 0.748047 0.232422 0.748047 0.234375 0.750000 0.240234 0.750000 0.248047 0.757812 0.251953 0.757812 0.251953 0.755859 0.253906 0.753906 0.257812 0.757812 0.261719 0.757812 0.263672 0.759766 0.267578 0.759766 0.269531 0.761719 0.269531 0.763672 0.277344 0.763672 0.277344 0.757812 0.279297 0.755859 0.279297 0.750000 0.281250 0.748047 0.281250 0.746094 0.285156 0.742188 0.285156 0.734375 0.287109 0.732422 0.292969 0.732422 0.294922 0.734375 0.294922 0.736328 0.298828 0.736328 0.298828 0.734375 0.300781 0.732422 0.302734 0.732422 0.304688 0.730469 0.312500 0.730469 0.314453 0.728516 0.314453 0.726562 0.316406 0.724609 0.316406 0.722656 0.318359 0.720703 0.322266 0.720703 0.324219 0.722656 0.326172 0.722656 0.328125 0.724609 0.328125 0.734375 0.322266 0.740234 0.322266 0.742188 0.316406 0.748047 0.306641 0.748047 0.302734 0.751953 0.300781 0.751953 0.300781 0.753906 0.298828 0.755859 0.298828 0.757812 0.296875 0.759766 0.296875 0.773438 0.294922 0.775391 0.292969 0.773438 0.287109 0.773438 0.287109 0.783203 0.289062 0.783203 0.291016 0.785156 0.291016 0.787109 0.292969 0.789062 0.292969 0.791016 0.291016 0.792969 0.287109 0.792969 0.287109 0.798828 0.289062 0.800781 0.291016 0.800781 0.294922 0.804688 0.300781 0.804688 0.302734 0.806641 0.306641 0.806641 0.310547 0.810547 0.312500 0.810547 0.316406 0.814453 0.316406 0.818359 0.314453 0.820312 0.316406 0.822266 0.316406 0.826172 0.318359 0.828125 0.316406 0.830078 0.316406 0.832031 0.312500 0.835938 0.312500 0.837891 0.314453 0.839844 0.314453 0.847656 0.312500 0.849609 0.312500 0.855469 0.314453 0.857422 0.316406 0.857422 0.318359 0.859375 0.318359 0.861328 0.320312 0.863281 0.316406 0.867188 0.314453 0.867188 0.310547 0.871094 0.308594 0.871094 0.306641 0.873047 0.302734 0.873047 0.300781 0.875000 0.294922 0.875000 0.292969 0.876953 0.291016 0.876953 0.289062 0.878906 0.287109 0.878906 0.283203 0.882812 0.283203 0.886719 0.289062 0.886719 0.291016 0.888672 0.289062 0.890625 0.289062 0.892578 0.285156 0.896484 0.273438 0.896484 0.271484 0.898438 0.269531 0.898438 0.267578 0.900391 0.267578 0.902344 0.265625 0.904297 0.265625 0.919922 0.267578 0.919922 0.269531 0.921875 0.269531 0.923828 0.273438 0.927734 0.275391 0.927734 0.277344 0.929688 0.271484 0.935547 0.271484 0.937500 0.267578 0.941406 0.265625 0.939453 0.265625 0.937500 0.261719 0.933594 0.259766 0.933594 0.257812 0.931641 0.250000 0.931641 0.248047 0.929688 0.244141 0.929688 0.240234 0.925781 0.240234 0.921875 0.238281 0.921875 0.236328 0.919922 0.230469 0.919922 0.226562 0.916016 0.226562 0.914062 0.222656 0.910156 0.218750 0.910156 0.216797 0.908203 0.216797 0.906250 0.214844 0.904297 0.210938 0.904297 0.210938 0.908203 0.205078 0.914062 0.207031 0.916016 0.207031 0.921875 0.205078 0.923828 0.203125 0.923828 0.203125 0.925781 0.199219 0.929688 0.199219 0.931641 0.197266 0.933594 0.193359 0.933594 0.191406 0.935547 0.191406 0.937500 0.187500 0.941406 0.187500 0.943359 0.183594 0.947266 0.179688 0.947266 0.179688 0.949219 0.177734 0.951172 0.171875 0.951172 0.169922 0.949219 0.169922 0.945312 0.167969 0.943359 0.167969 0.941406 0.162109 0.941406 0.160156 0.943359 0.160156 0.945312 0.158203 0.947266 0.156250 0.947266 0.156250 0.964844 0.154297 0.966797 0.154297 0.968750 0.150391 0.972656 0.150391 0.974609 0.164062 0.988281 0.166016 0.988281 0.167969 0.990234 0.171875 0.990234 0.173828 0.992188 0.289062 0.992188 0.291016 0.990234 0.294922 0.990234 0.294922 0.980469 0.289062 0.974609 0.289062 0.970703 0.291016 0.968750 0.291016 0.957031 0.287109 0.953125 0.287109 0.945312 0.289062 0.943359 0.291016 0.943359 0.292969 0.941406 0.298828 0.941406 0.300781 0.943359 0.302734 0.943359 0.304688 0.945312 0.304688 0.949219 0.312500 0.949219 0.316406 0.945312 0.318359 0.945312 0.320312 0.943359 0.324219 0.943359 0.326172 0.945312 0.333984 0.945312 0.335938 0.947266 0.345703 0.947266 0.345703 0.937500 0.341797 0.933594 0.345703 0.929688 0.349609 0.929688 0.349609 0.923828 0.351562 0.921875 0.351562 0.912109 0.349609 0.910156 0.349609 0.898438 0.347656 0.896484 0.341797 0.896484 0.337891 0.892578 0.337891 0.880859 0.333984 0.880859 0.332031 0.878906 0.332031 0.876953 0.330078 0.875000 0.330078 0.873047 0.333984 0.869141 0.337891 0.869141 0.339844 0.871094 0.343750 0.871094 0.345703 0.873047 0.353516 0.873047 0.355469 0.875000 0.363281 0.875000 0.365234 0.873047 0.365234 0.871094 0.371094 0.865234 0.371094 0.863281 0.373047 0.861328 0.373047 0.859375 0.376953 0.855469 0.376953 0.853516 0.384766 0.845703 0.386719 0.847656 0.390625 0.847656 0.392578 0.849609 0.402344 0.849609 0.406250 0.845703 0.408203 0.847656 0.419922 0.847656 0.419922 0.845703 0.423828 0.841797 0.423828 0.833984 0.421875 0.832031 0.421875 0.824219 0.423828 0.822266 0.423828 0.816406 0.425781 0.814453 0.425781 0.812500 0.427734 0.810547 0.427734 0.808594 0.429688 0.806641 0.429688 0.796875 0.431641 0.794922 0.431641 0.792969 0.433594 0.791016 0.433594 0.787109 0.437500 0.783203 0.437500 0.773438 0.429688 0.765625 0.429688 0.763672 0.423828 0.757812 0.416016 0.757812 0.414062 0.755859 0.414062 0.736328 0.416016 0.734375 0.416016 0.732422 0.414062 0.730469 0.416016 0.728516 0.416016 0.726562 0.417969 0.724609 0.417969 0.718750 0.419922 0.716797 0.419922 0.714844 0.425781 0.708984 0.425781 0.705078 0.423828 0.705078 0.421875 0.703125 0.412109 0.703125 0.410156 0.701172 0.410156 0.699219 0.412109 0.697266 0.412109 0.693359 0.417969 0.687500 0.417969 0.685547 0.419922 0.683594 0.419922 0.681641 0.421875 0.679688 0.423828 0.679688 0.421875 0.677734 0.425781 0.673828 0.425781 0.671875 0.429688 0.667969 0.429688 0.666016 0.431641 0.664062 0.431641 0.654297 0.427734 0.650391 0.427734 0.648438 0.419922 0.640625 0.414062 0.640625 0.412109 0.638672 0.404297 0.638672 0.402344 0.636719 0.400391 0.636719 0.394531 0.642578 0.392578 0.642578 0.390625 0.640625 0.390625 0.638672 0.388672 0.638672 0.386719 0.640625 0.384766 0.640625 0.382812 0.638672 0.382812 0.636719 0.380859 0.634766 0.378906 0.634766 0.376953 0.632812 0.376953 0.630859 0.375000 0.632812 0.373047 0.632812 0.369141 0.628906 0.369141 0.625000 0.365234 0.621094 0.365234 0.619141 0.361328 0.615234 0.349609 0.615234 0.337891 0.603516 0.337891 0.601562 0.335938 0.599609 0.335938 0.597656
0 0.007812 0.580078 0.005859 0.582031 0.000000 0.582031 0.000000 0.646484 0.001953 0.648438 0.011719 0.648438 0.013672 0.650391 0.017578 0.650391 0.019531 0.652344 0.025391 0.652344 0.025391 0.648438 0.029297 0.644531 0.029297 0.642578 0.031250 0.640625 0.031250 0.632812 0.035156 0.628906 0.035156 0.625000 0.029297 0.619141 0.017578 0.619141 0.013672 0.615234 0.013672 0.611328 0.009766 0.607422 0.009766 0.605469 0.011719 0.603516 0.013672 0.603516 0.021484 0.595703 0.021484 0.587891 0.019531 0.585938 0.017578 0.585938 0.015625 0.583984 0.013672 0.583984 0.009766 0.580078
0 0.695312 0.556641 0.691406 0.560547 0.691406 0.568359 0.689453 0.570312 0.689453 0.572266 0.687500 0.574219 0.685547 0.574219 0.685547 0.576172 0.683594 0.578125 0.683594 0.582031 0.685547 0.583984 0.685547 0.587891 0.687500 0.587891 0.691406 0.591797 0.691406 0.599609 0.693359 0.599609 0.695312 0.597656 0.695312 0.595703 0.697266 0.593750 0.697266 0.589844 0.705078 0.582031 0.707031 0.583984 0.710938 0.583984 0.716797 0.578125 0.716797 0.568359 0.714844 0.566406 0.714844 0.562500 0.712891 0.562500 0.708984 0.558594 0.705078 0.558594 0.703125 0.556641
0 0.140625 0.554688 0.138672 0.556641 0.138672 0.558594 0.136719 0.560547 0.134766 0.560547 0.134766 0.562500 0.132812 0.564453 0.132812 0.566406 0.128906 0.570312 0.126953 0.568359 0.121094 0.568359 0.119141 0.566406 0.117188 0.566406 0.113281 0.562500 0.089844 0.562500 0.087891 0.564453 0.085938 0.564453 0.085938 0.566406 0.083984 0.568359 0.083984 0.572266 0.082031 0.574219 0.082031 0.583984 0.070312 0.595703 0.068359 0.593750 0.068359 0.587891 0.066406 0.585938 0.066406 0.583984 0.058594 0.583984 0.058594 0.587891 0.060547 0.587891 0.062500 0.589844 0.062500 0.591797 0.064453 0.593750 0.068359 0.593750 0.070312 0.595703 0.070312 0.597656 0.062500 0.605469 0.056641 0.605469 0.054688 0.607422 0.052734 0.607422 0.052734 0.613281 0.054688 0.615234 0.054688 0.617188 0.056641 0.619141 0.056641 0.628906 0.054688 0.630859 0.054688 0.642578 0.058594 0.642578 0.060547 0.640625 0.066406 0.640625 0.068359 0.642578 0.068359 0.644531 0.066406 0.646484 0.066406 0.650391 0.062500 0.654297 0.062500 0.666016 0.064453 0.667969 0.064453 0.669922 0.066406 0.671875 0.066406 0.679688 0.062500 0.683594 0.060547 0.683594 0.058594 0.685547 0.058594 0.693359 0.062500 0.697266 0.066406 0.697266 0.072266 0.703125 0.072266 0.705078 0.074219 0.707031 0.076172 0.707031 0.080078 0.710938 0.082031 0.710938 0.083984 0.712891 0.085938 0.712891 0.087891 0.714844 0.093750 0.714844 0.099609 0.708984 0.099609 0.707031 0.103516 0.703125 0.115234 0.703125 0.115234 0.701172 0.117188 0.699219 0.119141 0.699219 0.121094 0.697266 0.121094 0.695312 0.125000 0.691406 0.128906 0.691406 0.130859 0.689453 0.132812 0.689453 0.132812 0.687500 0.136719 0.683594 0.134766 0.681641 0.134766 0.679688 0.136719 0.677734 0.138672 0.677734 0.140625 0.675781 0.142578 0.675781 0.142578 0.642578 0.138672 0.642578 0.138672 0.644531 0.134766 0.648438 0.130859 0.644531 0.130859 0.642578 0.125000 0.642578 0.123047 0.640625 0.123047 0.632812 0.121094 0.630859 0.123047 0.628906 0.126953 0.628906 0.126953 0.626953 0.128906 0.625000 0.130859 0.625000 0.130859 0.619141 0.128906 0.617188 0.126953 0.619141 0.123047 0.615234 0.125000 0.613281 0.126953 0.613281 0.126953 0.611328 0.128906 0.609375 0.128906 0.603516 0.123047 0.603516 0.121094 0.601562 0.121094 0.599609 0.123047 0.597656 0.125000 0.597656 0.125000 0.595703 0.126953 0.593750 0.136719 0.593750 0.140625 0.589844 0.148438 0.589844 0.154297 0.583984 0.154297 0.582031 0.158203 0.578125 0.158203 0.576172 0.160156 0.574219 0.160156 0.572266 0.162109 0.570312 0.162109 0.558594 0.156250 0.558594 0.152344 0.554688
0 0.968750 0.539062 0.966797 0.541016 0.966797 0.542969 0.964844 0.544922 0.955078 0.544922 0.953125 0.546875 0.935547 0.546875 0.929688 0.552734 0.929688 0.558594 0.931641 0.558594 0.933594 0.560547 0.943359 0.560547 0.947266 0.564453 0.947266 0.566406 0.949219 0.568359 0.949219 0.570312 0.951172 0.572266 0.951172 0.576172 0.949219 0.578125 0.951172 0.580078 0.951172 0.595703 0.953125 0.597656 0.953125 0.603516 0.951172 0.605469 0.949219 0.605469 0.949219 0.609375 0.947266 0.611328 0.945312 0.611328 0.945312 0.613281 0.943359 0.615234 0.939453 0.611328 0.939453 0.609375 0.937500 0.607422 0.937500 0.605469 0.935547 0.605469 0.923828 0.617188 0.921875 0.617188 0.921875 0.625000 0.919922 0.626953 0.916016 0.626953 0.916016 0.638672 0.919922 0.638672 0.931641 0.626953 0.933594 0.626953 0.937500 0.623047 0.941406 0.623047 0.943359 0.621094 0.947266 0.621094 0.949219 0.623047 0.951172 0.623047 0.953125 0.625000 0.953125 0.628906 0.945312 0.636719 0.945312 0.638672 0.949219 0.638672 0.951172 0.636719 0.955078 0.636719 0.957031 0.638672 0.957031 0.642578 0.949219 0.650391 0.949219 0.660156 0.958984 0.660156 0.966797 0.652344 0.966797 0.640625 0.964844 0.638672 0.964844 0.634766 0.968750 0.630859 0.974609 0.630859 0.988281 0.617188 0.992188 0.617188 0.992188 0.562500 0.988281 0.558594 0.988281 0.552734 0.990234 0.550781 0.990234 0.544922 0.988281 0.542969 0.982422 0.542969 0.978516 0.546875 0.976562 0.544922 0.976562 0.539062
0 0.015625 0.521484 0.013672 0.523438 0.013672 0.531250 0.015625 0.531250 0.019531 0.535156 0.025391 0.535156 0.025391 0.527344 0.027344 0.525391 0.027344 0.523438 0.025391 0.523438 0.023438 0.521484
0 0.232422 0.496094 0.230469 0.498047 0.228516 0.498047 0.226562 0.500000 0.222656 0.500000 0.222656 0.501953 0.216797 0.507812 0.216797 0.509766 0.214844 0.511719 0.214844 0.515625 0.210938 0.519531 0.210938 0.525391 0.218750 0.525391 0.220703 0.523438 0.222656 0.523438 0.224609 0.521484 0.226562 0.523438 0.230469 0.523438 0.232422 0.521484 0.236328 0.521484 0.238281 0.519531 0.246094 0.519531 0.250000 0.515625 0.250000 0.513672 0.251953 0.511719 0.251953 0.507812 0.250000 0.505859 0.246094 0.505859 0.242188 0.501953 0.240234 0.501953 0.236328 0.498047 0.236328 0.496094
0 0.835938 0.443359 0.835938 0.453125 0.839844 0.453125 0.841797 0.455078 0.843750 0.453125 0.845703 0.453125 0.845703 0.451172 0.843750 0.451172 0.841797 0.449219 0.841797 0.445312 0.839844 0.447266
0 0.935547 0.380859 0.935547 0.384766 0.933594 0.386719 0.931641 0.386719 0.931641 0.392578 0.935547 0.396484 0.931641 0.400391 0.929688 0.400391 0.927734 0.402344 0.925781 0.402344 0.921875 0.398438 0.912109 0.398438 0.910156 0.400391 0.910156 0.404297 0.906250 0.408203 0.906250 0.410156 0.902344 0.414062 0.902344 0.416016 0.898438 0.419922 0.898438 0.423828 0.894531 0.427734 0.894531 0.429688 0.892578 0.431641 0.890625 0.431641 0.890625 0.433594 0.888672 0.435547 0.882812 0.435547 0.875000 0.443359 0.863281 0.443359 0.859375 0.447266 0.859375 0.449219 0.857422 0.451172 0.855469 0.451172 0.855469 0.453125 0.853516 0.455078 0.851562 0.455078 0.851562 0.457031 0.849609 0.458984 0.847656 0.458984 0.847656 0.466797 0.845703 0.468750 0.845703 0.476562 0.841797 0.480469 0.839844 0.478516 0.837891 0.478516 0.837891 0.480469 0.826172 0.492188 0.824219 0.492188 0.822266 0.494141 0.820312 0.494141 0.820312 0.500000 0.818359 0.501953 0.812500 0.501953 0.810547 0.500000 0.810547 0.498047 0.804688 0.498047 0.802734 0.500000 0.798828 0.500000 0.796875 0.498047 0.792969 0.498047 0.791016 0.500000 0.791016 0.507812 0.792969 0.507812 0.794922 0.509766 0.794922 0.511719 0.796875 0.513672 0.796875 0.515625 0.802734 0.515625 0.804688 0.517578 0.804688 0.519531 0.802734 0.521484 0.802734 0.523438 0.800781 0.525391 0.798828 0.525391 0.798828 0.527344 0.796875 0.529297 0.796875 0.533203 0.794922 0.535156 0.792969 0.535156 0.791016 0.537109 0.789062 0.537109 0.787109 0.535156 0.787109 0.529297 0.779297 0.529297 0.771484 0.537109 0.771484 0.541016 0.775391 0.541016 0.777344 0.542969 0.777344 0.548828 0.775391 0.550781 0.773438 0.550781 0.771484 0.548828 0.767578 0.548828 0.761719 0.554688 0.757812 0.554688 0.757812 0.558594 0.753906 0.562500 0.753906 0.564453 0.755859 0.566406 0.757812 0.566406 0.759766 0.564453 0.765625 0.564453 0.769531 0.568359 0.769531 0.574219 0.767578 0.576172 0.765625 0.576172 0.765625 0.578125 0.761719 0.582031 0.759766 0.582031 0.755859 0.585938 0.753906 0.585938 0.751953 0.583984 0.751953 0.580078 0.744141 0.580078 0.738281 0.585938 0.736328 0.583984 0.734375 0.585938 0.734375 0.589844 0.732422 0.591797 0.734375 0.593750 0.734375 0.597656 0.736328 0.597656 0.742188 0.603516 0.742188 0.605469 0.740234 0.607422 0.740234 0.609375 0.738281 0.611328 0.734375 0.611328 0.736328 0.613281 0.734375 0.615234 0.734375 0.619141 0.732422 0.621094 0.730469 0.619141 0.728516 0.621094 0.726562 0.621094 0.724609 0.619141 0.716797 0.619141 0.714844 0.621094 0.714844 0.623047 0.712891 0.625000 0.710938 0.625000 0.708984 0.626953 0.705078 0.626953 0.705078 0.628906 0.708984 0.632812 0.708984 0.636719 0.710938 0.638672 0.710938 0.644531 0.714844 0.648438 0.714844 0.650391 0.722656 0.658203 0.728516 0.658203 0.730469 0.656250 0.732422 0.656250 0.732422 0.654297 0.734375 0.652344 0.734375 0.648438 0.738281 0.644531 0.744141 0.644531 0.750000 0.638672 0.751953 0.638672 0.753906 0.636719 0.755859 0.636719 0.755859 0.634766 0.757812 0.632812 0.763672 0.632812 0.765625 0.634766 0.765625 0.636719 0.767578 0.636719 0.769531 0.638672 0.769531 0.640625 0.771484 0.640625 0.773438 0.642578 0.779297 0.642578 0.781250 0.644531 0.787109 0.644531 0.798828 0.632812 0.804688 0.632812 0.806641 0.634766 0.808594 0.634766 0.816406 0.642578 0.816406 0.644531 0.820312 0.648438 0.820312 0.652344 0.814453 0.658203 0.812500 0.658203 0.812500 0.662109 0.808594 0.666016 0.802734 0.666016 0.798828 0.662109 0.794922 0.662109 0.792969 0.664062 0.789062 0.664062 0.789062 0.666016 0.785156 0.669922 0.783203 0.669922 0.781250 0.671875 0.779297 0.671875 0.777344 0.673828 0.777344 0.677734 0.781250 0.677734 0.783203 0.679688 0.781250 0.681641 0.781250 0.683594 0.783203 0.683594 0.785156 0.685547 0.785156 0.701172 0.777344 0.708984 0.777344 0.712891 0.775391 0.714844 0.773438 0.714844 0.771484 0.712891 0.765625 0.712891 0.761719 0.716797 0.761719 0.718750 0.755859 0.724609 0.753906 0.724609 0.753906 0.732422 0.761719 0.732422 0.765625 0.728516 0.767578 0.728516 0.771484 0.724609 0.775391 0.724609 0.777344 0.726562 0.777344 0.736328 0.775391 0.738281 0.773438 0.738281 0.769531 0.742188 0.769531 0.755859 0.775391 0.761719 0.777344 0.761719 0.781250 0.765625 0.781250 0.767578 0.783203 0.769531 0.783203 0.773438 0.785156 0.775391 0.787109 0.775391 0.789062 0.777344 0.789062 0.781250 0.792969 0.785156 0.792969 0.787109 0.794922 0.789062 0.796875 0.789062 0.798828 0.787109 0.802734 0.787109 0.802734 0.785156 0.800781 0.783203 0.804688 0.779297 0.808594 0.779297 0.810547 0.781250 0.812500 0.779297 0.818359 0.779297 0.820312 0.781250 0.820312 0.783203 0.822266 0.785156 0.822266 0.787109 0.824219 0.789062 0.826172 0.789062 0.832031 0.794922 0.845703 0.794922 0.847656 0.796875 0.847656 0.800781 0.849609 0.802734 0.847656 0.804688 0.847656 0.806641 0.851562 0.810547 0.851562 0.814453 0.855469 0.818359 0.855469 0.820312 0.859375 0.824219 0.869141 0.824219 0.873047 0.820312 0.875000 0.820312 0.878906 0.816406 0.888672 0.816406 0.890625 0.818359 0.894531 0.814453 0.896484 0.814453 0.898438 0.812500 0.906250 0.812500 0.910156 0.816406 0.912109 0.814453 0.914062 0.816406 0.916016 0.816406 0.916016 0.804688 0.917969 0.802734 0.917969 0.800781 0.923828 0.794922 0.925781 0.796875 0.927734 0.796875 0.927734 0.789062 0.925781 0.787109 0.927734 0.785156 0.925781 0.783203 0.925781 0.781250 0.927734 0.779297 0.925781 0.779297 0.923828 0.777344 0.923828 0.769531 0.925781 0.767578 0.925781 0.759766 0.921875 0.755859 0.921875 0.746094 0.923828 0.744141 0.923828 0.742188 0.925781 0.740234 0.929688 0.740234 0.931641 0.742188 0.931641 0.744141 0.943359 0.744141 0.943359 0.738281 0.941406 0.736328 0.941406 0.730469 0.945312 0.726562 0.949219 0.730469 0.949219 0.734375 0.947266 0.736328 0.947266 0.742188 0.949219 0.742188 0.951172 0.744141 0.957031 0.744141 0.958984 0.742188 0.960938 0.742188 0.960938 0.734375 0.958984 0.732422 0.962891 0.728516 0.964844 0.730469 0.964844 0.732422 0.966797 0.732422 0.972656 0.738281 0.974609 0.738281 0.976562 0.740234 0.992188 0.740234 0.992188 0.701172 0.986328 0.695312 0.986328 0.685547 0.984375 0.685547 0.982422 0.683594 0.960938 0.683594 0.960938 0.685547 0.957031 0.689453 0.957031 0.695312 0.962891 0.695312 0.964844 0.697266 0.968750 0.697266 0.970703 0.699219 0.970703 0.701172 0.968750 0.703125 0.968750 0.705078 0.966797 0.707031 0.964844 0.707031 0.964844 0.714844 0.966797 0.716797 0.966797 0.718750 0.968750 0.720703 0.966797 0.722656 0.953125 0.722656 0.951172 0.720703 0.949219 0.720703 0.947266 0.718750 0.945312 0.718750 0.943359 0.716797 0.943359 0.714844 0.941406 0.712891 0.933594 0.712891 0.931641 0.710938 0.929688 0.710938 0.925781 0.707031 0.927734 0.705078 0.927734 0.699219 0.925781 0.697266 0.925781 0.693359 0.923828 0.691406 0.923828 0.689453 0.921875 0.689453 0.919922 0.687500 0.923828 0.683594 0.925781 0.683594 0.925781 0.675781 0.921875 0.671875 0.923828 0.669922 0.923828 0.662109 0.906250 0.662109 0.902344 0.658203 0.896484 0.658203 0.894531 0.660156 0.892578 0.658203 0.880859 0.658203 0.878906 0.656250 0.880859 0.654297 0.878906 0.652344 0.878906 0.650391 0.876953 0.650391 0.873047 0.646484 0.871094 0.646484 0.867188 0.642578 0.867188 0.636719 0.863281 0.632812 0.867188 0.628906 0.867188 0.621094 0.865234 0.619141 0.865234 0.617188 0.867188 0.615234 0.867188 0.611328 0.871094 0.607422 0.875000 0.607422 0.876953 0.605469 0.878906 0.605469 0.880859 0.603516 0.884766 0.603516 0.886719 0.601562 0.888672 0.601562 0.886719 0.599609 0.886719 0.597656 0.884766 0.595703 0.884766 0.593750 0.882812 0.593750 0.880859 0.591797 0.873047 0.591797 0.871094 0.589844 0.869141 0.589844 0.867188 0.587891 0.865234 0.587891 0.863281 0.585938 0.863281 0.580078 0.865234 0.578125 0.873047 0.578125 0.875000 0.580078 0.876953 0.578125 0.880859 0.578125 0.882812 0.576172 0.884766 0.576172 0.886719 0.574219 0.890625 0.574219 0.892578 0.572266 0.906250 0.572266 0.908203 0.574219 0.914062 0.574219 0.916016 0.576172 0.919922 0.576172 0.919922 0.574219 0.916016 0.570312 0.914062 0.570312 0.912109 0.568359 0.912109 0.566406 0.910156 0.564453 0.910156 0.560547 0.914062 0.556641 0.914062 0.554688 0.916016 0.552734 0.917969 0.552734 0.917969 0.550781 0.919922 0.548828 0.921875 0.548828 0.921875 0.544922 0.919922 0.544922 0.917969 0.546875 0.912109 0.546875 0.908203 0.542969 0.908203 0.541016 0.910156 0.539062 0.914062 0.539062 0.914062 0.533203 0.916016 0.531250 0.916016 0.529297 0.919922 0.525391 0.925781 0.525391 0.927734 0.527344 0.933594 0.527344 0.935547 0.525391 0.937500 0.525391 0.941406 0.521484 0.949219 0.521484 0.951172 0.523438 0.951172 0.525391 0.953125 0.523438 0.957031 0.523438 0.958984 0.525391 0.958984 0.527344 0.968750 0.517578 0.970703 0.517578 0.972656 0.515625 0.972656 0.513672 0.976562 0.509766 0.978516 0.509766 0.980469 0.511719 0.984375 0.511719 0.986328 0.509766 0.988281 0.509766 0.990234 0.507812 0.992188 0.509766 0.992188 0.511719 0.992188 0.462891 0.988281 0.462891 0.986328 0.460938 0.982422 0.460938 0.974609 0.453125 0.974609 0.451172 0.972656 0.449219 0.970703 0.449219 0.964844 0.443359 0.964844 0.439453 0.962891 0.439453 0.960938 0.437500 0.958984 0.437500 0.957031 0.435547 0.957031 0.431641 0.955078 0.431641 0.949219 0.425781 0.949219 0.423828 0.953125 0.419922 0.955078 0.421875 0.955078 0.419922 0.953125 0.417969 0.953125 0.416016 0.955078 0.414062 0.957031 0.414062 0.960938 0.410156 0.962891 0.410156 0.962891 0.404297 0.958984 0.400391 0.953125 0.400391 0.951172 0.402344 0.947266 0.398438 0.947266 0.394531 0.943359 0.390625 0.943359 0.382812 0.941406 0.380859
0 0.921875 0.376953 0.919922 0.378906 0.919922 0.382812 0.923828 0.382812 0.925781 0.380859 0.929688 0.380859 0.929688 0.378906 0.927734 0.378906 0.925781 0.376953
0 0.000000 0.357422 0.000000 0.376953 0.001953 0.375000 0.001953 0.363281 0.000000 0.361328
0 0.384766 0.355469 0.380859 0.359375 0.380859 0.361328 0.384766 0.365234 0.384766 0.367188 0.382812 0.369141 0.382812 0.375000 0.386719 0.378906 0.386719 0.380859 0.388672 0.380859 0.388672 0.371094 0.386719 0.369141 0.386719 0.367188 0.388672 0.365234 0.388672 0.361328 0.390625 0.359375 0.390625 0.355469
0 0.302734 0.343750 0.300781 0.345703 0.300781 0.347656 0.298828 0.349609 0.298828 0.351562 0.296875 0.353516 0.296875 0.357422 0.298828 0.359375 0.298828 0.363281 0.300781 0.365234 0.300781 0.369141 0.298828 0.371094 0.298828 0.373047 0.296875 0.375000 0.296875 0.376953 0.294922 0.378906 0.289062 0.378906 0.289062 0.382812 0.281250 0.390625 0.281250 0.392578 0.279297 0.394531 0.279297 0.398438 0.281250 0.400391 0.281250 0.412109 0.283203 0.414062 0.287109 0.414062 0.289062 0.416016 0.292969 0.416016 0.298828 0.410156 0.298828 0.408203 0.300781 0.406250 0.300781 0.404297 0.306641 0.398438 0.306641 0.396484 0.308594 0.394531 0.308594 0.384766 0.304688 0.384766 0.300781 0.388672 0.298828 0.388672 0.294922 0.384766 0.298828 0.380859 0.300781 0.380859 0.308594 0.373047 0.308594 0.367188 0.306641 0.365234 0.306641 0.349609 0.308594 0.347656 0.308594 0.343750
0 0.552734 0.335938 0.552734 0.341797 0.550781 0.343750 0.550781 0.345703 0.548828 0.347656 0.548828 0.349609 0.546875 0.351562 0.546875 0.355469 0.544922 0.357422 0.544922 0.359375 0.542969 0.361328 0.542969 0.363281 0.541016 0.365234 0.539062 0.365234 0.531250 0.373047 0.527344 0.373047 0.523438 0.376953 0.515625 0.376953 0.515625 0.378906 0.513672 0.380859 0.509766 0.380859 0.507812 0.378906 0.505859 0.380859 0.503906 0.380859 0.500000 0.376953 0.496094 0.376953 0.486328 0.367188 0.486328 0.365234 0.480469 0.365234 0.476562 0.361328 0.476562 0.357422 0.474609 0.355469 0.476562 0.353516 0.476562 0.345703 0.470703 0.345703 0.468750 0.343750 0.466797 0.343750 0.460938 0.337891 0.453125 0.337891 0.453125 0.341797 0.451172 0.343750 0.451172 0.347656 0.449219 0.349609 0.449219 0.355469 0.451172 0.357422 0.451172 0.359375 0.453125 0.361328 0.451172 0.363281 0.451172 0.365234 0.449219 0.367188 0.449219 0.373047 0.451172 0.375000 0.451172 0.376953 0.455078 0.376953 0.457031 0.378906 0.457031 0.382812 0.472656 0.382812 0.484375 0.394531 0.484375 0.396484 0.486328 0.398438 0.486328 0.402344 0.484375 0.404297 0.484375 0.406250 0.482422 0.408203 0.482422 0.417969 0.484375 0.417969 0.488281 0.421875 0.494141 0.421875 0.496094 0.423828 0.498047 0.423828 0.505859 0.431641 0.507812 0.431641 0.509766 0.433594 0.509766 0.437500 0.507812 0.439453 0.507812 0.441406 0.505859 0.443359 0.505859 0.445312 0.503906 0.447266 0.501953 0.447266 0.498047 0.443359 0.498047 0.431641 0.484375 0.431641 0.482422 0.433594 0.480469 0.433594 0.478516 0.431641 0.476562 0.431641 0.472656 0.427734 0.470703 0.427734 0.470703 0.429688 0.466797 0.433594 0.462891 0.429688 0.460938 0.431641 0.457031 0.431641 0.455078 0.429688 0.451172 0.429688 0.449219 0.427734 0.447266 0.427734 0.445312 0.425781 0.441406 0.425781 0.439453 0.423828 0.431641 0.423828 0.429688 0.421875 0.423828 0.421875 0.421875 0.423828 0.419922 0.421875 0.419922 0.419922 0.408203 0.419922 0.406250 0.421875 0.402344 0.421875 0.402344 0.423828 0.398438 0.427734 0.396484 0.427734 0.394531 0.429688 0.394531 0.431641 0.390625 0.435547 0.388672 0.435547 0.386719 0.437500 0.386719 0.449219 0.388672 0.451172 0.388672 0.453125 0.394531 0.458984 0.398438 0.458984 0.406250 0.466797 0.414062 0.466797 0.416016 0.464844 0.417969 0.464844 0.419922 0.466797 0.421875 0.466797 0.427734 0.472656 0.427734 0.476562 0.429688 0.478516 0.429688 0.494141 0.427734 0.496094 0.427734 0.498047 0.425781 0.500000 0.423828 0.500000 0.423828 0.501953 0.421875 0.503906 0.421875 0.507812 0.423828 0.509766 0.425781 0.509766 0.429688 0.513672 0.429688 0.515625 0.431641 0.517578 0.431641 0.523438 0.433594 0.525391 0.433594 0.527344 0.435547 0.529297 0.435547 0.531250 0.437500 0.531250 0.441406 0.527344 0.441406 0.517578 0.439453 0.515625 0.441406 0.513672 0.441406 0.511719 0.447266 0.505859 0.449219 0.505859 0.449219 0.501953 0.447266 0.500000 0.447266 0.498047 0.445312 0.498047 0.441406 0.494141 0.439453 0.494141 0.437500 0.492188 0.437500 0.486328 0.439453 0.484375 0.439453 0.480469 0.443359 0.476562 0.445312 0.478516 0.453125 0.478516 0.455078 0.480469 0.458984 0.480469 0.464844 0.486328 0.464844 0.488281 0.468750 0.492188 0.468750 0.494141 0.470703 0.496094 0.470703 0.503906 0.472656 0.505859 0.472656 0.513672 0.476562 0.517578 0.478516 0.517578 0.480469 0.519531 0.486328 0.519531 0.488281 0.521484 0.490234 0.521484 0.492188 0.519531 0.496094 0.519531 0.500000 0.523438 0.500000 0.525391 0.498047 0.527344 0.498047 0.531250 0.500000 0.531250 0.501953 0.533203 0.501953 0.537109 0.503906 0.539062 0.503906 0.542969 0.505859 0.544922 0.505859 0.546875 0.503906 0.548828 0.486328 0.548828 0.482422 0.544922 0.482422 0.542969 0.478516 0.539062 0.476562 0.539062 0.474609 0.537109 0.468750 0.537109 0.466797 0.535156 0.464844 0.535156 0.462891 0.533203 0.462891 0.531250 0.457031 0.531250 0.453125 0.535156 0.451172 0.535156 0.451172 0.537109 0.449219 0.539062 0.447266 0.539062 0.445312 0.541016 0.445312 0.546875 0.447266 0.546875 0.449219 0.548828 0.455078 0.548828 0.462891 0.556641 0.462891 0.558594 0.464844 0.560547 0.464844 0.562500 0.458984 0.568359 0.455078 0.568359 0.457031 0.568359 0.458984 0.570312 0.460938 0.570312 0.462891 0.572266 0.462891 0.580078 0.464844 0.582031 0.464844 0.583984 0.470703 0.583984 0.474609 0.587891 0.474609 0.589844 0.476562 0.587891 0.478516 0.589844 0.478516 0.593750 0.480469 0.593750 0.482422 0.591797 0.484375 0.591797 0.486328 0.589844 0.488281 0.589844 0.492188 0.585938 0.492188 0.583984 0.494141 0.582031 0.494141 0.578125 0.496094 0.576172 0.498047 0.578125 0.505859 0.578125 0.507812 0.580078 0.505859 0.582031 0.515625 0.582031 0.517578 0.583984 0.523438 0.583984 0.525391 0.582031 0.527344 0.583984 0.529297 0.582031 0.533203 0.582031 0.535156 0.580078 0.537109 0.582031 0.539062 0.582031 0.541016 0.580078 0.542969 0.580078 0.544922 0.582031 0.544922 0.585938 0.546875 0.587891 0.546875 0.589844 0.542969 0.593750 0.542969 0.599609 0.544922 0.601562 0.550781 0.601562 0.552734 0.599609 0.556641 0.599609 0.560547 0.595703 0.560547 0.587891 0.558594 0.587891 0.556641 0.585938 0.556641 0.583984 0.558594 0.582031 0.558594 0.580078 0.560547 0.578125 0.560547 0.576172 0.562500 0.574219 0.562500 0.572266 0.564453 0.570312 0.564453 0.566406 0.572266 0.558594 0.580078 0.558594 0.583984 0.554688 0.585938 0.556641 0.585938 0.554688 0.583984 0.552734 0.585938 0.550781 0.585938 0.548828 0.589844 0.544922 0.589844 0.542969 0.591797 0.541016 0.593750 0.541016 0.597656 0.537109 0.605469 0.537109 0.607422 0.539062 0.605469 0.541016 0.605469 0.542969 0.607422 0.544922 0.630859 0.544922 0.634766 0.541016 0.634766 0.525391 0.630859 0.521484 0.630859 0.515625 0.626953 0.511719 0.626953 0.509766 0.623047 0.505859 0.623047 0.500000 0.621094 0.498047 0.621094 0.494141 0.617188 0.490234 0.617188 0.488281 0.625000 0.480469 0.625000 0.472656 0.623047 0.470703 0.623047 0.468750 0.615234 0.468750 0.607422 0.476562 0.607422 0.478516 0.605469 0.480469 0.605469 0.484375 0.601562 0.488281 0.587891 0.488281 0.583984 0.492188 0.582031 0.492188 0.578125 0.488281 0.576172 0.488281 0.574219 0.486328 0.574219 0.472656 0.576172 0.470703 0.582031 0.470703 0.583984 0.472656 0.587891 0.472656 0.591797 0.468750 0.591797 0.462891 0.599609 0.455078 0.601562 0.455078 0.601562 0.449219 0.597656 0.445312 0.591797 0.445312 0.591797 0.447266 0.587891 0.451172 0.585938 0.449219 0.585938 0.447266 0.580078 0.441406 0.580078 0.439453 0.578125 0.437500 0.578125 0.435547 0.576172 0.433594 0.574219 0.433594 0.572266 0.431641 0.572266 0.417969 0.570312 0.416016 0.570312 0.404297 0.564453 0.404297 0.560547 0.400391 0.566406 0.394531 0.570312 0.394531 0.572266 0.392578 0.574219 0.392578 0.574219 0.390625 0.576172 0.388672 0.576172 0.384766 0.578125 0.382812 0.578125 0.378906 0.576172 0.376953 0.576172 0.375000 0.572266 0.371094 0.572266 0.365234 0.574219 0.363281 0.574219 0.359375 0.572266 0.357422 0.572266 0.355469 0.570312 0.353516 0.568359 0.353516 0.566406 0.351562 0.566406 0.349609 0.562500 0.345703 0.562500 0.343750 0.560547 0.341797 0.560547 0.339844 0.558594 0.337891 0.558594 0.335938
0 0.355469 0.332031 0.353516 0.333984 0.347656 0.333984 0.347656 0.335938 0.343750 0.339844 0.343750 0.355469 0.345703 0.355469 0.349609 0.359375 0.349609 0.365234 0.351562 0.367188 0.351562 0.369141 0.359375 0.369141 0.361328 0.371094 0.365234 0.371094 0.371094 0.365234 0.373047 0.365234 0.375000 0.363281 0.375000 0.361328 0.365234 0.361328 0.363281 0.359375 0.359375 0.359375 0.357422 0.357422 0.357422 0.347656 0.359375 0.345703 0.359375 0.339844 0.357422 0.337891 0.359375 0.335938 0.359375 0.332031
0 0.166016 0.326172 0.164062 0.328125 0.162109 0.328125 0.160156 0.330078 0.160156 0.339844 0.158203 0.341797 0.156250 0.341797 0.156250 0.345703 0.164062 0.345703 0.166016 0.343750 0.166016 0.335938 0.167969 0.333984 0.169922 0.333984 0.169922 0.326172
0 0.476562 0.322266 0.476562 0.324219 0.474609 0.326172 0.474609 0.330078 0.476562 0.330078 0.478516 0.332031 0.484375 0.332031 0.486328 0.330078 0.492188 0.330078 0.494141 0.332031 0.494141 0.333984 0.503906 0.333984 0.505859 0.332031 0.505859 0.326172 0.501953 0.326172 0.498047 0.322266
0 0.164062 0.283203 0.162109 0.285156 0.162109 0.287109 0.160156 0.289062 0.160156 0.291016 0.158203 0.292969 0.156250 0.292969 0.156250 0.296875 0.158203 0.298828 0.158203 0.302734 0.164062 0.302734 0.164062 0.298828 0.162109 0.296875 0.166016 0.292969 0.166016 0.291016 0.169922 0.287109 0.169922 0.283203
0 0.421875 0.136719 0.421875 0.138672 0.419922 0.140625 0.417969 0.140625 0.414062 0.144531 0.414062 0.146484 0.412109 0.148438 0.412109 0.156250 0.406250 0.162109 0.404297 0.162109 0.402344 0.160156 0.402344 0.158203 0.394531 0.158203 0.392578 0.160156 0.392578 0.162109 0.390625 0.164062 0.384766 0.164062 0.380859 0.167969 0.380859 0.183594 0.384766 0.187500 0.384766 0.193359 0.380859 0.197266 0.380859 0.205078 0.382812 0.207031 0.390625 0.207031 0.394531 0.203125 0.394531 0.195312 0.396484 0.193359 0.396484 0.191406 0.400391 0.187500 0.404297 0.191406 0.406250 0.191406 0.410156 0.195312 0.410156 0.201172 0.412109 0.203125 0.412109 0.205078 0.414062 0.205078 0.416016 0.207031 0.419922 0.207031 0.421875 0.205078 0.423828 0.207031 0.427734 0.207031 0.429688 0.205078 0.431641 0.205078 0.433594 0.203125 0.445312 0.203125 0.447266 0.201172 0.447266 0.193359 0.445312 0.191406 0.447266 0.189453 0.449219 0.189453 0.451172 0.187500 0.451172 0.183594 0.447266 0.179688 0.447266 0.177734 0.449219 0.175781 0.451172 0.175781 0.453125 0.173828 0.453125 0.162109 0.451172 0.160156 0.451172 0.158203 0.453125 0.156250 0.453125 0.150391 0.455078 0.148438 0.455078 0.146484 0.457031 0.144531 0.457031 0.138672 0.455078 0.136719 0.449219 0.136719 0.447266 0.138672 0.447266 0.140625 0.443359 0.144531 0.441406 0.142578 0.441406 0.140625 0.439453 0.138672 0.433594 0.138672 0.431641 0.140625 0.429688 0.138672 0.427734 0.138672 0.425781 0.136719
0 0.703125 0.083984 0.703125 0.109375 0.707031 0.113281 0.710938 0.113281 0.720703 0.103516 0.720703 0.093750 0.718750 0.091797 0.716797 0.091797 0.714844 0.089844 0.712891 0.089844 0.707031 0.083984
0 0.724609 0.042969 0.722656 0.044922 0.720703 0.044922 0.720703 0.048828 0.722656 0.050781 0.726562 0.050781 0.728516 0.052734 0.730469 0.052734 0.730469 0.048828 0.728516 0.046875 0.728516 0.044922 0.726562 0.042969
0 0.970703 0.027344 0.968750 0.029297 0.966797 0.029297 0.964844 0.031250 0.941406 0.031250 0.939453 0.033203 0.933594 0.033203 0.931641 0.035156 0.931641 0.037109 0.933594 0.039062 0.941406 0.039062 0.943359 0.041016 0.943359 0.042969 0.945312 0.044922 0.943359 0.046875 0.939453 0.046875 0.939453 0.050781 0.937500 0.052734 0.941406 0.056641 0.941406 0.058594 0.937500 0.062500 0.937500 0.068359 0.935547 0.070312 0.937500 0.072266 0.937500 0.078125 0.939453 0.078125 0.941406 0.080078 0.941406 0.083984 0.937500 0.087891 0.937500 0.095703 0.935547 0.097656 0.933594 0.097656 0.931641 0.099609 0.929688 0.099609 0.927734 0.101562 0.923828 0.101562 0.923828 0.109375 0.925781 0.111328 0.925781 0.115234 0.929688 0.119141 0.931641 0.119141 0.937500 0.125000 0.939453 0.125000 0.941406 0.126953 0.955078 0.126953 0.957031 0.125000 0.962891 0.125000 0.964844 0.123047 0.970703 0.123047 0.974609 0.126953 0.974609 0.128906 0.972656 0.130859 0.972656 0.132812 0.970703 0.134766 0.972656 0.136719 0.972656 0.144531 0.970703 0.146484 0.970703 0.150391 0.968750 0.152344 0.968750 0.154297 0.966797 0.156250 0.966797 0.158203 0.964844 0.160156 0.957031 0.160156 0.957031 0.169922 0.958984 0.171875 0.960938 0.171875 0.962891 0.173828 0.964844 0.173828 0.964844 0.171875 0.966797 0.169922 0.966797 0.167969 0.974609 0.160156 0.978516 0.160156 0.980469 0.162109 0.980469 0.164062 0.982422 0.166016 0.982422 0.167969 0.984375 0.167969 0.986328 0.169922 0.990234 0.169922 0.992188 0.171875 0.992188 0.062500 0.988281 0.062500 0.986328 0.060547 0.986328 0.056641 0.992188 0.050781 0.992188 0.041016 0.980469 0.041016 0.976562 0.037109 0.976562 0.033203 0.972656 0.029297 0.972656 0.027344
0 0.761719 0.000000 0.759766 0.001953 0.751953 0.001953 0.750000 0.003906 0.748047 0.001953 0.744141 0.001953 0.744141 0.003906 0.742188 0.005859 0.742188 0.007812 0.740234 0.009766 0.738281 0.009766 0.736328 0.011719 0.730469 0.011719 0.730469 0.015625 0.732422 0.017578 0.734375 0.017578 0.736328 0.019531 0.744141 0.019531 0.744141 0.017578 0.746094 0.015625 0.748047 0.015625 0.748047 0.013672 0.750000 0.011719 0.753906 0.011719 0.755859 0.013672 0.755859 0.015625 0.759766 0.015625 0.763672 0.011719 0.765625 0.013672 0.765625 0.015625 0.767578 0.017578 0.767578 0.025391 0.763672 0.029297 0.763672 0.031250 0.761719 0.033203 0.761719 0.037109 0.753906 0.044922 0.751953 0.044922 0.750000 0.046875 0.750000 0.054688 0.751953 0.056641 0.748047 0.060547 0.746094 0.060547 0.742188 0.064453 0.742188 0.066406 0.740234 0.068359 0.740234 0.070312 0.738281 0.072266 0.734375 0.072266 0.730469 0.076172 0.730469 0.078125 0.728516 0.080078 0.728516 0.085938 0.730469 0.087891 0.730469 0.089844 0.728516 0.091797 0.728516 0.093750 0.730469 0.095703 0.730469 0.101562 0.736328 0.107422 0.736328 0.109375 0.738281 0.111328 0.738281 0.113281 0.740234 0.113281 0.746094 0.119141 0.746094 0.123047 0.748047 0.125000 0.751953 0.125000 0.753906 0.126953 0.753906 0.138672 0.755859 0.138672 0.759766 0.142578 0.759766 0.144531 0.761719 0.146484 0.763672 0.146484 0.765625 0.148438 0.765625 0.154297 0.767578 0.156250 0.767578 0.158203 0.769531 0.158203 0.771484 0.160156 0.771484 0.162109 0.773438 0.164062 0.773438 0.166016 0.779297 0.171875 0.779297 0.175781 0.783203 0.175781 0.785156 0.177734 0.785156 0.181641 0.783203 0.183594 0.781250 0.183594 0.777344 0.187500 0.773438 0.187500 0.771484 0.189453 0.765625 0.189453 0.765625 0.191406 0.763672 0.193359 0.763672 0.195312 0.761719 0.197266 0.759766 0.197266 0.757812 0.199219 0.755859 0.197266 0.755859 0.193359 0.753906 0.191406 0.751953 0.193359 0.751953 0.195312 0.750000 0.197266 0.748047 0.197266 0.746094 0.199219 0.744141 0.197266 0.742188 0.197266 0.740234 0.199219 0.740234 0.201172 0.738281 0.203125 0.734375 0.203125 0.734375 0.207031 0.732422 0.208984 0.730469 0.208984 0.728516 0.210938 0.728516 0.214844 0.726562 0.216797 0.726562 0.218750 0.724609 0.220703 0.724609 0.222656 0.722656 0.224609 0.722656 0.230469 0.720703 0.232422 0.720703 0.236328 0.722656 0.238281 0.722656 0.240234 0.720703 0.242188 0.718750 0.242188 0.716797 0.244141 0.712891 0.244141 0.708984 0.248047 0.707031 0.248047 0.705078 0.246094 0.703125 0.248047 0.701172 0.246094 0.701172 0.244141 0.699219 0.242188 0.697266 0.242188 0.695312 0.244141 0.695312 0.248047 0.693359 0.250000 0.693359 0.251953 0.689453 0.255859 0.689453 0.257812 0.687500 0.259766 0.687500 0.271484 0.685547 0.273438 0.685547 0.281250 0.683594 0.283203 0.683594 0.294922 0.679688 0.298828 0.679688 0.306641 0.687500 0.314453 0.687500 0.316406 0.689453 0.318359 0.689453 0.320312 0.691406 0.320312 0.693359 0.322266 0.695312 0.322266 0.697266 0.324219 0.697266 0.328125 0.695312 0.330078 0.695312 0.333984 0.691406 0.337891 0.691406 0.343750 0.689453 0.345703 0.689453 0.351562 0.691406 0.353516 0.691406 0.361328 0.687500 0.365234 0.681641 0.365234 0.675781 0.359375 0.675781 0.357422 0.671875 0.357422 0.671875 0.367188 0.673828 0.369141 0.673828 0.375000 0.675781 0.376953 0.675781 0.380859 0.677734 0.382812 0.677734 0.384766 0.683594 0.390625 0.683594 0.396484 0.689453 0.402344 0.689453 0.404297 0.691406 0.406250 0.691406 0.412109 0.689453 0.414062 0.689453 0.416016 0.687500 0.417969 0.687500 0.423828 0.689453 0.425781 0.695312 0.425781 0.697266 0.427734 0.699219 0.427734 0.701172 0.429688 0.703125 0.429688 0.705078 0.431641 0.707031 0.431641 0.708984 0.433594 0.712891 0.433594 0.722656 0.423828 0.724609 0.423828 0.724609 0.421875 0.726562 0.419922 0.728516 0.419922 0.730469 0.417969 0.732422 0.417969 0.736328 0.421875 0.736328 0.425781 0.734375 0.427734 0.734375 0.443359 0.736328 0.445312 0.734375 0.447266 0.734375 0.449219 0.732422 0.451172 0.732422 0.453125 0.734375 0.455078 0.736328 0.455078 0.738281 0.457031 0.740234 0.457031 0.742188 0.458984 0.757812 0.458984 0.761719 0.455078 0.761719 0.449219 0.757812 0.449219 0.755859 0.447266 0.751953 0.447266 0.748047 0.443359 0.750000 0.441406 0.750000 0.439453 0.751953 0.437500 0.763672 0.437500 0.763672 0.435547 0.765625 0.433594 0.767578 0.433594 0.767578 0.431641 0.769531 0.429688 0.773438 0.433594 0.787109 0.433594 0.787109 0.431641 0.789062 0.429688 0.791016 0.429688 0.791016 0.427734 0.794922 0.423828 0.796875 0.423828 0.800781 0.427734 0.800781 0.429688 0.814453 0.429688 0.814453 0.427734 0.822266 0.419922 0.822266 0.417969 0.824219 0.416016 0.826172 0.416016 0.824219 0.416016 0.822266 0.414062 0.810547 0.414062 0.808594 0.416016 0.804688 0.412109 0.806641 0.410156 0.808594 0.410156 0.812500 0.406250 0.814453 0.406250 0.816406 0.404297 0.818359 0.404297 0.820312 0.406250 0.820312 0.410156 0.822266 0.410156 0.824219 0.408203 0.833984 0.408203 0.835938 0.406250 0.837891 0.406250 0.839844 0.404297 0.841797 0.404297 0.841797 0.402344 0.845703 0.398438 0.851562 0.398438 0.853516 0.400391 0.855469 0.400391 0.861328 0.406250 0.863281 0.406250 0.873047 0.396484 0.876953 0.396484 0.878906 0.394531 0.878906 0.386719 0.876953 0.384766 0.878906 0.382812 0.880859 0.382812 0.884766 0.378906 0.884766 0.376953 0.886719 0.375000 0.888672 0.375000 0.890625 0.376953 0.892578 0.376953 0.894531 0.378906 0.896484 0.378906 0.896484 0.376953 0.898438 0.375000 0.902344 0.375000 0.904297 0.376953 0.906250 0.376953 0.914062 0.369141 0.914062 0.367188 0.917969 0.363281 0.917969 0.359375 0.929688 0.347656 0.933594 0.347656 0.935547 0.345703 0.937500 0.345703 0.943359 0.339844 0.945312 0.339844 0.949219 0.335938 0.949219 0.333984 0.951172 0.332031 0.951172 0.330078 0.955078 0.326172 0.955078 0.320312 0.957031 0.318359 0.957031 0.312500 0.958984 0.310547 0.958984 0.308594 0.960938 0.306641 0.960938 0.302734 0.962891 0.300781 0.962891 0.294922 0.964844 0.292969 0.966797 0.292969 0.966797 0.291016 0.968750 0.289062 0.968750 0.287109 0.970703 0.285156 0.972656 0.285156 0.972656 0.277344 0.974609 0.275391 0.974609 0.271484 0.976562 0.269531 0.978516 0.269531 0.980469 0.267578 0.982422 0.267578 0.984375 0.265625 0.984375 0.263672 0.986328 0.261719 0.986328 0.248047 0.982422 0.244141 0.980469 0.244141 0.974609 0.238281 0.974609 0.230469 0.976562 0.228516 0.978516 0.228516 0.978516 0.226562 0.974609 0.222656 0.974609 0.218750 0.970703 0.214844 0.968750 0.216797 0.966797 0.216797 0.964844 0.218750 0.962891 0.218750 0.960938 0.216797 0.958984 0.218750 0.957031 0.218750 0.957031 0.220703 0.955078 0.222656 0.953125 0.220703 0.949219 0.220703 0.945312 0.216797 0.945312 0.212891 0.937500 0.212891 0.929688 0.205078 0.927734 0.205078 0.923828 0.201172 0.925781 0.199219 0.923828 0.197266 0.921875 0.197266 0.919922 0.195312 0.919922 0.193359 0.916016 0.189453 0.916016 0.187500 0.912109 0.183594 0.912109 0.175781 0.910156 0.173828 0.910156 0.171875 0.908203 0.171875 0.904297 0.167969 0.898438 0.167969 0.896484 0.169922 0.886719 0.169922 0.884766 0.167969 0.884766 0.166016 0.882812 0.164062 0.882812 0.162109 0.880859 0.160156 0.880859 0.158203 0.875000 0.158203 0.875000 0.160156 0.871094 0.164062 0.871094 0.166016 0.869141 0.167969 0.869141 0.169922 0.865234 0.173828 0.859375 0.173828 0.859375 0.175781 0.857422 0.177734 0.855469 0.177734 0.851562 0.181641 0.851562 0.185547 0.847656 0.189453 0.847656 0.191406 0.845703 0.193359 0.830078 0.193359 0.828125 0.195312 0.822266 0.195312 0.820312 0.197266 0.810547 0.197266 0.806641 0.193359 0.796875 0.193359 0.794922 0.195312 0.791016 0.195312 0.789062 0.197266 0.787109 0.197266 0.785156 0.199219 0.783203 0.199219 0.781250 0.201172 0.779297 0.199219 0.779297 0.193359 0.785156 0.187500 0.787109 0.187500 0.787109 0.185547 0.789062 0.183594 0.791016 0.183594 0.791016 0.181641 0.792969 0.179688 0.794922 0.179688 0.796875 0.181641 0.796875 0.179688 0.798828 0.177734 0.800781 0.177734 0.802734 0.175781 0.810547 0.175781 0.812500 0.177734 0.812500 0.179688 0.820312 0.179688 0.822266 0.181641 0.826172 0.181641 0.828125 0.179688 0.833984 0.179688 0.833984 0.177734 0.835938 0.175781 0.835938 0.171875 0.837891 0.169922 0.843750 0.169922 0.843750 0.167969 0.841797 0.166016 0.837891 0.166016 0.833984 0.162109 0.833984 0.160156 0.835938 0.158203 0.835938 0.154297 0.837891 0.152344 0.839844 0.152344 0.841797 0.150391 0.843750 0.150391 0.845703 0.148438 0.845703 0.146484 0.847656 0.144531 0.849609 0.144531 0.849609 0.130859 0.853516 0.126953 0.855469 0.128906 0.855469 0.130859 0.857422 0.132812 0.857422 0.130859 0.863281 0.125000 0.867188 0.125000 0.873047 0.119141 0.875000 0.119141 0.873047 0.117188 0.878906 0.111328 0.884766 0.111328 0.884766 0.109375 0.886719 0.107422 0.890625 0.107422 0.890625 0.103516 0.888672 0.101562 0.888672 0.099609 0.890625 0.097656 0.892578 0.097656 0.894531 0.099609 0.898438 0.099609 0.898438 0.095703 0.896484 0.093750 0.896484 0.085938 0.898438 0.083984 0.904297 0.083984 0.906250 0.082031 0.908203 0.082031 0.908203 0.080078 0.910156 0.078125 0.910156 0.076172 0.912109 0.074219 0.912109 0.062500 0.910156 0.060547 0.910156 0.058594 0.912109 0.056641 0.914062 0.056641 0.916016 0.054688 0.919922 0.054688 0.919922 0.052734 0.921875 0.050781 0.919922 0.048828 0.919922 0.046875 0.917969 0.046875 0.914062 0.042969 0.914062 0.039062 0.912109 0.037109 0.908203 0.037109 0.906250 0.039062 0.906250 0.041016 0.904297 0.042969 0.904297 0.044922 0.902344 0.046875 0.896484 0.046875 0.892578 0.042969 0.892578 0.041016 0.890625 0.039062 0.890625 0.037109 0.900391 0.027344 0.900391 0.025391 0.894531 0.019531 0.892578 0.019531 0.890625 0.017578 0.888672 0.017578 0.876953 0.005859 0.876953 0.000000 0.818359 0.000000 0.808594 0.009766 0.806641 0.009766 0.804688 0.011719 0.792969 0.011719 0.791016 0.013672 0.789062 0.013672 0.785156 0.009766 0.785156 0.007812 0.783203 0.005859 0.783203 0.003906 0.779297 0.000000
0 0.015625 0.000000 0.015625 0.001953 0.013672 0.003906 0.009766 0.003906 0.009766 0.005859 0.007812 0.007812 0.007812 0.009766 0.005859 0.011719 0.005859 0.015625 0.003906 0.017578 0.003906 0.027344 0.000000 0.031250 0.000000 0.105469 0.003906 0.101562 0.003906 0.097656 0.005859 0.095703 0.011719 0.095703 0.013672 0.097656 0.013672 0.103516 0.009766 0.107422 0.005859 0.107422 0.005859 0.111328 0.003906 0.113281 0.003906 0.117188 0.009766 0.123047 0.009766 0.125000 0.013672 0.125000 0.015625 0.126953 0.017578 0.126953 0.029297 0.138672 0.031250 0.136719 0.035156 0.140625 0.039062 0.140625 0.041016 0.142578 0.046875 0.142578 0.050781 0.146484 0.052734 0.146484 0.054688 0.148438 0.060547 0.148438 0.064453 0.144531 0.072266 0.144531 0.076172 0.148438 0.076172 0.146484 0.078125 0.144531 0.085938 0.144531 0.087891 0.142578 0.091797 0.142578 0.093750 0.144531 0.095703 0.144531 0.097656 0.146484 0.097656 0.148438 0.093750 0.152344 0.093750 0.154297 0.091797 0.156250 0.091797 0.158203 0.082031 0.167969 0.080078 0.167969 0.078125 0.169922 0.074219 0.169922 0.072266 0.171875 0.068359 0.171875 0.066406 0.173828 0.062500 0.173828 0.062500 0.175781 0.064453 0.177734 0.062500 0.179688 0.062500 0.183594 0.060547 0.185547 0.058594 0.185547 0.058594 0.189453 0.056641 0.191406 0.054688 0.191406 0.052734 0.193359 0.041016 0.193359 0.041016 0.197266 0.039062 0.199219 0.037109 0.197266 0.031250 0.197266 0.029297 0.195312 0.027344 0.195312 0.023438 0.191406 0.021484 0.191406 0.019531 0.189453 0.011719 0.189453 0.009766 0.191406 0.009766 0.195312 0.013672 0.199219 0.013672 0.205078 0.011719 0.207031 0.011719 0.208984 0.007812 0.212891 0.007812 0.216797 0.005859 0.218750 0.000000 0.212891 0.000000 0.210938 0.000000 0.253906 0.003906 0.257812 0.003906 0.259766 0.005859 0.259766 0.007812 0.257812 0.009766 0.257812 0.011719 0.259766 0.011719 0.261719 0.013672 0.261719 0.015625 0.263672 0.015625 0.269531 0.013672 0.271484 0.013672 0.273438 0.011719 0.275391 0.003906 0.275391 0.001953 0.273438 0.001953 0.271484 0.000000 0.271484 0.000000 0.316406 0.001953 0.316406 0.003906 0.318359 0.003906 0.320312 0.005859 0.322266 0.005859 0.326172 0.009766 0.326172 0.011719 0.324219 0.011719 0.318359 0.013672 0.316406 0.015625 0.316406 0.017578 0.318359 0.029297 0.318359 0.031250 0.316406 0.033203 0.318359 0.037109 0.318359 0.041016 0.314453 0.042969 0.314453 0.044922 0.312500 0.050781 0.312500 0.052734 0.314453 0.054688 0.314453 0.056641 0.316406 0.054688 0.318359 0.052734 0.318359 0.044922 0.326172 0.044922 0.328125 0.039062 0.333984 0.037109 0.333984 0.033203 0.337891 0.031250 0.337891 0.031250 0.339844 0.029297 0.341797 0.029297 0.343750 0.025391 0.347656 0.025391 0.351562 0.021484 0.355469 0.021484 0.357422 0.019531 0.359375 0.019531 0.361328 0.015625 0.365234 0.015625 0.371094 0.017578 0.373047 0.017578 0.384766 0.021484 0.384766 0.025391 0.388672 0.023438 0.390625 0.019531 0.390625 0.017578 0.392578 0.015625 0.392578 0.015625 0.394531 0.013672 0.396484 0.011719 0.396484 0.009766 0.394531 0.003906 0.394531 0.001953 0.392578 0.001953 0.390625 0.000000 0.388672 0.000000 0.384766 0.000000 0.435547 0.003906 0.439453 0.003906 0.445312 0.009766 0.445312 0.011719 0.443359 0.013672 0.445312 0.013672 0.447266 0.015625 0.449219 0.021484 0.449219 0.023438 0.447266 0.025391 0.447266 0.027344 0.445312 0.031250 0.445312 0.033203 0.443359 0.035156 0.443359 0.037109 0.441406 0.039062 0.441406 0.041016 0.439453 0.050781 0.439453 0.050781 0.437500 0.052734 0.435547 0.054688 0.435547 0.058594 0.431641 0.058594 0.427734 0.060547 0.425781 0.056641 0.421875 0.056641 0.419922 0.060547 0.416016 0.062500 0.416016 0.064453 0.414062 0.066406 0.414062 0.068359 0.412109 0.068359 0.408203 0.066406 0.406250 0.066406 0.404297 0.064453 0.404297 0.062500 0.402344 0.048828 0.402344 0.046875 0.404297 0.042969 0.404297 0.041016 0.402344 0.039062 0.402344 0.035156 0.398438 0.035156 0.396484 0.037109 0.394531 0.037109 0.392578 0.035156 0.390625 0.039062 0.386719 0.039062 0.384766 0.042969 0.380859 0.044922 0.380859 0.044922 0.378906 0.046875 0.376953 0.068359 0.376953 0.070312 0.375000 0.072266 0.375000 0.074219 0.373047 0.074219 0.371094 0.078125 0.367188 0.083984 0.367188 0.083984 0.361328 0.089844 0.355469 0.089844 0.353516 0.095703 0.347656 0.095703 0.345703 0.097656 0.343750 0.097656 0.339844 0.101562 0.335938 0.111328 0.335938 0.113281 0.333984 0.119141 0.333984 0.121094 0.332031 0.128906 0.332031 0.128906 0.330078 0.130859 0.328125 0.132812 0.330078 0.132812 0.328125 0.138672 0.322266 0.138672 0.318359 0.140625 0.316406 0.140625 0.314453 0.142578 0.312500 0.142578 0.308594 0.144531 0.306641 0.144531 0.302734 0.146484 0.300781 0.146484 0.298828 0.148438 0.296875 0.148438 0.294922 0.150391 0.292969 0.150391 0.281250 0.152344 0.279297 0.152344 0.275391 0.154297 0.273438 0.154297 0.271484 0.150391 0.267578 0.150391 0.257812 0.146484 0.253906 0.146484 0.251953 0.150391 0.248047 0.152344 0.248047 0.154297 0.246094 0.156250 0.246094 0.160156 0.242188 0.160156 0.238281 0.154297 0.238281 0.152344 0.236328 0.150391 0.236328 0.146484 0.232422 0.150391 0.228516 0.150391 0.222656 0.144531 0.222656 0.142578 0.224609 0.138672 0.224609 0.134766 0.220703 0.134766 0.214844 0.132812 0.212891 0.130859 0.212891 0.125000 0.207031 0.121094 0.207031 0.119141 0.205078 0.115234 0.205078 0.113281 0.203125 0.111328 0.205078 0.103516 0.205078 0.101562 0.203125 0.099609 0.205078 0.089844 0.205078 0.087891 0.203125 0.087891 0.191406 0.091797 0.187500 0.095703 0.187500 0.095703 0.181641 0.097656 0.179688 0.097656 0.173828 0.099609 0.171875 0.099609 0.169922 0.101562 0.167969 0.101562 0.166016 0.103516 0.164062 0.103516 0.162109 0.109375 0.156250 0.109375 0.154297 0.123047 0.140625 0.125000 0.140625 0.126953 0.138672 0.136719 0.138672 0.136719 0.134766 0.138672 0.132812 0.138672 0.130859 0.142578 0.126953 0.144531 0.126953 0.144531 0.125000 0.150391 0.119141 0.152344 0.119141 0.156250 0.115234 0.160156 0.115234 0.162109 0.113281 0.162109 0.105469 0.166016 0.101562 0.166016 0.099609 0.169922 0.095703 0.187500 0.095703 0.189453 0.093750 0.191406 0.093750 0.191406 0.087891 0.197266 0.082031 0.197266 0.080078 0.199219 0.078125 0.199219 0.072266 0.203125 0.068359 0.205078 0.068359 0.207031 0.066406 0.208984 0.066406 0.210938 0.064453 0.212891 0.064453 0.212891 0.062500 0.214844 0.060547 0.214844 0.058594 0.216797 0.056641 0.216797 0.054688 0.220703 0.050781 0.236328 0.050781 0.238281 0.048828 0.238281 0.046875 0.244141 0.041016 0.246094 0.041016 0.248047 0.039062 0.248047 0.035156 0.250000 0.033203 0.250000 0.031250 0.253906 0.027344 0.259766 0.027344 0.263672 0.023438 0.263672 0.011719 0.257812 0.005859 0.257812 0.003906 0.251953 0.003906 0.248047 0.000000 0.066406 0.000000 0.066406 0.009766 0.064453 0.011719 0.062500 0.011719 0.060547 0.009766 0.052734 0.009766 0.050781 0.007812 0.046875 0.007812 0.039062 0.000000