0 0.990234 0.986328 0.990234 0.992188 0.992188 0.992188 0.992188 0.986328
0 0.896484 0.974609 0.896484 0.976562 0.890625 0.982422 0.888672 0.982422 0.878906 0.992188 0.916016 0.992188 0.916016 0.986328 0.914062 0.984375 0.914062 0.980469 0.912109 0.980469 0.910156 0.978516 0.908203 0.978516 0.906250 0.976562 0.904297 0.976562 0.902344 0.974609
0 0.320312 0.970703 0.316406 0.974609 0.308594 0.974609 0.306641 0.976562 0.304688 0.974609 0.302734 0.974609 0.300781 0.976562 0.291016 0.976562 0.289062 0.978516 0.287109 0.978516 0.285156 0.980469 0.285156 0.982422 0.283203 0.984375 0.283203 0.988281 0.281250 0.990234 0.275391 0.990234 0.273438 0.992188 0.328125 0.992188 0.324219 0.992188 0.320312 0.988281 0.320312 0.982422 0.322266 0.980469 0.326172 0.980469 0.328125 0.978516 0.328125 0.972656 0.322266 0.972656
0 0.082031 0.970703 0.080078 0.972656 0.080078 0.974609 0.078125 0.976562 0.078125 0.980469 0.076172 0.982422 0.076172 0.986328 0.082031 0.992188 0.107422 0.992188 0.107422 0.990234 0.101562 0.984375 0.099609 0.984375 0.097656 0.982422 0.097656 0.980469 0.095703 0.978516 0.095703 0.974609 0.093750 0.974609 0.089844 0.970703
0 0.126953 0.964844 0.123047 0.968750 0.123047 0.974609 0.125000 0.976562 0.134766 0.976562 0.138672 0.972656 0.138672 0.964844
0 0.984375 0.962891 0.982422 0.964844 0.982422 0.970703 0.988281 0.976562 0.992188 0.976562 0.992188 0.962891
0 0.345703 0.962891 0.345703 0.966797 0.343750 0.968750 0.343750 0.978516 0.341797 0.980469 0.341797 0.990234 0.343750 0.992188 0.363281 0.992188 0.361328 0.990234 0.363281 0.988281 0.359375 0.984375 0.359375 0.982422 0.361328 0.980469 0.359375 0.978516 0.357422 0.978516 0.353516 0.974609 0.355469 0.972656 0.355469 0.966797 0.353516 0.964844 0.351562 0.964844 0.349609 0.962891
0 0.267578 0.960938 0.263672 0.964844 0.263672 0.966797 0.259766 0.970703 0.259766 0.982422 0.261719 0.982422 0.265625 0.978516 0.267578 0.978516 0.269531 0.980469 0.271484 0.978516 0.273438 0.978516 0.273438 0.976562 0.275391 0.974609 0.275391 0.970703 0.273438 0.968750 0.273438 0.960938
0 0.814453 0.957031 0.814453 0.968750 0.816406 0.970703 0.822266 0.970703 0.824219 0.968750 0.824219 0.958984 0.820312 0.958984 0.818359 0.957031
0 0.361328 0.916016 0.347656 0.929688 0.347656 0.933594 0.353516 0.933594 0.357422 0.929688 0.359375 0.929688 0.361328 0.927734 0.365234 0.927734 0.367188 0.925781 0.367188 0.923828 0.369141 0.921875 0.369141 0.917969 0.367188 0.917969 0.365234 0.916016
0 0.953125 0.882812 0.951172 0.884766 0.949219 0.884766 0.949219 0.888672 0.943359 0.894531 0.943359 0.900391 0.947266 0.900391 0.953125 0.894531
0 0.933594 0.882812 0.931641 0.884766 0.931641 0.886719 0.929688 0.888672 0.929688 0.902344 0.931641 0.904297 0.931641 0.906250 0.929688 0.908203 0.929688 0.912109 0.927734 0.914062 0.927734 0.919922 0.925781 0.921875 0.925781 0.929688 0.923828 0.931641 0.929688 0.931641 0.931641 0.933594 0.931641 0.935547 0.943359 0.935547 0.943359 0.931641 0.945312 0.929688 0.943359 0.927734 0.943359 0.923828 0.939453 0.919922 0.939453 0.914062 0.935547 0.910156 0.935547 0.898438 0.933594 0.896484 0.935547 0.894531 0.935547 0.890625 0.937500 0.888672 0.937500 0.882812
0 0.976562 0.818359 0.970703 0.824219 0.968750 0.824219 0.968750 0.828125 0.972656 0.832031 0.972656 0.833984 0.976562 0.833984 0.978516 0.832031 0.978516 0.826172 0.980469 0.824219 0.980469 0.818359
0 0.517578 0.677734 0.515625 0.679688 0.515625 0.683594 0.519531 0.687500 0.519531 0.689453 0.521484 0.691406 0.521484 0.693359 0.525391 0.693359 0.531250 0.687500 0.533203 0.687500 0.533203 0.685547 0.535156 0.683594 0.529297 0.677734
0 0.359375 0.562500 0.359375 0.580078 0.363281 0.580078 0.365234 0.582031 0.365234 0.587891 0.369141 0.591797 0.365234 0.595703 0.363281 0.595703 0.361328 0.593750 0.357422 0.593750 0.355469 0.591797 0.353516 0.591797 0.351562 0.589844 0.349609 0.591797 0.351562 0.593750 0.351562 0.599609 0.355469 0.599609 0.357422 0.597656 0.361328 0.597656 0.363281 0.599609 0.363281 0.603516 0.361328 0.605469 0.361328 0.609375 0.363281 0.611328 0.363281 0.617188 0.365234 0.617188 0.367188 0.619141 0.373047 0.619141 0.375000 0.617188 0.392578 0.617188 0.392578 0.611328 0.390625 0.609375 0.388672 0.609375 0.386719 0.607422 0.386719 0.599609 0.392578 0.593750 0.396484 0.593750 0.398438 0.595703 0.400391 0.595703 0.402344 0.597656 0.404297 0.597656 0.406250 0.599609 0.410156 0.599609 0.410156 0.585938 0.414062 0.582031 0.414062 0.580078 0.412109 0.582031 0.410156 0.582031 0.408203 0.580078 0.408203 0.578125 0.406250 0.578125 0.402344 0.574219 0.398438 0.574219 0.394531 0.578125 0.392578 0.578125 0.388672 0.582031 0.388672 0.583984 0.384766 0.587891 0.382812 0.585938 0.382812 0.583984 0.378906 0.580078 0.378906 0.578125 0.373047 0.572266 0.373047 0.570312 0.371094 0.568359 0.371094 0.564453 0.369141 0.564453 0.367188 0.562500
0 0.986328 0.458984 0.986328 0.472656 0.992188 0.478516 0.992188 0.460938 0.990234 0.458984
0 0.945312 0.388672 0.939453 0.394531 0.937500 0.394531 0.933594 0.398438 0.933594 0.400391 0.931641 0.402344 0.931641 0.408203 0.933594 0.408203 0.935547 0.410156 0.937500 0.410156 0.939453 0.408203 0.941406 0.408203 0.943359 0.406250 0.951172 0.406250 0.953125 0.404297 0.953125 0.402344 0.955078 0.400391 0.955078 0.390625 0.953125 0.390625 0.951172 0.388672
0 0.794922 0.349609 0.791016 0.353516 0.791016 0.355469 0.787109 0.359375 0.787109 0.367188 0.794922 0.367188 0.798828 0.363281 0.798828 0.355469 0.800781 0.353516 0.800781 0.349609
0 0.855469 0.216797 0.853516 0.218750 0.851562 0.218750 0.849609 0.220703 0.845703 0.220703 0.843750 0.222656 0.843750 0.228516 0.841797 0.230469 0.841797 0.234375 0.839844 0.236328 0.839844 0.246094 0.835938 0.250000 0.835938 0.251953 0.833984 0.253906 0.830078 0.253906 0.828125 0.251953 0.818359 0.251953 0.816406 0.253906 0.816406 0.255859 0.814453 0.257812 0.804688 0.257812 0.800781 0.261719 0.800781 0.273438 0.802734 0.275391 0.804688 0.275391 0.806641 0.277344 0.808594 0.277344 0.818359 0.287109 0.814453 0.291016 0.810547 0.291016 0.808594 0.289062 0.806641 0.289062 0.802734 0.285156 0.796875 0.285156 0.794922 0.287109 0.794922 0.291016 0.792969 0.292969 0.791016 0.292969 0.791016 0.296875 0.796875 0.302734 0.796875 0.314453 0.798828 0.316406 0.798828 0.318359 0.800781 0.320312 0.800781 0.328125 0.802734 0.330078 0.810547 0.330078 0.812500 0.332031 0.814453 0.330078 0.818359 0.330078 0.820312 0.328125 0.822266 0.330078 0.824219 0.330078 0.826172 0.332031 0.828125 0.332031 0.833984 0.337891 0.833984 0.339844 0.835938 0.341797 0.835938 0.349609 0.837891 0.351562 0.847656 0.351562 0.851562 0.347656 0.853516 0.347656 0.855469 0.345703 0.859375 0.345703 0.861328 0.343750 0.863281 0.343750 0.863281 0.341797 0.865234 0.339844 0.865234 0.332031 0.857422 0.332031 0.855469 0.333984 0.847656 0.333984 0.845703 0.332031 0.841797 0.332031 0.839844 0.330078 0.839844 0.320312 0.843750 0.316406 0.845703 0.316406 0.853516 0.308594 0.855469 0.308594 0.857422 0.306641 0.865234 0.306641 0.867188 0.308594 0.884766 0.308594 0.888672 0.312500 0.896484 0.312500 0.898438 0.310547 0.898438 0.306641 0.896484 0.304688 0.896484 0.302734 0.894531 0.302734 0.890625 0.298828 0.873047 0.298828 0.869141 0.294922 0.867188 0.294922 0.865234 0.292969 0.865234 0.289062 0.863281 0.287109 0.865234 0.285156 0.865234 0.283203 0.869141 0.279297 0.871094 0.279297 0.873047 0.281250 0.876953 0.281250 0.878906 0.279297 0.878906 0.277344 0.880859 0.275391 0.880859 0.273438 0.882812 0.271484 0.882812 0.267578 0.884766 0.265625 0.884766 0.263672 0.886719 0.261719 0.886719 0.259766 0.888672 0.257812 0.888672 0.251953 0.886719 0.250000 0.886719 0.248047 0.888672 0.246094 0.886719 0.244141 0.886719 0.242188 0.888672 0.240234 0.888672 0.234375 0.890625 0.232422 0.888672 0.230469 0.888672 0.228516 0.886719 0.226562 0.886719 0.222656 0.884766 0.222656 0.882812 0.220703 0.880859 0.220703 0.878906 0.218750 0.876953 0.218750 0.875000 0.216797 0.861328 0.216797 0.859375 0.218750 0.857422 0.216797
0 0.353516 0.000000 0.353516 0.001953 0.349609 0.005859 0.349609 0.013672 0.347656 0.015625 0.347656 0.017578 0.345703 0.019531 0.341797 0.019531 0.339844 0.021484 0.337891 0.021484 0.333984 0.025391 0.333984 0.027344 0.330078 0.031250 0.330078 0.033203 0.328125 0.035156 0.328125 0.037109 0.326172 0.039062 0.322266 0.035156 0.322266 0.031250 0.320312 0.029297 0.320312 0.027344 0.318359 0.025391 0.318359 0.021484 0.316406 0.021484 0.316406 0.023438 0.312500 0.027344 0.312500 0.029297 0.308594 0.033203 0.308594 0.037109 0.306641 0.039062 0.306641 0.046875 0.308594 0.046875 0.310547 0.044922 0.312500 0.044922 0.314453 0.046875 0.314453 0.048828 0.312500 0.050781 0.312500 0.052734 0.310547 0.054688 0.310547 0.058594 0.312500 0.060547 0.314453 0.060547 0.316406 0.062500 0.314453 0.064453 0.314453 0.080078 0.316406 0.082031 0.316406 0.095703 0.314453 0.097656 0.312500 0.097656 0.312500 0.103516 0.314453 0.105469 0.314453 0.109375 0.316406 0.111328 0.316406 0.113281 0.318359 0.115234 0.318359 0.117188 0.314453 0.121094 0.312500 0.121094 0.310547 0.123047 0.306641 0.123047 0.298828 0.130859 0.294922 0.130859 0.296875 0.132812 0.296875 0.134766 0.298828 0.136719 0.302734 0.136719 0.304688 0.138672 0.304688 0.146484 0.306641 0.148438 0.306641 0.152344 0.304688 0.154297 0.304688 0.156250 0.302734 0.158203 0.298828 0.158203 0.298828 0.162109 0.294922 0.166016 0.292969 0.164062 0.291016 0.164062 0.289062 0.162109 0.283203 0.162109 0.283203 0.164062 0.279297 0.167969 0.279297 0.169922 0.275391 0.173828 0.275391 0.177734 0.271484 0.181641 0.269531 0.181641 0.265625 0.185547 0.261719 0.181641 0.261719 0.179688 0.259766 0.177734 0.259766 0.175781 0.257812 0.175781 0.253906 0.171875 0.244141 0.171875 0.240234 0.167969 0.232422 0.167969 0.230469 0.169922 0.226562 0.169922 0.224609 0.171875 0.222656 0.171875 0.216797 0.177734 0.214844 0.177734 0.210938 0.173828 0.208984 0.173828 0.207031 0.171875 0.207031 0.169922 0.205078 0.169922 0.203125 0.167969 0.203125 0.166016 0.208984 0.160156 0.218750 0.160156 0.218750 0.148438 0.216797 0.146484 0.216797 0.144531 0.212891 0.140625 0.212891 0.136719 0.210938 0.134766 0.208984 0.136719 0.207031 0.136719 0.207031 0.142578 0.203125 0.146484 0.199219 0.146484 0.199219 0.148438 0.195312 0.152344 0.195312 0.154297 0.191406 0.158203 0.189453 0.156250 0.187500 0.158203 0.183594 0.158203 0.181641 0.156250 0.179688 0.156250 0.177734 0.154297 0.177734 0.152344 0.175781 0.152344 0.171875 0.148438 0.171875 0.144531 0.169922 0.144531 0.167969 0.142578 0.167969 0.140625 0.171875 0.136719 0.173828 0.136719 0.179688 0.130859 0.183594 0.134766 0.185547 0.132812 0.191406 0.132812 0.193359 0.130859 0.193359 0.128906 0.189453 0.128906 0.187500 0.126953 0.187500 0.119141 0.189453 0.117188 0.189453 0.115234 0.191406 0.113281 0.189453 0.113281 0.187500 0.115234 0.185547 0.113281 0.183594 0.115234 0.181641 0.115234 0.179688 0.117188 0.177734 0.117188 0.175781 0.115234 0.173828 0.115234 0.173828 0.119141 0.171875 0.121094 0.164062 0.121094 0.158203 0.126953 0.156250 0.126953 0.154297 0.125000 0.154297 0.126953 0.152344 0.128906 0.152344 0.138672 0.150391 0.140625 0.142578 0.140625 0.142578 0.142578 0.140625 0.144531 0.138672 0.144531 0.136719 0.146484 0.134766 0.146484 0.134766 0.156250 0.136719 0.158203 0.136719 0.160156 0.138672 0.162109 0.138672 0.167969 0.140625 0.169922 0.140625 0.175781 0.142578 0.177734 0.142578 0.179688 0.146484 0.183594 0.150391 0.183594 0.152344 0.185547 0.152344 0.187500 0.150391 0.189453 0.150391 0.191406 0.144531 0.197266 0.142578 0.197266 0.140625 0.199219 0.138672 0.199219 0.138672 0.210938 0.144531 0.210938 0.146484 0.208984 0.148438 0.208984 0.150391 0.210938 0.150391 0.216797 0.148438 0.218750 0.148438 0.228516 0.146484 0.230469 0.146484 0.232422 0.142578 0.236328 0.138672 0.236328 0.134766 0.240234 0.134766 0.250000 0.136719 0.250000 0.140625 0.253906 0.142578 0.253906 0.146484 0.257812 0.146484 0.261719 0.148438 0.263672 0.152344 0.263672 0.154297 0.265625 0.156250 0.265625 0.158203 0.263672 0.169922 0.263672 0.173828 0.259766 0.175781 0.259766 0.177734 0.257812 0.177734 0.246094 0.179688 0.244141 0.177734 0.242188 0.179688 0.240234 0.179688 0.238281 0.177734 0.236328 0.179688 0.234375 0.177734 0.232422 0.177734 0.220703 0.179688 0.218750 0.179688 0.216797 0.183594 0.212891 0.181641 0.210938 0.181641 0.208984 0.183594 0.207031 0.185547 0.207031 0.185547 0.205078 0.187500 0.203125 0.191406 0.203125 0.193359 0.205078 0.193359 0.208984 0.195312 0.210938 0.195312 0.216797 0.197266 0.218750 0.197266 0.230469 0.199219 0.230469 0.201172 0.232422 0.203125 0.232422 0.205078 0.234375 0.205078 0.240234 0.207031 0.242188 0.207031 0.253906 0.208984 0.255859 0.208984 0.259766 0.210938 0.259766 0.212891 0.261719 0.218750 0.261719 0.220703 0.263672 0.222656 0.261719 0.224609 0.263672 0.230469 0.263672 0.232422 0.261719 0.240234 0.261719 0.238281 0.259766 0.240234 0.257812 0.242188 0.257812 0.244141 0.255859 0.246094 0.255859 0.248047 0.253906 0.250000 0.253906 0.250000 0.251953 0.251953 0.250000 0.251953 0.244141 0.253906 0.242188 0.253906 0.236328 0.255859 0.234375 0.255859 0.232422 0.257812 0.230469 0.261719 0.230469 0.263672 0.228516 0.263672 0.226562 0.265625 0.224609 0.265625 0.220703 0.269531 0.216797 0.271484 0.218750 0.271484 0.216797 0.269531 0.214844 0.271484 0.212891 0.277344 0.212891 0.275391 0.210938 0.279297 0.207031 0.279297 0.205078 0.281250 0.203125 0.283203 0.203125 0.283203 0.201172 0.285156 0.199219 0.287109 0.199219 0.289062 0.197266 0.292969 0.197266 0.292969 0.195312 0.294922 0.193359 0.296875 0.193359 0.302734 0.187500 0.306641 0.187500 0.308594 0.189453 0.306641 0.191406 0.308594 0.193359 0.312500 0.193359 0.314453 0.195312 0.314453 0.205078 0.312500 0.207031 0.312500 0.208984 0.310547 0.210938 0.310547 0.214844 0.312500 0.214844 0.316406 0.218750 0.316406 0.222656 0.314453 0.224609 0.308594 0.224609 0.306641 0.226562 0.302734 0.226562 0.302734 0.228516 0.306641 0.232422 0.312500 0.232422 0.314453 0.234375 0.314453 0.236328 0.320312 0.242188 0.320312 0.246094 0.314453 0.251953 0.314453 0.253906 0.310547 0.257812 0.308594 0.257812 0.302734 0.263672 0.302734 0.271484 0.304688 0.273438 0.306641 0.273438 0.308594 0.275391 0.310547 0.275391 0.312500 0.277344 0.314453 0.277344 0.316406 0.279297 0.316406 0.281250 0.318359 0.283203 0.318359 0.285156 0.320312 0.287109 0.320312 0.291016 0.324219 0.294922 0.324219 0.296875 0.326172 0.298828 0.326172 0.306641 0.337891 0.318359 0.337891 0.320312 0.341797 0.324219 0.341797 0.339844 0.343750 0.341797 0.343750 0.343750 0.345703 0.343750 0.347656 0.345703 0.351562 0.345703 0.355469 0.349609 0.355469 0.351562 0.357422 0.351562 0.359375 0.353516 0.359375 0.347656 0.363281 0.343750 0.373047 0.343750 0.375000 0.341797 0.378906 0.341797 0.380859 0.343750 0.382812 0.343750 0.384766 0.345703 0.384766 0.351562 0.386719 0.351562 0.388672 0.353516 0.388672 0.355469 0.392578 0.359375 0.392578 0.361328 0.396484 0.361328 0.398438 0.363281 0.398438 0.365234 0.400391 0.367188 0.402344 0.367188 0.404297 0.369141 0.404297 0.371094 0.406250 0.373047 0.406250 0.376953 0.408203 0.375000 0.410156 0.375000 0.410156 0.371094 0.414062 0.367188 0.417969 0.367188 0.425781 0.359375 0.429688 0.359375 0.433594 0.363281 0.433594 0.369141 0.431641 0.371094 0.433594 0.371094 0.435547 0.373047 0.433594 0.375000 0.433594 0.380859 0.437500 0.384766 0.437500 0.388672 0.441406 0.392578 0.441406 0.396484 0.439453 0.398438 0.439453 0.402344 0.437500 0.404297 0.437500 0.408203 0.435547 0.410156 0.435547 0.414062 0.433594 0.416016 0.431641 0.416016 0.429688 0.417969 0.429688 0.419922 0.427734 0.421875 0.425781 0.421875 0.423828 0.423828 0.421875 0.423828 0.419922 0.425781 0.417969 0.425781 0.416016 0.427734 0.410156 0.427734 0.408203 0.429688 0.406250 0.429688 0.404297 0.427734 0.400391 0.427734 0.400391 0.445312 0.402344 0.445312 0.404297 0.447266 0.404297 0.449219 0.402344 0.451172 0.402344 0.455078 0.400391 0.457031 0.400391 0.458984 0.402344 0.458984 0.404297 0.460938 0.404297 0.462891 0.408203 0.466797 0.408203 0.472656 0.406250 0.474609 0.404297 0.474609 0.404297 0.482422 0.402344 0.484375 0.396484 0.484375 0.394531 0.486328 0.390625 0.486328 0.388672 0.484375 0.380859 0.484375 0.378906 0.486328 0.376953 0.486328 0.375000 0.484375 0.373047 0.486328 0.369141 0.482422 0.369141 0.478516 0.361328 0.470703 0.359375 0.470703 0.359375 0.476562 0.357422 0.478516 0.357422 0.484375 0.359375 0.484375 0.361328 0.486328 0.361328 0.488281 0.359375 0.490234 0.359375 0.496094 0.361328 0.498047 0.361328 0.500000 0.359375 0.501953 0.357422 0.501953 0.357422 0.503906 0.355469 0.505859 0.355469 0.511719 0.357422 0.513672 0.357422 0.515625 0.355469 0.517578 0.355469 0.519531 0.353516 0.521484 0.359375 0.527344 0.359375 0.529297 0.361328 0.531250 0.363281 0.529297 0.365234 0.529297 0.369141 0.533203 0.369141 0.535156 0.373047 0.539062 0.373047 0.541016 0.378906 0.541016 0.382812 0.544922 0.384766 0.544922 0.386719 0.542969 0.388672 0.542969 0.390625 0.544922 0.390625 0.541016 0.392578 0.539062 0.400391 0.539062 0.400391 0.537109 0.402344 0.535156 0.402344 0.533203 0.404297 0.531250 0.406250 0.533203 0.412109 0.533203 0.414062 0.535156 0.416016 0.535156 0.417969 0.537109 0.417969 0.554688 0.416016 0.556641 0.416016 0.558594 0.414062 0.560547 0.412109 0.560547 0.412109 0.562500 0.410156 0.564453 0.410156 0.568359 0.419922 0.578125 0.421875 0.578125 0.423828 0.580078 0.423828 0.595703 0.421875 0.597656 0.421875 0.601562 0.419922 0.603516 0.419922 0.619141 0.417969 0.621094 0.417969 0.625000 0.416016 0.626953 0.414062 0.626953 0.408203 0.632812 0.406250 0.632812 0.406250 0.638672 0.408203 0.640625 0.408203 0.646484 0.406250 0.648438 0.400391 0.648438 0.400391 0.650391 0.396484 0.654297 0.396484 0.656250 0.394531 0.658203 0.394531 0.660156 0.388672 0.666016 0.380859 0.666016 0.376953 0.669922 0.376953 0.671875 0.375000 0.673828 0.371094 0.673828 0.369141 0.671875 0.367188 0.671875 0.361328 0.677734 0.359375 0.675781 0.357422 0.677734 0.353516 0.677734 0.347656 0.683594 0.345703 0.683594 0.343750 0.685547 0.333984 0.685547 0.332031 0.683594 0.328125 0.687500 0.326172 0.687500 0.326172 0.705078 0.332031 0.705078 0.339844 0.712891 0.339844 0.724609 0.337891 0.726562 0.337891 0.732422 0.335938 0.734375 0.335938 0.736328 0.332031 0.740234 0.332031 0.742188 0.324219 0.750000 0.324219 0.755859 0.322266 0.757812 0.322266 0.759766 0.320312 0.761719 0.320312 0.763672 0.322266 0.765625 0.322266 0.767578 0.324219 0.769531 0.324219 0.783203 0.326172 0.785156 0.326172 0.789062 0.324219 0.791016 0.324219 0.792969 0.326172 0.794922 0.326172 0.800781 0.330078 0.800781 0.332031 0.802734 0.332031 0.806641 0.337891 0.812500 0.337891 0.822266 0.333984 0.826172 0.332031 0.826172 0.332031 0.828125 0.330078 0.830078 0.328125 0.830078 0.328125 0.845703 0.326172 0.847656 0.324219 0.847656 0.322266 0.849609 0.318359 0.849609 0.314453 0.853516 0.314453 0.855469 0.310547 0.859375 0.310547 0.867188 0.314453 0.871094 0.314453 0.875000 0.316406 0.876953 0.316406 0.878906 0.318359 0.880859 0.326172 0.880859 0.328125 0.878906 0.328125 0.875000 0.332031 0.871094 0.333984 0.871094 0.335938 0.869141 0.337891 0.869141 0.339844 0.867188 0.341797 0.867188 0.345703 0.863281 0.347656 0.863281 0.349609 0.865234 0.351562 0.865234 0.353516 0.867188 0.353516 0.869141 0.359375 0.869141 0.361328 0.871094 0.365234 0.871094 0.367188 0.873047 0.367188 0.875000 0.371094 0.875000 0.373047 0.876953 0.373047 0.878906 0.375000 0.878906 0.382812 0.886719 0.384766 0.886719 0.392578 0.894531 0.394531 0.894531 0.396484 0.896484 0.396484 0.898438 0.398438 0.900391 0.398438 0.902344 0.400391 0.904297 0.400391 0.910156 0.398438 0.912109 0.396484 0.912109 0.394531 0.914062 0.390625 0.914062 0.386719 0.917969 0.386719 0.921875 0.384766 0.923828 0.382812 0.923828 0.382812 0.935547 0.384766 0.937500 0.384766 0.939453 0.386719 0.941406 0.390625 0.941406 0.390625 0.931641 0.392578 0.929688 0.394531 0.929688 0.396484 0.931641 0.396484 0.933594 0.398438 0.933594 0.400391 0.935547 0.402344 0.935547 0.404297 0.937500 0.406250 0.937500 0.408203 0.939453 0.412109 0.939453 0.414062 0.937500 0.414062 0.935547 0.416016 0.933594 0.425781 0.933594 0.427734 0.935547 0.427734 0.937500 0.431641 0.937500 0.435547 0.933594 0.439453 0.933594 0.441406 0.931641 0.445312 0.931641 0.447266 0.929688 0.449219 0.929688 0.453125 0.925781 0.453125 0.923828 0.455078 0.921875 0.466797 0.921875 0.466797 0.908203 0.464844 0.908203 0.458984 0.902344 0.458984 0.898438 0.460938 0.896484 0.460938 0.892578 0.466797 0.886719 0.468750 0.886719 0.468750 0.884766 0.470703 0.882812 0.470703 0.878906 0.472656 0.876953 0.472656 0.867188 0.474609 0.865234 0.474609 0.863281 0.478516 0.859375 0.480469 0.859375 0.482422 0.857422 0.486328 0.857422 0.488281 0.855469 0.490234 0.855469 0.494141 0.851562 0.494141 0.832031 0.496094 0.830078 0.496094 0.828125 0.498047 0.826172 0.498047 0.824219 0.500000 0.822266 0.500000 0.812500 0.501953 0.810547 0.501953 0.796875 0.500000 0.794922 0.500000 0.791016 0.498047 0.791016 0.496094 0.789062 0.496094 0.787109 0.492188 0.787109 0.492188 0.789062 0.490234 0.791016 0.488281 0.791016 0.486328 0.789062 0.486328 0.787109 0.484375 0.785156 0.484375 0.781250 0.480469 0.781250 0.478516 0.779297 0.466797 0.779297 0.464844 0.777344 0.464844 0.773438 0.470703 0.767578 0.472656 0.767578 0.470703 0.765625 0.470703 0.755859 0.472656 0.753906 0.472656 0.751953 0.470703 0.750000 0.472656 0.748047 0.472656 0.746094 0.474609 0.744141 0.474609 0.740234 0.480469 0.734375 0.480469 0.730469 0.482422 0.728516 0.484375 0.728516 0.488281 0.732422 0.488281 0.734375 0.490234 0.732422 0.492188 0.734375 0.492188 0.732422 0.494141 0.730469 0.500000 0.730469 0.500000 0.724609 0.501953 0.722656 0.501953 0.710938 0.503906 0.708984 0.505859 0.708984 0.505859 0.703125 0.507812 0.701172 0.507812 0.695312 0.509766 0.693359 0.505859 0.689453 0.505859 0.687500 0.503906 0.685547 0.503906 0.681641 0.501953 0.679688 0.501953 0.671875 0.505859 0.667969 0.507812 0.667969 0.509766 0.666016 0.511719 0.666016 0.513672 0.664062 0.515625 0.664062 0.517578 0.662109 0.521484 0.662109 0.527344 0.656250 0.535156 0.656250 0.537109 0.658203 0.537109 0.660156 0.539062 0.662109 0.539062 0.664062 0.541016 0.664062 0.542969 0.662109 0.544922 0.664062 0.548828 0.664062 0.550781 0.666016 0.550781 0.667969 0.554688 0.671875 0.552734 0.673828 0.550781 0.673828 0.552734 0.675781 0.550781 0.677734 0.550781 0.683594 0.552734 0.685547 0.550781 0.687500 0.552734 0.689453 0.552734 0.691406 0.554688 0.691406 0.556641 0.693359 0.558594 0.693359 0.562500 0.697266 0.562500 0.703125 0.560547 0.705078 0.560547 0.710938 0.564453 0.710938 0.568359 0.714844 0.568359 0.716797 0.574219 0.716797 0.574219 0.714844 0.576172 0.712891 0.580078 0.712891 0.583984 0.716797 0.583984 0.720703 0.585938 0.722656 0.587891 0.720703 0.589844 0.720703 0.593750 0.716797 0.595703 0.718750 0.595703 0.716797 0.597656 0.714844 0.601562 0.714844 0.603516 0.716797 0.603516 0.718750 0.601562 0.720703 0.601562 0.722656 0.603516 0.724609 0.603516 0.732422 0.599609 0.736328 0.599609 0.738281 0.597656 0.740234 0.593750 0.740234 0.589844 0.736328 0.580078 0.736328 0.574219 0.730469 0.574219 0.728516 0.570312 0.728516 0.568359 0.726562 0.566406 0.726562 0.556641 0.736328 0.554688 0.736328 0.552734 0.738281 0.550781 0.738281 0.544922 0.732422 0.544922 0.730469 0.539062 0.730469 0.537109 0.728516 0.533203 0.728516 0.531250 0.726562 0.529297 0.726562 0.527344 0.724609 0.519531 0.724609 0.517578 0.726562 0.517578 0.728516 0.515625 0.730469 0.513672 0.730469 0.517578 0.734375 0.515625 0.736328 0.513672 0.736328 0.513672 0.744141 0.511719 0.746094 0.513672 0.748047 0.513672 0.753906 0.517578 0.757812 0.521484 0.757812 0.525391 0.761719 0.529297 0.761719 0.531250 0.763672 0.533203 0.763672 0.537109 0.767578 0.537109 0.771484 0.535156 0.773438 0.535156 0.775391 0.529297 0.781250 0.529297 0.785156 0.539062 0.785156 0.541016 0.787109 0.541016 0.792969 0.539062 0.794922 0.537109 0.794922 0.537109 0.804688 0.533203 0.808594 0.533203 0.814453 0.535156 0.814453 0.537109 0.816406 0.537109 0.820312 0.539062 0.822266 0.539062 0.824219 0.544922 0.830078 0.546875 0.830078 0.548828 0.832031 0.550781 0.832031 0.552734 0.833984 0.552734 0.835938 0.558594 0.841797 0.558594 0.843750 0.554688 0.847656 0.550781 0.847656 0.548828 0.849609 0.548828 0.857422 0.562500 0.857422 0.566406 0.861328 0.568359 0.861328 0.570312 0.859375 0.572266 0.859375 0.576172 0.863281 0.576172 0.871094 0.574219 0.873047 0.574219 0.875000 0.572266 0.876953 0.572266 0.888672 0.568359 0.892578 0.568359 0.894531 0.566406 0.896484 0.564453 0.896484 0.564453 0.898438 0.562500 0.900391 0.558594 0.900391 0.556641 0.898438 0.556641 0.896484 0.554688 0.896484 0.552734 0.894531 0.550781 0.894531 0.542969 0.886719 0.542969 0.884766 0.541016 0.882812 0.541016 0.880859 0.539062 0.880859 0.535156 0.876953 0.523438 0.876953 0.521484 0.878906 0.521484 0.880859 0.517578 0.884766 0.513672 0.884766 0.511719 0.886719 0.507812 0.886719 0.505859 0.888672 0.505859 0.890625 0.500000 0.896484 0.494141 0.896484 0.494141 0.898438 0.492188 0.900391 0.490234 0.900391 0.488281 0.902344 0.486328 0.902344 0.484375 0.904297 0.484375 0.910156 0.482422 0.912109 0.484375 0.912109 0.488281 0.916016 0.488281 0.917969 0.482422 0.923828 0.480469 0.923828 0.480469 0.931641 0.484375 0.935547 0.478516 0.941406 0.474609 0.941406 0.472656 0.943359 0.466797 0.943359 0.466797 0.945312 0.464844 0.947266 0.462891 0.947266 0.462891 0.953125 0.460938 0.955078 0.460938 0.957031 0.458984 0.958984 0.451172 0.958984 0.451172 0.970703 0.468750 0.970703 0.470703 0.968750 0.474609 0.972656 0.474609 0.974609 0.476562 0.976562 0.476562 0.978516 0.478516 0.980469 0.478516 0.986328 0.480469 0.988281 0.480469 0.990234 0.482422 0.992188 0.767578 0.992188 0.765625 0.992188 0.761719 0.988281 0.761719 0.978516 0.763672 0.976562 0.765625 0.976562 0.765625 0.974609 0.767578 0.972656 0.767578 0.970703 0.765625 0.968750 0.765625 0.966797 0.769531 0.962891 0.769531 0.958984 0.771484 0.957031 0.773438 0.957031 0.777344 0.953125 0.781250 0.953125 0.783203 0.955078 0.783203 0.960938 0.777344 0.966797 0.777344 0.970703 0.781250 0.970703 0.785156 0.966797 0.792969 0.966797 0.794922 0.964844 0.794922 0.962891 0.796875 0.960938 0.798828 0.960938 0.802734 0.957031 0.804688 0.957031 0.806641 0.955078 0.808594 0.955078 0.810547 0.953125 0.810547 0.947266 0.812500 0.945312 0.800781 0.945312 0.798828 0.943359 0.796875 0.943359 0.794922 0.941406 0.792969 0.941406 0.791016 0.943359 0.791016 0.949219 0.789062 0.951172 0.785156 0.947266 0.785156 0.935547 0.789062 0.931641 0.789062 0.929688 0.791016 0.927734 0.791016 0.923828 0.792969 0.921875 0.792969 0.916016 0.794922 0.914062 0.806641 0.925781 0.806641 0.927734 0.808594 0.927734 0.808594 0.925781 0.810547 0.923828 0.812500 0.923828 0.814453 0.921875 0.816406 0.921875 0.816406 0.916016 0.814453 0.914062 0.812500 0.914062 0.810547 0.912109 0.810547 0.910156 0.814453 0.906250 0.814453 0.904297 0.816406 0.902344 0.816406 0.900391 0.818359 0.898438 0.818359 0.896484 0.820312 0.894531 0.820312 0.892578 0.822266 0.890625 0.824219 0.890625 0.826172 0.888672 0.828125 0.888672 0.830078 0.886719 0.832031 0.886719 0.833984 0.884766 0.835938 0.884766 0.837891 0.882812 0.843750 0.882812 0.845703 0.880859 0.851562 0.880859 0.853516 0.882812 0.863281 0.882812 0.867188 0.886719 0.869141 0.886719 0.871094 0.884766 0.873047 0.884766 0.875000 0.882812 0.876953 0.882812 0.878906 0.880859 0.880859 0.880859 0.882812 0.878906 0.884766 0.878906 0.900391 0.863281 0.902344 0.863281 0.904297 0.861328 0.904297 0.855469 0.902344 0.853516 0.906250 0.849609 0.908203 0.849609 0.912109 0.845703 0.912109 0.835938 0.900391 0.824219 0.900391 0.820312 0.896484 0.816406 0.892578 0.816406 0.890625 0.814453 0.888672 0.814453 0.886719 0.812500 0.871094 0.812500 0.869141 0.810547 0.869141 0.808594 0.867188 0.806641 0.867188 0.804688 0.869141 0.802734 0.873047 0.802734 0.875000 0.804688 0.875000 0.800781 0.876953 0.798828 0.878906 0.800781 0.880859 0.800781 0.880859 0.798828 0.882812 0.796875 0.884766 0.796875 0.882812 0.794922 0.884766 0.792969 0.886719 0.792969 0.886719 0.791016 0.888672 0.789062 0.890625 0.789062 0.888672 0.789062 0.886719 0.787109 0.888672 0.785156 0.888672 0.783203 0.890625 0.781250 0.896484 0.781250 0.898438 0.779297 0.898438 0.775391 0.906250 0.767578 0.908203 0.767578 0.908203 0.765625 0.910156 0.763672 0.912109 0.763672 0.917969 0.757812 0.921875 0.757812 0.923828 0.759766 0.925781 0.757812 0.937500 0.757812 0.939453 0.759766 0.941406 0.757812 0.945312 0.761719 0.947266 0.759766 0.949219 0.761719 0.951172 0.759766 0.953125 0.759766 0.955078 0.757812 0.957031 0.757812 0.957031 0.755859 0.960938 0.751953 0.962891 0.751953 0.964844 0.750000 0.970703 0.755859 0.970703 0.767578 0.962891 0.775391 0.960938 0.775391 0.957031 0.779297 0.957031 0.781250 0.955078 0.783203 0.955078 0.787109 0.951172 0.791016 0.955078 0.791016 0.957031 0.792969 0.957031 0.794922 0.958984 0.794922 0.962891 0.798828 0.964844 0.798828 0.970703 0.804688 0.972656 0.804688 0.974609 0.802734 0.978516 0.802734 0.982422 0.806641 0.988281 0.806641 0.990234 0.808594 0.992188 0.808594 0.992188 0.503906 0.990234 0.503906 0.988281 0.501953 0.988281 0.500000 0.990234 0.498047 0.990234 0.492188 0.988281 0.490234 0.978516 0.490234 0.980469 0.492188 0.980469 0.494141 0.978516 0.496094 0.976562 0.494141 0.970703 0.494141 0.968750 0.492188 0.968750 0.490234 0.962891 0.490234 0.960938 0.488281 0.958984 0.490234 0.955078 0.490234 0.953125 0.488281 0.951172 0.490234 0.949219 0.488281 0.949219 0.486328 0.945312 0.482422 0.945312 0.478516 0.947266 0.476562 0.947266 0.470703 0.949219 0.468750 0.958984 0.468750 0.960938 0.466797 0.960938 0.458984 0.958984 0.457031 0.955078 0.457031 0.951172 0.453125 0.951172 0.437500 0.945312 0.437500 0.943359 0.439453 0.943359 0.441406 0.939453 0.445312 0.939453 0.447266 0.933594 0.453125 0.933594 0.458984 0.935547 0.458984 0.937500 0.460938 0.937500 0.462891 0.931641 0.468750 0.925781 0.468750 0.923828 0.466797 0.919922 0.470703 0.917969 0.470703 0.916016 0.472656 0.914062 0.472656 0.914062 0.476562 0.912109 0.478516 0.912109 0.484375 0.910156 0.486328 0.910156 0.488281 0.908203 0.490234 0.908203 0.492188 0.906250 0.494141 0.906250 0.501953 0.904297 0.503906 0.902344 0.503906 0.900391 0.505859 0.898438 0.505859 0.898438 0.507812 0.892578 0.513672 0.884766 0.513672 0.882812 0.515625 0.882812 0.517578 0.880859 0.519531 0.880859 0.521484 0.876953 0.525391 0.876953 0.531250 0.871094 0.537109 0.869141 0.537109 0.869141 0.541016 0.859375 0.550781 0.857422 0.548828 0.857422 0.554688 0.853516 0.558594 0.853516 0.564453 0.855469 0.566406 0.849609 0.572266 0.847656 0.572266 0.843750 0.576172 0.841797 0.574219 0.841797 0.572266 0.839844 0.570312 0.839844 0.562500 0.837891 0.560547 0.837891 0.558594 0.833984 0.554688 0.833984 0.552734 0.832031 0.550781 0.832031 0.541016 0.830078 0.542969 0.826172 0.542969 0.824219 0.544922 0.822266 0.542969 0.822266 0.541016 0.820312 0.542969 0.818359 0.542969 0.816406 0.541016 0.816406 0.539062 0.822266 0.533203 0.828125 0.533203 0.830078 0.531250 0.832031 0.533203 0.835938 0.533203 0.837891 0.531250 0.839844 0.531250 0.839844 0.529297 0.835938 0.525391 0.832031 0.525391 0.830078 0.523438 0.830078 0.521484 0.824219 0.515625 0.824219 0.513672 0.822266 0.511719 0.822266 0.505859 0.820312 0.505859 0.818359 0.503906 0.816406 0.503906 0.814453 0.505859 0.812500 0.505859 0.808594 0.501953 0.802734 0.501953 0.800781 0.500000 0.796875 0.500000 0.794922 0.498047 0.791016 0.498047 0.789062 0.500000 0.789062 0.515625 0.791016 0.517578 0.791016 0.519531 0.785156 0.525391 0.783203 0.525391 0.781250 0.523438 0.777344 0.523438 0.775391 0.525391 0.773438 0.523438 0.773438 0.517578 0.769531 0.517578 0.765625 0.513672 0.763672 0.513672 0.757812 0.507812 0.757812 0.505859 0.753906 0.501953 0.751953 0.501953 0.746094 0.496094 0.746094 0.494141 0.736328 0.484375 0.736328 0.486328 0.732422 0.490234 0.730469 0.490234 0.728516 0.492188 0.726562 0.490234 0.722656 0.490234 0.714844 0.482422 0.708984 0.482422 0.705078 0.486328 0.705078 0.501953 0.707031 0.503906 0.712891 0.503906 0.714844 0.505859 0.718750 0.505859 0.720703 0.507812 0.730469 0.507812 0.732422 0.509766 0.740234 0.509766 0.742188 0.511719 0.742188 0.513672 0.740234 0.515625 0.738281 0.515625 0.736328 0.517578 0.734375 0.517578 0.728516 0.523438 0.724609 0.523438 0.724609 0.527344 0.722656 0.529297 0.720703 0.529297 0.718750 0.531250 0.716797 0.531250 0.712891 0.527344 0.705078 0.527344 0.703125 0.525391 0.703125 0.521484 0.701172 0.519531 0.701172 0.515625 0.697266 0.515625 0.695312 0.517578 0.693359 0.517578 0.687500 0.523438 0.683594 0.523438 0.681641 0.525391 0.679688 0.525391 0.677734 0.527344 0.675781 0.527344 0.673828 0.529297 0.667969 0.529297 0.664062 0.533203 0.664062 0.539062 0.666016 0.541016 0.666016 0.542969 0.664062 0.544922 0.664062 0.546875 0.662109 0.548828 0.662109 0.554688 0.664062 0.556641 0.666016 0.556641 0.667969 0.558594 0.671875 0.558594 0.673828 0.560547 0.675781 0.560547 0.677734 0.562500 0.679688 0.562500 0.681641 0.564453 0.677734 0.568359 0.677734 0.572266 0.679688 0.574219 0.677734 0.576172 0.681641 0.580078 0.679688 0.582031 0.687500 0.582031 0.693359 0.587891 0.693359 0.593750 0.695312 0.595703 0.695312 0.597656 0.697266 0.599609 0.697266 0.605469 0.699219 0.605469 0.701172 0.607422 0.701172 0.625000 0.699219 0.626953 0.697266 0.626953 0.697266 0.628906 0.695312 0.630859 0.693359 0.630859 0.691406 0.632812 0.691406 0.638672 0.687500 0.642578 0.687500 0.644531 0.683594 0.648438 0.683594 0.650391 0.681641 0.652344 0.677734 0.648438 0.677734 0.669922 0.671875 0.675781 0.669922 0.675781 0.667969 0.677734 0.666016 0.677734 0.664062 0.679688 0.660156 0.679688 0.660156 0.681641 0.658203 0.683594 0.654297 0.683594 0.652344 0.685547 0.650391 0.683594 0.642578 0.683594 0.640625 0.685547 0.638672 0.685547 0.636719 0.683594 0.636719 0.681641 0.634766 0.681641 0.632812 0.679688 0.632812 0.677734 0.632812 0.679688 0.628906 0.683594 0.626953 0.683594 0.625000 0.685547 0.623047 0.685547 0.619141 0.689453 0.615234 0.689453 0.613281 0.691406 0.607422 0.691406 0.605469 0.693359 0.601562 0.693359 0.599609 0.695312 0.597656 0.693359 0.595703 0.693359 0.593750 0.695312 0.585938 0.687500 0.585938 0.685547 0.583984 0.685547 0.582031 0.683594 0.582031 0.673828 0.583984 0.671875 0.585938 0.671875 0.591797 0.666016 0.593750 0.666016 0.593750 0.660156 0.587891 0.660156 0.585938 0.658203 0.585938 0.654297 0.583984 0.652344 0.582031 0.652344 0.580078 0.650391 0.580078 0.648438 0.578125 0.650391 0.572266 0.650391 0.570312 0.652344 0.568359 0.652344 0.564453 0.656250 0.554688 0.656250 0.552734 0.654297 0.552734 0.648438 0.556641 0.644531 0.558594 0.644531 0.558594 0.642578 0.564453 0.636719 0.564453 0.626953 0.566406 0.625000 0.566406 0.621094 0.568359 0.619141 0.574219 0.619141 0.576172 0.621094 0.578125 0.621094 0.578125 0.619141 0.580078 0.617188 0.582031 0.619141 0.583984 0.617188 0.589844 0.617188 0.589844 0.615234 0.591797 0.613281 0.589844 0.611328 0.591797 0.609375 0.593750 0.609375 0.593750 0.607422 0.597656 0.603516 0.597656 0.601562 0.599609 0.599609 0.599609 0.595703 0.601562 0.593750 0.603516 0.593750 0.603516 0.591797 0.601562 0.591797 0.599609 0.589844 0.599609 0.583984 0.593750 0.583984 0.591797 0.582031 0.591797 0.576172 0.593750 0.574219 0.593750 0.572266 0.595703 0.570312 0.597656 0.570312 0.599609 0.568359 0.599609 0.564453 0.601562 0.562500 0.617188 0.562500 0.617188 0.556641 0.613281 0.552734 0.613281 0.548828 0.615234 0.546875 0.615234 0.542969 0.617188 0.541016 0.617188 0.517578 0.621094 0.513672 0.621094 0.509766 0.619141 0.509766 0.615234 0.505859 0.613281 0.505859 0.611328 0.503906 0.607422 0.503906 0.605469 0.501953 0.585938 0.501953 0.583984 0.500000 0.585938 0.498047 0.583984 0.496094 0.583984 0.492188 0.582031 0.490234 0.582031 0.488281 0.580078 0.486328 0.580078 0.482422 0.582031 0.480469 0.587891 0.480469 0.591797 0.484375 0.593750 0.484375 0.595703 0.482422 0.607422 0.482422 0.607422 0.480469 0.609375 0.478516 0.611328 0.478516 0.613281 0.476562 0.615234 0.478516 0.615234 0.472656 0.617188 0.470703 0.632812 0.470703 0.632812 0.466797 0.634766 0.464844 0.634766 0.462891 0.636719 0.460938 0.636719 0.455078 0.638672 0.453125 0.638672 0.451172 0.640625 0.449219 0.642578 0.449219 0.642578 0.447266 0.644531 0.445312 0.654297 0.445312 0.656250 0.447266 0.656250 0.453125 0.658203 0.455078 0.658203 0.457031 0.660156 0.458984 0.660156 0.460938 0.662109 0.462891 0.662109 0.464844 0.666016 0.468750 0.666016 0.470703 0.667969 0.472656 0.667969 0.470703 0.669922 0.468750 0.671875 0.468750 0.671875 0.466797 0.673828 0.464844 0.675781 0.464844 0.677734 0.462891 0.681641 0.462891 0.683594 0.460938 0.687500 0.460938 0.691406 0.464844 0.697266 0.464844 0.699219 0.466797 0.699219 0.468750 0.699219 0.466797 0.703125 0.462891 0.703125 0.458984 0.705078 0.457031 0.705078 0.455078 0.707031 0.453125 0.707031 0.451172 0.710938 0.447266 0.710938 0.445312 0.712891 0.443359 0.714844 0.443359 0.716797 0.441406 0.722656 0.441406 0.724609 0.439453 0.724609 0.433594 0.722656 0.431641 0.722656 0.429688 0.718750 0.425781 0.718750 0.421875 0.720703 0.419922 0.722656 0.419922 0.722656 0.417969 0.724609 0.416016 0.726562 0.416016 0.730469 0.412109 0.730469 0.410156 0.732422 0.408203 0.742188 0.408203 0.742188 0.400391 0.734375 0.392578 0.734375 0.384766 0.740234 0.378906 0.742188 0.378906 0.744141 0.376953 0.748047 0.376953 0.750000 0.375000 0.750000 0.373047 0.751953 0.371094 0.753906 0.373047 0.755859 0.371094 0.757812 0.371094 0.757812 0.369141 0.759766 0.367188 0.755859 0.363281 0.755859 0.361328 0.757812 0.359375 0.757812 0.357422 0.759766 0.355469 0.759766 0.353516 0.757812 0.351562 0.757812 0.349609 0.759766 0.347656 0.761719 0.349609 0.763672 0.347656 0.763672 0.343750 0.765625 0.341797 0.767578 0.341797 0.763672 0.337891 0.765625 0.335938 0.765625 0.324219 0.767578 0.322266 0.767578 0.308594 0.769531 0.306641 0.769531 0.302734 0.771484 0.300781 0.771484 0.298828 0.773438 0.296875 0.773438 0.294922 0.777344 0.291016 0.777344 0.289062 0.781250 0.285156 0.781250 0.271484 0.779297 0.271484 0.777344 0.269531 0.777344 0.267578 0.779297 0.265625 0.781250 0.265625 0.781250 0.263672 0.779297 0.261719 0.779297 0.259766 0.781250 0.257812 0.779297 0.255859 0.781250 0.253906 0.779297 0.251953 0.781250 0.250000 0.781250 0.248047 0.783203 0.246094 0.783203 0.244141 0.787109 0.240234 0.787109 0.232422 0.779297 0.224609 0.771484 0.224609 0.769531 0.222656 0.769531 0.220703 0.765625 0.216797 0.759766 0.216797 0.757812 0.218750 0.757812 0.220703 0.755859 0.222656 0.748047 0.222656 0.748047 0.226562 0.746094 0.228516 0.744141 0.228516 0.744141 0.230469 0.742188 0.232422 0.740234 0.232422 0.736328 0.228516 0.736328 0.224609 0.734375 0.222656 0.734375 0.220703 0.732422 0.220703 0.730469 0.218750 0.730469 0.214844 0.728516 0.212891 0.728516 0.208984 0.726562 0.208984 0.720703 0.203125 0.720703 0.197266 0.710938 0.197266 0.708984 0.195312 0.708984 0.191406 0.710938 0.189453 0.710938 0.181641 0.712891 0.179688 0.712891 0.177734 0.714844 0.175781 0.714844 0.162109 0.712891 0.162109 0.710938 0.160156 0.710938 0.158203 0.708984 0.158203 0.707031 0.160156 0.705078 0.160156 0.705078 0.162109 0.703125 0.164062 0.699219 0.164062 0.697266 0.166016 0.695312 0.164062 0.691406 0.164062 0.689453 0.166016 0.687500 0.166016 0.685547 0.167969 0.683594 0.167969 0.681641 0.169922 0.679688 0.169922 0.677734 0.167969 0.673828 0.167969 0.671875 0.169922 0.667969 0.169922 0.666016 0.171875 0.666016 0.175781 0.664062 0.177734 0.667969 0.181641 0.669922 0.181641 0.671875 0.183594 0.671875 0.185547 0.669922 0.187500 0.669922 0.191406 0.664062 0.197266 0.664062 0.199219 0.662109 0.201172 0.662109 0.203125 0.664062 0.205078 0.664062 0.210938 0.666016 0.212891 0.666016 0.216797 0.664062 0.218750 0.664062 0.220703 0.662109 0.222656 0.662109 0.230469 0.658203 0.234375 0.658203 0.238281 0.656250 0.240234 0.656250 0.242188 0.654297 0.244141 0.654297 0.248047 0.656250 0.250000 0.654297 0.251953 0.654297 0.267578 0.650391 0.271484 0.650391 0.273438 0.644531 0.279297 0.638672 0.273438 0.638672 0.269531 0.636719 0.267578 0.636719 0.263672 0.634766 0.263672 0.632812 0.261719 0.632812 0.253906 0.630859 0.251953 0.621094 0.251953 0.617188 0.255859 0.615234 0.253906 0.615234 0.251953 0.613281 0.250000 0.609375 0.250000 0.599609 0.259766 0.597656 0.259766 0.595703 0.261719 0.591797 0.261719 0.589844 0.259766 0.589844 0.248047 0.593750 0.244141 0.593750 0.236328 0.585938 0.228516 0.582031 0.228516 0.580078 0.226562 0.580078 0.222656 0.582031 0.220703 0.582031 0.216797 0.583984 0.214844 0.585938 0.214844 0.587891 0.212891 0.587891 0.208984 0.589844 0.207031 0.589844 0.203125 0.593750 0.199219 0.593750 0.195312 0.595703 0.193359 0.595703 0.187500 0.591797 0.183594 0.587891 0.183594 0.582031 0.189453 0.580078 0.187500 0.580078 0.185547 0.574219 0.179688 0.574219 0.177734 0.572266 0.175781 0.572266 0.169922 0.578125 0.164062 0.576172 0.162109 0.566406 0.162109 0.564453 0.160156 0.564453 0.158203 0.562500 0.156250 0.560547 0.156250 0.558594 0.154297 0.554688 0.154297 0.552734 0.152344 0.546875 0.152344 0.542969 0.156250 0.539062 0.156250 0.533203 0.162109 0.531250 0.162109 0.529297 0.164062 0.523438 0.164062 0.521484 0.162109 0.521484 0.158203 0.531250 0.148438 0.533203 0.148438 0.537109 0.144531 0.539062 0.144531 0.539062 0.136719 0.541016 0.134766 0.541016 0.132812 0.546875 0.126953 0.548828 0.126953 0.550781 0.125000 0.558594 0.125000 0.562500 0.121094 0.564453 0.121094 0.562500 0.119141 0.566406 0.115234 0.568359 0.115234 0.570312 0.113281 0.570312 0.111328 0.572266 0.109375 0.572266 0.105469 0.574219 0.103516 0.574219 0.101562 0.576172 0.099609 0.576172 0.095703 0.578125 0.093750 0.578125 0.091797 0.580078 0.089844 0.580078 0.085938 0.578125 0.083984 0.578125 0.082031 0.587891 0.072266 0.593750 0.072266 0.595703 0.070312 0.595703 0.068359 0.597656 0.066406 0.597656 0.062500 0.599609 0.060547 0.603516 0.060547 0.603516 0.056641 0.601562 0.054688 0.601562 0.052734 0.603516 0.050781 0.603516 0.042969 0.601562 0.041016 0.601562 0.039062 0.599609 0.039062 0.597656 0.037109 0.597656 0.023438 0.595703 0.021484 0.599609 0.017578 0.605469 0.017578 0.605469 0.015625 0.607422 0.013672 0.609375 0.015625 0.611328 0.013672 0.613281 0.013672 0.613281 0.011719 0.617188 0.007812 0.623047 0.007812 0.625000 0.005859 0.626953 0.005859 0.626953 0.003906 0.628906 0.001953 0.628906 0.000000