0 0.992188 0.884766 0.992188 0.886719 0.988281 0.890625 0.990234 0.892578 0.990234 0.894531 0.988281 0.896484 0.988281 0.910156 0.984375 0.914062 0.982422 0.914062 0.982422 0.919922 0.980469 0.921875 0.980469 0.941406 0.982422 0.943359 0.982422 0.951172 0.986328 0.955078 0.986328 0.958984 0.988281 0.958984 0.990234 0.960938 0.990234 0.964844 0.992188 0.966797 0.992188 0.968750
0 0.511719 0.511719 0.507812 0.515625 0.507812 0.517578 0.505859 0.519531 0.503906 0.519531 0.501953 0.521484 0.500000 0.521484 0.500000 0.527344 0.501953 0.527344 0.503906 0.529297 0.511719 0.529297 0.513672 0.527344 0.515625 0.527344 0.517578 0.525391 0.517578 0.511719
0 0.488281 0.443359 0.484375 0.447266 0.482422 0.447266 0.474609 0.455078 0.474609 0.457031 0.470703 0.460938 0.470703 0.474609 0.472656 0.476562 0.472656 0.478516 0.478516 0.484375 0.476562 0.486328 0.478516 0.488281 0.476562 0.490234 0.482422 0.496094 0.482422 0.498047 0.484375 0.498047 0.492188 0.505859 0.498047 0.505859 0.500000 0.507812 0.507812 0.507812 0.515625 0.500000 0.515625 0.490234 0.517578 0.488281 0.517578 0.482422 0.515625 0.480469 0.515625 0.466797 0.513672 0.464844 0.511719 0.464844 0.509766 0.462891 0.507812 0.462891 0.501953 0.457031 0.501953 0.453125 0.500000 0.451172 0.500000 0.449219 0.498047 0.447266 0.498047 0.445312 0.496094 0.445312 0.494141 0.443359
0 0.533203 0.396484 0.531250 0.398438 0.531250 0.406250 0.533203 0.408203 0.533203 0.410156 0.535156 0.412109 0.539062 0.412109 0.541016 0.414062 0.541016 0.416016 0.544922 0.416016 0.544922 0.400391 0.541016 0.400391 0.539062 0.398438 0.539062 0.396484
0 0.552734 0.357422 0.550781 0.359375 0.550781 0.361328 0.548828 0.363281 0.548828 0.369141 0.546875 0.371094 0.546875 0.373047 0.544922 0.375000 0.544922 0.394531 0.552734 0.394531 0.552734 0.392578 0.554688 0.390625 0.554688 0.388672 0.556641 0.386719 0.556641 0.373047 0.558594 0.371094 0.558594 0.369141 0.560547 0.367188 0.560547 0.361328 0.556641 0.361328
0 0.433594 0.304688 0.431641 0.306641 0.427734 0.306641 0.427734 0.308594 0.425781 0.310547 0.423828 0.310547 0.421875 0.312500 0.421875 0.324219 0.423828 0.326172 0.423828 0.328125 0.425781 0.330078 0.425781 0.332031 0.427734 0.330078 0.429688 0.332031 0.433594 0.332031 0.435547 0.333984 0.441406 0.333984 0.449219 0.326172 0.449219 0.316406 0.443359 0.310547 0.443359 0.308594 0.439453 0.304688
0 0.500000 0.300781 0.498047 0.302734 0.498047 0.304688 0.494141 0.308594 0.494141 0.310547 0.492188 0.312500 0.492188 0.314453 0.488281 0.318359 0.486328 0.318359 0.482422 0.314453 0.472656 0.314453 0.470703 0.316406 0.470703 0.335938 0.472656 0.335938 0.476562 0.339844 0.476562 0.341797 0.478516 0.341797 0.480469 0.343750 0.480469 0.345703 0.484375 0.345703 0.486328 0.347656 0.488281 0.347656 0.490234 0.349609 0.492188 0.349609 0.492188 0.347656 0.496094 0.343750 0.496094 0.339844 0.498047 0.337891 0.501953 0.341797 0.501953 0.343750 0.503906 0.345703 0.503906 0.347656 0.505859 0.349609 0.505859 0.357422 0.511719 0.357422 0.519531 0.349609 0.519531 0.330078 0.517578 0.328125 0.517578 0.312500 0.509766 0.304688 0.507812 0.304688 0.505859 0.302734 0.505859 0.300781
0 0.353516 0.261719 0.353516 0.271484 0.355469 0.271484 0.357422 0.273438 0.357422 0.275391 0.359375 0.277344 0.359375 0.279297 0.365234 0.285156 0.365234 0.287109 0.367188 0.287109 0.369141 0.289062 0.369141 0.291016 0.373047 0.291016 0.376953 0.294922 0.378906 0.294922 0.380859 0.296875 0.386719 0.296875 0.390625 0.292969 0.394531 0.292969 0.398438 0.289062 0.398438 0.281250 0.396484 0.281250 0.394531 0.279297 0.394531 0.277344 0.388672 0.277344 0.386719 0.275391 0.384766 0.275391 0.378906 0.269531 0.376953 0.269531 0.375000 0.267578 0.373047 0.267578 0.369141 0.263672 0.363281 0.263672 0.361328 0.261719
0 0.931641 0.253906 0.929688 0.255859 0.927734 0.255859 0.927734 0.257812 0.925781 0.259766 0.925781 0.265625 0.921875 0.269531 0.921875 0.271484 0.919922 0.273438 0.919922 0.279297 0.917969 0.281250 0.917969 0.285156 0.921875 0.289062 0.921875 0.294922 0.925781 0.294922 0.927734 0.296875 0.929688 0.296875 0.931641 0.298828 0.933594 0.298828 0.935547 0.300781 0.949219 0.300781 0.951172 0.298828 0.953125 0.298828 0.953125 0.283203 0.951172 0.283203 0.949219 0.281250 0.949219 0.277344 0.947266 0.277344 0.943359 0.273438 0.943359 0.269531 0.945312 0.267578 0.945312 0.265625 0.947266 0.263672 0.949219 0.263672 0.949219 0.257812 0.947266 0.255859 0.945312 0.255859 0.943359 0.253906
0 0.685547 0.191406 0.685547 0.195312 0.683594 0.197266 0.683594 0.218750 0.685547 0.220703 0.685547 0.222656 0.691406 0.228516 0.691406 0.230469 0.689453 0.232422 0.691406 0.232422 0.691406 0.230469 0.693359 0.228516 0.697266 0.228516 0.699219 0.226562 0.699219 0.224609 0.701172 0.222656 0.701172 0.210938 0.697266 0.207031 0.697266 0.193359 0.695312 0.193359 0.693359 0.191406
0 0.878906 0.173828 0.876953 0.175781 0.876953 0.179688 0.882812 0.179688 0.884766 0.177734 0.884766 0.173828
0 0.820312 0.160156 0.820312 0.162109 0.816406 0.166016 0.814453 0.166016 0.812500 0.167969 0.810547 0.167969 0.802734 0.175781 0.802734 0.191406 0.804688 0.193359 0.804688 0.197266 0.806641 0.199219 0.806641 0.203125 0.808594 0.205078 0.808594 0.207031 0.812500 0.210938 0.812500 0.212891 0.814453 0.212891 0.816406 0.214844 0.816406 0.218750 0.818359 0.218750 0.820312 0.220703 0.820312 0.222656 0.822266 0.222656 0.824219 0.224609 0.828125 0.220703 0.832031 0.220703 0.832031 0.216797 0.833984 0.214844 0.833984 0.212891 0.835938 0.210938 0.835938 0.208984 0.837891 0.207031 0.837891 0.189453 0.839844 0.187500 0.839844 0.183594 0.837891 0.181641 0.837891 0.175781 0.835938 0.173828 0.835938 0.169922 0.832031 0.166016 0.830078 0.166016 0.828125 0.164062 0.828125 0.162109 0.826172 0.160156
0 0.298828 0.128906 0.296875 0.130859 0.292969 0.130859 0.289062 0.134766 0.289062 0.136719 0.287109 0.138672 0.267578 0.138672 0.265625 0.140625 0.263672 0.140625 0.261719 0.142578 0.255859 0.142578 0.255859 0.144531 0.253906 0.146484 0.251953 0.146484 0.248047 0.142578 0.246094 0.142578 0.244141 0.140625 0.242188 0.142578 0.238281 0.142578 0.238281 0.150391 0.242188 0.154297 0.242188 0.158203 0.244141 0.158203 0.246094 0.160156 0.240234 0.166016 0.240234 0.173828 0.242188 0.175781 0.242188 0.177734 0.246094 0.181641 0.246094 0.183594 0.248047 0.183594 0.250000 0.185547 0.250000 0.187500 0.251953 0.189453 0.261719 0.189453 0.265625 0.193359 0.267578 0.193359 0.269531 0.191406 0.273438 0.191406 0.275391 0.189453 0.277344 0.189453 0.277344 0.187500 0.279297 0.185547 0.279297 0.179688 0.277344 0.179688 0.275391 0.177734 0.275391 0.175781 0.281250 0.169922 0.281250 0.167969 0.287109 0.162109 0.289062 0.162109 0.289062 0.160156 0.291016 0.158203 0.292969 0.158203 0.292969 0.156250 0.294922 0.154297 0.298828 0.154297 0.300781 0.152344 0.300781 0.148438 0.302734 0.146484 0.304688 0.146484 0.306641 0.144531 0.308594 0.144531 0.308594 0.132812 0.306641 0.130859 0.306641 0.128906
0 0.751953 0.121094 0.750000 0.123047 0.750000 0.125000 0.748047 0.126953 0.748047 0.138672 0.751953 0.142578 0.757812 0.142578 0.759766 0.144531 0.773438 0.144531 0.775391 0.142578 0.777344 0.142578 0.781250 0.138672 0.781250 0.134766 0.783203 0.132812 0.769531 0.132812 0.767578 0.134766 0.767578 0.138672 0.765625 0.140625 0.761719 0.136719 0.761719 0.134766 0.759766 0.132812 0.759766 0.125000 0.757812 0.123047 0.757812 0.121094
0 0.931641 0.119141 0.923828 0.126953 0.923828 0.130859 0.921875 0.132812 0.921875 0.134766 0.917969 0.138672 0.917969 0.142578 0.916016 0.144531 0.916016 0.146484 0.912109 0.150391 0.902344 0.150391 0.898438 0.146484 0.892578 0.146484 0.890625 0.144531 0.890625 0.140625 0.888672 0.140625 0.886719 0.138672 0.884766 0.138672 0.882812 0.136719 0.876953 0.136719 0.875000 0.138672 0.875000 0.142578 0.876953 0.144531 0.878906 0.144531 0.884766 0.150391 0.884766 0.154297 0.886719 0.154297 0.890625 0.158203 0.892578 0.158203 0.894531 0.160156 0.894531 0.166016 0.898438 0.169922 0.900391 0.169922 0.904297 0.173828 0.904297 0.175781 0.906250 0.177734 0.906250 0.179688 0.908203 0.181641 0.912109 0.181641 0.916016 0.185547 0.916016 0.189453 0.917969 0.191406 0.919922 0.191406 0.921875 0.193359 0.921875 0.195312 0.923828 0.197266 0.923828 0.199219 0.925781 0.201172 0.925781 0.205078 0.931641 0.210938 0.931641 0.212891 0.933594 0.212891 0.935547 0.214844 0.935547 0.220703 0.937500 0.222656 0.941406 0.222656 0.943359 0.224609 0.945312 0.224609 0.947266 0.226562 0.947266 0.228516 0.949219 0.230469 0.949219 0.232422 0.953125 0.228516 0.957031 0.228516 0.957031 0.226562 0.958984 0.224609 0.958984 0.222656 0.957031 0.220703 0.958984 0.218750 0.966797 0.218750 0.970703 0.214844 0.974609 0.214844 0.978516 0.210938 0.980469 0.210938 0.982422 0.208984 0.984375 0.208984 0.986328 0.207031 0.988281 0.207031 0.990234 0.205078 0.992188 0.205078 0.992188 0.169922 0.978516 0.169922 0.974609 0.166016 0.966797 0.166016 0.966797 0.169922 0.962891 0.173828 0.962891 0.175781 0.960938 0.177734 0.958984 0.177734 0.955078 0.181641 0.951172 0.177734 0.951172 0.175781 0.949219 0.173828 0.949219 0.169922 0.945312 0.166016 0.945312 0.164062 0.943359 0.162109 0.943359 0.160156 0.949219 0.154297 0.953125 0.154297 0.953125 0.146484 0.955078 0.144531 0.955078 0.142578 0.953125 0.140625 0.953125 0.136719 0.951172 0.134766 0.951172 0.132812 0.949219 0.130859 0.949219 0.128906 0.945312 0.125000 0.945312 0.121094 0.943359 0.121094 0.941406 0.119141
0 0.650391 0.095703 0.650391 0.097656 0.648438 0.099609 0.648438 0.107422 0.654297 0.113281 0.654297 0.115234 0.656250 0.117188 0.654297 0.119141 0.656250 0.121094 0.656250 0.123047 0.658203 0.123047 0.660156 0.121094 0.666016 0.121094 0.667969 0.119141 0.669922 0.119141 0.671875 0.117188 0.673828 0.117188 0.673828 0.113281 0.675781 0.111328 0.675781 0.109375 0.677734 0.107422 0.677734 0.101562 0.671875 0.101562 0.669922 0.099609 0.666016 0.099609 0.664062 0.097656 0.662109 0.097656 0.660156 0.095703
0 0.509766 0.082031 0.509766 0.083984 0.505859 0.087891 0.505859 0.091797 0.503906 0.093750 0.503906 0.113281 0.505859 0.115234 0.505859 0.119141 0.507812 0.121094 0.507812 0.123047 0.511719 0.126953 0.511719 0.134766 0.509766 0.136719 0.505859 0.136719 0.505859 0.158203 0.511719 0.164062 0.511719 0.166016 0.513672 0.167969 0.513672 0.169922 0.527344 0.169922 0.527344 0.167969 0.533203 0.162109 0.533203 0.160156 0.531250 0.158203 0.533203 0.156250 0.533203 0.154297 0.535156 0.152344 0.535156 0.150391 0.537109 0.148438 0.550781 0.148438 0.554688 0.152344 0.556641 0.150391 0.558594 0.152344 0.558594 0.148438 0.560547 0.146484 0.562500 0.146484 0.562500 0.142578 0.564453 0.140625 0.564453 0.138672 0.566406 0.136719 0.566406 0.121094 0.564453 0.119141 0.564453 0.117188 0.560547 0.113281 0.560547 0.107422 0.558594 0.105469 0.558594 0.103516 0.554688 0.099609 0.552734 0.099609 0.550781 0.097656 0.550781 0.095703 0.548828 0.093750 0.544922 0.093750 0.542969 0.091797 0.541016 0.091797 0.539062 0.089844 0.535156 0.089844 0.533203 0.087891 0.533203 0.085938 0.531250 0.085938 0.529297 0.083984 0.521484 0.083984 0.519531 0.082031
0 0.613281 0.048828 0.611328 0.050781 0.611328 0.054688 0.609375 0.056641 0.609375 0.062500 0.611328 0.064453 0.611328 0.068359 0.615234 0.072266 0.617188 0.072266 0.619141 0.074219 0.621094 0.074219 0.623047 0.076172 0.630859 0.076172 0.632812 0.074219 0.632812 0.064453 0.630859 0.062500 0.630859 0.060547 0.628906 0.060547 0.626953 0.058594 0.626953 0.054688 0.625000 0.052734 0.625000 0.050781 0.623047 0.048828
0 0.789062 0.046875 0.787109 0.048828 0.781250 0.048828 0.779297 0.050781 0.777344 0.050781 0.775391 0.052734 0.777344 0.054688 0.775391 0.056641 0.775391 0.058594 0.773438 0.060547 0.771484 0.060547 0.769531 0.062500 0.765625 0.062500 0.763672 0.064453 0.757812 0.058594 0.761719 0.054688 0.759766 0.052734 0.757812 0.054688 0.748047 0.054688 0.742188 0.060547 0.742188 0.062500 0.740234 0.064453 0.740234 0.082031 0.744141 0.085938 0.746094 0.083984 0.748047 0.085938 0.755859 0.085938 0.757812 0.083984 0.759766 0.083984 0.761719 0.082031 0.763672 0.082031 0.765625 0.080078 0.773438 0.080078 0.775391 0.082031 0.775391 0.089844 0.777344 0.091797 0.775391 0.093750 0.773438 0.093750 0.775391 0.095703 0.773438 0.097656 0.767578 0.097656 0.767578 0.099609 0.765625 0.101562 0.763672 0.101562 0.763672 0.105469 0.761719 0.107422 0.759766 0.107422 0.759766 0.109375 0.763672 0.113281 0.763672 0.115234 0.767578 0.115234 0.769531 0.117188 0.771484 0.117188 0.773438 0.119141 0.775391 0.119141 0.777344 0.121094 0.781250 0.121094 0.783203 0.123047 0.783203 0.126953 0.789062 0.126953 0.791016 0.125000 0.796875 0.125000 0.798828 0.123047 0.800781 0.123047 0.800781 0.117188 0.802734 0.115234 0.804688 0.117188 0.804688 0.115234 0.806641 0.113281 0.806641 0.111328 0.808594 0.109375 0.808594 0.101562 0.810547 0.099609 0.810547 0.097656 0.812500 0.095703 0.814453 0.097656 0.816406 0.095703 0.816406 0.093750 0.814453 0.093750 0.812500 0.091797 0.812500 0.089844 0.810547 0.087891 0.810547 0.080078 0.816406 0.074219 0.816406 0.070312 0.818359 0.068359 0.818359 0.064453 0.816406 0.062500 0.816406 0.060547 0.814453 0.058594 0.814453 0.054688 0.810547 0.054688 0.806641 0.050781 0.804688 0.050781 0.802734 0.048828 0.791016 0.048828
0 0.279297 0.041016 0.277344 0.042969 0.277344 0.046875 0.275391 0.048828 0.275391 0.050781 0.271484 0.054688 0.271484 0.056641 0.269531 0.058594 0.269531 0.060547 0.267578 0.062500 0.267578 0.064453 0.265625 0.066406 0.265625 0.068359 0.261719 0.072266 0.261719 0.074219 0.259766 0.076172 0.259766 0.082031 0.261719 0.083984 0.267578 0.083984 0.273438 0.078125 0.273438 0.076172 0.275391 0.074219 0.275391 0.072266 0.277344 0.070312 0.277344 0.068359 0.283203 0.062500 0.283203 0.060547 0.285156 0.058594 0.285156 0.054688 0.287109 0.052734 0.287109 0.050781 0.289062 0.048828 0.289062 0.041016
0 0.687500 0.015625 0.685547 0.017578 0.679688 0.017578 0.679688 0.019531 0.683594 0.023438 0.683594 0.029297 0.685547 0.031250 0.685547 0.033203 0.687500 0.035156 0.687500 0.037109 0.689453 0.039062 0.691406 0.039062 0.693359 0.041016 0.701172 0.041016 0.703125 0.039062 0.703125 0.025391 0.701172 0.023438 0.701172 0.019531 0.699219 0.017578 0.699219 0.015625
0 0.785156 0.000000 0.785156 0.001953 0.783203 0.003906 0.783203 0.017578 0.785156 0.019531 0.787109 0.019531 0.789062 0.021484 0.792969 0.021484 0.794922 0.023438 0.798828 0.023438 0.800781 0.025391 0.808594 0.025391 0.812500 0.029297 0.818359 0.029297 0.820312 0.031250 0.822266 0.031250 0.832031 0.041016 0.832031 0.046875 0.833984 0.046875 0.835938 0.048828 0.837891 0.048828 0.839844 0.050781 0.845703 0.050781 0.847656 0.052734 0.851562 0.052734 0.853516 0.054688 0.857422 0.054688 0.859375 0.056641 0.859375 0.058594 0.865234 0.058594 0.867188 0.060547 0.867188 0.062500 0.871094 0.062500 0.873047 0.064453 0.875000 0.064453 0.876953 0.066406 0.876953 0.068359 0.878906 0.068359 0.880859 0.070312 0.880859 0.083984 0.882812 0.085938 0.882812 0.087891 0.884766 0.089844 0.884766 0.095703 0.886719 0.097656 0.886719 0.099609 0.888672 0.101562 0.888672 0.103516 0.890625 0.105469 0.890625 0.107422 0.892578 0.107422 0.896484 0.111328 0.898438 0.111328 0.900391 0.113281 0.906250 0.113281 0.908203 0.111328 0.910156 0.111328 0.914062 0.107422 0.916016 0.107422 0.917969 0.105469 0.919922 0.105469 0.921875 0.103516 0.921875 0.101562 0.923828 0.099609 0.925781 0.099609 0.927734 0.097656 0.927734 0.089844 0.929688 0.087891 0.931641 0.087891 0.931641 0.085938 0.933594 0.083984 0.935547 0.083984 0.935547 0.082031 0.937500 0.080078 0.949219 0.080078 0.951172 0.078125 0.953125 0.078125 0.955078 0.076172 0.958984 0.076172 0.960938 0.078125 0.960938 0.093750 0.962891 0.093750 0.964844 0.095703 0.964844 0.097656 0.966797 0.099609 0.966797 0.101562 0.968750 0.103516 0.970703 0.103516 0.972656 0.105469 0.970703 0.107422 0.968750 0.107422 0.970703 0.107422 0.974609 0.111328 0.976562 0.111328 0.978516 0.113281 0.980469 0.113281 0.982422 0.115234 0.984375 0.115234 0.986328 0.117188 0.992188 0.117188 0.992188 0.023438 0.986328 0.023438 0.978516 0.015625 0.978516 0.013672 0.976562 0.013672 0.972656 0.009766 0.972656 0.007812 0.968750 0.003906 0.968750 0.001953 0.966797 0.000000 0.824219 0.000000 0.824219 0.001953 0.826172 0.003906 0.826172 0.005859 0.830078 0.009766 0.830078 0.011719 0.828125 0.013672 0.824219 0.013672 0.822266 0.011719 0.822266 0.009766 0.814453 0.009766 0.812500 0.007812 0.806641 0.007812 0.798828 0.000000
0 0.373047 0.000000 0.373047 0.001953 0.375000 0.003906 0.375000 0.005859 0.376953 0.007812 0.378906 0.007812 0.382812 0.011719 0.382812 0.015625 0.384766 0.017578 0.384766 0.019531 0.388672 0.023438 0.388672 0.029297 0.390625 0.031250 0.390625 0.033203 0.392578 0.035156 0.392578 0.037109 0.398438 0.042969 0.398438 0.044922 0.396484 0.046875 0.396484 0.048828 0.394531 0.050781 0.394531 0.052734 0.392578 0.054688 0.386719 0.048828 0.386719 0.046875 0.384766 0.046875 0.382812 0.044922 0.382812 0.041016 0.380859 0.039062 0.380859 0.035156 0.378906 0.033203 0.378906 0.031250 0.376953 0.029297 0.376953 0.027344 0.375000 0.027344 0.373047 0.025391 0.373047 0.023438 0.349609 0.023438 0.347656 0.025391 0.345703 0.023438 0.343750 0.025391 0.341797 0.025391 0.341797 0.027344 0.335938 0.033203 0.333984 0.033203 0.333984 0.035156 0.332031 0.037109 0.332031 0.039062 0.328125 0.042969 0.326172 0.042969 0.322266 0.046875 0.320312 0.046875 0.318359 0.048828 0.316406 0.048828 0.314453 0.050781 0.310547 0.050781 0.308594 0.052734 0.302734 0.052734 0.300781 0.054688 0.296875 0.054688 0.294922 0.056641 0.294922 0.062500 0.292969 0.064453 0.292969 0.074219 0.296875 0.074219 0.298828 0.076172 0.300781 0.076172 0.306641 0.082031 0.308594 0.082031 0.312500 0.085938 0.312500 0.087891 0.314453 0.089844 0.316406 0.089844 0.318359 0.091797 0.324219 0.091797 0.326172 0.093750 0.326172 0.097656 0.330078 0.101562 0.330078 0.111328 0.328125 0.113281 0.326172 0.111328 0.328125 0.113281 0.328125 0.115234 0.330078 0.117188 0.330078 0.123047 0.333984 0.126953 0.333984 0.130859 0.339844 0.136719 0.339844 0.140625 0.337891 0.142578 0.337891 0.154297 0.341797 0.158203 0.349609 0.158203 0.351562 0.160156 0.351562 0.166016 0.353516 0.166016 0.355469 0.167969 0.359375 0.167969 0.363281 0.171875 0.363281 0.173828 0.365234 0.175781 0.365234 0.177734 0.367188 0.177734 0.369141 0.179688 0.371094 0.179688 0.373047 0.177734 0.375000 0.179688 0.375000 0.183594 0.376953 0.183594 0.378906 0.181641 0.382812 0.185547 0.384766 0.185547 0.388672 0.189453 0.388672 0.191406 0.390625 0.191406 0.392578 0.193359 0.396484 0.193359 0.398438 0.195312 0.396484 0.197266 0.398438 0.197266 0.398438 0.193359 0.400391 0.191406 0.402344 0.193359 0.402344 0.197266 0.404297 0.197266 0.406250 0.199219 0.419922 0.199219 0.421875 0.201172 0.423828 0.201172 0.423828 0.199219 0.427734 0.195312 0.429688 0.195312 0.429688 0.193359 0.431641 0.191406 0.443359 0.191406 0.445312 0.193359 0.458984 0.193359 0.458984 0.191406 0.460938 0.189453 0.462891 0.189453 0.464844 0.187500 0.464844 0.185547 0.468750 0.181641 0.470703 0.181641 0.472656 0.179688 0.484375 0.179688 0.486328 0.177734 0.488281 0.177734 0.488281 0.169922 0.490234 0.167969 0.490234 0.164062 0.492188 0.162109 0.492188 0.160156 0.490234 0.158203 0.490234 0.123047 0.488281 0.123047 0.486328 0.121094 0.482422 0.121094 0.476562 0.115234 0.474609 0.115234 0.472656 0.113281 0.472656 0.109375 0.474609 0.107422 0.480469 0.107422 0.480469 0.105469 0.478516 0.103516 0.482422 0.099609 0.492188 0.099609 0.492188 0.078125 0.490234 0.076172 0.490234 0.072266 0.488281 0.070312 0.488281 0.066406 0.486328 0.064453 0.486328 0.046875 0.484375 0.044922 0.482422 0.044922 0.478516 0.041016 0.476562 0.041016 0.474609 0.039062 0.460938 0.039062 0.460938 0.041016 0.457031 0.044922 0.455078 0.044922 0.455078 0.058594 0.453125 0.060547 0.453125 0.062500 0.451172 0.064453 0.451172 0.066406 0.449219 0.068359 0.445312 0.064453 0.445312 0.054688 0.443359 0.054688 0.441406 0.052734 0.445312 0.048828 0.445312 0.046875 0.447266 0.044922 0.447266 0.029297 0.445312 0.027344 0.445312 0.023438 0.439453 0.017578 0.427734 0.017578 0.423828 0.021484 0.423828 0.025391 0.421875 0.027344 0.417969 0.023438 0.417969 0.021484 0.416016 0.019531 0.416016 0.017578 0.412109 0.013672 0.412109 0.011719 0.414062 0.009766 0.412109 0.009766 0.408203 0.005859 0.408203 0.001953 0.406250 0.000000
0 0.000000 0.000000 0.000000 0.992188 0.416016 0.992188 0.417969 0.990234 0.419922 0.990234 0.421875 0.992188 0.453125 0.992188 0.455078 0.990234 0.458984 0.990234 0.460938 0.992188 0.462891 0.992188 0.464844 0.990234 0.468750 0.990234 0.470703 0.992188 0.472656 0.990234 0.480469 0.990234 0.480469 0.988281 0.484375 0.984375 0.484375 0.982422 0.486328 0.980469 0.492188 0.980469 0.494141 0.978516 0.498047 0.978516 0.498047 0.974609 0.500000 0.972656 0.500000 0.968750 0.501953 0.966797 0.501953 0.960938 0.503906 0.958984 0.503906 0.957031 0.501953 0.955078 0.501953 0.953125 0.503906 0.951172 0.503906 0.937500 0.505859 0.935547 0.505859 0.927734 0.507812 0.925781 0.505859 0.923828 0.505859 0.919922 0.507812 0.917969 0.505859 0.916016 0.505859 0.912109 0.503906 0.910156 0.501953 0.910156 0.500000 0.908203 0.500000 0.906250 0.501953 0.904297 0.500000 0.902344 0.496094 0.902344 0.494141 0.900391 0.494141 0.898438 0.492188 0.896484 0.492188 0.894531 0.484375 0.886719 0.484375 0.878906 0.486328 0.876953 0.486328 0.873047 0.488281 0.871094 0.488281 0.869141 0.490234 0.867188 0.490234 0.863281 0.494141 0.859375 0.494141 0.853516 0.498047 0.849609 0.498047 0.847656 0.503906 0.841797 0.503906 0.839844 0.505859 0.837891 0.507812 0.837891 0.507812 0.835938 0.509766 0.833984 0.509766 0.832031 0.511719 0.830078 0.515625 0.830078 0.515625 0.828125 0.517578 0.826172 0.517578 0.816406 0.521484 0.812500 0.523438 0.812500 0.531250 0.820312 0.531250 0.824219 0.533203 0.826172 0.531250 0.828125 0.529297 0.828125 0.533203 0.832031 0.533203 0.833984 0.529297 0.837891 0.527344 0.837891 0.525391 0.839844 0.521484 0.839844 0.519531 0.841797 0.519531 0.843750 0.517578 0.845703 0.515625 0.845703 0.515625 0.849609 0.513672 0.851562 0.511719 0.851562 0.511719 0.861328 0.509766 0.863281 0.509766 0.869141 0.507812 0.871094 0.507812 0.873047 0.505859 0.875000 0.505859 0.902344 0.511719 0.908203 0.511719 0.910156 0.513672 0.912109 0.513672 0.914062 0.515625 0.916016 0.517578 0.916016 0.519531 0.917969 0.519531 0.919922 0.523438 0.923828 0.525391 0.923828 0.527344 0.921875 0.527344 0.917969 0.529297 0.916016 0.529297 0.914062 0.531250 0.912109 0.531250 0.910156 0.533203 0.908203 0.539062 0.908203 0.539062 0.904297 0.541016 0.902344 0.541016 0.900391 0.539062 0.898438 0.539062 0.894531 0.544922 0.888672 0.544922 0.886719 0.546875 0.884766 0.550781 0.884766 0.552734 0.886719 0.550781 0.888672 0.550781 0.892578 0.548828 0.894531 0.548828 0.896484 0.552734 0.900391 0.552734 0.908203 0.556641 0.912109 0.556641 0.919922 0.558594 0.919922 0.560547 0.921875 0.560547 0.923828 0.556641 0.927734 0.556641 0.929688 0.552734 0.933594 0.550781 0.933594 0.548828 0.935547 0.546875 0.935547 0.542969 0.939453 0.542969 0.941406 0.541016 0.943359 0.541016 0.960938 0.546875 0.966797 0.546875 0.970703 0.542969 0.974609 0.544922 0.976562 0.544922 0.978516 0.546875 0.980469 0.546875 0.982422 0.552734 0.988281 0.554688 0.988281 0.556641 0.990234 0.558594 0.988281 0.560547 0.988281 0.562500 0.986328 0.562500 0.984375 0.564453 0.982422 0.566406 0.982422 0.566406 0.980469 0.570312 0.976562 0.574219 0.976562 0.572266 0.974609 0.576172 0.970703 0.576172 0.968750 0.578125 0.966797 0.578125 0.949219 0.576172 0.947266 0.576172 0.945312 0.574219 0.943359 0.576172 0.941406 0.576172 0.939453 0.574219 0.937500 0.574219 0.933594 0.572266 0.933594 0.570312 0.931641 0.570312 0.929688 0.572266 0.927734 0.574219 0.927734 0.574219 0.925781 0.572266 0.923828 0.576172 0.919922 0.576172 0.916016 0.578125 0.914062 0.585938 0.914062 0.585938 0.912109 0.587891 0.910156 0.589844 0.910156 0.591797 0.908203 0.593750 0.908203 0.599609 0.914062 0.599609 0.919922 0.601562 0.921875 0.603516 0.921875 0.605469 0.923828 0.605469 0.925781 0.603516 0.927734 0.603516 0.943359 0.599609 0.947266 0.599609 0.949219 0.597656 0.951172 0.597656 0.966797 0.599609 0.968750 0.599609 0.974609 0.601562 0.974609 0.603516 0.976562 0.607422 0.976562 0.609375 0.978516 0.613281 0.978516 0.615234 0.980469 0.615234 0.992188 0.636719 0.992188 0.638672 0.990234 0.640625 0.992188 0.648438 0.992188 0.648438 0.988281 0.650391 0.986328 0.650391 0.982422 0.648438 0.980469 0.648438 0.978516 0.650391 0.976562 0.652344 0.976562 0.652344 0.972656 0.658203 0.966797 0.660156 0.966797 0.660156 0.964844 0.662109 0.962891 0.664062 0.962891 0.666016 0.960938 0.667969 0.960938 0.669922 0.958984 0.673828 0.958984 0.675781 0.960938 0.675781 0.962891 0.677734 0.964844 0.677734 0.966797 0.679688 0.966797 0.681641 0.968750 0.681641 0.978516 0.677734 0.982422 0.677734 0.984375 0.679688 0.986328 0.679688 0.992188 0.716797 0.992188 0.716797 0.988281 0.718750 0.986328 0.718750 0.984375 0.720703 0.982422 0.722656 0.982422 0.722656 0.980469 0.724609 0.978516 0.732422 0.978516 0.736328 0.982422 0.738281 0.982422 0.744141 0.988281 0.744141 0.990234 0.746094 0.992188 0.820312 0.992188 0.820312 0.990234 0.818359 0.990234 0.816406 0.988281 0.816406 0.986328 0.818359 0.984375 0.818359 0.980469 0.820312 0.978516 0.824219 0.978516 0.824219 0.976562 0.826172 0.974609 0.832031 0.974609 0.833984 0.976562 0.833984 0.980469 0.835938 0.982422 0.833984 0.984375 0.835938 0.986328 0.833984 0.988281 0.833984 0.992188 0.912109 0.992188 0.912109 0.988281 0.914062 0.986328 0.914062 0.982422 0.912109 0.980469 0.914062 0.978516 0.914062 0.972656 0.917969 0.968750 0.917969 0.964844 0.919922 0.962891 0.933594 0.962891 0.935547 0.964844 0.935547 0.966797 0.939453 0.970703 0.939453 0.974609 0.941406 0.974609 0.943359 0.972656 0.945312 0.972656 0.947266 0.970703 0.953125 0.970703 0.955078 0.972656 0.955078 0.974609 0.957031 0.974609 0.957031 0.972656 0.958984 0.970703 0.960938 0.970703 0.960938 0.968750 0.962891 0.966797 0.962891 0.951172 0.960938 0.949219 0.960938 0.943359 0.962891 0.941406 0.962891 0.939453 0.958984 0.939453 0.957031 0.937500 0.957031 0.935547 0.955078 0.935547 0.953125 0.933594 0.960938 0.925781 0.960938 0.919922 0.964844 0.916016 0.968750 0.916016 0.966797 0.914062 0.968750 0.912109 0.970703 0.912109 0.974609 0.908203 0.976562 0.908203 0.976562 0.906250 0.980469 0.902344 0.980469 0.884766 0.982422 0.882812 0.982422 0.880859 0.988281 0.875000 0.988281 0.873047 0.990234 0.871094 0.992188 0.871094 0.992188 0.783203 0.990234 0.781250 0.982422 0.781250 0.980469 0.779297 0.978516 0.781250 0.974609 0.781250 0.974609 0.783203 0.972656 0.785156 0.968750 0.785156 0.964844 0.789062 0.960938 0.785156 0.960938 0.771484 0.962891 0.769531 0.964844 0.771484 0.966797 0.771484 0.968750 0.769531 0.970703 0.771484 0.978516 0.771484 0.978516 0.769531 0.984375 0.763672 0.984375 0.759766 0.988281 0.755859 0.992188 0.755859 0.992188 0.447266 0.990234 0.445312 0.986328 0.445312 0.984375 0.443359 0.980469 0.443359 0.978516 0.441406 0.978516 0.437500 0.974609 0.433594 0.974609 0.431641 0.972656 0.429688 0.974609 0.427734 0.976562 0.427734 0.980469 0.423828 0.980469 0.421875 0.984375 0.417969 0.986328 0.417969 0.986328 0.404297 0.978516 0.396484 0.951172 0.396484 0.949219 0.398438 0.949219 0.400391 0.947266 0.402344 0.939453 0.402344 0.939453 0.404297 0.933594 0.410156 0.931641 0.410156 0.929688 0.412109 0.925781 0.412109 0.923828 0.410156 0.923828 0.402344 0.927734 0.398438 0.927734 0.388672 0.929688 0.386719 0.929688 0.367188 0.927734 0.365234 0.927734 0.363281 0.925781 0.361328 0.925781 0.359375 0.916016 0.359375 0.914062 0.361328 0.902344 0.361328 0.902344 0.365234 0.890625 0.376953 0.886719 0.376953 0.878906 0.384766 0.875000 0.384766 0.873047 0.382812 0.873047 0.380859 0.875000 0.378906 0.875000 0.376953 0.876953 0.375000 0.878906 0.375000 0.880859 0.373047 0.880859 0.357422 0.878906 0.355469 0.878906 0.353516 0.876953 0.351562 0.876953 0.349609 0.875000 0.347656 0.875000 0.345703 0.871094 0.341797 0.869141 0.341797 0.867188 0.339844 0.843750 0.339844 0.841797 0.341797 0.839844 0.341797 0.835938 0.345703 0.835938 0.347656 0.832031 0.351562 0.830078 0.351562 0.826172 0.355469 0.824219 0.355469 0.822266 0.357422 0.818359 0.353516 0.818359 0.351562 0.816406 0.351562 0.814453 0.349609 0.814453 0.341797 0.818359 0.337891 0.818359 0.335938 0.824219 0.330078 0.824219 0.324219 0.826172 0.322266 0.826172 0.314453 0.824219 0.312500 0.824219 0.302734 0.822266 0.300781 0.818359 0.300781 0.814453 0.296875 0.810547 0.296875 0.810547 0.300781 0.812500 0.302734 0.810547 0.304688 0.806641 0.304688 0.804688 0.302734 0.804688 0.308594 0.802734 0.310547 0.800781 0.310547 0.798828 0.312500 0.794922 0.312500 0.792969 0.310547 0.792969 0.308594 0.789062 0.304688 0.789062 0.302734 0.787109 0.302734 0.785156 0.300781 0.785156 0.292969 0.787109 0.291016 0.787109 0.275391 0.789062 0.273438 0.789062 0.271484 0.791016 0.269531 0.794922 0.269531 0.794922 0.267578 0.792969 0.267578 0.791016 0.265625 0.785156 0.265625 0.783203 0.263672 0.783203 0.261719 0.781250 0.259766 0.777344 0.259766 0.775391 0.257812 0.773438 0.257812 0.769531 0.253906 0.769531 0.251953 0.767578 0.251953 0.765625 0.250000 0.765625 0.248047 0.763672 0.246094 0.763672 0.244141 0.761719 0.242188 0.761719 0.232422 0.763672 0.230469 0.761719 0.228516 0.761719 0.226562 0.761719 0.228516 0.759766 0.230469 0.757812 0.228516 0.757812 0.224609 0.755859 0.226562 0.753906 0.226562 0.753906 0.228516 0.751953 0.230469 0.751953 0.234375 0.750000 0.236328 0.748047 0.234375 0.742188 0.234375 0.740234 0.232422 0.740234 0.228516 0.738281 0.228516 0.736328 0.226562 0.736328 0.224609 0.734375 0.222656 0.736328 0.220703 0.736328 0.218750 0.738281 0.216797 0.738281 0.208984 0.736328 0.208984 0.734375 0.207031 0.734375 0.205078 0.732422 0.205078 0.730469 0.203125 0.730469 0.201172 0.728516 0.199219 0.726562 0.201172 0.724609 0.199219 0.724609 0.197266 0.722656 0.197266 0.718750 0.193359 0.718750 0.191406 0.716797 0.189453 0.720703 0.185547 0.720703 0.183594 0.724609 0.179688 0.722656 0.177734 0.722656 0.175781 0.720703 0.173828 0.720703 0.171875 0.718750 0.169922 0.718750 0.166016 0.716797 0.164062 0.716797 0.162109 0.712891 0.158203 0.712891 0.150391 0.707031 0.150391 0.703125 0.154297 0.703125 0.160156 0.701172 0.162109 0.701172 0.169922 0.703125 0.171875 0.705078 0.171875 0.707031 0.173828 0.710938 0.173828 0.712891 0.175781 0.710938 0.177734 0.710938 0.179688 0.708984 0.181641 0.708984 0.187500 0.707031 0.189453 0.705078 0.189453 0.705078 0.191406 0.707031 0.193359 0.705078 0.195312 0.705078 0.205078 0.708984 0.208984 0.708984 0.210938 0.712891 0.214844 0.712891 0.218750 0.714844 0.216797 0.716797 0.218750 0.718750 0.216797 0.722656 0.220703 0.722656 0.222656 0.720703 0.224609 0.720703 0.226562 0.718750 0.228516 0.718750 0.230469 0.714844 0.234375 0.714844 0.238281 0.720703 0.244141 0.728516 0.244141 0.730469 0.246094 0.732422 0.246094 0.736328 0.250000 0.736328 0.251953 0.738281 0.251953 0.740234 0.253906 0.740234 0.255859 0.738281 0.257812 0.736328 0.257812 0.736328 0.261719 0.734375 0.263672 0.734375 0.269531 0.732422 0.271484 0.728516 0.271484 0.726562 0.273438 0.722656 0.273438 0.720703 0.271484 0.720703 0.269531 0.714844 0.263672 0.712891 0.263672 0.710938 0.261719 0.708984 0.261719 0.707031 0.259766 0.707031 0.257812 0.705078 0.257812 0.701172 0.261719 0.695312 0.261719 0.691406 0.265625 0.689453 0.265625 0.685547 0.269531 0.673828 0.269531 0.671875 0.271484 0.669922 0.271484 0.667969 0.269531 0.667969 0.267578 0.666016 0.265625 0.666016 0.263672 0.664062 0.261719 0.664062 0.255859 0.662109 0.253906 0.662109 0.250000 0.658203 0.246094 0.658203 0.244141 0.656250 0.242188 0.656250 0.234375 0.658203 0.232422 0.658203 0.230469 0.662109 0.226562 0.662109 0.212891 0.660156 0.210938 0.658203 0.210938 0.654297 0.207031 0.652344 0.207031 0.650391 0.205078 0.650391 0.203125 0.648438 0.201172 0.644531 0.201172 0.642578 0.199219 0.640625 0.199219 0.638672 0.197266 0.625000 0.197266 0.623047 0.195312 0.625000 0.193359 0.625000 0.191406 0.626953 0.189453 0.632812 0.189453 0.632812 0.175781 0.630859 0.173828 0.630859 0.169922 0.628906 0.169922 0.625000 0.166016 0.621094 0.166016 0.617188 0.169922 0.615234 0.167969 0.615234 0.164062 0.619141 0.160156 0.625000 0.160156 0.625000 0.158203 0.626953 0.156250 0.626953 0.154297 0.628906 0.152344 0.628906 0.146484 0.630859 0.144531 0.630859 0.142578 0.632812 0.140625 0.632812 0.136719 0.634766 0.134766 0.634766 0.132812 0.630859 0.128906 0.630859 0.111328 0.625000 0.105469 0.625000 0.103516 0.621094 0.099609 0.621094 0.097656 0.619141 0.095703 0.613281 0.095703 0.611328 0.093750 0.601562 0.093750 0.599609 0.095703 0.591797 0.095703 0.591797 0.097656 0.585938 0.103516 0.585938 0.121094 0.582031 0.125000 0.582031 0.128906 0.580078 0.130859 0.580078 0.140625 0.582031 0.142578 0.582031 0.144531 0.583984 0.146484 0.583984 0.148438 0.587891 0.152344 0.587891 0.156250 0.591797 0.160156 0.591797 0.162109 0.593750 0.164062 0.593750 0.166016 0.595703 0.167969 0.597656 0.167969 0.599609 0.169922 0.605469 0.169922 0.607422 0.167969 0.615234 0.167969 0.617188 0.169922 0.613281 0.173828 0.613281 0.177734 0.609375 0.181641 0.613281 0.185547 0.613281 0.189453 0.617188 0.193359 0.617188 0.195312 0.619141 0.197266 0.615234 0.201172 0.613281 0.201172 0.611328 0.199219 0.615234 0.203125 0.615234 0.214844 0.611328 0.218750 0.609375 0.216797 0.607422 0.216797 0.599609 0.208984 0.599609 0.183594 0.595703 0.183594 0.593750 0.181641 0.593750 0.179688 0.589844 0.179688 0.583984 0.173828 0.582031 0.173828 0.580078 0.171875 0.578125 0.171875 0.578125 0.179688 0.576172 0.181641 0.572266 0.181641 0.570312 0.183594 0.568359 0.181641 0.566406 0.181641 0.562500 0.177734 0.562500 0.173828 0.560547 0.173828 0.558594 0.175781 0.556641 0.175781 0.552734 0.171875 0.546875 0.171875 0.544922 0.169922 0.542969 0.171875 0.541016 0.171875 0.541016 0.189453 0.537109 0.193359 0.535156 0.193359 0.535156 0.197266 0.533203 0.199219 0.533203 0.210938 0.535156 0.212891 0.537109 0.212891 0.541016 0.216797 0.541016 0.214844 0.542969 0.212891 0.542969 0.208984 0.544922 0.207031 0.544922 0.205078 0.548828 0.201172 0.550781 0.201172 0.552734 0.203125 0.552734 0.208984 0.550781 0.210938 0.550781 0.216797 0.552734 0.218750 0.552734 0.220703 0.554688 0.220703 0.564453 0.230469 0.566406 0.230469 0.568359 0.228516 0.570312 0.228516 0.572266 0.230469 0.572266 0.232422 0.576172 0.236328 0.576172 0.238281 0.574219 0.240234 0.572266 0.240234 0.570312 0.242188 0.564453 0.242188 0.564453 0.248047 0.562500 0.250000 0.562500 0.251953 0.558594 0.255859 0.558594 0.267578 0.560547 0.269531 0.560547 0.279297 0.562500 0.277344 0.564453 0.279297 0.566406 0.279297 0.572266 0.285156 0.572266 0.287109 0.574219 0.289062 0.574219 0.291016 0.576172 0.292969 0.576172 0.294922 0.578125 0.294922 0.580078 0.296875 0.580078 0.302734 0.583984 0.306641 0.585938 0.306641 0.587891 0.308594 0.593750 0.308594 0.597656 0.312500 0.599609 0.312500 0.601562 0.314453 0.609375 0.314453 0.611328 0.316406 0.611328 0.318359 0.615234 0.318359 0.617188 0.320312 0.619141 0.320312 0.625000 0.314453 0.628906 0.314453 0.630859 0.316406 0.630859 0.318359 0.632812 0.318359 0.634766 0.320312 0.634766 0.322266 0.638672 0.322266 0.640625 0.324219 0.640625 0.328125 0.638672 0.330078 0.638672 0.332031 0.636719 0.333984 0.636719 0.335938 0.632812 0.339844 0.634766 0.341797 0.634766 0.343750 0.642578 0.343750 0.644531 0.341797 0.646484 0.343750 0.648438 0.343750 0.652344 0.347656 0.652344 0.355469 0.648438 0.359375 0.646484 0.359375 0.646484 0.361328 0.644531 0.363281 0.644531 0.365234 0.646484 0.367188 0.644531 0.369141 0.638672 0.369141 0.636719 0.371094 0.634766 0.371094 0.632812 0.369141 0.632812 0.367188 0.626953 0.361328 0.626953 0.357422 0.625000 0.355469 0.625000 0.353516 0.623047 0.353516 0.625000 0.355469 0.623047 0.357422 0.619141 0.357422 0.619141 0.359375 0.621094 0.361328 0.615234 0.367188 0.615234 0.373047 0.613281 0.375000 0.613281 0.376953 0.611328 0.378906 0.607422 0.378906 0.605469 0.380859 0.603516 0.378906 0.601562 0.378906 0.597656 0.382812 0.595703 0.382812 0.595703 0.384766 0.593750 0.386719 0.593750 0.388672 0.591797 0.390625 0.591797 0.392578 0.589844 0.394531 0.587891 0.394531 0.587891 0.396484 0.585938 0.398438 0.583984 0.398438 0.583984 0.404297 0.582031 0.406250 0.580078 0.406250 0.580078 0.408203 0.578125 0.410156 0.576172 0.410156 0.574219 0.412109 0.572266 0.412109 0.572266 0.414062 0.568359 0.417969 0.564453 0.417969 0.566406 0.419922 0.566406 0.421875 0.552734 0.435547 0.552734 0.437500 0.548828 0.441406 0.548828 0.447266 0.554688 0.453125 0.554688 0.455078 0.556641 0.457031 0.556641 0.458984 0.558594 0.457031 0.568359 0.457031 0.570312 0.455078 0.576172 0.455078 0.578125 0.453125 0.582031 0.453125 0.583984 0.451172 0.587891 0.451172 0.589844 0.449219 0.591797 0.449219 0.593750 0.447266 0.597656 0.447266 0.603516 0.453125 0.601562 0.455078 0.599609 0.455078 0.597656 0.457031 0.597656 0.458984 0.595703 0.460938 0.582031 0.460938 0.578125 0.464844 0.574219 0.464844 0.570312 0.468750 0.570312 0.470703 0.568359 0.472656 0.568359 0.474609 0.566406 0.476562 0.564453 0.476562 0.558594 0.482422 0.556641 0.482422 0.554688 0.484375 0.554688 0.486328 0.552734 0.488281 0.552734 0.490234 0.550781 0.492188 0.550781 0.494141 0.546875 0.498047 0.546875 0.501953 0.542969 0.505859 0.541016 0.505859 0.539062 0.507812 0.539062 0.511719 0.537109 0.513672 0.537109 0.519531 0.533203 0.523438 0.533203 0.525391 0.531250 0.527344 0.531250 0.533203 0.529297 0.535156 0.529297 0.546875 0.527344 0.548828 0.525391 0.546875 0.523438 0.546875 0.523438 0.548828 0.527344 0.552734 0.527344 0.554688 0.529297 0.556641 0.529297 0.560547 0.527344 0.562500 0.527344 0.564453 0.529297 0.566406 0.529297 0.570312 0.531250 0.572266 0.531250 0.574219 0.533203 0.576172 0.533203 0.578125 0.539062 0.583984 0.539062 0.587891 0.541016 0.589844 0.541016 0.591797 0.542969 0.593750 0.542969 0.595703 0.544922 0.597656 0.542969 0.599609 0.541016 0.599609 0.535156 0.605469 0.533203 0.605469 0.533203 0.607422 0.525391 0.615234 0.525391 0.617188 0.523438 0.619141 0.521484 0.619141 0.517578 0.623047 0.515625 0.621094 0.515625 0.605469 0.517578 0.603516 0.517578 0.601562 0.519531 0.599609 0.519531 0.591797 0.521484 0.589844 0.521484 0.585938 0.519531 0.583984 0.519531 0.566406 0.517578 0.566406 0.515625 0.564453 0.515625 0.558594 0.513672 0.556641 0.513672 0.554688 0.511719 0.552734 0.496094 0.552734 0.494141 0.554688 0.492188 0.554688 0.492188 0.556641 0.484375 0.564453 0.480469 0.564453 0.478516 0.566406 0.476562 0.566406 0.474609 0.564453 0.474609 0.562500 0.472656 0.560547 0.472656 0.558594 0.470703 0.556641 0.458984 0.556641 0.455078 0.560547 0.449219 0.560547 0.447266 0.562500 0.445312 0.562500 0.443359 0.564453 0.441406 0.564453 0.437500 0.560547 0.437500 0.558594 0.435547 0.558594 0.433594 0.556641 0.431641 0.556641 0.427734 0.552734 0.427734 0.550781 0.421875 0.544922 0.421875 0.541016 0.419922 0.539062 0.419922 0.533203 0.416016 0.529297 0.416016 0.527344 0.412109 0.523438 0.396484 0.523438 0.394531 0.525391 0.388672 0.525391 0.386719 0.527344 0.384766 0.527344 0.382812 0.529297 0.375000 0.529297 0.373047 0.531250 0.371094 0.531250 0.371094 0.533203 0.369141 0.535156 0.367188 0.535156 0.363281 0.539062 0.359375 0.539062 0.357422 0.537109 0.355469 0.537109 0.353516 0.535156 0.351562 0.535156 0.347656 0.531250 0.345703 0.531250 0.343750 0.529297 0.308594 0.529297 0.306641 0.531250 0.306641 0.533203 0.304688 0.535156 0.302734 0.535156 0.300781 0.537109 0.294922 0.537109 0.292969 0.535156 0.292969 0.531250 0.294922 0.529297 0.294922 0.527344 0.296875 0.525391 0.296875 0.523438 0.300781 0.519531 0.300781 0.517578 0.304688 0.513672 0.306641 0.513672 0.308594 0.511719 0.308594 0.509766 0.310547 0.507812 0.310547 0.494141 0.308594 0.492188 0.308594 0.488281 0.302734 0.482422 0.302734 0.460938 0.300781 0.458984 0.300781 0.451172 0.298828 0.449219 0.298828 0.441406 0.296875 0.439453 0.296875 0.427734 0.294922 0.425781 0.294922 0.423828 0.296875 0.421875 0.296875 0.414062 0.298828 0.412109 0.298828 0.402344 0.296875 0.400391 0.296875 0.376953 0.298828 0.375000 0.298828 0.367188 0.302734 0.363281 0.302734 0.359375 0.304688 0.357422 0.304688 0.355469 0.306641 0.353516 0.306641 0.351562 0.308594 0.349609 0.310547 0.349609 0.310547 0.341797 0.312500 0.339844 0.312500 0.337891 0.314453 0.335938 0.314453 0.316406 0.318359 0.312500 0.318359 0.304688 0.320312 0.302734 0.320312 0.294922 0.322266 0.292969 0.322266 0.287109 0.324219 0.285156 0.324219 0.283203 0.322266 0.283203 0.320312 0.281250 0.320312 0.250000 0.322266 0.248047 0.322266 0.238281 0.324219 0.236328 0.324219 0.234375 0.326172 0.232422 0.328125 0.232422 0.328125 0.230469 0.330078 0.228516 0.330078 0.226562 0.333984 0.222656 0.333984 0.220703 0.337891 0.216797 0.337891 0.214844 0.341797 0.210938 0.347656 0.210938 0.349609 0.212891 0.351562 0.212891 0.353516 0.214844 0.355469 0.214844 0.357422 0.216797 0.359375 0.216797 0.361328 0.214844 0.365234 0.214844 0.367188 0.212891 0.369141 0.212891 0.373047 0.208984 0.373047 0.201172 0.371094 0.201172 0.369141 0.199219 0.365234 0.199219 0.361328 0.195312 0.355469 0.195312 0.353516 0.193359 0.347656 0.193359 0.345703 0.191406 0.341797 0.191406 0.339844 0.189453 0.337891 0.189453 0.335938 0.187500 0.333984 0.187500 0.332031 0.185547 0.312500 0.185547 0.310547 0.187500 0.308594 0.187500 0.306641 0.189453 0.300781 0.189453 0.296875 0.193359 0.294922 0.193359 0.294922 0.195312 0.292969 0.197266 0.292969 0.201172 0.291016 0.203125 0.291016 0.205078 0.289062 0.207031 0.287109 0.207031 0.279297 0.214844 0.271484 0.214844 0.269531 0.212891 0.265625 0.212891 0.259766 0.207031 0.259766 0.205078 0.257812 0.203125 0.251953 0.203125 0.248047 0.199219 0.248047 0.197266 0.244141 0.193359 0.244141 0.191406 0.242188 0.191406 0.232422 0.181641 0.222656 0.181641 0.218750 0.177734 0.210938 0.177734 0.208984 0.175781 0.181641 0.175781 0.177734 0.171875 0.173828 0.171875 0.166016 0.164062 0.166016 0.162109 0.156250 0.152344 0.152344 0.152344 0.148438 0.148438 0.148438 0.146484 0.144531 0.142578 0.144531 0.140625 0.140625 0.140625 0.138672 0.138672 0.136719 0.138672 0.134766 0.136719 0.134766 0.134766 0.132812 0.134766 0.130859 0.132812 0.117188 0.132812 0.115234 0.134766 0.115234 0.142578 0.119141 0.146484 0.123047 0.146484 0.126953 0.150391 0.126953 0.152344 0.130859 0.156250 0.128906 0.158203 0.126953 0.158203 0.125000 0.160156 0.125000 0.164062 0.123047 0.166016 0.121094 0.166016 0.119141 0.167969 0.115234 0.167969 0.113281 0.169922 0.113281 0.171875 0.111328 0.173828 0.105469 0.173828 0.103516 0.171875 0.093750 0.171875 0.091797 0.169922 0.083984 0.169922 0.082031 0.167969 0.082031 0.166016 0.078125 0.162109 0.078125 0.160156 0.076172 0.160156 0.072266 0.156250 0.070312 0.156250 0.068359 0.154297 0.068359 0.152344 0.066406 0.152344 0.062500 0.148438 0.062500 0.142578 0.064453 0.140625 0.072266 0.140625 0.076172 0.144531 0.080078 0.140625 0.082031 0.140625 0.083984 0.142578 0.085938 0.140625 0.091797 0.140625 0.093750 0.138672 0.095703 0.138672 0.097656 0.136719 0.099609 0.136719 0.099609 0.134766 0.101562 0.132812 0.101562 0.130859 0.103516 0.128906 0.103516 0.126953 0.105469 0.125000 0.105469 0.115234 0.109375 0.111328 0.109375 0.109375 0.111328 0.107422 0.111328 0.103516 0.113281 0.101562 0.113281 0.099609 0.115234 0.097656 0.117188 0.097656 0.119141 0.095703 0.119141 0.091797 0.123047 0.087891 0.125000 0.087891 0.125000 0.085938 0.128906 0.082031 0.128906 0.080078 0.130859 0.078125 0.134766 0.078125 0.134766 0.076172 0.132812 0.074219 0.132812 0.070312 0.134766 0.068359 0.136719 0.068359 0.138672 0.066406 0.144531 0.066406 0.148438 0.062500 0.152344 0.062500 0.156250 0.058594 0.156250 0.056641 0.160156 0.052734 0.167969 0.052734 0.169922 0.054688 0.171875 0.054688 0.177734 0.060547 0.179688 0.058594 0.183594 0.062500 0.185547 0.062500 0.191406 0.068359 0.191406 0.070312 0.201172 0.080078 0.205078 0.080078 0.207031 0.082031 0.207031 0.083984 0.208984 0.083984 0.210938 0.085938 0.212891 0.085938 0.214844 0.087891 0.216797 0.085938 0.218750 0.085938 0.220703 0.087891 0.224609 0.087891 0.228516 0.083984 0.232422 0.083984 0.234375 0.085938 0.234375 0.082031 0.236328 0.080078 0.236328 0.078125 0.238281 0.076172 0.238281 0.072266 0.240234 0.070312 0.240234 0.068359 0.244141 0.064453 0.246094 0.064453 0.248047 0.062500 0.248047 0.060547 0.251953 0.056641 0.251953 0.042969 0.253906 0.041016 0.253906 0.037109 0.257812 0.033203 0.257812 0.031250 0.267578 0.021484 0.267578 0.019531 0.269531 0.017578 0.271484 0.017578 0.273438 0.015625 0.273438 0.011719 0.275391 0.009766 0.273438 0.007812 0.273438 0.005859 0.275391 0.003906 0.273438 0.001953 0.273438 0.000000