0 0.839844 0.511719 0.837891 0.513672 0.837891 0.515625 0.835938 0.517578 0.830078 0.517578 0.828125 0.519531 0.828125 0.521484 0.826172 0.523438 0.820312 0.523438 0.818359 0.525391 0.816406 0.525391 0.814453 0.527344 0.812500 0.527344 0.810547 0.529297 0.808594 0.529297 0.806641 0.527344 0.798828 0.527344 0.796875 0.529297 0.794922 0.529297 0.794922 0.542969 0.796875 0.544922 0.796875 0.546875 0.798828 0.548828 0.798828 0.550781 0.802734 0.550781 0.802734 0.544922 0.800781 0.542969 0.800781 0.541016 0.798828 0.539062 0.798828 0.535156 0.800781 0.533203 0.814453 0.533203 0.816406 0.531250 0.818359 0.531250 0.822266 0.527344 0.828125 0.527344 0.830078 0.525391 0.832031 0.525391 0.832031 0.523438 0.833984 0.521484 0.839844 0.521484 0.839844 0.519531 0.843750 0.515625 0.845703 0.515625 0.845703 0.511719
0 0.970703 0.490234 0.970703 0.492188 0.968750 0.494141 0.966797 0.494141 0.966797 0.498047 0.964844 0.500000 0.962891 0.500000 0.960938 0.501953 0.958984 0.501953 0.958984 0.503906 0.957031 0.505859 0.955078 0.505859 0.951172 0.509766 0.951172 0.513672 0.949219 0.515625 0.943359 0.515625 0.943359 0.519531 0.941406 0.521484 0.939453 0.521484 0.933594 0.527344 0.929688 0.527344 0.929688 0.531250 0.935547 0.531250 0.937500 0.529297 0.939453 0.529297 0.941406 0.527344 0.943359 0.527344 0.943359 0.525391 0.945312 0.523438 0.947266 0.523438 0.947266 0.521484 0.949219 0.519531 0.951172 0.519531 0.953125 0.517578 0.955078 0.517578 0.955078 0.513672 0.960938 0.507812 0.962891 0.507812 0.964844 0.505859 0.966797 0.505859 0.968750 0.503906 0.970703 0.503906 0.970703 0.500000 0.974609 0.496094 0.974609 0.490234
0 0.912109 0.398438 0.912109 0.402344 0.916016 0.402344 0.916016 0.398438
0 0.974609 0.396484 0.974609 0.400391 0.976562 0.400391 0.978516 0.402344 0.978516 0.406250 0.976562 0.408203 0.976562 0.410156 0.974609 0.412109 0.970703 0.412109 0.968750 0.414062 0.964844 0.414062 0.964844 0.417969 0.968750 0.417969 0.970703 0.416016 0.974609 0.416016 0.974609 0.414062 0.976562 0.412109 0.980469 0.412109 0.980469 0.408203 0.982422 0.406250 0.982422 0.398438 0.980469 0.398438 0.978516 0.396484
0 0.962891 0.390625 0.962891 0.394531 0.966797 0.394531 0.966797 0.390625
0 0.951172 0.386719 0.951172 0.390625 0.955078 0.390625 0.955078 0.386719
0 0.939453 0.384766 0.939453 0.388672 0.943359 0.388672 0.943359 0.384766
0 0.916016 0.382812 0.914062 0.384766 0.894531 0.384766 0.894531 0.390625 0.896484 0.392578 0.900391 0.392578 0.902344 0.394531 0.906250 0.394531 0.906250 0.390625 0.908203 0.388672 0.914062 0.388672 0.916016 0.390625 0.916016 0.392578 0.917969 0.392578 0.921875 0.396484 0.921875 0.404297 0.925781 0.404297 0.925781 0.402344 0.927734 0.400391 0.929688 0.402344 0.929688 0.406250 0.933594 0.406250 0.935547 0.408203 0.935547 0.412109 0.939453 0.412109 0.941406 0.414062 0.945312 0.414062 0.947266 0.416016 0.951172 0.416016 0.953125 0.417969 0.960938 0.417969 0.960938 0.414062 0.953125 0.414062 0.951172 0.412109 0.947266 0.412109 0.945312 0.410156 0.941406 0.410156 0.939453 0.408203 0.935547 0.408203 0.933594 0.406250 0.933594 0.404297 0.935547 0.402344 0.939453 0.402344 0.939453 0.394531 0.935547 0.394531 0.935547 0.400391 0.933594 0.402344 0.931641 0.402344 0.929688 0.400391 0.929688 0.396484 0.927734 0.396484 0.923828 0.392578 0.925781 0.390625 0.929688 0.390625 0.929688 0.388672 0.931641 0.386719 0.933594 0.386719 0.933594 0.382812
0 0.822266 0.349609 0.822266 0.353516 0.824219 0.355469 0.822266 0.357422 0.818359 0.357422 0.818359 0.361328 0.816406 0.363281 0.812500 0.363281 0.812500 0.367188 0.814453 0.367188 0.816406 0.369141 0.812500 0.373047 0.808594 0.373047 0.808594 0.376953 0.812500 0.376953 0.814453 0.375000 0.818359 0.375000 0.820312 0.373047 0.826172 0.373047 0.826172 0.369141 0.818359 0.369141 0.816406 0.367188 0.816406 0.363281 0.818359 0.361328 0.822266 0.361328 0.822266 0.359375 0.824219 0.357422 0.828125 0.357422 0.828125 0.349609
0 0.810547 0.349609 0.810547 0.353516 0.814453 0.353516 0.814453 0.349609
0 0.798828 0.349609 0.798828 0.353516 0.800781 0.353516 0.802734 0.355469 0.802734 0.359375 0.800781 0.361328 0.800781 0.365234 0.798828 0.367188 0.796875 0.367188 0.796875 0.371094 0.798828 0.371094 0.800781 0.373047 0.796875 0.376953 0.789062 0.376953 0.789062 0.380859 0.798828 0.380859 0.800781 0.378906 0.802734 0.378906 0.804688 0.376953 0.804688 0.373047 0.802734 0.373047 0.800781 0.371094 0.800781 0.367188 0.802734 0.365234 0.804688 0.365234 0.804688 0.363281 0.806641 0.361328 0.806641 0.349609
0 0.789062 0.349609 0.789062 0.353516 0.787109 0.355469 0.777344 0.355469 0.777344 0.357422 0.775391 0.359375 0.775391 0.373047 0.773438 0.375000 0.771484 0.375000 0.769531 0.376953 0.769531 0.380859 0.775391 0.380859 0.775391 0.375000 0.777344 0.373047 0.779297 0.373047 0.779297 0.369141 0.783203 0.365234 0.785156 0.367188 0.785156 0.371094 0.791016 0.371094 0.791016 0.367188 0.789062 0.367188 0.787109 0.365234 0.787109 0.355469 0.789062 0.353516 0.791016 0.355469 0.791016 0.359375 0.794922 0.359375 0.794922 0.355469 0.792969 0.353516 0.792969 0.349609
0 0.763672 0.306641 0.763672 0.308594 0.761719 0.310547 0.761719 0.312500 0.759766 0.314453 0.759766 0.316406 0.757812 0.318359 0.757812 0.320312 0.751953 0.326172 0.751953 0.335938 0.755859 0.339844 0.755859 0.343750 0.753906 0.345703 0.748047 0.345703 0.742188 0.351562 0.742188 0.357422 0.738281 0.361328 0.738281 0.363281 0.736328 0.365234 0.736328 0.367188 0.734375 0.369141 0.734375 0.375000 0.732422 0.376953 0.732422 0.386719 0.734375 0.388672 0.734375 0.394531 0.738281 0.398438 0.738281 0.400391 0.740234 0.400391 0.746094 0.406250 0.750000 0.406250 0.751953 0.408203 0.759766 0.408203 0.763672 0.412109 0.765625 0.412109 0.769531 0.416016 0.771484 0.416016 0.773438 0.417969 0.775391 0.417969 0.777344 0.419922 0.791016 0.419922 0.792969 0.417969 0.794922 0.417969 0.796875 0.416016 0.798828 0.416016 0.798828 0.414062 0.800781 0.412109 0.802734 0.412109 0.802734 0.410156 0.804688 0.408203 0.808594 0.408203 0.812500 0.404297 0.814453 0.404297 0.818359 0.400391 0.820312 0.400391 0.824219 0.396484 0.826172 0.396484 0.828125 0.394531 0.830078 0.394531 0.832031 0.392578 0.835938 0.392578 0.837891 0.390625 0.837891 0.386719 0.832031 0.386719 0.830078 0.388672 0.826172 0.388672 0.824219 0.390625 0.822266 0.390625 0.820312 0.392578 0.818359 0.392578 0.810547 0.400391 0.808594 0.400391 0.804688 0.404297 0.800781 0.404297 0.792969 0.412109 0.791016 0.412109 0.787109 0.416016 0.783203 0.416016 0.781250 0.414062 0.779297 0.414062 0.777344 0.412109 0.775391 0.412109 0.773438 0.410156 0.771484 0.410156 0.767578 0.406250 0.765625 0.406250 0.763672 0.404297 0.753906 0.404297 0.751953 0.402344 0.750000 0.402344 0.738281 0.390625 0.738281 0.375000 0.740234 0.373047 0.740234 0.369141 0.744141 0.365234 0.744141 0.363281 0.746094 0.361328 0.746094 0.355469 0.748047 0.353516 0.750000 0.353516 0.750000 0.351562 0.751953 0.349609 0.755859 0.349609 0.757812 0.347656 0.765625 0.347656 0.765625 0.343750 0.763672 0.343750 0.761719 0.341797 0.761719 0.335938 0.759766 0.333984 0.757812 0.333984 0.755859 0.332031 0.755859 0.330078 0.757812 0.328125 0.759766 0.328125 0.759766 0.326172 0.761719 0.324219 0.761719 0.322266 0.763672 0.320312 0.763672 0.318359 0.765625 0.316406 0.765625 0.314453 0.767578 0.312500 0.767578 0.306641
0 0.738281 0.226562 0.738281 0.228516 0.736328 0.230469 0.730469 0.230469 0.728516 0.232422 0.718750 0.232422 0.718750 0.242188 0.716797 0.244141 0.714844 0.244141 0.714844 0.248047 0.718750 0.248047 0.720703 0.250000 0.720703 0.263672 0.726562 0.263672 0.726562 0.261719 0.728516 0.259766 0.730469 0.259766 0.730469 0.257812 0.732422 0.255859 0.734375 0.255859 0.734375 0.253906 0.736328 0.251953 0.738281 0.251953 0.738281 0.250000 0.740234 0.248047 0.746094 0.248047 0.748047 0.246094 0.750000 0.246094 0.750000 0.240234 0.751953 0.238281 0.759766 0.238281 0.759766 0.236328 0.761719 0.234375 0.761719 0.228516 0.748047 0.228516 0.746094 0.226562
0 0.968750 0.175781 0.968750 0.191406 0.972656 0.191406 0.974609 0.193359 0.974609 0.195312 0.978516 0.195312 0.980469 0.193359 0.986328 0.193359 0.988281 0.191406 0.988281 0.181641 0.986328 0.179688 0.986328 0.175781
0 0.734375 0.128906 0.734375 0.136719 0.736328 0.136719 0.738281 0.138672 0.738281 0.140625 0.740234 0.140625 0.742188 0.142578 0.751953 0.142578 0.753906 0.144531 0.753906 0.146484 0.751953 0.148438 0.750000 0.148438 0.750000 0.156250 0.748047 0.158203 0.744141 0.158203 0.736328 0.166016 0.732422 0.166016 0.728516 0.162109 0.728516 0.160156 0.724609 0.156250 0.718750 0.156250 0.716797 0.158203 0.716797 0.160156 0.714844 0.162109 0.714844 0.166016 0.712891 0.167969 0.712891 0.185547 0.714844 0.187500 0.714844 0.189453 0.705078 0.199219 0.703125 0.199219 0.697266 0.205078 0.697266 0.208984 0.701172 0.208984 0.707031 0.203125 0.708984 0.203125 0.714844 0.197266 0.716797 0.197266 0.716797 0.195312 0.718750 0.193359 0.718750 0.183594 0.716797 0.181641 0.716797 0.171875 0.718750 0.169922 0.718750 0.166016 0.720703 0.164062 0.722656 0.164062 0.728516 0.169922 0.742188 0.169922 0.742188 0.167969 0.746094 0.164062 0.748047 0.164062 0.748047 0.160156 0.750000 0.158203 0.753906 0.158203 0.753906 0.154297 0.755859 0.152344 0.757812 0.152344 0.757812 0.148438 0.759766 0.146484 0.759766 0.144531 0.761719 0.142578 0.761719 0.138672 0.746094 0.138672 0.744141 0.136719 0.742188 0.136719 0.740234 0.134766 0.740234 0.132812 0.738281 0.130859 0.738281 0.128906
0 0.947266 0.074219 0.947266 0.080078 0.945312 0.082031 0.943359 0.082031 0.943359 0.087891 0.947266 0.087891 0.949219 0.085938 0.958984 0.085938 0.960938 0.083984 0.962891 0.085938 0.962891 0.087891 0.964844 0.087891 0.966797 0.089844 0.966797 0.091797 0.968750 0.093750 0.972656 0.093750 0.972656 0.087891 0.968750 0.087891 0.966797 0.085938 0.966797 0.083984 0.962891 0.083984 0.960938 0.082031 0.960938 0.080078 0.958984 0.078125 0.958984 0.074219
0 0.912109 0.041016 0.910156 0.042969 0.898438 0.042969 0.894531 0.046875 0.876953 0.046875 0.873047 0.050781 0.871094 0.050781 0.869141 0.052734 0.867188 0.052734 0.867188 0.056641 0.873047 0.056641 0.875000 0.054688 0.876953 0.054688 0.880859 0.050781 0.898438 0.050781 0.902344 0.046875 0.914062 0.046875 0.916016 0.044922 0.929688 0.044922 0.931641 0.046875 0.933594 0.046875 0.935547 0.048828 0.939453 0.048828 0.941406 0.046875 0.949219 0.046875 0.951172 0.044922 0.957031 0.044922 0.957031 0.041016 0.949219 0.041016 0.947266 0.042969 0.933594 0.042969 0.931641 0.041016