0 0.816406 0.931641 0.816406 0.941406 0.826172 0.941406 0.826172 0.931641
0 0.792969 0.929688 0.792969 0.939453 0.796875 0.939453 0.798828 0.941406 0.812500 0.941406 0.812500 0.931641 0.804688 0.931641 0.802734 0.929688
0 0.855469 0.898438 0.855469 0.900391 0.853516 0.902344 0.851562 0.902344 0.851562 0.906250 0.849609 0.908203 0.849609 0.917969 0.847656 0.919922 0.841797 0.919922 0.839844 0.921875 0.832031 0.921875 0.832031 0.931641 0.841797 0.931641 0.843750 0.929688 0.851562 0.929688 0.851562 0.919922 0.853516 0.917969 0.859375 0.917969 0.861328 0.916016 0.861328 0.914062 0.863281 0.912109 0.865234 0.912109 0.865234 0.898438
0 0.703125 0.873047 0.703125 0.882812 0.712891 0.882812 0.712891 0.873047
0 0.656250 0.873047 0.656250 0.882812 0.660156 0.882812 0.662109 0.884766 0.662109 0.888672 0.667969 0.888672 0.669922 0.890625 0.669922 0.892578 0.695312 0.892578 0.695312 0.890625 0.697266 0.888672 0.699219 0.888672 0.699219 0.878906 0.689453 0.878906 0.689453 0.880859 0.687500 0.882812 0.673828 0.882812 0.671875 0.880859 0.671875 0.878906 0.667969 0.878906 0.666016 0.876953 0.666016 0.873047
0 0.722656 0.869141 0.722656 0.878906 0.732422 0.878906 0.732422 0.869141
0 0.505859 0.855469 0.505859 0.865234 0.511719 0.865234 0.513672 0.867188 0.513672 0.878906 0.523438 0.878906 0.523438 0.865234 0.517578 0.865234 0.515625 0.863281 0.515625 0.855469
0 0.613281 0.849609 0.613281 0.859375 0.617188 0.859375 0.619141 0.861328 0.625000 0.861328 0.626953 0.863281 0.626953 0.869141 0.636719 0.869141 0.638672 0.871094 0.638672 0.875000 0.648438 0.875000 0.648438 0.865234 0.638672 0.865234 0.636719 0.863281 0.636719 0.859375 0.630859 0.859375 0.628906 0.857422 0.628906 0.851562 0.626953 0.849609
0 0.505859 0.841797 0.505859 0.851562 0.515625 0.851562 0.515625 0.841797
0 0.500000 0.826172 0.500000 0.835938 0.509766 0.835938 0.509766 0.826172
0 0.816406 0.785156 0.816406 0.794922 0.814453 0.796875 0.812500 0.796875 0.812500 0.804688 0.810547 0.806641 0.808594 0.806641 0.808594 0.818359 0.818359 0.818359 0.818359 0.814453 0.820312 0.812500 0.822266 0.812500 0.822266 0.796875 0.824219 0.794922 0.826172 0.794922 0.826172 0.785156
0 0.822266 0.761719 0.822266 0.771484 0.832031 0.771484 0.832031 0.761719
0 0.822266 0.740234 0.822266 0.750000 0.832031 0.750000 0.832031 0.740234
0 0.519531 0.707031 0.517578 0.708984 0.515625 0.708984 0.515625 0.734375 0.513672 0.736328 0.513672 0.738281 0.511719 0.740234 0.509766 0.740234 0.509766 0.748047 0.507812 0.750000 0.505859 0.750000 0.505859 0.759766 0.503906 0.761719 0.500000 0.761719 0.500000 0.777344 0.498047 0.779297 0.496094 0.779297 0.496094 0.816406 0.498047 0.816406 0.500000 0.818359 0.500000 0.822266 0.509766 0.822266 0.509766 0.812500 0.507812 0.812500 0.505859 0.810547 0.505859 0.787109 0.507812 0.785156 0.509766 0.785156 0.509766 0.767578 0.511719 0.765625 0.515625 0.765625 0.515625 0.751953 0.517578 0.750000 0.519531 0.750000 0.519531 0.748047 0.521484 0.746094 0.523438 0.746094 0.523438 0.738281 0.525391 0.736328 0.525391 0.718750 0.527344 0.716797 0.529297 0.716797 0.529297 0.707031
0 0.839844 0.693359 0.839844 0.697266 0.837891 0.699219 0.835938 0.699219 0.835938 0.701172 0.833984 0.703125 0.832031 0.703125 0.832031 0.720703 0.830078 0.722656 0.830078 0.732422 0.839844 0.732422 0.839844 0.728516 0.841797 0.726562 0.841797 0.710938 0.843750 0.708984 0.845703 0.708984 0.845703 0.705078 0.847656 0.703125 0.851562 0.703125 0.851562 0.693359
0 0.537109 0.636719 0.537109 0.644531 0.535156 0.646484 0.529297 0.646484 0.529297 0.650391 0.527344 0.652344 0.527344 0.658203 0.525391 0.660156 0.523438 0.660156 0.523438 0.664062 0.521484 0.666016 0.519531 0.666016 0.519531 0.703125 0.529297 0.703125 0.529297 0.673828 0.531250 0.671875 0.533203 0.671875 0.533203 0.667969 0.535156 0.666016 0.537109 0.666016 0.537109 0.658203 0.539062 0.656250 0.539062 0.648438 0.541016 0.646484 0.546875 0.646484 0.546875 0.636719
0 0.546875 0.623047 0.546875 0.632812 0.556641 0.632812 0.556641 0.623047
0 0.851562 0.529297 0.851562 0.546875 0.853516 0.546875 0.855469 0.548828 0.855469 0.552734 0.861328 0.552734 0.863281 0.554688 0.863281 0.570312 0.865234 0.572266 0.878906 0.572266 0.878906 0.562500 0.875000 0.562500 0.873047 0.560547 0.873047 0.552734 0.867188 0.552734 0.865234 0.550781 0.865234 0.542969 0.863281 0.542969 0.861328 0.541016 0.861328 0.529297
0 0.851562 0.515625 0.851562 0.525391 0.861328 0.525391 0.861328 0.515625
0 0.851562 0.496094 0.851562 0.505859 0.861328 0.505859 0.861328 0.496094
0 0.851562 0.472656 0.851562 0.482422 0.861328 0.482422 0.861328 0.472656
0 0.873047 0.429688 0.873047 0.435547 0.871094 0.437500 0.869141 0.437500 0.867188 0.439453 0.863281 0.439453 0.863281 0.451172 0.861328 0.453125 0.855469 0.453125 0.855469 0.468750 0.865234 0.468750 0.865234 0.458984 0.867188 0.457031 0.873047 0.457031 0.873047 0.449219 0.875000 0.447266 0.878906 0.447266 0.878906 0.441406 0.880859 0.439453 0.882812 0.439453 0.882812 0.429688
0 0.726562 0.369141 0.726562 0.371094 0.724609 0.373047 0.718750 0.373047 0.718750 0.378906 0.714844 0.382812 0.708984 0.382812 0.708984 0.388672 0.707031 0.390625 0.703125 0.390625 0.701172 0.392578 0.699219 0.392578 0.699219 0.394531 0.697266 0.396484 0.695312 0.396484 0.695312 0.402344 0.691406 0.406250 0.689453 0.406250 0.689453 0.412109 0.687500 0.414062 0.685547 0.414062 0.685547 0.423828 0.683594 0.425781 0.683594 0.445312 0.681641 0.447266 0.679688 0.447266 0.677734 0.449219 0.675781 0.449219 0.675781 0.455078 0.673828 0.457031 0.671875 0.457031 0.671875 0.468750 0.669922 0.470703 0.666016 0.470703 0.666016 0.474609 0.664062 0.476562 0.662109 0.476562 0.662109 0.480469 0.660156 0.482422 0.660156 0.492188 0.669922 0.492188 0.669922 0.488281 0.671875 0.486328 0.675781 0.486328 0.675781 0.474609 0.677734 0.472656 0.681641 0.472656 0.681641 0.460938 0.683594 0.458984 0.685547 0.458984 0.687500 0.457031 0.689453 0.457031 0.689453 0.451172 0.691406 0.449219 0.693359 0.449219 0.693359 0.435547 0.695312 0.433594 0.695312 0.417969 0.697266 0.416016 0.699219 0.416016 0.701172 0.414062 0.703125 0.414062 0.703125 0.408203 0.705078 0.406250 0.705078 0.404297 0.707031 0.402344 0.712891 0.402344 0.714844 0.400391 0.716797 0.400391 0.716797 0.394531 0.720703 0.390625 0.726562 0.390625 0.726562 0.384766 0.728516 0.382812 0.728516 0.380859 0.730469 0.378906 0.736328 0.378906 0.736328 0.369141
0 0.878906 0.183594 0.878906 0.191406 0.876953 0.193359 0.875000 0.193359 0.875000 0.216797 0.884766 0.216797 0.884766 0.195312 0.886719 0.193359 0.888672 0.193359 0.888672 0.183594
0 0.746094 0.183594 0.746094 0.201172 0.744141 0.203125 0.742188 0.203125 0.742188 0.214844 0.740234 0.216797 0.740234 0.255859 0.744141 0.255859 0.746094 0.257812 0.746094 0.267578 0.748047 0.267578 0.750000 0.269531 0.750000 0.273438 0.751953 0.275391 0.751953 0.277344 0.757812 0.277344 0.759766 0.279297 0.759766 0.287109 0.763672 0.287109 0.765625 0.289062 0.767578 0.289062 0.769531 0.291016 0.769531 0.296875 0.773438 0.296875 0.775391 0.298828 0.775391 0.300781 0.785156 0.300781 0.785156 0.287109 0.781250 0.287109 0.779297 0.285156 0.779297 0.283203 0.777344 0.283203 0.775391 0.281250 0.775391 0.279297 0.771484 0.279297 0.769531 0.277344 0.769531 0.269531 0.763672 0.269531 0.759766 0.265625 0.759766 0.263672 0.757812 0.263672 0.755859 0.261719 0.755859 0.250000 0.751953 0.250000 0.750000 0.248047 0.750000 0.218750 0.751953 0.216797 0.751953 0.208984 0.753906 0.207031 0.755859 0.207031 0.755859 0.183594
0 0.882812 0.167969 0.882812 0.177734 0.892578 0.177734 0.892578 0.167969
0 0.884766 0.144531 0.884766 0.164062 0.894531 0.164062 0.894531 0.144531
0 0.740234 0.113281 0.740234 0.123047 0.744141 0.123047 0.746094 0.125000 0.746094 0.144531 0.748047 0.144531 0.750000 0.146484 0.750000 0.166016 0.748047 0.167969 0.746094 0.167969 0.746094 0.177734 0.755859 0.177734 0.755859 0.167969 0.757812 0.166016 0.759766 0.166016 0.759766 0.136719 0.757812 0.136719 0.755859 0.134766 0.755859 0.121094 0.751953 0.121094 0.750000 0.119141 0.750000 0.113281
0 0.851562 0.054688 0.851562 0.058594 0.849609 0.060547 0.849609 0.089844 0.851562 0.091797 0.851562 0.099609 0.853516 0.099609 0.855469 0.101562 0.855469 0.107422 0.861328 0.107422 0.863281 0.109375 0.863281 0.117188 0.865234 0.119141 0.865234 0.123047 0.871094 0.123047 0.873047 0.125000 0.873047 0.130859 0.876953 0.130859 0.878906 0.132812 0.880859 0.132812 0.882812 0.134766 0.882812 0.140625 0.892578 0.140625 0.892578 0.126953 0.890625 0.126953 0.888672 0.125000 0.888672 0.121094 0.876953 0.121094 0.875000 0.119141 0.875000 0.113281 0.873047 0.111328 0.873047 0.107422 0.867188 0.107422 0.865234 0.105469 0.865234 0.097656 0.863281 0.097656 0.861328 0.095703 0.861328 0.089844 0.859375 0.087891 0.859375 0.066406 0.861328 0.064453 0.861328 0.054688
0 0.679688 0.033203 0.679688 0.046875 0.681641 0.046875 0.683594 0.048828 0.683594 0.054688 0.693359 0.054688 0.693359 0.041016 0.691406 0.041016 0.689453 0.039062 0.689453 0.033203