0 0.851562 0.958984 0.851562 0.966797 0.876953 0.966797 0.876953 0.958984
0 0.898438 0.841797 0.898438 0.849609 0.904297 0.849609 0.906250 0.851562 0.906250 0.857422 0.919922 0.857422 0.919922 0.849609 0.908203 0.849609 0.906250 0.847656 0.906250 0.841797
0 0.892578 0.830078 0.892578 0.837891 0.900391 0.837891 0.900391 0.830078
0 0.878906 0.806641 0.878906 0.814453 0.886719 0.814453 0.886719 0.806641
0 0.869141 0.783203 0.869141 0.791016 0.876953 0.791016 0.876953 0.783203
0 0.859375 0.759766 0.859375 0.767578 0.867188 0.767578 0.867188 0.759766
0 0.849609 0.732422 0.849609 0.740234 0.857422 0.740234 0.857422 0.732422
0 0.841797 0.708984 0.841797 0.716797 0.849609 0.716797 0.849609 0.708984
0 0.785156 0.695312 0.785156 0.703125 0.787109 0.703125 0.789062 0.705078 0.789062 0.738281 0.787109 0.740234 0.785156 0.740234 0.785156 0.744141 0.783203 0.746094 0.783203 0.748047 0.781250 0.750000 0.775391 0.750000 0.775391 0.753906 0.773438 0.755859 0.773438 0.759766 0.771484 0.761719 0.765625 0.761719 0.765625 0.771484 0.763672 0.773438 0.761719 0.773438 0.761719 0.796875 0.763672 0.796875 0.765625 0.798828 0.765625 0.804688 0.767578 0.804688 0.769531 0.806641 0.769531 0.810547 0.777344 0.810547 0.779297 0.812500 0.779297 0.816406 0.781250 0.816406 0.783203 0.818359 0.783203 0.826172 0.787109 0.826172 0.789062 0.828125 0.789062 0.830078 0.791016 0.830078 0.792969 0.832031 0.792969 0.839844 0.796875 0.839844 0.798828 0.841797 0.798828 0.843750 0.804688 0.843750 0.806641 0.845703 0.806641 0.853516 0.808594 0.855469 0.808594 0.886719 0.806641 0.888672 0.806641 0.894531 0.804688 0.896484 0.802734 0.896484 0.800781 0.898438 0.796875 0.898438 0.796875 0.910156 0.794922 0.912109 0.789062 0.912109 0.789062 0.937500 0.791016 0.937500 0.792969 0.939453 0.792969 0.943359 0.796875 0.943359 0.798828 0.945312 0.798828 0.953125 0.806641 0.953125 0.808594 0.955078 0.808594 0.957031 0.820312 0.957031 0.822266 0.958984 0.822266 0.960938 0.828125 0.960938 0.830078 0.962891 0.837891 0.962891 0.839844 0.964844 0.839844 0.966797 0.847656 0.966797 0.847656 0.958984 0.839844 0.958984 0.837891 0.957031 0.837891 0.955078 0.832031 0.955078 0.830078 0.953125 0.826172 0.953125 0.824219 0.951172 0.824219 0.949219 0.816406 0.949219 0.814453 0.947266 0.814453 0.945312 0.808594 0.945312 0.806641 0.943359 0.806641 0.939453 0.804688 0.937500 0.804688 0.935547 0.798828 0.935547 0.796875 0.933594 0.796875 0.916016 0.798828 0.914062 0.804688 0.914062 0.804688 0.906250 0.806641 0.904297 0.810547 0.904297 0.810547 0.898438 0.812500 0.896484 0.814453 0.896484 0.814453 0.892578 0.816406 0.890625 0.816406 0.851562 0.814453 0.849609 0.814453 0.845703 0.808594 0.845703 0.806641 0.843750 0.806641 0.835938 0.802734 0.835938 0.800781 0.833984 0.800781 0.832031 0.798828 0.832031 0.796875 0.830078 0.796875 0.822266 0.792969 0.822266 0.791016 0.820312 0.791016 0.818359 0.789062 0.818359 0.787109 0.816406 0.787109 0.808594 0.779297 0.808594 0.777344 0.806641 0.777344 0.802734 0.775391 0.802734 0.773438 0.800781 0.773438 0.792969 0.771484 0.792969 0.769531 0.791016 0.769531 0.779297 0.771484 0.777344 0.773438 0.777344 0.773438 0.765625 0.775391 0.763672 0.781250 0.763672 0.781250 0.759766 0.783203 0.757812 0.783203 0.755859 0.785156 0.753906 0.791016 0.753906 0.791016 0.750000 0.792969 0.748047 0.792969 0.742188 0.794922 0.740234 0.796875 0.740234 0.796875 0.703125 0.794922 0.703125 0.792969 0.701172 0.792969 0.695312
0 0.839844 0.683594 0.839844 0.691406 0.847656 0.691406 0.847656 0.683594
0 0.775391 0.671875 0.775391 0.679688 0.777344 0.679688 0.779297 0.681641 0.779297 0.687500 0.787109 0.687500 0.787109 0.679688 0.785156 0.679688 0.783203 0.677734 0.783203 0.671875
0 0.839844 0.662109 0.839844 0.669922 0.847656 0.669922 0.847656 0.662109
0 0.769531 0.650391 0.769531 0.658203 0.771484 0.658203 0.773438 0.660156 0.773438 0.667969 0.781250 0.667969 0.781250 0.660156 0.779297 0.660156 0.777344 0.658203 0.777344 0.650391
0 0.765625 0.638672 0.765625 0.646484 0.773438 0.646484 0.773438 0.638672
0 0.845703 0.628906 0.845703 0.634766 0.843750 0.636719 0.841797 0.636719 0.841797 0.644531 0.839844 0.646484 0.839844 0.654297 0.847656 0.654297 0.847656 0.646484 0.849609 0.644531 0.849609 0.638672 0.851562 0.636719 0.853516 0.636719 0.853516 0.628906
0 0.751953 0.619141 0.751953 0.626953 0.753906 0.626953 0.755859 0.628906 0.755859 0.634766 0.763672 0.634766 0.763672 0.626953 0.761719 0.626953 0.759766 0.625000 0.759766 0.619141
0 0.849609 0.617188 0.849609 0.625000 0.857422 0.625000 0.857422 0.617188
0 0.851562 0.603516 0.851562 0.611328 0.859375 0.611328 0.859375 0.603516
0 0.855469 0.589844 0.855469 0.597656 0.863281 0.597656 0.863281 0.589844
0 0.859375 0.576172 0.859375 0.583984 0.867188 0.583984 0.867188 0.576172
0 0.666016 0.576172 0.666016 0.583984 0.714844 0.583984 0.716797 0.585938 0.716797 0.587891 0.720703 0.587891 0.722656 0.589844 0.722656 0.593750 0.724609 0.593750 0.726562 0.595703 0.726562 0.601562 0.730469 0.601562 0.732422 0.603516 0.738281 0.603516 0.740234 0.605469 0.740234 0.607422 0.744141 0.607422 0.746094 0.609375 0.746094 0.613281 0.753906 0.613281 0.753906 0.605469 0.750000 0.605469 0.748047 0.603516 0.748047 0.599609 0.742188 0.599609 0.740234 0.597656 0.740234 0.595703 0.736328 0.595703 0.734375 0.593750 0.732422 0.593750 0.730469 0.591797 0.730469 0.585938 0.728516 0.585938 0.726562 0.583984 0.726562 0.580078 0.718750 0.580078 0.716797 0.578125 0.716797 0.576172
0 0.859375 0.562500 0.859375 0.570312 0.867188 0.570312 0.867188 0.562500
0 0.642578 0.560547 0.642578 0.568359 0.648438 0.568359 0.652344 0.572266 0.652344 0.578125 0.660156 0.578125 0.660156 0.570312 0.658203 0.568359 0.658203 0.562500 0.652344 0.562500 0.650391 0.560547
0 0.851562 0.542969 0.851562 0.550781 0.853516 0.550781 0.855469 0.552734 0.855469 0.556641 0.863281 0.556641 0.863281 0.548828 0.861328 0.548828 0.859375 0.546875 0.859375 0.542969
0 0.816406 0.494141 0.816406 0.501953 0.818359 0.503906 0.824219 0.503906 0.826172 0.505859 0.826172 0.513672 0.828125 0.513672 0.830078 0.515625 0.830078 0.521484 0.833984 0.521484 0.835938 0.523438 0.835938 0.531250 0.839844 0.531250 0.841797 0.533203 0.841797 0.537109 0.849609 0.537109 0.849609 0.529297 0.845703 0.529297 0.843750 0.527344 0.843750 0.523438 0.839844 0.523438 0.837891 0.521484 0.837891 0.513672 0.835938 0.513672 0.833984 0.511719 0.833984 0.505859 0.828125 0.505859 0.826172 0.503906 0.826172 0.496094 0.824219 0.494141
0 0.816406 0.482422 0.816406 0.490234 0.824219 0.490234 0.824219 0.482422
0 0.626953 0.457031 0.625000 0.458984 0.619141 0.458984 0.619141 0.464844 0.617188 0.466797 0.617188 0.468750 0.615234 0.470703 0.609375 0.470703 0.609375 0.474609 0.607422 0.476562 0.603516 0.476562 0.603516 0.480469 0.601562 0.482422 0.599609 0.482422 0.599609 0.488281 0.597656 0.490234 0.595703 0.490234 0.595703 0.517578 0.597656 0.517578 0.599609 0.519531 0.599609 0.521484 0.601562 0.521484 0.605469 0.525391 0.605469 0.531250 0.611328 0.531250 0.613281 0.533203 0.613281 0.535156 0.621094 0.535156 0.623047 0.537109 0.623047 0.544922 0.625000 0.544922 0.626953 0.546875 0.630859 0.546875 0.632812 0.548828 0.632812 0.554688 0.636719 0.554688 0.638672 0.556641 0.646484 0.556641 0.646484 0.548828 0.642578 0.548828 0.640625 0.546875 0.636719 0.546875 0.634766 0.544922 0.634766 0.539062 0.632812 0.539062 0.630859 0.537109 0.623047 0.537109 0.621094 0.535156 0.621094 0.527344 0.615234 0.527344 0.613281 0.525391 0.613281 0.523438 0.611328 0.521484 0.611328 0.515625 0.609375 0.515625 0.607422 0.513672 0.605469 0.513672 0.603516 0.511719 0.603516 0.492188 0.605469 0.490234 0.607422 0.490234 0.607422 0.486328 0.609375 0.484375 0.611328 0.484375 0.611328 0.480469 0.613281 0.478516 0.617188 0.478516 0.617188 0.476562 0.619141 0.474609 0.625000 0.474609 0.625000 0.468750 0.628906 0.464844 0.634766 0.464844 0.634766 0.457031
0 0.841797 0.392578 0.841797 0.427734 0.839844 0.429688 0.839844 0.435547 0.837891 0.437500 0.835938 0.437500 0.835938 0.441406 0.833984 0.443359 0.830078 0.443359 0.830078 0.447266 0.828125 0.449219 0.822266 0.449219 0.822266 0.457031 0.820312 0.458984 0.818359 0.458984 0.818359 0.460938 0.816406 0.462891 0.816406 0.478516 0.824219 0.478516 0.824219 0.468750 0.826172 0.466797 0.826172 0.458984 0.828125 0.457031 0.830078 0.457031 0.830078 0.453125 0.832031 0.451172 0.837891 0.451172 0.837891 0.447266 0.839844 0.445312 0.843750 0.445312 0.843750 0.439453 0.845703 0.437500 0.847656 0.437500 0.847656 0.433594 0.849609 0.431641 0.849609 0.392578
0 0.835938 0.380859 0.835938 0.388672 0.843750 0.388672 0.843750 0.380859
0 0.832031 0.369141 0.832031 0.376953 0.839844 0.376953 0.839844 0.369141
0 0.759766 0.234375 0.757812 0.236328 0.755859 0.236328 0.755859 0.238281 0.753906 0.240234 0.751953 0.240234 0.751953 0.242188 0.750000 0.244141 0.746094 0.244141 0.746094 0.248047 0.744141 0.250000 0.742188 0.250000 0.742188 0.251953 0.740234 0.253906 0.740234 0.255859 0.738281 0.257812 0.732422 0.257812 0.732422 0.285156 0.730469 0.287109 0.728516 0.287109 0.728516 0.291016 0.726562 0.292969 0.726562 0.300781 0.724609 0.302734 0.722656 0.302734 0.722656 0.308594 0.720703 0.310547 0.718750 0.310547 0.718750 0.318359 0.716797 0.320312 0.716797 0.324219 0.714844 0.326172 0.712891 0.326172 0.712891 0.333984 0.710938 0.335938 0.703125 0.335938 0.703125 0.337891 0.701172 0.339844 0.699219 0.339844 0.699219 0.341797 0.697266 0.343750 0.695312 0.343750 0.695312 0.355469 0.693359 0.357422 0.693359 0.384766 0.691406 0.386719 0.689453 0.386719 0.689453 0.390625 0.687500 0.392578 0.683594 0.392578 0.683594 0.394531 0.681641 0.396484 0.679688 0.396484 0.679688 0.402344 0.677734 0.404297 0.675781 0.404297 0.675781 0.408203 0.673828 0.410156 0.669922 0.410156 0.669922 0.414062 0.667969 0.416016 0.662109 0.416016 0.662109 0.421875 0.660156 0.423828 0.656250 0.423828 0.654297 0.425781 0.652344 0.425781 0.652344 0.431641 0.650391 0.433594 0.646484 0.433594 0.646484 0.437500 0.644531 0.439453 0.638672 0.439453 0.638672 0.441406 0.636719 0.443359 0.636719 0.451172 0.644531 0.451172 0.644531 0.449219 0.646484 0.447266 0.646484 0.443359 0.648438 0.441406 0.654297 0.441406 0.654297 0.435547 0.656250 0.433594 0.660156 0.433594 0.662109 0.431641 0.664062 0.431641 0.664062 0.425781 0.666016 0.423828 0.669922 0.423828 0.669922 0.419922 0.671875 0.417969 0.677734 0.417969 0.677734 0.414062 0.679688 0.412109 0.683594 0.412109 0.683594 0.406250 0.685547 0.404297 0.687500 0.404297 0.687500 0.402344 0.689453 0.400391 0.691406 0.400391 0.691406 0.396484 0.693359 0.394531 0.697266 0.394531 0.697266 0.392578 0.699219 0.390625 0.701172 0.390625 0.701172 0.359375 0.703125 0.357422 0.703125 0.349609 0.705078 0.347656 0.707031 0.347656 0.707031 0.345703 0.708984 0.343750 0.710938 0.343750 0.710938 0.335938 0.712891 0.333984 0.720703 0.333984 0.720703 0.330078 0.722656 0.328125 0.724609 0.328125 0.724609 0.326172 0.726562 0.324219 0.726562 0.316406 0.728516 0.314453 0.730469 0.314453 0.730469 0.302734 0.732422 0.300781 0.734375 0.300781 0.736328 0.298828 0.736328 0.289062 0.738281 0.287109 0.740234 0.287109 0.740234 0.267578 0.742188 0.265625 0.744141 0.265625 0.744141 0.263672 0.746094 0.261719 0.748047 0.261719 0.748047 0.259766 0.750000 0.257812 0.750000 0.253906 0.751953 0.251953 0.753906 0.251953 0.753906 0.250000 0.755859 0.248047 0.759766 0.248047 0.759766 0.246094 0.761719 0.244141 0.763672 0.244141 0.765625 0.242188 0.767578 0.242188 0.767578 0.234375
0 0.841797 0.177734 0.841797 0.201172 0.843750 0.201172 0.845703 0.203125 0.845703 0.208984 0.847656 0.208984 0.849609 0.210938 0.849609 0.218750 0.851562 0.220703 0.851562 0.244141 0.849609 0.246094 0.849609 0.257812 0.847656 0.259766 0.845703 0.259766 0.845703 0.265625 0.843750 0.267578 0.839844 0.267578 0.839844 0.271484 0.837891 0.273438 0.832031 0.273438 0.832031 0.281250 0.830078 0.283203 0.826172 0.283203 0.826172 0.291016 0.824219 0.292969 0.818359 0.292969 0.818359 0.300781 0.816406 0.302734 0.816406 0.308594 0.814453 0.310547 0.812500 0.310547 0.812500 0.314453 0.810547 0.316406 0.808594 0.316406 0.808594 0.332031 0.810547 0.332031 0.812500 0.333984 0.812500 0.337891 0.814453 0.337891 0.816406 0.339844 0.816406 0.343750 0.818359 0.345703 0.818359 0.351562 0.824219 0.351562 0.826172 0.353516 0.826172 0.361328 0.833984 0.361328 0.833984 0.353516 0.828125 0.353516 0.826172 0.351562 0.826172 0.343750 0.824219 0.341797 0.824219 0.335938 0.822266 0.335938 0.820312 0.333984 0.820312 0.330078 0.818359 0.330078 0.816406 0.328125 0.816406 0.320312 0.818359 0.318359 0.820312 0.318359 0.820312 0.312500 0.822266 0.310547 0.824219 0.310547 0.824219 0.302734 0.826172 0.300781 0.826172 0.292969 0.828125 0.291016 0.833984 0.291016 0.833984 0.283203 0.835938 0.281250 0.839844 0.281250 0.839844 0.277344 0.841797 0.275391 0.847656 0.275391 0.847656 0.269531 0.849609 0.267578 0.853516 0.267578 0.853516 0.263672 0.855469 0.261719 0.857422 0.261719 0.857422 0.246094 0.859375 0.244141 0.859375 0.220703 0.857422 0.218750 0.857422 0.210938 0.855469 0.210938 0.853516 0.208984 0.853516 0.201172 0.851562 0.201172 0.849609 0.199219 0.849609 0.177734
0 0.849609 0.126953 0.849609 0.132812 0.847656 0.134766 0.845703 0.134766 0.845703 0.152344 0.843750 0.154297 0.841797 0.154297 0.841797 0.167969 0.849609 0.167969 0.849609 0.154297 0.851562 0.152344 0.853516 0.152344 0.853516 0.140625 0.855469 0.138672 0.857422 0.138672 0.857422 0.136719 0.859375 0.134766 0.859375 0.126953