0 0.578125 0.921875 0.578125 0.925781 0.582031 0.925781 0.582031 0.921875
0 0.601562 0.917969 0.601562 0.919922 0.599609 0.921875 0.595703 0.921875 0.595703 0.925781 0.599609 0.925781 0.599609 0.923828 0.601562 0.921875 0.605469 0.921875 0.605469 0.917969
0 0.564453 0.914062 0.564453 0.917969 0.568359 0.917969 0.568359 0.914062
0 0.607422 0.910156 0.607422 0.914062 0.611328 0.914062 0.611328 0.910156
0 0.548828 0.910156 0.548828 0.914062 0.552734 0.914062 0.552734 0.910156
0 0.531250 0.908203 0.531250 0.912109 0.535156 0.912109 0.535156 0.908203
0 0.511719 0.900391 0.511719 0.904297 0.521484 0.904297 0.521484 0.900391
0 0.501953 0.898438 0.501953 0.902344 0.505859 0.902344 0.505859 0.898438
0 0.615234 0.894531 0.615234 0.898438 0.619141 0.898438 0.619141 0.894531
0 0.492188 0.894531 0.492188 0.898438 0.496094 0.898438 0.496094 0.894531
0 0.478516 0.894531 0.478516 0.898438 0.488281 0.898438 0.488281 0.894531
0 0.468750 0.894531 0.468750 0.898438 0.472656 0.898438 0.472656 0.894531
0 0.455078 0.894531 0.455078 0.898438 0.458984 0.898438 0.458984 0.894531
0 0.289062 0.894531 0.289062 0.898438 0.296875 0.898438 0.296875 0.894531
0 0.449219 0.886719 0.449219 0.890625 0.453125 0.890625 0.453125 0.886719
0 0.439453 0.880859 0.439453 0.884766 0.441406 0.886719 0.441406 0.888672 0.445312 0.888672 0.445312 0.884766 0.443359 0.882812 0.443359 0.880859
0 0.304688 0.880859 0.304688 0.884766 0.302734 0.886719 0.298828 0.886719 0.298828 0.890625 0.302734 0.890625 0.302734 0.886719 0.304688 0.884766 0.308594 0.884766 0.308594 0.880859
0 0.625000 0.871094 0.625000 0.875000 0.628906 0.875000 0.628906 0.871094
0 0.425781 0.871094 0.425781 0.875000 0.429688 0.875000 0.431641 0.876953 0.431641 0.880859 0.435547 0.880859 0.435547 0.876953 0.431641 0.876953 0.429688 0.875000 0.429688 0.871094
0 0.312500 0.871094 0.312500 0.875000 0.316406 0.875000 0.316406 0.871094
0 0.417969 0.865234 0.417969 0.869141 0.421875 0.869141 0.421875 0.865234
0 0.281250 0.865234 0.281250 0.884766 0.283203 0.884766 0.285156 0.886719 0.285156 0.890625 0.289062 0.890625 0.289062 0.884766 0.287109 0.884766 0.285156 0.882812 0.285156 0.865234
0 0.281250 0.857422 0.281250 0.861328 0.285156 0.861328 0.285156 0.857422
0 0.394531 0.853516 0.394531 0.857422 0.398438 0.857422 0.398438 0.853516
0 0.322266 0.853516 0.322266 0.857422 0.326172 0.857422 0.326172 0.853516
0 0.630859 0.851562 0.630859 0.855469 0.628906 0.857422 0.628906 0.861328 0.632812 0.861328 0.632812 0.857422 0.634766 0.855469 0.634766 0.851562
0 0.382812 0.851562 0.382812 0.855469 0.386719 0.855469 0.386719 0.851562
0 0.281250 0.843750 0.281250 0.847656 0.285156 0.847656 0.285156 0.843750
0 0.361328 0.841797 0.361328 0.845703 0.365234 0.845703 0.365234 0.841797
0 0.640625 0.837891 0.640625 0.841797 0.638672 0.843750 0.638672 0.847656 0.642578 0.847656 0.642578 0.843750 0.644531 0.841797 0.644531 0.837891
0 0.349609 0.833984 0.349609 0.837891 0.353516 0.837891 0.353516 0.833984
0 0.281250 0.833984 0.281250 0.837891 0.285156 0.837891 0.285156 0.833984
0 0.337891 0.832031 0.337891 0.835938 0.345703 0.835938 0.345703 0.832031
0 0.644531 0.824219 0.644531 0.828125 0.648438 0.828125 0.648438 0.824219
0 0.652344 0.814453 0.652344 0.818359 0.656250 0.818359 0.656250 0.814453
0 0.285156 0.814453 0.285156 0.818359 0.289062 0.818359 0.289062 0.814453
0 0.289062 0.798828 0.289062 0.802734 0.292969 0.802734 0.292969 0.798828
0 0.677734 0.791016 0.677734 0.792969 0.675781 0.794922 0.671875 0.794922 0.671875 0.796875 0.669922 0.798828 0.667969 0.798828 0.666016 0.800781 0.662109 0.800781 0.662109 0.804688 0.666016 0.804688 0.667969 0.802734 0.671875 0.802734 0.671875 0.800781 0.673828 0.798828 0.675781 0.798828 0.675781 0.796875 0.677734 0.794922 0.685547 0.794922 0.685547 0.791016
0 0.292969 0.781250 0.292969 0.785156 0.296875 0.785156 0.296875 0.781250
0 0.685547 0.775391 0.685547 0.785156 0.689453 0.785156 0.689453 0.775391
0 0.685547 0.761719 0.685547 0.765625 0.689453 0.765625 0.689453 0.761719
0 0.298828 0.761719 0.298828 0.765625 0.302734 0.765625 0.302734 0.761719
0 0.677734 0.744141 0.677734 0.748047 0.681641 0.748047 0.681641 0.744141
0 0.308594 0.742188 0.308594 0.746094 0.312500 0.746094 0.312500 0.742188
0 0.671875 0.728516 0.671875 0.732422 0.675781 0.732422 0.675781 0.728516
0 0.316406 0.718750 0.316406 0.722656 0.320312 0.722656 0.320312 0.718750
0 0.662109 0.714844 0.662109 0.718750 0.666016 0.718750 0.667969 0.720703 0.667969 0.724609 0.671875 0.724609 0.671875 0.720703 0.667969 0.720703 0.666016 0.718750 0.666016 0.714844
0 0.322266 0.705078 0.322266 0.708984 0.326172 0.708984 0.326172 0.705078
0 0.328125 0.695312 0.328125 0.699219 0.332031 0.699219 0.332031 0.695312
0 0.654297 0.691406 0.654297 0.695312 0.658203 0.695312 0.658203 0.691406
0 0.337891 0.681641 0.337891 0.685547 0.341797 0.685547 0.341797 0.681641
0 0.654297 0.673828 0.654297 0.677734 0.658203 0.677734 0.658203 0.673828
0 0.341797 0.671875 0.341797 0.675781 0.345703 0.675781 0.345703 0.671875
0 0.349609 0.658203 0.349609 0.662109 0.353516 0.662109 0.353516 0.658203
0 0.355469 0.644531 0.355469 0.648438 0.359375 0.648438 0.359375 0.644531
0 0.023438 0.638672 0.023438 0.646484 0.035156 0.646484 0.035156 0.638672
0 0.371094 0.625000 0.371094 0.626953 0.369141 0.628906 0.365234 0.628906 0.365234 0.632812 0.369141 0.632812 0.369141 0.630859 0.371094 0.628906 0.375000 0.628906 0.375000 0.625000
0 0.375000 0.615234 0.375000 0.619141 0.378906 0.619141 0.378906 0.615234
0 0.384766 0.605469 0.384766 0.609375 0.388672 0.609375 0.388672 0.605469
0 0.392578 0.595703 0.390625 0.597656 0.388672 0.597656 0.388672 0.601562 0.392578 0.601562 0.394531 0.599609 0.396484 0.599609 0.396484 0.595703
0 0.671875 0.589844 0.671875 0.597656 0.677734 0.597656 0.679688 0.599609 0.679688 0.601562 0.681641 0.601562 0.683594 0.603516 0.687500 0.603516 0.689453 0.605469 0.689453 0.611328 0.691406 0.611328 0.693359 0.613281 0.693359 0.617188 0.695312 0.619141 0.695312 0.626953 0.697266 0.626953 0.699219 0.628906 0.699219 0.630859 0.701172 0.630859 0.703125 0.632812 0.703125 0.636719 0.705078 0.636719 0.707031 0.638672 0.707031 0.644531 0.710938 0.644531 0.712891 0.646484 0.716797 0.646484 0.718750 0.648438 0.718750 0.654297 0.720703 0.654297 0.722656 0.656250 0.722656 0.658203 0.724609 0.658203 0.726562 0.660156 0.730469 0.660156 0.732422 0.662109 0.732422 0.664062 0.738281 0.664062 0.740234 0.666016 0.740234 0.669922 0.742188 0.671875 0.742188 0.673828 0.750000 0.673828 0.751953 0.675781 0.751953 0.677734 0.757812 0.677734 0.759766 0.679688 0.759766 0.683594 0.763672 0.683594 0.765625 0.685547 0.765625 0.691406 0.767578 0.691406 0.769531 0.693359 0.769531 0.697266 0.773438 0.697266 0.775391 0.699219 0.775391 0.703125 0.777344 0.703125 0.779297 0.705078 0.779297 0.716797 0.783203 0.716797 0.785156 0.718750 0.785156 0.724609 0.787109 0.724609 0.789062 0.726562 0.791016 0.726562 0.792969 0.728516 0.792969 0.730469 0.794922 0.730469 0.796875 0.732422 0.796875 0.734375 0.800781 0.734375 0.802734 0.736328 0.802734 0.744141 0.806641 0.744141 0.808594 0.746094 0.808594 0.748047 0.814453 0.748047 0.816406 0.750000 0.816406 0.753906 0.818359 0.755859 0.818359 0.757812 0.824219 0.757812 0.826172 0.759766 0.833984 0.759766 0.835938 0.761719 0.835938 0.767578 0.843750 0.767578 0.845703 0.769531 0.845703 0.773438 0.849609 0.773438 0.851562 0.775391 0.851562 0.777344 0.853516 0.777344 0.855469 0.779297 0.855469 0.781250 0.863281 0.781250 0.865234 0.783203 0.865234 0.796875 0.863281 0.798828 0.863281 0.804688 0.861328 0.806641 0.859375 0.806641 0.859375 0.814453 0.857422 0.816406 0.855469 0.816406 0.853516 0.818359 0.851562 0.818359 0.851562 0.820312 0.849609 0.822266 0.849609 0.824219 0.847656 0.826172 0.845703 0.826172 0.845703 0.828125 0.843750 0.830078 0.841797 0.830078 0.839844 0.832031 0.835938 0.832031 0.835938 0.833984 0.833984 0.835938 0.830078 0.835938 0.830078 0.839844 0.828125 0.841797 0.808594 0.841797 0.808594 0.843750 0.806641 0.845703 0.802734 0.845703 0.802734 0.847656 0.800781 0.849609 0.796875 0.849609 0.794922 0.851562 0.792969 0.851562 0.792969 0.853516 0.791016 0.855469 0.789062 0.855469 0.789062 0.857422 0.787109 0.859375 0.783203 0.859375 0.783203 0.861328 0.781250 0.863281 0.779297 0.863281 0.779297 0.867188 0.777344 0.869141 0.769531 0.869141 0.769531 0.871094 0.767578 0.873047 0.751953 0.873047 0.750000 0.875000 0.740234 0.875000 0.740234 0.876953 0.738281 0.878906 0.732422 0.878906 0.732422 0.880859 0.730469 0.882812 0.728516 0.882812 0.728516 0.894531 0.726562 0.896484 0.726562 0.904297 0.724609 0.906250 0.722656 0.906250 0.720703 0.908203 0.718750 0.908203 0.718750 0.910156 0.716797 0.912109 0.716797 0.917969 0.714844 0.919922 0.708984 0.919922 0.707031 0.921875 0.703125 0.921875 0.701172 0.919922 0.699219 0.919922 0.697266 0.917969 0.697266 0.912109 0.695312 0.912109 0.693359 0.910156 0.693359 0.908203 0.685547 0.908203 0.685547 0.916016 0.687500 0.916016 0.689453 0.917969 0.689453 0.919922 0.691406 0.919922 0.693359 0.921875 0.693359 0.927734 0.695312 0.929688 0.714844 0.929688 0.716797 0.927734 0.716797 0.921875 0.718750 0.919922 0.724609 0.919922 0.724609 0.917969 0.728516 0.914062 0.730469 0.914062 0.730469 0.906250 0.732422 0.904297 0.734375 0.904297 0.734375 0.902344 0.736328 0.900391 0.736328 0.888672 0.738281 0.886719 0.744141 0.886719 0.744141 0.884766 0.746094 0.882812 0.753906 0.882812 0.755859 0.880859 0.769531 0.880859 0.769531 0.878906 0.771484 0.876953 0.777344 0.876953 0.777344 0.873047 0.779297 0.871094 0.787109 0.871094 0.787109 0.869141 0.789062 0.867188 0.791016 0.867188 0.791016 0.865234 0.792969 0.863281 0.796875 0.863281 0.796875 0.861328 0.798828 0.859375 0.800781 0.859375 0.802734 0.857422 0.806641 0.857422 0.806641 0.855469 0.808594 0.853516 0.814453 0.853516 0.814453 0.851562 0.816406 0.849609 0.833984 0.849609 0.833984 0.845703 0.835938 0.843750 0.843750 0.843750 0.843750 0.839844 0.845703 0.837891 0.849609 0.837891 0.849609 0.835938 0.851562 0.833984 0.853516 0.833984 0.853516 0.832031 0.855469 0.830078 0.859375 0.830078 0.859375 0.826172 0.861328 0.824219 0.863281 0.824219 0.863281 0.818359 0.865234 0.816406 0.867188 0.816406 0.867188 0.812500 0.869141 0.810547 0.871094 0.810547 0.871094 0.802734 0.873047 0.800781 0.873047 0.773438 0.861328 0.773438 0.859375 0.771484 0.859375 0.769531 0.855469 0.769531 0.853516 0.767578 0.853516 0.765625 0.845703 0.765625 0.843750 0.763672 0.843750 0.759766 0.839844 0.759766 0.837891 0.757812 0.837891 0.751953 0.832031 0.751953 0.830078 0.750000 0.826172 0.750000 0.824219 0.748047 0.824219 0.746094 0.818359 0.746094 0.816406 0.744141 0.816406 0.740234 0.812500 0.740234 0.810547 0.738281 0.810547 0.736328 0.806641 0.736328 0.804688 0.734375 0.804688 0.726562 0.802734 0.726562 0.800781 0.724609 0.800781 0.722656 0.798828 0.722656 0.796875 0.720703 0.796875 0.718750 0.794922 0.718750 0.792969 0.716797 0.789062 0.716797 0.787109 0.714844 0.787109 0.703125 0.785156 0.703125 0.783203 0.701172 0.783203 0.695312 0.779297 0.695312 0.777344 0.693359 0.777344 0.689453 0.775391 0.689453 0.773438 0.687500 0.773438 0.675781 0.769531 0.675781 0.767578 0.673828 0.767578 0.671875 0.765625 0.671875 0.763672 0.669922 0.759766 0.669922 0.757812 0.667969 0.757812 0.666016 0.750000 0.666016 0.748047 0.664062 0.748047 0.662109 0.742188 0.662109 0.740234 0.660156 0.740234 0.656250 0.736328 0.656250 0.734375 0.654297 0.734375 0.652344 0.732422 0.652344 0.730469 0.650391 0.728516 0.650391 0.726562 0.648438 0.726562 0.646484 0.722656 0.646484 0.720703 0.644531 0.720703 0.638672 0.716797 0.638672 0.714844 0.636719 0.712891 0.636719 0.710938 0.634766 0.710938 0.628906 0.708984 0.628906 0.707031 0.626953 0.707031 0.623047 0.705078 0.623047 0.703125 0.621094 0.703125 0.613281 0.701172 0.611328 0.701172 0.605469 0.699219 0.605469 0.697266 0.603516 0.697266 0.599609 0.695312 0.599609 0.693359 0.597656 0.693359 0.595703 0.689453 0.595703 0.687500 0.593750 0.681641 0.593750 0.679688 0.591797 0.679688 0.589844
0 0.398438 0.582031 0.398438 0.591797 0.402344 0.591797 0.402344 0.582031
0 0.408203 0.574219 0.408203 0.578125 0.412109 0.578125 0.412109 0.574219
0 0.570312 0.566406 0.570312 0.574219 0.611328 0.574219 0.613281 0.576172 0.613281 0.578125 0.617188 0.578125 0.619141 0.580078 0.634766 0.580078 0.636719 0.582031 0.636719 0.583984 0.648438 0.583984 0.650391 0.585938 0.650391 0.587891 0.658203 0.587891 0.660156 0.589844 0.660156 0.593750 0.667969 0.593750 0.667969 0.585938 0.662109 0.585938 0.660156 0.583984 0.660156 0.580078 0.652344 0.580078 0.650391 0.578125 0.650391 0.576172 0.636719 0.576172 0.634766 0.574219 0.634766 0.572266 0.626953 0.572266 0.625000 0.570312 0.615234 0.570312 0.613281 0.568359 0.613281 0.566406
0 0.412109 0.562500 0.412109 0.566406 0.416016 0.566406 0.416016 0.562500
0 0.349609 0.560547 0.349609 0.570312 0.351562 0.570312 0.353516 0.572266 0.353516 0.578125 0.351562 0.580078 0.347656 0.580078 0.345703 0.582031 0.343750 0.582031 0.343750 0.583984 0.341797 0.585938 0.339844 0.585938 0.339844 0.587891 0.337891 0.589844 0.333984 0.589844 0.333984 0.591797 0.332031 0.593750 0.326172 0.593750 0.324219 0.595703 0.324219 0.601562 0.322266 0.603516 0.310547 0.603516 0.308594 0.605469 0.300781 0.605469 0.300781 0.611328 0.298828 0.613281 0.292969 0.613281 0.292969 0.615234 0.291016 0.617188 0.291016 0.621094 0.289062 0.623047 0.287109 0.623047 0.287109 0.625000 0.285156 0.626953 0.283203 0.626953 0.283203 0.634766 0.281250 0.636719 0.273438 0.636719 0.273438 0.640625 0.271484 0.642578 0.269531 0.642578 0.269531 0.644531 0.267578 0.646484 0.267578 0.650391 0.265625 0.652344 0.259766 0.652344 0.259766 0.654297 0.257812 0.656250 0.253906 0.656250 0.253906 0.664062 0.251953 0.666016 0.246094 0.666016 0.246094 0.669922 0.244141 0.671875 0.244141 0.673828 0.242188 0.675781 0.240234 0.675781 0.240234 0.681641 0.238281 0.683594 0.230469 0.683594 0.228516 0.685547 0.216797 0.685547 0.216797 0.687500 0.214844 0.689453 0.212891 0.689453 0.212891 0.691406 0.210938 0.693359 0.207031 0.693359 0.207031 0.697266 0.205078 0.699219 0.201172 0.699219 0.201172 0.705078 0.199219 0.707031 0.193359 0.707031 0.193359 0.710938 0.191406 0.712891 0.189453 0.712891 0.189453 0.716797 0.187500 0.718750 0.183594 0.718750 0.183594 0.724609 0.181641 0.726562 0.179688 0.726562 0.179688 0.730469 0.177734 0.732422 0.173828 0.732422 0.173828 0.734375 0.171875 0.736328 0.167969 0.736328 0.167969 0.748047 0.166016 0.750000 0.160156 0.750000 0.158203 0.751953 0.156250 0.751953 0.156250 0.753906 0.154297 0.755859 0.154297 0.763672 0.152344 0.765625 0.144531 0.765625 0.144531 0.771484 0.142578 0.773438 0.140625 0.773438 0.138672 0.775391 0.130859 0.775391 0.130859 0.777344 0.128906 0.779297 0.126953 0.779297 0.126953 0.781250 0.125000 0.783203 0.117188 0.783203 0.115234 0.785156 0.113281 0.785156 0.113281 0.787109 0.111328 0.789062 0.097656 0.789062 0.095703 0.787109 0.095703 0.785156 0.093750 0.785156 0.091797 0.783203 0.089844 0.783203 0.087891 0.781250 0.087891 0.779297 0.085938 0.777344 0.085938 0.775391 0.080078 0.775391 0.078125 0.773438 0.076172 0.773438 0.074219 0.771484 0.074219 0.765625 0.072266 0.763672 0.072266 0.761719 0.070312 0.761719 0.068359 0.759766 0.068359 0.755859 0.066406 0.755859 0.064453 0.753906 0.064453 0.728516 0.066406 0.726562 0.068359 0.726562 0.068359 0.716797 0.070312 0.714844 0.072266 0.714844 0.072266 0.689453 0.070312 0.689453 0.068359 0.687500 0.068359 0.683594 0.066406 0.683594 0.064453 0.681641 0.064453 0.679688 0.060547 0.679688 0.058594 0.677734 0.058594 0.671875 0.056641 0.671875 0.054688 0.669922 0.054688 0.666016 0.050781 0.666016 0.048828 0.664062 0.048828 0.660156 0.042969 0.660156 0.041016 0.658203 0.041016 0.652344 0.039062 0.650391 0.031250 0.650391 0.031250 0.658203 0.033203 0.660156 0.039062 0.660156 0.041016 0.662109 0.041016 0.667969 0.042969 0.667969 0.044922 0.669922 0.044922 0.673828 0.048828 0.673828 0.050781 0.675781 0.050781 0.679688 0.054688 0.679688 0.056641 0.681641 0.056641 0.687500 0.058594 0.687500 0.060547 0.689453 0.060547 0.691406 0.062500 0.691406 0.064453 0.693359 0.064453 0.710938 0.062500 0.712891 0.060547 0.712891 0.060547 0.724609 0.058594 0.726562 0.056641 0.726562 0.056641 0.759766 0.058594 0.759766 0.060547 0.761719 0.060547 0.763672 0.062500 0.763672 0.064453 0.765625 0.064453 0.769531 0.066406 0.771484 0.066406 0.773438 0.068359 0.773438 0.070312 0.775391 0.070312 0.781250 0.072266 0.781250 0.074219 0.783203 0.076172 0.783203 0.078125 0.785156 0.078125 0.787109 0.082031 0.787109 0.083984 0.789062 0.083984 0.791016 0.085938 0.791016 0.089844 0.794922 0.089844 0.796875 0.119141 0.796875 0.119141 0.794922 0.123047 0.791016 0.125000 0.791016 0.125000 0.789062 0.126953 0.787109 0.134766 0.787109 0.134766 0.785156 0.136719 0.783203 0.144531 0.783203 0.146484 0.781250 0.148438 0.781250 0.148438 0.775391 0.150391 0.773438 0.152344 0.773438 0.152344 0.765625 0.154297 0.763672 0.162109 0.763672 0.162109 0.761719 0.166016 0.757812 0.167969 0.757812 0.167969 0.751953 0.169922 0.750000 0.175781 0.750000 0.175781 0.742188 0.177734 0.740234 0.181641 0.740234 0.181641 0.736328 0.183594 0.734375 0.187500 0.734375 0.187500 0.728516 0.189453 0.726562 0.191406 0.726562 0.191406 0.722656 0.193359 0.720703 0.197266 0.720703 0.197266 0.716797 0.199219 0.714844 0.201172 0.714844 0.201172 0.708984 0.203125 0.707031 0.208984 0.707031 0.208984 0.703125 0.210938 0.701172 0.218750 0.701172 0.218750 0.699219 0.220703 0.697266 0.220703 0.695312 0.222656 0.693359 0.234375 0.693359 0.236328 0.691406 0.244141 0.691406 0.244141 0.689453 0.246094 0.687500 0.248047 0.687500 0.248047 0.681641 0.250000 0.679688 0.251953 0.679688 0.251953 0.675781 0.253906 0.673828 0.257812 0.673828 0.257812 0.666016 0.259766 0.664062 0.261719 0.664062 0.261719 0.662109 0.263672 0.660156 0.267578 0.660156 0.267578 0.656250 0.269531 0.654297 0.275391 0.654297 0.275391 0.652344 0.277344 0.650391 0.277344 0.646484 0.279297 0.644531 0.281250 0.644531 0.281250 0.636719 0.283203 0.634766 0.291016 0.634766 0.291016 0.632812 0.292969 0.630859 0.294922 0.630859 0.294922 0.626953 0.296875 0.625000 0.300781 0.625000 0.300781 0.623047 0.302734 0.621094 0.304688 0.621094 0.304688 0.615234 0.306641 0.613281 0.314453 0.613281 0.316406 0.611328 0.322266 0.611328 0.322266 0.605469 0.324219 0.603516 0.332031 0.603516 0.333984 0.601562 0.333984 0.599609 0.335938 0.597656 0.341797 0.597656 0.341797 0.595703 0.343750 0.593750 0.347656 0.593750 0.347656 0.591797 0.349609 0.589844 0.351562 0.589844 0.353516 0.587891 0.361328 0.587891 0.361328 0.570312 0.359375 0.570312 0.357422 0.568359 0.357422 0.560547
0 0.421875 0.539062 0.421875 0.542969 0.425781 0.542969 0.425781 0.539062
0 0.296875 0.523438 0.296875 0.525391 0.294922 0.527344 0.287109 0.527344 0.287109 0.535156 0.294922 0.535156 0.294922 0.533203 0.296875 0.531250 0.304688 0.531250 0.304688 0.523438
0 0.427734 0.515625 0.427734 0.519531 0.431641 0.519531 0.431641 0.515625
0 0.314453 0.513672 0.312500 0.515625 0.310547 0.515625 0.310547 0.523438 0.318359 0.523438 0.320312 0.521484 0.322266 0.521484 0.326172 0.525391 0.326172 0.527344 0.332031 0.527344 0.333984 0.529297 0.333984 0.531250 0.335938 0.533203 0.335938 0.537109 0.337891 0.537109 0.339844 0.539062 0.339844 0.544922 0.341797 0.544922 0.343750 0.546875 0.343750 0.554688 0.345703 0.554688 0.347656 0.556641 0.355469 0.556641 0.355469 0.548828 0.353516 0.548828 0.351562 0.546875 0.351562 0.542969 0.349609 0.542969 0.347656 0.541016 0.347656 0.537109 0.345703 0.537109 0.343750 0.535156 0.343750 0.529297 0.341797 0.527344 0.341797 0.523438 0.335938 0.523438 0.333984 0.521484 0.333984 0.519531 0.332031 0.517578 0.332031 0.515625 0.330078 0.515625 0.328125 0.513672
0 0.439453 0.496094 0.439453 0.500000 0.443359 0.500000 0.443359 0.496094
0 0.441406 0.482422 0.441406 0.486328 0.445312 0.486328 0.445312 0.482422
0 0.105469 0.468750 0.105469 0.472656 0.113281 0.472656 0.113281 0.468750
0 0.445312 0.464844 0.445312 0.468750 0.449219 0.468750 0.449219 0.464844
0 0.119141 0.458984 0.117188 0.460938 0.113281 0.460938 0.113281 0.464844 0.117188 0.464844 0.119141 0.462891 0.123047 0.462891 0.123047 0.458984
0 0.103516 0.458984 0.103516 0.462891 0.107422 0.462891 0.107422 0.458984
0 0.445312 0.451172 0.445312 0.455078 0.449219 0.455078 0.449219 0.451172
0 0.125000 0.451172 0.125000 0.455078 0.128906 0.455078 0.128906 0.451172
0 0.445312 0.439453 0.445312 0.443359 0.449219 0.443359 0.449219 0.439453
0 0.226562 0.437500 0.224609 0.439453 0.224609 0.445312 0.222656 0.447266 0.216797 0.447266 0.214844 0.449219 0.212891 0.449219 0.212891 0.455078 0.210938 0.457031 0.210938 0.460938 0.208984 0.462891 0.203125 0.462891 0.203125 0.468750 0.201172 0.470703 0.197266 0.470703 0.195312 0.472656 0.189453 0.472656 0.189453 0.474609 0.187500 0.476562 0.183594 0.476562 0.183594 0.480469 0.181641 0.482422 0.179688 0.482422 0.179688 0.484375 0.177734 0.486328 0.173828 0.486328 0.173828 0.488281 0.171875 0.490234 0.167969 0.490234 0.167969 0.494141 0.166016 0.496094 0.160156 0.496094 0.160156 0.501953 0.158203 0.503906 0.154297 0.503906 0.154297 0.507812 0.152344 0.509766 0.150391 0.509766 0.150391 0.513672 0.148438 0.515625 0.146484 0.515625 0.146484 0.517578 0.144531 0.519531 0.140625 0.519531 0.140625 0.535156 0.138672 0.537109 0.136719 0.537109 0.134766 0.539062 0.134766 0.544922 0.132812 0.546875 0.130859 0.546875 0.128906 0.548828 0.126953 0.548828 0.126953 0.554688 0.125000 0.556641 0.123047 0.556641 0.123047 0.560547 0.121094 0.562500 0.117188 0.562500 0.117188 0.564453 0.115234 0.566406 0.113281 0.566406 0.113281 0.568359 0.111328 0.570312 0.107422 0.570312 0.105469 0.572266 0.099609 0.572266 0.097656 0.570312 0.089844 0.570312 0.087891 0.568359 0.087891 0.566406 0.083984 0.566406 0.082031 0.564453 0.082031 0.562500 0.076172 0.562500 0.074219 0.560547 0.070312 0.560547 0.068359 0.558594 0.068359 0.552734 0.064453 0.552734 0.062500 0.550781 0.062500 0.548828 0.060547 0.548828 0.058594 0.546875 0.058594 0.542969 0.054688 0.542969 0.052734 0.541016 0.052734 0.537109 0.046875 0.537109 0.044922 0.535156 0.044922 0.533203 0.042969 0.533203 0.041016 0.531250 0.041016 0.527344 0.037109 0.527344 0.035156 0.525391 0.035156 0.523438 0.023438 0.523438 0.023438 0.531250 0.031250 0.531250 0.033203 0.533203 0.033203 0.535156 0.035156 0.535156 0.037109 0.537109 0.037109 0.541016 0.042969 0.541016 0.044922 0.542969 0.044922 0.544922 0.048828 0.544922 0.050781 0.546875 0.050781 0.550781 0.052734 0.550781 0.054688 0.552734 0.054688 0.556641 0.058594 0.556641 0.060547 0.558594 0.060547 0.560547 0.064453 0.560547 0.066406 0.562500 0.066406 0.568359 0.072266 0.568359 0.074219 0.570312 0.078125 0.570312 0.080078 0.572266 0.080078 0.574219 0.082031 0.574219 0.083984 0.576172 0.083984 0.578125 0.095703 0.578125 0.097656 0.580078 0.109375 0.580078 0.111328 0.578125 0.115234 0.578125 0.115234 0.576172 0.117188 0.574219 0.121094 0.574219 0.121094 0.572266 0.123047 0.570312 0.125000 0.570312 0.125000 0.566406 0.126953 0.564453 0.130859 0.564453 0.130859 0.558594 0.132812 0.556641 0.134766 0.556641 0.136719 0.554688 0.138672 0.554688 0.138672 0.548828 0.140625 0.546875 0.142578 0.546875 0.144531 0.544922 0.144531 0.537109 0.146484 0.535156 0.148438 0.535156 0.148438 0.525391 0.150391 0.523438 0.154297 0.523438 0.154297 0.519531 0.156250 0.517578 0.158203 0.517578 0.158203 0.513672 0.160156 0.511719 0.162109 0.511719 0.162109 0.505859 0.164062 0.503906 0.167969 0.503906 0.167969 0.500000 0.169922 0.498047 0.175781 0.498047 0.175781 0.496094 0.177734 0.494141 0.181641 0.494141 0.181641 0.492188 0.183594 0.490234 0.187500 0.490234 0.187500 0.486328 0.189453 0.484375 0.191406 0.484375 0.191406 0.482422 0.193359 0.480469 0.197266 0.480469 0.199219 0.478516 0.205078 0.478516 0.205078 0.472656 0.207031 0.470703 0.210938 0.470703 0.210938 0.466797 0.212891 0.464844 0.218750 0.464844 0.218750 0.458984 0.222656 0.455078 0.224609 0.455078 0.224609 0.449219 0.226562 0.447266 0.232422 0.447266 0.234375 0.445312 0.234375 0.437500
0 0.142578 0.435547 0.142578 0.437500 0.140625 0.439453 0.136719 0.439453 0.136719 0.443359 0.134766 0.445312 0.132812 0.445312 0.132812 0.449219 0.136719 0.449219 0.136719 0.445312 0.138672 0.443359 0.140625 0.443359 0.140625 0.441406 0.142578 0.439453 0.146484 0.439453 0.146484 0.435547
0 0.146484 0.425781 0.146484 0.429688 0.150391 0.429688 0.150391 0.425781
0 0.445312 0.421875 0.445312 0.431641 0.449219 0.431641 0.449219 0.421875
0 0.156250 0.416016 0.156250 0.419922 0.160156 0.419922 0.160156 0.416016
0 0.671875 0.412109 0.671875 0.416016 0.691406 0.416016 0.691406 0.412109
0 0.085938 0.412109 0.085938 0.416016 0.089844 0.416016 0.089844 0.412109
0 0.277344 0.410156 0.277344 0.498047 0.275391 0.500000 0.273438 0.500000 0.273438 0.507812 0.271484 0.509766 0.267578 0.509766 0.267578 0.517578 0.265625 0.519531 0.263672 0.519531 0.263672 0.521484 0.261719 0.523438 0.259766 0.523438 0.259766 0.537109 0.281250 0.537109 0.281250 0.529297 0.277344 0.529297 0.275391 0.527344 0.275391 0.519531 0.277344 0.517578 0.277344 0.515625 0.279297 0.513672 0.281250 0.513672 0.281250 0.509766 0.283203 0.507812 0.285156 0.507812 0.285156 0.410156
0 0.695312 0.408203 0.695312 0.412109 0.701172 0.412109 0.701172 0.408203
0 0.445312 0.408203 0.445312 0.416016 0.449219 0.416016 0.449219 0.408203
0 0.705078 0.402344 0.705078 0.406250 0.708984 0.406250 0.708984 0.402344
0 0.658203 0.402344 0.658203 0.406250 0.662109 0.406250 0.662109 0.402344
0 0.158203 0.402344 0.158203 0.406250 0.162109 0.406250 0.162109 0.402344
0 0.714844 0.398438 0.714844 0.402344 0.724609 0.402344 0.724609 0.398438
0 0.648438 0.398438 0.648438 0.402344 0.652344 0.402344 0.652344 0.398438
0 0.728516 0.394531 0.728516 0.398438 0.734375 0.398438 0.734375 0.394531
0 0.638672 0.392578 0.638672 0.396484 0.642578 0.396484 0.642578 0.392578
0 0.267578 0.390625 0.265625 0.392578 0.257812 0.392578 0.257812 0.398438 0.255859 0.400391 0.253906 0.400391 0.253906 0.412109 0.251953 0.414062 0.246094 0.414062 0.246094 0.421875 0.244141 0.423828 0.240234 0.423828 0.238281 0.425781 0.234375 0.425781 0.234375 0.433594 0.242188 0.433594 0.244141 0.431641 0.248047 0.431641 0.248047 0.423828 0.250000 0.421875 0.253906 0.421875 0.253906 0.416016 0.255859 0.414062 0.261719 0.414062 0.261719 0.406250 0.263672 0.404297 0.265625 0.404297 0.265625 0.402344 0.267578 0.400391 0.275391 0.400391 0.277344 0.402344 0.277344 0.404297 0.285156 0.404297 0.285156 0.396484 0.283203 0.396484 0.281250 0.394531 0.281250 0.392578 0.279297 0.392578 0.277344 0.390625
0 0.169922 0.388672 0.169922 0.392578 0.173828 0.392578 0.173828 0.388672
0 0.621094 0.384766 0.621094 0.388672 0.625000 0.388672 0.625000 0.384766
0 0.753906 0.382812 0.753906 0.386719 0.751953 0.388672 0.748047 0.388672 0.748047 0.390625 0.746094 0.392578 0.744141 0.392578 0.742188 0.394531 0.742188 0.398438 0.746094 0.398438 0.748047 0.396484 0.748047 0.394531 0.750000 0.392578 0.751953 0.392578 0.751953 0.388672 0.753906 0.386719 0.757812 0.386719 0.757812 0.382812
0 0.611328 0.382812 0.611328 0.386719 0.615234 0.386719 0.615234 0.382812
0 0.451172 0.382812 0.451172 0.386719 0.449219 0.388672 0.449219 0.396484 0.447266 0.398438 0.445312 0.398438 0.445312 0.402344 0.449219 0.402344 0.449219 0.398438 0.451172 0.396484 0.453125 0.396484 0.453125 0.388672 0.455078 0.386719 0.455078 0.382812
0 0.080078 0.382812 0.080078 0.386719 0.083984 0.386719 0.083984 0.382812
0 0.152344 0.375000 0.152344 0.378906 0.162109 0.378906 0.162109 0.375000
0 0.181641 0.369141 0.179688 0.371094 0.179688 0.375000 0.183594 0.375000 0.185547 0.373047 0.185547 0.369141
0 0.136719 0.369141 0.136719 0.373047 0.140625 0.373047 0.142578 0.375000 0.146484 0.375000 0.146484 0.371094 0.142578 0.371094 0.140625 0.369141
0 0.595703 0.365234 0.595703 0.369141 0.597656 0.371094 0.597656 0.375000 0.601562 0.375000 0.601562 0.371094 0.599609 0.369141 0.599609 0.365234
0 0.203125 0.361328 0.203125 0.365234 0.207031 0.365234 0.207031 0.361328
0 0.767578 0.359375 0.767578 0.367188 0.765625 0.369141 0.763672 0.369141 0.761719 0.371094 0.761719 0.373047 0.759766 0.375000 0.757812 0.375000 0.757812 0.378906 0.765625 0.378906 0.765625 0.375000 0.767578 0.373047 0.767578 0.371094 0.769531 0.369141 0.771484 0.369141 0.771484 0.359375
0 0.587891 0.359375 0.587891 0.363281 0.591797 0.363281 0.591797 0.359375
0 0.458984 0.359375 0.458984 0.367188 0.457031 0.369141 0.455078 0.369141 0.455078 0.373047 0.453125 0.375000 0.451172 0.375000 0.451172 0.378906 0.455078 0.378906 0.455078 0.375000 0.457031 0.373047 0.458984 0.373047 0.458984 0.371094 0.460938 0.369141 0.462891 0.369141 0.462891 0.359375
0 0.080078 0.359375 0.080078 0.363281 0.083984 0.363281 0.083984 0.359375
0 0.767578 0.351562 0.767578 0.355469 0.771484 0.355469 0.771484 0.351562
0 0.582031 0.351562 0.582031 0.355469 0.585938 0.355469 0.585938 0.351562
0 0.232422 0.349609 0.232422 0.353516 0.236328 0.353516 0.236328 0.349609
0 0.574219 0.345703 0.574219 0.349609 0.578125 0.349609 0.578125 0.345703
0 0.123047 0.345703 0.123047 0.349609 0.125000 0.351562 0.125000 0.353516 0.126953 0.353516 0.128906 0.355469 0.128906 0.359375 0.132812 0.359375 0.132812 0.355469 0.130859 0.355469 0.128906 0.353516 0.128906 0.349609 0.126953 0.347656 0.126953 0.345703
0 0.080078 0.345703 0.080078 0.349609 0.083984 0.349609 0.083984 0.345703
0 0.195312 0.341797 0.195312 0.345703 0.199219 0.345703 0.199219 0.341797
0 0.767578 0.337891 0.767578 0.341797 0.771484 0.341797 0.771484 0.337891
0 0.568359 0.337891 0.568359 0.341797 0.572266 0.341797 0.572266 0.337891
0 0.261719 0.337891 0.261719 0.341797 0.265625 0.341797 0.265625 0.337891
0 0.464844 0.335938 0.464844 0.345703 0.468750 0.345703 0.468750 0.335938
0 0.119141 0.332031 0.119141 0.341797 0.123047 0.341797 0.123047 0.332031
0 0.080078 0.332031 0.080078 0.335938 0.083984 0.335938 0.083984 0.332031
0 0.564453 0.328125 0.564453 0.332031 0.568359 0.332031 0.568359 0.328125
0 0.771484 0.326172 0.771484 0.330078 0.775391 0.330078 0.775391 0.326172
0 0.292969 0.326172 0.292969 0.330078 0.296875 0.330078 0.296875 0.326172
0 0.558594 0.318359 0.558594 0.322266 0.562500 0.322266 0.562500 0.318359
0 0.468750 0.318359 0.468750 0.322266 0.472656 0.322266 0.472656 0.318359
0 0.208984 0.318359 0.208984 0.322266 0.212891 0.322266 0.212891 0.318359
0 0.082031 0.318359 0.082031 0.322266 0.085938 0.322266 0.085938 0.318359
0 0.771484 0.308594 0.771484 0.312500 0.775391 0.312500 0.775391 0.308594
0 0.468750 0.304688 0.468750 0.308594 0.472656 0.308594 0.472656 0.304688
0 0.326172 0.304688 0.326172 0.308594 0.330078 0.308594 0.330078 0.304688
0 0.554688 0.302734 0.554688 0.312500 0.558594 0.312500 0.558594 0.302734
0 0.125000 0.302734 0.125000 0.306641 0.128906 0.306641 0.128906 0.302734
0 0.550781 0.294922 0.550781 0.298828 0.554688 0.298828 0.554688 0.294922
0 0.468750 0.294922 0.468750 0.298828 0.472656 0.298828 0.472656 0.294922
0 0.341797 0.294922 0.341797 0.298828 0.345703 0.298828 0.345703 0.294922
0 0.228516 0.294922 0.228516 0.298828 0.232422 0.298828 0.232422 0.294922
0 0.089844 0.294922 0.089844 0.298828 0.093750 0.298828 0.093750 0.294922
0 0.775391 0.289062 0.775391 0.292969 0.779297 0.292969 0.779297 0.289062
0 0.351562 0.289062 0.351562 0.292969 0.355469 0.292969 0.355469 0.289062
0 0.464844 0.285156 0.464844 0.289062 0.468750 0.289062 0.468750 0.285156
0 0.128906 0.281250 0.128906 0.285156 0.132812 0.285156 0.132812 0.281250
0 0.558594 0.279297 0.558594 0.283203 0.556641 0.285156 0.554688 0.285156 0.554688 0.289062 0.558594 0.289062 0.558594 0.285156 0.560547 0.283203 0.562500 0.283203 0.562500 0.279297
0 0.365234 0.279297 0.365234 0.283203 0.369141 0.283203 0.369141 0.279297
0 0.099609 0.275391 0.099609 0.279297 0.103516 0.279297 0.103516 0.275391
0 0.458984 0.271484 0.458984 0.275391 0.460938 0.277344 0.460938 0.279297 0.464844 0.279297 0.464844 0.275391 0.462891 0.273438 0.462891 0.271484
0 0.562500 0.269531 0.562500 0.273438 0.566406 0.273438 0.566406 0.269531
0 0.375000 0.269531 0.375000 0.273438 0.378906 0.273438 0.378906 0.269531
0 0.255859 0.269531 0.255859 0.273438 0.259766 0.273438 0.259766 0.269531
0 0.781250 0.265625 0.781250 0.275391 0.785156 0.275391 0.785156 0.271484 0.787109 0.269531 0.789062 0.269531 0.789062 0.265625
0 0.451172 0.265625 0.451172 0.269531 0.455078 0.269531 0.455078 0.265625
0 0.388672 0.261719 0.388672 0.265625 0.392578 0.265625 0.392578 0.261719
0 0.562500 0.255859 0.562500 0.259766 0.564453 0.261719 0.564453 0.265625 0.568359 0.265625 0.568359 0.261719 0.566406 0.259766 0.566406 0.255859
0 0.441406 0.255859 0.441406 0.259766 0.445312 0.259766 0.445312 0.255859
0 0.402344 0.255859 0.402344 0.259766 0.406250 0.259766 0.406250 0.255859
0 0.269531 0.255859 0.269531 0.259766 0.273438 0.259766 0.273438 0.255859
0 0.136719 0.255859 0.136719 0.259766 0.140625 0.259766 0.140625 0.255859
0 0.105469 0.255859 0.105469 0.259766 0.109375 0.259766 0.109375 0.255859
0 0.562500 0.248047 0.562500 0.251953 0.566406 0.251953 0.566406 0.248047
0 0.554688 0.246094 0.554688 0.250000 0.558594 0.250000 0.558594 0.246094
0 0.279297 0.246094 0.279297 0.250000 0.283203 0.250000 0.283203 0.246094
0 0.435547 0.242188 0.435547 0.246094 0.437500 0.246094 0.439453 0.248047 0.439453 0.251953 0.443359 0.251953 0.443359 0.248047 0.441406 0.248047 0.439453 0.246094 0.439453 0.242188
0 0.421875 0.242188 0.421875 0.244141 0.419922 0.246094 0.412109 0.246094 0.412109 0.250000 0.421875 0.250000 0.421875 0.248047 0.423828 0.246094 0.431641 0.246094 0.431641 0.242188
0 0.550781 0.238281 0.550781 0.242188 0.554688 0.242188 0.554688 0.238281
0 0.113281 0.238281 0.113281 0.242188 0.117188 0.242188 0.117188 0.238281
0 0.289062 0.236328 0.287109 0.238281 0.285156 0.238281 0.285156 0.242188 0.289062 0.242188 0.291016 0.240234 0.292969 0.240234 0.292969 0.236328
0 0.138672 0.236328 0.138672 0.240234 0.142578 0.240234 0.142578 0.236328
0 0.781250 0.230469 0.781250 0.238281 0.787109 0.238281 0.794922 0.246094 0.798828 0.246094 0.800781 0.248047 0.800781 0.250000 0.802734 0.250000 0.804688 0.251953 0.804688 0.253906 0.806641 0.253906 0.816406 0.263672 0.816406 0.267578 0.814453 0.269531 0.814453 0.275391 0.812500 0.277344 0.812500 0.281250 0.810547 0.283203 0.810547 0.294922 0.820312 0.304688 0.820312 0.306641 0.822266 0.308594 0.822266 0.332031 0.824219 0.333984 0.824219 0.335938 0.826172 0.337891 0.826172 0.343750 0.828125 0.345703 0.828125 0.351562 0.830078 0.353516 0.830078 0.355469 0.832031 0.357422 0.832031 0.361328 0.833984 0.363281 0.833984 0.365234 0.835938 0.367188 0.835938 0.382812 0.833984 0.384766 0.833984 0.388672 0.832031 0.390625 0.832031 0.394531 0.830078 0.396484 0.830078 0.398438 0.828125 0.400391 0.822266 0.400391 0.822266 0.408203 0.835938 0.408203 0.839844 0.404297 0.839844 0.398438 0.841797 0.396484 0.841797 0.388672 0.843750 0.386719 0.843750 0.361328 0.841797 0.359375 0.841797 0.357422 0.839844 0.355469 0.839844 0.353516 0.837891 0.351562 0.837891 0.347656 0.835938 0.345703 0.835938 0.343750 0.833984 0.341797 0.833984 0.332031 0.832031 0.330078 0.832031 0.328125 0.830078 0.326172 0.830078 0.300781 0.828125 0.298828 0.828125 0.296875 0.826172 0.294922 0.826172 0.292969 0.824219 0.292969 0.820312 0.289062 0.820312 0.281250 0.822266 0.279297 0.822266 0.275391 0.824219 0.273438 0.824219 0.255859 0.822266 0.253906 0.822266 0.251953 0.820312 0.251953 0.816406 0.248047 0.814453 0.248047 0.812500 0.246094 0.812500 0.242188 0.804688 0.242188 0.802734 0.240234 0.802734 0.238281 0.796875 0.232422 0.794922 0.232422 0.792969 0.230469
0 0.544922 0.228516 0.544922 0.232422 0.548828 0.232422 0.548828 0.228516
0 0.298828 0.228516 0.298828 0.232422 0.302734 0.232422 0.302734 0.228516
0 0.316406 0.218750 0.316406 0.222656 0.320312 0.222656 0.320312 0.218750
0 0.119141 0.218750 0.119141 0.222656 0.123047 0.222656 0.123047 0.218750
0 0.531250 0.212891 0.531250 0.216797 0.535156 0.216797 0.535156 0.212891
0 0.142578 0.212891 0.142578 0.216797 0.146484 0.216797 0.146484 0.212891
0 0.337891 0.208984 0.337891 0.212891 0.341797 0.212891 0.341797 0.208984
0 0.515625 0.199219 0.515625 0.203125 0.519531 0.203125 0.519531 0.199219
0 0.128906 0.199219 0.128906 0.203125 0.132812 0.203125 0.132812 0.199219
0 0.501953 0.185547 0.501953 0.189453 0.505859 0.189453 0.505859 0.185547
0 0.371094 0.181641 0.371094 0.185547 0.375000 0.185547 0.375000 0.181641
0 0.136719 0.181641 0.136719 0.185547 0.140625 0.185547 0.142578 0.187500 0.142578 0.189453 0.146484 0.189453 0.146484 0.185547 0.142578 0.185547 0.140625 0.183594 0.140625 0.181641
0 0.492188 0.179688 0.492188 0.183594 0.496094 0.183594 0.496094 0.179688
0 0.482422 0.166016 0.482422 0.169922 0.486328 0.169922 0.486328 0.166016
0 0.142578 0.166016 0.142578 0.169922 0.146484 0.169922 0.146484 0.166016
0 0.398438 0.158203 0.398438 0.162109 0.402344 0.162109 0.402344 0.158203
0 0.468750 0.156250 0.468750 0.160156 0.470703 0.160156 0.472656 0.162109 0.476562 0.162109 0.476562 0.158203 0.474609 0.158203 0.472656 0.156250
0 0.142578 0.152344 0.142578 0.162109 0.146484 0.162109 0.146484 0.152344
0 0.146484 0.142578 0.146484 0.146484 0.150391 0.146484 0.150391 0.142578
0 0.458984 0.138672 0.458984 0.146484 0.462891 0.146484 0.464844 0.148438 0.464844 0.152344 0.468750 0.152344 0.468750 0.148438 0.464844 0.148438 0.462891 0.146484 0.462891 0.138672
0 0.421875 0.138672 0.421875 0.142578 0.425781 0.142578 0.425781 0.138672
0 0.142578 0.132812 0.142578 0.136719 0.146484 0.136719 0.146484 0.132812
0 0.449219 0.128906 0.449219 0.132812 0.451172 0.134766 0.451172 0.136719 0.455078 0.136719 0.455078 0.132812 0.453125 0.130859 0.453125 0.128906
0 0.441406 0.128906 0.441406 0.130859 0.439453 0.132812 0.435547 0.132812 0.435547 0.136719 0.439453 0.136719 0.439453 0.134766 0.441406 0.132812 0.445312 0.132812 0.445312 0.128906
0 0.142578 0.123047 0.142578 0.126953 0.146484 0.126953 0.146484 0.123047
0 0.142578 0.105469 0.142578 0.117188 0.146484 0.117188 0.146484 0.105469
0 0.142578 0.095703 0.142578 0.099609 0.146484 0.099609 0.146484 0.095703
0 0.142578 0.076172 0.142578 0.089844 0.146484 0.089844 0.146484 0.076172