0 0.382812 0.941406 0.380859 0.943359 0.378906 0.943359 0.378906 0.945312 0.380859 0.945312 0.382812 0.947266 0.382812 0.953125 0.384766 0.955078 0.386719 0.953125 0.388672 0.953125 0.388672 0.945312 0.386719 0.943359 0.386719 0.941406
0 0.068359 0.935547 0.066406 0.937500 0.068359 0.939453 0.072266 0.939453 0.076172 0.943359 0.078125 0.943359 0.078125 0.937500 0.076172 0.935547
0 0.683594 0.914062 0.683594 0.925781 0.681641 0.927734 0.683594 0.927734 0.685547 0.929688 0.683594 0.931641 0.683594 0.933594 0.677734 0.939453 0.671875 0.939453 0.669922 0.941406 0.667969 0.941406 0.667969 0.949219 0.669922 0.951172 0.669922 0.953125 0.667969 0.955078 0.667969 0.958984 0.669922 0.960938 0.669922 0.962891 0.667969 0.964844 0.667969 0.968750 0.666016 0.970703 0.660156 0.970703 0.660156 0.982422 0.662109 0.984375 0.664062 0.984375 0.666016 0.986328 0.666016 0.988281 0.667969 0.990234 0.667969 0.992188 0.673828 0.992188 0.675781 0.990234 0.677734 0.990234 0.679688 0.988281 0.679688 0.982422 0.681641 0.980469 0.681641 0.978516 0.685547 0.974609 0.687500 0.974609 0.691406 0.978516 0.691406 0.980469 0.693359 0.980469 0.695312 0.978516 0.699219 0.978516 0.701172 0.976562 0.701172 0.966797 0.703125 0.964844 0.705078 0.964844 0.707031 0.962891 0.707031 0.949219 0.708984 0.947266 0.708984 0.939453 0.710938 0.937500 0.710938 0.929688 0.708984 0.929688 0.707031 0.927734 0.703125 0.927734 0.699219 0.923828 0.701172 0.921875 0.699219 0.921875 0.693359 0.916016 0.691406 0.916016 0.689453 0.914062
0 0.314453 0.875000 0.312500 0.876953 0.310547 0.876953 0.302734 0.884766 0.298828 0.880859 0.292969 0.880859 0.292969 0.888672 0.294922 0.888672 0.302734 0.896484 0.302734 0.898438 0.306641 0.898438 0.308594 0.900391 0.314453 0.900391 0.316406 0.902344 0.320312 0.902344 0.322266 0.900391 0.322266 0.898438 0.318359 0.894531 0.318359 0.892578 0.322266 0.888672 0.322266 0.886719 0.320312 0.884766 0.320312 0.875000
0 0.068359 0.802734 0.066406 0.804688 0.064453 0.804688 0.058594 0.810547 0.056641 0.810547 0.052734 0.814453 0.052734 0.818359 0.054688 0.820312 0.056641 0.818359 0.058594 0.818359 0.062500 0.814453 0.064453 0.814453 0.068359 0.810547 0.068359 0.808594 0.070312 0.806641 0.072266 0.806641 0.070312 0.804688 0.070312 0.802734
0 0.027344 0.751953 0.025391 0.753906 0.023438 0.753906 0.023438 0.755859 0.021484 0.757812 0.019531 0.757812 0.021484 0.759766 0.021484 0.763672 0.025391 0.767578 0.025391 0.769531 0.027344 0.769531 0.029297 0.771484 0.029297 0.773438 0.031250 0.771484 0.033203 0.771484 0.035156 0.769531 0.035156 0.765625 0.037109 0.763672 0.037109 0.761719 0.039062 0.759766 0.041016 0.761719 0.042969 0.759766 0.044922 0.759766 0.044922 0.757812 0.041016 0.753906 0.039062 0.753906 0.037109 0.751953
0 0.615234 0.746094 0.615234 0.748047 0.613281 0.750000 0.613281 0.753906 0.611328 0.755859 0.615234 0.755859 0.617188 0.753906 0.621094 0.753906 0.623047 0.751953 0.619141 0.748047 0.619141 0.746094
0 0.992188 0.710938 0.990234 0.712891 0.986328 0.712891 0.984375 0.714844 0.982422 0.714844 0.980469 0.716797 0.976562 0.716797 0.974609 0.718750 0.974609 0.728516 0.978516 0.732422 0.978516 0.734375 0.976562 0.736328 0.976562 0.738281 0.978516 0.738281 0.980469 0.736328 0.982422 0.736328 0.984375 0.734375 0.992188 0.734375
0 0.496094 0.708984 0.496094 0.714844 0.498047 0.716797 0.498047 0.724609 0.501953 0.728516 0.501953 0.730469 0.507812 0.736328 0.511719 0.736328 0.511719 0.734375 0.513672 0.732422 0.519531 0.732422 0.519531 0.730469 0.517578 0.728516 0.519531 0.726562 0.519531 0.720703 0.517578 0.718750 0.519531 0.716797 0.519531 0.714844 0.517578 0.712891 0.515625 0.712891 0.513672 0.710938 0.503906 0.710938 0.501953 0.708984
0 0.171875 0.703125 0.171875 0.707031 0.173828 0.708984 0.179688 0.708984 0.179688 0.707031 0.177734 0.705078 0.175781 0.705078 0.173828 0.703125
0 0.154297 0.699219 0.154297 0.701172 0.152344 0.703125 0.154297 0.705078 0.156250 0.703125 0.156250 0.699219
0 0.214844 0.675781 0.212891 0.677734 0.203125 0.677734 0.203125 0.683594 0.205078 0.683594 0.207031 0.685547 0.207031 0.687500 0.208984 0.689453 0.208984 0.693359 0.210938 0.695312 0.210938 0.697266 0.212891 0.699219 0.212891 0.701172 0.230469 0.701172 0.230469 0.679688 0.226562 0.675781
0 0.638672 0.634766 0.638672 0.650391 0.640625 0.652344 0.640625 0.654297 0.644531 0.654297 0.646484 0.656250 0.652344 0.656250 0.654297 0.658203 0.648438 0.664062 0.646484 0.664062 0.644531 0.662109 0.644531 0.660156 0.638672 0.660156 0.636719 0.658203 0.634766 0.658203 0.632812 0.656250 0.632812 0.658203 0.625000 0.666016 0.625000 0.669922 0.623047 0.671875 0.621094 0.669922 0.609375 0.669922 0.597656 0.681641 0.597656 0.683594 0.595703 0.685547 0.587891 0.685547 0.585938 0.687500 0.580078 0.687500 0.578125 0.689453 0.578125 0.695312 0.582031 0.699219 0.583984 0.699219 0.585938 0.701172 0.585938 0.703125 0.593750 0.703125 0.595703 0.705078 0.597656 0.703125 0.599609 0.703125 0.603516 0.699219 0.605469 0.701172 0.611328 0.701172 0.613281 0.703125 0.615234 0.703125 0.617188 0.705078 0.617188 0.707031 0.619141 0.707031 0.623047 0.710938 0.623047 0.712891 0.625000 0.714844 0.625000 0.720703 0.628906 0.724609 0.630859 0.722656 0.632812 0.722656 0.644531 0.734375 0.644531 0.736328 0.648438 0.740234 0.648438 0.742188 0.650391 0.744141 0.650391 0.750000 0.648438 0.751953 0.648438 0.753906 0.646484 0.755859 0.646484 0.757812 0.644531 0.759766 0.644531 0.761719 0.636719 0.769531 0.636719 0.775391 0.638672 0.777344 0.638672 0.779297 0.640625 0.781250 0.640625 0.783203 0.642578 0.785156 0.642578 0.787109 0.648438 0.792969 0.648438 0.794922 0.642578 0.800781 0.636719 0.800781 0.634766 0.802734 0.632812 0.802734 0.630859 0.800781 0.630859 0.810547 0.626953 0.814453 0.626953 0.816406 0.625000 0.818359 0.625000 0.832031 0.623047 0.833984 0.623047 0.835938 0.621094 0.837891 0.621094 0.839844 0.615234 0.845703 0.611328 0.845703 0.609375 0.843750 0.609375 0.835938 0.611328 0.833984 0.611328 0.826172 0.613281 0.824219 0.613281 0.816406 0.619141 0.810547 0.619141 0.808594 0.621094 0.806641 0.621094 0.804688 0.623047 0.802734 0.623047 0.800781 0.625000 0.798828 0.625000 0.791016 0.623047 0.791016 0.621094 0.789062 0.621094 0.787109 0.613281 0.787109 0.609375 0.791016 0.607422 0.789062 0.605469 0.789062 0.603516 0.787109 0.601562 0.789062 0.599609 0.789062 0.601562 0.791016 0.595703 0.796875 0.589844 0.791016 0.589844 0.781250 0.587891 0.779297 0.587891 0.777344 0.589844 0.775391 0.589844 0.761719 0.591797 0.759766 0.595703 0.759766 0.599609 0.755859 0.597656 0.755859 0.595703 0.753906 0.595703 0.751953 0.591797 0.748047 0.587891 0.748047 0.582031 0.742188 0.578125 0.742188 0.576172 0.740234 0.574219 0.742188 0.570312 0.742188 0.570312 0.746094 0.568359 0.748047 0.568359 0.750000 0.566406 0.751953 0.566406 0.753906 0.564453 0.755859 0.562500 0.753906 0.562500 0.746094 0.558594 0.742188 0.550781 0.742188 0.546875 0.746094 0.546875 0.748047 0.544922 0.750000 0.544922 0.751953 0.542969 0.753906 0.542969 0.757812 0.537109 0.763672 0.531250 0.763672 0.529297 0.765625 0.527344 0.765625 0.525391 0.767578 0.523438 0.767578 0.519531 0.771484 0.519531 0.779297 0.521484 0.781250 0.521484 0.783203 0.527344 0.789062 0.529297 0.789062 0.531250 0.791016 0.533203 0.791016 0.541016 0.798828 0.539062 0.800781 0.535156 0.800781 0.533203 0.802734 0.521484 0.802734 0.519531 0.804688 0.517578 0.804688 0.517578 0.808594 0.513672 0.812500 0.513672 0.822266 0.521484 0.830078 0.523438 0.830078 0.525391 0.832031 0.525391 0.833984 0.529297 0.837891 0.529297 0.839844 0.527344 0.841797 0.525391 0.841797 0.523438 0.843750 0.521484 0.843750 0.521484 0.845703 0.519531 0.847656 0.513672 0.847656 0.513672 0.851562 0.531250 0.851562 0.533203 0.853516 0.533203 0.857422 0.535156 0.859375 0.535156 0.863281 0.539062 0.867188 0.542969 0.867188 0.542969 0.865234 0.552734 0.855469 0.552734 0.853516 0.556641 0.849609 0.558594 0.849609 0.560547 0.851562 0.560547 0.853516 0.562500 0.855469 0.566406 0.855469 0.568359 0.853516 0.570312 0.853516 0.572266 0.851562 0.576172 0.851562 0.576172 0.849609 0.578125 0.847656 0.582031 0.847656 0.583984 0.845703 0.589844 0.845703 0.591797 0.843750 0.593750 0.843750 0.595703 0.841797 0.599609 0.841797 0.603516 0.845703 0.605469 0.845703 0.607422 0.847656 0.607422 0.849609 0.609375 0.851562 0.609375 0.859375 0.613281 0.859375 0.615234 0.857422 0.617188 0.857422 0.621094 0.853516 0.625000 0.857422 0.623047 0.859375 0.623047 0.861328 0.626953 0.865234 0.623047 0.869141 0.623047 0.871094 0.625000 0.873047 0.634766 0.873047 0.636719 0.875000 0.638672 0.873047 0.640625 0.873047 0.642578 0.875000 0.646484 0.875000 0.648438 0.876953 0.648438 0.878906 0.652344 0.878906 0.656250 0.882812 0.662109 0.882812 0.664062 0.884766 0.667969 0.884766 0.669922 0.886719 0.669922 0.888672 0.679688 0.888672 0.683594 0.892578 0.685547 0.892578 0.689453 0.896484 0.697266 0.896484 0.699219 0.894531 0.703125 0.894531 0.705078 0.896484 0.705078 0.902344 0.712891 0.902344 0.714844 0.904297 0.716797 0.904297 0.718750 0.906250 0.724609 0.906250 0.724609 0.904297 0.726562 0.902344 0.728516 0.902344 0.730469 0.900391 0.734375 0.900391 0.736328 0.902344 0.736328 0.904297 0.738281 0.906250 0.738281 0.912109 0.736328 0.914062 0.736328 0.916016 0.734375 0.917969 0.736328 0.917969 0.738281 0.919922 0.738281 0.921875 0.740234 0.923828 0.742188 0.923828 0.742188 0.921875 0.744141 0.919922 0.744141 0.917969 0.748047 0.914062 0.750000 0.914062 0.755859 0.908203 0.761719 0.914062 0.761719 0.916016 0.757812 0.919922 0.755859 0.919922 0.753906 0.921875 0.753906 0.929688 0.751953 0.931641 0.742188 0.931641 0.740234 0.933594 0.736328 0.933594 0.736328 0.941406 0.738281 0.941406 0.742188 0.945312 0.748047 0.945312 0.750000 0.943359 0.751953 0.943359 0.753906 0.945312 0.751953 0.947266 0.751953 0.949219 0.757812 0.949219 0.759766 0.951172 0.755859 0.955078 0.753906 0.955078 0.755859 0.955078 0.757812 0.957031 0.757812 0.958984 0.755859 0.960938 0.753906 0.960938 0.751953 0.958984 0.750000 0.958984 0.748047 0.957031 0.736328 0.957031 0.732422 0.960938 0.732422 0.962891 0.726562 0.968750 0.726562 0.972656 0.724609 0.974609 0.724609 0.988281 0.732422 0.988281 0.736328 0.992188 0.757812 0.992188 0.751953 0.992188 0.750000 0.990234 0.750000 0.984375 0.751953 0.982422 0.753906 0.982422 0.751953 0.980469 0.751953 0.972656 0.755859 0.968750 0.757812 0.968750 0.759766 0.970703 0.759766 0.978516 0.761719 0.980469 0.761719 0.984375 0.763672 0.986328 0.769531 0.986328 0.767578 0.984375 0.767578 0.978516 0.765625 0.976562 0.767578 0.974609 0.767578 0.972656 0.769531 0.970703 0.769531 0.968750 0.771484 0.966797 0.771484 0.964844 0.773438 0.962891 0.775391 0.962891 0.777344 0.964844 0.777344 0.966797 0.775391 0.968750 0.775391 0.970703 0.777344 0.972656 0.775391 0.974609 0.775391 0.976562 0.777344 0.978516 0.777344 0.980469 0.779297 0.980469 0.787109 0.988281 0.783203 0.992188 0.882812 0.992188 0.882812 0.988281 0.884766 0.986328 0.892578 0.986328 0.896484 0.990234 0.900391 0.990234 0.902344 0.992188 0.992188 0.992188 0.992188 0.898438 0.990234 0.898438 0.988281 0.900391 0.980469 0.900391 0.976562 0.896484 0.970703 0.896484 0.964844 0.890625 0.964844 0.875000 0.966797 0.873047 0.968750 0.873047 0.968750 0.871094 0.970703 0.869141 0.972656 0.869141 0.974609 0.867188 0.980469 0.867188 0.980469 0.865234 0.988281 0.857422 0.990234 0.857422 0.990234 0.855469 0.992188 0.853516 0.992188 0.810547 0.990234 0.810547 0.988281 0.808594 0.986328 0.808594 0.984375 0.806641 0.976562 0.806641 0.974609 0.808594 0.953125 0.808594 0.949219 0.812500 0.947266 0.812500 0.945312 0.810547 0.943359 0.810547 0.933594 0.800781 0.933594 0.792969 0.935547 0.791016 0.935547 0.789062 0.937500 0.787109 0.937500 0.785156 0.939453 0.783203 0.939453 0.781250 0.941406 0.779297 0.943359 0.779297 0.943359 0.777344 0.945312 0.775391 0.945312 0.773438 0.947266 0.771484 0.949219 0.773438 0.957031 0.773438 0.958984 0.775391 0.960938 0.775391 0.960938 0.773438 0.962891 0.771484 0.966797 0.775391 0.968750 0.775391 0.970703 0.777344 0.970703 0.779297 0.974609 0.779297 0.976562 0.777344 0.978516 0.779297 0.978516 0.777344 0.980469 0.775391 0.980469 0.773438 0.990234 0.763672 0.990234 0.761719 0.988281 0.759766 0.986328 0.759766 0.982422 0.763672 0.980469 0.761719 0.980469 0.759766 0.978516 0.757812 0.978516 0.748047 0.976562 0.748047 0.974609 0.746094 0.970703 0.746094 0.968750 0.744141 0.968750 0.742188 0.960938 0.742188 0.958984 0.740234 0.958984 0.738281 0.957031 0.736328 0.957031 0.734375 0.955078 0.732422 0.955078 0.734375 0.953125 0.736328 0.951172 0.736328 0.947266 0.732422 0.949219 0.730469 0.951172 0.730469 0.949219 0.728516 0.951172 0.726562 0.947266 0.722656 0.947266 0.716797 0.945312 0.714844 0.947266 0.712891 0.947266 0.710938 0.945312 0.708984 0.945312 0.705078 0.947266 0.703125 0.947266 0.701172 0.955078 0.693359 0.955078 0.691406 0.957031 0.689453 0.957031 0.687500 0.958984 0.685547 0.958984 0.673828 0.953125 0.673828 0.949219 0.677734 0.937500 0.677734 0.935547 0.675781 0.933594 0.675781 0.931641 0.677734 0.929688 0.677734 0.925781 0.681641 0.923828 0.681641 0.921875 0.683594 0.917969 0.683594 0.914062 0.687500 0.912109 0.687500 0.910156 0.685547 0.900391 0.685547 0.898438 0.683594 0.890625 0.683594 0.884766 0.689453 0.882812 0.689453 0.880859 0.691406 0.878906 0.689453 0.876953 0.689453 0.875000 0.687500 0.873047 0.687500 0.871094 0.685547 0.871094 0.681641 0.863281 0.689453 0.859375 0.689453 0.857422 0.691406 0.855469 0.691406 0.855469 0.693359 0.853516 0.695312 0.855469 0.697266 0.855469 0.699219 0.857422 0.701172 0.857422 0.705078 0.859375 0.707031 0.861328 0.707031 0.867188 0.712891 0.867188 0.714844 0.865234 0.716797 0.865234 0.720703 0.867188 0.722656 0.867188 0.724609 0.871094 0.728516 0.873047 0.728516 0.875000 0.726562 0.890625 0.726562 0.892578 0.728516 0.892578 0.730469 0.894531 0.732422 0.894531 0.736328 0.896484 0.738281 0.896484 0.740234 0.898438 0.740234 0.900391 0.742188 0.904297 0.742188 0.906250 0.744141 0.910156 0.744141 0.912109 0.746094 0.912109 0.748047 0.916016 0.748047 0.917969 0.746094 0.921875 0.750000 0.921875 0.751953 0.914062 0.759766 0.912109 0.759766 0.910156 0.761719 0.908203 0.759766 0.906250 0.759766 0.904297 0.757812 0.904297 0.755859 0.896484 0.755859 0.894531 0.753906 0.888672 0.753906 0.886719 0.755859 0.882812 0.755859 0.882812 0.757812 0.880859 0.759766 0.880859 0.761719 0.878906 0.763672 0.875000 0.763672 0.873047 0.765625 0.871094 0.765625 0.869141 0.767578 0.857422 0.767578 0.855469 0.769531 0.855469 0.773438 0.857422 0.775391 0.857422 0.779297 0.855469 0.781250 0.859375 0.781250 0.861328 0.783203 0.857422 0.787109 0.857422 0.791016 0.855469 0.792969 0.853516 0.792969 0.851562 0.794922 0.851562 0.796875 0.849609 0.798828 0.847656 0.796875 0.845703 0.798828 0.843750 0.798828 0.841797 0.800781 0.839844 0.800781 0.837891 0.802734 0.828125 0.802734 0.826172 0.804688 0.824219 0.804688 0.822266 0.806641 0.820312 0.806641 0.818359 0.808594 0.816406 0.808594 0.812500 0.812500 0.812500 0.818359 0.814453 0.820312 0.814453 0.822266 0.812500 0.824219 0.810547 0.824219 0.808594 0.826172 0.806641 0.826172 0.804688 0.828125 0.800781 0.828125 0.796875 0.824219 0.794922 0.824219 0.792969 0.826172 0.791016 0.826172 0.791016 0.830078 0.789062 0.832031 0.789062 0.835938 0.785156 0.839844 0.785156 0.847656 0.787109 0.849609 0.789062 0.849609 0.791016 0.851562 0.791016 0.855469 0.792969 0.857422 0.792969 0.859375 0.794922 0.861328 0.794922 0.865234 0.792969 0.867188 0.783203 0.857422 0.783203 0.855469 0.767578 0.855469 0.763672 0.859375 0.763672 0.861328 0.761719 0.863281 0.759766 0.863281 0.759766 0.865234 0.757812 0.867188 0.757812 0.869141 0.755859 0.871094 0.755859 0.892578 0.750000 0.898438 0.750000 0.900391 0.748047 0.902344 0.746094 0.902344 0.742188 0.898438 0.742188 0.888672 0.746094 0.884766 0.746094 0.882812 0.748047 0.880859 0.748047 0.875000 0.746094 0.873047 0.746094 0.871094 0.742188 0.867188 0.742188 0.861328 0.746094 0.857422 0.748047 0.857422 0.748047 0.855469 0.751953 0.851562 0.751953 0.849609 0.755859 0.845703 0.755859 0.841797 0.759766 0.837891 0.761719 0.837891 0.765625 0.833984 0.769531 0.833984 0.769531 0.832031 0.775391 0.826172 0.775391 0.824219 0.777344 0.822266 0.777344 0.820312 0.779297 0.818359 0.781250 0.818359 0.781250 0.816406 0.783203 0.814453 0.783203 0.798828 0.785156 0.796875 0.781250 0.792969 0.781250 0.791016 0.777344 0.787109 0.777344 0.785156 0.779297 0.783203 0.777344 0.781250 0.777344 0.779297 0.779297 0.777344 0.779297 0.771484 0.781250 0.769531 0.781250 0.767578 0.783203 0.765625 0.783203 0.757812 0.785156 0.755859 0.785156 0.751953 0.789062 0.748047 0.791016 0.748047 0.791016 0.746094 0.792969 0.744141 0.792969 0.738281 0.787109 0.732422 0.787109 0.730469 0.785156 0.730469 0.783203 0.728516 0.783203 0.726562 0.781250 0.724609 0.779297 0.724609 0.775391 0.720703 0.771484 0.720703 0.769531 0.718750 0.767578 0.718750 0.765625 0.716797 0.763672 0.716797 0.761719 0.714844 0.761719 0.712891 0.757812 0.712891 0.755859 0.710938 0.750000 0.710938 0.748047 0.708984 0.738281 0.708984 0.736328 0.710938 0.732422 0.710938 0.732422 0.712891 0.734375 0.714844 0.734375 0.716797 0.730469 0.720703 0.728516 0.720703 0.728516 0.722656 0.726562 0.724609 0.728516 0.726562 0.728516 0.728516 0.726562 0.730469 0.724609 0.730469 0.722656 0.732422 0.720703 0.732422 0.720703 0.736328 0.718750 0.738281 0.718750 0.740234 0.716797 0.742188 0.708984 0.742188 0.705078 0.738281 0.705078 0.736328 0.703125 0.736328 0.701172 0.734375 0.689453 0.734375 0.687500 0.732422 0.685547 0.732422 0.683594 0.730469 0.681641 0.730469 0.673828 0.722656 0.671875 0.722656 0.666016 0.716797 0.667969 0.714844 0.669922 0.714844 0.669922 0.712891 0.675781 0.707031 0.675781 0.693359 0.671875 0.693359 0.666016 0.687500 0.666016 0.685547 0.664062 0.683594 0.667969 0.679688 0.667969 0.677734 0.664062 0.673828 0.664062 0.667969 0.662109 0.666016 0.664062 0.664062 0.664062 0.660156 0.666016 0.658203 0.667969 0.658203 0.667969 0.654297 0.660156 0.654297 0.658203 0.656250 0.656250 0.654297 0.656250 0.652344 0.658203 0.650391 0.656250 0.648438 0.656250 0.646484 0.644531 0.634766
0 0.099609 0.621094 0.097656 0.623047 0.097656 0.636719 0.101562 0.640625 0.113281 0.640625 0.113281 0.623047 0.111328 0.623047 0.109375 0.621094
0 0.091797 0.587891 0.091797 0.591797 0.093750 0.593750 0.095703 0.593750 0.099609 0.597656 0.103516 0.597656 0.105469 0.595703 0.105469 0.591797 0.103516 0.589844 0.099609 0.589844 0.097656 0.587891
0 0.613281 0.562500 0.613281 0.566406 0.615234 0.568359 0.615234 0.572266 0.617188 0.574219 0.617188 0.578125 0.619141 0.578125 0.621094 0.576172 0.625000 0.576172 0.626953 0.574219 0.626953 0.568359 0.625000 0.566406 0.623047 0.566406 0.619141 0.562500
0 0.169922 0.554688 0.169922 0.560547 0.175781 0.560547 0.177734 0.558594 0.177734 0.554688
0 0.078125 0.550781 0.076172 0.552734 0.070312 0.552734 0.072266 0.552734 0.076172 0.556641 0.078125 0.556641 0.080078 0.554688 0.080078 0.552734 0.082031 0.550781 0.083984 0.550781 0.085938 0.552734 0.089844 0.552734 0.087891 0.550781
0 0.193359 0.542969 0.193359 0.546875 0.197266 0.546875 0.199219 0.544922 0.201172 0.544922 0.199219 0.542969
0 0.386719 0.539062 0.384766 0.541016 0.382812 0.541016 0.376953 0.546875 0.376953 0.552734 0.380859 0.556641 0.380859 0.558594 0.382812 0.560547 0.384766 0.560547 0.386719 0.562500 0.386719 0.560547 0.388672 0.558594 0.390625 0.558594 0.390625 0.556641 0.392578 0.554688 0.392578 0.544922
0 0.990234 0.527344 0.990234 0.537109 0.992188 0.539062 0.992188 0.544922 0.992188 0.527344
0 0.337891 0.523438 0.332031 0.529297 0.328125 0.529297 0.328125 0.537109 0.332031 0.537109 0.333984 0.535156 0.333984 0.533203 0.335938 0.531250 0.337891 0.531250 0.339844 0.529297 0.345703 0.529297 0.347656 0.527344 0.347656 0.523438
0 0.144531 0.509766 0.140625 0.513672 0.140625 0.515625 0.136719 0.519531 0.136719 0.525391 0.134766 0.527344 0.134766 0.535156 0.136719 0.537109 0.138672 0.537109 0.140625 0.539062 0.144531 0.539062 0.150391 0.544922 0.160156 0.544922 0.160156 0.533203 0.158203 0.533203 0.152344 0.527344 0.152344 0.523438 0.154297 0.521484 0.154297 0.513672 0.150391 0.509766
0 0.203125 0.488281 0.201172 0.490234 0.199219 0.490234 0.197266 0.492188 0.199219 0.492188 0.205078 0.498047 0.210938 0.498047 0.203125 0.490234
0 0.279297 0.451172 0.277344 0.453125 0.275391 0.453125 0.273438 0.455078 0.271484 0.455078 0.269531 0.457031 0.267578 0.457031 0.267578 0.458984 0.265625 0.460938 0.263672 0.460938 0.255859 0.468750 0.248047 0.468750 0.244141 0.472656 0.242188 0.472656 0.242188 0.474609 0.240234 0.476562 0.238281 0.476562 0.234375 0.480469 0.230469 0.480469 0.228516 0.482422 0.228516 0.486328 0.226562 0.488281 0.222656 0.488281 0.220703 0.490234 0.218750 0.490234 0.218750 0.498047 0.216797 0.500000 0.216797 0.501953 0.220703 0.505859 0.222656 0.503906 0.224609 0.503906 0.226562 0.505859 0.226562 0.513672 0.224609 0.515625 0.224609 0.517578 0.214844 0.527344 0.207031 0.527344 0.207031 0.529297 0.208984 0.531250 0.208984 0.533203 0.216797 0.533203 0.218750 0.531250 0.222656 0.535156 0.220703 0.537109 0.220703 0.548828 0.216797 0.552734 0.210938 0.552734 0.207031 0.556641 0.207031 0.558594 0.203125 0.562500 0.203125 0.564453 0.201172 0.566406 0.199219 0.566406 0.199219 0.568359 0.197266 0.570312 0.197266 0.572266 0.203125 0.572266 0.207031 0.576172 0.205078 0.578125 0.205078 0.580078 0.203125 0.582031 0.201172 0.582031 0.199219 0.580078 0.197266 0.580078 0.195312 0.582031 0.193359 0.582031 0.193359 0.587891 0.191406 0.589844 0.191406 0.593750 0.189453 0.595703 0.193359 0.599609 0.191406 0.601562 0.191406 0.607422 0.189453 0.609375 0.185547 0.609375 0.183594 0.607422 0.183594 0.605469 0.181641 0.603516 0.179688 0.603516 0.169922 0.593750 0.169922 0.591797 0.167969 0.589844 0.166016 0.591797 0.162109 0.591797 0.162109 0.593750 0.160156 0.595703 0.160156 0.605469 0.166016 0.611328 0.166016 0.613281 0.167969 0.615234 0.167969 0.617188 0.173828 0.611328 0.179688 0.611328 0.183594 0.615234 0.183594 0.617188 0.185547 0.619141 0.185547 0.630859 0.183594 0.632812 0.181641 0.632812 0.179688 0.634766 0.177734 0.634766 0.175781 0.632812 0.175781 0.630859 0.177734 0.628906 0.181641 0.628906 0.181641 0.626953 0.179688 0.626953 0.177734 0.628906 0.173828 0.628906 0.171875 0.630859 0.171875 0.632812 0.167969 0.636719 0.167969 0.638672 0.166016 0.640625 0.166016 0.648438 0.167969 0.650391 0.164062 0.654297 0.162109 0.652344 0.158203 0.652344 0.156250 0.654297 0.154297 0.654297 0.152344 0.656250 0.152344 0.658203 0.150391 0.660156 0.148438 0.660156 0.144531 0.664062 0.142578 0.664062 0.138672 0.667969 0.138672 0.671875 0.134766 0.675781 0.132812 0.675781 0.134766 0.675781 0.138672 0.679688 0.138672 0.681641 0.140625 0.681641 0.144531 0.677734 0.144531 0.671875 0.148438 0.667969 0.150391 0.667969 0.152344 0.666016 0.156250 0.666016 0.158203 0.667969 0.158203 0.669922 0.160156 0.671875 0.160156 0.673828 0.162109 0.675781 0.164062 0.675781 0.166016 0.677734 0.166016 0.679688 0.167969 0.681641 0.171875 0.681641 0.171875 0.671875 0.169922 0.669922 0.164062 0.669922 0.162109 0.667969 0.162109 0.666016 0.166016 0.662109 0.171875 0.662109 0.173828 0.660156 0.177734 0.660156 0.173828 0.656250 0.173828 0.654297 0.175781 0.652344 0.179688 0.652344 0.181641 0.654297 0.183594 0.654297 0.185547 0.656250 0.185547 0.658203 0.189453 0.658203 0.191406 0.660156 0.199219 0.660156 0.203125 0.656250 0.201172 0.656250 0.199219 0.654297 0.201172 0.652344 0.203125 0.652344 0.203125 0.650391 0.205078 0.648438 0.207031 0.650391 0.207031 0.654297 0.214844 0.654297 0.214844 0.652344 0.216797 0.650391 0.216797 0.648438 0.218750 0.646484 0.224609 0.646484 0.226562 0.648438 0.228516 0.648438 0.230469 0.650391 0.234375 0.650391 0.236328 0.652344 0.238281 0.652344 0.242188 0.656250 0.242188 0.658203 0.238281 0.662109 0.234375 0.662109 0.234375 0.666016 0.236328 0.666016 0.242188 0.671875 0.246094 0.671875 0.248047 0.669922 0.250000 0.669922 0.251953 0.671875 0.250000 0.673828 0.250000 0.675781 0.251953 0.677734 0.253906 0.677734 0.257812 0.681641 0.259766 0.681641 0.261719 0.683594 0.261719 0.687500 0.263672 0.689453 0.263672 0.691406 0.275391 0.691406 0.277344 0.693359 0.273438 0.697266 0.271484 0.697266 0.269531 0.699219 0.269531 0.701172 0.267578 0.703125 0.267578 0.714844 0.269531 0.714844 0.269531 0.712891 0.271484 0.710938 0.275391 0.710938 0.281250 0.705078 0.287109 0.705078 0.289062 0.707031 0.289062 0.708984 0.287109 0.710938 0.287109 0.718750 0.279297 0.726562 0.279297 0.730469 0.277344 0.732422 0.273438 0.732422 0.271484 0.734375 0.269531 0.734375 0.269531 0.736328 0.267578 0.738281 0.267578 0.742188 0.263672 0.746094 0.261719 0.746094 0.251953 0.736328 0.246094 0.736328 0.244141 0.734375 0.242188 0.734375 0.240234 0.732422 0.240234 0.722656 0.236328 0.722656 0.228516 0.730469 0.228516 0.732422 0.220703 0.740234 0.218750 0.740234 0.216797 0.738281 0.214844 0.738281 0.212891 0.736328 0.212891 0.734375 0.210938 0.732422 0.199219 0.732422 0.199219 0.734375 0.197266 0.736328 0.195312 0.734375 0.193359 0.734375 0.191406 0.732422 0.189453 0.732422 0.187500 0.730469 0.187500 0.728516 0.189453 0.726562 0.187500 0.724609 0.181641 0.724609 0.179688 0.722656 0.173828 0.722656 0.169922 0.718750 0.167969 0.718750 0.164062 0.714844 0.164062 0.712891 0.162109 0.712891 0.160156 0.710938 0.160156 0.708984 0.146484 0.708984 0.144531 0.710938 0.140625 0.710938 0.136719 0.707031 0.132812 0.707031 0.130859 0.708984 0.130859 0.714844 0.134766 0.718750 0.134766 0.722656 0.130859 0.726562 0.123047 0.726562 0.119141 0.730469 0.113281 0.730469 0.111328 0.732422 0.109375 0.732422 0.105469 0.736328 0.101562 0.736328 0.099609 0.734375 0.099609 0.730469 0.097656 0.730469 0.095703 0.728516 0.095703 0.726562 0.091797 0.722656 0.091797 0.720703 0.089844 0.718750 0.087891 0.718750 0.083984 0.714844 0.082031 0.716797 0.082031 0.720703 0.080078 0.722656 0.074219 0.722656 0.072266 0.724609 0.066406 0.724609 0.066406 0.726562 0.064453 0.728516 0.064453 0.730469 0.062500 0.732422 0.060547 0.732422 0.060547 0.736328 0.058594 0.738281 0.058594 0.742188 0.056641 0.744141 0.056641 0.748047 0.058594 0.750000 0.058594 0.753906 0.060547 0.755859 0.062500 0.755859 0.064453 0.757812 0.066406 0.757812 0.068359 0.759766 0.072266 0.759766 0.074219 0.761719 0.076172 0.761719 0.078125 0.763672 0.085938 0.763672 0.089844 0.759766 0.091797 0.761719 0.091797 0.765625 0.089844 0.767578 0.087891 0.767578 0.087891 0.777344 0.085938 0.779297 0.087891 0.781250 0.089844 0.781250 0.091797 0.783203 0.091797 0.785156 0.089844 0.787109 0.089844 0.789062 0.087891 0.791016 0.087891 0.794922 0.091797 0.798828 0.091797 0.800781 0.095703 0.804688 0.095703 0.810547 0.097656 0.812500 0.097656 0.814453 0.091797 0.820312 0.089844 0.820312 0.087891 0.822266 0.085938 0.822266 0.083984 0.820312 0.083984 0.812500 0.085938 0.810547 0.085938 0.808594 0.083984 0.808594 0.082031 0.806641 0.076172 0.812500 0.074219 0.812500 0.072266 0.814453 0.072266 0.816406 0.070312 0.818359 0.074219 0.822266 0.076172 0.822266 0.078125 0.820312 0.080078 0.822266 0.080078 0.826172 0.083984 0.830078 0.083984 0.832031 0.082031 0.833984 0.080078 0.833984 0.080078 0.835938 0.082031 0.835938 0.083984 0.837891 0.083984 0.839844 0.087891 0.843750 0.087891 0.845703 0.089844 0.847656 0.089844 0.851562 0.091797 0.853516 0.091797 0.855469 0.089844 0.857422 0.089844 0.859375 0.087891 0.861328 0.078125 0.861328 0.076172 0.859375 0.076172 0.857422 0.074219 0.855469 0.074219 0.853516 0.070312 0.849609 0.070312 0.843750 0.068359 0.841797 0.060547 0.841797 0.058594 0.839844 0.058594 0.832031 0.042969 0.832031 0.039062 0.828125 0.037109 0.828125 0.033203 0.824219 0.035156 0.822266 0.035156 0.820312 0.037109 0.818359 0.042969 0.818359 0.044922 0.820312 0.046875 0.818359 0.046875 0.816406 0.048828 0.814453 0.048828 0.812500 0.046875 0.812500 0.044922 0.814453 0.042969 0.812500 0.042969 0.808594 0.037109 0.808594 0.033203 0.812500 0.029297 0.812500 0.031250 0.814453 0.027344 0.818359 0.023438 0.818359 0.021484 0.816406 0.021484 0.814453 0.019531 0.812500 0.015625 0.812500 0.013672 0.810547 0.009766 0.810547 0.007812 0.808594 0.007812 0.806641 0.003906 0.802734 0.003906 0.800781 0.001953 0.802734 0.000000 0.802734 0.000000 0.828125 0.001953 0.830078 0.001953 0.832031 0.003906 0.833984 0.003906 0.835938 0.009766 0.841797 0.011719 0.841797 0.013672 0.843750 0.013672 0.847656 0.011719 0.849609 0.000000 0.849609 0.000000 0.908203 0.001953 0.910156 0.001953 0.921875 0.000000 0.923828 0.000000 0.988281 0.003906 0.988281 0.007812 0.992188 0.031250 0.992188 0.031250 0.984375 0.029297 0.986328 0.027344 0.984375 0.025391 0.984375 0.023438 0.982422 0.021484 0.984375 0.017578 0.980469 0.017578 0.978516 0.015625 0.976562 0.015625 0.972656 0.017578 0.970703 0.015625 0.968750 0.015625 0.955078 0.017578 0.953125 0.017578 0.951172 0.019531 0.949219 0.019531 0.941406 0.017578 0.939453 0.019531 0.937500 0.031250 0.937500 0.033203 0.939453 0.037109 0.939453 0.041016 0.943359 0.042969 0.943359 0.044922 0.945312 0.046875 0.945312 0.048828 0.943359 0.050781 0.945312 0.052734 0.943359 0.058594 0.943359 0.060547 0.941406 0.060547 0.937500 0.058594 0.935547 0.058594 0.931641 0.056641 0.929688 0.056641 0.927734 0.058594 0.925781 0.062500 0.925781 0.066406 0.921875 0.066406 0.919922 0.070312 0.916016 0.072266 0.916016 0.074219 0.914062 0.076172 0.914062 0.078125 0.912109 0.082031 0.912109 0.083984 0.910156 0.085938 0.910156 0.085938 0.906250 0.091797 0.900391 0.095703 0.904297 0.099609 0.904297 0.101562 0.906250 0.105469 0.906250 0.107422 0.904297 0.109375 0.904297 0.111328 0.902344 0.115234 0.902344 0.117188 0.904297 0.123047 0.904297 0.125000 0.906250 0.126953 0.906250 0.130859 0.910156 0.130859 0.914062 0.134766 0.917969 0.134766 0.919922 0.132812 0.921875 0.130859 0.919922 0.126953 0.919922 0.125000 0.917969 0.123047 0.917969 0.121094 0.916016 0.109375 0.916016 0.109375 0.919922 0.107422 0.921875 0.107422 0.927734 0.109375 0.929688 0.109375 0.937500 0.117188 0.945312 0.117188 0.947266 0.119141 0.949219 0.121094 0.949219 0.123047 0.951172 0.132812 0.951172 0.134766 0.949219 0.136719 0.949219 0.142578 0.943359 0.142578 0.941406 0.144531 0.939453 0.144531 0.931641 0.148438 0.927734 0.154297 0.927734 0.156250 0.925781 0.162109 0.931641 0.164062 0.931641 0.169922 0.937500 0.171875 0.935547 0.173828 0.935547 0.177734 0.939453 0.179688 0.939453 0.181641 0.941406 0.185547 0.941406 0.187500 0.939453 0.187500 0.937500 0.189453 0.935547 0.191406 0.937500 0.193359 0.937500 0.195312 0.935547 0.201172 0.935547 0.205078 0.939453 0.207031 0.937500 0.208984 0.939453 0.208984 0.937500 0.210938 0.935547 0.210938 0.931641 0.214844 0.927734 0.224609 0.927734 0.224609 0.923828 0.226562 0.921875 0.226562 0.917969 0.228516 0.916016 0.228516 0.914062 0.222656 0.908203 0.222656 0.904297 0.224609 0.902344 0.224609 0.900391 0.222656 0.898438 0.222656 0.878906 0.220703 0.876953 0.220703 0.875000 0.216797 0.875000 0.214844 0.873047 0.214844 0.869141 0.212891 0.869141 0.210938 0.867188 0.210938 0.865234 0.212891 0.863281 0.214844 0.863281 0.216797 0.861328 0.212891 0.857422 0.212891 0.855469 0.210938 0.857422 0.207031 0.857422 0.205078 0.855469 0.203125 0.857422 0.203125 0.861328 0.201172 0.863281 0.197266 0.863281 0.195312 0.861328 0.195312 0.859375 0.193359 0.857422 0.193359 0.849609 0.197266 0.845703 0.199219 0.845703 0.201172 0.847656 0.203125 0.845703 0.205078 0.845703 0.207031 0.847656 0.205078 0.845703 0.205078 0.835938 0.201172 0.839844 0.197266 0.835938 0.197266 0.833984 0.199219 0.832031 0.201172 0.832031 0.201172 0.828125 0.199219 0.826172 0.195312 0.826172 0.193359 0.824219 0.193359 0.816406 0.191406 0.814453 0.193359 0.812500 0.193359 0.806641 0.191406 0.804688 0.189453 0.804688 0.187500 0.802734 0.185547 0.802734 0.177734 0.794922 0.175781 0.794922 0.173828 0.792969 0.173828 0.791016 0.171875 0.789062 0.171875 0.781250 0.167969 0.777344 0.167969 0.775391 0.166016 0.773438 0.169922 0.769531 0.171875 0.769531 0.173828 0.767578 0.177734 0.767578 0.179688 0.765625 0.181641 0.765625 0.183594 0.763672 0.185547 0.763672 0.187500 0.761719 0.193359 0.761719 0.197266 0.765625 0.197266 0.767578 0.207031 0.767578 0.208984 0.769531 0.208984 0.773438 0.205078 0.777344 0.205078 0.779297 0.203125 0.781250 0.203125 0.783203 0.201172 0.785156 0.201172 0.787109 0.212891 0.787109 0.218750 0.792969 0.218750 0.808594 0.214844 0.812500 0.214844 0.814453 0.224609 0.814453 0.226562 0.816406 0.232422 0.816406 0.234375 0.818359 0.242188 0.818359 0.244141 0.820312 0.250000 0.820312 0.251953 0.822266 0.253906 0.822266 0.255859 0.824219 0.255859 0.826172 0.257812 0.828125 0.257812 0.830078 0.255859 0.832031 0.253906 0.832031 0.253906 0.835938 0.250000 0.839844 0.250000 0.843750 0.253906 0.843750 0.259766 0.837891 0.273438 0.837891 0.277344 0.841797 0.283203 0.841797 0.285156 0.843750 0.285156 0.847656 0.287109 0.849609 0.289062 0.849609 0.291016 0.851562 0.291016 0.853516 0.292969 0.853516 0.294922 0.855469 0.294922 0.859375 0.300781 0.859375 0.302734 0.857422 0.302734 0.849609 0.294922 0.849609 0.292969 0.847656 0.292969 0.845703 0.291016 0.843750 0.291016 0.841797 0.289062 0.841797 0.287109 0.839844 0.287109 0.835938 0.285156 0.833984 0.285156 0.832031 0.283203 0.830078 0.283203 0.826172 0.285156 0.824219 0.285156 0.820312 0.289062 0.816406 0.291016 0.816406 0.291016 0.808594 0.287109 0.808594 0.283203 0.812500 0.279297 0.812500 0.277344 0.814453 0.275391 0.814453 0.273438 0.812500 0.273438 0.808594 0.275391 0.806641 0.275391 0.804688 0.271484 0.800781 0.271484 0.794922 0.269531 0.792969 0.269531 0.785156 0.267578 0.783203 0.267578 0.777344 0.265625 0.777344 0.263672 0.775391 0.263672 0.767578 0.265625 0.765625 0.269531 0.765625 0.271484 0.763672 0.273438 0.763672 0.275391 0.765625 0.275391 0.777344 0.277344 0.779297 0.277344 0.783203 0.279297 0.785156 0.279297 0.789062 0.281250 0.791016 0.281250 0.792969 0.283203 0.794922 0.283203 0.798828 0.285156 0.800781 0.287109 0.800781 0.289062 0.798828 0.291016 0.800781 0.292969 0.800781 0.298828 0.806641 0.298828 0.810547 0.300781 0.810547 0.304688 0.814453 0.304688 0.818359 0.306641 0.820312 0.306641 0.824219 0.308594 0.826172 0.308594 0.828125 0.310547 0.830078 0.310547 0.833984 0.312500 0.833984 0.314453 0.835938 0.314453 0.841797 0.316406 0.843750 0.316406 0.849609 0.318359 0.851562 0.328125 0.851562 0.330078 0.853516 0.330078 0.855469 0.335938 0.861328 0.335938 0.863281 0.343750 0.871094 0.345703 0.871094 0.347656 0.873047 0.353516 0.873047 0.357422 0.876953 0.361328 0.876953 0.363281 0.878906 0.363281 0.886719 0.369141 0.892578 0.369141 0.904297 0.371094 0.906250 0.371094 0.908203 0.373047 0.910156 0.373047 0.916016 0.375000 0.917969 0.375000 0.919922 0.376953 0.919922 0.378906 0.921875 0.378906 0.923828 0.380859 0.925781 0.380859 0.927734 0.390625 0.937500 0.398438 0.937500 0.400391 0.939453 0.402344 0.939453 0.404297 0.941406 0.404297 0.953125 0.408203 0.957031 0.408203 0.958984 0.410156 0.958984 0.412109 0.957031 0.419922 0.957031 0.425781 0.951172 0.427734 0.951172 0.427734 0.947266 0.429688 0.945312 0.429688 0.943359 0.431641 0.941406 0.431641 0.937500 0.433594 0.935547 0.437500 0.935547 0.437500 0.933594 0.439453 0.931641 0.439453 0.929688 0.441406 0.927734 0.441406 0.916016 0.439453 0.916016 0.437500 0.914062 0.441406 0.910156 0.443359 0.910156 0.447266 0.906250 0.447266 0.904297 0.451172 0.900391 0.453125 0.900391 0.455078 0.898438 0.455078 0.886719 0.453125 0.884766 0.453125 0.882812 0.451172 0.880859 0.451172 0.876953 0.449219 0.875000 0.449219 0.873047 0.445312 0.873047 0.441406 0.869141 0.441406 0.865234 0.439453 0.863281 0.439453 0.859375 0.437500 0.857422 0.437500 0.855469 0.435547 0.855469 0.433594 0.853516 0.433594 0.851562 0.429688 0.847656 0.429688 0.845703 0.427734 0.845703 0.423828 0.841797 0.423828 0.837891 0.419922 0.833984 0.419922 0.832031 0.417969 0.830078 0.417969 0.828125 0.416016 0.826172 0.416016 0.816406 0.414062 0.814453 0.414062 0.810547 0.416016 0.808594 0.416016 0.791016 0.414062 0.789062 0.414062 0.787109 0.412109 0.785156 0.412109 0.783203 0.410156 0.781250 0.410156 0.777344 0.406250 0.773438 0.408203 0.771484 0.408203 0.757812 0.406250 0.755859 0.406250 0.753906 0.404297 0.751953 0.404297 0.750000 0.400391 0.746094 0.400391 0.740234 0.398438 0.740234 0.396484 0.738281 0.396484 0.736328 0.394531 0.734375 0.394531 0.732422 0.388672 0.726562 0.388672 0.724609 0.386719 0.722656 0.384766 0.722656 0.382812 0.720703 0.382812 0.714844 0.380859 0.712891 0.380859 0.710938 0.376953 0.707031 0.376953 0.705078 0.375000 0.705078 0.371094 0.701172 0.371094 0.699219 0.367188 0.695312 0.369141 0.693359 0.371094 0.693359 0.371094 0.679688 0.367188 0.675781 0.367188 0.673828 0.365234 0.673828 0.361328 0.669922 0.355469 0.669922 0.353516 0.671875 0.345703 0.671875 0.339844 0.666016 0.339844 0.664062 0.337891 0.662109 0.335938 0.662109 0.330078 0.667969 0.322266 0.667969 0.320312 0.666016 0.320312 0.664062 0.312500 0.664062 0.310547 0.666016 0.308594 0.666016 0.306641 0.664062 0.300781 0.664062 0.296875 0.660156 0.298828 0.658203 0.298828 0.656250 0.296875 0.654297 0.296875 0.652344 0.291016 0.646484 0.291016 0.644531 0.292969 0.642578 0.294922 0.642578 0.296875 0.640625 0.296875 0.634766 0.298828 0.632812 0.300781 0.632812 0.300781 0.630859 0.302734 0.628906 0.302734 0.611328 0.304688 0.609375 0.304688 0.607422 0.306641 0.605469 0.306641 0.603516 0.310547 0.599609 0.312500 0.599609 0.314453 0.597656 0.314453 0.595703 0.312500 0.593750 0.312500 0.591797 0.310547 0.589844 0.312500 0.587891 0.316406 0.587891 0.318359 0.589844 0.324219 0.589844 0.326172 0.591797 0.326172 0.593750 0.332031 0.599609 0.332031 0.603516 0.333984 0.605469 0.335938 0.605469 0.337891 0.607422 0.337891 0.609375 0.343750 0.609375 0.349609 0.603516 0.353516 0.603516 0.355469 0.601562 0.367188 0.601562 0.367188 0.599609 0.369141 0.597656 0.369141 0.595703 0.373047 0.591797 0.375000 0.591797 0.376953 0.589844 0.376953 0.582031 0.375000 0.582031 0.373047 0.580078 0.373047 0.572266 0.371094 0.570312 0.371094 0.566406 0.369141 0.564453 0.369141 0.560547 0.367188 0.558594 0.367188 0.556641 0.363281 0.552734 0.363281 0.550781 0.359375 0.546875 0.359375 0.544922 0.357422 0.542969 0.357422 0.541016 0.355469 0.539062 0.347656 0.539062 0.345703 0.541016 0.343750 0.541016 0.339844 0.544922 0.337891 0.544922 0.335938 0.546875 0.335938 0.550781 0.328125 0.558594 0.324219 0.558594 0.322266 0.556641 0.322266 0.544922 0.320312 0.542969 0.320312 0.541016 0.322266 0.539062 0.320312 0.537109 0.316406 0.537109 0.314453 0.535156 0.316406 0.533203 0.316406 0.529297 0.318359 0.527344 0.318359 0.525391 0.320312 0.523438 0.318359 0.521484 0.314453 0.521484 0.310547 0.517578 0.310547 0.509766 0.308594 0.507812 0.308594 0.505859 0.306641 0.503906 0.306641 0.501953 0.304688 0.500000 0.304688 0.490234 0.300781 0.486328 0.296875 0.486328 0.294922 0.484375 0.294922 0.486328 0.289062 0.492188 0.281250 0.492188 0.275391 0.486328 0.275391 0.482422 0.277344 0.480469 0.279297 0.480469 0.283203 0.476562 0.283203 0.472656 0.285156 0.470703 0.285156 0.460938 0.283203 0.458984 0.285156 0.457031 0.285156 0.455078 0.281250 0.451172
0 0.179688 0.447266 0.175781 0.451172 0.175781 0.457031 0.177734 0.458984 0.179688 0.458984 0.181641 0.460938 0.183594 0.460938 0.185547 0.462891 0.187500 0.462891 0.189453 0.464844 0.191406 0.462891 0.193359 0.464844 0.195312 0.464844 0.197266 0.462891 0.199219 0.462891 0.199219 0.460938 0.197266 0.458984 0.191406 0.458984 0.189453 0.457031 0.187500 0.457031 0.183594 0.453125 0.183594 0.449219 0.181641 0.447266
0 0.074219 0.392578 0.070312 0.396484 0.070312 0.398438 0.064453 0.404297 0.058594 0.398438 0.056641 0.398438 0.054688 0.396484 0.052734 0.398438 0.046875 0.398438 0.044922 0.400391 0.042969 0.400391 0.041016 0.402344 0.039062 0.402344 0.035156 0.406250 0.035156 0.408203 0.029297 0.414062 0.023438 0.414062 0.021484 0.416016 0.005859 0.416016 0.003906 0.414062 0.000000 0.414062 0.000000 0.554688 0.005859 0.560547 0.005859 0.562500 0.007812 0.564453 0.007812 0.566406 0.009766 0.568359 0.009766 0.570312 0.015625 0.576172 0.023438 0.576172 0.025391 0.578125 0.027344 0.578125 0.033203 0.583984 0.035156 0.583984 0.039062 0.580078 0.039062 0.576172 0.031250 0.568359 0.023438 0.568359 0.021484 0.566406 0.021484 0.556641 0.023438 0.554688 0.025391 0.554688 0.027344 0.552734 0.029297 0.552734 0.031250 0.550781 0.033203 0.550781 0.035156 0.548828 0.037109 0.548828 0.039062 0.550781 0.039062 0.554688 0.041016 0.556641 0.041016 0.552734 0.042969 0.550781 0.044922 0.550781 0.046875 0.548828 0.052734 0.548828 0.052734 0.546875 0.042969 0.546875 0.041016 0.544922 0.041016 0.541016 0.037109 0.544922 0.035156 0.544922 0.031250 0.541016 0.031250 0.539062 0.029297 0.537109 0.029297 0.527344 0.031250 0.525391 0.031250 0.523438 0.035156 0.519531 0.044922 0.519531 0.054688 0.529297 0.056641 0.529297 0.058594 0.531250 0.060547 0.531250 0.062500 0.533203 0.062500 0.535156 0.064453 0.535156 0.066406 0.537109 0.068359 0.535156 0.074219 0.535156 0.076172 0.537109 0.095703 0.537109 0.097656 0.535156 0.103516 0.535156 0.105469 0.533203 0.109375 0.533203 0.111328 0.531250 0.111328 0.527344 0.117188 0.521484 0.117188 0.519531 0.119141 0.517578 0.123047 0.517578 0.123047 0.515625 0.125000 0.513672 0.125000 0.509766 0.126953 0.507812 0.128906 0.507812 0.130859 0.505859 0.132812 0.505859 0.132812 0.503906 0.136719 0.500000 0.136719 0.498047 0.138672 0.496094 0.142578 0.496094 0.140625 0.496094 0.138672 0.494141 0.138672 0.492188 0.136719 0.492188 0.128906 0.484375 0.128906 0.478516 0.130859 0.476562 0.130859 0.474609 0.132812 0.472656 0.132812 0.470703 0.128906 0.466797 0.128906 0.464844 0.125000 0.460938 0.125000 0.455078 0.123047 0.453125 0.123047 0.451172 0.117188 0.445312 0.117188 0.443359 0.115234 0.441406 0.115234 0.439453 0.113281 0.437500 0.113281 0.429688 0.111328 0.427734 0.111328 0.423828 0.109375 0.423828 0.105469 0.419922 0.103516 0.419922 0.101562 0.417969 0.095703 0.417969 0.093750 0.419922 0.089844 0.419922 0.085938 0.416016 0.085938 0.412109 0.083984 0.410156 0.083984 0.406250 0.082031 0.404297 0.082031 0.400391
0 0.970703 0.386719 0.968750 0.388672 0.968750 0.390625 0.964844 0.394531 0.962891 0.394531 0.960938 0.392578 0.958984 0.392578 0.955078 0.396484 0.945312 0.396484 0.945312 0.398438 0.941406 0.402344 0.941406 0.404297 0.937500 0.408203 0.935547 0.408203 0.933594 0.410156 0.933594 0.412109 0.929688 0.416016 0.929688 0.417969 0.927734 0.419922 0.925781 0.419922 0.923828 0.421875 0.917969 0.421875 0.916016 0.419922 0.914062 0.421875 0.914062 0.423828 0.910156 0.427734 0.910156 0.435547 0.912109 0.435547 0.919922 0.443359 0.917969 0.445312 0.917969 0.451172 0.910156 0.458984 0.908203 0.458984 0.904297 0.462891 0.902344 0.462891 0.900391 0.460938 0.888672 0.460938 0.886719 0.462891 0.878906 0.462891 0.875000 0.466797 0.873047 0.466797 0.871094 0.468750 0.867188 0.468750 0.853516 0.455078 0.851562 0.455078 0.849609 0.453125 0.847656 0.453125 0.845703 0.451172 0.843750 0.451172 0.839844 0.455078 0.839844 0.458984 0.833984 0.464844 0.830078 0.464844 0.828125 0.466797 0.826172 0.466797 0.824219 0.468750 0.820312 0.468750 0.818359 0.466797 0.816406 0.466797 0.810547 0.460938 0.810547 0.458984 0.812500 0.457031 0.812500 0.455078 0.814453 0.453125 0.814453 0.447266 0.812500 0.445312 0.812500 0.443359 0.806641 0.437500 0.798828 0.437500 0.796875 0.439453 0.791016 0.439453 0.789062 0.437500 0.783203 0.437500 0.781250 0.435547 0.777344 0.435547 0.775391 0.433594 0.775391 0.429688 0.771484 0.429688 0.769531 0.431641 0.767578 0.431641 0.765625 0.433594 0.761719 0.433594 0.757812 0.437500 0.753906 0.437500 0.751953 0.439453 0.748047 0.439453 0.746094 0.437500 0.744141 0.439453 0.736328 0.439453 0.734375 0.437500 0.726562 0.437500 0.724609 0.435547 0.720703 0.435547 0.720703 0.437500 0.718750 0.439453 0.718750 0.441406 0.716797 0.443359 0.716797 0.445312 0.710938 0.451172 0.710938 0.458984 0.714844 0.462891 0.712891 0.464844 0.712891 0.466797 0.708984 0.470703 0.705078 0.470703 0.697266 0.462891 0.697266 0.460938 0.695312 0.458984 0.695312 0.457031 0.693359 0.457031 0.687500 0.451172 0.687500 0.449219 0.675781 0.449219 0.673828 0.451172 0.664062 0.451172 0.662109 0.449219 0.660156 0.449219 0.658203 0.447266 0.648438 0.447266 0.644531 0.451172 0.636719 0.451172 0.634766 0.453125 0.632812 0.453125 0.626953 0.458984 0.623047 0.458984 0.619141 0.462891 0.617188 0.462891 0.617188 0.464844 0.615234 0.466797 0.615234 0.468750 0.613281 0.470703 0.613281 0.492188 0.611328 0.494141 0.611328 0.507812 0.613281 0.509766 0.613281 0.511719 0.617188 0.511719 0.619141 0.513672 0.619141 0.517578 0.626953 0.517578 0.628906 0.515625 0.632812 0.515625 0.634766 0.513672 0.636719 0.513672 0.636719 0.511719 0.638672 0.509766 0.640625 0.509766 0.644531 0.505859 0.648438 0.505859 0.648438 0.503906 0.650391 0.501953 0.650391 0.500000 0.652344 0.498047 0.652344 0.496094 0.654297 0.494141 0.654297 0.492188 0.656250 0.490234 0.660156 0.490234 0.662109 0.488281 0.664062 0.488281 0.671875 0.496094 0.671875 0.498047 0.673828 0.500000 0.675781 0.500000 0.679688 0.503906 0.679688 0.505859 0.677734 0.507812 0.677734 0.517578 0.675781 0.519531 0.675781 0.521484 0.673828 0.523438 0.673828 0.527344 0.675781 0.529297 0.675781 0.531250 0.677734 0.533203 0.685547 0.533203 0.689453 0.537109 0.691406 0.537109 0.695312 0.541016 0.695312 0.546875 0.693359 0.548828 0.689453 0.548828 0.689453 0.550781 0.687500 0.552734 0.689453 0.554688 0.689453 0.556641 0.685547 0.560547 0.685547 0.570312 0.687500 0.572266 0.687500 0.580078 0.689453 0.582031 0.689453 0.583984 0.691406 0.583984 0.693359 0.585938 0.693359 0.589844 0.695312 0.591797 0.695312 0.593750 0.693359 0.595703 0.691406 0.593750 0.689453 0.593750 0.689453 0.597656 0.691406 0.599609 0.691406 0.603516 0.693359 0.605469 0.693359 0.607422 0.695312 0.609375 0.699219 0.609375 0.701172 0.607422 0.703125 0.609375 0.703125 0.615234 0.710938 0.615234 0.712891 0.617188 0.714844 0.617188 0.716797 0.619141 0.720703 0.619141 0.724609 0.623047 0.724609 0.625000 0.726562 0.626953 0.726562 0.634766 0.724609 0.636719 0.722656 0.636719 0.722656 0.638672 0.720703 0.640625 0.716797 0.640625 0.712891 0.644531 0.712891 0.650391 0.716797 0.650391 0.718750 0.648438 0.722656 0.648438 0.726562 0.644531 0.726562 0.642578 0.732422 0.636719 0.732422 0.634766 0.734375 0.632812 0.734375 0.625000 0.736328 0.623047 0.740234 0.626953 0.742188 0.626953 0.746094 0.630859 0.748047 0.630859 0.751953 0.634766 0.751953 0.636719 0.750000 0.638672 0.750000 0.642578 0.753906 0.642578 0.757812 0.646484 0.761719 0.646484 0.765625 0.642578 0.767578 0.642578 0.769531 0.640625 0.773438 0.640625 0.779297 0.646484 0.789062 0.646484 0.792969 0.642578 0.792969 0.632812 0.794922 0.630859 0.794922 0.626953 0.800781 0.621094 0.806641 0.621094 0.808594 0.619141 0.810547 0.619141 0.814453 0.615234 0.818359 0.615234 0.822266 0.611328 0.822266 0.609375 0.824219 0.607422 0.824219 0.603516 0.826172 0.601562 0.826172 0.599609 0.828125 0.597656 0.832031 0.601562 0.832031 0.603516 0.830078 0.605469 0.830078 0.611328 0.828125 0.613281 0.828125 0.619141 0.826172 0.621094 0.826172 0.626953 0.822266 0.630859 0.824219 0.630859 0.826172 0.632812 0.830078 0.632812 0.832031 0.634766 0.830078 0.636719 0.830078 0.638672 0.833984 0.642578 0.837891 0.642578 0.839844 0.640625 0.841797 0.640625 0.843750 0.642578 0.843750 0.644531 0.845703 0.646484 0.845703 0.648438 0.849609 0.652344 0.849609 0.654297 0.853516 0.654297 0.853516 0.646484 0.851562 0.644531 0.853516 0.642578 0.853516 0.640625 0.849609 0.636719 0.853516 0.632812 0.857422 0.632812 0.861328 0.628906 0.865234 0.628906 0.867188 0.630859 0.876953 0.630859 0.882812 0.625000 0.886719 0.625000 0.888672 0.623047 0.890625 0.625000 0.892578 0.623047 0.896484 0.623047 0.898438 0.621094 0.902344 0.621094 0.904297 0.619141 0.910156 0.619141 0.917969 0.611328 0.917969 0.603516 0.919922 0.601562 0.919922 0.597656 0.921875 0.595703 0.925781 0.599609 0.929688 0.599609 0.931641 0.601562 0.931641 0.599609 0.933594 0.597656 0.935547 0.597656 0.935547 0.585938 0.929688 0.580078 0.929688 0.576172 0.937500 0.568359 0.937500 0.564453 0.941406 0.560547 0.941406 0.558594 0.945312 0.554688 0.949219 0.554688 0.951172 0.552734 0.951172 0.550781 0.957031 0.544922 0.958984 0.544922 0.957031 0.542969 0.957031 0.539062 0.958984 0.537109 0.958984 0.535156 0.962891 0.531250 0.962891 0.529297 0.964844 0.527344 0.964844 0.523438 0.960938 0.519531 0.960938 0.507812 0.958984 0.505859 0.958984 0.503906 0.960938 0.501953 0.960938 0.500000 0.962891 0.498047 0.962891 0.494141 0.966797 0.490234 0.968750 0.490234 0.970703 0.492188 0.976562 0.492188 0.978516 0.490234 0.986328 0.490234 0.988281 0.492188 0.988281 0.494141 0.990234 0.496094 0.992188 0.496094 0.992188 0.488281 0.988281 0.488281 0.986328 0.486328 0.986328 0.482422 0.990234 0.478516 0.992188 0.478516 0.992188 0.390625 0.990234 0.388672 0.986328 0.388672 0.984375 0.386719
0 0.367188 0.369141 0.361328 0.375000 0.351562 0.375000 0.349609 0.373047 0.347656 0.373047 0.345703 0.375000 0.343750 0.375000 0.343750 0.376953 0.339844 0.380859 0.339844 0.392578 0.337891 0.394531 0.337891 0.396484 0.335938 0.398438 0.332031 0.398438 0.328125 0.402344 0.326172 0.402344 0.322266 0.406250 0.318359 0.406250 0.316406 0.404297 0.314453 0.404297 0.312500 0.406250 0.312500 0.410156 0.308594 0.414062 0.308594 0.416016 0.302734 0.421875 0.302734 0.425781 0.300781 0.427734 0.300781 0.437500 0.304688 0.441406 0.304688 0.443359 0.306641 0.445312 0.304688 0.447266 0.304688 0.449219 0.306641 0.451172 0.308594 0.451172 0.310547 0.453125 0.312500 0.453125 0.314453 0.455078 0.316406 0.455078 0.318359 0.457031 0.320312 0.455078 0.322266 0.457031 0.322266 0.462891 0.328125 0.462891 0.332031 0.466797 0.332031 0.480469 0.333984 0.482422 0.333984 0.484375 0.337891 0.488281 0.339844 0.488281 0.341797 0.490234 0.339844 0.492188 0.339844 0.494141 0.341797 0.496094 0.341797 0.501953 0.343750 0.501953 0.343750 0.500000 0.345703 0.498047 0.349609 0.498047 0.351562 0.496094 0.353516 0.496094 0.355469 0.498047 0.357422 0.498047 0.359375 0.500000 0.361328 0.500000 0.367188 0.505859 0.367188 0.507812 0.373047 0.513672 0.380859 0.513672 0.382812 0.515625 0.382812 0.517578 0.386719 0.521484 0.386719 0.523438 0.388672 0.525391 0.394531 0.525391 0.394531 0.513672 0.398438 0.509766 0.402344 0.513672 0.398438 0.517578 0.398438 0.531250 0.400391 0.531250 0.402344 0.533203 0.404297 0.533203 0.410156 0.539062 0.410156 0.542969 0.408203 0.544922 0.408203 0.554688 0.406250 0.556641 0.406250 0.558594 0.404297 0.560547 0.404297 0.564453 0.406250 0.566406 0.406250 0.570312 0.410156 0.566406 0.410156 0.560547 0.414062 0.556641 0.414062 0.548828 0.416016 0.546875 0.417969 0.548828 0.419922 0.548828 0.423828 0.552734 0.425781 0.552734 0.431641 0.546875 0.433594 0.546875 0.435547 0.548828 0.439453 0.548828 0.439453 0.544922 0.441406 0.542969 0.445312 0.542969 0.445312 0.539062 0.443359 0.537109 0.447266 0.533203 0.451172 0.537109 0.457031 0.537109 0.458984 0.539062 0.458984 0.537109 0.460938 0.535156 0.462891 0.535156 0.470703 0.542969 0.472656 0.542969 0.478516 0.548828 0.482422 0.548828 0.482422 0.544922 0.484375 0.542969 0.488281 0.542969 0.492188 0.546875 0.492188 0.548828 0.490234 0.550781 0.490234 0.552734 0.488281 0.554688 0.486328 0.552734 0.484375 0.554688 0.486328 0.556641 0.486328 0.558594 0.492188 0.558594 0.494141 0.560547 0.492188 0.562500 0.492188 0.564453 0.490234 0.566406 0.478516 0.566406 0.478516 0.568359 0.476562 0.570312 0.472656 0.570312 0.470703 0.568359 0.468750 0.570312 0.466797 0.570312 0.464844 0.572266 0.460938 0.568359 0.460938 0.566406 0.462891 0.564453 0.464844 0.564453 0.464844 0.560547 0.460938 0.560547 0.457031 0.564453 0.455078 0.564453 0.455078 0.566406 0.453125 0.568359 0.453125 0.572266 0.455078 0.574219 0.455078 0.576172 0.460938 0.576172 0.462891 0.574219 0.466797 0.574219 0.468750 0.576172 0.468750 0.582031 0.466797 0.583984 0.466797 0.601562 0.472656 0.601562 0.474609 0.603516 0.474609 0.613281 0.472656 0.615234 0.470703 0.615234 0.470703 0.623047 0.466797 0.626953 0.466797 0.628906 0.468750 0.630859 0.468750 0.632812 0.462891 0.638672 0.460938 0.638672 0.458984 0.640625 0.457031 0.640625 0.455078 0.642578 0.453125 0.642578 0.451172 0.640625 0.451172 0.638672 0.447266 0.634766 0.441406 0.634766 0.439453 0.636719 0.437500 0.636719 0.435547 0.638672 0.431641 0.638672 0.431641 0.640625 0.429688 0.642578 0.429688 0.644531 0.433594 0.644531 0.435547 0.646484 0.437500 0.646484 0.439453 0.648438 0.439453 0.650391 0.441406 0.652344 0.449219 0.652344 0.453125 0.648438 0.457031 0.648438 0.458984 0.646484 0.462891 0.646484 0.464844 0.644531 0.468750 0.644531 0.470703 0.646484 0.470703 0.650391 0.468750 0.652344 0.466797 0.652344 0.464844 0.654297 0.464844 0.658203 0.466797 0.660156 0.466797 0.662109 0.472656 0.667969 0.474609 0.667969 0.476562 0.669922 0.480469 0.669922 0.484375 0.673828 0.484375 0.679688 0.486328 0.681641 0.486328 0.683594 0.492188 0.683594 0.494141 0.685547 0.513672 0.685547 0.515625 0.683594 0.517578 0.683594 0.521484 0.679688 0.521484 0.677734 0.523438 0.675781 0.529297 0.675781 0.533203 0.679688 0.533203 0.675781 0.535156 0.673828 0.542969 0.673828 0.548828 0.679688 0.552734 0.679688 0.556641 0.675781 0.558594 0.675781 0.566406 0.667969 0.566406 0.666016 0.562500 0.666016 0.560547 0.667969 0.558594 0.666016 0.558594 0.664062 0.554688 0.660156 0.554688 0.654297 0.552734 0.652344 0.552734 0.648438 0.554688 0.646484 0.554688 0.644531 0.558594 0.640625 0.558594 0.638672 0.556641 0.638672 0.554688 0.636719 0.552734 0.636719 0.550781 0.634766 0.550781 0.626953 0.552734 0.625000 0.554688 0.626953 0.558594 0.623047 0.566406 0.623047 0.568359 0.621094 0.568359 0.613281 0.570312 0.611328 0.570312 0.609375 0.572266 0.607422 0.570312 0.605469 0.570312 0.593750 0.568359 0.591797 0.568359 0.585938 0.566406 0.585938 0.560547 0.580078 0.558594 0.580078 0.554688 0.576172 0.552734 0.576172 0.546875 0.570312 0.546875 0.568359 0.544922 0.568359 0.542969 0.566406 0.541016 0.566406 0.537109 0.562500 0.537109 0.554688 0.539062 0.552734 0.546875 0.552734 0.546875 0.550781 0.542969 0.550781 0.541016 0.548828 0.537109 0.548828 0.529297 0.541016 0.529297 0.537109 0.531250 0.535156 0.531250 0.533203 0.537109 0.527344 0.539062 0.529297 0.546875 0.529297 0.550781 0.525391 0.552734 0.525391 0.556641 0.521484 0.560547 0.521484 0.562500 0.519531 0.564453 0.519531 0.568359 0.515625 0.568359 0.513672 0.570312 0.511719 0.570312 0.509766 0.568359 0.507812 0.568359 0.505859 0.566406 0.505859 0.564453 0.503906 0.564453 0.501953 0.570312 0.496094 0.572266 0.496094 0.570312 0.494141 0.570312 0.492188 0.568359 0.490234 0.568359 0.486328 0.578125 0.476562 0.580078 0.476562 0.583984 0.472656 0.585938 0.472656 0.585938 0.468750 0.589844 0.464844 0.591797 0.464844 0.593750 0.462891 0.587891 0.462891 0.585938 0.460938 0.585938 0.458984 0.582031 0.458984 0.580078 0.457031 0.576172 0.457031 0.572266 0.453125 0.574219 0.451172 0.574219 0.449219 0.578125 0.445312 0.578125 0.435547 0.576172 0.433594 0.576172 0.427734 0.568359 0.419922 0.562500 0.419922 0.558594 0.416016 0.558594 0.412109 0.554688 0.412109 0.548828 0.406250 0.548828 0.402344 0.546875 0.402344 0.544922 0.400391 0.544922 0.388672 0.542969 0.388672 0.541016 0.386719 0.539062 0.388672 0.525391 0.388672 0.521484 0.384766 0.521484 0.386719 0.517578 0.390625 0.517578 0.392578 0.515625 0.394531 0.509766 0.394531 0.505859 0.390625 0.503906 0.390625 0.498047 0.384766 0.496094 0.384766 0.494141 0.382812 0.486328 0.382812 0.484375 0.384766 0.480469 0.384766 0.478516 0.386719 0.476562 0.386719 0.470703 0.392578 0.470703 0.396484 0.468750 0.398438 0.468750 0.404297 0.466797 0.406250 0.466797 0.408203 0.458984 0.416016 0.455078 0.416016 0.451172 0.412109 0.451172 0.410156 0.449219 0.410156 0.447266 0.408203 0.445312 0.408203 0.443359 0.406250 0.441406 0.406250 0.439453 0.404297 0.437500 0.404297 0.435547 0.402344 0.421875 0.402344 0.416016 0.408203 0.414062 0.408203 0.412109 0.410156 0.406250 0.410156 0.406250 0.414062 0.404297 0.416016 0.404297 0.417969 0.402344 0.419922 0.402344 0.421875 0.400391 0.423828 0.390625 0.423828 0.386719 0.419922 0.386719 0.408203 0.388672 0.406250 0.388672 0.390625 0.386719 0.388672 0.388672 0.386719 0.386719 0.384766 0.386719 0.380859 0.382812 0.380859 0.380859 0.378906 0.378906 0.378906 0.375000 0.375000 0.375000 0.373047 0.373047 0.371094 0.371094 0.371094 0.369141 0.369141
0 0.167969 0.343750 0.167969 0.351562 0.169922 0.353516 0.169922 0.355469 0.171875 0.357422 0.173828 0.357422 0.175781 0.355469 0.175781 0.349609 0.173828 0.347656 0.173828 0.345703 0.171875 0.343750
0 0.054688 0.337891 0.052734 0.339844 0.050781 0.339844 0.048828 0.341797 0.048828 0.345703 0.054688 0.345703 0.056641 0.343750 0.056641 0.337891
0 0.314453 0.316406 0.314453 0.322266 0.316406 0.322266 0.324219 0.330078 0.335938 0.330078 0.335938 0.322266 0.333984 0.320312 0.326172 0.320312 0.322266 0.316406
0 0.787109 0.310547 0.785156 0.312500 0.783203 0.312500 0.783203 0.314453 0.781250 0.316406 0.781250 0.328125 0.783203 0.330078 0.787109 0.330078 0.789062 0.332031 0.791016 0.332031 0.792969 0.333984 0.792969 0.335938 0.794922 0.337891 0.794922 0.341797 0.796875 0.343750 0.796875 0.345703 0.794922 0.347656 0.792969 0.347656 0.791016 0.345703 0.787109 0.345703 0.785156 0.343750 0.785156 0.341797 0.783203 0.339844 0.777344 0.339844 0.775391 0.337891 0.767578 0.337891 0.767578 0.339844 0.763672 0.343750 0.763672 0.345703 0.761719 0.347656 0.761719 0.357422 0.757812 0.361328 0.757812 0.363281 0.755859 0.365234 0.755859 0.367188 0.751953 0.371094 0.759766 0.371094 0.761719 0.369141 0.763672 0.369141 0.765625 0.367188 0.769531 0.367188 0.773438 0.363281 0.775391 0.365234 0.777344 0.365234 0.779297 0.367188 0.779297 0.369141 0.781250 0.369141 0.783203 0.367188 0.785156 0.367188 0.791016 0.373047 0.794922 0.369141 0.814453 0.369141 0.816406 0.371094 0.822266 0.371094 0.822266 0.367188 0.824219 0.365234 0.826172 0.365234 0.826172 0.363281 0.824219 0.361328 0.828125 0.357422 0.826172 0.355469 0.826172 0.349609 0.816406 0.339844 0.816406 0.335938 0.814453 0.335938 0.812500 0.333984 0.810547 0.333984 0.808594 0.332031 0.808594 0.328125 0.812500 0.324219 0.812500 0.322266 0.816406 0.318359 0.816406 0.316406 0.812500 0.316406 0.808594 0.312500 0.806641 0.314453 0.800781 0.314453 0.796875 0.310547 0.794922 0.310547 0.792969 0.312500 0.791016 0.310547
0 0.712891 0.296875 0.712891 0.298828 0.710938 0.300781 0.708984 0.300781 0.707031 0.302734 0.707031 0.310547 0.716797 0.310547 0.718750 0.308594 0.718750 0.306641 0.720703 0.304688 0.720703 0.298828 0.714844 0.298828
0 0.556641 0.281250 0.554688 0.283203 0.554688 0.289062 0.558594 0.292969 0.560547 0.292969 0.562500 0.294922 0.568359 0.294922 0.568359 0.287109 0.562500 0.281250
0 0.480469 0.279297 0.480469 0.281250 0.478516 0.283203 0.476562 0.283203 0.476562 0.285156 0.474609 0.287109 0.472656 0.287109 0.470703 0.289062 0.468750 0.289062 0.468750 0.292969 0.470703 0.294922 0.476562 0.294922 0.476562 0.291016 0.478516 0.289062 0.478516 0.287109 0.480469 0.285156 0.482422 0.285156 0.484375 0.283203 0.484375 0.279297
0 0.443359 0.261719 0.443359 0.265625 0.445312 0.265625 0.447266 0.267578 0.447266 0.269531 0.449219 0.271484 0.449219 0.273438 0.451172 0.275391 0.451172 0.277344 0.457031 0.277344 0.457031 0.269531 0.453125 0.265625 0.453125 0.263672 0.451172 0.261719
0 0.365234 0.261719 0.361328 0.265625 0.361328 0.269531 0.357422 0.273438 0.345703 0.273438 0.343750 0.271484 0.337891 0.271484 0.335938 0.269531 0.335938 0.267578 0.332031 0.267578 0.330078 0.265625 0.322266 0.265625 0.322266 0.267578 0.320312 0.269531 0.316406 0.265625 0.314453 0.265625 0.314453 0.267578 0.312500 0.269531 0.312500 0.271484 0.310547 0.273438 0.312500 0.273438 0.314453 0.275391 0.314453 0.277344 0.312500 0.279297 0.310547 0.279297 0.310547 0.281250 0.308594 0.283203 0.306641 0.283203 0.306641 0.285156 0.308594 0.287109 0.308594 0.289062 0.306641 0.291016 0.306641 0.292969 0.310547 0.296875 0.308594 0.298828 0.306641 0.298828 0.304688 0.300781 0.292969 0.300781 0.292969 0.302734 0.291016 0.304688 0.291016 0.310547 0.292969 0.312500 0.296875 0.312500 0.298828 0.310547 0.302734 0.310547 0.304688 0.308594 0.306641 0.308594 0.310547 0.304688 0.312500 0.304688 0.316406 0.300781 0.318359 0.302734 0.322266 0.302734 0.324219 0.304688 0.333984 0.304688 0.337891 0.308594 0.375000 0.308594 0.378906 0.312500 0.375000 0.316406 0.375000 0.320312 0.378906 0.320312 0.380859 0.318359 0.382812 0.318359 0.386719 0.314453 0.388672 0.314453 0.390625 0.312500 0.392578 0.314453 0.394531 0.314453 0.396484 0.316406 0.406250 0.316406 0.408203 0.314453 0.406250 0.312500 0.406250 0.310547 0.402344 0.306641 0.402344 0.302734 0.388672 0.302734 0.388672 0.304688 0.386719 0.306641 0.382812 0.306641 0.380859 0.304688 0.376953 0.304688 0.375000 0.302734 0.375000 0.300781 0.373047 0.298828 0.373047 0.296875 0.371094 0.294922 0.371094 0.291016 0.369141 0.289062 0.369141 0.285156 0.371094 0.283203 0.373047 0.283203 0.373047 0.281250 0.371094 0.281250 0.369141 0.279297 0.369141 0.273438 0.371094 0.271484 0.375000 0.271484 0.376953 0.273438 0.378906 0.273438 0.382812 0.277344 0.384766 0.277344 0.386719 0.279297 0.388672 0.279297 0.388672 0.273438 0.390625 0.271484 0.390625 0.269531 0.394531 0.265625 0.392578 0.263672 0.392578 0.261719 0.390625 0.263672 0.386719 0.263672 0.386719 0.265625 0.382812 0.269531 0.376953 0.269531 0.375000 0.267578 0.375000 0.265625 0.373047 0.265625 0.371094 0.263672 0.369141 0.263672 0.367188 0.261719
0 0.574219 0.255859 0.572266 0.257812 0.574219 0.259766 0.574219 0.261719 0.576172 0.263672 0.578125 0.263672 0.580078 0.265625 0.580078 0.267578 0.582031 0.267578 0.583984 0.265625 0.583984 0.259766 0.580078 0.255859
0 0.318359 0.244141 0.314453 0.248047 0.314453 0.250000 0.312500 0.251953 0.310547 0.251953 0.310547 0.253906 0.308594 0.255859 0.308594 0.259766 0.316406 0.259766 0.316406 0.257812 0.318359 0.255859 0.318359 0.253906 0.320312 0.251953 0.322266 0.251953 0.322266 0.244141
0 0.443359 0.232422 0.441406 0.234375 0.441406 0.240234 0.445312 0.244141 0.445312 0.238281 0.443359 0.236328
0 0.986328 0.220703 0.986328 0.222656 0.982422 0.226562 0.982422 0.240234 0.984375 0.242188 0.992188 0.242188 0.992188 0.220703
0 0.888672 0.187500 0.888672 0.189453 0.886719 0.191406 0.888672 0.193359 0.888672 0.197266 0.890625 0.199219 0.890625 0.203125 0.892578 0.205078 0.890625 0.207031 0.882812 0.207031 0.880859 0.208984 0.886719 0.208984 0.888672 0.207031 0.892578 0.207031 0.894531 0.208984 0.896484 0.208984 0.900391 0.212891 0.902344 0.212891 0.904297 0.214844 0.904297 0.216797 0.906250 0.216797 0.908203 0.214844 0.912109 0.214844 0.919922 0.207031 0.919922 0.203125 0.914062 0.203125 0.912109 0.205078 0.912109 0.208984 0.908203 0.212891 0.904297 0.208984 0.904297 0.207031 0.902344 0.207031 0.896484 0.201172 0.896484 0.197266 0.894531 0.195312 0.894531 0.189453 0.892578 0.187500
0 0.968750 0.105469 0.966797 0.107422 0.964844 0.107422 0.964844 0.109375 0.962891 0.111328 0.960938 0.111328 0.960938 0.113281 0.957031 0.117188 0.957031 0.119141 0.955078 0.121094 0.951172 0.121094 0.949219 0.123047 0.945312 0.123047 0.943359 0.125000 0.941406 0.125000 0.939453 0.126953 0.937500 0.126953 0.935547 0.125000 0.931641 0.125000 0.927734 0.121094 0.914062 0.121094 0.912109 0.123047 0.908203 0.123047 0.906250 0.125000 0.906250 0.130859 0.904297 0.132812 0.904297 0.134766 0.902344 0.136719 0.894531 0.136719 0.894531 0.142578 0.898438 0.146484 0.900391 0.146484 0.902344 0.148438 0.902344 0.150391 0.906250 0.154297 0.906250 0.156250 0.908203 0.158203 0.906250 0.160156 0.910156 0.164062 0.914062 0.164062 0.916016 0.166016 0.916016 0.167969 0.917969 0.169922 0.917969 0.171875 0.923828 0.177734 0.925781 0.177734 0.925781 0.175781 0.927734 0.173828 0.929688 0.173828 0.929688 0.171875 0.933594 0.167969 0.935547 0.167969 0.937500 0.169922 0.939453 0.169922 0.941406 0.167969 0.945312 0.171875 0.947266 0.171875 0.949219 0.173828 0.951172 0.173828 0.951172 0.169922 0.957031 0.164062 0.958984 0.164062 0.960938 0.162109 0.966797 0.162109 0.968750 0.160156 0.970703 0.160156 0.972656 0.158203 0.972656 0.148438 0.970703 0.146484 0.964844 0.146484 0.962891 0.148438 0.960938 0.146484 0.960938 0.144531 0.962891 0.142578 0.962891 0.130859 0.958984 0.126953 0.964844 0.121094 0.964844 0.119141 0.966797 0.117188 0.970703 0.117188 0.972656 0.119141 0.974609 0.119141 0.976562 0.117188 0.976562 0.107422 0.974609 0.105469
0 0.000000 0.083984 0.000000 0.218750 0.001953 0.220703 0.000000 0.222656 0.000000 0.224609 0.001953 0.224609 0.003906 0.226562 0.005859 0.226562 0.007812 0.228516 0.007812 0.232422 0.005859 0.234375 0.003906 0.232422 0.001953 0.234375 0.000000 0.234375 0.000000 0.291016 0.005859 0.291016 0.007812 0.292969 0.011719 0.292969 0.013672 0.291016 0.013672 0.289062 0.015625 0.287109 0.015625 0.285156 0.017578 0.283203 0.019531 0.283203 0.025391 0.289062 0.027344 0.287109 0.031250 0.287109 0.031250 0.285156 0.033203 0.283203 0.035156 0.283203 0.037109 0.281250 0.037109 0.279297 0.041016 0.275391 0.042969 0.277344 0.044922 0.277344 0.048828 0.281250 0.048828 0.285156 0.046875 0.287109 0.044922 0.287109 0.042969 0.289062 0.042969 0.291016 0.044922 0.292969 0.044922 0.302734 0.046875 0.304688 0.046875 0.306641 0.044922 0.308594 0.044922 0.310547 0.042969 0.312500 0.042969 0.314453 0.037109 0.320312 0.035156 0.320312 0.033203 0.322266 0.029297 0.322266 0.027344 0.320312 0.027344 0.318359 0.025391 0.316406 0.025391 0.314453 0.023438 0.314453 0.021484 0.312500 0.021484 0.310547 0.017578 0.306641 0.013672 0.306641 0.011719 0.304688 0.003906 0.304688 0.003906 0.306641 0.001953 0.308594 0.003906 0.310547 0.003906 0.330078 0.005859 0.330078 0.007812 0.332031 0.013672 0.332031 0.015625 0.333984 0.019531 0.333984 0.021484 0.335938 0.023438 0.333984 0.027344 0.333984 0.029297 0.335938 0.029297 0.345703 0.027344 0.347656 0.033203 0.347656 0.035156 0.345703 0.037109 0.345703 0.039062 0.343750 0.041016 0.343750 0.041016 0.339844 0.042969 0.337891 0.042969 0.335938 0.044922 0.333984 0.050781 0.333984 0.054688 0.330078 0.058594 0.330078 0.060547 0.328125 0.060547 0.326172 0.056641 0.322266 0.058594 0.320312 0.060547 0.320312 0.062500 0.318359 0.066406 0.318359 0.070312 0.322266 0.070312 0.324219 0.072266 0.326172 0.072266 0.328125 0.074219 0.328125 0.076172 0.330078 0.076172 0.332031 0.080078 0.335938 0.080078 0.337891 0.083984 0.341797 0.083984 0.353516 0.085938 0.355469 0.089844 0.355469 0.095703 0.361328 0.099609 0.361328 0.101562 0.359375 0.105469 0.359375 0.107422 0.357422 0.109375 0.357422 0.111328 0.355469 0.113281 0.355469 0.117188 0.351562 0.119141 0.351562 0.119141 0.339844 0.117188 0.339844 0.115234 0.341797 0.113281 0.341797 0.109375 0.337891 0.111328 0.335938 0.111328 0.333984 0.109375 0.332031 0.109375 0.328125 0.111328 0.326172 0.115234 0.326172 0.117188 0.328125 0.117188 0.333984 0.119141 0.335938 0.125000 0.335938 0.126953 0.333984 0.134766 0.333984 0.136719 0.332031 0.134766 0.330078 0.134766 0.328125 0.136719 0.326172 0.136719 0.322266 0.134766 0.320312 0.134766 0.316406 0.138672 0.312500 0.142578 0.316406 0.144531 0.316406 0.146484 0.314453 0.146484 0.308594 0.142578 0.304688 0.146484 0.300781 0.154297 0.300781 0.158203 0.304688 0.158203 0.312500 0.162109 0.312500 0.164062 0.314453 0.166016 0.314453 0.173828 0.322266 0.173828 0.324219 0.171875 0.326172 0.171875 0.330078 0.173828 0.330078 0.175781 0.332031 0.179688 0.332031 0.181641 0.333984 0.187500 0.333984 0.189453 0.335938 0.187500 0.337891 0.187500 0.339844 0.189453 0.341797 0.189453 0.343750 0.187500 0.345703 0.187500 0.359375 0.189453 0.361328 0.189453 0.367188 0.187500 0.369141 0.187500 0.373047 0.185547 0.375000 0.185547 0.376953 0.187500 0.378906 0.187500 0.380859 0.191406 0.384766 0.191406 0.390625 0.187500 0.394531 0.171875 0.394531 0.169922 0.396484 0.171875 0.398438 0.171875 0.400391 0.169922 0.402344 0.171875 0.404297 0.171875 0.412109 0.183594 0.423828 0.183594 0.427734 0.185547 0.429688 0.187500 0.429688 0.189453 0.431641 0.195312 0.431641 0.197266 0.429688 0.205078 0.429688 0.207031 0.431641 0.208984 0.431641 0.210938 0.433594 0.205078 0.439453 0.207031 0.441406 0.207031 0.445312 0.208984 0.443359 0.210938 0.443359 0.216797 0.437500 0.224609 0.437500 0.226562 0.439453 0.226562 0.441406 0.224609 0.443359 0.224609 0.445312 0.226562 0.447266 0.230469 0.447266 0.232422 0.449219 0.234375 0.447266 0.246094 0.447266 0.248047 0.449219 0.250000 0.449219 0.251953 0.451172 0.253906 0.449219 0.255859 0.449219 0.257812 0.447266 0.259766 0.447266 0.259766 0.445312 0.255859 0.445312 0.253906 0.443359 0.255859 0.441406 0.255859 0.425781 0.253906 0.423828 0.253906 0.421875 0.251953 0.419922 0.250000 0.419922 0.248047 0.417969 0.244141 0.417969 0.242188 0.416016 0.240234 0.416016 0.230469 0.406250 0.230469 0.404297 0.228516 0.402344 0.228516 0.400391 0.220703 0.392578 0.220703 0.380859 0.222656 0.378906 0.224609 0.378906 0.224609 0.371094 0.220703 0.371094 0.218750 0.369141 0.218750 0.363281 0.220703 0.361328 0.220703 0.359375 0.216797 0.355469 0.214844 0.355469 0.210938 0.351562 0.210938 0.349609 0.208984 0.347656 0.208984 0.343750 0.207031 0.341797 0.208984 0.339844 0.208984 0.333984 0.207031 0.332031 0.207031 0.324219 0.208984 0.322266 0.208984 0.316406 0.205078 0.312500 0.208984 0.308594 0.208984 0.306641 0.212891 0.302734 0.214844 0.304688 0.214844 0.306641 0.216797 0.308594 0.224609 0.308594 0.226562 0.306641 0.230469 0.310547 0.230469 0.312500 0.228516 0.314453 0.222656 0.314453 0.220703 0.316406 0.218750 0.316406 0.218750 0.322266 0.224609 0.328125 0.224609 0.330078 0.226562 0.332031 0.226562 0.335938 0.228516 0.337891 0.228516 0.339844 0.230469 0.341797 0.232422 0.341797 0.234375 0.343750 0.240234 0.343750 0.242188 0.345703 0.242188 0.351562 0.240234 0.353516 0.240234 0.355469 0.236328 0.359375 0.238281 0.359375 0.242188 0.363281 0.242188 0.365234 0.240234 0.367188 0.238281 0.367188 0.238281 0.376953 0.242188 0.380859 0.242188 0.382812 0.240234 0.384766 0.236328 0.384766 0.234375 0.386719 0.234375 0.394531 0.236328 0.394531 0.238281 0.396484 0.238281 0.400391 0.240234 0.402344 0.240234 0.404297 0.242188 0.404297 0.244141 0.406250 0.248047 0.406250 0.250000 0.408203 0.259766 0.408203 0.261719 0.406250 0.263672 0.408203 0.263672 0.414062 0.265625 0.416016 0.271484 0.416016 0.273438 0.417969 0.275391 0.417969 0.277344 0.416016 0.283203 0.416016 0.283203 0.406250 0.281250 0.404297 0.281250 0.392578 0.283203 0.390625 0.287109 0.390625 0.291016 0.394531 0.291016 0.396484 0.294922 0.400391 0.296875 0.400391 0.298828 0.402344 0.304688 0.402344 0.304688 0.400391 0.308594 0.396484 0.308594 0.394531 0.310547 0.392578 0.316406 0.392578 0.318359 0.390625 0.320312 0.392578 0.322266 0.392578 0.322266 0.382812 0.320312 0.382812 0.318359 0.380859 0.320312 0.378906 0.322266 0.378906 0.328125 0.373047 0.326172 0.371094 0.328125 0.369141 0.330078 0.369141 0.332031 0.371094 0.332031 0.373047 0.332031 0.371094 0.330078 0.369141 0.332031 0.367188 0.333984 0.367188 0.333984 0.351562 0.332031 0.349609 0.330078 0.349609 0.324219 0.343750 0.324219 0.341797 0.322266 0.339844 0.322266 0.335938 0.320312 0.333984 0.318359 0.333984 0.316406 0.332031 0.314453 0.332031 0.310547 0.328125 0.308594 0.328125 0.306641 0.326172 0.304688 0.326172 0.302734 0.324219 0.292969 0.324219 0.291016 0.322266 0.287109 0.322266 0.285156 0.320312 0.283203 0.320312 0.277344 0.314453 0.277344 0.312500 0.275391 0.310547 0.275391 0.306641 0.277344 0.304688 0.279297 0.304688 0.281250 0.302734 0.281250 0.292969 0.283203 0.291016 0.291016 0.291016 0.292969 0.289062 0.292969 0.285156 0.294922 0.283203 0.294922 0.279297 0.292969 0.277344 0.291016 0.277344 0.287109 0.273438 0.283203 0.273438 0.277344 0.267578 0.275391 0.267578 0.273438 0.265625 0.271484 0.265625 0.269531 0.263672 0.261719 0.263672 0.259766 0.261719 0.259766 0.259766 0.265625 0.253906 0.279297 0.253906 0.281250 0.251953 0.281250 0.248047 0.283203 0.246094 0.283203 0.244141 0.281250 0.242188 0.281250 0.236328 0.279297 0.234375 0.279297 0.226562 0.277344 0.224609 0.277344 0.220703 0.275391 0.218750 0.269531 0.218750 0.267578 0.216797 0.267578 0.208984 0.269531 0.207031 0.267578 0.205078 0.267578 0.197266 0.265625 0.197266 0.263672 0.195312 0.263672 0.191406 0.265625 0.189453 0.267578 0.189453 0.271484 0.185547 0.267578 0.181641 0.267578 0.179688 0.265625 0.177734 0.267578 0.175781 0.267578 0.169922 0.271484 0.166016 0.273438 0.166016 0.273438 0.162109 0.269531 0.158203 0.269531 0.156250 0.265625 0.152344 0.261719 0.156250 0.259766 0.154297 0.259766 0.152344 0.257812 0.150391 0.255859 0.150391 0.251953 0.146484 0.251953 0.144531 0.250000 0.142578 0.250000 0.140625 0.248047 0.138672 0.248047 0.136719 0.246094 0.136719 0.244141 0.134766 0.240234 0.134766 0.238281 0.132812 0.238281 0.128906 0.234375 0.125000 0.234375 0.123047 0.232422 0.121094 0.232422 0.123047 0.230469 0.125000 0.226562 0.125000 0.224609 0.123047 0.218750 0.123047 0.214844 0.126953 0.208984 0.126953 0.207031 0.128906 0.205078 0.126953 0.199219 0.132812 0.195312 0.132812 0.193359 0.134766 0.185547 0.134766 0.183594 0.136719 0.181641 0.136719 0.181641 0.138672 0.177734 0.142578 0.177734 0.144531 0.175781 0.146484 0.173828 0.146484 0.169922 0.150391 0.169922 0.152344 0.167969 0.154297 0.167969 0.162109 0.166016 0.164062 0.166016 0.167969 0.158203 0.175781 0.158203 0.181641 0.154297 0.185547 0.152344 0.185547 0.150391 0.187500 0.146484 0.187500 0.144531 0.185547 0.144531 0.181641 0.140625 0.177734 0.138672 0.177734 0.136719 0.179688 0.134766 0.179688 0.126953 0.187500 0.125000 0.187500 0.123047 0.189453 0.121094 0.189453 0.119141 0.191406 0.113281 0.191406 0.111328 0.189453 0.111328 0.183594 0.109375 0.181641 0.107422 0.181641 0.105469 0.179688 0.095703 0.179688 0.089844 0.185547 0.089844 0.187500 0.082031 0.195312 0.080078 0.195312 0.078125 0.197266 0.076172 0.197266 0.072266 0.193359 0.072266 0.191406 0.070312 0.189453 0.070312 0.185547 0.066406 0.181641 0.066406 0.162109 0.064453 0.160156 0.066406 0.158203 0.066406 0.150391 0.064453 0.148438 0.064453 0.146484 0.062500 0.144531 0.062500 0.142578 0.058594 0.138672 0.056641 0.138672 0.054688 0.136719 0.052734 0.136719 0.050781 0.138672 0.041016 0.138672 0.039062 0.140625 0.039062 0.144531 0.035156 0.148438 0.035156 0.150391 0.031250 0.154297 0.031250 0.156250 0.027344 0.160156 0.021484 0.160156 0.019531 0.158203 0.019531 0.152344 0.017578 0.150391 0.017578 0.146484 0.013672 0.142578 0.019531 0.136719 0.021484 0.136719 0.023438 0.134766 0.019531 0.130859 0.019531 0.121094 0.021484 0.119141 0.021484 0.115234 0.023438 0.113281 0.023438 0.103516 0.013672 0.093750 0.013672 0.091797 0.011719 0.089844 0.011719 0.087891 0.009766 0.085938 0.007812 0.085938 0.005859 0.083984
0 0.294922 0.058594 0.292969 0.060547 0.292969 0.064453 0.291016 0.066406 0.289062 0.066406 0.285156 0.062500 0.277344 0.062500 0.275391 0.064453 0.275391 0.066406 0.273438 0.068359 0.277344 0.072266 0.277344 0.076172 0.275391 0.078125 0.271484 0.078125 0.271484 0.091797 0.269531 0.093750 0.263672 0.093750 0.261719 0.091797 0.263672 0.093750 0.263672 0.099609 0.267578 0.103516 0.271484 0.103516 0.273438 0.105469 0.271484 0.107422 0.273438 0.109375 0.273438 0.111328 0.277344 0.111328 0.281250 0.115234 0.281250 0.117188 0.283203 0.119141 0.283203 0.121094 0.285156 0.123047 0.285156 0.128906 0.287109 0.130859 0.287109 0.134766 0.289062 0.136719 0.283203 0.142578 0.285156 0.144531 0.285156 0.146484 0.294922 0.156250 0.294922 0.158203 0.298828 0.162109 0.298828 0.166016 0.302734 0.169922 0.306641 0.169922 0.308594 0.171875 0.308594 0.173828 0.310547 0.175781 0.312500 0.175781 0.314453 0.177734 0.314453 0.179688 0.316406 0.179688 0.320312 0.183594 0.322266 0.183594 0.324219 0.185547 0.345703 0.185547 0.349609 0.189453 0.351562 0.189453 0.355469 0.193359 0.355469 0.195312 0.357422 0.195312 0.359375 0.193359 0.363281 0.193359 0.367188 0.197266 0.367188 0.207031 0.373047 0.207031 0.376953 0.210938 0.378906 0.208984 0.386719 0.216797 0.378906 0.224609 0.373047 0.224609 0.373047 0.228516 0.371094 0.230469 0.371094 0.240234 0.375000 0.240234 0.375000 0.238281 0.376953 0.236328 0.376953 0.228516 0.378906 0.226562 0.380859 0.226562 0.380859 0.224609 0.382812 0.222656 0.386719 0.222656 0.388672 0.224609 0.392578 0.220703 0.398438 0.220703 0.400391 0.222656 0.408203 0.222656 0.410156 0.220703 0.410156 0.218750 0.412109 0.216797 0.410156 0.216797 0.406250 0.212891 0.402344 0.216797 0.396484 0.216797 0.394531 0.214844 0.390625 0.214844 0.388672 0.212891 0.388672 0.207031 0.386719 0.205078 0.386719 0.203125 0.384766 0.201172 0.384766 0.199219 0.382812 0.197266 0.382812 0.195312 0.380859 0.193359 0.380859 0.191406 0.378906 0.189453 0.378906 0.185547 0.382812 0.181641 0.390625 0.181641 0.392578 0.183594 0.392578 0.185547 0.400391 0.185547 0.402344 0.187500 0.404297 0.187500 0.406250 0.189453 0.417969 0.189453 0.419922 0.191406 0.425781 0.191406 0.425781 0.187500 0.429688 0.183594 0.433594 0.183594 0.435547 0.185547 0.437500 0.185547 0.439453 0.187500 0.441406 0.187500 0.445312 0.191406 0.447266 0.191406 0.449219 0.193359 0.449219 0.195312 0.451172 0.197266 0.451172 0.199219 0.453125 0.201172 0.453125 0.207031 0.451172 0.208984 0.453125 0.210938 0.453125 0.214844 0.455078 0.216797 0.453125 0.218750 0.453125 0.222656 0.451172 0.224609 0.451172 0.228516 0.449219 0.230469 0.449219 0.238281 0.453125 0.242188 0.455078 0.242188 0.460938 0.248047 0.462891 0.248047 0.462891 0.244141 0.466797 0.240234 0.466797 0.238281 0.468750 0.236328 0.470703 0.236328 0.470703 0.234375 0.472656 0.232422 0.472656 0.230469 0.474609 0.228516 0.476562 0.230469 0.478516 0.230469 0.480469 0.228516 0.484375 0.228516 0.486328 0.226562 0.488281 0.226562 0.490234 0.228516 0.490234 0.230469 0.486328 0.234375 0.484375 0.234375 0.482422 0.236328 0.476562 0.236328 0.472656 0.240234 0.472656 0.244141 0.478516 0.244141 0.480469 0.242188 0.482422 0.242188 0.484375 0.240234 0.492188 0.240234 0.496094 0.244141 0.496094 0.246094 0.498047 0.248047 0.501953 0.248047 0.503906 0.250000 0.511719 0.250000 0.513672 0.248047 0.519531 0.248047 0.521484 0.250000 0.521484 0.253906 0.527344 0.259766 0.529297 0.259766 0.531250 0.261719 0.541016 0.261719 0.544922 0.265625 0.546875 0.263672 0.548828 0.263672 0.550781 0.261719 0.552734 0.261719 0.556641 0.257812 0.558594 0.257812 0.560547 0.255859 0.564453 0.255859 0.562500 0.253906 0.562500 0.251953 0.558594 0.248047 0.564453 0.242188 0.568359 0.242188 0.570312 0.240234 0.574219 0.244141 0.576172 0.244141 0.580078 0.248047 0.582031 0.248047 0.583984 0.250000 0.589844 0.250000 0.591797 0.248047 0.595703 0.251953 0.597656 0.250000 0.599609 0.250000 0.601562 0.248047 0.601562 0.246094 0.603516 0.244141 0.603516 0.236328 0.597656 0.236328 0.593750 0.240234 0.591797 0.240234 0.589844 0.242188 0.585938 0.242188 0.583984 0.244141 0.582031 0.242188 0.582031 0.238281 0.580078 0.236328 0.580078 0.232422 0.582031 0.230469 0.582031 0.226562 0.580078 0.224609 0.576172 0.224609 0.572266 0.228516 0.568359 0.228516 0.566406 0.226562 0.564453 0.226562 0.562500 0.224609 0.562500 0.220703 0.560547 0.218750 0.558594 0.218750 0.556641 0.216797 0.554688 0.218750 0.550781 0.218750 0.546875 0.214844 0.548828 0.212891 0.546875 0.210938 0.546875 0.208984 0.552734 0.203125 0.554688 0.203125 0.558594 0.207031 0.562500 0.207031 0.564453 0.205078 0.566406 0.207031 0.572266 0.207031 0.574219 0.208984 0.576172 0.208984 0.578125 0.210938 0.578125 0.212891 0.580078 0.214844 0.580078 0.216797 0.582031 0.218750 0.583984 0.218750 0.585938 0.220703 0.587891 0.220703 0.587891 0.210938 0.585938 0.208984 0.585938 0.205078 0.582031 0.205078 0.580078 0.203125 0.580078 0.199219 0.578125 0.197266 0.578125 0.189453 0.582031 0.185547 0.585938 0.185547 0.591797 0.191406 0.591797 0.199219 0.593750 0.201172 0.595703 0.201172 0.599609 0.205078 0.599609 0.207031 0.603516 0.207031 0.609375 0.212891 0.611328 0.212891 0.615234 0.216797 0.623047 0.208984 0.625000 0.208984 0.628906 0.212891 0.628906 0.214844 0.630859 0.216797 0.630859 0.224609 0.634766 0.228516 0.634766 0.234375 0.636719 0.234375 0.644531 0.242188 0.644531 0.246094 0.642578 0.248047 0.640625 0.246094 0.634766 0.246094 0.634766 0.248047 0.636719 0.250000 0.636719 0.253906 0.632812 0.257812 0.630859 0.257812 0.628906 0.259766 0.626953 0.257812 0.621094 0.257812 0.621094 0.263672 0.625000 0.263672 0.630859 0.269531 0.638672 0.269531 0.640625 0.267578 0.640625 0.261719 0.642578 0.259766 0.644531 0.259766 0.646484 0.257812 0.648438 0.259766 0.648438 0.261719 0.650391 0.261719 0.652344 0.263672 0.652344 0.265625 0.654297 0.265625 0.656250 0.267578 0.658203 0.265625 0.660156 0.265625 0.662109 0.263672 0.662109 0.261719 0.658203 0.257812 0.656250 0.257812 0.654297 0.255859 0.654297 0.251953 0.652344 0.250000 0.654297 0.248047 0.656250 0.248047 0.658203 0.246094 0.660156 0.246094 0.660156 0.244141 0.656250 0.240234 0.656250 0.236328 0.662109 0.230469 0.681641 0.230469 0.683594 0.232422 0.685547 0.230469 0.687500 0.230469 0.689453 0.228516 0.691406 0.228516 0.693359 0.226562 0.693359 0.224609 0.695312 0.222656 0.697266 0.222656 0.697266 0.220703 0.699219 0.218750 0.701172 0.218750 0.701172 0.214844 0.703125 0.212891 0.703125 0.207031 0.705078 0.205078 0.707031 0.205078 0.707031 0.203125 0.708984 0.201172 0.708984 0.195312 0.710938 0.193359 0.714844 0.193359 0.716797 0.195312 0.716797 0.214844 0.720703 0.218750 0.720703 0.222656 0.718750 0.224609 0.716797 0.224609 0.716797 0.228516 0.718750 0.230469 0.718750 0.232422 0.720703 0.232422 0.722656 0.234375 0.722656 0.238281 0.718750 0.242188 0.716797 0.242188 0.718750 0.244141 0.718750 0.251953 0.720703 0.253906 0.720703 0.257812 0.722656 0.257812 0.724609 0.259766 0.730469 0.259766 0.728516 0.257812 0.728516 0.255859 0.730469 0.253906 0.732422 0.255859 0.738281 0.255859 0.740234 0.257812 0.740234 0.259766 0.738281 0.261719 0.738281 0.269531 0.740234 0.269531 0.742188 0.271484 0.748047 0.271484 0.750000 0.273438 0.750000 0.277344 0.753906 0.277344 0.755859 0.275391 0.761719 0.275391 0.761719 0.273438 0.765625 0.269531 0.773438 0.269531 0.775391 0.267578 0.777344 0.267578 0.779297 0.269531 0.781250 0.269531 0.783203 0.267578 0.785156 0.267578 0.789062 0.263672 0.789062 0.261719 0.791016 0.259766 0.791016 0.255859 0.800781 0.246094 0.802734 0.246094 0.804688 0.248047 0.806641 0.248047 0.808594 0.250000 0.810547 0.250000 0.812500 0.251953 0.818359 0.246094 0.818359 0.244141 0.824219 0.238281 0.826172 0.240234 0.828125 0.240234 0.830078 0.242188 0.830078 0.244141 0.833984 0.248047 0.833984 0.251953 0.832031 0.253906 0.832031 0.255859 0.828125 0.259766 0.828125 0.273438 0.830078 0.273438 0.832031 0.275391 0.832031 0.277344 0.835938 0.281250 0.835938 0.283203 0.837891 0.285156 0.837891 0.291016 0.841797 0.294922 0.841797 0.296875 0.845703 0.296875 0.849609 0.300781 0.849609 0.308594 0.847656 0.310547 0.847656 0.314453 0.849609 0.316406 0.849609 0.318359 0.851562 0.320312 0.851562 0.324219 0.853516 0.326172 0.853516 0.328125 0.857422 0.332031 0.861328 0.332031 0.863281 0.330078 0.865234 0.330078 0.867188 0.332031 0.869141 0.332031 0.871094 0.333984 0.873047 0.332031 0.878906 0.332031 0.880859 0.333984 0.880859 0.335938 0.882812 0.337891 0.892578 0.337891 0.896484 0.333984 0.898438 0.333984 0.900391 0.332031 0.902344 0.332031 0.904297 0.330078 0.906250 0.330078 0.908203 0.328125 0.912109 0.328125 0.916016 0.332031 0.917969 0.332031 0.919922 0.333984 0.927734 0.333984 0.929688 0.335938 0.931641 0.335938 0.933594 0.333984 0.935547 0.333984 0.937500 0.332031 0.949219 0.332031 0.951172 0.330078 0.955078 0.333984 0.960938 0.333984 0.962891 0.335938 0.962891 0.337891 0.964844 0.337891 0.966797 0.339844 0.966797 0.341797 0.968750 0.341797 0.970703 0.343750 0.970703 0.345703 0.972656 0.345703 0.978516 0.351562 0.984375 0.351562 0.988281 0.347656 0.990234 0.347656 0.992188 0.345703 0.992188 0.265625 0.986328 0.265625 0.984375 0.267578 0.982422 0.267578 0.978516 0.271484 0.978516 0.275391 0.974609 0.279297 0.972656 0.277344 0.970703 0.277344 0.962891 0.269531 0.962891 0.267578 0.960938 0.265625 0.958984 0.265625 0.953125 0.271484 0.947266 0.271484 0.945312 0.269531 0.945312 0.265625 0.941406 0.261719 0.941406 0.251953 0.937500 0.248047 0.939453 0.246094 0.935547 0.242188 0.935547 0.240234 0.931641 0.240234 0.929688 0.238281 0.929688 0.236328 0.927734 0.234375 0.914062 0.234375 0.912109 0.236328 0.910156 0.236328 0.904297 0.242188 0.902344 0.242188 0.896484 0.248047 0.896484 0.250000 0.882812 0.263672 0.867188 0.263672 0.863281 0.259766 0.871094 0.251953 0.871094 0.250000 0.873047 0.248047 0.875000 0.248047 0.876953 0.250000 0.882812 0.250000 0.882812 0.244141 0.880859 0.242188 0.876953 0.242188 0.875000 0.240234 0.873047 0.240234 0.867188 0.234375 0.867188 0.230469 0.871094 0.226562 0.871094 0.224609 0.873047 0.222656 0.873047 0.212891 0.869141 0.212891 0.869141 0.214844 0.863281 0.220703 0.861328 0.220703 0.861328 0.222656 0.859375 0.224609 0.859375 0.226562 0.857422 0.228516 0.851562 0.228516 0.849609 0.226562 0.845703 0.226562 0.843750 0.224609 0.839844 0.224609 0.837891 0.222656 0.841797 0.218750 0.841797 0.216797 0.845703 0.212891 0.845703 0.210938 0.851562 0.205078 0.851562 0.203125 0.853516 0.201172 0.855469 0.201172 0.859375 0.197266 0.861328 0.197266 0.865234 0.193359 0.865234 0.191406 0.867188 0.189453 0.867188 0.183594 0.871094 0.179688 0.873047 0.179688 0.873047 0.177734 0.876953 0.173828 0.876953 0.171875 0.875000 0.169922 0.876953 0.167969 0.875000 0.166016 0.875000 0.162109 0.873047 0.160156 0.873047 0.158203 0.871094 0.156250 0.871094 0.154297 0.867188 0.150391 0.867188 0.140625 0.869141 0.138672 0.873047 0.138672 0.873047 0.136719 0.875000 0.134766 0.876953 0.134766 0.878906 0.132812 0.875000 0.132812 0.869141 0.126953 0.867188 0.126953 0.865234 0.125000 0.865234 0.123047 0.863281 0.121094 0.863281 0.119141 0.867188 0.115234 0.865234 0.113281 0.855469 0.113281 0.853516 0.111328 0.849609 0.111328 0.847656 0.109375 0.849609 0.107422 0.847656 0.107422 0.843750 0.103516 0.839844 0.103516 0.837891 0.101562 0.832031 0.101562 0.828125 0.105469 0.818359 0.105469 0.816406 0.107422 0.814453 0.107422 0.812500 0.109375 0.810547 0.109375 0.810547 0.111328 0.808594 0.113281 0.808594 0.115234 0.810547 0.115234 0.812500 0.117188 0.812500 0.119141 0.810547 0.121094 0.810547 0.123047 0.806641 0.126953 0.804688 0.126953 0.804688 0.128906 0.802734 0.130859 0.800781 0.130859 0.798828 0.132812 0.798828 0.134766 0.796875 0.136719 0.794922 0.136719 0.789062 0.142578 0.789062 0.146484 0.785156 0.150391 0.785156 0.154297 0.787109 0.156250 0.787109 0.169922 0.789062 0.169922 0.791016 0.171875 0.791016 0.173828 0.792969 0.175781 0.792969 0.177734 0.794922 0.179688 0.794922 0.181641 0.796875 0.183594 0.796875 0.185547 0.798828 0.187500 0.798828 0.191406 0.791016 0.199219 0.781250 0.199219 0.779297 0.201172 0.775391 0.201172 0.771484 0.197266 0.771484 0.195312 0.765625 0.195312 0.763672 0.197266 0.761719 0.197266 0.759766 0.199219 0.757812 0.197266 0.755859 0.197266 0.753906 0.195312 0.751953 0.195312 0.750000 0.193359 0.750000 0.181641 0.748047 0.181641 0.736328 0.169922 0.736328 0.167969 0.734375 0.167969 0.732422 0.166016 0.732422 0.164062 0.730469 0.162109 0.730469 0.160156 0.728516 0.160156 0.724609 0.156250 0.708984 0.156250 0.707031 0.154297 0.708984 0.152344 0.708984 0.150391 0.712891 0.146484 0.716797 0.146484 0.718750 0.144531 0.720703 0.144531 0.718750 0.142578 0.718750 0.136719 0.716797 0.134766 0.716797 0.132812 0.714844 0.130859 0.714844 0.128906 0.712891 0.126953 0.710938 0.126953 0.708984 0.125000 0.699219 0.125000 0.697266 0.126953 0.693359 0.126953 0.689453 0.123047 0.675781 0.123047 0.671875 0.126953 0.671875 0.130859 0.669922 0.132812 0.669922 0.134766 0.673828 0.138672 0.671875 0.140625 0.673828 0.142578 0.673828 0.144531 0.675781 0.146484 0.673828 0.148438 0.673828 0.152344 0.669922 0.156250 0.667969 0.156250 0.666016 0.154297 0.664062 0.154297 0.662109 0.152344 0.662109 0.150391 0.660156 0.152344 0.660156 0.156250 0.658203 0.158203 0.654297 0.154297 0.654297 0.148438 0.652344 0.146484 0.652344 0.132812 0.654297 0.130859 0.654297 0.128906 0.656250 0.126953 0.656250 0.125000 0.658203 0.123047 0.658203 0.117188 0.652344 0.111328 0.650391 0.111328 0.648438 0.109375 0.642578 0.109375 0.640625 0.111328 0.638672 0.111328 0.636719 0.113281 0.636719 0.123047 0.642578 0.123047 0.644531 0.125000 0.642578 0.126953 0.642578 0.134766 0.640625 0.136719 0.640625 0.138672 0.638672 0.140625 0.638672 0.142578 0.636719 0.144531 0.628906 0.144531 0.626953 0.142578 0.626953 0.126953 0.625000 0.125000 0.625000 0.123047 0.623047 0.121094 0.621094 0.121094 0.619141 0.119141 0.619141 0.115234 0.617188 0.113281 0.617188 0.109375 0.615234 0.107422 0.607422 0.107422 0.607422 0.111328 0.605469 0.113281 0.605469 0.117188 0.601562 0.121094 0.595703 0.121094 0.593750 0.119141 0.593750 0.109375 0.591797 0.107422 0.591797 0.105469 0.589844 0.103516 0.589844 0.101562 0.587891 0.101562 0.585938 0.099609 0.587891 0.097656 0.587891 0.093750 0.585938 0.091797 0.585938 0.089844 0.587891 0.087891 0.587891 0.085938 0.589844 0.083984 0.591797 0.083984 0.591797 0.080078 0.593750 0.078125 0.595703 0.080078 0.595703 0.082031 0.599609 0.078125 0.601562 0.078125 0.603516 0.076172 0.601562 0.076172 0.595703 0.070312 0.591797 0.070312 0.587891 0.066406 0.576172 0.066406 0.574219 0.064453 0.574219 0.062500 0.570312 0.062500 0.568359 0.064453 0.548828 0.064453 0.546875 0.066406 0.544922 0.066406 0.542969 0.068359 0.541016 0.068359 0.535156 0.074219 0.535156 0.076172 0.537109 0.078125 0.537109 0.082031 0.535156 0.083984 0.533203 0.083984 0.531250 0.085938 0.523438 0.085938 0.521484 0.083984 0.501953 0.083984 0.500000 0.085938 0.498047 0.085938 0.500000 0.087891 0.498047 0.089844 0.498047 0.101562 0.500000 0.103516 0.500000 0.105469 0.498047 0.107422 0.492188 0.107422 0.490234 0.105469 0.488281 0.105469 0.486328 0.103516 0.484375 0.103516 0.480469 0.099609 0.466797 0.099609 0.464844 0.101562 0.462891 0.101562 0.460938 0.103516 0.460938 0.107422 0.458984 0.109375 0.458984 0.111328 0.457031 0.113281 0.455078 0.113281 0.453125 0.115234 0.451172 0.115234 0.447266 0.119141 0.447266 0.121094 0.443359 0.125000 0.439453 0.125000 0.435547 0.121094 0.433594 0.121094 0.431641 0.119141 0.429688 0.119141 0.427734 0.117188 0.425781 0.119141 0.419922 0.119141 0.416016 0.115234 0.416016 0.113281 0.414062 0.111328 0.414062 0.105469 0.419922 0.099609 0.419922 0.097656 0.417969 0.095703 0.417969 0.093750 0.416016 0.093750 0.414062 0.091797 0.414062 0.089844 0.412109 0.089844 0.410156 0.087891 0.406250 0.087891 0.404297 0.085938 0.390625 0.085938 0.388672 0.087891 0.384766 0.087891 0.384766 0.101562 0.390625 0.107422 0.390625 0.111328 0.388672 0.113281 0.384766 0.113281 0.382812 0.115234 0.371094 0.115234 0.369141 0.117188 0.367188 0.117188 0.367188 0.121094 0.365234 0.123047 0.363281 0.123047 0.359375 0.119141 0.355469 0.119141 0.353516 0.117188 0.349609 0.117188 0.341797 0.109375 0.339844 0.109375 0.333984 0.103516 0.333984 0.101562 0.335938 0.099609 0.335938 0.097656 0.337891 0.095703 0.337891 0.087891 0.335938 0.085938 0.333984 0.085938 0.332031 0.083984 0.330078 0.083984 0.326172 0.080078 0.326172 0.074219 0.324219 0.072266 0.324219 0.070312 0.312500 0.058594