0 0.810547 0.886719 0.808594 0.888672 0.806641 0.888672 0.806641 0.892578 0.808594 0.894531 0.810547 0.894531 0.812500 0.896484 0.816406 0.896484 0.818359 0.894531 0.818359 0.886719
0 0.921875 0.843750 0.917969 0.847656 0.917969 0.849609 0.916016 0.851562 0.916016 0.859375 0.917969 0.861328 0.917969 0.865234 0.921875 0.869141 0.923828 0.869141 0.925781 0.867188 0.925781 0.865234 0.927734 0.863281 0.927734 0.859375 0.929688 0.857422 0.929688 0.855469 0.933594 0.851562 0.933594 0.849609 0.931641 0.847656 0.927734 0.847656 0.923828 0.843750
0 0.275391 0.835938 0.273438 0.837891 0.273438 0.847656 0.269531 0.851562 0.267578 0.851562 0.265625 0.853516 0.263672 0.853516 0.263672 0.863281 0.267578 0.863281 0.269531 0.865234 0.277344 0.865234 0.279297 0.863281 0.279297 0.861328 0.287109 0.853516 0.289062 0.853516 0.289062 0.843750 0.283203 0.837891 0.283203 0.835938
0 0.630859 0.822266 0.630859 0.828125 0.636719 0.833984 0.636719 0.835938 0.640625 0.839844 0.648438 0.839844 0.648438 0.837891 0.650391 0.835938 0.650391 0.826172 0.646484 0.822266
0 0.390625 0.812500 0.388672 0.814453 0.376953 0.814453 0.373047 0.818359 0.369141 0.814453 0.363281 0.814453 0.363281 0.818359 0.361328 0.820312 0.361328 0.828125 0.363281 0.830078 0.363281 0.832031 0.365234 0.833984 0.365234 0.839844 0.369141 0.843750 0.369141 0.845703 0.376953 0.853516 0.384766 0.853516 0.386719 0.855469 0.390625 0.855469 0.392578 0.857422 0.392578 0.859375 0.400391 0.867188 0.402344 0.867188 0.404297 0.869141 0.406250 0.869141 0.408203 0.871094 0.410156 0.871094 0.412109 0.873047 0.421875 0.873047 0.425781 0.869141 0.427734 0.869141 0.431641 0.865234 0.431641 0.861328 0.433594 0.859375 0.433594 0.853516 0.435547 0.851562 0.435547 0.847656 0.433594 0.845703 0.433594 0.843750 0.431641 0.841797 0.431641 0.837891 0.429688 0.835938 0.429688 0.833984 0.423828 0.828125 0.421875 0.828125 0.419922 0.830078 0.416016 0.826172 0.416016 0.824219 0.414062 0.822266 0.410156 0.822266 0.408203 0.820312 0.404297 0.820312 0.402344 0.818359 0.400391 0.818359 0.398438 0.816406 0.398438 0.814453 0.396484 0.812500
0 0.623047 0.806641 0.617188 0.812500 0.617188 0.816406 0.626953 0.816406 0.630859 0.812500 0.630859 0.806641
0 0.238281 0.802734 0.238281 0.804688 0.234375 0.808594 0.234375 0.812500 0.240234 0.818359 0.242188 0.818359 0.244141 0.820312 0.246094 0.818359 0.248047 0.818359 0.250000 0.816406 0.251953 0.816406 0.253906 0.814453 0.255859 0.814453 0.255859 0.808594 0.251953 0.808594 0.250000 0.806641 0.250000 0.802734
0 0.642578 0.796875 0.640625 0.798828 0.640625 0.810547 0.642578 0.812500 0.652344 0.812500 0.654297 0.814453 0.656250 0.814453 0.658203 0.816406 0.658203 0.826172 0.662109 0.830078 0.667969 0.830078 0.669922 0.828125 0.671875 0.828125 0.671875 0.822266 0.669922 0.822266 0.667969 0.820312 0.667969 0.812500 0.664062 0.808594 0.664062 0.800781 0.660156 0.796875
0 0.824219 0.769531 0.822266 0.771484 0.822266 0.773438 0.820312 0.775391 0.820312 0.777344 0.822266 0.779297 0.826172 0.779297 0.830078 0.775391 0.832031 0.777344 0.832031 0.779297 0.837891 0.779297 0.837891 0.775391 0.833984 0.775391 0.832031 0.773438 0.832031 0.769531
0 0.845703 0.757812 0.843750 0.759766 0.841797 0.759766 0.839844 0.761719 0.839844 0.763672 0.841797 0.765625 0.847656 0.765625 0.849609 0.763672 0.849609 0.757812
0 0.281250 0.746094 0.279297 0.748047 0.277344 0.748047 0.277344 0.755859 0.279297 0.757812 0.279297 0.759766 0.281250 0.761719 0.281250 0.763672 0.283203 0.763672 0.285156 0.765625 0.292969 0.765625 0.294922 0.763672 0.294922 0.759766 0.292969 0.757812 0.292969 0.753906 0.289062 0.750000 0.289062 0.748047 0.287109 0.746094
0 0.005859 0.744141 0.005859 0.746094 0.003906 0.748047 0.003906 0.755859 0.007812 0.759766 0.015625 0.759766 0.017578 0.761719 0.019531 0.761719 0.021484 0.759766 0.023438 0.759766 0.023438 0.753906 0.025391 0.751953 0.025391 0.750000 0.023438 0.748047 0.023438 0.746094 0.019531 0.746094 0.017578 0.744141
0 0.912109 0.722656 0.910156 0.724609 0.900391 0.724609 0.898438 0.726562 0.896484 0.726562 0.896484 0.728516 0.892578 0.732422 0.892578 0.734375 0.888672 0.738281 0.888672 0.740234 0.886719 0.742188 0.886719 0.746094 0.888672 0.746094 0.890625 0.748047 0.892578 0.748047 0.894531 0.750000 0.894531 0.753906 0.892578 0.755859 0.886719 0.755859 0.882812 0.751953 0.876953 0.751953 0.875000 0.750000 0.875000 0.740234 0.867188 0.740234 0.865234 0.742188 0.865234 0.748047 0.867188 0.750000 0.867188 0.751953 0.863281 0.755859 0.863281 0.761719 0.865234 0.761719 0.867188 0.763672 0.869141 0.763672 0.875000 0.769531 0.875000 0.771484 0.873047 0.773438 0.871094 0.773438 0.869141 0.775391 0.859375 0.775391 0.855469 0.779297 0.847656 0.779297 0.845703 0.781250 0.843750 0.781250 0.843750 0.783203 0.841797 0.785156 0.841797 0.789062 0.843750 0.791016 0.843750 0.792969 0.851562 0.800781 0.851562 0.802734 0.853516 0.802734 0.855469 0.804688 0.857422 0.804688 0.861328 0.800781 0.861328 0.796875 0.863281 0.794922 0.863281 0.792969 0.867188 0.789062 0.871094 0.789062 0.873047 0.791016 0.875000 0.791016 0.876953 0.792969 0.880859 0.792969 0.882812 0.794922 0.884766 0.792969 0.888672 0.792969 0.894531 0.787109 0.904297 0.787109 0.906250 0.789062 0.908203 0.789062 0.910156 0.791016 0.910156 0.794922 0.908203 0.796875 0.908203 0.798828 0.912109 0.802734 0.921875 0.802734 0.923828 0.800781 0.923828 0.791016 0.914062 0.781250 0.914062 0.779297 0.912109 0.779297 0.910156 0.777344 0.912109 0.775391 0.912109 0.773438 0.910156 0.771484 0.910156 0.759766 0.912109 0.757812 0.912109 0.755859 0.914062 0.753906 0.925781 0.753906 0.929688 0.757812 0.941406 0.757812 0.943359 0.759766 0.947266 0.759766 0.951172 0.755859 0.951172 0.750000 0.949219 0.748047 0.949219 0.746094 0.947266 0.744141 0.947266 0.740234 0.943359 0.740234 0.937500 0.746094 0.935547 0.746094 0.931641 0.742188 0.929688 0.742188 0.927734 0.740234 0.925781 0.740234 0.923828 0.738281 0.923828 0.734375 0.921875 0.732422 0.921875 0.730469 0.919922 0.728516 0.919922 0.726562 0.916016 0.722656
0 0.869141 0.714844 0.869141 0.716797 0.867188 0.718750 0.867188 0.722656 0.878906 0.722656 0.880859 0.720703 0.880859 0.714844
0 0.769531 0.699219 0.767578 0.701172 0.765625 0.701172 0.757812 0.708984 0.742188 0.708984 0.740234 0.710938 0.738281 0.710938 0.736328 0.712891 0.734375 0.712891 0.722656 0.724609 0.722656 0.726562 0.720703 0.728516 0.720703 0.730469 0.718750 0.732422 0.718750 0.734375 0.716797 0.736328 0.716797 0.740234 0.714844 0.742188 0.714844 0.746094 0.712891 0.748047 0.710938 0.748047 0.710938 0.751953 0.712891 0.753906 0.712891 0.755859 0.710938 0.757812 0.710938 0.763672 0.707031 0.767578 0.707031 0.771484 0.708984 0.773438 0.710938 0.773438 0.712891 0.775391 0.714844 0.775391 0.718750 0.779297 0.718750 0.783203 0.716797 0.785156 0.712891 0.785156 0.712891 0.787109 0.714844 0.789062 0.714844 0.791016 0.722656 0.798828 0.724609 0.798828 0.728516 0.802734 0.728516 0.806641 0.730469 0.808594 0.730469 0.812500 0.726562 0.816406 0.726562 0.818359 0.724609 0.820312 0.724609 0.828125 0.726562 0.830078 0.726562 0.832031 0.730469 0.835938 0.730469 0.839844 0.728516 0.841797 0.726562 0.841797 0.724609 0.843750 0.720703 0.843750 0.718750 0.845703 0.708984 0.845703 0.707031 0.843750 0.707031 0.841797 0.705078 0.841797 0.703125 0.839844 0.703125 0.837891 0.697266 0.832031 0.691406 0.832031 0.689453 0.830078 0.675781 0.830078 0.673828 0.832031 0.671875 0.832031 0.671875 0.837891 0.669922 0.839844 0.669922 0.841797 0.667969 0.843750 0.666016 0.843750 0.664062 0.845703 0.662109 0.845703 0.658203 0.841797 0.654297 0.841797 0.654297 0.847656 0.650391 0.851562 0.642578 0.851562 0.640625 0.849609 0.640625 0.847656 0.636719 0.847656 0.634766 0.849609 0.632812 0.849609 0.630859 0.851562 0.630859 0.853516 0.628906 0.855469 0.621094 0.855469 0.617188 0.859375 0.615234 0.859375 0.615234 0.861328 0.613281 0.863281 0.613281 0.867188 0.609375 0.871094 0.605469 0.871094 0.603516 0.873047 0.601562 0.873047 0.599609 0.871094 0.599609 0.869141 0.605469 0.863281 0.605469 0.861328 0.607422 0.859375 0.607422 0.855469 0.611328 0.851562 0.611328 0.849609 0.613281 0.847656 0.613281 0.843750 0.609375 0.843750 0.607422 0.841797 0.607422 0.837891 0.609375 0.835938 0.609375 0.830078 0.611328 0.828125 0.611328 0.822266 0.607422 0.818359 0.607422 0.816406 0.605469 0.814453 0.605469 0.812500 0.603516 0.812500 0.599609 0.808594 0.595703 0.808594 0.593750 0.810547 0.593750 0.812500 0.591797 0.814453 0.591797 0.818359 0.589844 0.820312 0.589844 0.828125 0.587891 0.830078 0.587891 0.837891 0.589844 0.839844 0.593750 0.839844 0.595703 0.841797 0.597656 0.841797 0.599609 0.843750 0.605469 0.843750 0.607422 0.845703 0.605469 0.847656 0.603516 0.847656 0.603516 0.849609 0.601562 0.851562 0.599609 0.851562 0.597656 0.853516 0.595703 0.853516 0.593750 0.855469 0.589844 0.855469 0.587891 0.857422 0.585938 0.857422 0.585938 0.861328 0.583984 0.863281 0.583984 0.867188 0.582031 0.869141 0.580078 0.869141 0.582031 0.871094 0.580078 0.873047 0.580078 0.878906 0.578125 0.880859 0.576172 0.878906 0.576172 0.876953 0.574219 0.875000 0.574219 0.873047 0.570312 0.873047 0.570312 0.876953 0.568359 0.878906 0.572266 0.882812 0.572266 0.888672 0.574219 0.890625 0.574219 0.892578 0.576172 0.894531 0.578125 0.894531 0.580078 0.896484 0.585938 0.896484 0.587891 0.894531 0.589844 0.896484 0.589844 0.900391 0.591797 0.902344 0.591797 0.906250 0.589844 0.908203 0.587891 0.908203 0.585938 0.910156 0.582031 0.910156 0.582031 0.912109 0.580078 0.914062 0.580078 0.916016 0.578125 0.917969 0.572266 0.917969 0.572266 0.919922 0.574219 0.921875 0.574219 0.923828 0.570312 0.927734 0.566406 0.927734 0.566406 0.937500 0.564453 0.939453 0.558594 0.939453 0.554688 0.943359 0.554688 0.949219 0.552734 0.951172 0.544922 0.951172 0.544922 0.953125 0.542969 0.955078 0.539062 0.955078 0.537109 0.953125 0.537109 0.949219 0.533203 0.945312 0.517578 0.945312 0.515625 0.947266 0.513672 0.947266 0.509766 0.951172 0.507812 0.951172 0.501953 0.957031 0.501953 0.958984 0.500000 0.960938 0.500000 0.964844 0.501953 0.966797 0.501953 0.970703 0.500000 0.972656 0.492188 0.972656 0.490234 0.970703 0.492188 0.968750 0.492188 0.966797 0.490234 0.964844 0.490234 0.945312 0.488281 0.943359 0.488281 0.937500 0.476562 0.925781 0.460938 0.925781 0.455078 0.919922 0.455078 0.917969 0.451172 0.914062 0.449219 0.914062 0.447266 0.912109 0.447266 0.910156 0.443359 0.910156 0.441406 0.908203 0.439453 0.908203 0.437500 0.906250 0.437500 0.904297 0.435547 0.902344 0.435547 0.900391 0.425781 0.900391 0.423828 0.902344 0.421875 0.900391 0.419922 0.900391 0.417969 0.898438 0.416016 0.898438 0.414062 0.896484 0.408203 0.896484 0.406250 0.894531 0.406250 0.886719 0.402344 0.882812 0.402344 0.878906 0.396484 0.873047 0.394531 0.873047 0.392578 0.871094 0.367188 0.871094 0.365234 0.869141 0.363281 0.869141 0.357422 0.875000 0.357422 0.880859 0.359375 0.882812 0.359375 0.884766 0.361328 0.886719 0.361328 0.888672 0.359375 0.890625 0.357422 0.890625 0.353516 0.894531 0.353516 0.900391 0.351562 0.902344 0.351562 0.906250 0.349609 0.908203 0.349609 0.910156 0.347656 0.912109 0.347656 0.914062 0.343750 0.917969 0.343750 0.919922 0.341797 0.921875 0.335938 0.921875 0.332031 0.917969 0.328125 0.917969 0.326172 0.916016 0.316406 0.916016 0.314453 0.914062 0.314453 0.912109 0.312500 0.910156 0.312500 0.908203 0.310547 0.906250 0.298828 0.906250 0.298828 0.908203 0.300781 0.910156 0.300781 0.921875 0.302734 0.923828 0.302734 0.925781 0.304688 0.927734 0.304688 0.931641 0.302734 0.933594 0.292969 0.933594 0.291016 0.931641 0.289062 0.931641 0.285156 0.927734 0.285156 0.925781 0.287109 0.923828 0.291016 0.923828 0.291016 0.919922 0.287109 0.916016 0.287109 0.910156 0.285156 0.908203 0.285156 0.904297 0.281250 0.900391 0.275391 0.900391 0.271484 0.896484 0.271484 0.894531 0.269531 0.894531 0.265625 0.890625 0.265625 0.884766 0.259766 0.884766 0.257812 0.882812 0.255859 0.884766 0.251953 0.884766 0.248047 0.880859 0.248047 0.878906 0.246094 0.876953 0.246094 0.875000 0.240234 0.875000 0.238281 0.873047 0.238281 0.871094 0.234375 0.871094 0.232422 0.869141 0.232422 0.867188 0.230469 0.865234 0.230469 0.863281 0.228516 0.861328 0.218750 0.861328 0.216797 0.859375 0.218750 0.857422 0.218750 0.853516 0.210938 0.853516 0.210938 0.855469 0.208984 0.857422 0.203125 0.857422 0.203125 0.859375 0.199219 0.863281 0.197266 0.863281 0.193359 0.867188 0.191406 0.867188 0.187500 0.871094 0.187500 0.873047 0.185547 0.875000 0.187500 0.876953 0.187500 0.886719 0.183594 0.890625 0.183594 0.892578 0.179688 0.896484 0.177734 0.896484 0.175781 0.898438 0.175781 0.900391 0.167969 0.908203 0.164062 0.908203 0.162109 0.906250 0.158203 0.906250 0.156250 0.904297 0.150391 0.910156 0.150391 0.914062 0.146484 0.917969 0.144531 0.917969 0.140625 0.921875 0.138672 0.921875 0.136719 0.923828 0.134766 0.923828 0.134766 0.925781 0.130859 0.929688 0.123047 0.929688 0.117188 0.923828 0.117188 0.919922 0.115234 0.917969 0.115234 0.916016 0.109375 0.910156 0.103516 0.910156 0.101562 0.912109 0.097656 0.912109 0.095703 0.914062 0.091797 0.914062 0.089844 0.916016 0.083984 0.916016 0.082031 0.917969 0.080078 0.917969 0.078125 0.919922 0.076172 0.919922 0.074219 0.921875 0.070312 0.921875 0.062500 0.929688 0.060547 0.929688 0.058594 0.931641 0.054688 0.931641 0.054688 0.933594 0.052734 0.935547 0.052734 0.941406 0.050781 0.943359 0.050781 0.945312 0.044922 0.951172 0.037109 0.951172 0.031250 0.957031 0.031250 0.958984 0.029297 0.960938 0.025391 0.957031 0.025391 0.955078 0.021484 0.955078 0.019531 0.957031 0.015625 0.957031 0.011719 0.953125 0.009766 0.953125 0.007812 0.951172 0.001953 0.951172 0.001953 0.960938 0.003906 0.962891 0.003906 0.964844 0.011719 0.972656 0.011719 0.980469 0.009766 0.982422 0.007812 0.980469 0.000000 0.980469 0.000000 0.992188 0.597656 0.992188 0.593750 0.988281 0.593750 0.982422 0.595703 0.980469 0.595703 0.970703 0.591797 0.966797 0.591797 0.964844 0.593750 0.962891 0.593750 0.953125 0.591797 0.951172 0.591797 0.943359 0.587891 0.939453 0.591797 0.935547 0.591797 0.933594 0.593750 0.931641 0.595703 0.931641 0.595703 0.927734 0.597656 0.925781 0.599609 0.925781 0.601562 0.923828 0.603516 0.923828 0.605469 0.921875 0.609375 0.921875 0.611328 0.919922 0.613281 0.919922 0.615234 0.917969 0.615234 0.916016 0.617188 0.914062 0.623047 0.914062 0.625000 0.916016 0.625000 0.949219 0.626953 0.951172 0.626953 0.953125 0.628906 0.955078 0.626953 0.957031 0.628906 0.958984 0.628906 0.960938 0.626953 0.962891 0.625000 0.962891 0.625000 0.970703 0.626953 0.972656 0.630859 0.972656 0.636719 0.978516 0.636719 0.984375 0.638672 0.986328 0.640625 0.984375 0.642578 0.984375 0.644531 0.986328 0.646484 0.984375 0.648438 0.986328 0.648438 0.992188 0.654297 0.992188 0.656250 0.990234 0.660156 0.990234 0.662109 0.988281 0.662109 0.986328 0.666016 0.982422 0.666016 0.980469 0.667969 0.978516 0.667969 0.974609 0.669922 0.972656 0.671875 0.974609 0.671875 0.976562 0.673828 0.976562 0.677734 0.980469 0.679688 0.980469 0.683594 0.984375 0.693359 0.984375 0.695312 0.986328 0.695312 0.990234 0.701172 0.990234 0.703125 0.988281 0.707031 0.988281 0.708984 0.986328 0.708984 0.984375 0.710938 0.982422 0.710938 0.978516 0.708984 0.976562 0.707031 0.976562 0.705078 0.974609 0.705078 0.972656 0.703125 0.972656 0.701172 0.970703 0.699219 0.970703 0.697266 0.968750 0.697266 0.966797 0.691406 0.960938 0.687500 0.960938 0.681641 0.955078 0.681641 0.953125 0.679688 0.951172 0.677734 0.953125 0.675781 0.953125 0.671875 0.949219 0.669922 0.949219 0.667969 0.947266 0.669922 0.945312 0.669922 0.943359 0.671875 0.941406 0.667969 0.937500 0.664062 0.937500 0.662109 0.935547 0.658203 0.935547 0.656250 0.937500 0.650391 0.937500 0.646484 0.933594 0.646484 0.929688 0.644531 0.927734 0.648438 0.923828 0.648438 0.921875 0.650391 0.919922 0.652344 0.919922 0.654297 0.917969 0.654297 0.916016 0.652344 0.914062 0.652344 0.910156 0.654297 0.908203 0.654297 0.904297 0.650391 0.900391 0.652344 0.898438 0.654297 0.898438 0.654297 0.896484 0.658203 0.892578 0.660156 0.894531 0.662109 0.894531 0.666016 0.890625 0.673828 0.890625 0.679688 0.896484 0.679688 0.898438 0.681641 0.900391 0.681641 0.919922 0.683594 0.921875 0.683594 0.925781 0.689453 0.925781 0.697266 0.933594 0.699219 0.933594 0.701172 0.935547 0.703125 0.933594 0.705078 0.933594 0.705078 0.927734 0.707031 0.925781 0.716797 0.925781 0.718750 0.927734 0.714844 0.931641 0.716797 0.929688 0.718750 0.931641 0.718750 0.947266 0.720703 0.949219 0.718750 0.951172 0.718750 0.955078 0.716797 0.957031 0.716797 0.964844 0.720703 0.968750 0.726562 0.968750 0.728516 0.970703 0.730469 0.970703 0.732422 0.972656 0.736328 0.972656 0.738281 0.974609 0.740234 0.974609 0.742188 0.976562 0.742188 0.984375 0.744141 0.984375 0.746094 0.986328 0.744141 0.988281 0.748047 0.992188 0.775391 0.992188 0.779297 0.988281 0.779297 0.980469 0.777344 0.978516 0.777344 0.976562 0.775391 0.974609 0.775391 0.972656 0.773438 0.970703 0.775391 0.968750 0.775391 0.964844 0.777344 0.962891 0.777344 0.951172 0.775391 0.949219 0.775391 0.947266 0.773438 0.945312 0.773438 0.939453 0.775391 0.937500 0.775391 0.925781 0.773438 0.923828 0.773438 0.912109 0.769531 0.908203 0.773438 0.904297 0.775391 0.904297 0.775391 0.896484 0.773438 0.894531 0.771484 0.894531 0.769531 0.892578 0.769531 0.886719 0.765625 0.882812 0.767578 0.880859 0.773438 0.880859 0.775391 0.878906 0.777344 0.878906 0.777344 0.876953 0.775391 0.875000 0.775391 0.873047 0.777344 0.871094 0.779297 0.871094 0.781250 0.873047 0.781250 0.875000 0.783203 0.875000 0.785156 0.876953 0.785156 0.880859 0.789062 0.884766 0.789062 0.886719 0.791016 0.886719 0.792969 0.888672 0.798828 0.888672 0.808594 0.878906 0.810547 0.878906 0.812500 0.880859 0.816406 0.880859 0.818359 0.878906 0.822266 0.878906 0.824219 0.880859 0.824219 0.882812 0.826172 0.882812 0.828125 0.884766 0.828125 0.886719 0.826172 0.888672 0.826172 0.890625 0.824219 0.892578 0.824219 0.896484 0.826172 0.898438 0.826172 0.900391 0.828125 0.902344 0.828125 0.908203 0.826172 0.910156 0.822266 0.910156 0.820312 0.908203 0.816406 0.908203 0.814453 0.906250 0.812500 0.906250 0.810547 0.904297 0.806641 0.904297 0.800781 0.898438 0.800781 0.896484 0.798828 0.894531 0.789062 0.894531 0.787109 0.896484 0.781250 0.896484 0.781250 0.916016 0.792969 0.916016 0.798828 0.921875 0.800781 0.921875 0.802734 0.923828 0.802734 0.925781 0.804688 0.927734 0.804688 0.933594 0.802734 0.935547 0.802734 0.937500 0.796875 0.943359 0.796875 0.949219 0.798828 0.951172 0.798828 0.953125 0.800781 0.955078 0.800781 0.958984 0.802734 0.960938 0.802734 0.962891 0.804688 0.964844 0.804688 0.972656 0.806641 0.974609 0.806641 0.980469 0.800781 0.986328 0.796875 0.986328 0.794922 0.988281 0.791016 0.988281 0.789062 0.990234 0.789062 0.992188 0.976562 0.992188 0.976562 0.990234 0.980469 0.986328 0.980469 0.970703 0.976562 0.966797 0.976562 0.964844 0.970703 0.958984 0.970703 0.955078 0.968750 0.953125 0.968750 0.939453 0.964844 0.935547 0.962891 0.935547 0.960938 0.937500 0.958984 0.937500 0.958984 0.939453 0.957031 0.941406 0.957031 0.943359 0.955078 0.945312 0.951172 0.945312 0.949219 0.943359 0.947266 0.943359 0.945312 0.941406 0.945312 0.939453 0.939453 0.933594 0.939453 0.931641 0.937500 0.929688 0.937500 0.925781 0.935547 0.923828 0.935547 0.916016 0.937500 0.914062 0.937500 0.908203 0.935547 0.906250 0.935547 0.904297 0.933594 0.902344 0.933594 0.898438 0.927734 0.898438 0.919922 0.906250 0.910156 0.906250 0.908203 0.908203 0.906250 0.908203 0.904297 0.910156 0.900391 0.910156 0.898438 0.908203 0.898438 0.904297 0.900391 0.902344 0.902344 0.902344 0.904297 0.900391 0.906250 0.900391 0.910156 0.896484 0.912109 0.896484 0.916016 0.892578 0.917969 0.892578 0.919922 0.890625 0.921875 0.890625 0.923828 0.888672 0.923828 0.882812 0.921875 0.880859 0.921875 0.876953 0.919922 0.876953 0.912109 0.869141 0.910156 0.869141 0.900391 0.878906 0.896484 0.878906 0.894531 0.876953 0.892578 0.876953 0.890625 0.875000 0.888672 0.875000 0.886719 0.873047 0.886719 0.867188 0.894531 0.859375 0.896484 0.859375 0.896484 0.857422 0.894531 0.855469 0.886719 0.855469 0.884766 0.853516 0.884766 0.851562 0.882812 0.849609 0.880859 0.849609 0.878906 0.847656 0.875000 0.847656 0.873047 0.845703 0.871094 0.847656 0.865234 0.847656 0.853516 0.835938 0.847656 0.835938 0.839844 0.828125 0.832031 0.828125 0.830078 0.830078 0.830078 0.832031 0.828125 0.833984 0.824219 0.833984 0.822266 0.832031 0.824219 0.830078 0.824219 0.806641 0.826172 0.804688 0.826172 0.794922 0.828125 0.792969 0.828125 0.791016 0.826172 0.789062 0.826172 0.787109 0.822266 0.787109 0.820312 0.785156 0.816406 0.785156 0.812500 0.781250 0.810547 0.781250 0.806641 0.777344 0.806641 0.775391 0.800781 0.769531 0.800781 0.767578 0.798828 0.765625 0.798828 0.755859 0.802734 0.751953 0.802734 0.728516 0.800781 0.726562 0.800781 0.722656 0.798828 0.720703 0.798828 0.716797 0.796875 0.714844 0.796875 0.712891 0.791016 0.707031 0.789062 0.707031 0.785156 0.703125 0.781250 0.703125 0.777344 0.699219
0 0.000000 0.675781 0.000000 0.687500 0.003906 0.687500 0.005859 0.685547 0.007812 0.685547 0.000000 0.677734
0 0.458984 0.650391 0.457031 0.652344 0.457031 0.654297 0.455078 0.656250 0.455078 0.662109 0.457031 0.664062 0.468750 0.664062 0.470703 0.662109 0.470703 0.652344 0.468750 0.650391
0 0.154297 0.644531 0.152344 0.646484 0.150391 0.646484 0.148438 0.648438 0.146484 0.648438 0.144531 0.650391 0.144531 0.652344 0.142578 0.654297 0.134766 0.654297 0.130859 0.650391 0.128906 0.650391 0.126953 0.652344 0.125000 0.652344 0.123047 0.654297 0.123047 0.658203 0.121094 0.660156 0.119141 0.660156 0.121094 0.662109 0.121094 0.667969 0.119141 0.669922 0.117188 0.669922 0.115234 0.671875 0.113281 0.669922 0.111328 0.669922 0.109375 0.667969 0.109375 0.664062 0.105469 0.660156 0.093750 0.660156 0.091797 0.658203 0.083984 0.658203 0.082031 0.656250 0.085938 0.652344 0.083984 0.650391 0.080078 0.650391 0.078125 0.652344 0.076172 0.650391 0.074219 0.650391 0.074219 0.652344 0.068359 0.658203 0.064453 0.658203 0.062500 0.660156 0.060547 0.660156 0.058594 0.662109 0.056641 0.662109 0.056641 0.664062 0.052734 0.667969 0.050781 0.667969 0.050781 0.673828 0.048828 0.675781 0.048828 0.683594 0.050781 0.685547 0.050781 0.695312 0.052734 0.695312 0.054688 0.697266 0.054688 0.707031 0.056641 0.708984 0.056641 0.710938 0.058594 0.712891 0.058594 0.714844 0.060547 0.716797 0.060547 0.720703 0.054688 0.726562 0.052734 0.726562 0.048828 0.730469 0.048828 0.732422 0.042969 0.738281 0.042969 0.746094 0.044922 0.746094 0.048828 0.750000 0.050781 0.750000 0.054688 0.753906 0.054688 0.759766 0.050781 0.763672 0.046875 0.763672 0.046875 0.765625 0.050781 0.769531 0.054688 0.769531 0.056641 0.771484 0.062500 0.771484 0.066406 0.767578 0.060547 0.767578 0.058594 0.765625 0.056641 0.765625 0.054688 0.763672 0.056641 0.761719 0.060547 0.761719 0.064453 0.757812 0.064453 0.755859 0.066406 0.753906 0.070312 0.753906 0.072266 0.755859 0.072266 0.757812 0.074219 0.759766 0.074219 0.765625 0.076172 0.767578 0.078125 0.767578 0.080078 0.769531 0.095703 0.769531 0.097656 0.767578 0.099609 0.769531 0.099609 0.771484 0.101562 0.773438 0.105469 0.773438 0.107422 0.771484 0.107422 0.765625 0.105469 0.763672 0.105469 0.759766 0.103516 0.757812 0.099609 0.757812 0.097656 0.755859 0.099609 0.753906 0.099609 0.751953 0.101562 0.750000 0.105469 0.750000 0.109375 0.746094 0.111328 0.746094 0.111328 0.742188 0.113281 0.740234 0.113281 0.736328 0.115234 0.734375 0.117188 0.734375 0.119141 0.732422 0.119141 0.730469 0.121094 0.728516 0.123047 0.728516 0.123047 0.722656 0.125000 0.720703 0.126953 0.720703 0.128906 0.722656 0.130859 0.720703 0.132812 0.720703 0.134766 0.718750 0.136719 0.718750 0.140625 0.714844 0.142578 0.714844 0.142578 0.712891 0.148438 0.707031 0.148438 0.705078 0.152344 0.701172 0.152344 0.699219 0.154297 0.697266 0.154297 0.693359 0.152344 0.691406 0.152344 0.687500 0.158203 0.681641 0.160156 0.681641 0.164062 0.677734 0.167969 0.677734 0.167969 0.671875 0.166016 0.669922 0.160156 0.669922 0.156250 0.666016 0.156250 0.650391 0.158203 0.648438 0.158203 0.644531
0 0.646484 0.617188 0.644531 0.619141 0.644531 0.626953 0.642578 0.628906 0.640625 0.628906 0.638672 0.630859 0.638672 0.634766 0.644531 0.634766 0.648438 0.630859 0.654297 0.630859 0.654297 0.628906 0.656250 0.626953 0.656250 0.621094 0.652344 0.617188
0 0.515625 0.585938 0.507812 0.593750 0.507812 0.597656 0.505859 0.599609 0.503906 0.599609 0.503906 0.605469 0.501953 0.607422 0.501953 0.609375 0.498047 0.613281 0.496094 0.613281 0.494141 0.615234 0.492188 0.615234 0.490234 0.617188 0.490234 0.623047 0.492188 0.625000 0.496094 0.625000 0.498047 0.626953 0.505859 0.626953 0.505859 0.621094 0.511719 0.615234 0.511719 0.613281 0.515625 0.609375 0.515625 0.607422 0.517578 0.605469 0.517578 0.603516 0.523438 0.597656 0.523438 0.587891 0.521484 0.585938
0 0.144531 0.574219 0.144531 0.580078 0.152344 0.580078 0.152344 0.578125 0.148438 0.574219
0 0.183594 0.564453 0.179688 0.568359 0.175781 0.568359 0.175781 0.572266 0.177734 0.574219 0.177734 0.576172 0.179688 0.578125 0.179688 0.580078 0.183594 0.580078 0.185547 0.582031 0.185547 0.595703 0.183594 0.597656 0.181641 0.597656 0.179688 0.595703 0.177734 0.595703 0.169922 0.587891 0.169922 0.582031 0.167969 0.582031 0.166016 0.583984 0.164062 0.583984 0.162109 0.585938 0.158203 0.585938 0.158203 0.603516 0.156250 0.605469 0.156250 0.611328 0.160156 0.615234 0.162109 0.615234 0.166016 0.619141 0.169922 0.619141 0.173828 0.623047 0.173828 0.625000 0.175781 0.626953 0.173828 0.628906 0.173828 0.630859 0.169922 0.634766 0.169922 0.648438 0.171875 0.650391 0.171875 0.652344 0.175781 0.656250 0.177734 0.656250 0.179688 0.658203 0.179688 0.671875 0.181641 0.673828 0.183594 0.673828 0.185547 0.675781 0.187500 0.675781 0.191406 0.679688 0.191406 0.689453 0.189453 0.691406 0.189453 0.695312 0.187500 0.697266 0.187500 0.699219 0.185547 0.701172 0.185547 0.705078 0.183594 0.707031 0.183594 0.710938 0.181641 0.712891 0.181641 0.714844 0.179688 0.716797 0.175781 0.716797 0.173828 0.718750 0.167969 0.718750 0.166016 0.716797 0.162109 0.720703 0.164062 0.722656 0.166016 0.722656 0.167969 0.720703 0.171875 0.720703 0.173828 0.722656 0.173828 0.728516 0.160156 0.742188 0.156250 0.742188 0.154297 0.740234 0.154297 0.728516 0.152344 0.726562 0.148438 0.726562 0.146484 0.728516 0.144531 0.728516 0.144531 0.730469 0.142578 0.732422 0.142578 0.736328 0.140625 0.738281 0.140625 0.740234 0.136719 0.744141 0.134766 0.744141 0.132812 0.746094 0.132812 0.751953 0.134766 0.753906 0.134766 0.755859 0.136719 0.757812 0.136719 0.759766 0.134766 0.761719 0.134766 0.763672 0.130859 0.767578 0.126953 0.767578 0.132812 0.773438 0.132812 0.781250 0.130859 0.783203 0.128906 0.783203 0.130859 0.783203 0.132812 0.785156 0.132812 0.789062 0.142578 0.789062 0.140625 0.787109 0.140625 0.785156 0.138672 0.783203 0.138672 0.779297 0.140625 0.777344 0.146484 0.777344 0.148438 0.779297 0.148438 0.785156 0.150391 0.787109 0.150391 0.789062 0.156250 0.794922 0.156250 0.796875 0.158203 0.796875 0.158203 0.794922 0.160156 0.792969 0.162109 0.792969 0.162109 0.787109 0.164062 0.785156 0.171875 0.785156 0.173828 0.787109 0.179688 0.787109 0.181641 0.789062 0.181641 0.792969 0.183594 0.794922 0.183594 0.796875 0.189453 0.796875 0.191406 0.798828 0.191406 0.804688 0.193359 0.804688 0.193359 0.802734 0.195312 0.800781 0.201172 0.800781 0.201172 0.798828 0.203125 0.796875 0.207031 0.796875 0.208984 0.794922 0.210938 0.794922 0.210938 0.792969 0.212891 0.791016 0.214844 0.791016 0.216797 0.792969 0.218750 0.791016 0.216797 0.789062 0.216797 0.787109 0.214844 0.785156 0.214844 0.771484 0.212891 0.769531 0.207031 0.769531 0.203125 0.765625 0.203125 0.761719 0.205078 0.759766 0.207031 0.759766 0.208984 0.757812 0.210938 0.757812 0.212891 0.755859 0.212891 0.750000 0.208984 0.750000 0.207031 0.748047 0.207031 0.746094 0.205078 0.744141 0.205078 0.738281 0.208984 0.734375 0.208984 0.730469 0.207031 0.728516 0.207031 0.724609 0.210938 0.720703 0.210938 0.718750 0.218750 0.710938 0.220703 0.710938 0.220703 0.708984 0.222656 0.707031 0.222656 0.703125 0.230469 0.695312 0.236328 0.695312 0.240234 0.691406 0.246094 0.691406 0.248047 0.689453 0.250000 0.691406 0.259766 0.691406 0.259766 0.685547 0.261719 0.683594 0.265625 0.683594 0.267578 0.681641 0.269531 0.681641 0.271484 0.679688 0.283203 0.679688 0.283203 0.673828 0.289062 0.667969 0.291016 0.667969 0.291016 0.658203 0.292969 0.656250 0.304688 0.656250 0.306641 0.654297 0.308594 0.654297 0.310547 0.652344 0.312500 0.652344 0.314453 0.650391 0.314453 0.642578 0.308594 0.636719 0.308594 0.634766 0.304688 0.630859 0.304688 0.625000 0.306641 0.623047 0.308594 0.623047 0.310547 0.621094 0.316406 0.621094 0.320312 0.617188 0.322266 0.617188 0.322266 0.615234 0.324219 0.613281 0.326172 0.613281 0.326172 0.611328 0.328125 0.609375 0.326172 0.607422 0.330078 0.603516 0.328125 0.603516 0.326172 0.601562 0.326172 0.599609 0.322266 0.599609 0.320312 0.597656 0.320312 0.593750 0.318359 0.591797 0.312500 0.591797 0.310547 0.593750 0.308594 0.593750 0.306641 0.595703 0.304688 0.593750 0.294922 0.593750 0.292969 0.595703 0.285156 0.595703 0.285156 0.597656 0.283203 0.599609 0.263672 0.599609 0.259766 0.595703 0.253906 0.595703 0.251953 0.593750 0.251953 0.587891 0.250000 0.585938 0.251953 0.583984 0.251953 0.582031 0.250000 0.580078 0.250000 0.578125 0.251953 0.576172 0.251953 0.572266 0.250000 0.570312 0.246094 0.570312 0.244141 0.572266 0.242188 0.572266 0.238281 0.576172 0.236328 0.576172 0.234375 0.578125 0.224609 0.578125 0.218750 0.572266 0.218750 0.570312 0.216797 0.568359 0.214844 0.568359 0.212891 0.566406 0.212891 0.564453 0.210938 0.564453 0.210938 0.574219 0.208984 0.576172 0.195312 0.576172
0 0.605469 0.531250 0.605469 0.539062 0.607422 0.541016 0.613281 0.541016 0.615234 0.539062 0.615234 0.535156 0.611328 0.531250
0 0.240234 0.503906 0.236328 0.507812 0.236328 0.509766 0.234375 0.511719 0.234375 0.513672 0.228516 0.519531 0.228516 0.525391 0.230469 0.525391 0.232422 0.527344 0.244141 0.527344 0.246094 0.525391 0.248047 0.525391 0.250000 0.523438 0.250000 0.517578 0.246094 0.513672 0.246094 0.511719 0.248047 0.509766 0.248047 0.503906
0 0.101562 0.494141 0.099609 0.496094 0.097656 0.496094 0.095703 0.498047 0.095703 0.503906 0.097656 0.503906 0.099609 0.505859 0.101562 0.505859 0.103516 0.507812 0.103516 0.509766 0.105469 0.509766 0.107422 0.511719 0.113281 0.511719 0.113281 0.509766 0.115234 0.507812 0.115234 0.503906 0.117188 0.501953 0.117188 0.500000 0.115234 0.498047 0.113281 0.498047 0.111328 0.496094 0.107422 0.496094 0.105469 0.494141
0 0.542969 0.478516 0.541016 0.480469 0.539062 0.480469 0.539062 0.482422 0.537109 0.484375 0.535156 0.484375 0.535156 0.486328 0.533203 0.488281 0.533203 0.496094 0.535156 0.498047 0.535156 0.507812 0.533203 0.509766 0.531250 0.509766 0.529297 0.507812 0.527344 0.507812 0.525391 0.505859 0.523438 0.505859 0.521484 0.503906 0.521484 0.500000 0.519531 0.498047 0.509766 0.498047 0.507812 0.500000 0.488281 0.500000 0.488281 0.501953 0.484375 0.505859 0.484375 0.507812 0.482422 0.509766 0.474609 0.509766 0.472656 0.511719 0.472656 0.517578 0.480469 0.525391 0.486328 0.525391 0.488281 0.527344 0.488281 0.531250 0.494141 0.537109 0.494141 0.539062 0.492188 0.541016 0.492188 0.542969 0.490234 0.544922 0.490234 0.546875 0.492188 0.548828 0.492188 0.554688 0.498047 0.560547 0.496094 0.562500 0.496094 0.570312 0.490234 0.576172 0.490234 0.582031 0.494141 0.585938 0.500000 0.585938 0.500000 0.583984 0.503906 0.580078 0.503906 0.576172 0.505859 0.574219 0.511719 0.574219 0.513672 0.572266 0.523438 0.572266 0.523438 0.566406 0.519531 0.562500 0.517578 0.562500 0.515625 0.560547 0.515625 0.554688 0.513672 0.552734 0.513672 0.548828 0.505859 0.548828 0.501953 0.544922 0.501953 0.542969 0.500000 0.541016 0.505859 0.535156 0.509766 0.535156 0.509766 0.533203 0.507812 0.531250 0.507812 0.529297 0.505859 0.527344 0.505859 0.525391 0.503906 0.523438 0.505859 0.521484 0.509766 0.521484 0.517578 0.529297 0.521484 0.529297 0.523438 0.531250 0.541016 0.531250 0.542969 0.533203 0.556641 0.533203 0.560547 0.537109 0.560547 0.539062 0.562500 0.541016 0.562500 0.542969 0.564453 0.544922 0.564453 0.548828 0.566406 0.550781 0.568359 0.550781 0.576172 0.558594 0.583984 0.558594 0.585938 0.556641 0.587891 0.556641 0.587891 0.550781 0.589844 0.548828 0.589844 0.537109 0.587891 0.535156 0.589844 0.533203 0.589844 0.529297 0.587891 0.527344 0.587891 0.525391 0.585938 0.523438 0.583984 0.523438 0.580078 0.519531 0.580078 0.515625 0.578125 0.513672 0.580078 0.511719 0.583984 0.511719 0.583984 0.507812 0.580078 0.503906 0.580078 0.501953 0.578125 0.500000 0.578125 0.498047 0.576172 0.496094 0.576172 0.494141 0.572266 0.490234 0.572266 0.486328 0.568359 0.482422 0.564453 0.482422 0.562500 0.480469 0.556641 0.480469 0.554688 0.482422 0.552734 0.482422 0.548828 0.478516
0 0.367188 0.376953 0.365234 0.378906 0.363281 0.378906 0.363281 0.382812 0.365234 0.384766 0.359375 0.390625 0.359375 0.392578 0.357422 0.394531 0.357422 0.398438 0.359375 0.398438 0.361328 0.400391 0.373047 0.400391 0.375000 0.398438 0.375000 0.394531 0.378906 0.390625 0.378906 0.380859 0.376953 0.380859 0.373047 0.376953
0 0.107422 0.138672 0.105469 0.140625 0.103516 0.140625 0.101562 0.142578 0.097656 0.142578 0.093750 0.146484 0.091797 0.146484 0.089844 0.148438 0.085938 0.148438 0.082031 0.152344 0.080078 0.152344 0.078125 0.154297 0.076172 0.154297 0.074219 0.156250 0.048828 0.156250 0.046875 0.158203 0.042969 0.158203 0.041016 0.160156 0.039062 0.160156 0.039062 0.162109 0.037109 0.164062 0.037109 0.167969 0.035156 0.169922 0.035156 0.171875 0.029297 0.177734 0.027344 0.177734 0.023438 0.181641 0.021484 0.181641 0.019531 0.183594 0.019531 0.185547 0.015625 0.189453 0.015625 0.199219 0.023438 0.207031 0.021484 0.208984 0.021484 0.214844 0.023438 0.216797 0.023438 0.218750 0.019531 0.222656 0.019531 0.224609 0.017578 0.226562 0.017578 0.234375 0.019531 0.234375 0.027344 0.242188 0.027344 0.255859 0.029297 0.257812 0.033203 0.257812 0.035156 0.259766 0.035156 0.261719 0.037109 0.261719 0.039062 0.263672 0.039062 0.269531 0.041016 0.271484 0.041016 0.275391 0.039062 0.277344 0.039062 0.281250 0.035156 0.285156 0.035156 0.287109 0.033203 0.289062 0.033203 0.304688 0.031250 0.306641 0.027344 0.306641 0.025391 0.304688 0.025391 0.302734 0.023438 0.300781 0.021484 0.300781 0.019531 0.298828 0.019531 0.294922 0.023438 0.291016 0.023438 0.289062 0.021484 0.287109 0.021484 0.283203 0.019531 0.283203 0.017578 0.285156 0.013672 0.285156 0.007812 0.291016 0.007812 0.304688 0.005859 0.306641 0.001953 0.306641 0.000000 0.308594 0.000000 0.324219 0.003906 0.328125 0.005859 0.328125 0.007812 0.330078 0.005859 0.332031 0.003906 0.332031 0.000000 0.335938 0.000000 0.367188 0.001953 0.367188 0.001953 0.365234 0.003906 0.363281 0.007812 0.363281 0.011719 0.367188 0.009766 0.369141 0.007812 0.369141 0.007812 0.375000 0.005859 0.376953 0.003906 0.376953 0.000000 0.380859 0.000000 0.394531 0.003906 0.398438 0.003906 0.402344 0.007812 0.406250 0.007812 0.408203 0.009766 0.410156 0.009766 0.412109 0.015625 0.417969 0.015625 0.419922 0.017578 0.421875 0.017578 0.429688 0.015625 0.431641 0.023438 0.439453 0.023438 0.441406 0.021484 0.443359 0.021484 0.445312 0.019531 0.447266 0.019531 0.449219 0.023438 0.453125 0.023438 0.455078 0.025391 0.457031 0.025391 0.458984 0.027344 0.460938 0.027344 0.464844 0.029297 0.464844 0.031250 0.466797 0.033203 0.466797 0.035156 0.468750 0.033203 0.470703 0.033203 0.472656 0.031250 0.474609 0.031250 0.480469 0.035156 0.484375 0.035156 0.488281 0.031250 0.492188 0.029297 0.492188 0.027344 0.490234 0.021484 0.490234 0.021484 0.492188 0.019531 0.494141 0.009766 0.494141 0.007812 0.492188 0.007812 0.486328 0.009766 0.484375 0.011719 0.484375 0.013672 0.482422 0.015625 0.482422 0.017578 0.480469 0.017578 0.476562 0.015625 0.474609 0.007812 0.474609 0.003906 0.478516 0.003906 0.480469 0.001953 0.482422 0.001953 0.484375 0.000000 0.486328 0.000000 0.519531 0.001953 0.519531 0.003906 0.521484 0.003906 0.523438 0.007812 0.527344 0.025391 0.527344 0.027344 0.529297 0.029297 0.529297 0.033203 0.533203 0.033203 0.537109 0.035156 0.535156 0.039062 0.535156 0.041016 0.533203 0.044922 0.537109 0.044922 0.539062 0.048828 0.539062 0.050781 0.541016 0.050781 0.546875 0.054688 0.550781 0.052734 0.552734 0.050781 0.552734 0.048828 0.554688 0.046875 0.554688 0.044922 0.556641 0.037109 0.556641 0.037109 0.558594 0.035156 0.560547 0.037109 0.562500 0.039062 0.562500 0.042969 0.566406 0.044922 0.566406 0.048828 0.570312 0.052734 0.570312 0.054688 0.572266 0.068359 0.572266 0.070312 0.574219 0.085938 0.574219 0.085938 0.572266 0.087891 0.570312 0.087891 0.568359 0.089844 0.566406 0.089844 0.564453 0.091797 0.562500 0.091797 0.560547 0.093750 0.558594 0.091797 0.556641 0.089844 0.556641 0.087891 0.554688 0.087891 0.550781 0.091797 0.546875 0.091797 0.542969 0.093750 0.541016 0.087891 0.541016 0.082031 0.535156 0.080078 0.535156 0.076172 0.531250 0.074219 0.531250 0.072266 0.529297 0.070312 0.529297 0.070312 0.531250 0.068359 0.533203 0.066406 0.531250 0.062500 0.531250 0.058594 0.527344 0.056641 0.527344 0.054688 0.525391 0.054688 0.521484 0.058594 0.517578 0.066406 0.517578 0.068359 0.515625 0.068359 0.513672 0.070312 0.511719 0.072266 0.511719 0.072266 0.509766 0.074219 0.507812 0.080078 0.507812 0.082031 0.505859 0.083984 0.505859 0.085938 0.503906 0.085938 0.498047 0.082031 0.498047 0.080078 0.496094 0.080078 0.494141 0.076172 0.490234 0.072266 0.490234 0.070312 0.492188 0.068359 0.492188 0.066406 0.494141 0.062500 0.494141 0.060547 0.492188 0.064453 0.488281 0.064453 0.478516 0.062500 0.478516 0.060547 0.476562 0.060547 0.472656 0.068359 0.464844 0.068359 0.462891 0.066406 0.460938 0.066406 0.457031 0.064453 0.455078 0.068359 0.451172 0.068359 0.447266 0.070312 0.445312 0.091797 0.445312 0.093750 0.447266 0.093750 0.449219 0.095703 0.449219 0.097656 0.451172 0.097656 0.457031 0.099609 0.457031 0.101562 0.458984 0.101562 0.460938 0.103516 0.462891 0.103516 0.464844 0.105469 0.466797 0.107422 0.466797 0.109375 0.468750 0.115234 0.468750 0.117188 0.470703 0.119141 0.468750 0.123047 0.468750 0.125000 0.470703 0.126953 0.468750 0.132812 0.468750 0.134766 0.466797 0.136719 0.466797 0.138672 0.464844 0.140625 0.464844 0.144531 0.468750 0.154297 0.468750 0.156250 0.466797 0.160156 0.466797 0.160156 0.462891 0.162109 0.460938 0.162109 0.458984 0.164062 0.457031 0.173828 0.457031 0.175781 0.458984 0.177734 0.458984 0.179688 0.460938 0.183594 0.460938 0.185547 0.462891 0.189453 0.462891 0.191406 0.460938 0.193359 0.460938 0.195312 0.458984 0.199219 0.458984 0.199219 0.457031 0.201172 0.455078 0.203125 0.455078 0.205078 0.453125 0.216797 0.453125 0.218750 0.455078 0.224609 0.455078 0.226562 0.453125 0.232422 0.453125 0.232422 0.449219 0.234375 0.447266 0.236328 0.449219 0.246094 0.439453 0.248047 0.439453 0.250000 0.437500 0.253906 0.441406 0.253906 0.443359 0.257812 0.447266 0.259766 0.447266 0.261719 0.449219 0.265625 0.449219 0.269531 0.445312 0.277344 0.445312 0.279297 0.443359 0.283203 0.443359 0.285156 0.445312 0.289062 0.445312 0.292969 0.441406 0.294922 0.441406 0.294922 0.439453 0.296875 0.437500 0.298828 0.437500 0.300781 0.439453 0.302734 0.439453 0.306641 0.435547 0.306641 0.431641 0.304688 0.429688 0.304688 0.427734 0.302734 0.425781 0.302734 0.423828 0.298828 0.423828 0.296875 0.421875 0.298828 0.419922 0.296875 0.417969 0.296875 0.416016 0.298828 0.414062 0.298828 0.412109 0.300781 0.410156 0.298828 0.408203 0.298828 0.406250 0.302734 0.402344 0.304688 0.402344 0.304688 0.400391 0.302734 0.398438 0.300781 0.400391 0.289062 0.400391 0.287109 0.398438 0.287109 0.394531 0.285156 0.392578 0.285156 0.390625 0.277344 0.390625 0.273438 0.394531 0.267578 0.394531 0.265625 0.392578 0.263672 0.392578 0.261719 0.390625 0.261719 0.384766 0.263672 0.382812 0.265625 0.382812 0.267578 0.380859 0.273438 0.380859 0.275391 0.378906 0.275391 0.376953 0.277344 0.375000 0.279297 0.375000 0.279297 0.361328 0.281250 0.359375 0.281250 0.357422 0.283203 0.355469 0.287109 0.355469 0.289062 0.357422 0.289062 0.359375 0.291016 0.361328 0.291016 0.363281 0.292969 0.365234 0.292969 0.367188 0.294922 0.367188 0.296875 0.369141 0.296875 0.375000 0.300781 0.378906 0.302734 0.378906 0.304688 0.376953 0.312500 0.376953 0.314453 0.375000 0.320312 0.375000 0.324219 0.378906 0.330078 0.378906 0.332031 0.380859 0.333984 0.380859 0.335938 0.382812 0.341797 0.382812 0.343750 0.380859 0.347656 0.380859 0.349609 0.382812 0.349609 0.380859 0.351562 0.378906 0.353516 0.380859 0.357422 0.376953 0.357422 0.371094 0.355469 0.369141 0.351562 0.369141 0.349609 0.367188 0.349609 0.361328 0.351562 0.359375 0.351562 0.355469 0.347656 0.351562 0.347656 0.349609 0.343750 0.345703 0.347656 0.341797 0.347656 0.339844 0.349609 0.337891 0.349609 0.333984 0.347656 0.332031 0.347656 0.328125 0.341797 0.322266 0.341797 0.318359 0.335938 0.318359 0.333984 0.320312 0.332031 0.320312 0.330078 0.318359 0.330078 0.316406 0.332031 0.314453 0.332031 0.312500 0.330078 0.310547 0.330078 0.308594 0.328125 0.306641 0.324219 0.306641 0.320312 0.302734 0.320312 0.300781 0.322266 0.298828 0.320312 0.298828 0.318359 0.296875 0.318359 0.294922 0.312500 0.289062 0.310547 0.289062 0.308594 0.287109 0.308594 0.283203 0.306641 0.281250 0.308594 0.279297 0.312500 0.279297 0.308594 0.279297 0.306641 0.277344 0.306641 0.271484 0.308594 0.269531 0.306641 0.267578 0.306641 0.265625 0.302734 0.265625 0.298828 0.261719 0.296875 0.261719 0.294922 0.259766 0.291016 0.259766 0.289062 0.261719 0.285156 0.261719 0.283203 0.259766 0.281250 0.259766 0.279297 0.257812 0.277344 0.257812 0.273438 0.253906 0.269531 0.253906 0.265625 0.250000 0.265625 0.248047 0.263672 0.246094 0.263672 0.244141 0.261719 0.244141 0.259766 0.242188 0.259766 0.238281 0.261719 0.236328 0.261719 0.232422 0.259766 0.230469 0.259766 0.228516 0.250000 0.228516 0.246094 0.224609 0.246094 0.218750 0.244141 0.216797 0.244141 0.210938 0.242188 0.210938 0.236328 0.205078 0.236328 0.203125 0.234375 0.203125 0.230469 0.199219 0.230469 0.197266 0.224609 0.191406 0.224609 0.189453 0.222656 0.189453 0.220703 0.187500 0.218750 0.189453 0.214844 0.189453 0.210938 0.185547 0.210938 0.183594 0.208984 0.181641 0.207031 0.181641 0.205078 0.179688 0.205078 0.175781 0.203125 0.173828 0.203125 0.166016 0.195312 0.158203 0.185547 0.158203 0.183594 0.156250 0.181641 0.156250 0.179688 0.154297 0.177734 0.154297 0.175781 0.156250 0.175781 0.158203 0.171875 0.162109 0.169922 0.162109 0.164062 0.167969 0.164062 0.169922 0.162109 0.171875 0.160156 0.171875 0.158203 0.169922 0.152344 0.169922 0.150391 0.167969 0.150391 0.166016 0.144531 0.166016 0.142578 0.164062 0.142578 0.160156 0.140625 0.158203 0.142578 0.156250 0.142578 0.150391 0.148438 0.144531 0.148438 0.140625 0.140625 0.140625 0.138672 0.142578 0.134766 0.142578 0.132812 0.144531 0.130859 0.144531 0.126953 0.140625 0.125000 0.140625 0.123047 0.138672
0 0.574219 0.000000 0.574219 0.003906 0.572266 0.005859 0.570312 0.003906 0.564453 0.003906 0.562500 0.005859 0.562500 0.009766 0.558594 0.013672 0.552734 0.013672 0.550781 0.015625 0.548828 0.015625 0.544922 0.019531 0.542969 0.019531 0.541016 0.021484 0.539062 0.021484 0.537109 0.023438 0.537109 0.031250 0.535156 0.033203 0.537109 0.035156 0.537109 0.039062 0.539062 0.041016 0.539062 0.050781 0.537109 0.052734 0.537109 0.062500 0.539062 0.064453 0.541016 0.064453 0.542969 0.066406 0.544922 0.066406 0.546875 0.068359 0.548828 0.066406 0.554688 0.066406 0.558594 0.062500 0.560547 0.062500 0.562500 0.064453 0.560547 0.066406 0.560547 0.070312 0.562500 0.072266 0.564453 0.072266 0.566406 0.074219 0.566406 0.076172 0.568359 0.078125 0.568359 0.080078 0.570312 0.082031 0.568359 0.083984 0.568359 0.089844 0.566406 0.091797 0.566406 0.093750 0.564453 0.095703 0.560547 0.095703 0.556641 0.091797 0.556641 0.089844 0.554688 0.087891 0.554688 0.085938 0.556641 0.083984 0.554688 0.082031 0.554688 0.080078 0.552734 0.078125 0.552734 0.072266 0.548828 0.076172 0.548828 0.078125 0.546875 0.080078 0.544922 0.080078 0.542969 0.078125 0.535156 0.078125 0.533203 0.076172 0.531250 0.076172 0.529297 0.074219 0.527344 0.074219 0.521484 0.080078 0.519531 0.080078 0.515625 0.083984 0.507812 0.083984 0.505859 0.082031 0.505859 0.080078 0.490234 0.080078 0.488281 0.082031 0.486328 0.082031 0.484375 0.083984 0.484375 0.085938 0.482422 0.087891 0.482422 0.091797 0.480469 0.093750 0.478516 0.093750 0.476562 0.095703 0.472656 0.095703 0.472656 0.099609 0.470703 0.101562 0.468750 0.101562 0.468750 0.103516 0.466797 0.105469 0.464844 0.105469 0.462891 0.107422 0.460938 0.107422 0.458984 0.109375 0.457031 0.109375 0.447266 0.119141 0.447266 0.121094 0.445312 0.123047 0.445312 0.125000 0.443359 0.126953 0.443359 0.132812 0.441406 0.134766 0.441406 0.136719 0.439453 0.138672 0.439453 0.140625 0.437500 0.142578 0.435547 0.142578 0.433594 0.144531 0.431641 0.144531 0.429688 0.142578 0.427734 0.144531 0.425781 0.142578 0.417969 0.142578 0.417969 0.146484 0.419922 0.148438 0.421875 0.148438 0.423828 0.150391 0.421875 0.152344 0.421875 0.156250 0.416016 0.162109 0.416016 0.171875 0.417969 0.173828 0.417969 0.177734 0.419922 0.177734 0.423828 0.173828 0.427734 0.173828 0.429688 0.175781 0.431641 0.175781 0.435547 0.179688 0.435547 0.183594 0.437500 0.185547 0.437500 0.187500 0.439453 0.189453 0.439453 0.193359 0.435547 0.197266 0.433594 0.197266 0.433594 0.199219 0.429688 0.203125 0.410156 0.203125 0.408203 0.201172 0.406250 0.201172 0.406250 0.203125 0.404297 0.205078 0.388672 0.205078 0.386719 0.207031 0.384766 0.207031 0.380859 0.210938 0.380859 0.212891 0.376953 0.216797 0.375000 0.216797 0.375000 0.220703 0.371094 0.224609 0.371094 0.226562 0.369141 0.228516 0.367188 0.228516 0.367188 0.230469 0.365234 0.232422 0.363281 0.232422 0.363281 0.234375 0.361328 0.236328 0.359375 0.236328 0.359375 0.238281 0.357422 0.240234 0.357422 0.246094 0.355469 0.248047 0.355469 0.250000 0.353516 0.251953 0.353516 0.253906 0.347656 0.259766 0.347656 0.261719 0.345703 0.263672 0.345703 0.267578 0.353516 0.259766 0.357422 0.259766 0.361328 0.263672 0.361328 0.267578 0.359375 0.269531 0.357422 0.269531 0.355469 0.271484 0.355469 0.277344 0.357422 0.279297 0.357422 0.285156 0.359375 0.287109 0.359375 0.291016 0.361328 0.292969 0.365234 0.292969 0.371094 0.298828 0.371094 0.300781 0.373047 0.302734 0.375000 0.302734 0.378906 0.306641 0.378906 0.312500 0.380859 0.314453 0.380859 0.316406 0.382812 0.316406 0.384766 0.318359 0.386719 0.318359 0.390625 0.322266 0.390625 0.324219 0.398438 0.332031 0.400391 0.332031 0.404297 0.335938 0.404297 0.343750 0.402344 0.345703 0.402344 0.347656 0.404297 0.349609 0.406250 0.349609 0.408203 0.351562 0.408203 0.353516 0.406250 0.355469 0.398438 0.355469 0.396484 0.353516 0.390625 0.353516 0.388672 0.355469 0.388672 0.359375 0.390625 0.361328 0.388672 0.363281 0.380859 0.363281 0.378906 0.365234 0.382812 0.369141 0.394531 0.369141 0.398438 0.373047 0.398438 0.375000 0.400391 0.376953 0.400391 0.378906 0.402344 0.380859 0.402344 0.382812 0.404297 0.382812 0.406250 0.384766 0.406250 0.386719 0.410156 0.386719 0.412109 0.388672 0.412109 0.390625 0.419922 0.390625 0.421875 0.388672 0.431641 0.388672 0.433594 0.390625 0.435547 0.390625 0.437500 0.392578 0.439453 0.392578 0.445312 0.386719 0.447266 0.386719 0.451172 0.382812 0.455078 0.382812 0.457031 0.380859 0.460938 0.380859 0.464844 0.376953 0.472656 0.376953 0.474609 0.378906 0.474609 0.384766 0.472656 0.386719 0.470703 0.386719 0.470703 0.396484 0.472656 0.398438 0.488281 0.398438 0.490234 0.396484 0.492188 0.398438 0.501953 0.398438 0.501953 0.396484 0.503906 0.394531 0.503906 0.392578 0.509766 0.386719 0.509766 0.384766 0.505859 0.384766 0.503906 0.382812 0.503906 0.378906 0.505859 0.376953 0.505859 0.375000 0.507812 0.373047 0.509766 0.373047 0.511719 0.371094 0.511719 0.369141 0.513672 0.367188 0.515625 0.367188 0.517578 0.365234 0.517578 0.363281 0.521484 0.359375 0.519531 0.357422 0.519531 0.355469 0.521484 0.353516 0.521484 0.347656 0.523438 0.345703 0.525391 0.345703 0.529297 0.341797 0.531250 0.341797 0.533203 0.343750 0.539062 0.343750 0.544922 0.337891 0.546875 0.337891 0.546875 0.330078 0.548828 0.328125 0.550781 0.328125 0.554688 0.332031 0.554688 0.333984 0.556641 0.335938 0.566406 0.335938 0.568359 0.337891 0.570312 0.337891 0.574219 0.341797 0.574219 0.343750 0.576172 0.345703 0.576172 0.347656 0.578125 0.349609 0.578125 0.351562 0.582031 0.351562 0.585938 0.355469 0.593750 0.355469 0.595703 0.353516 0.597656 0.353516 0.601562 0.349609 0.601562 0.347656 0.603516 0.345703 0.609375 0.345703 0.611328 0.343750 0.611328 0.341797 0.609375 0.339844 0.601562 0.339844 0.597656 0.335938 0.597656 0.333984 0.599609 0.332031 0.599609 0.330078 0.605469 0.324219 0.605469 0.318359 0.607422 0.316406 0.611328 0.316406 0.613281 0.318359 0.611328 0.320312 0.611328 0.324219 0.613281 0.326172 0.613281 0.328125 0.623047 0.328125 0.625000 0.330078 0.625000 0.343750 0.626953 0.343750 0.628906 0.345703 0.638672 0.345703 0.638672 0.343750 0.640625 0.341797 0.640625 0.339844 0.642578 0.337891 0.642578 0.335938 0.646484 0.332031 0.650391 0.332031 0.652344 0.330078 0.652344 0.326172 0.650391 0.324219 0.650391 0.322266 0.646484 0.318359 0.646484 0.314453 0.642578 0.314453 0.640625 0.312500 0.640625 0.310547 0.642578 0.308594 0.644531 0.308594 0.646484 0.306641 0.646484 0.300781 0.644531 0.298828 0.642578 0.298828 0.640625 0.296875 0.638672 0.296875 0.628906 0.287109 0.628906 0.285156 0.630859 0.283203 0.632812 0.283203 0.632812 0.281250 0.634766 0.279297 0.634766 0.267578 0.638672 0.263672 0.638672 0.259766 0.640625 0.257812 0.640625 0.253906 0.638672 0.251953 0.640625 0.250000 0.640625 0.248047 0.646484 0.242188 0.648438 0.242188 0.648438 0.240234 0.650391 0.238281 0.650391 0.230469 0.652344 0.228516 0.652344 0.222656 0.656250 0.218750 0.658203 0.218750 0.662109 0.214844 0.662109 0.212891 0.666016 0.208984 0.666016 0.201172 0.660156 0.195312 0.654297 0.195312 0.648438 0.189453 0.648438 0.183594 0.650391 0.181641 0.650391 0.179688 0.652344 0.177734 0.654297 0.179688 0.667969 0.179688 0.669922 0.181641 0.671875 0.181641 0.673828 0.183594 0.687500 0.183594 0.687500 0.181641 0.689453 0.179688 0.689453 0.177734 0.691406 0.175781 0.691406 0.167969 0.689453 0.167969 0.687500 0.166016 0.681641 0.166016 0.679688 0.164062 0.683594 0.160156 0.683594 0.156250 0.685547 0.154297 0.685547 0.152344 0.687500 0.150391 0.687500 0.148438 0.689453 0.146484 0.689453 0.142578 0.687500 0.140625 0.685547 0.140625 0.675781 0.130859 0.675781 0.128906 0.673828 0.126953 0.677734 0.123047 0.679688 0.123047 0.683594 0.126953 0.687500 0.126953 0.689453 0.128906 0.693359 0.128906 0.697266 0.125000 0.699219 0.125000 0.707031 0.117188 0.707031 0.113281 0.705078 0.113281 0.699219 0.107422 0.699219 0.105469 0.695312 0.101562 0.689453 0.101562 0.687500 0.099609 0.687500 0.095703 0.685547 0.093750 0.685547 0.087891 0.687500 0.085938 0.687500 0.082031 0.685547 0.080078 0.683594 0.080078 0.681641 0.078125 0.675781 0.078125 0.673828 0.076172 0.648438 0.076172 0.644531 0.072266 0.644531 0.070312 0.648438 0.066406 0.650391 0.066406 0.652344 0.064453 0.652344 0.056641 0.650391 0.054688 0.646484 0.054688 0.644531 0.052734 0.636719 0.052734 0.634766 0.050781 0.634766 0.041016 0.628906 0.035156 0.626953 0.035156 0.623047 0.031250 0.621094 0.031250 0.617188 0.027344 0.615234 0.027344 0.611328 0.023438 0.609375 0.023438 0.607422 0.021484 0.607422 0.019531 0.603516 0.015625 0.599609 0.015625 0.597656 0.017578 0.597656 0.021484 0.599609 0.023438 0.593750 0.029297 0.591797 0.029297 0.589844 0.031250 0.587891 0.031250 0.587891 0.033203 0.585938 0.035156 0.585938 0.037109 0.582031 0.041016 0.582031 0.044922 0.578125 0.048828 0.578125 0.054688 0.580078 0.054688 0.582031 0.056641 0.580078 0.058594 0.574219 0.058594 0.574219 0.060547 0.572266 0.062500 0.572266 0.070312 0.570312 0.072266 0.568359 0.072266 0.566406 0.070312 0.568359 0.068359 0.568359 0.064453 0.566406 0.062500 0.566406 0.058594 0.568359 0.056641 0.568359 0.050781 0.566406 0.048828 0.564453 0.050781 0.560547 0.046875 0.558594 0.046875 0.556641 0.044922 0.556641 0.042969 0.558594 0.041016 0.556641 0.039062 0.556641 0.035156 0.558594 0.033203 0.558594 0.029297 0.562500 0.025391 0.564453 0.025391 0.566406 0.027344 0.566406 0.031250 0.568359 0.031250 0.572266 0.027344 0.572266 0.025391 0.574219 0.023438 0.574219 0.019531 0.583984 0.009766 0.583984 0.005859 0.578125 0.000000