0 0.566406 0.990234 0.566406 0.992188 0.568359 0.992188
0 0.537109 0.980469 0.533203 0.984375 0.533203 0.986328 0.535156 0.988281 0.537109 0.988281 0.539062 0.990234 0.541016 0.990234 0.544922 0.986328 0.544922 0.982422 0.539062 0.982422
0 0.619141 0.966797 0.615234 0.970703 0.615234 0.976562 0.613281 0.978516 0.613281 0.980469 0.611328 0.982422 0.611328 0.986328 0.607422 0.990234 0.605469 0.990234 0.603516 0.992188 0.640625 0.992188 0.640625 0.982422 0.638672 0.980469 0.638672 0.978516 0.636719 0.978516 0.634766 0.976562 0.632812 0.976562 0.630859 0.974609 0.630859 0.972656 0.628906 0.970703 0.628906 0.968750 0.626953 0.966797
0 0.451172 0.285156 0.449219 0.287109 0.445312 0.287109 0.445312 0.289062 0.443359 0.291016 0.441406 0.289062 0.437500 0.289062 0.433594 0.292969 0.433594 0.294922 0.429688 0.298828 0.429688 0.300781 0.427734 0.302734 0.427734 0.304688 0.425781 0.306641 0.425781 0.308594 0.427734 0.310547 0.427734 0.322266 0.429688 0.324219 0.441406 0.324219 0.445312 0.320312 0.449219 0.320312 0.451172 0.322266 0.453125 0.322266 0.455078 0.320312 0.457031 0.320312 0.462891 0.314453 0.462891 0.306641 0.464844 0.304688 0.464844 0.302734 0.466797 0.300781 0.466797 0.298828 0.468750 0.296875 0.476562 0.296875 0.476562 0.294922 0.478516 0.292969 0.478516 0.289062 0.476562 0.287109 0.457031 0.287109 0.455078 0.285156
0 0.478516 0.164062 0.478516 0.169922 0.482422 0.173828 0.486328 0.173828 0.488281 0.171875 0.488281 0.167969 0.486328 0.167969 0.484375 0.166016 0.484375 0.164062
0 0.412109 0.117188 0.404297 0.125000 0.400391 0.125000 0.398438 0.126953 0.398438 0.128906 0.394531 0.132812 0.394531 0.142578 0.392578 0.144531 0.392578 0.146484 0.390625 0.148438 0.388672 0.148438 0.386719 0.150391 0.386719 0.154297 0.384766 0.156250 0.382812 0.156250 0.380859 0.158203 0.373047 0.158203 0.371094 0.160156 0.371094 0.167969 0.373047 0.167969 0.375000 0.169922 0.376953 0.169922 0.378906 0.171875 0.378906 0.175781 0.382812 0.179688 0.384766 0.179688 0.384766 0.177734 0.386719 0.175781 0.388672 0.175781 0.388672 0.173828 0.390625 0.171875 0.396484 0.171875 0.396484 0.169922 0.398438 0.167969 0.400391 0.167969 0.400391 0.166016 0.402344 0.164062 0.402344 0.162109 0.398438 0.158203 0.398438 0.152344 0.402344 0.148438 0.408203 0.148438 0.410156 0.150391 0.410156 0.154297 0.412109 0.154297 0.416016 0.158203 0.417969 0.158203 0.419922 0.160156 0.425781 0.160156 0.425781 0.154297 0.417969 0.154297 0.416016 0.152344 0.416016 0.146484 0.417969 0.144531 0.419922 0.144531 0.421875 0.142578 0.423828 0.142578 0.429688 0.136719 0.431641 0.136719 0.431641 0.134766 0.433594 0.132812 0.433594 0.126953 0.431641 0.126953 0.425781 0.121094 0.425781 0.119141 0.423828 0.117188
0 0.333984 0.093750 0.332031 0.095703 0.330078 0.095703 0.326172 0.099609 0.326172 0.103516 0.332031 0.109375 0.333984 0.109375 0.335938 0.111328 0.335938 0.113281 0.337891 0.115234 0.343750 0.115234 0.349609 0.109375 0.349609 0.107422 0.351562 0.105469 0.351562 0.103516 0.349609 0.101562 0.349609 0.099609 0.347656 0.097656 0.347656 0.095703 0.345703 0.093750
0 0.558594 0.078125 0.556641 0.080078 0.554688 0.080078 0.554688 0.083984 0.556641 0.085938 0.564453 0.085938 0.564453 0.078125
0 0.347656 0.068359 0.347656 0.074219 0.345703 0.076172 0.345703 0.083984 0.355469 0.083984 0.355469 0.082031 0.357422 0.080078 0.357422 0.078125 0.353516 0.074219 0.355469 0.072266 0.355469 0.070312 0.351562 0.070312 0.349609 0.068359
0 0.425781 0.033203 0.425781 0.035156 0.423828 0.037109 0.423828 0.041016 0.425781 0.042969 0.425781 0.056641 0.433594 0.064453 0.439453 0.064453 0.439453 0.062500 0.441406 0.060547 0.441406 0.058594 0.443359 0.056641 0.443359 0.054688 0.445312 0.052734 0.443359 0.050781 0.443359 0.048828 0.439453 0.044922 0.439453 0.039062 0.435547 0.035156 0.431641 0.035156 0.429688 0.033203
0 0.169922 0.033203 0.166016 0.037109 0.164062 0.037109 0.158203 0.042969 0.154297 0.042969 0.150391 0.046875 0.150391 0.048828 0.148438 0.050781 0.152344 0.054688 0.158203 0.054688 0.158203 0.052734 0.156250 0.050781 0.158203 0.048828 0.160156 0.048828 0.162109 0.046875 0.164062 0.046875 0.166016 0.044922 0.167969 0.044922 0.169922 0.042969 0.171875 0.042969 0.173828 0.041016 0.173828 0.039062 0.175781 0.037109 0.175781 0.035156 0.173828 0.035156 0.171875 0.033203
0 0.990234 0.021484 0.988281 0.023438 0.986328 0.023438 0.986328 0.027344 0.992188 0.027344 0.992188 0.021484
0 0.683594 0.021484 0.679688 0.025391 0.677734 0.025391 0.675781 0.027344 0.667969 0.027344 0.666016 0.029297 0.660156 0.029297 0.656250 0.033203 0.656250 0.039062 0.658203 0.041016 0.658203 0.042969 0.654297 0.046875 0.654297 0.052734 0.658203 0.056641 0.662109 0.056641 0.664062 0.058594 0.666016 0.058594 0.667969 0.060547 0.667969 0.062500 0.664062 0.066406 0.666016 0.068359 0.666016 0.070312 0.667969 0.072266 0.667969 0.078125 0.666016 0.080078 0.666016 0.083984 0.662109 0.087891 0.662109 0.091797 0.664062 0.091797 0.667969 0.095703 0.667969 0.105469 0.666016 0.107422 0.664062 0.107422 0.660156 0.103516 0.660156 0.101562 0.658203 0.101562 0.656250 0.099609 0.654297 0.101562 0.652344 0.101562 0.648438 0.097656 0.646484 0.097656 0.642578 0.093750 0.636719 0.093750 0.634766 0.095703 0.634766 0.097656 0.632812 0.099609 0.630859 0.099609 0.623047 0.107422 0.621094 0.107422 0.617188 0.111328 0.615234 0.111328 0.611328 0.115234 0.609375 0.115234 0.609375 0.121094 0.607422 0.123047 0.605469 0.123047 0.603516 0.125000 0.597656 0.125000 0.595703 0.123047 0.595703 0.121094 0.591797 0.117188 0.593750 0.115234 0.593750 0.111328 0.589844 0.111328 0.585938 0.107422 0.582031 0.107422 0.580078 0.105469 0.580078 0.099609 0.578125 0.097656 0.568359 0.097656 0.566406 0.099609 0.564453 0.099609 0.562500 0.101562 0.560547 0.099609 0.560547 0.095703 0.558594 0.093750 0.542969 0.093750 0.541016 0.091797 0.539062 0.091797 0.537109 0.089844 0.537109 0.085938 0.542969 0.080078 0.542969 0.078125 0.546875 0.074219 0.546875 0.070312 0.550781 0.066406 0.566406 0.066406 0.568359 0.064453 0.570312 0.064453 0.572266 0.062500 0.574219 0.062500 0.576172 0.060547 0.578125 0.060547 0.580078 0.062500 0.587891 0.062500 0.589844 0.060547 0.601562 0.060547 0.605469 0.056641 0.605469 0.054688 0.607422 0.052734 0.607422 0.046875 0.605469 0.044922 0.605469 0.042969 0.603516 0.041016 0.595703 0.041016 0.593750 0.039062 0.593750 0.037109 0.583984 0.037109 0.582031 0.039062 0.580078 0.039062 0.578125 0.037109 0.570312 0.037109 0.566406 0.041016 0.566406 0.044922 0.564453 0.046875 0.564453 0.050781 0.556641 0.058594 0.554688 0.058594 0.552734 0.056641 0.552734 0.052734 0.554688 0.050781 0.554688 0.048828 0.558594 0.044922 0.558594 0.033203 0.556641 0.031250 0.556641 0.029297 0.548828 0.029297 0.548828 0.031250 0.546875 0.033203 0.542969 0.033203 0.542969 0.035156 0.541016 0.037109 0.539062 0.037109 0.537109 0.039062 0.535156 0.039062 0.533203 0.041016 0.529297 0.041016 0.527344 0.039062 0.525391 0.041016 0.521484 0.041016 0.519531 0.042969 0.515625 0.042969 0.513672 0.044922 0.507812 0.044922 0.505859 0.046875 0.500000 0.046875 0.498047 0.048828 0.496094 0.048828 0.490234 0.054688 0.486328 0.054688 0.484375 0.056641 0.484375 0.076172 0.488281 0.080078 0.488281 0.083984 0.486328 0.085938 0.486328 0.089844 0.484375 0.091797 0.484375 0.093750 0.482422 0.095703 0.480469 0.095703 0.480469 0.113281 0.488281 0.113281 0.492188 0.117188 0.492188 0.125000 0.486328 0.130859 0.486328 0.132812 0.480469 0.138672 0.480469 0.146484 0.482422 0.148438 0.482422 0.150391 0.484375 0.150391 0.486328 0.152344 0.490234 0.152344 0.494141 0.156250 0.494141 0.160156 0.496094 0.160156 0.500000 0.164062 0.500000 0.166016 0.501953 0.167969 0.498047 0.171875 0.494141 0.171875 0.488281 0.177734 0.488281 0.179688 0.494141 0.179688 0.496094 0.177734 0.500000 0.177734 0.503906 0.181641 0.503906 0.183594 0.505859 0.183594 0.509766 0.187500 0.507812 0.189453 0.503906 0.189453 0.503906 0.197266 0.501953 0.199219 0.500000 0.199219 0.498047 0.197266 0.492188 0.197266 0.490234 0.195312 0.486328 0.195312 0.484375 0.197266 0.480469 0.197266 0.480469 0.199219 0.478516 0.201172 0.474609 0.201172 0.472656 0.203125 0.470703 0.203125 0.468750 0.205078 0.468750 0.207031 0.462891 0.212891 0.457031 0.212891 0.455078 0.214844 0.449219 0.214844 0.447266 0.216797 0.447266 0.218750 0.445312 0.220703 0.443359 0.220703 0.443359 0.228516 0.447266 0.232422 0.447266 0.236328 0.445312 0.238281 0.441406 0.238281 0.437500 0.234375 0.435547 0.234375 0.433594 0.232422 0.433594 0.230469 0.431641 0.228516 0.431641 0.222656 0.429688 0.220703 0.414062 0.220703 0.414062 0.222656 0.412109 0.224609 0.402344 0.224609 0.402344 0.226562 0.400391 0.228516 0.398438 0.228516 0.398438 0.230469 0.396484 0.232422 0.396484 0.234375 0.398438 0.236328 0.404297 0.236328 0.406250 0.238281 0.406250 0.251953 0.408203 0.253906 0.408203 0.255859 0.406250 0.257812 0.398438 0.257812 0.396484 0.255859 0.392578 0.255859 0.388672 0.251953 0.386719 0.251953 0.386719 0.261719 0.388672 0.263672 0.388672 0.267578 0.390625 0.269531 0.390625 0.273438 0.394531 0.277344 0.394531 0.287109 0.400391 0.292969 0.410156 0.292969 0.412109 0.291016 0.412109 0.289062 0.414062 0.287109 0.414062 0.283203 0.416016 0.281250 0.425781 0.281250 0.427734 0.279297 0.427734 0.277344 0.433594 0.271484 0.433594 0.269531 0.435547 0.267578 0.435547 0.259766 0.431641 0.255859 0.431641 0.253906 0.429688 0.251953 0.433594 0.248047 0.439453 0.248047 0.441406 0.250000 0.441406 0.251953 0.443359 0.253906 0.445312 0.253906 0.451172 0.248047 0.458984 0.248047 0.460938 0.246094 0.464844 0.246094 0.468750 0.242188 0.474609 0.242188 0.476562 0.240234 0.478516 0.240234 0.480469 0.238281 0.480469 0.236328 0.486328 0.230469 0.509766 0.230469 0.513672 0.226562 0.513672 0.220703 0.515625 0.218750 0.517578 0.220703 0.531250 0.220703 0.533203 0.218750 0.537109 0.218750 0.539062 0.216797 0.544922 0.216797 0.548828 0.212891 0.548828 0.205078 0.550781 0.203125 0.550781 0.201172 0.546875 0.197266 0.546875 0.193359 0.544922 0.193359 0.541016 0.189453 0.541016 0.187500 0.539062 0.187500 0.537109 0.185547 0.537109 0.179688 0.539062 0.177734 0.542969 0.177734 0.544922 0.179688 0.546875 0.179688 0.550781 0.183594 0.550781 0.185547 0.554688 0.189453 0.560547 0.189453 0.562500 0.191406 0.568359 0.191406 0.570312 0.193359 0.572266 0.193359 0.574219 0.195312 0.576172 0.195312 0.595703 0.175781 0.595703 0.173828 0.593750 0.171875 0.580078 0.171875 0.574219 0.166016 0.574219 0.162109 0.576172 0.160156 0.582031 0.160156 0.583984 0.162109 0.585938 0.160156 0.587891 0.160156 0.591797 0.156250 0.595703 0.156250 0.597656 0.158203 0.599609 0.158203 0.601562 0.160156 0.611328 0.160156 0.611328 0.156250 0.613281 0.154297 0.628906 0.154297 0.630859 0.156250 0.632812 0.156250 0.634766 0.154297 0.636719 0.154297 0.640625 0.150391 0.654297 0.150391 0.656250 0.148438 0.658203 0.148438 0.658203 0.146484 0.660156 0.144531 0.660156 0.134766 0.664062 0.130859 0.667969 0.130859 0.669922 0.132812 0.669922 0.134766 0.671875 0.136719 0.671875 0.142578 0.669922 0.144531 0.669922 0.146484 0.671875 0.148438 0.671875 0.150391 0.675781 0.154297 0.675781 0.156250 0.677734 0.156250 0.679688 0.158203 0.683594 0.158203 0.685547 0.156250 0.685547 0.140625 0.683594 0.138672 0.687500 0.134766 0.687500 0.132812 0.689453 0.130859 0.689453 0.128906 0.691406 0.126953 0.691406 0.115234 0.693359 0.113281 0.693359 0.107422 0.695312 0.105469 0.695312 0.103516 0.699219 0.099609 0.703125 0.099609 0.705078 0.097656 0.705078 0.095703 0.707031 0.093750 0.707031 0.089844 0.708984 0.087891 0.714844 0.087891 0.720703 0.093750 0.720703 0.099609 0.722656 0.101562 0.724609 0.101562 0.728516 0.105469 0.730469 0.105469 0.732422 0.103516 0.734375 0.103516 0.736328 0.101562 0.736328 0.091797 0.744141 0.083984 0.748047 0.083984 0.750000 0.085938 0.751953 0.085938 0.753906 0.087891 0.759766 0.087891 0.759766 0.068359 0.761719 0.066406 0.765625 0.066406 0.765625 0.064453 0.763672 0.062500 0.763672 0.058594 0.757812 0.052734 0.753906 0.052734 0.751953 0.050781 0.751953 0.046875 0.753906 0.044922 0.753906 0.039062 0.751953 0.039062 0.748047 0.035156 0.746094 0.035156 0.744141 0.033203 0.742188 0.033203 0.738281 0.029297 0.738281 0.027344 0.732422 0.021484 0.728516 0.021484 0.726562 0.023438 0.724609 0.023438 0.722656 0.025391 0.718750 0.025391 0.716797 0.027344 0.714844 0.027344 0.712891 0.029297 0.703125 0.029297 0.701172 0.027344 0.701172 0.025391 0.697266 0.021484
0 0.095703 0.019531 0.093750 0.021484 0.087891 0.021484 0.085938 0.023438 0.083984 0.023438 0.082031 0.025391 0.080078 0.025391 0.078125 0.027344 0.078125 0.033203 0.076172 0.035156 0.076172 0.041016 0.074219 0.042969 0.074219 0.046875 0.078125 0.050781 0.078125 0.052734 0.076172 0.054688 0.076172 0.060547 0.070312 0.066406 0.070312 0.070312 0.068359 0.072266 0.068359 0.076172 0.064453 0.080078 0.064453 0.091797 0.062500 0.093750 0.060547 0.093750 0.052734 0.101562 0.052734 0.109375 0.050781 0.111328 0.050781 0.113281 0.048828 0.115234 0.046875 0.115234 0.044922 0.117188 0.044922 0.125000 0.056641 0.136719 0.056641 0.140625 0.054688 0.142578 0.048828 0.142578 0.046875 0.140625 0.042969 0.140625 0.041016 0.142578 0.039062 0.142578 0.039062 0.144531 0.033203 0.150391 0.031250 0.150391 0.029297 0.152344 0.025391 0.152344 0.019531 0.158203 0.019531 0.164062 0.017578 0.166016 0.013672 0.166016 0.011719 0.167969 0.007812 0.167969 0.001953 0.173828 0.001953 0.179688 0.003906 0.181641 0.005859 0.181641 0.007812 0.183594 0.011719 0.183594 0.013672 0.185547 0.017578 0.185547 0.019531 0.187500 0.021484 0.187500 0.023438 0.189453 0.027344 0.189453 0.029297 0.191406 0.029297 0.193359 0.039062 0.193359 0.041016 0.191406 0.042969 0.191406 0.046875 0.187500 0.056641 0.187500 0.056641 0.177734 0.058594 0.175781 0.060547 0.175781 0.064453 0.171875 0.066406 0.173828 0.068359 0.173828 0.074219 0.179688 0.074219 0.181641 0.076172 0.183594 0.076172 0.185547 0.087891 0.197266 0.091797 0.197266 0.093750 0.199219 0.095703 0.199219 0.097656 0.201172 0.107422 0.201172 0.109375 0.203125 0.115234 0.203125 0.117188 0.205078 0.121094 0.205078 0.123047 0.207031 0.123047 0.212891 0.121094 0.214844 0.119141 0.214844 0.117188 0.216797 0.119141 0.218750 0.119141 0.220703 0.121094 0.222656 0.123047 0.220703 0.125000 0.220703 0.130859 0.214844 0.132812 0.214844 0.134766 0.216797 0.134766 0.218750 0.144531 0.218750 0.144531 0.216797 0.146484 0.214844 0.146484 0.212891 0.152344 0.207031 0.158203 0.207031 0.160156 0.208984 0.160156 0.214844 0.158203 0.216797 0.160156 0.218750 0.162109 0.218750 0.166016 0.222656 0.167969 0.222656 0.169922 0.224609 0.171875 0.224609 0.173828 0.226562 0.177734 0.226562 0.179688 0.228516 0.179688 0.230469 0.191406 0.230469 0.193359 0.232422 0.193359 0.236328 0.191406 0.238281 0.189453 0.238281 0.185547 0.242188 0.181641 0.242188 0.179688 0.244141 0.175781 0.244141 0.173828 0.242188 0.171875 0.242188 0.169922 0.240234 0.162109 0.240234 0.158203 0.236328 0.156250 0.236328 0.152344 0.240234 0.152344 0.242188 0.150391 0.244141 0.144531 0.244141 0.144531 0.246094 0.142578 0.248047 0.136719 0.248047 0.134766 0.246094 0.132812 0.246094 0.126953 0.240234 0.126953 0.238281 0.125000 0.236328 0.119141 0.236328 0.111328 0.244141 0.111328 0.250000 0.109375 0.251953 0.109375 0.259766 0.113281 0.263672 0.113281 0.265625 0.117188 0.269531 0.117188 0.273438 0.119141 0.275391 0.119141 0.277344 0.121094 0.279297 0.121094 0.281250 0.123047 0.283203 0.123047 0.285156 0.126953 0.289062 0.126953 0.291016 0.128906 0.291016 0.130859 0.292969 0.132812 0.292969 0.136719 0.296875 0.134766 0.298828 0.134766 0.300781 0.140625 0.306641 0.154297 0.306641 0.154297 0.304688 0.152344 0.304688 0.150391 0.302734 0.150391 0.296875 0.154297 0.292969 0.162109 0.292969 0.162109 0.291016 0.164062 0.289062 0.183594 0.289062 0.187500 0.292969 0.185547 0.294922 0.185547 0.296875 0.191406 0.302734 0.193359 0.302734 0.193359 0.289062 0.195312 0.287109 0.199219 0.287109 0.201172 0.289062 0.208984 0.289062 0.210938 0.291016 0.210938 0.292969 0.218750 0.292969 0.222656 0.296875 0.222656 0.300781 0.216797 0.306641 0.218750 0.308594 0.218750 0.310547 0.222656 0.314453 0.222656 0.316406 0.224609 0.316406 0.226562 0.318359 0.226562 0.328125 0.224609 0.330078 0.222656 0.330078 0.218750 0.333984 0.218750 0.335938 0.216797 0.337891 0.214844 0.337891 0.212891 0.339844 0.210938 0.339844 0.205078 0.345703 0.203125 0.345703 0.201172 0.347656 0.199219 0.347656 0.197266 0.349609 0.193359 0.349609 0.193359 0.351562 0.191406 0.353516 0.189453 0.353516 0.187500 0.355469 0.187500 0.359375 0.189453 0.361328 0.189453 0.363281 0.193359 0.367188 0.193359 0.369141 0.195312 0.371094 0.195312 0.373047 0.193359 0.375000 0.189453 0.375000 0.181641 0.367188 0.181641 0.365234 0.179688 0.363281 0.179688 0.353516 0.177734 0.353516 0.175781 0.351562 0.166016 0.351562 0.160156 0.357422 0.160156 0.365234 0.158203 0.367188 0.156250 0.367188 0.150391 0.361328 0.148438 0.361328 0.144531 0.357422 0.142578 0.357422 0.140625 0.355469 0.138672 0.355469 0.136719 0.353516 0.134766 0.353516 0.132812 0.351562 0.130859 0.351562 0.126953 0.347656 0.126953 0.341797 0.130859 0.337891 0.132812 0.337891 0.132812 0.322266 0.130859 0.320312 0.119141 0.320312 0.117188 0.318359 0.115234 0.318359 0.113281 0.316406 0.105469 0.316406 0.103516 0.314453 0.099609 0.314453 0.097656 0.312500 0.097656 0.310547 0.089844 0.302734 0.087891 0.302734 0.085938 0.300781 0.083984 0.300781 0.082031 0.298828 0.078125 0.298828 0.076172 0.296875 0.074219 0.296875 0.066406 0.289062 0.066406 0.287109 0.062500 0.287109 0.056641 0.281250 0.056641 0.279297 0.054688 0.277344 0.052734 0.277344 0.050781 0.275391 0.048828 0.275391 0.046875 0.273438 0.037109 0.273438 0.035156 0.271484 0.035156 0.269531 0.037109 0.267578 0.042969 0.267578 0.044922 0.265625 0.044922 0.259766 0.042969 0.259766 0.041016 0.257812 0.033203 0.257812 0.031250 0.259766 0.027344 0.259766 0.025391 0.261719 0.023438 0.261719 0.021484 0.263672 0.021484 0.265625 0.019531 0.267578 0.017578 0.267578 0.015625 0.265625 0.015625 0.263672 0.013672 0.263672 0.011719 0.261719 0.011719 0.259766 0.005859 0.253906 0.003906 0.253906 0.001953 0.251953 0.000000 0.251953 0.000000 0.669922 0.003906 0.666016 0.003906 0.664062 0.007812 0.660156 0.009766 0.660156 0.011719 0.658203 0.017578 0.658203 0.019531 0.660156 0.019531 0.679688 0.021484 0.681641 0.023438 0.681641 0.027344 0.685547 0.027344 0.687500 0.025391 0.689453 0.025391 0.691406 0.023438 0.693359 0.015625 0.693359 0.013672 0.691406 0.011719 0.691406 0.009766 0.689453 0.007812 0.689453 0.005859 0.687500 0.000000 0.687500 0.000000 0.728516 0.003906 0.732422 0.011719 0.732422 0.013672 0.734375 0.013672 0.738281 0.015625 0.738281 0.017578 0.740234 0.021484 0.740234 0.025391 0.744141 0.025391 0.751953 0.023438 0.753906 0.011719 0.753906 0.009766 0.751953 0.007812 0.751953 0.005859 0.750000 0.001953 0.750000 0.000000 0.748047 0.000000 0.912109 0.027344 0.912109 0.031250 0.908203 0.031250 0.904297 0.037109 0.898438 0.041016 0.898438 0.042969 0.896484 0.042969 0.894531 0.044922 0.892578 0.044922 0.888672 0.042969 0.888672 0.037109 0.882812 0.037109 0.878906 0.039062 0.876953 0.052734 0.876953 0.058594 0.882812 0.058594 0.884766 0.060547 0.886719 0.060547 0.892578 0.058594 0.894531 0.058594 0.902344 0.056641 0.904297 0.052734 0.904297 0.050781 0.906250 0.046875 0.906250 0.044922 0.908203 0.041016 0.908203 0.035156 0.914062 0.035156 0.919922 0.029297 0.925781 0.029297 0.937500 0.027344 0.939453 0.027344 0.941406 0.023438 0.945312 0.023438 0.947266 0.021484 0.949219 0.021484 0.953125 0.019531 0.955078 0.019531 0.957031 0.021484 0.957031 0.023438 0.958984 0.027344 0.958984 0.031250 0.962891 0.031250 0.964844 0.029297 0.966797 0.029297 0.968750 0.025391 0.972656 0.025391 0.974609 0.023438 0.976562 0.017578 0.976562 0.011719 0.970703 0.005859 0.970703 0.001953 0.974609 0.000000 0.974609 0.000000 0.992188 0.511719 0.992188 0.509766 0.990234 0.507812 0.990234 0.505859 0.988281 0.505859 0.984375 0.507812 0.982422 0.507812 0.980469 0.509766 0.978516 0.509766 0.976562 0.507812 0.974609 0.505859 0.974609 0.503906 0.972656 0.501953 0.972656 0.500000 0.970703 0.500000 0.966797 0.501953 0.964844 0.501953 0.962891 0.505859 0.958984 0.509766 0.958984 0.511719 0.960938 0.513672 0.960938 0.515625 0.958984 0.517578 0.958984 0.519531 0.957031 0.519531 0.955078 0.523438 0.951172 0.525391 0.951172 0.527344 0.949219 0.531250 0.949219 0.535156 0.945312 0.537109 0.945312 0.541016 0.941406 0.541016 0.933594 0.539062 0.931641 0.539062 0.929688 0.541016 0.927734 0.554688 0.927734 0.558594 0.931641 0.558594 0.933594 0.560547 0.933594 0.562500 0.935547 0.562500 0.937500 0.570312 0.937500 0.576172 0.931641 0.582031 0.931641 0.583984 0.929688 0.587891 0.929688 0.589844 0.931641 0.589844 0.935547 0.583984 0.941406 0.582031 0.941406 0.582031 0.947266 0.585938 0.951172 0.585938 0.953125 0.591797 0.958984 0.595703 0.958984 0.597656 0.960938 0.601562 0.960938 0.603516 0.962891 0.607422 0.962891 0.611328 0.958984 0.611328 0.957031 0.613281 0.955078 0.617188 0.955078 0.619141 0.953125 0.621094 0.953125 0.623047 0.951172 0.625000 0.951172 0.626953 0.949219 0.634766 0.949219 0.638672 0.953125 0.638672 0.960938 0.640625 0.962891 0.640625 0.964844 0.644531 0.968750 0.644531 0.970703 0.646484 0.972656 0.646484 0.974609 0.648438 0.976562 0.650391 0.976562 0.652344 0.978516 0.656250 0.978516 0.658203 0.980469 0.660156 0.980469 0.662109 0.982422 0.664062 0.982422 0.666016 0.984375 0.669922 0.984375 0.671875 0.986328 0.679688 0.986328 0.681641 0.984375 0.685547 0.984375 0.687500 0.982422 0.689453 0.982422 0.691406 0.980469 0.701172 0.980469 0.705078 0.976562 0.707031 0.976562 0.714844 0.968750 0.708984 0.962891 0.708984 0.960938 0.710938 0.958984 0.712891 0.958984 0.714844 0.957031 0.718750 0.957031 0.720703 0.958984 0.720703 0.960938 0.722656 0.962891 0.724609 0.962891 0.728516 0.966797 0.732422 0.966797 0.734375 0.968750 0.740234 0.968750 0.744141 0.972656 0.750000 0.972656 0.751953 0.970703 0.753906 0.970703 0.755859 0.968750 0.759766 0.968750 0.767578 0.976562 0.775391 0.976562 0.777344 0.978516 0.789062 0.978516 0.791016 0.980469 0.802734 0.980469 0.814453 0.992188 0.921875 0.992188 0.923828 0.990234 0.923828 0.982422 0.927734 0.978516 0.927734 0.972656 0.931641 0.968750 0.933594 0.968750 0.935547 0.966797 0.941406 0.966797 0.943359 0.968750 0.943359 0.972656 0.945312 0.972656 0.947266 0.974609 0.947266 0.976562 0.949219 0.978516 0.949219 0.982422 0.951172 0.984375 0.955078 0.984375 0.958984 0.988281 0.960938 0.988281 0.964844 0.984375 0.966797 0.984375 0.968750 0.982422 0.972656 0.982422 0.978516 0.976562 0.980469 0.976562 0.982422 0.978516 0.982422 0.982422 0.974609 0.990234 0.974609 0.992188 0.992188 0.992188 0.992188 0.695312 0.990234 0.695312 0.988281 0.693359 0.986328 0.693359 0.984375 0.691406 0.978516 0.691406 0.976562 0.689453 0.972656 0.689453 0.966797 0.683594 0.966797 0.679688 0.968750 0.677734 0.970703 0.677734 0.970703 0.675781 0.968750 0.673828 0.964844 0.673828 0.964844 0.675781 0.962891 0.677734 0.955078 0.677734 0.953125 0.675781 0.951172 0.675781 0.949219 0.673828 0.947266 0.673828 0.945312 0.671875 0.941406 0.671875 0.939453 0.673828 0.933594 0.673828 0.931641 0.675781 0.931641 0.679688 0.927734 0.683594 0.923828 0.683594 0.919922 0.679688 0.919922 0.677734 0.931641 0.666016 0.931641 0.664062 0.933594 0.662109 0.933594 0.658203 0.935547 0.656250 0.935547 0.646484 0.939453 0.642578 0.941406 0.642578 0.951172 0.632812 0.951172 0.630859 0.953125 0.628906 0.953125 0.625000 0.951172 0.623047 0.949219 0.623047 0.947266 0.621094 0.947266 0.623047 0.945312 0.625000 0.945312 0.626953 0.939453 0.632812 0.927734 0.632812 0.925781 0.630859 0.925781 0.626953 0.929688 0.623047 0.929688 0.621094 0.931641 0.619141 0.933594 0.619141 0.933594 0.615234 0.931641 0.613281 0.923828 0.613281 0.921875 0.615234 0.921875 0.617188 0.919922 0.619141 0.917969 0.619141 0.917969 0.621094 0.914062 0.625000 0.912109 0.625000 0.910156 0.626953 0.908203 0.626953 0.906250 0.628906 0.892578 0.628906 0.888672 0.625000 0.888672 0.613281 0.890625 0.611328 0.890625 0.609375 0.892578 0.607422 0.892578 0.605469 0.894531 0.603516 0.894531 0.601562 0.896484 0.599609 0.896484 0.597656 0.900391 0.593750 0.900391 0.587891 0.902344 0.585938 0.904297 0.585938 0.904297 0.583984 0.906250 0.582031 0.908203 0.582031 0.906250 0.580078 0.904297 0.580078 0.902344 0.578125 0.896484 0.578125 0.890625 0.583984 0.890625 0.587891 0.888672 0.589844 0.888672 0.591797 0.886719 0.593750 0.882812 0.593750 0.880859 0.591797 0.880859 0.583984 0.882812 0.582031 0.882812 0.580078 0.892578 0.570312 0.906250 0.570312 0.912109 0.564453 0.912109 0.560547 0.916016 0.556641 0.917969 0.556641 0.917969 0.554688 0.919922 0.552734 0.919922 0.546875 0.921875 0.544922 0.921875 0.542969 0.923828 0.541016 0.923828 0.537109 0.925781 0.535156 0.927734 0.535156 0.927734 0.521484 0.937500 0.511719 0.943359 0.511719 0.947266 0.515625 0.949219 0.515625 0.951172 0.517578 0.953125 0.517578 0.957031 0.513672 0.957031 0.511719 0.958984 0.509766 0.964844 0.509766 0.966797 0.511719 0.966797 0.521484 0.968750 0.521484 0.974609 0.527344 0.974609 0.533203 0.972656 0.535156 0.970703 0.535156 0.966797 0.539062 0.966797 0.541016 0.960938 0.546875 0.960938 0.554688 0.958984 0.556641 0.958984 0.558594 0.943359 0.574219 0.941406 0.574219 0.941406 0.585938 0.943359 0.587891 0.943359 0.589844 0.945312 0.591797 0.945312 0.593750 0.947266 0.593750 0.949219 0.595703 0.953125 0.595703 0.955078 0.593750 0.957031 0.593750 0.958984 0.591797 0.964844 0.591797 0.964844 0.589844 0.966797 0.587891 0.968750 0.587891 0.972656 0.591797 0.972656 0.601562 0.974609 0.601562 0.976562 0.603516 0.978516 0.603516 0.980469 0.605469 0.982422 0.605469 0.984375 0.607422 0.984375 0.609375 0.992188 0.617188 0.992188 0.451172 0.984375 0.451172 0.976562 0.458984 0.976562 0.460938 0.974609 0.462891 0.974609 0.466797 0.976562 0.468750 0.976562 0.472656 0.978516 0.472656 0.980469 0.474609 0.980469 0.476562 0.976562 0.480469 0.974609 0.480469 0.974609 0.482422 0.972656 0.484375 0.970703 0.484375 0.964844 0.490234 0.958984 0.490234 0.957031 0.488281 0.957031 0.480469 0.953125 0.480469 0.949219 0.484375 0.951172 0.486328 0.951172 0.492188 0.949219 0.494141 0.949219 0.496094 0.945312 0.500000 0.939453 0.500000 0.935547 0.496094 0.935547 0.494141 0.933594 0.492188 0.933594 0.486328 0.931641 0.484375 0.931641 0.474609 0.933594 0.472656 0.937500 0.472656 0.941406 0.476562 0.941406 0.478516 0.945312 0.478516 0.945312 0.476562 0.951172 0.470703 0.953125 0.470703 0.953125 0.468750 0.955078 0.466797 0.955078 0.464844 0.957031 0.462891 0.957031 0.460938 0.958984 0.458984 0.958984 0.457031 0.962891 0.453125 0.962891 0.451172 0.966797 0.447266 0.968750 0.447266 0.976562 0.439453 0.978516 0.439453 0.980469 0.437500 0.982422 0.437500 0.984375 0.435547 0.992188 0.435547 0.992188 0.087891 0.978516 0.087891 0.976562 0.089844 0.974609 0.089844 0.968750 0.083984 0.958984 0.083984 0.957031 0.082031 0.955078 0.082031 0.953125 0.080078 0.953125 0.074219 0.957031 0.070312 0.962891 0.070312 0.964844 0.072266 0.966797 0.072266 0.968750 0.074219 0.970703 0.072266 0.972656 0.072266 0.974609 0.070312 0.974609 0.062500 0.972656 0.060547 0.972656 0.058594 0.976562 0.054688 0.976562 0.052734 0.980469 0.048828 0.980469 0.044922 0.966797 0.044922 0.966797 0.046875 0.964844 0.048828 0.964844 0.052734 0.962891 0.054688 0.960938 0.054688 0.957031 0.050781 0.957031 0.039062 0.955078 0.037109 0.955078 0.035156 0.951172 0.031250 0.943359 0.031250 0.941406 0.033203 0.941406 0.037109 0.939453 0.039062 0.939453 0.042969 0.937500 0.044922 0.937500 0.046875 0.935547 0.048828 0.935547 0.054688 0.929688 0.060547 0.927734 0.058594 0.927734 0.056641 0.908203 0.056641 0.902344 0.062500 0.902344 0.074219 0.900391 0.076172 0.900391 0.078125 0.898438 0.080078 0.898438 0.082031 0.896484 0.083984 0.892578 0.080078 0.861328 0.080078 0.857422 0.083984 0.855469 0.083984 0.855469 0.085938 0.849609 0.091797 0.847656 0.091797 0.847656 0.095703 0.843750 0.099609 0.843750 0.121094 0.845703 0.121094 0.847656 0.123047 0.847656 0.125000 0.849609 0.126953 0.847656 0.128906 0.847656 0.132812 0.845703 0.134766 0.845703 0.136719 0.843750 0.138672 0.843750 0.148438 0.841797 0.150391 0.808594 0.150391 0.806641 0.148438 0.804688 0.148438 0.802734 0.150391 0.800781 0.150391 0.798828 0.148438 0.798828 0.146484 0.789062 0.146484 0.787109 0.144531 0.787109 0.142578 0.785156 0.142578 0.783203 0.144531 0.781250 0.142578 0.777344 0.142578 0.777344 0.146484 0.767578 0.156250 0.767578 0.160156 0.765625 0.162109 0.761719 0.162109 0.761719 0.169922 0.753906 0.177734 0.753906 0.179688 0.751953 0.181641 0.750000 0.181641 0.746094 0.185547 0.742188 0.185547 0.742188 0.203125 0.740234 0.205078 0.744141 0.208984 0.744141 0.210938 0.748047 0.214844 0.748047 0.218750 0.746094 0.220703 0.742188 0.220703 0.740234 0.218750 0.740234 0.210938 0.734375 0.205078 0.732422 0.205078 0.730469 0.203125 0.728516 0.203125 0.726562 0.201172 0.724609 0.203125 0.722656 0.203125 0.716797 0.208984 0.714844 0.208984 0.710938 0.212891 0.710938 0.214844 0.708984 0.216797 0.707031 0.216797 0.707031 0.218750 0.705078 0.220703 0.689453 0.220703 0.687500 0.218750 0.683594 0.218750 0.681641 0.216797 0.681641 0.208984 0.679688 0.207031 0.679688 0.205078 0.675781 0.205078 0.673828 0.203125 0.673828 0.201172 0.675781 0.199219 0.675781 0.185547 0.677734 0.183594 0.677734 0.179688 0.675781 0.177734 0.673828 0.177734 0.671875 0.175781 0.669922 0.175781 0.666016 0.171875 0.664062 0.171875 0.660156 0.167969 0.660156 0.166016 0.658203 0.166016 0.656250 0.164062 0.650391 0.164062 0.648438 0.166016 0.646484 0.166016 0.642578 0.169922 0.642578 0.171875 0.638672 0.175781 0.636719 0.175781 0.636719 0.179688 0.634766 0.181641 0.634766 0.183594 0.632812 0.185547 0.630859 0.185547 0.628906 0.187500 0.626953 0.187500 0.625000 0.185547 0.623047 0.185547 0.621094 0.183594 0.621094 0.175781 0.619141 0.173828 0.617188 0.175781 0.615234 0.175781 0.611328 0.179688 0.609375 0.179688 0.607422 0.181641 0.607422 0.183594 0.605469 0.185547 0.603516 0.185547 0.599609 0.189453 0.599609 0.195312 0.595703 0.199219 0.595703 0.201172 0.593750 0.203125 0.589844 0.203125 0.587891 0.205078 0.585938 0.203125 0.583984 0.203125 0.582031 0.205078 0.582031 0.207031 0.580078 0.208984 0.578125 0.208984 0.574219 0.212891 0.574219 0.214844 0.580078 0.214844 0.582031 0.212891 0.583984 0.212891 0.585938 0.214844 0.585938 0.222656 0.583984 0.224609 0.583984 0.226562 0.582031 0.228516 0.582031 0.230469 0.585938 0.234375 0.585938 0.240234 0.583984 0.242188 0.583984 0.246094 0.578125 0.251953 0.578125 0.253906 0.576172 0.255859 0.574219 0.255859 0.570312 0.259766 0.568359 0.259766 0.568359 0.263672 0.564453 0.267578 0.564453 0.271484 0.566406 0.273438 0.566406 0.283203 0.564453 0.285156 0.564453 0.289062 0.560547 0.292969 0.560547 0.296875 0.558594 0.298828 0.556641 0.298828 0.556641 0.322266 0.560547 0.326172 0.560547 0.333984 0.556641 0.337891 0.544922 0.337891 0.533203 0.326172 0.527344 0.326172 0.527344 0.328125 0.525391 0.330078 0.523438 0.330078 0.523438 0.332031 0.517578 0.337891 0.515625 0.337891 0.515625 0.343750 0.513672 0.345703 0.511719 0.345703 0.507812 0.349609 0.472656 0.349609 0.470703 0.351562 0.468750 0.351562 0.462891 0.357422 0.460938 0.357422 0.455078 0.363281 0.453125 0.361328 0.445312 0.361328 0.443359 0.359375 0.443359 0.349609 0.421875 0.349609 0.421875 0.353516 0.417969 0.357422 0.416016 0.357422 0.416016 0.371094 0.417969 0.373047 0.419922 0.373047 0.421875 0.375000 0.425781 0.375000 0.427734 0.376953 0.429688 0.376953 0.431641 0.378906 0.431641 0.380859 0.433594 0.382812 0.433594 0.384766 0.435547 0.386719 0.441406 0.386719 0.443359 0.388672 0.443359 0.392578 0.439453 0.396484 0.433594 0.396484 0.431641 0.398438 0.429688 0.398438 0.425781 0.402344 0.416016 0.402344 0.412109 0.406250 0.412109 0.417969 0.414062 0.419922 0.414062 0.425781 0.410156 0.429688 0.410156 0.431641 0.416016 0.431641 0.417969 0.433594 0.419922 0.433594 0.421875 0.435547 0.421875 0.439453 0.417969 0.443359 0.402344 0.443359 0.396484 0.449219 0.388672 0.449219 0.380859 0.457031 0.369141 0.457031 0.365234 0.453125 0.365234 0.451172 0.367188 0.449219 0.367188 0.447266 0.369141 0.445312 0.371094 0.445312 0.378906 0.437500 0.378906 0.435547 0.380859 0.433594 0.382812 0.433594 0.386719 0.429688 0.388672 0.429688 0.390625 0.427734 0.392578 0.427734 0.394531 0.425781 0.398438 0.425781 0.400391 0.423828 0.400391 0.421875 0.402344 0.419922 0.402344 0.412109 0.404297 0.410156 0.404297 0.402344 0.408203 0.398438 0.410156 0.398438 0.416016 0.392578 0.416016 0.390625 0.423828 0.382812 0.421875 0.380859 0.414062 0.380859 0.416016 0.382812 0.414062 0.384766 0.412109 0.384766 0.412109 0.386719 0.410156 0.388672 0.404297 0.388672 0.400391 0.392578 0.394531 0.392578 0.388672 0.386719 0.388672 0.382812 0.396484 0.375000 0.396484 0.373047 0.398438 0.371094 0.398438 0.369141 0.400391 0.367188 0.400391 0.363281 0.402344 0.361328 0.402344 0.355469 0.406250 0.351562 0.414062 0.351562 0.416016 0.349609 0.416016 0.341797 0.417969 0.339844 0.417969 0.337891 0.419922 0.335938 0.419922 0.330078 0.417969 0.328125 0.417969 0.322266 0.421875 0.318359 0.421875 0.314453 0.419922 0.312500 0.414062 0.312500 0.412109 0.310547 0.412109 0.306641 0.410156 0.306641 0.408203 0.304688 0.408203 0.302734 0.390625 0.302734 0.388672 0.304688 0.386719 0.302734 0.382812 0.302734 0.378906 0.298828 0.365234 0.298828 0.359375 0.292969 0.359375 0.289062 0.361328 0.287109 0.357422 0.283203 0.355469 0.283203 0.353516 0.285156 0.353516 0.287109 0.351562 0.289062 0.351562 0.291016 0.345703 0.296875 0.335938 0.296875 0.333984 0.294922 0.333984 0.291016 0.335938 0.289062 0.337891 0.289062 0.337891 0.285156 0.339844 0.283203 0.337891 0.281250 0.337891 0.271484 0.341797 0.267578 0.347656 0.267578 0.349609 0.269531 0.349609 0.271484 0.351562 0.273438 0.353516 0.273438 0.355469 0.275391 0.359375 0.275391 0.361328 0.273438 0.363281 0.273438 0.365234 0.271484 0.365234 0.269531 0.363281 0.267578 0.363281 0.265625 0.359375 0.261719 0.359375 0.253906 0.361328 0.251953 0.369141 0.251953 0.371094 0.253906 0.373047 0.251953 0.375000 0.251953 0.375000 0.250000 0.376953 0.248047 0.376953 0.246094 0.380859 0.242188 0.382812 0.242188 0.382812 0.236328 0.380859 0.236328 0.378906 0.234375 0.376953 0.234375 0.375000 0.232422 0.375000 0.230469 0.373047 0.228516 0.373047 0.226562 0.369141 0.226562 0.367188 0.224609 0.365234 0.224609 0.363281 0.222656 0.355469 0.222656 0.349609 0.228516 0.349609 0.230469 0.347656 0.232422 0.347656 0.234375 0.345703 0.236328 0.345703 0.240234 0.343750 0.242188 0.341797 0.242188 0.339844 0.240234 0.339844 0.222656 0.341797 0.220703 0.341797 0.214844 0.337891 0.214844 0.333984 0.210938 0.333984 0.208984 0.330078 0.205078 0.328125 0.205078 0.320312 0.197266 0.316406 0.197266 0.314453 0.195312 0.314453 0.191406 0.316406 0.189453 0.318359 0.189453 0.328125 0.179688 0.328125 0.173828 0.326172 0.171875 0.326172 0.166016 0.328125 0.164062 0.328125 0.158203 0.322266 0.158203 0.316406 0.164062 0.316406 0.166016 0.314453 0.167969 0.312500 0.167969 0.310547 0.169922 0.304688 0.169922 0.302734 0.167969 0.298828 0.167969 0.296875 0.166016 0.294922 0.166016 0.292969 0.164062 0.292969 0.162109 0.291016 0.160156 0.291016 0.152344 0.292969 0.150391 0.294922 0.150391 0.300781 0.144531 0.300781 0.134766 0.306641 0.128906 0.306641 0.126953 0.308594 0.125000 0.308594 0.121094 0.300781 0.121094 0.298828 0.119141 0.296875 0.119141 0.294922 0.117188 0.289062 0.117188 0.287109 0.115234 0.287109 0.111328 0.289062 0.109375 0.292969 0.109375 0.294922 0.107422 0.294922 0.105469 0.296875 0.103516 0.296875 0.101562 0.298828 0.099609 0.298828 0.097656 0.302734 0.093750 0.304688 0.093750 0.304688 0.091797 0.306641 0.089844 0.310547 0.089844 0.312500 0.087891 0.314453 0.087891 0.316406 0.085938 0.320312 0.085938 0.320312 0.083984 0.322266 0.082031 0.326172 0.082031 0.328125 0.080078 0.330078 0.080078 0.332031 0.078125 0.333984 0.078125 0.335938 0.076172 0.335938 0.056641 0.337891 0.054688 0.349609 0.054688 0.351562 0.052734 0.355469 0.052734 0.357422 0.050781 0.359375 0.052734 0.359375 0.054688 0.361328 0.054688 0.363281 0.056641 0.363281 0.058594 0.367188 0.058594 0.367188 0.052734 0.365234 0.052734 0.363281 0.050781 0.363281 0.046875 0.361328 0.044922 0.361328 0.042969 0.357422 0.042969 0.355469 0.041016 0.343750 0.041016 0.341797 0.039062 0.332031 0.039062 0.330078 0.037109 0.326172 0.037109 0.324219 0.035156 0.318359 0.035156 0.316406 0.033203 0.310547 0.033203 0.308594 0.035156 0.306641 0.035156 0.304688 0.037109 0.302734 0.037109 0.302734 0.042969 0.300781 0.044922 0.300781 0.058594 0.298828 0.060547 0.296875 0.060547 0.294922 0.062500 0.292969 0.062500 0.291016 0.064453 0.283203 0.064453 0.279297 0.068359 0.279297 0.078125 0.281250 0.080078 0.281250 0.083984 0.279297 0.085938 0.275391 0.085938 0.273438 0.083984 0.269531 0.087891 0.263672 0.087891 0.261719 0.085938 0.261719 0.082031 0.259766 0.082031 0.257812 0.080078 0.257812 0.078125 0.255859 0.076172 0.228516 0.076172 0.226562 0.078125 0.222656 0.074219 0.222656 0.072266 0.216797 0.066406 0.216797 0.060547 0.214844 0.058594 0.210938 0.058594 0.208984 0.056641 0.205078 0.056641 0.197266 0.048828 0.191406 0.048828 0.189453 0.050781 0.185547 0.050781 0.183594 0.052734 0.181641 0.052734 0.179688 0.054688 0.177734 0.054688 0.175781 0.056641 0.164062 0.056641 0.162109 0.058594 0.162109 0.060547 0.158203 0.064453 0.152344 0.064453 0.152344 0.066406 0.150391 0.068359 0.140625 0.068359 0.138672 0.066406 0.138672 0.060547 0.136719 0.060547 0.134766 0.058594 0.134766 0.052734 0.132812 0.052734 0.130859 0.050781 0.130859 0.048828 0.128906 0.046875 0.128906 0.044922 0.125000 0.041016 0.125000 0.037109 0.123047 0.035156 0.123047 0.033203 0.117188 0.039062 0.109375 0.039062 0.107422 0.037109 0.107422 0.023438 0.105469 0.023438 0.101562 0.019531
0 0.835938 0.000000 0.835938 0.001953 0.837891 0.003906 0.837891 0.005859 0.839844 0.007812 0.839844 0.013672 0.837891 0.015625 0.835938 0.015625 0.833984 0.017578 0.832031 0.017578 0.835938 0.021484 0.835938 0.023438 0.843750 0.023438 0.849609 0.029297 0.851562 0.029297 0.853516 0.031250 0.855469 0.031250 0.859375 0.035156 0.861328 0.035156 0.865234 0.039062 0.873047 0.039062 0.876953 0.035156 0.878906 0.035156 0.884766 0.041016 0.888672 0.041016 0.890625 0.039062 0.890625 0.037109 0.894531 0.033203 0.894531 0.031250 0.892578 0.029297 0.892578 0.025391 0.896484 0.021484 0.896484 0.019531 0.900391 0.015625 0.900391 0.013672 0.902344 0.011719 0.902344 0.009766 0.898438 0.005859 0.898438 0.003906 0.896484 0.001953 0.880859 0.001953 0.876953 0.005859 0.873047 0.005859 0.871094 0.007812 0.869141 0.007812 0.867188 0.005859 0.867188 0.000000
0 0.761719 0.000000 0.759766 0.001953 0.757812 0.001953 0.750000 0.009766 0.750000 0.011719 0.746094 0.015625 0.746094 0.019531 0.750000 0.023438 0.750000 0.025391 0.755859 0.031250 0.757812 0.031250 0.759766 0.033203 0.765625 0.033203 0.767578 0.035156 0.767578 0.042969 0.769531 0.044922 0.769531 0.046875 0.771484 0.046875 0.773438 0.048828 0.773438 0.050781 0.781250 0.058594 0.783203 0.058594 0.785156 0.060547 0.785156 0.070312 0.789062 0.074219 0.806641 0.074219 0.808594 0.072266 0.814453 0.072266 0.816406 0.074219 0.826172 0.074219 0.830078 0.078125 0.843750 0.078125 0.851562 0.070312 0.853516 0.070312 0.853516 0.064453 0.851562 0.062500 0.851562 0.060547 0.839844 0.048828 0.837891 0.048828 0.835938 0.046875 0.835938 0.044922 0.833984 0.042969 0.833984 0.037109 0.832031 0.035156 0.832031 0.033203 0.830078 0.031250 0.826172 0.031250 0.824219 0.029297 0.822266 0.029297 0.818359 0.025391 0.818359 0.021484 0.814453 0.017578 0.804688 0.017578 0.802734 0.019531 0.800781 0.017578 0.800781 0.015625 0.798828 0.013672 0.798828 0.005859 0.802734 0.001953 0.802734 0.000000
0 0.126953 0.000000 0.126953 0.003906 0.128906 0.003906 0.132812 0.007812 0.148438 0.007812 0.152344 0.003906 0.152344 0.000000