0 0.460938 0.957031 0.458984 0.958984 0.457031 0.958984 0.449219 0.966797 0.449219 0.970703 0.453125 0.974609 0.451172 0.976562 0.451172 0.982422 0.455078 0.982422 0.457031 0.980469 0.460938 0.984375 0.462891 0.982422 0.464844 0.982422 0.468750 0.978516 0.470703 0.978516 0.474609 0.974609 0.474609 0.970703 0.472656 0.968750 0.472656 0.966797 0.470703 0.964844 0.470703 0.958984 0.468750 0.958984 0.466797 0.957031
0 0.605469 0.857422 0.603516 0.859375 0.603516 0.865234 0.605469 0.867188 0.605469 0.871094 0.615234 0.880859 0.615234 0.882812 0.611328 0.886719 0.611328 0.892578 0.607422 0.896484 0.607422 0.904297 0.605469 0.906250 0.605469 0.921875 0.607422 0.923828 0.607422 0.935547 0.611328 0.939453 0.611328 0.943359 0.613281 0.945312 0.613281 0.947266 0.615234 0.949219 0.615234 0.960938 0.613281 0.962891 0.613281 0.964844 0.609375 0.968750 0.609375 0.970703 0.607422 0.972656 0.607422 0.976562 0.609375 0.978516 0.611328 0.978516 0.613281 0.976562 0.615234 0.978516 0.615234 0.980469 0.617188 0.982422 0.617188 0.992188 0.662109 0.992188 0.662109 0.990234 0.664062 0.988281 0.666016 0.988281 0.666016 0.986328 0.669922 0.982422 0.669922 0.978516 0.667969 0.976562 0.667969 0.970703 0.666016 0.968750 0.666016 0.966797 0.664062 0.966797 0.662109 0.964844 0.658203 0.964844 0.656250 0.962891 0.656250 0.960938 0.654297 0.958984 0.654297 0.947266 0.652344 0.945312 0.652344 0.943359 0.650391 0.943359 0.646484 0.939453 0.646484 0.927734 0.644531 0.925781 0.642578 0.925781 0.640625 0.923828 0.638672 0.923828 0.634766 0.919922 0.634766 0.914062 0.632812 0.912109 0.632812 0.908203 0.628906 0.904297 0.628906 0.898438 0.626953 0.896484 0.626953 0.888672 0.625000 0.888672 0.623047 0.886719 0.625000 0.884766 0.623047 0.882812 0.623047 0.876953 0.621094 0.875000 0.621094 0.871094 0.619141 0.869141 0.619141 0.867188 0.615234 0.863281 0.615234 0.861328 0.613281 0.861328 0.611328 0.859375 0.611328 0.857422
0 0.603516 0.814453 0.595703 0.822266 0.593750 0.822266 0.591797 0.824219 0.591797 0.828125 0.589844 0.830078 0.587891 0.830078 0.587891 0.832031 0.585938 0.833984 0.585938 0.835938 0.587891 0.835938 0.589844 0.837891 0.593750 0.837891 0.593750 0.833984 0.595703 0.832031 0.599609 0.832031 0.609375 0.822266 0.609375 0.818359 0.607422 0.818359 0.605469 0.816406 0.605469 0.814453
0 0.583984 0.773438 0.582031 0.775391 0.580078 0.775391 0.578125 0.777344 0.572266 0.777344 0.570312 0.775391 0.568359 0.775391 0.568359 0.779297 0.570312 0.781250 0.576172 0.781250 0.578125 0.779297 0.582031 0.779297 0.585938 0.775391 0.587891 0.775391 0.587891 0.773438
0 0.927734 0.437500 0.925781 0.439453 0.925781 0.449219 0.927734 0.449219 0.929688 0.447266 0.929688 0.445312 0.931641 0.443359 0.931641 0.441406
0 0.001953 0.408203 0.000000 0.410156 0.000000 0.476562 0.003906 0.480469 0.005859 0.480469 0.007812 0.482422 0.009766 0.482422 0.011719 0.484375 0.015625 0.484375 0.017578 0.482422 0.017578 0.474609 0.023438 0.468750 0.027344 0.468750 0.029297 0.466797 0.033203 0.466797 0.035156 0.464844 0.037109 0.464844 0.037109 0.457031 0.035156 0.457031 0.033203 0.455078 0.027344 0.455078 0.025391 0.453125 0.025391 0.451172 0.023438 0.449219 0.021484 0.449219 0.015625 0.443359 0.015625 0.441406 0.013672 0.439453 0.013672 0.435547 0.011719 0.433594 0.011719 0.425781 0.009766 0.423828 0.009766 0.421875 0.007812 0.419922 0.007812 0.416016 0.005859 0.414062 0.005859 0.412109
0 0.371094 0.347656 0.369141 0.349609 0.355469 0.349609 0.355469 0.351562 0.351562 0.355469 0.351562 0.357422 0.355469 0.357422 0.357422 0.355469 0.359375 0.357422 0.363281 0.357422 0.367188 0.353516 0.369141 0.353516 0.371094 0.351562 0.373047 0.351562 0.375000 0.349609 0.375000 0.347656
0 0.550781 0.232422 0.550781 0.234375 0.548828 0.236328 0.548828 0.240234 0.552734 0.244141 0.552734 0.248047 0.558594 0.248047 0.560547 0.246094 0.560547 0.244141 0.562500 0.242188 0.562500 0.238281 0.556641 0.232422
0 0.595703 0.207031 0.595703 0.208984 0.593750 0.210938 0.593750 0.212891 0.591797 0.214844 0.591797 0.216797 0.589844 0.218750 0.587891 0.218750 0.587891 0.220703 0.589844 0.220703 0.591797 0.222656 0.593750 0.222656 0.595703 0.220703 0.597656 0.220703 0.597656 0.218750 0.599609 0.216797 0.599609 0.214844 0.601562 0.212891 0.601562 0.208984 0.599609 0.207031
0 0.941406 0.136719 0.937500 0.140625 0.935547 0.140625 0.935547 0.144531 0.937500 0.144531 0.941406 0.148438 0.943359 0.148438 0.945312 0.150391 0.949219 0.150391 0.949219 0.146484 0.951172 0.144531 0.953125 0.144531 0.953125 0.142578 0.951172 0.140625 0.949219 0.140625 0.945312 0.136719
0 0.992188 0.130859 0.992188 0.132812 0.984375 0.140625 0.978516 0.140625 0.976562 0.138672 0.974609 0.138672 0.972656 0.140625 0.972656 0.142578 0.974609 0.144531 0.972656 0.146484 0.970703 0.146484 0.970703 0.148438 0.966797 0.152344 0.964844 0.150391 0.962891 0.152344 0.960938 0.152344 0.960938 0.154297 0.958984 0.156250 0.960938 0.158203 0.960938 0.162109 0.962891 0.162109 0.972656 0.171875 0.972656 0.181641 0.974609 0.183594 0.974609 0.189453 0.980469 0.189453 0.982422 0.191406 0.982422 0.193359 0.986328 0.193359 0.988281 0.191406 0.990234 0.193359 0.992188 0.193359
0 0.449219 0.083984 0.449219 0.085938 0.447266 0.087891 0.443359 0.087891 0.441406 0.089844 0.441406 0.093750 0.443359 0.093750 0.449219 0.099609 0.457031 0.099609 0.462891 0.093750 0.462891 0.089844 0.460938 0.087891 0.460938 0.085938 0.458984 0.083984
0 0.968750 0.074219 0.962891 0.080078 0.962891 0.087891 0.966797 0.087891 0.968750 0.085938 0.968750 0.083984 0.970703 0.082031 0.970703 0.080078 0.972656 0.078125 0.972656 0.074219
0 0.978516 0.044922 0.978516 0.046875 0.976562 0.048828 0.964844 0.048828 0.964844 0.050781 0.972656 0.058594 0.978516 0.058594 0.982422 0.054688 0.982422 0.050781 0.984375 0.048828 0.984375 0.046875 0.982422 0.044922
0 0.482422 0.039062 0.482422 0.041016 0.480469 0.042969 0.476562 0.042969 0.476562 0.046875 0.478516 0.048828 0.484375 0.048828 0.488281 0.044922 0.488281 0.041016 0.486328 0.039062
0 0.482422 0.025391 0.482422 0.027344 0.484375 0.029297 0.488281 0.029297 0.488281 0.027344 0.486328 0.025391
0 0.839844 0.000000 0.839844 0.003906 0.837891 0.005859 0.837891 0.007812 0.839844 0.009766 0.839844 0.011719 0.835938 0.015625 0.833984 0.013672 0.830078 0.013672 0.826172 0.009766 0.826172 0.005859 0.824219 0.007812 0.822266 0.005859 0.820312 0.005859 0.818359 0.003906 0.816406 0.005859 0.812500 0.005859 0.808594 0.009766 0.806641 0.009766 0.804688 0.007812 0.804688 0.009766 0.802734 0.011719 0.804688 0.013672 0.802734 0.015625 0.794922 0.015625 0.792969 0.017578 0.791016 0.017578 0.791016 0.019531 0.789062 0.021484 0.785156 0.021484 0.783203 0.023438 0.781250 0.021484 0.781250 0.019531 0.783203 0.017578 0.783203 0.007812 0.781250 0.007812 0.779297 0.009766 0.779297 0.021484 0.777344 0.023438 0.777344 0.025391 0.779297 0.027344 0.777344 0.029297 0.769531 0.029297 0.769531 0.039062 0.767578 0.041016 0.761719 0.041016 0.761719 0.042969 0.757812 0.046875 0.755859 0.044922 0.755859 0.042969 0.753906 0.042969 0.750000 0.039062 0.751953 0.037109 0.751953 0.035156 0.746094 0.035156 0.740234 0.029297 0.734375 0.029297 0.734375 0.033203 0.726562 0.041016 0.722656 0.041016 0.720703 0.039062 0.716797 0.039062 0.714844 0.041016 0.712891 0.041016 0.710938 0.042969 0.708984 0.042969 0.708984 0.044922 0.707031 0.046875 0.705078 0.046875 0.703125 0.044922 0.703125 0.041016 0.701172 0.041016 0.697266 0.037109 0.691406 0.037109 0.689453 0.039062 0.687500 0.039062 0.685547 0.041016 0.685547 0.054688 0.687500 0.056641 0.687500 0.070312 0.685547 0.072266 0.685547 0.074219 0.683594 0.076172 0.683594 0.080078 0.685547 0.082031 0.685547 0.083984 0.683594 0.085938 0.685547 0.085938 0.687500 0.087891 0.687500 0.097656 0.693359 0.097656 0.695312 0.099609 0.695312 0.103516 0.687500 0.111328 0.687500 0.119141 0.685547 0.121094 0.683594 0.121094 0.681641 0.119141 0.681641 0.117188 0.679688 0.117188 0.679688 0.119141 0.675781 0.123047 0.675781 0.128906 0.673828 0.130859 0.673828 0.132812 0.671875 0.134766 0.669922 0.134766 0.667969 0.136719 0.666016 0.136719 0.666016 0.138672 0.667969 0.140625 0.667969 0.142578 0.669922 0.144531 0.667969 0.146484 0.664062 0.146484 0.664062 0.162109 0.662109 0.164062 0.658203 0.164062 0.658203 0.166016 0.656250 0.167969 0.654297 0.167969 0.652344 0.169922 0.652344 0.171875 0.650391 0.173828 0.650391 0.177734 0.652344 0.179688 0.652344 0.191406 0.650391 0.193359 0.644531 0.193359 0.644531 0.197266 0.640625 0.201172 0.640625 0.218750 0.642578 0.220703 0.646484 0.220703 0.650391 0.224609 0.652344 0.224609 0.654297 0.226562 0.656250 0.226562 0.660156 0.230469 0.660156 0.234375 0.658203 0.236328 0.658203 0.238281 0.654297 0.242188 0.652344 0.242188 0.656250 0.246094 0.660156 0.246094 0.662109 0.248047 0.662109 0.250000 0.664062 0.251953 0.664062 0.261719 0.662109 0.263672 0.652344 0.263672 0.652344 0.267578 0.654297 0.267578 0.656250 0.269531 0.656250 0.281250 0.660156 0.285156 0.679688 0.285156 0.681641 0.283203 0.683594 0.283203 0.685547 0.285156 0.693359 0.285156 0.693359 0.283203 0.695312 0.281250 0.697266 0.281250 0.699219 0.283203 0.701172 0.281250 0.703125 0.281250 0.705078 0.283203 0.705078 0.287109 0.703125 0.289062 0.701172 0.289062 0.699219 0.291016 0.699219 0.296875 0.697266 0.298828 0.693359 0.298828 0.691406 0.300781 0.685547 0.300781 0.683594 0.302734 0.679688 0.298828 0.677734 0.300781 0.675781 0.300781 0.673828 0.302734 0.673828 0.308594 0.675781 0.310547 0.677734 0.310547 0.679688 0.312500 0.679688 0.314453 0.681641 0.314453 0.683594 0.316406 0.687500 0.316406 0.689453 0.318359 0.689453 0.320312 0.697266 0.320312 0.697266 0.318359 0.699219 0.316406 0.701172 0.316406 0.703125 0.318359 0.703125 0.320312 0.708984 0.320312 0.710938 0.322266 0.710938 0.328125 0.708984 0.330078 0.708984 0.332031 0.707031 0.333984 0.707031 0.335938 0.705078 0.337891 0.705078 0.341797 0.714844 0.351562 0.716797 0.351562 0.718750 0.353516 0.718750 0.355469 0.720703 0.357422 0.720703 0.361328 0.722656 0.363281 0.722656 0.378906 0.720703 0.380859 0.710938 0.380859 0.710938 0.390625 0.712891 0.390625 0.714844 0.392578 0.714844 0.396484 0.716797 0.398438 0.718750 0.398438 0.720703 0.400391 0.726562 0.400391 0.730469 0.404297 0.730469 0.408203 0.726562 0.412109 0.724609 0.412109 0.726562 0.414062 0.738281 0.414062 0.740234 0.412109 0.742188 0.412109 0.744141 0.414062 0.746094 0.414062 0.748047 0.412109 0.750000 0.412109 0.751953 0.414062 0.755859 0.414062 0.757812 0.416016 0.759766 0.416016 0.761719 0.417969 0.761719 0.421875 0.763672 0.423828 0.769531 0.423828 0.771484 0.425781 0.771484 0.427734 0.775391 0.431641 0.775391 0.433594 0.771484 0.437500 0.767578 0.437500 0.765625 0.439453 0.755859 0.439453 0.753906 0.437500 0.746094 0.437500 0.744141 0.435547 0.744141 0.433594 0.736328 0.433594 0.732422 0.437500 0.728516 0.437500 0.722656 0.431641 0.720703 0.431641 0.716797 0.427734 0.710938 0.427734 0.708984 0.425781 0.708984 0.423828 0.703125 0.423828 0.701172 0.421875 0.699219 0.421875 0.697266 0.419922 0.697266 0.417969 0.701172 0.414062 0.703125 0.414062 0.703125 0.412109 0.705078 0.410156 0.701172 0.410156 0.699219 0.408203 0.693359 0.408203 0.689453 0.404297 0.685547 0.404297 0.683594 0.402344 0.681641 0.402344 0.679688 0.400391 0.679688 0.398438 0.677734 0.398438 0.675781 0.396484 0.675781 0.392578 0.677734 0.390625 0.675781 0.390625 0.669922 0.396484 0.669922 0.398438 0.667969 0.400391 0.666016 0.400391 0.666016 0.402344 0.664062 0.404297 0.662109 0.404297 0.658203 0.400391 0.658203 0.402344 0.656250 0.404297 0.652344 0.404297 0.652344 0.410156 0.650391 0.412109 0.646484 0.412109 0.640625 0.417969 0.640625 0.425781 0.644531 0.429688 0.644531 0.431641 0.646484 0.433594 0.646484 0.435547 0.644531 0.437500 0.644531 0.439453 0.642578 0.441406 0.642578 0.445312 0.636719 0.451172 0.634766 0.451172 0.632812 0.453125 0.630859 0.453125 0.626953 0.457031 0.625000 0.457031 0.625000 0.458984 0.623047 0.460938 0.617188 0.460938 0.615234 0.458984 0.613281 0.460938 0.611328 0.458984 0.611328 0.457031 0.609375 0.455078 0.609375 0.451172 0.607422 0.449219 0.597656 0.449219 0.595703 0.451172 0.593750 0.451172 0.593750 0.453125 0.591797 0.455078 0.591797 0.457031 0.589844 0.458984 0.589844 0.460938 0.585938 0.464844 0.583984 0.464844 0.576172 0.472656 0.576172 0.480469 0.574219 0.482422 0.574219 0.492188 0.582031 0.500000 0.582031 0.527344 0.580078 0.529297 0.580078 0.533203 0.578125 0.535156 0.578125 0.539062 0.576172 0.541016 0.574219 0.541016 0.572266 0.539062 0.572266 0.537109 0.570312 0.535156 0.564453 0.535156 0.562500 0.533203 0.562500 0.531250 0.560547 0.531250 0.556641 0.527344 0.554688 0.527344 0.552734 0.525391 0.548828 0.525391 0.546875 0.523438 0.535156 0.523438 0.533203 0.525391 0.531250 0.525391 0.529297 0.527344 0.527344 0.527344 0.525391 0.529297 0.521484 0.529297 0.519531 0.531250 0.515625 0.531250 0.509766 0.537109 0.505859 0.537109 0.501953 0.533203 0.501953 0.531250 0.492188 0.531250 0.488281 0.535156 0.486328 0.535156 0.478516 0.542969 0.474609 0.542969 0.472656 0.544922 0.460938 0.544922 0.458984 0.546875 0.457031 0.546875 0.453125 0.550781 0.453125 0.554688 0.447266 0.560547 0.447266 0.566406 0.451172 0.570312 0.453125 0.570312 0.457031 0.574219 0.457031 0.580078 0.458984 0.582031 0.458984 0.585938 0.457031 0.587891 0.457031 0.589844 0.455078 0.591797 0.453125 0.591797 0.453125 0.597656 0.451172 0.599609 0.447266 0.599609 0.445312 0.601562 0.437500 0.601562 0.435547 0.603516 0.433594 0.603516 0.431641 0.601562 0.429688 0.601562 0.427734 0.599609 0.419922 0.599609 0.416016 0.603516 0.412109 0.603516 0.410156 0.605469 0.410156 0.607422 0.408203 0.609375 0.404297 0.609375 0.404297 0.611328 0.402344 0.613281 0.400391 0.613281 0.398438 0.615234 0.398438 0.617188 0.394531 0.621094 0.390625 0.621094 0.386719 0.625000 0.384766 0.625000 0.382812 0.626953 0.380859 0.626953 0.378906 0.628906 0.376953 0.628906 0.375000 0.630859 0.373047 0.630859 0.371094 0.632812 0.369141 0.632812 0.369141 0.636719 0.367188 0.638672 0.359375 0.638672 0.355469 0.642578 0.351562 0.642578 0.349609 0.644531 0.347656 0.644531 0.345703 0.646484 0.339844 0.646484 0.337891 0.648438 0.335938 0.648438 0.333984 0.650391 0.326172 0.650391 0.326172 0.652344 0.324219 0.654297 0.322266 0.654297 0.320312 0.656250 0.318359 0.656250 0.316406 0.658203 0.316406 0.660156 0.314453 0.662109 0.308594 0.662109 0.308594 0.664062 0.306641 0.666016 0.306641 0.667969 0.304688 0.669922 0.302734 0.669922 0.298828 0.673828 0.292969 0.673828 0.289062 0.677734 0.287109 0.677734 0.285156 0.675781 0.283203 0.675781 0.279297 0.671875 0.277344 0.671875 0.273438 0.667969 0.271484 0.667969 0.269531 0.666016 0.267578 0.666016 0.263672 0.662109 0.261719 0.662109 0.251953 0.652344 0.250000 0.652344 0.248047 0.650391 0.246094 0.650391 0.244141 0.648438 0.242188 0.648438 0.238281 0.644531 0.236328 0.644531 0.234375 0.642578 0.232422 0.642578 0.230469 0.640625 0.230469 0.638672 0.228516 0.636719 0.228516 0.632812 0.226562 0.630859 0.226562 0.626953 0.228516 0.625000 0.228516 0.621094 0.230469 0.619141 0.230469 0.607422 0.218750 0.595703 0.218750 0.589844 0.216797 0.587891 0.216797 0.580078 0.214844 0.578125 0.214844 0.574219 0.210938 0.570312 0.210938 0.568359 0.203125 0.560547 0.201172 0.560547 0.189453 0.548828 0.189453 0.546875 0.179688 0.537109 0.177734 0.537109 0.175781 0.539062 0.175781 0.541016 0.169922 0.546875 0.167969 0.546875 0.166016 0.548828 0.160156 0.548828 0.158203 0.550781 0.154297 0.550781 0.154297 0.552734 0.152344 0.554688 0.150391 0.554688 0.148438 0.552734 0.146484 0.552734 0.144531 0.554688 0.142578 0.552734 0.134766 0.552734 0.132812 0.554688 0.130859 0.552734 0.125000 0.552734 0.123047 0.550781 0.121094 0.552734 0.119141 0.550781 0.115234 0.550781 0.113281 0.552734 0.109375 0.552734 0.101562 0.544922 0.109375 0.537109 0.111328 0.537109 0.117188 0.531250 0.117188 0.523438 0.115234 0.521484 0.113281 0.521484 0.111328 0.519531 0.105469 0.519531 0.105469 0.521484 0.103516 0.523438 0.103516 0.525391 0.101562 0.527344 0.101562 0.529297 0.099609 0.531250 0.091797 0.531250 0.087891 0.527344 0.085938 0.527344 0.080078 0.521484 0.076172 0.521484 0.074219 0.519531 0.070312 0.519531 0.066406 0.515625 0.062500 0.515625 0.056641 0.509766 0.054688 0.509766 0.052734 0.507812 0.050781 0.507812 0.048828 0.505859 0.048828 0.503906 0.044922 0.503906 0.041016 0.500000 0.035156 0.500000 0.031250 0.503906 0.031250 0.507812 0.027344 0.511719 0.025391 0.511719 0.025391 0.513672 0.027344 0.515625 0.019531 0.523438 0.009766 0.523438 0.003906 0.529297 0.001953 0.529297 0.001953 0.542969 0.000000 0.544922 0.000000 0.826172 0.001953 0.826172 0.001953 0.824219 0.000000 0.822266 0.000000 0.820312 0.001953 0.818359 0.001953 0.814453 0.003906 0.812500 0.005859 0.812500 0.005859 0.810547 0.007812 0.808594 0.009766 0.808594 0.011719 0.806641 0.013672 0.806641 0.015625 0.804688 0.017578 0.804688 0.017578 0.802734 0.019531 0.800781 0.021484 0.800781 0.023438 0.802734 0.025391 0.802734 0.027344 0.800781 0.029297 0.802734 0.031250 0.800781 0.033203 0.802734 0.033203 0.804688 0.035156 0.806641 0.035156 0.808594 0.037109 0.810547 0.037109 0.812500 0.039062 0.812500 0.041016 0.814453 0.041016 0.818359 0.042969 0.820312 0.042969 0.822266 0.041016 0.824219 0.041016 0.832031 0.042969 0.833984 0.042969 0.837891 0.039062 0.841797 0.039062 0.843750 0.037109 0.845703 0.037109 0.851562 0.035156 0.853516 0.035156 0.857422 0.033203 0.859375 0.033203 0.861328 0.031250 0.863281 0.031250 0.880859 0.027344 0.884766 0.029297 0.886719 0.029297 0.900391 0.027344 0.902344 0.027344 0.906250 0.025391 0.908203 0.025391 0.910156 0.023438 0.912109 0.023438 0.914062 0.021484 0.916016 0.021484 0.917969 0.019531 0.919922 0.019531 0.923828 0.013672 0.929688 0.013672 0.931641 0.009766 0.935547 0.009766 0.941406 0.007812 0.943359 0.005859 0.943359 0.001953 0.947266 0.001953 0.949219 0.000000 0.951172 0.000000 0.992188 0.232422 0.992188 0.232422 0.984375 0.234375 0.982422 0.236328 0.982422 0.238281 0.980469 0.240234 0.980469 0.244141 0.976562 0.244141 0.972656 0.246094 0.970703 0.246094 0.968750 0.251953 0.962891 0.253906 0.962891 0.253906 0.958984 0.255859 0.957031 0.255859 0.955078 0.257812 0.953125 0.257812 0.949219 0.259766 0.947266 0.259766 0.945312 0.261719 0.943359 0.261719 0.941406 0.263672 0.939453 0.263672 0.925781 0.261719 0.923828 0.261719 0.921875 0.259766 0.921875 0.257812 0.919922 0.257812 0.917969 0.255859 0.916016 0.255859 0.912109 0.253906 0.912109 0.251953 0.910156 0.251953 0.904297 0.253906 0.902344 0.253906 0.898438 0.255859 0.896484 0.255859 0.890625 0.253906 0.890625 0.251953 0.888672 0.253906 0.886719 0.255859 0.886719 0.255859 0.882812 0.257812 0.880859 0.257812 0.875000 0.259766 0.873047 0.259766 0.859375 0.257812 0.857422 0.244141 0.857422 0.242188 0.859375 0.240234 0.859375 0.238281 0.861328 0.234375 0.861328 0.234375 0.863281 0.232422 0.865234 0.222656 0.865234 0.220703 0.863281 0.216797 0.863281 0.214844 0.861328 0.210938 0.861328 0.208984 0.859375 0.208984 0.847656 0.210938 0.845703 0.210938 0.843750 0.212891 0.841797 0.212891 0.837891 0.216797 0.833984 0.216797 0.832031 0.218750 0.830078 0.222656 0.830078 0.224609 0.828125 0.224609 0.826172 0.226562 0.824219 0.226562 0.818359 0.224609 0.816406 0.224609 0.804688 0.226562 0.802734 0.226562 0.796875 0.228516 0.794922 0.228516 0.789062 0.226562 0.787109 0.226562 0.785156 0.228516 0.783203 0.228516 0.781250 0.234375 0.775391 0.234375 0.773438 0.238281 0.769531 0.240234 0.769531 0.240234 0.765625 0.242188 0.763672 0.244141 0.765625 0.248047 0.765625 0.248047 0.763672 0.253906 0.757812 0.253906 0.755859 0.255859 0.753906 0.259766 0.753906 0.261719 0.755859 0.263672 0.753906 0.263672 0.751953 0.265625 0.750000 0.265625 0.748047 0.267578 0.746094 0.269531 0.746094 0.269531 0.744141 0.271484 0.742188 0.287109 0.742188 0.289062 0.740234 0.291016 0.740234 0.292969 0.742188 0.296875 0.738281 0.300781 0.738281 0.302734 0.736328 0.304688 0.736328 0.304688 0.734375 0.306641 0.732422 0.308594 0.732422 0.308594 0.730469 0.310547 0.728516 0.310547 0.726562 0.312500 0.724609 0.316406 0.724609 0.316406 0.722656 0.328125 0.710938 0.332031 0.710938 0.332031 0.708984 0.335938 0.705078 0.337891 0.705078 0.337891 0.703125 0.339844 0.701172 0.341797 0.701172 0.347656 0.695312 0.349609 0.695312 0.355469 0.689453 0.357422 0.689453 0.361328 0.685547 0.365234 0.685547 0.365234 0.683594 0.367188 0.681641 0.369141 0.681641 0.369141 0.679688 0.375000 0.673828 0.376953 0.673828 0.378906 0.671875 0.380859 0.671875 0.380859 0.669922 0.384766 0.666016 0.384766 0.662109 0.386719 0.660156 0.392578 0.660156 0.396484 0.656250 0.398438 0.656250 0.400391 0.654297 0.400391 0.650391 0.402344 0.648438 0.408203 0.648438 0.410156 0.646484 0.414062 0.646484 0.416016 0.644531 0.427734 0.644531 0.429688 0.646484 0.429688 0.648438 0.431641 0.648438 0.433594 0.646484 0.437500 0.646484 0.439453 0.644531 0.441406 0.644531 0.443359 0.642578 0.445312 0.642578 0.447266 0.640625 0.449219 0.640625 0.453125 0.636719 0.457031 0.636719 0.458984 0.634766 0.474609 0.634766 0.476562 0.636719 0.478516 0.636719 0.480469 0.638672 0.480469 0.640625 0.482422 0.642578 0.482422 0.644531 0.480469 0.646484 0.480469 0.648438 0.478516 0.650391 0.476562 0.650391 0.476562 0.652344 0.474609 0.654297 0.474609 0.658203 0.472656 0.660156 0.468750 0.660156 0.468750 0.662109 0.466797 0.664062 0.466797 0.669922 0.464844 0.671875 0.464844 0.687500 0.468750 0.691406 0.472656 0.691406 0.474609 0.693359 0.474609 0.697266 0.478516 0.701172 0.478516 0.703125 0.480469 0.705078 0.480469 0.707031 0.478516 0.708984 0.476562 0.708984 0.474609 0.710938 0.472656 0.710938 0.470703 0.712891 0.468750 0.712891 0.468750 0.718750 0.466797 0.720703 0.464844 0.720703 0.464844 0.722656 0.458984 0.728516 0.458984 0.738281 0.462891 0.742188 0.462891 0.746094 0.464844 0.746094 0.468750 0.750000 0.494141 0.750000 0.500000 0.744141 0.505859 0.744141 0.507812 0.742188 0.513672 0.742188 0.515625 0.740234 0.517578 0.740234 0.519531 0.738281 0.521484 0.738281 0.521484 0.736328 0.523438 0.734375 0.527344 0.734375 0.527344 0.732422 0.529297 0.730469 0.533203 0.730469 0.535156 0.728516 0.537109 0.728516 0.539062 0.726562 0.546875 0.726562 0.548828 0.728516 0.554688 0.728516 0.556641 0.730469 0.558594 0.730469 0.560547 0.728516 0.568359 0.728516 0.570312 0.730469 0.587891 0.730469 0.589844 0.728516 0.597656 0.728516 0.601562 0.732422 0.603516 0.732422 0.605469 0.734375 0.603516 0.736328 0.603516 0.738281 0.605469 0.740234 0.605469 0.744141 0.607422 0.746094 0.607422 0.748047 0.611328 0.751953 0.623047 0.751953 0.623047 0.750000 0.625000 0.748047 0.626953 0.748047 0.625000 0.746094 0.625000 0.744141 0.626953 0.742188 0.646484 0.742188 0.646484 0.740234 0.650391 0.736328 0.658203 0.736328 0.662109 0.740234 0.664062 0.740234 0.666016 0.742188 0.675781 0.742188 0.677734 0.744141 0.679688 0.744141 0.681641 0.746094 0.683594 0.746094 0.685547 0.748047 0.687500 0.748047 0.689453 0.750000 0.689453 0.751953 0.691406 0.753906 0.693359 0.753906 0.697266 0.750000 0.699219 0.750000 0.701172 0.748047 0.703125 0.748047 0.703125 0.746094 0.705078 0.744141 0.705078 0.742188 0.701172 0.738281 0.701172 0.736328 0.703125 0.734375 0.707031 0.734375 0.708984 0.732422 0.718750 0.732422 0.720703 0.730469 0.724609 0.730469 0.724609 0.728516 0.726562 0.726562 0.728516 0.726562 0.730469 0.724609 0.730469 0.722656 0.732422 0.720703 0.734375 0.722656 0.734375 0.724609 0.736328 0.722656 0.742188 0.722656 0.753906 0.710938 0.755859 0.710938 0.757812 0.712891 0.757812 0.714844 0.763672 0.714844 0.767578 0.718750 0.769531 0.718750 0.771484 0.720703 0.777344 0.720703 0.783203 0.714844 0.785156 0.714844 0.794922 0.705078 0.800781 0.705078 0.804688 0.708984 0.810547 0.708984 0.812500 0.710938 0.814453 0.710938 0.816406 0.712891 0.816406 0.714844 0.820312 0.714844 0.828125 0.722656 0.828125 0.724609 0.830078 0.726562 0.835938 0.726562 0.839844 0.730469 0.839844 0.738281 0.837891 0.740234 0.837891 0.742188 0.835938 0.744141 0.833984 0.744141 0.828125 0.750000 0.830078 0.751953 0.830078 0.753906 0.828125 0.755859 0.830078 0.755859 0.832031 0.757812 0.832031 0.761719 0.835938 0.761719 0.837891 0.763672 0.843750 0.763672 0.845703 0.761719 0.849609 0.765625 0.849609 0.767578 0.847656 0.769531 0.847656 0.771484 0.849609 0.773438 0.855469 0.773438 0.857422 0.771484 0.859375 0.771484 0.859375 0.767578 0.861328 0.765625 0.865234 0.769531 0.869141 0.769531 0.871094 0.771484 0.871094 0.773438 0.867188 0.777344 0.863281 0.777344 0.859375 0.781250 0.859375 0.783203 0.861328 0.785156 0.861328 0.789062 0.863281 0.789062 0.867188 0.792969 0.867188 0.794922 0.869141 0.794922 0.871094 0.796875 0.871094 0.802734 0.873047 0.804688 0.873047 0.812500 0.882812 0.812500 0.886719 0.816406 0.888672 0.816406 0.890625 0.818359 0.896484 0.818359 0.900391 0.822266 0.902344 0.820312 0.904297 0.820312 0.908203 0.816406 0.908203 0.814453 0.910156 0.812500 0.908203 0.810547 0.910156 0.808594 0.912109 0.808594 0.914062 0.806641 0.914062 0.804688 0.916016 0.802734 0.917969 0.802734 0.921875 0.798828 0.923828 0.798828 0.925781 0.796875 0.931641 0.796875 0.935547 0.800781 0.935547 0.802734 0.933594 0.804688 0.935547 0.806641 0.935547 0.808594 0.933594 0.810547 0.933594 0.818359 0.939453 0.818359 0.943359 0.822266 0.943359 0.826172 0.945312 0.828125 0.947266 0.828125 0.947266 0.826172 0.949219 0.824219 0.951172 0.824219 0.951172 0.822266 0.955078 0.818359 0.955078 0.816406 0.960938 0.810547 0.962891 0.810547 0.964844 0.812500 0.964844 0.814453 0.962891 0.816406 0.962891 0.820312 0.964844 0.822266 0.966797 0.822266 0.968750 0.824219 0.972656 0.824219 0.974609 0.826172 0.976562 0.824219 0.978516 0.824219 0.982422 0.820312 0.986328 0.824219 0.988281 0.822266 0.990234 0.822266 0.990234 0.814453 0.988281 0.812500 0.988281 0.810547 0.986328 0.808594 0.986328 0.802734 0.988281 0.800781 0.988281 0.792969 0.990234 0.791016 0.988281 0.791016 0.984375 0.787109 0.982422 0.787109 0.980469 0.785156 0.980469 0.783203 0.978516 0.781250 0.974609 0.785156 0.970703 0.781250 0.970703 0.777344 0.972656 0.775391 0.970703 0.773438 0.974609 0.769531 0.974609 0.765625 0.978516 0.761719 0.978516 0.759766 0.982422 0.755859 0.984375 0.755859 0.986328 0.753906 0.990234 0.753906 0.990234 0.744141 0.988281 0.744141 0.982422 0.738281 0.982422 0.732422 0.980469 0.730469 0.982422 0.728516 0.986328 0.728516 0.984375 0.726562 0.984375 0.720703 0.982422 0.718750 0.980469 0.718750 0.978516 0.716797 0.978516 0.714844 0.976562 0.712891 0.976562 0.705078 0.978516 0.703125 0.976562 0.701172 0.976562 0.697266 0.974609 0.695312 0.980469 0.689453 0.980469 0.687500 0.992188 0.675781 0.992188 0.615234 0.990234 0.613281 0.990234 0.611328 0.986328 0.607422 0.984375 0.607422 0.982422 0.605469 0.978516 0.605469 0.972656 0.599609 0.970703 0.599609 0.968750 0.601562 0.958984 0.601562 0.955078 0.597656 0.955078 0.595703 0.953125 0.595703 0.949219 0.591797 0.949219 0.589844 0.951172 0.587891 0.953125 0.587891 0.953125 0.585938 0.957031 0.582031 0.958984 0.583984 0.966797 0.583984 0.966797 0.580078 0.970703 0.576172 0.970703 0.574219 0.968750 0.574219 0.966797 0.572266 0.966797 0.556641 0.960938 0.556641 0.957031 0.552734 0.958984 0.550781 0.958984 0.548828 0.960938 0.546875 0.964844 0.546875 0.966797 0.544922 0.970703 0.544922 0.972656 0.542969 0.978516 0.542969 0.980469 0.544922 0.982422 0.544922 0.984375 0.542969 0.986328 0.544922 0.988281 0.542969 0.992188 0.542969 0.992188 0.470703 0.990234 0.468750 0.988281 0.468750 0.986328 0.470703 0.984375 0.470703 0.984375 0.472656 0.980469 0.476562 0.980469 0.480469 0.978516 0.482422 0.974609 0.482422 0.966797 0.490234 0.962891 0.490234 0.960938 0.492188 0.957031 0.492188 0.955078 0.490234 0.951172 0.490234 0.949219 0.492188 0.947266 0.490234 0.947266 0.488281 0.945312 0.488281 0.941406 0.484375 0.939453 0.484375 0.937500 0.482422 0.935547 0.482422 0.933594 0.480469 0.933594 0.478516 0.931641 0.476562 0.929688 0.476562 0.925781 0.472656 0.921875 0.472656 0.919922 0.470703 0.919922 0.468750 0.917969 0.466797 0.917969 0.460938 0.916016 0.462891 0.914062 0.462891 0.912109 0.460938 0.912109 0.457031 0.910156 0.458984 0.902344 0.451172 0.902344 0.449219 0.904297 0.447266 0.904297 0.441406 0.900391 0.437500 0.900391 0.435547 0.898438 0.433594 0.898438 0.431641 0.892578 0.431641 0.890625 0.429688 0.890625 0.427734 0.888672 0.425781 0.886719 0.425781 0.884766 0.423828 0.882812 0.423828 0.880859 0.421875 0.878906 0.421875 0.876953 0.419922 0.876953 0.417969 0.878906 0.416016 0.880859 0.416016 0.880859 0.414062 0.878906 0.412109 0.878906 0.410156 0.876953 0.408203 0.878906 0.406250 0.876953 0.404297 0.880859 0.400391 0.882812 0.400391 0.882812 0.396484 0.884766 0.394531 0.884766 0.388672 0.882812 0.390625 0.880859 0.390625 0.876953 0.386719 0.876953 0.384766 0.876953 0.386719 0.875000 0.388672 0.873047 0.386719 0.871094 0.386719 0.869141 0.384766 0.867188 0.384766 0.865234 0.382812 0.871094 0.376953 0.871094 0.371094 0.869141 0.371094 0.867188 0.369141 0.865234 0.369141 0.861328 0.365234 0.861328 0.363281 0.859375 0.361328 0.857422 0.363281 0.855469 0.363281 0.853516 0.361328 0.847656 0.361328 0.845703 0.359375 0.845703 0.355469 0.839844 0.355469 0.837891 0.353516 0.837891 0.351562 0.835938 0.349609 0.835938 0.347656 0.833984 0.345703 0.833984 0.341797 0.835938 0.339844 0.835938 0.335938 0.833984 0.333984 0.833984 0.330078 0.835938 0.328125 0.835938 0.326172 0.837891 0.324219 0.837891 0.322266 0.839844 0.320312 0.849609 0.320312 0.851562 0.322266 0.851562 0.324219 0.853516 0.326172 0.853516 0.328125 0.857422 0.332031 0.861328 0.332031 0.863281 0.333984 0.863281 0.337891 0.865234 0.337891 0.869141 0.341797 0.871094 0.341797 0.875000 0.345703 0.875000 0.351562 0.876953 0.353516 0.876953 0.355469 0.875000 0.357422 0.878906 0.357422 0.880859 0.359375 0.884766 0.359375 0.886719 0.357422 0.888672 0.357422 0.888672 0.353516 0.890625 0.351562 0.896484 0.351562 0.898438 0.349609 0.902344 0.353516 0.902344 0.357422 0.904297 0.359375 0.904297 0.365234 0.906250 0.367188 0.912109 0.367188 0.916016 0.371094 0.917969 0.371094 0.919922 0.373047 0.921875 0.373047 0.923828 0.375000 0.927734 0.371094 0.927734 0.369141 0.931641 0.365234 0.931641 0.361328 0.933594 0.359375 0.935547 0.359375 0.937500 0.357422 0.945312 0.357422 0.953125 0.365234 0.957031 0.365234 0.958984 0.363281 0.960938 0.363281 0.962891 0.361328 0.968750 0.367188 0.974609 0.367188 0.976562 0.365234 0.978516 0.365234 0.978516 0.363281 0.980469 0.361328 0.984375 0.361328 0.986328 0.363281 0.986328 0.367188 0.986328 0.365234 0.990234 0.361328 0.990234 0.359375 0.992188 0.357422 0.992188 0.238281 0.982422 0.238281 0.978516 0.234375 0.976562 0.234375 0.972656 0.230469 0.968750 0.230469 0.966797 0.228516 0.964844 0.228516 0.962891 0.226562 0.953125 0.226562 0.953125 0.228516 0.951172 0.230469 0.939453 0.230469 0.939453 0.232422 0.935547 0.236328 0.935547 0.238281 0.933594 0.240234 0.931641 0.238281 0.931641 0.236328 0.931641 0.242188 0.929688 0.244141 0.929688 0.246094 0.927734 0.248047 0.927734 0.250000 0.925781 0.251953 0.921875 0.251953 0.921875 0.255859 0.919922 0.257812 0.916016 0.253906 0.917969 0.251953 0.917969 0.248047 0.919922 0.246094 0.921875 0.246094 0.921875 0.242188 0.917969 0.238281 0.917969 0.236328 0.916016 0.238281 0.910156 0.232422 0.910156 0.230469 0.908203 0.230469 0.906250 0.228516 0.912109 0.222656 0.914062 0.222656 0.917969 0.218750 0.917969 0.210938 0.916016 0.210938 0.914062 0.208984 0.916016 0.207031 0.917969 0.207031 0.919922 0.205078 0.919922 0.203125 0.917969 0.203125 0.916016 0.201172 0.917969 0.199219 0.914062 0.199219 0.912109 0.197266 0.912109 0.195312 0.910156 0.193359 0.908203 0.195312 0.906250 0.193359 0.904297 0.193359 0.904297 0.195312 0.906250 0.195312 0.908203 0.197266 0.904297 0.201172 0.900391 0.201172 0.896484 0.197266 0.884766 0.197266 0.882812 0.199219 0.880859 0.197266 0.880859 0.191406 0.878906 0.193359 0.876953 0.193359 0.875000 0.191406 0.876953 0.189453 0.873047 0.189453 0.871094 0.187500 0.873047 0.185547 0.869141 0.185547 0.865234 0.181641 0.861328 0.181641 0.857422 0.177734 0.857422 0.173828 0.855469 0.171875 0.857422 0.169922 0.857422 0.166016 0.859375 0.164062 0.863281 0.164062 0.869141 0.158203 0.869141 0.154297 0.871094 0.152344 0.871094 0.148438 0.873047 0.146484 0.873047 0.144531 0.869141 0.140625 0.869141 0.128906 0.875000 0.123047 0.876953 0.123047 0.876953 0.121094 0.880859 0.117188 0.882812 0.117188 0.886719 0.113281 0.890625 0.113281 0.892578 0.111328 0.896484 0.111328 0.898438 0.109375 0.910156 0.109375 0.914062 0.105469 0.914062 0.103516 0.916016 0.101562 0.917969 0.103516 0.917969 0.101562 0.919922 0.099609 0.919922 0.097656 0.927734 0.089844 0.927734 0.068359 0.929688 0.066406 0.929688 0.064453 0.933594 0.060547 0.933594 0.058594 0.931641 0.056641 0.931641 0.054688 0.933594 0.052734 0.933594 0.050781 0.935547 0.048828 0.937500 0.048828 0.937500 0.044922 0.951172 0.031250 0.951172 0.027344 0.949219 0.025391 0.949219 0.023438 0.947266 0.021484 0.947266 0.019531 0.945312 0.017578 0.945312 0.015625 0.943359 0.013672 0.941406 0.013672 0.941406 0.015625 0.937500 0.019531 0.933594 0.019531 0.929688 0.023438 0.927734 0.021484 0.927734 0.019531 0.925781 0.019531 0.923828 0.017578 0.923828 0.015625 0.925781 0.013672 0.923828 0.011719 0.923828 0.009766 0.927734 0.005859 0.929688 0.005859 0.931641 0.003906 0.933594 0.003906 0.933594 0.001953 0.925781 0.001953 0.923828 0.000000 0.898438 0.000000 0.896484 0.001953 0.896484 0.007812 0.898438 0.009766 0.898438 0.019531 0.896484 0.021484 0.894531 0.021484 0.892578 0.023438 0.890625 0.021484 0.890625 0.015625 0.888672 0.015625 0.886719 0.013672 0.886719 0.009766 0.884766 0.007812 0.886719 0.005859 0.886719 0.003906 0.884766 0.003906 0.882812 0.001953 0.882812 0.000000
0 0.640625 0.000000 0.638672 0.001953 0.638672 0.003906 0.636719 0.005859 0.632812 0.005859 0.632812 0.015625 0.636719 0.019531 0.638672 0.019531 0.640625 0.017578 0.660156 0.017578 0.660156 0.009766 0.658203 0.007812 0.654297 0.007812 0.652344 0.005859 0.652344 0.001953 0.650391 0.001953 0.648438 0.000000
0 0.560547 0.000000 0.560547 0.001953 0.558594 0.003906 0.558594 0.005859 0.556641 0.007812 0.556641 0.009766 0.554688 0.011719 0.552734 0.011719 0.548828 0.015625 0.546875 0.015625 0.544922 0.017578 0.542969 0.017578 0.539062 0.021484 0.537109 0.019531 0.537109 0.023438 0.535156 0.025391 0.535156 0.027344 0.533203 0.029297 0.529297 0.029297 0.529297 0.037109 0.527344 0.039062 0.527344 0.046875 0.529297 0.048828 0.531250 0.048828 0.533203 0.050781 0.535156 0.050781 0.539062 0.054688 0.546875 0.054688 0.550781 0.058594 0.550781 0.060547 0.556641 0.066406 0.556641 0.072266 0.558594 0.074219 0.558594 0.082031 0.562500 0.085938 0.568359 0.085938 0.570312 0.083984 0.574219 0.083984 0.576172 0.082031 0.574219 0.080078 0.574219 0.076172 0.578125 0.072266 0.582031 0.072266 0.583984 0.070312 0.585938 0.070312 0.587891 0.068359 0.587891 0.066406 0.593750 0.060547 0.597656 0.060547 0.599609 0.062500 0.611328 0.062500 0.613281 0.060547 0.615234 0.060547 0.617188 0.058594 0.623047 0.058594 0.623047 0.046875 0.621094 0.044922 0.621094 0.041016 0.619141 0.039062 0.619141 0.037109 0.617188 0.035156 0.617188 0.033203 0.625000 0.025391 0.625000 0.019531 0.626953 0.017578 0.626953 0.015625 0.625000 0.013672 0.625000 0.011719 0.623047 0.009766 0.621094 0.009766 0.615234 0.003906 0.619141 0.000000
0 0.130859 0.000000 0.130859 0.001953 0.136719 0.001953 0.138672 0.000000 0.140625 0.001953 0.154297 0.001953 0.156250 0.003906 0.156250 0.007812 0.158203 0.009766 0.158203 0.013672 0.160156 0.015625 0.160156 0.017578 0.158203 0.019531 0.156250 0.019531 0.154297 0.021484 0.152344 0.021484 0.152344 0.023438 0.150391 0.025391 0.150391 0.031250 0.148438 0.033203 0.146484 0.033203 0.142578 0.037109 0.140625 0.037109 0.132812 0.044922 0.132812 0.046875 0.130859 0.048828 0.132812 0.050781 0.132812 0.052734 0.134766 0.054688 0.134766 0.058594 0.136719 0.060547 0.136719 0.062500 0.138672 0.064453 0.142578 0.064453 0.144531 0.066406 0.150391 0.066406 0.152344 0.064453 0.158203 0.070312 0.158203 0.072266 0.156250 0.074219 0.154297 0.074219 0.152344 0.076172 0.150391 0.076172 0.142578 0.083984 0.142578 0.089844 0.144531 0.089844 0.146484 0.091797 0.146484 0.093750 0.140625 0.099609 0.140625 0.105469 0.144531 0.105469 0.146484 0.103516 0.148438 0.105469 0.152344 0.105469 0.154297 0.107422 0.154297 0.113281 0.156250 0.115234 0.156250 0.119141 0.154297 0.121094 0.156250 0.123047 0.162109 0.123047 0.164062 0.125000 0.164062 0.126953 0.166016 0.128906 0.166016 0.130859 0.169922 0.130859 0.171875 0.128906 0.175781 0.128906 0.183594 0.136719 0.183594 0.142578 0.187500 0.146484 0.187500 0.148438 0.191406 0.152344 0.193359 0.152344 0.195312 0.154297 0.197266 0.154297 0.199219 0.156250 0.203125 0.156250 0.205078 0.154297 0.207031 0.154297 0.208984 0.152344 0.216797 0.152344 0.218750 0.150391 0.220703 0.150391 0.222656 0.148438 0.224609 0.150391 0.224609 0.158203 0.226562 0.160156 0.230469 0.160156 0.234375 0.156250 0.236328 0.158203 0.236328 0.166016 0.240234 0.166016 0.242188 0.164062 0.244141 0.164062 0.253906 0.154297 0.265625 0.154297 0.271484 0.148438 0.275391 0.148438 0.279297 0.152344 0.279297 0.156250 0.285156 0.162109 0.285156 0.164062 0.287109 0.166016 0.289062 0.166016 0.289062 0.156250 0.291016 0.154297 0.291016 0.150391 0.292969 0.148438 0.292969 0.146484 0.291016 0.144531 0.291016 0.138672 0.289062 0.136719 0.289062 0.134766 0.291016 0.132812 0.291016 0.128906 0.292969 0.126953 0.292969 0.125000 0.298828 0.119141 0.300781 0.119141 0.302734 0.117188 0.312500 0.117188 0.316406 0.113281 0.318359 0.113281 0.320312 0.111328 0.320312 0.109375 0.324219 0.105469 0.326172 0.105469 0.332031 0.099609 0.333984 0.101562 0.335938 0.101562 0.337891 0.103516 0.339844 0.103516 0.341797 0.105469 0.341797 0.107422 0.343750 0.109375 0.345703 0.109375 0.347656 0.107422 0.359375 0.107422 0.363281 0.103516 0.367188 0.103516 0.371094 0.099609 0.373047 0.099609 0.376953 0.095703 0.378906 0.097656 0.380859 0.097656 0.382812 0.099609 0.384766 0.097656 0.384766 0.093750 0.382812 0.091797 0.382812 0.085938 0.386719 0.082031 0.392578 0.082031 0.396484 0.085938 0.396484 0.087891 0.398438 0.087891 0.400391 0.089844 0.400391 0.091797 0.404297 0.091797 0.404297 0.087891 0.402344 0.085938 0.402344 0.083984 0.400391 0.082031 0.400391 0.078125 0.402344 0.076172 0.404297 0.076172 0.410156 0.070312 0.410156 0.068359 0.412109 0.066406 0.417969 0.066406 0.419922 0.068359 0.419922 0.072266 0.427734 0.072266 0.429688 0.070312 0.433594 0.070312 0.433594 0.066406 0.435547 0.064453 0.435547 0.060547 0.433594 0.058594 0.433594 0.054688 0.437500 0.050781 0.437500 0.048828 0.435547 0.046875 0.435547 0.044922 0.433594 0.042969 0.435547 0.041016 0.435547 0.039062 0.439453 0.035156 0.439453 0.033203 0.441406 0.031250 0.441406 0.029297 0.443359 0.027344 0.439453 0.023438 0.439453 0.017578 0.441406 0.015625 0.449219 0.015625 0.451172 0.017578 0.451172 0.019531 0.453125 0.021484 0.451172 0.023438 0.453125 0.025391 0.455078 0.025391 0.457031 0.027344 0.457031 0.029297 0.462891 0.029297 0.462891 0.027344 0.458984 0.023438 0.458984 0.017578 0.462891 0.013672 0.464844 0.013672 0.464844 0.011719 0.466797 0.009766 0.468750 0.009766 0.470703 0.007812 0.472656 0.007812 0.474609 0.005859 0.480469 0.011719 0.480469 0.013672 0.482422 0.015625 0.492188 0.015625 0.498047 0.009766 0.509766 0.009766 0.511719 0.011719 0.513672 0.009766 0.515625 0.009766 0.517578 0.007812 0.521484 0.007812 0.521484 0.005859 0.523438 0.003906 0.527344 0.003906 0.527344 0.000000