0 0.326172 0.857422 0.326172 0.863281 0.324219 0.865234 0.322266 0.865234 0.322266 0.869141 0.320312 0.871094 0.318359 0.871094 0.318359 0.873047 0.316406 0.875000 0.316406 0.892578 0.314453 0.894531 0.312500 0.894531 0.312500 0.896484 0.310547 0.898438 0.308594 0.898438 0.308594 0.902344 0.306641 0.904297 0.304688 0.904297 0.304688 0.906250 0.302734 0.908203 0.302734 0.912109 0.300781 0.914062 0.298828 0.914062 0.298828 0.919922 0.296875 0.921875 0.294922 0.921875 0.294922 0.929688 0.292969 0.931641 0.292969 0.939453 0.298828 0.939453 0.298828 0.935547 0.300781 0.933594 0.300781 0.925781 0.302734 0.923828 0.304688 0.923828 0.304688 0.916016 0.306641 0.914062 0.308594 0.914062 0.308594 0.912109 0.310547 0.910156 0.310547 0.906250 0.312500 0.904297 0.314453 0.904297 0.314453 0.902344 0.316406 0.900391 0.318359 0.900391 0.318359 0.898438 0.320312 0.896484 0.322266 0.896484 0.322266 0.878906 0.324219 0.876953 0.324219 0.873047 0.326172 0.871094 0.328125 0.871094 0.328125 0.865234 0.330078 0.863281 0.332031 0.863281 0.332031 0.857422
0 0.335938 0.818359 0.335938 0.824219 0.337891 0.826172 0.337891 0.839844 0.335938 0.841797 0.335938 0.845703 0.333984 0.847656 0.332031 0.847656 0.332031 0.853516 0.337891 0.853516 0.337891 0.849609 0.339844 0.847656 0.341797 0.847656 0.341797 0.841797 0.343750 0.839844 0.343750 0.818359
0 0.332031 0.808594 0.332031 0.814453 0.337891 0.814453 0.337891 0.808594
0 0.312500 0.785156 0.312500 0.791016 0.316406 0.791016 0.318359 0.792969 0.320312 0.792969 0.322266 0.794922 0.322266 0.800781 0.326172 0.800781 0.328125 0.802734 0.328125 0.804688 0.333984 0.804688 0.333984 0.798828 0.330078 0.798828 0.328125 0.796875 0.328125 0.794922 0.326172 0.794922 0.324219 0.792969 0.324219 0.787109 0.322266 0.785156
0 0.148438 0.431641 0.148438 0.447266 0.146484 0.449219 0.126953 0.449219 0.126953 0.462891 0.125000 0.464844 0.103516 0.464844 0.103516 0.484375 0.101562 0.486328 0.085938 0.486328 0.085938 0.496094 0.083984 0.498047 0.070312 0.498047 0.070312 0.513672 0.068359 0.515625 0.056641 0.515625 0.056641 0.527344 0.054688 0.529297 0.046875 0.529297 0.046875 0.537109 0.044922 0.539062 0.039062 0.539062 0.039062 0.546875 0.037109 0.548828 0.033203 0.548828 0.033203 0.552734 0.031250 0.554688 0.025391 0.554688 0.025391 0.562500 0.023438 0.564453 0.023438 0.599609 0.048828 0.599609 0.048828 0.589844 0.050781 0.587891 0.050781 0.576172 0.052734 0.574219 0.058594 0.574219 0.058594 0.566406 0.060547 0.564453 0.064453 0.564453 0.064453 0.556641 0.066406 0.554688 0.072266 0.554688 0.072266 0.542969 0.074219 0.541016 0.082031 0.541016 0.082031 0.525391 0.083984 0.523438 0.095703 0.523438 0.095703 0.513672 0.097656 0.511719 0.111328 0.511719 0.111328 0.492188 0.113281 0.490234 0.128906 0.490234 0.128906 0.476562 0.130859 0.474609 0.152344 0.474609 0.152344 0.458984 0.154297 0.457031 0.173828 0.457031 0.173828 0.431641
0 0.179688 0.412109 0.179688 0.437500 0.205078 0.437500 0.205078 0.412109
0 0.232422 0.373047 0.232422 0.386719 0.230469 0.388672 0.208984 0.388672 0.208984 0.414062 0.234375 0.414062 0.234375 0.400391 0.236328 0.398438 0.257812 0.398438 0.257812 0.373047
0 0.361328 0.298828 0.361328 0.300781 0.359375 0.302734 0.359375 0.304688 0.357422 0.306641 0.355469 0.306641 0.353516 0.308594 0.339844 0.308594 0.339844 0.320312 0.337891 0.322266 0.316406 0.322266 0.316406 0.333984 0.314453 0.335938 0.289062 0.335938 0.289062 0.349609 0.287109 0.351562 0.261719 0.351562 0.261719 0.376953 0.287109 0.376953 0.287109 0.363281 0.289062 0.361328 0.314453 0.361328 0.314453 0.349609 0.316406 0.347656 0.341797 0.347656 0.341797 0.335938 0.343750 0.333984 0.365234 0.333984 0.367188 0.332031 0.380859 0.332031 0.380859 0.330078 0.382812 0.328125 0.384766 0.328125 0.384766 0.326172 0.386719 0.324219 0.386719 0.298828
0 0.337891 0.179688 0.335938 0.181641 0.335938 0.201172 0.337891 0.203125 0.337891 0.205078 0.339844 0.205078 0.341797 0.207031 0.341797 0.208984 0.347656 0.208984 0.349609 0.210938 0.359375 0.210938 0.361328 0.212891 0.361328 0.218750 0.363281 0.218750 0.365234 0.220703 0.371094 0.220703 0.371094 0.212891 0.369141 0.212891 0.367188 0.210938 0.367188 0.208984 0.363281 0.208984 0.361328 0.207031 0.361328 0.205078 0.349609 0.205078 0.347656 0.203125 0.345703 0.203125 0.343750 0.201172 0.343750 0.199219 0.341797 0.197266 0.341797 0.187500 0.343750 0.185547 0.343750 0.179688
0 0.345703 0.156250 0.345703 0.160156 0.343750 0.162109 0.341797 0.162109 0.341797 0.175781 0.347656 0.175781 0.347656 0.164062 0.349609 0.162109 0.351562 0.162109 0.351562 0.156250
0 0.335938 0.085938 0.335938 0.089844 0.333984 0.091797 0.332031 0.091797 0.332031 0.093750 0.330078 0.095703 0.328125 0.095703 0.328125 0.125000 0.330078 0.125000 0.332031 0.126953 0.332031 0.128906 0.333984 0.128906 0.335938 0.130859 0.335938 0.134766 0.337891 0.136719 0.337891 0.138672 0.339844 0.138672 0.341797 0.140625 0.341797 0.144531 0.343750 0.144531 0.345703 0.146484 0.345703 0.152344 0.351562 0.152344 0.351562 0.138672 0.345703 0.138672 0.343750 0.136719 0.343750 0.132812 0.341797 0.130859 0.341797 0.128906 0.339844 0.128906 0.337891 0.126953 0.337891 0.123047 0.335938 0.123047 0.333984 0.121094 0.333984 0.099609 0.335938 0.097656 0.337891 0.097656 0.337891 0.093750 0.339844 0.091797 0.341797 0.091797 0.341797 0.085938
0 0.335938 0.076172 0.335938 0.082031 0.341797 0.082031 0.341797 0.076172
0 0.308594 0.019531 0.308594 0.029297 0.310547 0.029297 0.312500 0.031250 0.314453 0.031250 0.316406 0.033203 0.316406 0.039062 0.320312 0.039062 0.322266 0.041016 0.326172 0.041016 0.328125 0.042969 0.328125 0.048828 0.330078 0.048828 0.332031 0.050781 0.332031 0.052734 0.333984 0.052734 0.335938 0.054688 0.335938 0.068359 0.341797 0.068359 0.341797 0.048828 0.339844 0.048828 0.337891 0.046875 0.337891 0.042969 0.330078 0.042969 0.328125 0.041016 0.328125 0.035156 0.324219 0.035156 0.322266 0.033203 0.320312 0.033203 0.318359 0.031250 0.318359 0.025391 0.316406 0.025391 0.314453 0.023438 0.314453 0.019531