0 0.519531 0.810547 0.519531 0.835938 0.544922 0.835938 0.544922 0.810547
0 0.478516 0.810547 0.478516 0.835938 0.503906 0.835938 0.503906 0.810547
0 0.558594 0.808594 0.558594 0.833984 0.583984 0.833984 0.583984 0.808594
0 0.388672 0.800781 0.388672 0.826172 0.406250 0.826172 0.408203 0.828125 0.408203 0.830078 0.433594 0.830078 0.433594 0.804688 0.416016 0.804688 0.414062 0.802734 0.414062 0.800781
0 0.595703 0.798828 0.595703 0.824219 0.621094 0.824219 0.621094 0.798828
0 0.634766 0.791016 0.634766 0.816406 0.660156 0.816406 0.660156 0.791016
0 0.681641 0.781250 0.681641 0.806641 0.707031 0.806641 0.707031 0.781250
0 0.710938 0.777344 0.710938 0.802734 0.759766 0.802734 0.761719 0.804688 0.761719 0.810547 0.779297 0.810547 0.781250 0.812500 0.781250 0.814453 0.814453 0.814453 0.814453 0.812500 0.816406 0.810547 0.816406 0.804688 0.818359 0.802734 0.820312 0.802734 0.820312 0.777344 0.791016 0.777344 0.791016 0.783203 0.789062 0.785156 0.765625 0.785156 0.763672 0.783203 0.763672 0.777344
0 0.242188 0.687500 0.242188 0.712891 0.257812 0.712891 0.259766 0.714844 0.259766 0.736328 0.273438 0.736328 0.275391 0.738281 0.275391 0.759766 0.292969 0.759766 0.294922 0.761719 0.294922 0.783203 0.314453 0.783203 0.316406 0.785156 0.316406 0.800781 0.339844 0.800781 0.341797 0.802734 0.341797 0.810547 0.367188 0.810547 0.367188 0.785156 0.343750 0.785156 0.341797 0.783203 0.341797 0.775391 0.322266 0.775391 0.320312 0.773438 0.320312 0.757812 0.302734 0.757812 0.300781 0.755859 0.300781 0.734375 0.287109 0.734375 0.285156 0.732422 0.285156 0.710938 0.269531 0.710938 0.267578 0.708984 0.267578 0.687500
0 0.179688 0.591797 0.179688 0.617188 0.191406 0.617188 0.193359 0.619141 0.193359 0.626953 0.197266 0.626953 0.199219 0.628906 0.199219 0.634766 0.214844 0.634766 0.216797 0.636719 0.216797 0.656250 0.226562 0.656250 0.228516 0.658203 0.228516 0.683594 0.253906 0.683594 0.253906 0.658203 0.244141 0.658203 0.242188 0.656250 0.242188 0.630859 0.226562 0.630859 0.224609 0.628906 0.224609 0.609375 0.220703 0.609375 0.218750 0.607422 0.218750 0.601562 0.216797 0.601562 0.214844 0.599609 0.214844 0.591797
0 0.193359 0.302734 0.193359 0.304688 0.191406 0.306641 0.179688 0.306641 0.177734 0.308594 0.175781 0.308594 0.175781 0.310547 0.173828 0.312500 0.171875 0.312500 0.171875 0.314453 0.169922 0.316406 0.166016 0.316406 0.164062 0.318359 0.162109 0.318359 0.162109 0.320312 0.160156 0.322266 0.160156 0.324219 0.158203 0.326172 0.156250 0.326172 0.154297 0.328125 0.142578 0.328125 0.142578 0.330078 0.140625 0.332031 0.130859 0.332031 0.128906 0.330078 0.128906 0.328125 0.126953 0.328125 0.125000 0.326172 0.113281 0.326172 0.111328 0.324219 0.111328 0.322266 0.072266 0.322266 0.072266 0.324219 0.070312 0.326172 0.066406 0.326172 0.064453 0.328125 0.058594 0.328125 0.058594 0.330078 0.056641 0.332031 0.052734 0.332031 0.052734 0.339844 0.050781 0.341797 0.046875 0.341797 0.046875 0.343750 0.044922 0.345703 0.042969 0.345703 0.042969 0.376953 0.068359 0.376953 0.068359 0.369141 0.070312 0.367188 0.072266 0.367188 0.072266 0.363281 0.074219 0.361328 0.078125 0.361328 0.078125 0.355469 0.080078 0.353516 0.083984 0.353516 0.085938 0.351562 0.101562 0.351562 0.103516 0.353516 0.107422 0.353516 0.109375 0.355469 0.109375 0.357422 0.162109 0.357422 0.162109 0.355469 0.164062 0.353516 0.173828 0.353516 0.175781 0.351562 0.181641 0.351562 0.181641 0.349609 0.183594 0.347656 0.185547 0.347656 0.185547 0.345703 0.189453 0.341797 0.191406 0.341797 0.191406 0.339844 0.193359 0.337891 0.197266 0.337891 0.197266 0.335938 0.199219 0.333984 0.201172 0.333984 0.203125 0.332031 0.210938 0.332031 0.212891 0.333984 0.212891 0.337891 0.220703 0.337891 0.222656 0.339844 0.222656 0.343750 0.224609 0.343750 0.226562 0.345703 0.226562 0.347656 0.257812 0.347656 0.257812 0.322266 0.255859 0.322266 0.253906 0.320312 0.253906 0.318359 0.250000 0.318359 0.248047 0.316406 0.248047 0.312500 0.232422 0.312500 0.230469 0.310547 0.230469 0.306641 0.222656 0.306641 0.220703 0.304688 0.220703 0.302734
0 0.771484 0.160156 0.771484 0.185547 0.773438 0.185547 0.775391 0.187500 0.775391 0.197266 0.777344 0.199219 0.777344 0.214844 0.779297 0.214844 0.781250 0.216797 0.781250 0.224609 0.783203 0.224609 0.785156 0.226562 0.783203 0.228516 0.781250 0.228516 0.781250 0.234375 0.779297 0.236328 0.777344 0.236328 0.777344 0.248047 0.775391 0.250000 0.771484 0.250000 0.771484 0.259766 0.769531 0.261719 0.767578 0.261719 0.767578 0.267578 0.763672 0.271484 0.757812 0.271484 0.757812 0.281250 0.755859 0.283203 0.751953 0.283203 0.751953 0.292969 0.750000 0.294922 0.748047 0.294922 0.748047 0.300781 0.746094 0.302734 0.744141 0.302734 0.744141 0.333984 0.750000 0.333984 0.751953 0.335938 0.751953 0.347656 0.753906 0.349609 0.753906 0.351562 0.755859 0.351562 0.757812 0.353516 0.757812 0.357422 0.763672 0.357422 0.765625 0.359375 0.765625 0.365234 0.775391 0.365234 0.777344 0.367188 0.777344 0.371094 0.787109 0.371094 0.789062 0.373047 0.789062 0.375000 0.798828 0.375000 0.800781 0.376953 0.935547 0.376953 0.937500 0.378906 0.937500 0.380859 0.966797 0.380859 0.966797 0.355469 0.960938 0.355469 0.958984 0.353516 0.958984 0.351562 0.826172 0.351562 0.824219 0.349609 0.812500 0.349609 0.810547 0.347656 0.810547 0.345703 0.798828 0.345703 0.796875 0.343750 0.796875 0.339844 0.792969 0.339844 0.791016 0.337891 0.791016 0.332031 0.781250 0.332031 0.779297 0.330078 0.779297 0.326172 0.777344 0.324219 0.777344 0.306641 0.779297 0.304688 0.783203 0.304688 0.783203 0.296875 0.785156 0.294922 0.791016 0.294922 0.791016 0.289062 0.792969 0.287109 0.792969 0.279297 0.794922 0.277344 0.796875 0.277344 0.796875 0.269531 0.798828 0.267578 0.802734 0.267578 0.802734 0.259766 0.804688 0.257812 0.806641 0.257812 0.806641 0.246094 0.808594 0.244141 0.810547 0.244141 0.810547 0.205078 0.808594 0.205078 0.806641 0.203125 0.806641 0.193359 0.804688 0.193359 0.802734 0.191406 0.802734 0.175781 0.800781 0.173828 0.800781 0.160156