0 0.000000 0.955078 0.000000 0.992188 0.001953 0.992188 0.000000 0.990234 0.001953 0.988281 0.005859 0.988281 0.007812 0.990234 0.009766 0.990234 0.013672 0.986328 0.017578 0.986328 0.021484 0.990234 0.021484 0.992188 0.093750 0.992188 0.091797 0.990234 0.091797 0.988281 0.089844 0.988281 0.087891 0.986328 0.087891 0.984375 0.085938 0.984375 0.083984 0.982422 0.083984 0.980469 0.082031 0.980469 0.080078 0.978516 0.080078 0.976562 0.076172 0.976562 0.074219 0.974609 0.074219 0.970703 0.076172 0.968750 0.076172 0.966797 0.074219 0.964844 0.074219 0.958984 0.072266 0.958984 0.068359 0.955078 0.064453 0.958984 0.058594 0.958984 0.056641 0.957031 0.056641 0.960938 0.050781 0.966797 0.048828 0.966797 0.046875 0.968750 0.044922 0.968750 0.042969 0.970703 0.039062 0.970703 0.033203 0.976562 0.019531 0.976562 0.017578 0.974609 0.013672 0.978516 0.009766 0.974609 0.009766 0.970703 0.007812 0.970703 0.007812 0.972656 0.005859 0.974609 0.001953 0.970703 0.001953 0.966797 0.003906 0.964844 0.005859 0.964844 0.005859 0.957031 0.003906 0.957031 0.001953 0.955078
0 0.544922 0.931641 0.542969 0.933594 0.537109 0.933594 0.537109 0.935547 0.535156 0.937500 0.533203 0.937500 0.533203 0.943359 0.535156 0.945312 0.535156 0.949219 0.541016 0.949219 0.542969 0.947266 0.544922 0.947266 0.546875 0.945312 0.548828 0.945312 0.550781 0.943359 0.552734 0.943359 0.552734 0.935547 0.548828 0.931641
0 0.535156 0.919922 0.531250 0.923828 0.529297 0.923828 0.529297 0.929688 0.533203 0.929688 0.539062 0.923828 0.539062 0.919922
0 0.792969 0.779297 0.791016 0.781250 0.789062 0.781250 0.789062 0.787109 0.792969 0.791016 0.794922 0.791016 0.796875 0.792969 0.800781 0.792969 0.804688 0.796875 0.806641 0.796875 0.808594 0.798828 0.812500 0.798828 0.814453 0.796875 0.818359 0.796875 0.820312 0.794922 0.822266 0.794922 0.824219 0.792969 0.824219 0.789062 0.822266 0.787109 0.820312 0.787109 0.818359 0.785156 0.816406 0.785156 0.814453 0.783203 0.812500 0.785156 0.810547 0.783203 0.808594 0.783203 0.806641 0.781250 0.802734 0.781250 0.800781 0.779297
0 0.554688 0.767578 0.554688 0.773438 0.552734 0.775391 0.552734 0.777344 0.550781 0.779297 0.550781 0.785156 0.554688 0.785156 0.558594 0.789062 0.554688 0.792969 0.552734 0.792969 0.550781 0.791016 0.548828 0.791016 0.546875 0.792969 0.546875 0.794922 0.544922 0.796875 0.539062 0.796875 0.537109 0.798828 0.537109 0.800781 0.533203 0.804688 0.533203 0.812500 0.535156 0.814453 0.535156 0.816406 0.537109 0.818359 0.537109 0.824219 0.546875 0.824219 0.558594 0.812500 0.560547 0.812500 0.560547 0.796875 0.558594 0.794922 0.558594 0.792969 0.562500 0.789062 0.568359 0.789062 0.570312 0.787109 0.572266 0.789062 0.576172 0.789062 0.576172 0.785156 0.580078 0.781250 0.580078 0.773438 0.578125 0.771484 0.576172 0.771484 0.574219 0.769531 0.572266 0.769531 0.570312 0.767578
0 0.248047 0.755859 0.248047 0.761719 0.250000 0.763672 0.253906 0.763672 0.253906 0.757812 0.251953 0.755859
0 0.044922 0.746094 0.042969 0.748047 0.042969 0.757812 0.044922 0.759766 0.044922 0.757812 0.046875 0.755859 0.048828 0.755859 0.050781 0.753906 0.050781 0.751953
0 0.320312 0.726562 0.320312 0.732422 0.322266 0.734375 0.324219 0.732422 0.326172 0.732422 0.326172 0.728516 0.324219 0.726562
0 0.259766 0.714844 0.257812 0.716797 0.246094 0.716797 0.242188 0.720703 0.240234 0.720703 0.240234 0.726562 0.238281 0.728516 0.232422 0.728516 0.230469 0.730469 0.228516 0.730469 0.228516 0.732422 0.218750 0.742188 0.216797 0.742188 0.216797 0.748047 0.222656 0.753906 0.224609 0.753906 0.226562 0.755859 0.232422 0.755859 0.232422 0.751953 0.230469 0.750000 0.230469 0.746094 0.234375 0.742188 0.236328 0.742188 0.238281 0.744141 0.238281 0.746094 0.242188 0.742188 0.248047 0.742188 0.250000 0.744141 0.250000 0.746094 0.251953 0.746094 0.253906 0.748047 0.253906 0.750000 0.257812 0.753906 0.271484 0.753906 0.273438 0.755859 0.273438 0.757812 0.271484 0.759766 0.269531 0.759766 0.267578 0.761719 0.265625 0.759766 0.265625 0.765625 0.267578 0.765625 0.269531 0.767578 0.269531 0.769531 0.271484 0.771484 0.273438 0.771484 0.279297 0.777344 0.279297 0.781250 0.281250 0.781250 0.283203 0.783203 0.285156 0.783203 0.287109 0.785156 0.302734 0.785156 0.304688 0.787109 0.306641 0.787109 0.308594 0.789062 0.312500 0.789062 0.318359 0.794922 0.320312 0.792969 0.324219 0.792969 0.326172 0.794922 0.330078 0.794922 0.335938 0.789062 0.337891 0.789062 0.339844 0.787109 0.343750 0.787109 0.349609 0.781250 0.349609 0.767578 0.353516 0.763672 0.353516 0.761719 0.349609 0.757812 0.347656 0.759766 0.343750 0.759766 0.341797 0.761719 0.339844 0.761719 0.337891 0.763672 0.335938 0.763672 0.333984 0.761719 0.333984 0.757812 0.335938 0.755859 0.335938 0.751953 0.333984 0.750000 0.333984 0.748047 0.332031 0.748047 0.330078 0.746094 0.328125 0.748047 0.328125 0.753906 0.326172 0.755859 0.322266 0.755859 0.320312 0.753906 0.320312 0.751953 0.318359 0.751953 0.316406 0.750000 0.316406 0.746094 0.314453 0.746094 0.312500 0.744141 0.310547 0.744141 0.306641 0.740234 0.306641 0.736328 0.304688 0.736328 0.304688 0.738281 0.302734 0.740234 0.300781 0.740234 0.298828 0.742188 0.294922 0.738281 0.292969 0.740234 0.285156 0.740234 0.283203 0.738281 0.285156 0.736328 0.285156 0.734375 0.281250 0.734375 0.279297 0.736328 0.275391 0.732422 0.271484 0.732422 0.269531 0.730469 0.267578 0.730469 0.263672 0.726562 0.267578 0.722656 0.267578 0.714844
0 0.367188 0.693359 0.367188 0.699219 0.371094 0.699219 0.373047 0.697266 0.375000 0.697266 0.376953 0.699219 0.380859 0.699219 0.382812 0.701172 0.382812 0.707031 0.388672 0.707031 0.392578 0.703125 0.392578 0.697266 0.388672 0.697266 0.386719 0.695312 0.382812 0.695312 0.380859 0.693359 0.378906 0.693359 0.376953 0.695312 0.373047 0.695312 0.371094 0.693359
0 0.347656 0.662109 0.347656 0.667969 0.351562 0.671875 0.351562 0.675781 0.363281 0.675781 0.363281 0.669922 0.361328 0.667969 0.361328 0.664062 0.357422 0.664062 0.355469 0.662109
0 0.535156 0.646484 0.533203 0.648438 0.529297 0.648438 0.529297 0.652344 0.533203 0.656250 0.535156 0.656250 0.537109 0.658203 0.537109 0.660156 0.544922 0.660156 0.544922 0.654297 0.541016 0.650391 0.541016 0.646484
0 0.966797 0.644531 0.964844 0.646484 0.964844 0.648438 0.966797 0.650391 0.966797 0.652344 0.972656 0.652344 0.972656 0.644531
0 0.000000 0.630859 0.000000 0.867188 0.001953 0.867188 0.005859 0.871094 0.007812 0.869141 0.009766 0.869141 0.011719 0.867188 0.013672 0.867188 0.015625 0.869141 0.017578 0.869141 0.019531 0.871094 0.021484 0.871094 0.023438 0.869141 0.025391 0.871094 0.029297 0.871094 0.029297 0.867188 0.031250 0.865234 0.031250 0.863281 0.033203 0.861328 0.035156 0.861328 0.033203 0.859375 0.033203 0.849609 0.037109 0.845703 0.037109 0.841797 0.039062 0.839844 0.039062 0.832031 0.041016 0.830078 0.042969 0.830078 0.042969 0.828125 0.046875 0.824219 0.050781 0.824219 0.056641 0.818359 0.056641 0.816406 0.058594 0.814453 0.060547 0.814453 0.060547 0.810547 0.058594 0.810547 0.056641 0.808594 0.056641 0.806641 0.058594 0.804688 0.060547 0.804688 0.060547 0.792969 0.062500 0.791016 0.060547 0.791016 0.058594 0.789062 0.060547 0.787109 0.058594 0.785156 0.058594 0.783203 0.056641 0.781250 0.052734 0.785156 0.050781 0.785156 0.048828 0.783203 0.048828 0.781250 0.050781 0.779297 0.048828 0.777344 0.048828 0.775391 0.046875 0.773438 0.046875 0.771484 0.048828 0.769531 0.048828 0.765625 0.046875 0.765625 0.046875 0.769531 0.044922 0.771484 0.042969 0.771484 0.041016 0.773438 0.039062 0.771484 0.039062 0.769531 0.037109 0.769531 0.031250 0.763672 0.031250 0.761719 0.029297 0.759766 0.029297 0.755859 0.023438 0.755859 0.021484 0.753906 0.021484 0.750000 0.023438 0.748047 0.023438 0.744141 0.021484 0.742188 0.021484 0.734375 0.019531 0.732422 0.019531 0.726562 0.021484 0.724609 0.021484 0.720703 0.023438 0.718750 0.025391 0.718750 0.025391 0.716797 0.023438 0.714844 0.025391 0.712891 0.027344 0.712891 0.025391 0.710938 0.025391 0.707031 0.023438 0.707031 0.021484 0.705078 0.021484 0.701172 0.023438 0.699219 0.021484 0.697266 0.021484 0.689453 0.019531 0.689453 0.013672 0.683594 0.007812 0.683594 0.005859 0.681641 0.005859 0.673828 0.003906 0.671875 0.005859 0.669922 0.003906 0.667969 0.003906 0.660156 0.007812 0.656250 0.009766 0.656250 0.009766 0.652344 0.011719 0.650391 0.009766 0.648438 0.009766 0.634766 0.007812 0.634766 0.003906 0.630859
0 0.916016 0.623047 0.916016 0.628906 0.921875 0.634766 0.925781 0.634766 0.925781 0.632812 0.923828 0.630859 0.923828 0.626953 0.919922 0.623047
0 0.367188 0.617188 0.363281 0.621094 0.357422 0.621094 0.355469 0.619141 0.351562 0.619141 0.351562 0.628906 0.349609 0.630859 0.349609 0.638672 0.351562 0.638672 0.353516 0.640625 0.361328 0.640625 0.363281 0.642578 0.369141 0.642578 0.373047 0.638672 0.375000 0.638672 0.375000 0.628906 0.373047 0.626953 0.373047 0.617188
0 0.957031 0.609375 0.955078 0.611328 0.955078 0.617188 0.958984 0.617188 0.958984 0.615234 0.960938 0.613281 0.960938 0.609375
0 0.414062 0.609375 0.414062 0.611328 0.412109 0.613281 0.414062 0.615234 0.414062 0.617188 0.417969 0.617188 0.419922 0.615234 0.421875 0.617188 0.421875 0.619141 0.423828 0.621094 0.421875 0.623047 0.417969 0.623047 0.414062 0.626953 0.400391 0.626953 0.398438 0.625000 0.398438 0.623047 0.390625 0.623047 0.390625 0.628906 0.388672 0.630859 0.386719 0.630859 0.386719 0.632812 0.384766 0.634766 0.384766 0.638672 0.386719 0.640625 0.386719 0.644531 0.390625 0.644531 0.392578 0.642578 0.394531 0.644531 0.394531 0.648438 0.392578 0.650391 0.392578 0.652344 0.394531 0.654297 0.394531 0.658203 0.392578 0.660156 0.386719 0.660156 0.384766 0.662109 0.384766 0.664062 0.382812 0.666016 0.382812 0.675781 0.386719 0.679688 0.386719 0.685547 0.390625 0.685547 0.392578 0.683594 0.394531 0.683594 0.396484 0.681641 0.400391 0.681641 0.402344 0.679688 0.412109 0.679688 0.414062 0.681641 0.414062 0.683594 0.429688 0.683594 0.431641 0.685547 0.431641 0.689453 0.425781 0.695312 0.425781 0.697266 0.423828 0.699219 0.414062 0.699219 0.410156 0.703125 0.406250 0.703125 0.406250 0.710938 0.408203 0.712891 0.408203 0.718750 0.416016 0.718750 0.419922 0.722656 0.425781 0.722656 0.427734 0.720703 0.427734 0.716797 0.429688 0.714844 0.429688 0.707031 0.427734 0.705078 0.427734 0.703125 0.431641 0.699219 0.445312 0.699219 0.449219 0.695312 0.451172 0.695312 0.455078 0.699219 0.458984 0.699219 0.460938 0.697266 0.460938 0.691406 0.464844 0.687500 0.468750 0.687500 0.470703 0.689453 0.472656 0.687500 0.478516 0.687500 0.480469 0.685547 0.480469 0.683594 0.482422 0.681641 0.484375 0.681641 0.486328 0.679688 0.488281 0.681641 0.488281 0.677734 0.490234 0.675781 0.490234 0.673828 0.494141 0.669922 0.494141 0.660156 0.496094 0.658203 0.494141 0.656250 0.494141 0.654297 0.490234 0.650391 0.480469 0.650391 0.478516 0.648438 0.478516 0.640625 0.480469 0.638672 0.482422 0.638672 0.486328 0.634766 0.486328 0.625000 0.484375 0.623047 0.484375 0.621094 0.480469 0.621094 0.476562 0.617188 0.476562 0.615234 0.472656 0.615234 0.468750 0.611328 0.468750 0.609375 0.466797 0.609375 0.464844 0.611328 0.458984 0.611328 0.457031 0.613281 0.453125 0.613281 0.451172 0.611328 0.447266 0.615234 0.441406 0.615234 0.439453 0.617188 0.437500 0.615234 0.435547 0.615234 0.437500 0.617188 0.435547 0.619141 0.431641 0.619141 0.429688 0.617188 0.427734 0.619141 0.425781 0.617188 0.425781 0.613281 0.423828 0.611328 0.423828 0.609375
0 0.517578 0.607422 0.517578 0.609375 0.515625 0.611328 0.515625 0.613281 0.513672 0.615234 0.511719 0.615234 0.509766 0.613281 0.505859 0.613281 0.503906 0.615234 0.501953 0.615234 0.501953 0.623047 0.507812 0.628906 0.511719 0.628906 0.513672 0.630859 0.513672 0.632812 0.511719 0.634766 0.509766 0.634766 0.509766 0.644531 0.511719 0.644531 0.513672 0.646484 0.517578 0.646484 0.517578 0.644531 0.519531 0.642578 0.519531 0.638672 0.517578 0.636719 0.517578 0.626953 0.519531 0.625000 0.519531 0.623047 0.523438 0.619141 0.523438 0.617188 0.525391 0.615234 0.525391 0.609375 0.523438 0.607422
0 0.984375 0.591797 0.984375 0.597656 0.986328 0.599609 0.992188 0.599609 0.992188 0.595703 0.988281 0.591797
0 0.878906 0.587891 0.876953 0.589844 0.875000 0.589844 0.873047 0.591797 0.871094 0.589844 0.869141 0.589844 0.863281 0.595703 0.861328 0.595703 0.861328 0.597656 0.859375 0.599609 0.859375 0.603516 0.863281 0.607422 0.863281 0.609375 0.861328 0.611328 0.861328 0.613281 0.867188 0.619141 0.867188 0.621094 0.863281 0.625000 0.863281 0.628906 0.867188 0.632812 0.869141 0.632812 0.871094 0.634766 0.873047 0.634766 0.875000 0.636719 0.888672 0.636719 0.890625 0.638672 0.888672 0.640625 0.888672 0.644531 0.894531 0.644531 0.896484 0.646484 0.898438 0.646484 0.900391 0.644531 0.902344 0.644531 0.904297 0.642578 0.904297 0.628906 0.906250 0.626953 0.906250 0.625000 0.912109 0.619141 0.912109 0.607422 0.910156 0.605469 0.910156 0.603516 0.908203 0.601562 0.908203 0.599609 0.900391 0.591797 0.900391 0.589844 0.894531 0.589844 0.892578 0.591797 0.888672 0.591797 0.884766 0.587891
0 0.548828 0.587891 0.546875 0.589844 0.542969 0.589844 0.539062 0.593750 0.539062 0.595703 0.537109 0.597656 0.537109 0.599609 0.533203 0.603516 0.529297 0.603516 0.529297 0.611328 0.533203 0.615234 0.533203 0.626953 0.535156 0.628906 0.535156 0.630859 0.539062 0.634766 0.542969 0.634766 0.544922 0.636719 0.544922 0.642578 0.550781 0.642578 0.552734 0.644531 0.554688 0.644531 0.556641 0.642578 0.558594 0.644531 0.558594 0.648438 0.560547 0.650391 0.560547 0.652344 0.566406 0.652344 0.568359 0.654297 0.570312 0.652344 0.572266 0.654297 0.574219 0.654297 0.576172 0.656250 0.578125 0.656250 0.580078 0.654297 0.580078 0.646484 0.578125 0.644531 0.574219 0.644531 0.572266 0.642578 0.574219 0.640625 0.574219 0.638672 0.572266 0.636719 0.574219 0.634766 0.574219 0.630859 0.572266 0.628906 0.572266 0.626953 0.574219 0.625000 0.572266 0.623047 0.568359 0.623047 0.566406 0.621094 0.564453 0.621094 0.562500 0.619141 0.556641 0.619141 0.554688 0.621094 0.554688 0.626953 0.550781 0.630859 0.548828 0.630859 0.544922 0.626953 0.544922 0.625000 0.546875 0.623047 0.548828 0.623047 0.548828 0.619141 0.542969 0.619141 0.541016 0.617188 0.541016 0.615234 0.542969 0.613281 0.542969 0.611328 0.544922 0.609375 0.548828 0.609375 0.550781 0.611328 0.556641 0.611328 0.558594 0.609375 0.560547 0.609375 0.560547 0.601562 0.558594 0.599609 0.556641 0.599609 0.554688 0.597656 0.554688 0.589844 0.552734 0.587891
0 0.847656 0.580078 0.847656 0.587891 0.849609 0.587891 0.853516 0.591797 0.859375 0.591797 0.861328 0.589844 0.863281 0.589844 0.863281 0.583984 0.861328 0.582031 0.857422 0.582031 0.855469 0.580078
0 0.968750 0.572266 0.968750 0.574219 0.960938 0.582031 0.958984 0.582031 0.957031 0.580078 0.955078 0.580078 0.953125 0.578125 0.951172 0.580078 0.951172 0.583984 0.947266 0.587891 0.947266 0.591797 0.951172 0.591797 0.953125 0.593750 0.953125 0.601562 0.955078 0.601562 0.957031 0.603516 0.962891 0.603516 0.964844 0.601562 0.970703 0.601562 0.972656 0.599609 0.974609 0.599609 0.974609 0.597656 0.976562 0.595703 0.978516 0.595703 0.978516 0.589844 0.980469 0.587891 0.980469 0.578125 0.978516 0.578125 0.976562 0.576172 0.976562 0.572266
0 0.992188 0.566406 0.992188 0.570312 0.990234 0.572266 0.990234 0.576172 0.988281 0.578125 0.988281 0.580078 0.986328 0.582031 0.986328 0.585938 0.990234 0.585938 0.992188 0.583984
0 0.865234 0.564453 0.863281 0.566406 0.863281 0.572266 0.865234 0.574219 0.865234 0.576172 0.867188 0.578125 0.873047 0.578125 0.875000 0.576172 0.882812 0.576172 0.882812 0.570312 0.878906 0.566406 0.873047 0.566406 0.871094 0.564453
0 0.400391 0.519531 0.398438 0.521484 0.396484 0.521484 0.394531 0.523438 0.392578 0.523438 0.388672 0.527344 0.388672 0.531250 0.384766 0.535156 0.375000 0.535156 0.373047 0.537109 0.373047 0.542969 0.367188 0.548828 0.367188 0.550781 0.365234 0.552734 0.365234 0.560547 0.367188 0.562500 0.367188 0.572266 0.369141 0.572266 0.371094 0.574219 0.373047 0.572266 0.375000 0.574219 0.378906 0.570312 0.382812 0.570312 0.384766 0.572266 0.386719 0.570312 0.386719 0.568359 0.388672 0.566406 0.388672 0.562500 0.394531 0.556641 0.396484 0.558594 0.406250 0.558594 0.408203 0.560547 0.408203 0.562500 0.410156 0.560547 0.419922 0.560547 0.421875 0.562500 0.427734 0.562500 0.427734 0.560547 0.429688 0.558594 0.431641 0.558594 0.431641 0.544922 0.429688 0.542969 0.429688 0.541016 0.431641 0.539062 0.431641 0.537109 0.427734 0.533203 0.417969 0.533203 0.416016 0.531250 0.416016 0.525391 0.417969 0.523438 0.419922 0.523438 0.417969 0.523438 0.416016 0.521484 0.412109 0.521484 0.410156 0.523438 0.408203 0.521484 0.402344 0.521484
0 0.251953 0.466797 0.251953 0.472656 0.253906 0.474609 0.255859 0.474609 0.257812 0.476562 0.259766 0.476562 0.261719 0.478516 0.271484 0.478516 0.273438 0.476562 0.273438 0.470703 0.271484 0.470703 0.269531 0.468750 0.259766 0.468750 0.257812 0.466797
0 0.355469 0.417969 0.355469 0.419922 0.353516 0.421875 0.351562 0.421875 0.349609 0.423828 0.347656 0.421875 0.339844 0.421875 0.339844 0.423828 0.337891 0.425781 0.335938 0.425781 0.333984 0.427734 0.332031 0.427734 0.332031 0.433594 0.335938 0.437500 0.333984 0.439453 0.330078 0.439453 0.328125 0.441406 0.328125 0.443359 0.326172 0.445312 0.328125 0.447266 0.320312 0.455078 0.320312 0.458984 0.316406 0.462891 0.316406 0.472656 0.314453 0.474609 0.312500 0.474609 0.312500 0.476562 0.310547 0.478516 0.310547 0.480469 0.308594 0.482422 0.306641 0.480469 0.304688 0.480469 0.298828 0.486328 0.292969 0.486328 0.292969 0.496094 0.291016 0.498047 0.289062 0.498047 0.287109 0.500000 0.287109 0.503906 0.289062 0.505859 0.289062 0.509766 0.287109 0.511719 0.289062 0.513672 0.289062 0.527344 0.291016 0.529297 0.291016 0.531250 0.292969 0.533203 0.292969 0.535156 0.296875 0.539062 0.296875 0.542969 0.300781 0.546875 0.300781 0.548828 0.302734 0.548828 0.304688 0.550781 0.310547 0.550781 0.312500 0.552734 0.314453 0.552734 0.316406 0.554688 0.318359 0.554688 0.320312 0.556641 0.324219 0.556641 0.326172 0.558594 0.326172 0.560547 0.330078 0.560547 0.332031 0.558594 0.333984 0.558594 0.333984 0.556641 0.335938 0.554688 0.339844 0.554688 0.339844 0.552734 0.341797 0.550781 0.343750 0.550781 0.345703 0.548828 0.347656 0.548828 0.349609 0.546875 0.349609 0.544922 0.351562 0.542969 0.353516 0.544922 0.353516 0.542969 0.355469 0.541016 0.355469 0.539062 0.357422 0.537109 0.359375 0.537109 0.359375 0.535156 0.367188 0.527344 0.369141 0.527344 0.373047 0.523438 0.375000 0.523438 0.376953 0.521484 0.376953 0.513672 0.382812 0.507812 0.388672 0.507812 0.388672 0.503906 0.386719 0.501953 0.388672 0.500000 0.392578 0.500000 0.394531 0.501953 0.406250 0.501953 0.408203 0.500000 0.410156 0.500000 0.410156 0.496094 0.412109 0.494141 0.412109 0.490234 0.410156 0.488281 0.410156 0.480469 0.412109 0.478516 0.414062 0.478516 0.404297 0.478516 0.402344 0.476562 0.402344 0.474609 0.400391 0.472656 0.404297 0.468750 0.408203 0.468750 0.410156 0.466797 0.404297 0.466797 0.402344 0.468750 0.398438 0.464844 0.398438 0.462891 0.400391 0.460938 0.400391 0.457031 0.392578 0.457031 0.390625 0.458984 0.388672 0.458984 0.386719 0.460938 0.376953 0.460938 0.373047 0.457031 0.373047 0.455078 0.371094 0.455078 0.369141 0.457031 0.361328 0.457031 0.359375 0.455078 0.359375 0.449219 0.363281 0.445312 0.365234 0.445312 0.371094 0.439453 0.369141 0.437500 0.369141 0.435547 0.367188 0.433594 0.369141 0.431641 0.367188 0.429688 0.367188 0.425781 0.365234 0.425781 0.363281 0.423828 0.363281 0.421875 0.361328 0.419922 0.359375 0.419922 0.357422 0.417969
0 0.230469 0.373047 0.228516 0.375000 0.226562 0.375000 0.224609 0.376953 0.224609 0.380859 0.230469 0.386719 0.234375 0.386719 0.242188 0.378906 0.242188 0.375000 0.238281 0.375000 0.236328 0.373047
0 0.136719 0.371094 0.136719 0.373047 0.134766 0.375000 0.130859 0.375000 0.128906 0.376953 0.126953 0.376953 0.125000 0.375000 0.125000 0.373047 0.119141 0.373047 0.115234 0.376953 0.113281 0.376953 0.111328 0.378906 0.107422 0.378906 0.105469 0.380859 0.103516 0.380859 0.101562 0.382812 0.091797 0.382812 0.085938 0.388672 0.085938 0.398438 0.091797 0.404297 0.091797 0.406250 0.093750 0.408203 0.093750 0.410156 0.099609 0.416016 0.101562 0.416016 0.103516 0.414062 0.105469 0.414062 0.109375 0.417969 0.109375 0.421875 0.111328 0.423828 0.115234 0.423828 0.117188 0.421875 0.117188 0.412109 0.119141 0.410156 0.121094 0.412109 0.123047 0.412109 0.125000 0.414062 0.126953 0.414062 0.125000 0.412109 0.125000 0.404297 0.126953 0.402344 0.128906 0.402344 0.130859 0.404297 0.130859 0.406250 0.134766 0.406250 0.136719 0.404297 0.136719 0.400391 0.138672 0.398438 0.136719 0.396484 0.136719 0.394531 0.134766 0.392578 0.136719 0.390625 0.134766 0.388672 0.134766 0.384766 0.132812 0.382812 0.136719 0.378906
0 0.505859 0.355469 0.505859 0.357422 0.503906 0.359375 0.503906 0.361328 0.500000 0.365234 0.498047 0.365234 0.492188 0.371094 0.492188 0.376953 0.490234 0.378906 0.488281 0.378906 0.482422 0.384766 0.482422 0.386719 0.480469 0.388672 0.476562 0.388672 0.476562 0.392578 0.478516 0.392578 0.480469 0.394531 0.480469 0.398438 0.482422 0.398438 0.484375 0.400391 0.484375 0.402344 0.486328 0.402344 0.488281 0.404297 0.490234 0.404297 0.492188 0.406250 0.492188 0.414062 0.494141 0.416016 0.492188 0.417969 0.492188 0.421875 0.503906 0.433594 0.517578 0.433594 0.519531 0.435547 0.519531 0.439453 0.517578 0.441406 0.513672 0.441406 0.513672 0.447266 0.515625 0.447266 0.521484 0.453125 0.525391 0.453125 0.529297 0.449219 0.531250 0.449219 0.535156 0.453125 0.542969 0.453125 0.546875 0.449219 0.550781 0.449219 0.552734 0.447266 0.554688 0.447266 0.554688 0.445312 0.556641 0.443359 0.560547 0.443359 0.562500 0.445312 0.562500 0.447266 0.564453 0.449219 0.570312 0.449219 0.574219 0.453125 0.578125 0.453125 0.580078 0.455078 0.585938 0.455078 0.587891 0.453125 0.593750 0.453125 0.595703 0.451172 0.595703 0.449219 0.597656 0.447266 0.597656 0.441406 0.599609 0.439453 0.599609 0.431641 0.601562 0.429688 0.605469 0.429688 0.607422 0.427734 0.607422 0.425781 0.609375 0.423828 0.609375 0.421875 0.613281 0.417969 0.613281 0.416016 0.615234 0.414062 0.615234 0.410156 0.617188 0.408203 0.617188 0.406250 0.611328 0.400391 0.609375 0.400391 0.607422 0.398438 0.605469 0.398438 0.603516 0.396484 0.601562 0.396484 0.597656 0.392578 0.593750 0.392578 0.591797 0.390625 0.593750 0.388672 0.591797 0.388672 0.589844 0.386719 0.589844 0.384766 0.587891 0.386719 0.585938 0.386719 0.583984 0.384766 0.582031 0.384766 0.580078 0.382812 0.582031 0.380859 0.583984 0.380859 0.583984 0.378906 0.582031 0.378906 0.580078 0.380859 0.578125 0.380859 0.572266 0.375000 0.570312 0.375000 0.568359 0.373047 0.566406 0.373047 0.564453 0.371094 0.558594 0.371094 0.556641 0.369141 0.552734 0.369141 0.548828 0.365234 0.546875 0.365234 0.544922 0.363281 0.535156 0.363281 0.533203 0.361328 0.529297 0.361328 0.527344 0.359375 0.525391 0.359375 0.523438 0.357422 0.517578 0.357422 0.515625 0.359375 0.511719 0.359375 0.507812 0.355469
0 0.115234 0.355469 0.113281 0.357422 0.109375 0.357422 0.107422 0.359375 0.107422 0.365234 0.105469 0.367188 0.105469 0.373047 0.109375 0.373047 0.113281 0.369141 0.115234 0.369141 0.117188 0.367188 0.119141 0.367188 0.121094 0.365234 0.123047 0.365234 0.125000 0.363281 0.125000 0.357422 0.123047 0.355469
0 0.720703 0.328125 0.720703 0.330078 0.718750 0.332031 0.716797 0.332031 0.714844 0.330078 0.710938 0.330078 0.708984 0.332031 0.710938 0.333984 0.710938 0.337891 0.707031 0.341797 0.705078 0.341797 0.703125 0.343750 0.701172 0.343750 0.699219 0.345703 0.693359 0.345703 0.691406 0.343750 0.691406 0.341797 0.689453 0.339844 0.689453 0.337891 0.687500 0.335938 0.685547 0.337891 0.679688 0.337891 0.677734 0.339844 0.677734 0.345703 0.679688 0.345703 0.683594 0.349609 0.683594 0.351562 0.679688 0.355469 0.679688 0.363281 0.683594 0.367188 0.683594 0.369141 0.681641 0.371094 0.683594 0.371094 0.687500 0.375000 0.683594 0.378906 0.681641 0.378906 0.679688 0.380859 0.677734 0.380859 0.677734 0.390625 0.679688 0.390625 0.689453 0.400391 0.685547 0.404297 0.685547 0.406250 0.683594 0.408203 0.683594 0.416016 0.689453 0.416016 0.691406 0.417969 0.691406 0.419922 0.689453 0.421875 0.689453 0.429688 0.693359 0.433594 0.699219 0.433594 0.703125 0.429688 0.707031 0.429688 0.708984 0.431641 0.716797 0.431641 0.720703 0.427734 0.722656 0.427734 0.726562 0.431641 0.728516 0.431641 0.734375 0.437500 0.734375 0.439453 0.738281 0.443359 0.738281 0.445312 0.744141 0.445312 0.748047 0.441406 0.750000 0.443359 0.765625 0.443359 0.767578 0.441406 0.767578 0.435547 0.769531 0.433594 0.771484 0.433594 0.771484 0.431641 0.773438 0.429688 0.775391 0.429688 0.777344 0.427734 0.779297 0.427734 0.781250 0.429688 0.783203 0.427734 0.791016 0.427734 0.792969 0.425781 0.798828 0.425781 0.798828 0.421875 0.802734 0.417969 0.802734 0.416016 0.804688 0.414062 0.802734 0.412109 0.802734 0.408203 0.794922 0.400391 0.794922 0.398438 0.792969 0.396484 0.792969 0.394531 0.791016 0.392578 0.787109 0.392578 0.785156 0.390625 0.785156 0.388672 0.787109 0.386719 0.787109 0.376953 0.785156 0.375000 0.785156 0.373047 0.783203 0.371094 0.783203 0.369141 0.771484 0.357422 0.767578 0.357422 0.765625 0.355469 0.763672 0.355469 0.759766 0.351562 0.755859 0.351562 0.753906 0.353516 0.751953 0.353516 0.748047 0.349609 0.748047 0.343750 0.746094 0.341797 0.746094 0.339844 0.744141 0.337891 0.740234 0.337891 0.734375 0.332031 0.734375 0.330078 0.726562 0.330078 0.724609 0.328125
0 0.156250 0.322266 0.152344 0.326172 0.150391 0.326172 0.150391 0.332031 0.156250 0.332031 0.158203 0.330078 0.160156 0.330078 0.162109 0.328125 0.164062 0.328125 0.164062 0.324219 0.162109 0.322266
0 0.187500 0.308594 0.185547 0.310547 0.187500 0.312500 0.187500 0.314453 0.181641 0.320312 0.181641 0.322266 0.177734 0.326172 0.177734 0.328125 0.169922 0.335938 0.169922 0.339844 0.175781 0.345703 0.175781 0.351562 0.179688 0.351562 0.181641 0.353516 0.181641 0.359375 0.189453 0.359375 0.193359 0.363281 0.195312 0.363281 0.199219 0.367188 0.207031 0.367188 0.208984 0.365234 0.210938 0.367188 0.216797 0.367188 0.218750 0.365234 0.220703 0.365234 0.222656 0.363281 0.224609 0.363281 0.226562 0.361328 0.228516 0.361328 0.228516 0.355469 0.230469 0.353516 0.232422 0.353516 0.236328 0.349609 0.234375 0.347656 0.236328 0.345703 0.234375 0.345703 0.232422 0.343750 0.232422 0.339844 0.230469 0.337891 0.224609 0.337891 0.222656 0.335938 0.220703 0.335938 0.218750 0.333984 0.218750 0.332031 0.216797 0.330078 0.216797 0.328125 0.214844 0.326172 0.214844 0.322266 0.212891 0.320312 0.212891 0.316406 0.210938 0.314453 0.207031 0.314453 0.205078 0.312500 0.205078 0.310547 0.203125 0.312500 0.199219 0.312500 0.197266 0.310547 0.193359 0.310547 0.191406 0.308594
0 0.212891 0.302734 0.212891 0.304688 0.210938 0.306641 0.214844 0.310547 0.216797 0.310547 0.218750 0.308594 0.218750 0.304688 0.216797 0.302734
0 0.265625 0.279297 0.263672 0.281250 0.259766 0.281250 0.253906 0.287109 0.250000 0.287109 0.250000 0.289062 0.248047 0.291016 0.246094 0.291016 0.246094 0.292969 0.244141 0.294922 0.242188 0.294922 0.240234 0.296875 0.238281 0.296875 0.232422 0.302734 0.230469 0.302734 0.222656 0.310547 0.222656 0.318359 0.224609 0.318359 0.226562 0.320312 0.226562 0.316406 0.230469 0.312500 0.232422 0.314453 0.232422 0.316406 0.234375 0.318359 0.234375 0.328125 0.236328 0.328125 0.238281 0.330078 0.238281 0.332031 0.240234 0.333984 0.242188 0.332031 0.244141 0.332031 0.246094 0.330078 0.248047 0.330078 0.250000 0.328125 0.253906 0.332031 0.255859 0.332031 0.259766 0.335938 0.257812 0.337891 0.257812 0.339844 0.277344 0.339844 0.283203 0.345703 0.283203 0.347656 0.281250 0.349609 0.273438 0.349609 0.271484 0.347656 0.265625 0.347656 0.265625 0.353516 0.267578 0.353516 0.273438 0.359375 0.273438 0.361328 0.275391 0.363281 0.275391 0.373047 0.285156 0.373047 0.291016 0.367188 0.291016 0.365234 0.294922 0.361328 0.302734 0.361328 0.304688 0.359375 0.312500 0.359375 0.314453 0.357422 0.316406 0.357422 0.318359 0.355469 0.318359 0.345703 0.316406 0.345703 0.314453 0.343750 0.318359 0.339844 0.320312 0.339844 0.322266 0.337891 0.322266 0.328125 0.320312 0.326172 0.320312 0.324219 0.310547 0.324219 0.308594 0.326172 0.306641 0.324219 0.306641 0.322266 0.310547 0.318359 0.310547 0.308594 0.302734 0.300781 0.300781 0.302734 0.298828 0.302734 0.296875 0.300781 0.296875 0.298828 0.292969 0.298828 0.291016 0.300781 0.285156 0.294922 0.285156 0.292969 0.283203 0.294922 0.281250 0.292969 0.281250 0.291016 0.283203 0.289062 0.281250 0.289062 0.279297 0.287109 0.279297 0.285156 0.277344 0.283203 0.277344 0.281250 0.275391 0.281250 0.273438 0.279297
0 0.546875 0.251953 0.542969 0.255859 0.541016 0.255859 0.539062 0.257812 0.537109 0.257812 0.535156 0.259766 0.535156 0.261719 0.533203 0.263672 0.531250 0.261719 0.531250 0.259766 0.531250 0.265625 0.527344 0.269531 0.527344 0.271484 0.523438 0.275391 0.521484 0.275391 0.515625 0.281250 0.509766 0.281250 0.509766 0.285156 0.507812 0.287109 0.507812 0.296875 0.511719 0.300781 0.511719 0.308594 0.509766 0.310547 0.505859 0.310547 0.503906 0.312500 0.503906 0.314453 0.501953 0.316406 0.501953 0.322266 0.503906 0.322266 0.505859 0.324219 0.505859 0.330078 0.509766 0.333984 0.509766 0.335938 0.515625 0.341797 0.519531 0.341797 0.521484 0.343750 0.521484 0.345703 0.523438 0.347656 0.529297 0.347656 0.531250 0.349609 0.531250 0.351562 0.533203 0.353516 0.535156 0.351562 0.537109 0.351562 0.539062 0.353516 0.548828 0.353516 0.548828 0.347656 0.550781 0.345703 0.552734 0.347656 0.556641 0.347656 0.562500 0.341797 0.564453 0.343750 0.564453 0.333984 0.568359 0.330078 0.566406 0.328125 0.566406 0.324219 0.568359 0.322266 0.576172 0.322266 0.574219 0.320312 0.574219 0.318359 0.572266 0.316406 0.572266 0.314453 0.568359 0.314453 0.564453 0.310547 0.564453 0.308594 0.566406 0.306641 0.570312 0.306641 0.572266 0.308594 0.580078 0.308594 0.580078 0.306641 0.582031 0.304688 0.582031 0.302734 0.583984 0.300781 0.583984 0.298828 0.585938 0.296875 0.587891 0.298828 0.587891 0.300781 0.589844 0.300781 0.591797 0.302734 0.595703 0.302734 0.597656 0.300781 0.597656 0.298828 0.599609 0.296875 0.599609 0.294922 0.603516 0.291016 0.603516 0.289062 0.605469 0.287109 0.605469 0.281250 0.593750 0.281250 0.589844 0.277344 0.589844 0.275391 0.583984 0.275391 0.582031 0.273438 0.582031 0.269531 0.564453 0.269531 0.556641 0.277344 0.554688 0.277344 0.554688 0.281250 0.550781 0.285156 0.548828 0.283203 0.548828 0.281250 0.546875 0.281250 0.546875 0.285156 0.544922 0.287109 0.542969 0.287109 0.539062 0.291016 0.537109 0.291016 0.533203 0.287109 0.533203 0.267578 0.539062 0.261719 0.548828 0.261719 0.552734 0.257812 0.552734 0.251953
0 0.361328 0.244141 0.361328 0.248047 0.367188 0.253906 0.371094 0.253906 0.375000 0.250000 0.378906 0.250000 0.378906 0.246094 0.371094 0.246094 0.369141 0.244141
0 0.337891 0.240234 0.333984 0.244141 0.333984 0.246094 0.335938 0.248047 0.337891 0.248047 0.341797 0.251953 0.341797 0.253906 0.343750 0.255859 0.345703 0.255859 0.347656 0.257812 0.351562 0.257812 0.353516 0.255859 0.353516 0.244141 0.351562 0.242188 0.345703 0.242188 0.343750 0.240234
0 0.199219 0.210938 0.197266 0.212891 0.195312 0.212891 0.195312 0.216797 0.201172 0.222656 0.201172 0.224609 0.205078 0.224609 0.208984 0.220703 0.208984 0.214844 0.205078 0.210938
0 0.111328 0.210938 0.107422 0.214844 0.107422 0.220703 0.113281 0.220703 0.113281 0.216797 0.115234 0.214844 0.115234 0.210938
0 0.101562 0.197266 0.101562 0.201172 0.103516 0.201172 0.107422 0.205078 0.107422 0.207031 0.113281 0.207031 0.113281 0.201172 0.111328 0.199219 0.109375 0.199219 0.107422 0.197266
0 0.906250 0.193359 0.904297 0.195312 0.900391 0.195312 0.898438 0.197266 0.898438 0.203125 0.896484 0.205078 0.884766 0.205078 0.882812 0.203125 0.880859 0.203125 0.878906 0.205078 0.878906 0.207031 0.875000 0.210938 0.871094 0.210938 0.871094 0.212891 0.873047 0.214844 0.876953 0.214844 0.878906 0.216797 0.880859 0.214844 0.884766 0.214844 0.886719 0.212891 0.892578 0.212891 0.894531 0.214844 0.894531 0.216797 0.892578 0.218750 0.892578 0.224609 0.890625 0.226562 0.890625 0.230469 0.896484 0.236328 0.896484 0.238281 0.900391 0.238281 0.902344 0.240234 0.902344 0.244141 0.896484 0.250000 0.900391 0.250000 0.902344 0.251953 0.902344 0.253906 0.904297 0.253906 0.906250 0.255859 0.906250 0.259766 0.910156 0.263672 0.912109 0.263672 0.914062 0.265625 0.912109 0.267578 0.914062 0.269531 0.914062 0.271484 0.916016 0.273438 0.916016 0.275391 0.917969 0.277344 0.919922 0.277344 0.921875 0.279297 0.921875 0.285156 0.919922 0.287109 0.912109 0.287109 0.910156 0.285156 0.906250 0.289062 0.904297 0.287109 0.898438 0.287109 0.896484 0.289062 0.894531 0.289062 0.894531 0.294922 0.896484 0.296875 0.896484 0.298828 0.898438 0.300781 0.898438 0.304688 0.900391 0.306641 0.898438 0.308594 0.898438 0.310547 0.900391 0.312500 0.900391 0.314453 0.896484 0.318359 0.894531 0.318359 0.892578 0.316406 0.888672 0.320312 0.884766 0.320312 0.882812 0.322266 0.882812 0.326172 0.880859 0.328125 0.882812 0.330078 0.882812 0.333984 0.886719 0.337891 0.886719 0.357422 0.896484 0.367188 0.900391 0.367188 0.904297 0.363281 0.908203 0.363281 0.908203 0.361328 0.910156 0.359375 0.916016 0.359375 0.916016 0.357422 0.917969 0.355469 0.919922 0.355469 0.919922 0.353516 0.921875 0.351562 0.935547 0.351562 0.937500 0.353516 0.937500 0.355469 0.947266 0.355469 0.951172 0.351562 0.955078 0.351562 0.955078 0.349609 0.957031 0.347656 0.962891 0.347656 0.964844 0.349609 0.957031 0.357422 0.958984 0.359375 0.958984 0.361328 0.960938 0.363281 0.960938 0.369141 0.957031 0.373047 0.960938 0.376953 0.960938 0.378906 0.970703 0.378906 0.974609 0.382812 0.974609 0.380859 0.976562 0.378906 0.978516 0.378906 0.980469 0.376953 0.980469 0.375000 0.982422 0.373047 0.982422 0.369141 0.980469 0.371094 0.978516 0.371094 0.976562 0.369141 0.978516 0.367188 0.978516 0.365234 0.980469 0.363281 0.984375 0.363281 0.986328 0.361328 0.986328 0.359375 0.992188 0.353516 0.992188 0.291016 0.984375 0.291016 0.982422 0.289062 0.980469 0.289062 0.978516 0.291016 0.976562 0.289062 0.976562 0.287109 0.974609 0.287109 0.972656 0.285156 0.968750 0.285156 0.966797 0.283203 0.957031 0.283203 0.955078 0.285156 0.953125 0.285156 0.951172 0.287109 0.949219 0.287109 0.947266 0.289062 0.943359 0.289062 0.941406 0.287109 0.941406 0.281250 0.943359 0.279297 0.945312 0.279297 0.945312 0.275391 0.947266 0.273438 0.949219 0.275391 0.957031 0.275391 0.958984 0.273438 0.960938 0.273438 0.962891 0.271484 0.962891 0.269531 0.964844 0.267578 0.966797 0.267578 0.962891 0.263672 0.964844 0.261719 0.966797 0.261719 0.970703 0.257812 0.974609 0.257812 0.978516 0.253906 0.982422 0.253906 0.982422 0.251953 0.984375 0.250000 0.990234 0.250000 0.990234 0.248047 0.992188 0.246094 0.992188 0.230469 0.990234 0.228516 0.986328 0.228516 0.982422 0.224609 0.982422 0.220703 0.980469 0.220703 0.978516 0.218750 0.978516 0.222656 0.974609 0.226562 0.972656 0.226562 0.968750 0.222656 0.968750 0.220703 0.966797 0.218750 0.962891 0.218750 0.960938 0.220703 0.958984 0.220703 0.955078 0.216797 0.955078 0.214844 0.953125 0.212891 0.953125 0.208984 0.951172 0.210938 0.949219 0.208984 0.949219 0.207031 0.947266 0.205078 0.947266 0.201172 0.945312 0.199219 0.945312 0.195312 0.943359 0.195312 0.939453 0.199219 0.935547 0.199219 0.933594 0.201172 0.935547 0.203125 0.933594 0.205078 0.927734 0.205078 0.923828 0.201172 0.919922 0.201172 0.917969 0.199219 0.917969 0.197266 0.916016 0.197266 0.914062 0.195312 0.910156 0.195312 0.908203 0.193359
0 0.335938 0.193359 0.335938 0.195312 0.333984 0.197266 0.333984 0.203125 0.337891 0.203125 0.337891 0.201172 0.341797 0.197266 0.341797 0.193359
0 0.378906 0.187500 0.376953 0.189453 0.376953 0.193359 0.382812 0.193359 0.384766 0.191406 0.384766 0.187500
0 0.937500 0.169922 0.937500 0.173828 0.939453 0.175781 0.941406 0.175781 0.943359 0.177734 0.945312 0.177734 0.947266 0.179688 0.951172 0.179688 0.953125 0.181641 0.955078 0.181641 0.962891 0.189453 0.968750 0.189453 0.970703 0.187500 0.974609 0.187500 0.974609 0.181641 0.972656 0.181641 0.968750 0.177734 0.966797 0.177734 0.964844 0.175781 0.962891 0.177734 0.960938 0.175781 0.958984 0.177734 0.957031 0.175781 0.955078 0.175781 0.953125 0.173828 0.951172 0.173828 0.949219 0.171875 0.947266 0.171875 0.945312 0.169922
0 0.498047 0.138672 0.498047 0.148438 0.496094 0.150391 0.496094 0.156250 0.505859 0.156250 0.505859 0.154297 0.507812 0.152344 0.507812 0.150391 0.509766 0.148438 0.509766 0.146484 0.501953 0.138672
0 0.136719 0.125000 0.132812 0.128906 0.130859 0.128906 0.128906 0.130859 0.126953 0.130859 0.125000 0.132812 0.121094 0.132812 0.119141 0.134766 0.117188 0.134766 0.113281 0.130859 0.099609 0.130859 0.095703 0.134766 0.093750 0.134766 0.091797 0.132812 0.087891 0.132812 0.083984 0.136719 0.083984 0.144531 0.085938 0.146484 0.091797 0.146484 0.095703 0.150391 0.095703 0.152344 0.091797 0.156250 0.089844 0.156250 0.089844 0.162109 0.091797 0.164062 0.091797 0.167969 0.093750 0.169922 0.093750 0.175781 0.091797 0.177734 0.089844 0.177734 0.089844 0.179688 0.085938 0.183594 0.083984 0.183594 0.082031 0.185547 0.082031 0.189453 0.083984 0.191406 0.083984 0.193359 0.085938 0.195312 0.093750 0.195312 0.093750 0.193359 0.099609 0.187500 0.101562 0.187500 0.103516 0.185547 0.105469 0.185547 0.107422 0.183594 0.109375 0.185547 0.109375 0.187500 0.115234 0.187500 0.117188 0.189453 0.123047 0.189453 0.125000 0.191406 0.126953 0.191406 0.128906 0.193359 0.132812 0.193359 0.134766 0.195312 0.136719 0.195312 0.138672 0.197266 0.146484 0.197266 0.146484 0.195312 0.148438 0.193359 0.148438 0.191406 0.150391 0.189453 0.150391 0.183594 0.156250 0.177734 0.160156 0.177734 0.160156 0.171875 0.164062 0.167969 0.166016 0.167969 0.171875 0.162109 0.173828 0.162109 0.175781 0.160156 0.175781 0.158203 0.179688 0.154297 0.179688 0.150391 0.181641 0.148438 0.181641 0.146484 0.183594 0.144531 0.183594 0.138672 0.181641 0.138672 0.179688 0.136719 0.175781 0.136719 0.173828 0.138672 0.169922 0.138672 0.169922 0.144531 0.171875 0.146484 0.171875 0.148438 0.169922 0.150391 0.167969 0.148438 0.167969 0.150391 0.164062 0.154297 0.160156 0.150391 0.160156 0.142578 0.154297 0.136719 0.152344 0.136719 0.140625 0.125000
0 0.779297 0.123047 0.779297 0.125000 0.777344 0.126953 0.775391 0.125000 0.773438 0.126953 0.769531 0.126953 0.767578 0.125000 0.767578 0.128906 0.765625 0.130859 0.765625 0.132812 0.763672 0.134766 0.755859 0.134766 0.753906 0.132812 0.750000 0.132812 0.748047 0.134766 0.748047 0.140625 0.746094 0.142578 0.746094 0.148438 0.742188 0.152344 0.740234 0.152344 0.738281 0.150391 0.736328 0.152344 0.734375 0.152344 0.732422 0.150391 0.730469 0.152344 0.730469 0.162109 0.728516 0.164062 0.726562 0.162109 0.718750 0.162109 0.718750 0.164062 0.716797 0.166016 0.716797 0.167969 0.714844 0.169922 0.714844 0.175781 0.712891 0.177734 0.710938 0.177734 0.708984 0.175781 0.701172 0.175781 0.701172 0.179688 0.699219 0.181641 0.699219 0.187500 0.701172 0.189453 0.701172 0.191406 0.703125 0.193359 0.703125 0.201172 0.705078 0.203125 0.705078 0.205078 0.707031 0.207031 0.707031 0.210938 0.708984 0.212891 0.710938 0.212891 0.712891 0.210938 0.716797 0.214844 0.720703 0.214844 0.726562 0.220703 0.726562 0.232422 0.728516 0.234375 0.732422 0.234375 0.732422 0.232422 0.734375 0.230469 0.736328 0.230469 0.738281 0.232422 0.738281 0.234375 0.740234 0.236328 0.740234 0.238281 0.742188 0.240234 0.742188 0.246094 0.750000 0.253906 0.751953 0.253906 0.753906 0.251953 0.755859 0.251953 0.757812 0.253906 0.757812 0.255859 0.763672 0.250000 0.767578 0.250000 0.767578 0.248047 0.769531 0.246094 0.771484 0.248047 0.771484 0.261719 0.773438 0.263672 0.773438 0.265625 0.771484 0.267578 0.773438 0.269531 0.773438 0.281250 0.777344 0.285156 0.777344 0.289062 0.779297 0.291016 0.779297 0.292969 0.781250 0.294922 0.781250 0.298828 0.787109 0.304688 0.789062 0.304688 0.791016 0.306641 0.792969 0.304688 0.796875 0.308594 0.802734 0.308594 0.806641 0.304688 0.808594 0.304688 0.810547 0.302734 0.812500 0.304688 0.812500 0.298828 0.816406 0.294922 0.818359 0.294922 0.820312 0.292969 0.820312 0.291016 0.822266 0.289062 0.824219 0.291016 0.824219 0.292969 0.826172 0.294922 0.828125 0.294922 0.830078 0.292969 0.832031 0.292969 0.833984 0.294922 0.833984 0.296875 0.835938 0.298828 0.835938 0.300781 0.843750 0.300781 0.847656 0.296875 0.847656 0.291016 0.843750 0.287109 0.839844 0.287109 0.832031 0.279297 0.833984 0.277344 0.833984 0.275391 0.835938 0.273438 0.837891 0.275391 0.841797 0.275391 0.843750 0.273438 0.843750 0.271484 0.845703 0.269531 0.845703 0.267578 0.847656 0.265625 0.849609 0.267578 0.849609 0.265625 0.851562 0.263672 0.851562 0.261719 0.849609 0.259766 0.849609 0.253906 0.853516 0.250000 0.853516 0.246094 0.851562 0.244141 0.851562 0.240234 0.849609 0.238281 0.849609 0.228516 0.847656 0.226562 0.847656 0.224609 0.845703 0.222656 0.847656 0.220703 0.845703 0.218750 0.845703 0.216797 0.847656 0.214844 0.849609 0.214844 0.849609 0.208984 0.851562 0.207031 0.847656 0.207031 0.845703 0.205078 0.843750 0.207031 0.841797 0.205078 0.841797 0.203125 0.839844 0.201172 0.837891 0.201172 0.835938 0.199219 0.835938 0.197266 0.837891 0.195312 0.835938 0.193359 0.835938 0.191406 0.833984 0.189453 0.833984 0.187500 0.828125 0.181641 0.826172 0.183594 0.824219 0.181641 0.822266 0.181641 0.818359 0.177734 0.828125 0.167969 0.830078 0.167969 0.832031 0.166016 0.832031 0.158203 0.828125 0.154297 0.814453 0.154297 0.810547 0.158203 0.808594 0.156250 0.808594 0.154297 0.806641 0.152344 0.806641 0.150391 0.808594 0.148438 0.808594 0.142578 0.804688 0.138672 0.802734 0.140625 0.800781 0.140625 0.798828 0.138672 0.798828 0.136719 0.796875 0.136719 0.794922 0.134766 0.794922 0.132812 0.792969 0.130859 0.785156 0.130859 0.783203 0.128906 0.785156 0.126953 0.783203 0.125000 0.781250 0.125000
0 0.728516 0.111328 0.728516 0.126953 0.730469 0.128906 0.732422 0.128906 0.734375 0.130859 0.740234 0.130859 0.740234 0.121094 0.738281 0.121094 0.736328 0.119141 0.736328 0.113281 0.734375 0.113281 0.732422 0.111328
0 0.593750 0.105469 0.593750 0.109375 0.597656 0.113281 0.591797 0.119141 0.591797 0.125000 0.597656 0.125000 0.599609 0.126953 0.601562 0.126953 0.603516 0.128906 0.607422 0.128906 0.607422 0.121094 0.609375 0.119141 0.609375 0.111328 0.607422 0.109375 0.605469 0.109375 0.603516 0.107422 0.601562 0.107422 0.599609 0.105469
0 0.943359 0.097656 0.941406 0.099609 0.935547 0.099609 0.931641 0.103516 0.927734 0.103516 0.925781 0.105469 0.923828 0.105469 0.923828 0.113281 0.929688 0.119141 0.935547 0.119141 0.937500 0.121094 0.937500 0.130859 0.941406 0.130859 0.943359 0.132812 0.943359 0.134766 0.947266 0.138672 0.947266 0.140625 0.949219 0.142578 0.949219 0.144531 0.947266 0.146484 0.945312 0.146484 0.947266 0.148438 0.943359 0.152344 0.943359 0.160156 0.945312 0.162109 0.945312 0.164062 0.951172 0.164062 0.955078 0.167969 0.957031 0.167969 0.960938 0.171875 0.970703 0.171875 0.972656 0.173828 0.980469 0.173828 0.982422 0.171875 0.982422 0.169922 0.984375 0.167969 0.986328 0.167969 0.986328 0.166016 0.990234 0.162109 0.992188 0.162109 0.992188 0.111328 0.982422 0.111328 0.980469 0.109375 0.976562 0.109375 0.974609 0.107422 0.970703 0.107422 0.966797 0.103516 0.964844 0.103516 0.962891 0.101562 0.957031 0.101562 0.953125 0.097656
0 0.626953 0.095703 0.625000 0.097656 0.619141 0.097656 0.619141 0.101562 0.621094 0.103516 0.628906 0.103516 0.628906 0.101562 0.630859 0.099609 0.630859 0.095703
0 0.175781 0.091797 0.173828 0.093750 0.169922 0.093750 0.167969 0.095703 0.167969 0.097656 0.166016 0.099609 0.160156 0.099609 0.158203 0.101562 0.156250 0.101562 0.152344 0.097656 0.146484 0.097656 0.142578 0.101562 0.142578 0.107422 0.144531 0.109375 0.144531 0.113281 0.148438 0.113281 0.154297 0.107422 0.156250 0.109375 0.158203 0.109375 0.160156 0.111328 0.160156 0.115234 0.167969 0.115234 0.169922 0.117188 0.175781 0.117188 0.175781 0.115234 0.177734 0.113281 0.177734 0.111328 0.181641 0.107422 0.181641 0.105469 0.183594 0.103516 0.183594 0.097656 0.181641 0.095703 0.181641 0.093750 0.179688 0.091797
0 0.384766 0.070312 0.384766 0.072266 0.382812 0.074219 0.380859 0.074219 0.378906 0.076172 0.371094 0.076172 0.369141 0.074219 0.369141 0.072266 0.367188 0.074219 0.365234 0.072266 0.349609 0.072266 0.349609 0.074219 0.343750 0.080078 0.341797 0.078125 0.341797 0.082031 0.339844 0.083984 0.339844 0.085938 0.337891 0.087891 0.335938 0.087891 0.335938 0.089844 0.333984 0.091797 0.333984 0.093750 0.330078 0.097656 0.328125 0.097656 0.328125 0.099609 0.326172 0.101562 0.326172 0.105469 0.320312 0.111328 0.320312 0.119141 0.316406 0.123047 0.318359 0.125000 0.318359 0.126953 0.316406 0.128906 0.318359 0.128906 0.320312 0.130859 0.320312 0.132812 0.318359 0.134766 0.316406 0.134766 0.316406 0.136719 0.314453 0.138672 0.304688 0.138672 0.302734 0.140625 0.300781 0.140625 0.300781 0.144531 0.298828 0.146484 0.296875 0.146484 0.296875 0.150391 0.292969 0.154297 0.292969 0.164062 0.296875 0.167969 0.302734 0.167969 0.308594 0.173828 0.308594 0.177734 0.310547 0.179688 0.310547 0.181641 0.312500 0.183594 0.312500 0.185547 0.308594 0.189453 0.306641 0.189453 0.304688 0.187500 0.300781 0.187500 0.300781 0.193359 0.306641 0.199219 0.306641 0.201172 0.310547 0.205078 0.314453 0.205078 0.316406 0.203125 0.326172 0.203125 0.326172 0.199219 0.328125 0.197266 0.326172 0.195312 0.328125 0.193359 0.330078 0.193359 0.330078 0.181641 0.332031 0.179688 0.333984 0.179688 0.333984 0.175781 0.332031 0.173828 0.332031 0.167969 0.333984 0.166016 0.337891 0.166016 0.339844 0.164062 0.341797 0.164062 0.343750 0.162109 0.345703 0.164062 0.349609 0.164062 0.353516 0.160156 0.355469 0.160156 0.357422 0.158203 0.359375 0.158203 0.361328 0.160156 0.367188 0.160156 0.371094 0.164062 0.376953 0.164062 0.378906 0.166016 0.378906 0.167969 0.396484 0.167969 0.398438 0.169922 0.398438 0.171875 0.400391 0.171875 0.404297 0.175781 0.404297 0.177734 0.406250 0.175781 0.408203 0.177734 0.412109 0.173828 0.412109 0.171875 0.414062 0.169922 0.416016 0.169922 0.417969 0.167969 0.419922 0.167969 0.421875 0.169922 0.421875 0.171875 0.427734 0.171875 0.431641 0.167969 0.433594 0.167969 0.433594 0.164062 0.431641 0.164062 0.429688 0.162109 0.431641 0.160156 0.431641 0.158203 0.433594 0.156250 0.431641 0.154297 0.431641 0.152344 0.433594 0.150391 0.435547 0.150391 0.435547 0.146484 0.439453 0.142578 0.441406 0.144531 0.441406 0.142578 0.439453 0.140625 0.439453 0.138672 0.441406 0.136719 0.441406 0.134766 0.439453 0.134766 0.437500 0.132812 0.437500 0.130859 0.433594 0.130859 0.431641 0.128906 0.433594 0.126953 0.431641 0.125000 0.431641 0.117188 0.429688 0.117188 0.427734 0.115234 0.429688 0.113281 0.427734 0.111328 0.427734 0.107422 0.425781 0.107422 0.419922 0.101562 0.421875 0.099609 0.417969 0.095703 0.417969 0.093750 0.412109 0.087891 0.412109 0.083984 0.410156 0.083984 0.408203 0.085938 0.406250 0.085938 0.404297 0.083984 0.404297 0.082031 0.402344 0.080078 0.400391 0.080078 0.398438 0.082031 0.394531 0.082031 0.392578 0.080078 0.392578 0.072266 0.390625 0.072266 0.388672 0.070312 0.386719 0.072266
0 0.626953 0.039062 0.625000 0.041016 0.621094 0.041016 0.619141 0.042969 0.609375 0.042969 0.607422 0.041016 0.605469 0.042969 0.603516 0.042969 0.601562 0.044922 0.593750 0.044922 0.591797 0.046875 0.589844 0.044922 0.585938 0.044922 0.585938 0.046875 0.583984 0.048828 0.580078 0.048828 0.576172 0.052734 0.574219 0.052734 0.572266 0.054688 0.570312 0.054688 0.568359 0.052734 0.560547 0.060547 0.560547 0.062500 0.558594 0.064453 0.560547 0.066406 0.560547 0.070312 0.562500 0.072266 0.562500 0.074219 0.572266 0.083984 0.574219 0.083984 0.578125 0.087891 0.576172 0.089844 0.576172 0.093750 0.578125 0.093750 0.580078 0.095703 0.582031 0.095703 0.583984 0.097656 0.593750 0.097656 0.595703 0.095703 0.597656 0.097656 0.599609 0.097656 0.601562 0.099609 0.603516 0.097656 0.603516 0.095703 0.605469 0.093750 0.609375 0.093750 0.611328 0.091797 0.611328 0.089844 0.613281 0.087891 0.615234 0.087891 0.617188 0.089844 0.621094 0.089844 0.623047 0.087891 0.625000 0.087891 0.626953 0.085938 0.630859 0.085938 0.630859 0.080078 0.632812 0.078125 0.634766 0.078125 0.634766 0.076172 0.636719 0.074219 0.640625 0.074219 0.644531 0.070312 0.644531 0.068359 0.642578 0.066406 0.642578 0.062500 0.644531 0.060547 0.646484 0.060547 0.648438 0.058594 0.646484 0.056641 0.646484 0.054688 0.644531 0.054688 0.640625 0.050781 0.642578 0.048828 0.642578 0.046875 0.638672 0.042969 0.634766 0.042969 0.630859 0.039062
0 0.324219 0.009766 0.322266 0.011719 0.318359 0.011719 0.318359 0.019531 0.322266 0.019531 0.324219 0.021484 0.328125 0.021484 0.330078 0.023438 0.333984 0.023438 0.335938 0.021484 0.335938 0.017578 0.333984 0.015625 0.333984 0.011719 0.332031 0.009766 0.330078 0.011719 0.328125 0.011719 0.326172 0.013672 0.324219 0.011719
0 0.500000 0.000000 0.500000 0.001953 0.501953 0.003906 0.503906 0.003906 0.507812 0.007812 0.515625 0.007812 0.519531 0.011719 0.519531 0.015625 0.517578 0.017578 0.513672 0.017578 0.513672 0.019531 0.511719 0.021484 0.505859 0.021484 0.505859 0.025391 0.507812 0.027344 0.507812 0.029297 0.511719 0.033203 0.513672 0.033203 0.515625 0.035156 0.515625 0.037109 0.517578 0.039062 0.517578 0.041016 0.519531 0.042969 0.525391 0.042969 0.525391 0.035156 0.527344 0.033203 0.527344 0.031250 0.531250 0.027344 0.533203 0.027344 0.535156 0.025391 0.537109 0.025391 0.539062 0.023438 0.539062 0.017578 0.531250 0.017578 0.529297 0.015625 0.529297 0.013672 0.531250 0.011719 0.533203 0.011719 0.535156 0.009766 0.537109 0.011719 0.542969 0.011719 0.542969 0.007812 0.546875 0.003906 0.548828 0.003906 0.550781 0.001953 0.548828 0.000000
0 0.458984 0.000000 0.458984 0.005859 0.460938 0.005859 0.462891 0.007812 0.462891 0.013672 0.466797 0.017578 0.466797 0.021484 0.468750 0.023438 0.482422 0.023438 0.484375 0.025391 0.488281 0.025391 0.490234 0.023438 0.490234 0.015625 0.492188 0.013672 0.492188 0.009766 0.494141 0.007812 0.496094 0.007812 0.496094 0.005859 0.494141 0.003906 0.494141 0.000000
0 0.318359 0.000000 0.318359 0.001953 0.320312 0.001953 0.322266 0.003906 0.324219 0.001953 0.326172 0.003906 0.332031 0.003906 0.332031 0.001953 0.330078 0.000000