0 0.947266 0.949219 0.945312 0.951172 0.945312 0.953125 0.943359 0.955078 0.941406 0.955078 0.939453 0.957031 0.937500 0.957031 0.937500 0.962891 0.941406 0.966797 0.941406 0.970703 0.943359 0.972656 0.943359 0.980469 0.941406 0.982422 0.937500 0.982422 0.937500 0.990234 0.939453 0.992188 0.992188 0.992188 0.992188 0.960938 0.980469 0.960938 0.976562 0.964844 0.974609 0.964844 0.972656 0.962891 0.966797 0.962891 0.962891 0.958984 0.962891 0.957031 0.960938 0.957031 0.957031 0.953125 0.955078 0.953125 0.953125 0.951172 0.953125 0.949219
0 0.476562 0.947266 0.474609 0.949219 0.472656 0.949219 0.470703 0.951172 0.464844 0.951172 0.460938 0.955078 0.460938 0.962891 0.458984 0.964844 0.457031 0.964844 0.455078 0.966797 0.451172 0.966797 0.449219 0.968750 0.449219 0.974609 0.451172 0.976562 0.455078 0.976562 0.457031 0.978516 0.449219 0.986328 0.449219 0.990234 0.451172 0.992188 0.488281 0.992188 0.488281 0.984375 0.490234 0.982422 0.498047 0.982422 0.500000 0.984375 0.501953 0.984375 0.503906 0.986328 0.503906 0.992188 0.523438 0.992188 0.523438 0.986328 0.517578 0.986328 0.515625 0.988281 0.509766 0.988281 0.505859 0.984375 0.507812 0.982422 0.507812 0.974609 0.505859 0.972656 0.507812 0.970703 0.507812 0.962891 0.500000 0.962891 0.492188 0.970703 0.490234 0.968750 0.490234 0.951172 0.488281 0.951172 0.486328 0.949219 0.482422 0.949219 0.480469 0.947266
0 0.109375 0.943359 0.109375 0.951172 0.107422 0.953125 0.105469 0.953125 0.101562 0.957031 0.099609 0.957031 0.099609 0.962891 0.097656 0.964844 0.095703 0.962891 0.089844 0.962891 0.089844 0.972656 0.093750 0.976562 0.093750 0.978516 0.095703 0.978516 0.097656 0.980469 0.099609 0.980469 0.101562 0.982422 0.105469 0.982422 0.107422 0.984375 0.109375 0.984375 0.111328 0.986328 0.121094 0.986328 0.121094 0.984375 0.123047 0.982422 0.123047 0.978516 0.125000 0.976562 0.125000 0.964844 0.123047 0.962891 0.125000 0.960938 0.125000 0.958984 0.128906 0.955078 0.130859 0.955078 0.132812 0.953125 0.134766 0.955078 0.134766 0.957031 0.140625 0.957031 0.146484 0.951172 0.146484 0.947266 0.140625 0.947266 0.138672 0.949219 0.136719 0.947266 0.136719 0.945312 0.125000 0.945312 0.123047 0.947266 0.119141 0.947266 0.115234 0.943359
0 0.351562 0.931641 0.349609 0.933594 0.347656 0.933594 0.341797 0.939453 0.339844 0.939453 0.337891 0.937500 0.328125 0.937500 0.328125 0.941406 0.330078 0.943359 0.332031 0.943359 0.333984 0.945312 0.333984 0.953125 0.343750 0.953125 0.347656 0.957031 0.347656 0.960938 0.357422 0.960938 0.359375 0.958984 0.363281 0.958984 0.363281 0.953125 0.369141 0.947266 0.369141 0.939453 0.367188 0.937500 0.367188 0.933594 0.361328 0.933594 0.359375 0.931641
0 0.167969 0.906250 0.167969 0.908203 0.166016 0.910156 0.166016 0.914062 0.167969 0.916016 0.167969 0.917969 0.169922 0.919922 0.167969 0.921875 0.158203 0.921875 0.156250 0.923828 0.152344 0.923828 0.152344 0.935547 0.154297 0.937500 0.154297 0.941406 0.156250 0.943359 0.162109 0.943359 0.164062 0.941406 0.166016 0.941406 0.167969 0.939453 0.169922 0.941406 0.173828 0.941406 0.173828 0.939453 0.175781 0.937500 0.177734 0.939453 0.181641 0.939453 0.181641 0.927734 0.185547 0.923828 0.187500 0.923828 0.187500 0.917969 0.185547 0.916016 0.183594 0.916016 0.179688 0.912109 0.179688 0.910156 0.177734 0.908203 0.173828 0.908203 0.171875 0.906250
0 0.144531 0.896484 0.144531 0.908203 0.146484 0.910156 0.146484 0.914062 0.152344 0.914062 0.152344 0.912109 0.154297 0.910156 0.162109 0.910156 0.162109 0.906250 0.160156 0.904297 0.160156 0.896484
0 0.132812 0.865234 0.132812 0.867188 0.130859 0.869141 0.130859 0.876953 0.132812 0.878906 0.138672 0.878906 0.140625 0.876953 0.142578 0.878906 0.142578 0.880859 0.144531 0.882812 0.146484 0.882812 0.148438 0.884766 0.150391 0.884766 0.152344 0.886719 0.152344 0.888672 0.162109 0.888672 0.162109 0.882812 0.158203 0.882812 0.156250 0.880859 0.156250 0.875000 0.154297 0.873047 0.154297 0.869141 0.152344 0.867188 0.146484 0.867188 0.146484 0.869141 0.144531 0.871094 0.140625 0.871094 0.138672 0.869141 0.138672 0.865234
0 0.671875 0.861328 0.666016 0.867188 0.666016 0.869141 0.664062 0.871094 0.664062 0.882812 0.667969 0.882812 0.669922 0.884766 0.669922 0.894531 0.675781 0.894531 0.675781 0.892578 0.677734 0.890625 0.691406 0.890625 0.693359 0.888672 0.695312 0.890625 0.703125 0.890625 0.705078 0.888672 0.710938 0.888672 0.714844 0.884766 0.714844 0.878906 0.707031 0.878906 0.703125 0.882812 0.697266 0.882812 0.695312 0.880859 0.695312 0.878906 0.693359 0.876953 0.695312 0.875000 0.697266 0.875000 0.699219 0.873047 0.699219 0.865234 0.697266 0.863281 0.687500 0.863281 0.685547 0.865234 0.681641 0.865234 0.679688 0.863281 0.679688 0.861328
0 0.095703 0.847656 0.089844 0.853516 0.089844 0.863281 0.085938 0.867188 0.085938 0.869141 0.087891 0.869141 0.091797 0.873047 0.095703 0.873047 0.097656 0.871094 0.099609 0.873047 0.099609 0.878906 0.107422 0.878906 0.107422 0.871094 0.103516 0.871094 0.101562 0.869141 0.103516 0.867188 0.103516 0.865234 0.107422 0.861328 0.109375 0.861328 0.109375 0.855469 0.105469 0.855469 0.099609 0.861328 0.099609 0.863281 0.095703 0.867188 0.093750 0.867188 0.091797 0.865234 0.091797 0.863281 0.093750 0.861328 0.095703 0.861328 0.095703 0.857422 0.101562 0.851562 0.101562 0.847656
0 0.138672 0.830078 0.138672 0.835938 0.132812 0.841797 0.123047 0.841797 0.117188 0.835938 0.113281 0.839844 0.111328 0.839844 0.109375 0.841797 0.105469 0.841797 0.105469 0.849609 0.107422 0.849609 0.109375 0.851562 0.115234 0.851562 0.115234 0.847656 0.117188 0.845703 0.119141 0.847656 0.119141 0.849609 0.134766 0.849609 0.136719 0.847656 0.142578 0.847656 0.146484 0.843750 0.146484 0.841797 0.148438 0.839844 0.148438 0.830078
0 0.005859 0.806641 0.003906 0.808594 0.000000 0.808594 0.000000 0.833984 0.000000 0.832031 0.001953 0.830078 0.003906 0.830078 0.003906 0.818359 0.007812 0.814453 0.007812 0.808594
0 0.388672 0.796875 0.384766 0.800781 0.376953 0.800781 0.376953 0.802734 0.375000 0.804688 0.373047 0.802734 0.371094 0.804688 0.369141 0.804688 0.365234 0.808594 0.361328 0.808594 0.359375 0.810547 0.359375 0.812500 0.357422 0.814453 0.357422 0.818359 0.355469 0.820312 0.353516 0.820312 0.353516 0.826172 0.351562 0.828125 0.349609 0.828125 0.349609 0.832031 0.347656 0.833984 0.347656 0.841797 0.349609 0.843750 0.349609 0.845703 0.347656 0.847656 0.341797 0.847656 0.341797 0.867188 0.353516 0.867188 0.353516 0.865234 0.355469 0.863281 0.355469 0.861328 0.357422 0.859375 0.359375 0.861328 0.359375 0.863281 0.363281 0.863281 0.365234 0.861328 0.371094 0.861328 0.371094 0.857422 0.373047 0.855469 0.375000 0.855469 0.376953 0.853516 0.378906 0.853516 0.380859 0.851562 0.386719 0.851562 0.388672 0.849609 0.390625 0.849609 0.394531 0.845703 0.398438 0.845703 0.400391 0.847656 0.410156 0.847656 0.412109 0.845703 0.412109 0.843750 0.414062 0.841797 0.417969 0.841797 0.423828 0.835938 0.425781 0.837891 0.433594 0.837891 0.433594 0.833984 0.431641 0.833984 0.427734 0.830078 0.427734 0.828125 0.423828 0.824219 0.425781 0.822266 0.425781 0.808594 0.421875 0.808594 0.416016 0.802734 0.412109 0.802734 0.410156 0.800781 0.408203 0.800781 0.406250 0.798828 0.404297 0.798828 0.402344 0.796875
0 0.082031 0.667969 0.082031 0.673828 0.091797 0.683594 0.111328 0.683594 0.111328 0.673828 0.109375 0.671875 0.109375 0.669922 0.105469 0.669922 0.103516 0.667969
0 0.257812 0.652344 0.255859 0.654297 0.250000 0.654297 0.250000 0.660156 0.253906 0.664062 0.261719 0.664062 0.261719 0.652344
0 0.230469 0.644531 0.230469 0.654297 0.234375 0.658203 0.238281 0.658203 0.240234 0.660156 0.244141 0.660156 0.244141 0.652344 0.242188 0.650391 0.240234 0.650391 0.236328 0.646484 0.236328 0.644531
0 0.560547 0.445312 0.560547 0.449219 0.556641 0.453125 0.556641 0.455078 0.554688 0.457031 0.554688 0.466797 0.570312 0.466797 0.570312 0.464844 0.572266 0.462891 0.572266 0.460938 0.574219 0.458984 0.574219 0.451172 0.572266 0.451172 0.568359 0.447266 0.568359 0.445312
0 0.513672 0.423828 0.513672 0.449219 0.519531 0.455078 0.517578 0.457031 0.513672 0.457031 0.513672 0.466797 0.511719 0.468750 0.511719 0.470703 0.509766 0.472656 0.496094 0.458984 0.478516 0.458984 0.476562 0.460938 0.460938 0.460938 0.458984 0.462891 0.458984 0.474609 0.460938 0.476562 0.460938 0.478516 0.458984 0.480469 0.458984 0.496094 0.460938 0.498047 0.460938 0.500000 0.462891 0.501953 0.462891 0.503906 0.464844 0.505859 0.464844 0.507812 0.480469 0.507812 0.484375 0.503906 0.486328 0.505859 0.488281 0.505859 0.494141 0.511719 0.494141 0.513672 0.496094 0.513672 0.498047 0.515625 0.517578 0.515625 0.517578 0.503906 0.515625 0.501953 0.513672 0.501953 0.511719 0.500000 0.511719 0.492188 0.513672 0.490234 0.517578 0.490234 0.521484 0.494141 0.523438 0.494141 0.529297 0.500000 0.542969 0.500000 0.544922 0.501953 0.552734 0.501953 0.552734 0.498047 0.554688 0.496094 0.554688 0.482422 0.552734 0.480469 0.550781 0.480469 0.546875 0.476562 0.546875 0.466797 0.537109 0.466797 0.535156 0.468750 0.533203 0.466797 0.525391 0.466797 0.523438 0.464844 0.523438 0.462891 0.521484 0.460938 0.521484 0.458984 0.523438 0.457031 0.527344 0.460938 0.535156 0.460938 0.535156 0.451172 0.533203 0.451172 0.531250 0.449219 0.531250 0.447266 0.529297 0.447266 0.527344 0.445312 0.527344 0.443359 0.529297 0.441406 0.531250 0.443359 0.542969 0.443359 0.544922 0.441406 0.548828 0.441406 0.548828 0.423828 0.537109 0.423828 0.537109 0.425781 0.533203 0.429688 0.531250 0.427734 0.531250 0.423828
0 0.285156 0.410156 0.285156 0.416016 0.292969 0.416016 0.292969 0.412109 0.291016 0.412109 0.289062 0.410156
0 0.447266 0.406250 0.445312 0.408203 0.443359 0.408203 0.441406 0.410156 0.441406 0.419922 0.445312 0.423828 0.445312 0.427734 0.443359 0.429688 0.437500 0.429688 0.437500 0.443359 0.439453 0.445312 0.451172 0.445312 0.451172 0.439453 0.453125 0.437500 0.455078 0.439453 0.455078 0.443359 0.457031 0.445312 0.457031 0.447266 0.462891 0.453125 0.470703 0.453125 0.470703 0.439453 0.466797 0.435547 0.466797 0.433594 0.470703 0.429688 0.472656 0.429688 0.474609 0.427734 0.474609 0.417969 0.466797 0.417969 0.462891 0.421875 0.460938 0.419922 0.460938 0.406250
0 0.234375 0.388672 0.230469 0.392578 0.230469 0.396484 0.226562 0.400391 0.226562 0.408203 0.230469 0.412109 0.230469 0.414062 0.232422 0.416016 0.234375 0.416016 0.240234 0.421875 0.244141 0.421875 0.246094 0.419922 0.248047 0.419922 0.251953 0.416016 0.251953 0.410156 0.250000 0.410156 0.246094 0.406250 0.246094 0.404297 0.238281 0.396484 0.238281 0.388672
0 0.224609 0.363281 0.218750 0.369141 0.216797 0.369141 0.218750 0.371094 0.218750 0.375000 0.220703 0.375000 0.222656 0.373047 0.224609 0.373047 0.226562 0.371094 0.226562 0.365234
0 0.306641 0.224609 0.306641 0.228516 0.304688 0.230469 0.302734 0.230469 0.300781 0.232422 0.304688 0.236328 0.304688 0.238281 0.302734 0.240234 0.298828 0.240234 0.300781 0.240234 0.302734 0.242188 0.312500 0.242188 0.312500 0.232422 0.314453 0.230469 0.316406 0.230469 0.316406 0.224609
0 0.644531 0.199219 0.640625 0.203125 0.640625 0.218750 0.642578 0.220703 0.642578 0.222656 0.648438 0.222656 0.648438 0.216797 0.652344 0.212891 0.654297 0.212891 0.654297 0.208984 0.650391 0.208984 0.648438 0.207031 0.648438 0.199219
0 0.644531 0.179688 0.644531 0.189453 0.648438 0.189453 0.648438 0.179688
0 0.416016 0.117188 0.414062 0.119141 0.412109 0.119141 0.412109 0.125000 0.410156 0.126953 0.406250 0.126953 0.406250 0.128906 0.404297 0.130859 0.404297 0.136719 0.410156 0.136719 0.414062 0.132812 0.417969 0.132812 0.423828 0.126953 0.423828 0.119141 0.421875 0.117188
0 0.736328 0.105469 0.736328 0.107422 0.734375 0.109375 0.734375 0.115234 0.738281 0.115234 0.740234 0.113281 0.740234 0.111328 0.742188 0.109375 0.742188 0.105469
0 0.347656 0.101562 0.345703 0.103516 0.341797 0.103516 0.337891 0.107422 0.335938 0.107422 0.333984 0.109375 0.332031 0.109375 0.326172 0.115234 0.326172 0.117188 0.324219 0.119141 0.322266 0.119141 0.322266 0.132812 0.328125 0.132812 0.330078 0.130859 0.343750 0.130859 0.349609 0.136719 0.351562 0.136719 0.355469 0.140625 0.357422 0.140625 0.359375 0.142578 0.359375 0.144531 0.361328 0.146484 0.359375 0.148438 0.359375 0.158203 0.357422 0.160156 0.357422 0.164062 0.355469 0.166016 0.355469 0.173828 0.357422 0.173828 0.359375 0.175781 0.359375 0.185547 0.363281 0.185547 0.365234 0.187500 0.369141 0.187500 0.369141 0.181641 0.371094 0.179688 0.373047 0.179688 0.373047 0.171875 0.375000 0.169922 0.375000 0.160156 0.373047 0.158203 0.373047 0.154297 0.375000 0.152344 0.375000 0.148438 0.376953 0.146484 0.376953 0.144531 0.378906 0.142578 0.378906 0.134766 0.380859 0.132812 0.382812 0.134766 0.382812 0.136719 0.390625 0.136719 0.390625 0.134766 0.392578 0.132812 0.392578 0.123047 0.390625 0.121094 0.382812 0.121094 0.380859 0.119141 0.380859 0.103516 0.375000 0.103516 0.375000 0.105469 0.373047 0.107422 0.373047 0.109375 0.371094 0.111328 0.369141 0.109375 0.369141 0.103516 0.367188 0.101562
0 0.718750 0.085938 0.718750 0.093750 0.720703 0.095703 0.720703 0.097656 0.722656 0.099609 0.726562 0.099609 0.726562 0.093750 0.722656 0.089844 0.722656 0.085938
0 0.330078 0.082031 0.330078 0.087891 0.332031 0.089844 0.332031 0.091797 0.333984 0.091797 0.335938 0.093750 0.339844 0.093750 0.339844 0.089844 0.337891 0.087891 0.337891 0.083984 0.335938 0.082031
0 0.701172 0.080078 0.699219 0.082031 0.699219 0.083984 0.697266 0.085938 0.697266 0.087891 0.695312 0.089844 0.695312 0.093750 0.699219 0.093750 0.703125 0.089844 0.705078 0.091797 0.705078 0.095703 0.707031 0.097656 0.710938 0.097656 0.710938 0.089844 0.712891 0.087891 0.712891 0.083984 0.708984 0.083984 0.707031 0.085938 0.705078 0.083984 0.705078 0.080078
0 0.080078 0.080078 0.076172 0.083984 0.076172 0.091797 0.083984 0.091797 0.085938 0.089844 0.085938 0.085938 0.083984 0.085938 0.082031 0.083984 0.082031 0.080078
0 0.599609 0.070312 0.599609 0.072266 0.597656 0.074219 0.597656 0.078125 0.595703 0.080078 0.595703 0.085938 0.593750 0.087891 0.593750 0.095703 0.595703 0.095703 0.597656 0.093750 0.603516 0.093750 0.603516 0.091797 0.607422 0.087891 0.607422 0.076172 0.605469 0.076172 0.603516 0.074219 0.603516 0.072266 0.601562 0.070312
0 0.353516 0.070312 0.351562 0.072266 0.351562 0.074219 0.345703 0.080078 0.345703 0.082031 0.343750 0.083984 0.343750 0.087891 0.347656 0.087891 0.351562 0.083984 0.353516 0.083984 0.355469 0.082031 0.355469 0.080078 0.357422 0.078125 0.357422 0.076172 0.359375 0.074219 0.359375 0.070312
0 0.333984 0.062500 0.330078 0.066406 0.328125 0.066406 0.324219 0.070312 0.324219 0.072266 0.322266 0.074219 0.322266 0.078125 0.328125 0.078125 0.330078 0.076172 0.330078 0.074219 0.333984 0.070312 0.335938 0.070312 0.339844 0.066406 0.339844 0.062500
0 0.505859 0.050781 0.505859 0.056641 0.509766 0.060547 0.507812 0.062500 0.507812 0.074219 0.509766 0.076172 0.509766 0.080078 0.513672 0.080078 0.513672 0.070312 0.511719 0.068359 0.511719 0.066406 0.513672 0.064453 0.519531 0.070312 0.519531 0.074219 0.521484 0.076172 0.521484 0.078125 0.523438 0.080078 0.523438 0.089844 0.527344 0.089844 0.529297 0.091797 0.529297 0.095703 0.531250 0.097656 0.537109 0.097656 0.537109 0.091797 0.535156 0.091797 0.533203 0.089844 0.533203 0.087891 0.531250 0.087891 0.529297 0.085938 0.529297 0.076172 0.531250 0.074219 0.531250 0.070312 0.533203 0.068359 0.533203 0.064453 0.535156 0.062500 0.535156 0.056641 0.533203 0.054688 0.525391 0.054688 0.521484 0.050781
0 0.000000 0.050781 0.000000 0.080078 0.001953 0.082031 0.009766 0.074219 0.011719 0.076172 0.011719 0.080078 0.003906 0.087891 0.000000 0.087891 0.000000 0.279297 0.001953 0.277344 0.001953 0.275391 0.005859 0.271484 0.007812 0.273438 0.007812 0.275391 0.009766 0.277344 0.007812 0.279297 0.007812 0.281250 0.001953 0.287109 0.001953 0.300781 0.000000 0.302734 0.000000 0.625000 0.001953 0.626953 0.001953 0.628906 0.003906 0.630859 0.003906 0.634766 0.013672 0.634766 0.013672 0.632812 0.015625 0.630859 0.017578 0.632812 0.017578 0.650391 0.019531 0.650391 0.021484 0.652344 0.029297 0.652344 0.031250 0.654297 0.033203 0.654297 0.035156 0.656250 0.035156 0.658203 0.037109 0.660156 0.037109 0.666016 0.044922 0.666016 0.044922 0.660156 0.042969 0.658203 0.042969 0.652344 0.041016 0.650391 0.041016 0.648438 0.044922 0.644531 0.048828 0.648438 0.048828 0.650391 0.050781 0.652344 0.050781 0.654297 0.052734 0.656250 0.052734 0.660156 0.054688 0.662109 0.056641 0.662109 0.058594 0.664062 0.060547 0.664062 0.062500 0.666016 0.070312 0.666016 0.070312 0.660156 0.072266 0.658203 0.074219 0.658203 0.078125 0.662109 0.089844 0.662109 0.093750 0.658203 0.095703 0.660156 0.105469 0.660156 0.105469 0.654297 0.103516 0.652344 0.103516 0.650391 0.107422 0.646484 0.109375 0.646484 0.113281 0.642578 0.115234 0.642578 0.117188 0.644531 0.126953 0.644531 0.130859 0.648438 0.130859 0.671875 0.132812 0.673828 0.134766 0.673828 0.136719 0.675781 0.136719 0.677734 0.138672 0.677734 0.140625 0.679688 0.154297 0.679688 0.156250 0.677734 0.158203 0.677734 0.160156 0.675781 0.162109 0.675781 0.164062 0.673828 0.166016 0.675781 0.167969 0.675781 0.169922 0.677734 0.179688 0.677734 0.181641 0.675781 0.183594 0.675781 0.183594 0.673828 0.185547 0.671875 0.185547 0.664062 0.179688 0.658203 0.189453 0.648438 0.191406 0.648438 0.193359 0.646484 0.195312 0.646484 0.197266 0.644531 0.201172 0.644531 0.205078 0.640625 0.205078 0.638672 0.208984 0.634766 0.212891 0.634766 0.214844 0.636719 0.214844 0.640625 0.216797 0.642578 0.224609 0.642578 0.228516 0.638672 0.230469 0.640625 0.238281 0.640625 0.238281 0.638672 0.244141 0.632812 0.244141 0.630859 0.246094 0.628906 0.246094 0.626953 0.248047 0.625000 0.253906 0.625000 0.255859 0.626953 0.255859 0.628906 0.261719 0.628906 0.263672 0.626953 0.271484 0.626953 0.277344 0.621094 0.291016 0.621094 0.292969 0.619141 0.292969 0.613281 0.291016 0.611328 0.291016 0.609375 0.277344 0.609375 0.275391 0.611328 0.271484 0.607422 0.263672 0.607422 0.263672 0.609375 0.261719 0.611328 0.257812 0.607422 0.261719 0.603516 0.261719 0.601562 0.263672 0.599609 0.275391 0.599609 0.279297 0.595703 0.281250 0.595703 0.283203 0.593750 0.287109 0.593750 0.289062 0.595703 0.289062 0.603516 0.291016 0.605469 0.292969 0.605469 0.294922 0.607422 0.298828 0.607422 0.300781 0.609375 0.300781 0.621094 0.302734 0.623047 0.308594 0.623047 0.310547 0.625000 0.308594 0.626953 0.308594 0.636719 0.314453 0.636719 0.316406 0.634766 0.318359 0.634766 0.320312 0.636719 0.320312 0.638672 0.318359 0.640625 0.318359 0.646484 0.316406 0.648438 0.314453 0.646484 0.314453 0.642578 0.312500 0.640625 0.302734 0.640625 0.302734 0.642578 0.300781 0.644531 0.300781 0.646484 0.298828 0.648438 0.294922 0.648438 0.292969 0.646484 0.283203 0.646484 0.283203 0.648438 0.281250 0.650391 0.279297 0.650391 0.279297 0.654297 0.275391 0.658203 0.275391 0.660156 0.271484 0.664062 0.265625 0.664062 0.265625 0.679688 0.267578 0.681641 0.267578 0.683594 0.277344 0.683594 0.279297 0.681641 0.281250 0.683594 0.281250 0.687500 0.283203 0.687500 0.285156 0.689453 0.289062 0.689453 0.292969 0.685547 0.294922 0.687500 0.314453 0.687500 0.316406 0.685547 0.322266 0.685547 0.322266 0.681641 0.324219 0.679688 0.324219 0.677734 0.326172 0.675781 0.328125 0.675781 0.332031 0.671875 0.333984 0.671875 0.335938 0.669922 0.339844 0.669922 0.341797 0.667969 0.347656 0.667969 0.349609 0.666016 0.349609 0.664062 0.351562 0.662109 0.353516 0.662109 0.353516 0.644531 0.359375 0.638672 0.361328 0.638672 0.365234 0.634766 0.365234 0.626953 0.359375 0.626953 0.357422 0.625000 0.347656 0.625000 0.345703 0.626953 0.343750 0.626953 0.341797 0.625000 0.341797 0.619141 0.343750 0.617188 0.343750 0.615234 0.345703 0.613281 0.345703 0.611328 0.347656 0.609375 0.351562 0.609375 0.353516 0.607422 0.363281 0.607422 0.365234 0.605469 0.365234 0.603516 0.367188 0.601562 0.367188 0.599609 0.369141 0.597656 0.369141 0.593750 0.371094 0.591797 0.373047 0.593750 0.373047 0.595703 0.375000 0.597656 0.382812 0.597656 0.384766 0.595703 0.394531 0.595703 0.394531 0.593750 0.396484 0.591797 0.406250 0.591797 0.410156 0.587891 0.417969 0.587891 0.419922 0.585938 0.419922 0.580078 0.412109 0.580078 0.410156 0.582031 0.402344 0.582031 0.398438 0.585938 0.394531 0.582031 0.394531 0.580078 0.396484 0.578125 0.408203 0.578125 0.408203 0.572266 0.404297 0.572266 0.402344 0.570312 0.396484 0.570312 0.392578 0.566406 0.386719 0.566406 0.384766 0.568359 0.382812 0.568359 0.382812 0.570312 0.378906 0.574219 0.378906 0.576172 0.376953 0.578125 0.375000 0.576172 0.375000 0.570312 0.373047 0.568359 0.369141 0.568359 0.367188 0.566406 0.367188 0.554688 0.365234 0.552734 0.363281 0.552734 0.361328 0.550781 0.363281 0.548828 0.363281 0.544922 0.365234 0.542969 0.365234 0.541016 0.369141 0.537109 0.369141 0.527344 0.371094 0.525391 0.378906 0.525391 0.378906 0.521484 0.380859 0.519531 0.380859 0.511719 0.382812 0.509766 0.384766 0.509766 0.388672 0.505859 0.390625 0.505859 0.390625 0.492188 0.388672 0.490234 0.388672 0.472656 0.386719 0.470703 0.386719 0.455078 0.375000 0.455078 0.369141 0.449219 0.369141 0.447266 0.367188 0.445312 0.369141 0.443359 0.369141 0.425781 0.363281 0.419922 0.363281 0.402344 0.361328 0.400391 0.351562 0.400391 0.343750 0.408203 0.335938 0.408203 0.330078 0.414062 0.330078 0.421875 0.328125 0.423828 0.328125 0.429688 0.326172 0.431641 0.324219 0.431641 0.322266 0.433594 0.320312 0.431641 0.316406 0.431641 0.312500 0.427734 0.308594 0.427734 0.306641 0.429688 0.304688 0.429688 0.302734 0.431641 0.294922 0.431641 0.292969 0.429688 0.285156 0.429688 0.279297 0.435547 0.279297 0.447266 0.275391 0.451172 0.275391 0.457031 0.277344 0.458984 0.277344 0.460938 0.279297 0.462891 0.275391 0.466797 0.275391 0.468750 0.273438 0.470703 0.271484 0.468750 0.271484 0.466797 0.269531 0.464844 0.269531 0.453125 0.267578 0.451172 0.263672 0.451172 0.261719 0.449219 0.261719 0.441406 0.255859 0.441406 0.248047 0.449219 0.244141 0.449219 0.240234 0.453125 0.240234 0.455078 0.234375 0.460938 0.234375 0.462891 0.230469 0.466797 0.230469 0.468750 0.224609 0.474609 0.222656 0.474609 0.220703 0.472656 0.220703 0.458984 0.216797 0.458984 0.214844 0.457031 0.214844 0.449219 0.216797 0.447266 0.218750 0.449219 0.222656 0.449219 0.224609 0.447266 0.224609 0.443359 0.218750 0.437500 0.216797 0.437500 0.212891 0.433594 0.207031 0.433594 0.207031 0.449219 0.205078 0.451172 0.205078 0.457031 0.208984 0.460938 0.208984 0.462891 0.207031 0.464844 0.205078 0.462891 0.203125 0.462891 0.199219 0.458984 0.197266 0.458984 0.195312 0.457031 0.191406 0.457031 0.187500 0.453125 0.187500 0.449219 0.189453 0.447266 0.189453 0.445312 0.191406 0.443359 0.197266 0.443359 0.197266 0.439453 0.195312 0.437500 0.195312 0.433594 0.197266 0.431641 0.197266 0.421875 0.195312 0.419922 0.195312 0.417969 0.197266 0.416016 0.199219 0.416016 0.201172 0.417969 0.203125 0.417969 0.205078 0.419922 0.214844 0.419922 0.214844 0.416016 0.212891 0.416016 0.205078 0.408203 0.203125 0.408203 0.201172 0.406250 0.201172 0.404297 0.203125 0.402344 0.203125 0.400391 0.205078 0.398438 0.212891 0.398438 0.212891 0.394531 0.210938 0.392578 0.207031 0.392578 0.205078 0.390625 0.205078 0.388672 0.207031 0.386719 0.210938 0.386719 0.212891 0.384766 0.214844 0.384766 0.214844 0.380859 0.212891 0.378906 0.212891 0.376953 0.210938 0.375000 0.210938 0.373047 0.212891 0.371094 0.210938 0.369141 0.210938 0.367188 0.212891 0.365234 0.214844 0.365234 0.216797 0.363281 0.218750 0.363281 0.224609 0.357422 0.238281 0.357422 0.240234 0.355469 0.242188 0.355469 0.248047 0.349609 0.250000 0.349609 0.255859 0.343750 0.257812 0.343750 0.257812 0.337891 0.259766 0.335938 0.281250 0.335938 0.283203 0.333984 0.289062 0.333984 0.291016 0.335938 0.294922 0.335938 0.296875 0.333984 0.296875 0.332031 0.298828 0.330078 0.300781 0.330078 0.300781 0.326172 0.302734 0.324219 0.306641 0.324219 0.308594 0.326172 0.308594 0.339844 0.310547 0.341797 0.310547 0.343750 0.312500 0.345703 0.320312 0.345703 0.322266 0.343750 0.326172 0.343750 0.328125 0.345703 0.328125 0.351562 0.330078 0.353516 0.333984 0.349609 0.335938 0.349609 0.337891 0.347656 0.339844 0.349609 0.341797 0.349609 0.343750 0.351562 0.345703 0.351562 0.347656 0.353516 0.351562 0.353516 0.351562 0.347656 0.349609 0.345703 0.349609 0.343750 0.351562 0.341797 0.351562 0.335938 0.349609 0.333984 0.347656 0.333984 0.343750 0.330078 0.343750 0.328125 0.345703 0.326172 0.345703 0.324219 0.349609 0.320312 0.351562 0.320312 0.351562 0.318359 0.353516 0.316406 0.361328 0.316406 0.361328 0.304688 0.359375 0.302734 0.359375 0.294922 0.357422 0.292969 0.355469 0.292969 0.353516 0.291016 0.347656 0.291016 0.345703 0.292969 0.345703 0.298828 0.343750 0.300781 0.339844 0.296875 0.339844 0.294922 0.335938 0.294922 0.333984 0.292969 0.332031 0.292969 0.328125 0.289062 0.328125 0.271484 0.326172 0.271484 0.324219 0.269531 0.324219 0.267578 0.316406 0.267578 0.312500 0.271484 0.304688 0.263672 0.304688 0.261719 0.306641 0.259766 0.312500 0.259766 0.316406 0.263672 0.320312 0.263672 0.322266 0.261719 0.326172 0.261719 0.326172 0.255859 0.316406 0.246094 0.308594 0.246094 0.306641 0.248047 0.296875 0.248047 0.292969 0.251953 0.291016 0.250000 0.291016 0.240234 0.285156 0.240234 0.283203 0.242188 0.283203 0.244141 0.281250 0.246094 0.279297 0.244141 0.279297 0.240234 0.271484 0.240234 0.271484 0.244141 0.269531 0.246094 0.267578 0.244141 0.267578 0.240234 0.265625 0.238281 0.265625 0.224609 0.261719 0.220703 0.261719 0.216797 0.263672 0.214844 0.263672 0.207031 0.261719 0.205078 0.261719 0.193359 0.259766 0.191406 0.259766 0.193359 0.257812 0.195312 0.257812 0.197266 0.253906 0.201172 0.251953 0.201172 0.250000 0.203125 0.246094 0.203125 0.244141 0.201172 0.244141 0.199219 0.242188 0.199219 0.240234 0.201172 0.236328 0.201172 0.234375 0.199219 0.232422 0.199219 0.228516 0.195312 0.230469 0.193359 0.236328 0.193359 0.238281 0.191406 0.238281 0.181641 0.234375 0.177734 0.232422 0.177734 0.230469 0.175781 0.230469 0.171875 0.232422 0.169922 0.234375 0.169922 0.234375 0.166016 0.232422 0.166016 0.228516 0.162109 0.226562 0.162109 0.224609 0.160156 0.214844 0.160156 0.212891 0.162109 0.208984 0.162109 0.205078 0.158203 0.201172 0.158203 0.199219 0.156250 0.199219 0.154297 0.201172 0.152344 0.203125 0.152344 0.205078 0.150391 0.210938 0.150391 0.212891 0.148438 0.214844 0.150391 0.216797 0.150391 0.218750 0.152344 0.218750 0.154297 0.220703 0.156250 0.224609 0.156250 0.226562 0.154297 0.226562 0.150391 0.228516 0.148438 0.230469 0.150391 0.232422 0.148438 0.234375 0.150391 0.238281 0.150391 0.240234 0.152344 0.242188 0.152344 0.242188 0.150391 0.244141 0.148438 0.248047 0.148438 0.251953 0.152344 0.259766 0.152344 0.261719 0.154297 0.263672 0.154297 0.267578 0.158203 0.267578 0.154297 0.265625 0.152344 0.261719 0.152344 0.253906 0.144531 0.253906 0.136719 0.255859 0.134766 0.259766 0.134766 0.261719 0.136719 0.261719 0.140625 0.263672 0.140625 0.269531 0.146484 0.269531 0.150391 0.273438 0.150391 0.273438 0.140625 0.271484 0.140625 0.265625 0.134766 0.265625 0.132812 0.263672 0.130859 0.265625 0.128906 0.267578 0.128906 0.269531 0.126953 0.275391 0.132812 0.275391 0.134766 0.277344 0.134766 0.279297 0.136719 0.281250 0.136719 0.283203 0.138672 0.289062 0.138672 0.289062 0.128906 0.287109 0.126953 0.287109 0.123047 0.281250 0.117188 0.277344 0.117188 0.273438 0.113281 0.261719 0.113281 0.259766 0.111328 0.255859 0.111328 0.253906 0.113281 0.246094 0.113281 0.240234 0.119141 0.238281 0.119141 0.236328 0.117188 0.236328 0.107422 0.238281 0.105469 0.234375 0.105469 0.232422 0.103516 0.232422 0.101562 0.230469 0.099609 0.230469 0.097656 0.228516 0.095703 0.228516 0.093750 0.226562 0.091797 0.226562 0.089844 0.220703 0.089844 0.214844 0.095703 0.210938 0.095703 0.210938 0.097656 0.208984 0.099609 0.201172 0.099609 0.201172 0.101562 0.197266 0.105469 0.195312 0.105469 0.195312 0.107422 0.193359 0.109375 0.193359 0.115234 0.191406 0.117188 0.191406 0.119141 0.189453 0.121094 0.185547 0.117188 0.181641 0.117188 0.181641 0.119141 0.179688 0.121094 0.177734 0.121094 0.173828 0.125000 0.173828 0.126953 0.175781 0.126953 0.177734 0.128906 0.175781 0.130859 0.171875 0.130859 0.169922 0.128906 0.162109 0.128906 0.162109 0.130859 0.158203 0.134766 0.156250 0.134766 0.154297 0.136719 0.148438 0.136719 0.144531 0.132812 0.142578 0.132812 0.138672 0.128906 0.136719 0.128906 0.134766 0.126953 0.134766 0.125000 0.132812 0.123047 0.132812 0.121094 0.138672 0.115234 0.138672 0.113281 0.140625 0.111328 0.140625 0.099609 0.136719 0.099609 0.136719 0.105469 0.134766 0.107422 0.134766 0.109375 0.126953 0.117188 0.125000 0.117188 0.121094 0.121094 0.113281 0.121094 0.111328 0.119141 0.107422 0.119141 0.105469 0.117188 0.105469 0.113281 0.097656 0.113281 0.095703 0.111328 0.093750 0.111328 0.091797 0.109375 0.091797 0.107422 0.089844 0.105469 0.083984 0.105469 0.082031 0.103516 0.080078 0.103516 0.078125 0.101562 0.078125 0.095703 0.070312 0.095703 0.068359 0.093750 0.068359 0.087891 0.070312 0.085938 0.070312 0.080078 0.072266 0.078125 0.072266 0.076172 0.074219 0.074219 0.074219 0.072266 0.076172 0.070312 0.076172 0.068359 0.078125 0.066406 0.078125 0.064453 0.080078 0.062500 0.085938 0.062500 0.087891 0.060547 0.091797 0.060547 0.087891 0.056641 0.087891 0.054688 0.076172 0.054688 0.074219 0.056641 0.072266 0.056641 0.070312 0.058594 0.068359 0.058594 0.066406 0.060547 0.050781 0.060547 0.050781 0.062500 0.048828 0.064453 0.041016 0.064453 0.035156 0.058594 0.031250 0.058594 0.029297 0.060547 0.021484 0.060547 0.019531 0.062500 0.019531 0.066406 0.017578 0.068359 0.015625 0.068359 0.011719 0.064453 0.011719 0.062500 0.001953 0.052734 0.001953 0.050781
0 0.806641 0.035156 0.804688 0.037109 0.798828 0.037109 0.796875 0.039062 0.796875 0.042969 0.802734 0.042969 0.804688 0.044922 0.810547 0.044922 0.810547 0.035156
0 0.291016 0.007812 0.289062 0.009766 0.289062 0.015625 0.291016 0.015625 0.294922 0.019531 0.294922 0.025391 0.296875 0.025391 0.298828 0.027344 0.298828 0.029297 0.296875 0.031250 0.296875 0.039062 0.298828 0.041016 0.310547 0.041016 0.312500 0.042969 0.312500 0.046875 0.318359 0.046875 0.320312 0.044922 0.320312 0.042969 0.322266 0.041016 0.322266 0.035156 0.324219 0.033203 0.330078 0.039062 0.335938 0.039062 0.337891 0.037109 0.339844 0.037109 0.343750 0.033203 0.343750 0.019531 0.341797 0.017578 0.341797 0.015625 0.335938 0.015625 0.333984 0.017578 0.326172 0.017578 0.326172 0.019531 0.324219 0.021484 0.324219 0.023438 0.322266 0.025391 0.320312 0.023438 0.320312 0.021484 0.318359 0.019531 0.318359 0.017578 0.314453 0.017578 0.308594 0.011719 0.306641 0.011719 0.304688 0.009766 0.304688 0.007812
0 0.429688 0.003906 0.427734 0.005859 0.427734 0.017578 0.435547 0.017578 0.437500 0.015625 0.443359 0.021484 0.445312 0.021484 0.449219 0.025391 0.449219 0.027344 0.451172 0.029297 0.455078 0.029297 0.455078 0.013672 0.451172 0.013672 0.449219 0.011719 0.441406 0.011719 0.433594 0.003906
0 0.769531 0.000000 0.767578 0.001953 0.767578 0.003906 0.761719 0.009766 0.761719 0.015625 0.759766 0.017578 0.746094 0.017578 0.744141 0.019531 0.742188 0.017578 0.742188 0.015625 0.738281 0.015625 0.736328 0.017578 0.734375 0.017578 0.732422 0.015625 0.734375 0.013672 0.734375 0.009766 0.730469 0.009766 0.728516 0.011719 0.726562 0.011719 0.724609 0.013672 0.724609 0.019531 0.728516 0.019531 0.730469 0.017578 0.732422 0.019531 0.732422 0.023438 0.738281 0.023438 0.740234 0.021484 0.742188 0.023438 0.742188 0.035156 0.755859 0.035156 0.761719 0.029297 0.763672 0.029297 0.765625 0.027344 0.767578 0.027344 0.769531 0.025391 0.771484 0.025391 0.773438 0.023438 0.775391 0.023438 0.777344 0.021484 0.781250 0.021484 0.787109 0.015625 0.787109 0.009766 0.789062 0.007812 0.791016 0.009766 0.796875 0.009766 0.798828 0.011719 0.802734 0.011719 0.804688 0.013672 0.808594 0.013672 0.808594 0.007812 0.800781 0.000000
0 0.619141 0.000000 0.619141 0.001953 0.625000 0.001953 0.626953 0.000000
0 0.494141 0.000000 0.498047 0.003906 0.507812 0.003906 0.509766 0.001953 0.515625 0.001953 0.517578 0.000000 0.519531 0.000000
0 0.078125 0.000000 0.078125 0.001953 0.080078 0.003906 0.080078 0.005859 0.082031 0.007812 0.082031 0.009766 0.083984 0.011719 0.085938 0.011719 0.087891 0.013672 0.093750 0.013672 0.097656 0.009766 0.097656 0.007812 0.099609 0.005859 0.103516 0.009766 0.103516 0.013672 0.099609 0.017578 0.099609 0.019531 0.103516 0.019531 0.103516 0.017578 0.107422 0.013672 0.109375 0.013672 0.109375 0.007812 0.111328 0.005859 0.117188 0.005859 0.119141 0.007812 0.117188 0.009766 0.115234 0.009766 0.115234 0.017578 0.117188 0.019531 0.119141 0.019531 0.121094 0.021484 0.125000 0.021484 0.125000 0.017578 0.121094 0.017578 0.119141 0.015625 0.121094 0.013672 0.123047 0.013672 0.125000 0.011719 0.126953 0.011719 0.126953 0.000000