0 0.919922 0.810547 0.919922 0.816406 0.923828 0.820312 0.925781 0.820312 0.931641 0.826172 0.931641 0.830078 0.933594 0.832031 0.933594 0.833984 0.935547 0.835938 0.939453 0.835938 0.937500 0.835938 0.931641 0.830078 0.931641 0.826172 0.929688 0.824219 0.929688 0.822266 0.927734 0.822266 0.925781 0.820312 0.923828 0.820312 0.921875 0.818359 0.921875 0.816406 0.919922 0.814453
0 0.935547 0.808594 0.935547 0.814453 0.937500 0.816406 0.937500 0.818359 0.941406 0.822266 0.941406 0.824219 0.943359 0.826172 0.943359 0.828125 0.949219 0.828125 0.949219 0.820312 0.945312 0.816406 0.945312 0.814453 0.943359 0.812500 0.943359 0.810547 0.941406 0.808594
0 0.558594 0.798828 0.558594 0.808594 0.560547 0.808594 0.564453 0.812500 0.564453 0.814453 0.566406 0.814453 0.568359 0.816406 0.568359 0.818359 0.570312 0.818359 0.572266 0.820312 0.582031 0.820312 0.583984 0.818359 0.587891 0.818359 0.591797 0.814453 0.603516 0.814453 0.605469 0.816406 0.607422 0.816406 0.611328 0.820312 0.613281 0.820312 0.613281 0.818359 0.609375 0.814453 0.607422 0.814453 0.605469 0.812500 0.587891 0.812500 0.583984 0.816406 0.582031 0.816406 0.580078 0.818359 0.574219 0.818359 0.572266 0.816406 0.568359 0.816406 0.566406 0.814453 0.566406 0.812500 0.564453 0.810547 0.564453 0.808594 0.560547 0.804688 0.560547 0.798828
0 0.941406 0.792969 0.937500 0.796875 0.933594 0.796875 0.931641 0.798828 0.927734 0.798828 0.925781 0.800781 0.925781 0.802734 0.929688 0.798828 0.933594 0.798828 0.935547 0.796875 0.937500 0.796875 0.939453 0.794922 0.941406 0.794922 0.943359 0.792969 0.945312 0.792969 0.953125 0.800781 0.953125 0.802734 0.955078 0.804688 0.955078 0.808594 0.951172 0.812500 0.951172 0.816406 0.955078 0.820312 0.955078 0.824219 0.955078 0.820312 0.953125 0.818359 0.953125 0.816406 0.951172 0.814453 0.955078 0.810547 0.955078 0.804688 0.953125 0.802734 0.953125 0.800781 0.947266 0.794922 0.947266 0.792969
0 0.589844 0.789062 0.587891 0.791016 0.583984 0.791016 0.583984 0.800781 0.585938 0.802734 0.585938 0.806641 0.597656 0.806641 0.599609 0.804688 0.601562 0.804688 0.603516 0.802734 0.607422 0.802734 0.609375 0.800781 0.615234 0.800781 0.615234 0.791016 0.613281 0.791016 0.611328 0.789062
0 0.628906 0.783203 0.628906 0.785156 0.630859 0.787109 0.632812 0.787109 0.638672 0.792969 0.638672 0.798828 0.636719 0.800781 0.636719 0.802734 0.634766 0.804688 0.634766 0.806641 0.628906 0.812500 0.626953 0.812500 0.623047 0.816406 0.619141 0.816406 0.617188 0.818359 0.617188 0.820312 0.619141 0.820312 0.621094 0.818359 0.623047 0.818359 0.625000 0.816406 0.626953 0.816406 0.628906 0.814453 0.632812 0.814453 0.634766 0.812500 0.634766 0.810547 0.638672 0.806641 0.638672 0.804688 0.640625 0.802734 0.640625 0.791016 0.632812 0.783203
0 0.519531 0.761719 0.517578 0.763672 0.517578 0.769531 0.521484 0.769531 0.525391 0.765625 0.529297 0.765625 0.529297 0.761719
0 0.513672 0.744141 0.511719 0.746094 0.505859 0.746094 0.501953 0.750000 0.501953 0.751953 0.500000 0.753906 0.498047 0.753906 0.496094 0.755859 0.494141 0.755859 0.494141 0.757812 0.492188 0.759766 0.488281 0.759766 0.488281 0.761719 0.486328 0.763672 0.486328 0.767578 0.488281 0.769531 0.490234 0.769531 0.492188 0.771484 0.494141 0.771484 0.498047 0.775391 0.498047 0.777344 0.501953 0.781250 0.503906 0.781250 0.509766 0.787109 0.511719 0.787109 0.515625 0.791016 0.527344 0.791016 0.527344 0.787109 0.529297 0.785156 0.529297 0.783203 0.533203 0.779297 0.533203 0.775391 0.531250 0.775391 0.527344 0.779297 0.527344 0.783203 0.525391 0.785156 0.525391 0.787109 0.523438 0.789062 0.517578 0.789062 0.507812 0.779297 0.505859 0.779297 0.503906 0.777344 0.501953 0.777344 0.500000 0.775391 0.500000 0.771484 0.498047 0.769531 0.496094 0.769531 0.494141 0.767578 0.490234 0.767578 0.488281 0.765625 0.492188 0.761719 0.492188 0.759766 0.494141 0.757812 0.498047 0.757812 0.500000 0.755859 0.501953 0.755859 0.509766 0.748047 0.513672 0.748047 0.515625 0.746094 0.517578 0.746094 0.519531 0.748047 0.521484 0.748047 0.523438 0.750000 0.525391 0.750000 0.527344 0.751953 0.537109 0.751953 0.537109 0.748047 0.535156 0.748047 0.533203 0.750000 0.529297 0.750000 0.527344 0.748047 0.525391 0.748047 0.523438 0.746094 0.521484 0.746094 0.519531 0.744141
0 0.548828 0.699219 0.548828 0.720703 0.550781 0.722656 0.550781 0.730469 0.560547 0.730469 0.560547 0.712891 0.558594 0.710938 0.558594 0.699219
0 0.566406 0.697266 0.566406 0.705078 0.568359 0.707031 0.568359 0.708984 0.572266 0.712891 0.574219 0.712891 0.576172 0.714844 0.574219 0.716797 0.574219 0.718750 0.572266 0.720703 0.572266 0.726562 0.576172 0.730469 0.576172 0.732422 0.578125 0.734375 0.578125 0.740234 0.580078 0.740234 0.580078 0.732422 0.578125 0.730469 0.578125 0.728516 0.576172 0.726562 0.576172 0.724609 0.574219 0.722656 0.578125 0.718750 0.578125 0.710938 0.576172 0.710938 0.568359 0.703125 0.568359 0.697266
0 0.533203 0.693359 0.533203 0.697266 0.537109 0.701172 0.537109 0.705078 0.539062 0.707031 0.539062 0.714844 0.537109 0.716797 0.537109 0.732422 0.539062 0.734375 0.539062 0.736328 0.544922 0.736328 0.544922 0.734375 0.542969 0.734375 0.539062 0.730469 0.539062 0.718750 0.541016 0.716797 0.541016 0.703125 0.539062 0.701172 0.539062 0.699219 0.535156 0.695312 0.535156 0.693359
0 0.955078 0.642578 0.955078 0.644531 0.960938 0.644531 0.960938 0.642578
0 0.902344 0.597656 0.902344 0.601562 0.900391 0.603516 0.894531 0.603516 0.894531 0.619141 0.896484 0.621094 0.898438 0.621094 0.900391 0.623047 0.902344 0.623047 0.908203 0.628906 0.910156 0.628906 0.916016 0.634766 0.917969 0.634766 0.919922 0.636719 0.931641 0.636719 0.933594 0.638672 0.947266 0.638672 0.947266 0.628906 0.943359 0.628906 0.941406 0.626953 0.935547 0.626953 0.933594 0.625000 0.933594 0.623047 0.931641 0.621094 0.929688 0.621094 0.925781 0.617188 0.923828 0.617188 0.916016 0.609375 0.916016 0.599609 0.914062 0.597656
0 0.919922 0.591797 0.919922 0.595703 0.931641 0.607422 0.931641 0.609375 0.933594 0.611328 0.937500 0.611328 0.939453 0.609375 0.947266 0.609375 0.949219 0.607422 0.953125 0.607422 0.960938 0.615234 0.960938 0.619141 0.962891 0.621094 0.962891 0.625000 0.964844 0.625000 0.966797 0.626953 0.966797 0.628906 0.968750 0.628906 0.970703 0.630859 0.970703 0.632812 0.972656 0.634766 0.972656 0.638672 0.974609 0.640625 0.972656 0.642578 0.964844 0.642578 0.964844 0.644531 0.974609 0.644531 0.976562 0.642578 0.976562 0.638672 0.974609 0.636719 0.974609 0.632812 0.972656 0.630859 0.972656 0.628906 0.970703 0.626953 0.968750 0.626953 0.966797 0.625000 0.966797 0.623047 0.964844 0.621094 0.964844 0.617188 0.962891 0.615234 0.962891 0.613281 0.960938 0.611328 0.960938 0.609375 0.957031 0.605469 0.955078 0.605469 0.953125 0.603516 0.951172 0.603516 0.949219 0.605469 0.947266 0.605469 0.945312 0.607422 0.937500 0.607422 0.935547 0.609375 0.933594 0.607422 0.933594 0.605469 0.931641 0.603516 0.931641 0.601562 0.921875 0.591797
0 0.902344 0.583984 0.894531 0.591797 0.892578 0.591797 0.890625 0.593750 0.886719 0.593750 0.882812 0.589844 0.880859 0.589844 0.878906 0.587891 0.869141 0.587891 0.867188 0.589844 0.865234 0.589844 0.857422 0.597656 0.857422 0.599609 0.855469 0.601562 0.855469 0.603516 0.853516 0.605469 0.853516 0.615234 0.855469 0.617188 0.855469 0.619141 0.857422 0.621094 0.859375 0.621094 0.861328 0.623047 0.861328 0.625000 0.863281 0.625000 0.865234 0.626953 0.865234 0.628906 0.867188 0.630859 0.886719 0.630859 0.888672 0.628906 0.890625 0.630859 0.890625 0.632812 0.892578 0.634766 0.892578 0.638672 0.896484 0.642578 0.896484 0.644531 0.898438 0.646484 0.900391 0.646484 0.902344 0.648438 0.908203 0.648438 0.910156 0.646484 0.912109 0.648438 0.914062 0.648438 0.914062 0.644531 0.906250 0.644531 0.904297 0.646484 0.894531 0.636719 0.894531 0.630859 0.890625 0.626953 0.886719 0.626953 0.884766 0.628906 0.869141 0.628906 0.867188 0.626953 0.867188 0.621094 0.863281 0.621094 0.855469 0.613281 0.855469 0.607422 0.857422 0.605469 0.857422 0.603516 0.859375 0.601562 0.859375 0.599609 0.867188 0.591797 0.871094 0.591797 0.873047 0.589844 0.876953 0.589844 0.878906 0.591797 0.880859 0.591797 0.884766 0.595703 0.894531 0.595703 0.904297 0.585938 0.904297 0.583984
0 0.724609 0.371094 0.724609 0.373047 0.718750 0.378906 0.716797 0.378906 0.710938 0.384766 0.710938 0.410156 0.732422 0.410156 0.732422 0.408203 0.734375 0.406250 0.734375 0.404297 0.740234 0.398438 0.742188 0.398438 0.744141 0.396484 0.744141 0.394531 0.746094 0.392578 0.746094 0.371094
0 0.757812 0.353516 0.757812 0.357422 0.763672 0.357422 0.767578 0.361328 0.769531 0.361328 0.771484 0.363281 0.771484 0.371094 0.769531 0.373047 0.769531 0.376953 0.765625 0.380859 0.765625 0.382812 0.763672 0.384766 0.763672 0.388672 0.761719 0.390625 0.761719 0.394531 0.759766 0.396484 0.759766 0.400391 0.757812 0.402344 0.757812 0.406250 0.755859 0.408203 0.755859 0.410156 0.746094 0.419922 0.744141 0.419922 0.740234 0.423828 0.738281 0.423828 0.736328 0.425781 0.734375 0.425781 0.732422 0.427734 0.730469 0.427734 0.730469 0.431641 0.732422 0.431641 0.736328 0.427734 0.738281 0.427734 0.740234 0.425781 0.742188 0.425781 0.744141 0.423828 0.746094 0.423828 0.751953 0.417969 0.753906 0.417969 0.757812 0.414062 0.757812 0.412109 0.759766 0.410156 0.759766 0.404297 0.761719 0.402344 0.761719 0.398438 0.763672 0.396484 0.763672 0.392578 0.765625 0.390625 0.765625 0.386719 0.767578 0.384766 0.767578 0.382812 0.771484 0.378906 0.771484 0.375000 0.773438 0.373047 0.773438 0.361328 0.769531 0.357422 0.767578 0.357422 0.765625 0.355469 0.761719 0.355469 0.759766 0.353516
0 0.101562 0.283203 0.099609 0.285156 0.097656 0.285156 0.097656 0.298828 0.115234 0.298828 0.117188 0.296875 0.121094 0.296875 0.121094 0.283203
0 0.085938 0.263672 0.085938 0.265625 0.083984 0.267578 0.083984 0.283203 0.085938 0.285156 0.085938 0.292969 0.083984 0.294922 0.083984 0.296875 0.085938 0.298828 0.085938 0.300781 0.087891 0.300781 0.093750 0.306641 0.095703 0.306641 0.099609 0.310547 0.117188 0.310547 0.121094 0.306641 0.123047 0.306641 0.125000 0.304688 0.126953 0.304688 0.128906 0.302734 0.128906 0.300781 0.126953 0.300781 0.125000 0.302734 0.123047 0.302734 0.121094 0.304688 0.119141 0.304688 0.117188 0.306641 0.115234 0.306641 0.113281 0.308594 0.101562 0.308594 0.093750 0.300781 0.091797 0.300781 0.087891 0.296875 0.087891 0.281250 0.085938 0.279297 0.085938 0.269531 0.089844 0.265625 0.093750 0.265625 0.095703 0.267578 0.097656 0.267578 0.099609 0.269531 0.101562 0.269531 0.103516 0.271484 0.109375 0.271484 0.111328 0.273438 0.125000 0.273438 0.126953 0.271484 0.128906 0.271484 0.128906 0.269531 0.125000 0.269531 0.123047 0.271484 0.113281 0.271484 0.111328 0.269531 0.107422 0.269531 0.105469 0.267578 0.103516 0.267578 0.101562 0.265625 0.099609 0.265625 0.097656 0.263672