0 0.234375 0.966797 0.234375 0.974609 0.236328 0.974609 0.238281 0.976562 0.242188 0.976562 0.242188 0.970703 0.240234 0.968750 0.240234 0.966797
0 0.044922 0.958984 0.039062 0.964844 0.039062 0.966797 0.037109 0.968750 0.035156 0.968750 0.031250 0.972656 0.031250 0.978516 0.033203 0.978516 0.035156 0.980469 0.039062 0.980469 0.041016 0.982422 0.042969 0.980469 0.042969 0.978516 0.044922 0.976562 0.046875 0.976562 0.048828 0.974609 0.050781 0.974609 0.052734 0.976562 0.050781 0.978516 0.052734 0.978516 0.056641 0.982422 0.050781 0.988281 0.050781 0.992188 0.064453 0.992188 0.068359 0.988281 0.070312 0.988281 0.076172 0.982422 0.078125 0.982422 0.080078 0.980469 0.080078 0.972656 0.078125 0.970703 0.074219 0.970703 0.072266 0.968750 0.060547 0.968750 0.054688 0.962891 0.054688 0.960938 0.052734 0.958984
0 0.183594 0.916016 0.183594 0.921875 0.185547 0.921875 0.187500 0.923828 0.195312 0.923828 0.195312 0.917969 0.193359 0.916016
0 0.253906 0.873047 0.253906 0.875000 0.251953 0.876953 0.251953 0.880859 0.250000 0.882812 0.250000 0.898438 0.251953 0.900391 0.255859 0.900391 0.257812 0.898438 0.259766 0.898438 0.259766 0.896484 0.263672 0.892578 0.265625 0.892578 0.265625 0.882812 0.261719 0.878906 0.261719 0.875000 0.259766 0.873047
0 0.236328 0.867188 0.236328 0.869141 0.234375 0.871094 0.234375 0.875000 0.238281 0.875000 0.242188 0.871094 0.242188 0.867188
0 0.201172 0.865234 0.193359 0.873047 0.193359 0.875000 0.191406 0.876953 0.189453 0.876953 0.189453 0.884766 0.191406 0.886719 0.191406 0.888672 0.193359 0.890625 0.193359 0.892578 0.195312 0.892578 0.197266 0.894531 0.208984 0.894531 0.218750 0.884766 0.218750 0.876953 0.220703 0.875000 0.222656 0.875000 0.222656 0.873047 0.224609 0.871094 0.224609 0.867188 0.222656 0.865234 0.216797 0.865234 0.212891 0.869141 0.210938 0.869141 0.208984 0.867188 0.207031 0.867188 0.205078 0.865234
0 0.169922 0.818359 0.167969 0.820312 0.166016 0.820312 0.160156 0.826172 0.160156 0.830078 0.158203 0.832031 0.158203 0.845703 0.160156 0.845703 0.162109 0.847656 0.166016 0.847656 0.166016 0.839844 0.171875 0.833984 0.171875 0.832031 0.173828 0.830078 0.175781 0.830078 0.177734 0.828125 0.177734 0.820312 0.175781 0.818359
0 0.318359 0.789062 0.316406 0.791016 0.314453 0.791016 0.314453 0.792969 0.312500 0.794922 0.310547 0.794922 0.310547 0.798828 0.314453 0.802734 0.316406 0.802734 0.320312 0.806641 0.330078 0.806641 0.330078 0.798828 0.328125 0.798828 0.322266 0.792969 0.322266 0.789062
0 0.345703 0.701172 0.345703 0.710938 0.343750 0.712891 0.341797 0.712891 0.339844 0.710938 0.339844 0.708984 0.328125 0.708984 0.324219 0.712891 0.324219 0.714844 0.322266 0.716797 0.318359 0.716797 0.312500 0.722656 0.312500 0.732422 0.316406 0.736328 0.312500 0.740234 0.312500 0.742188 0.308594 0.746094 0.308594 0.761719 0.316406 0.769531 0.316406 0.771484 0.318359 0.771484 0.333984 0.787109 0.335938 0.787109 0.341797 0.792969 0.341797 0.794922 0.357422 0.794922 0.359375 0.796875 0.359375 0.802734 0.357422 0.804688 0.357422 0.806641 0.355469 0.808594 0.355469 0.818359 0.357422 0.818359 0.361328 0.822266 0.361328 0.826172 0.363281 0.826172 0.365234 0.828125 0.373047 0.828125 0.380859 0.835938 0.382812 0.835938 0.386719 0.839844 0.396484 0.839844 0.398438 0.837891 0.400391 0.837891 0.400391 0.835938 0.404297 0.832031 0.406250 0.832031 0.406250 0.830078 0.408203 0.828125 0.416016 0.828125 0.417969 0.830078 0.419922 0.830078 0.421875 0.832031 0.437500 0.832031 0.437500 0.830078 0.439453 0.828125 0.439453 0.824219 0.441406 0.822266 0.441406 0.814453 0.443359 0.812500 0.443359 0.808594 0.445312 0.806641 0.445312 0.804688 0.449219 0.800781 0.449219 0.767578 0.447266 0.767578 0.445312 0.765625 0.445312 0.763672 0.437500 0.763672 0.431641 0.757812 0.431641 0.755859 0.429688 0.753906 0.429688 0.751953 0.427734 0.751953 0.423828 0.748047 0.423828 0.746094 0.412109 0.746094 0.410156 0.744141 0.410156 0.738281 0.412109 0.736328 0.412109 0.734375 0.414062 0.732422 0.414062 0.718750 0.412109 0.716797 0.412109 0.714844 0.406250 0.714844 0.404297 0.716797 0.390625 0.716797 0.390625 0.718750 0.386719 0.722656 0.384766 0.722656 0.382812 0.724609 0.376953 0.724609 0.373047 0.720703 0.373047 0.716797 0.365234 0.716797 0.363281 0.714844 0.363281 0.712891 0.357422 0.712891 0.355469 0.710938 0.355469 0.708984 0.353516 0.708984 0.351562 0.707031 0.351562 0.701172
0 0.052734 0.605469 0.052734 0.609375 0.050781 0.611328 0.046875 0.611328 0.044922 0.613281 0.031250 0.613281 0.029297 0.615234 0.029297 0.619141 0.027344 0.621094 0.027344 0.623047 0.025391 0.625000 0.025391 0.628906 0.029297 0.632812 0.029297 0.646484 0.027344 0.648438 0.027344 0.650391 0.025391 0.652344 0.025391 0.656250 0.027344 0.658203 0.031250 0.658203 0.033203 0.660156 0.035156 0.660156 0.037109 0.662109 0.048828 0.662109 0.050781 0.660156 0.052734 0.660156 0.054688 0.658203 0.085938 0.658203 0.087891 0.656250 0.089844 0.656250 0.091797 0.654297 0.091797 0.652344 0.093750 0.650391 0.101562 0.650391 0.103516 0.652344 0.111328 0.652344 0.119141 0.644531 0.119141 0.642578 0.123047 0.638672 0.126953 0.638672 0.130859 0.642578 0.138672 0.642578 0.138672 0.626953 0.136719 0.626953 0.134766 0.625000 0.132812 0.625000 0.130859 0.623047 0.128906 0.623047 0.126953 0.621094 0.125000 0.621094 0.123047 0.619141 0.123047 0.617188 0.121094 0.615234 0.117188 0.615234 0.115234 0.613281 0.107422 0.613281 0.103516 0.617188 0.097656 0.617188 0.095703 0.615234 0.095703 0.613281 0.093750 0.611328 0.093750 0.609375 0.087891 0.609375 0.085938 0.611328 0.070312 0.611328 0.068359 0.609375 0.068359 0.607422 0.066406 0.607422 0.064453 0.605469
0 0.464844 0.589844 0.462891 0.591797 0.462891 0.595703 0.466797 0.595703 0.468750 0.593750 0.472656 0.593750 0.472656 0.589844
0 0.484375 0.580078 0.482422 0.582031 0.480469 0.582031 0.480469 0.589844 0.486328 0.595703 0.486328 0.597656 0.488281 0.599609 0.501953 0.599609 0.507812 0.605469 0.501953 0.611328 0.500000 0.611328 0.500000 0.617188 0.498047 0.619141 0.492188 0.619141 0.492188 0.621094 0.490234 0.623047 0.488281 0.621094 0.482422 0.621094 0.476562 0.626953 0.470703 0.626953 0.470703 0.630859 0.474609 0.634766 0.476562 0.634766 0.478516 0.636719 0.484375 0.636719 0.486328 0.638672 0.486328 0.640625 0.484375 0.642578 0.482422 0.642578 0.480469 0.644531 0.480469 0.646484 0.478516 0.648438 0.476562 0.648438 0.474609 0.650391 0.474609 0.654297 0.472656 0.656250 0.472656 0.660156 0.470703 0.662109 0.470703 0.664062 0.468750 0.666016 0.468750 0.671875 0.466797 0.673828 0.464844 0.673828 0.464844 0.675781 0.462891 0.677734 0.453125 0.677734 0.449219 0.681641 0.449219 0.701172 0.453125 0.701172 0.455078 0.703125 0.457031 0.703125 0.458984 0.705078 0.460938 0.705078 0.462891 0.707031 0.462891 0.716797 0.470703 0.724609 0.470703 0.726562 0.482422 0.726562 0.484375 0.728516 0.484375 0.740234 0.486328 0.740234 0.488281 0.742188 0.488281 0.750000 0.486328 0.751953 0.484375 0.751953 0.484375 0.753906 0.482422 0.755859 0.480469 0.755859 0.476562 0.759766 0.476562 0.765625 0.478516 0.767578 0.478516 0.771484 0.480469 0.771484 0.482422 0.773438 0.484375 0.771484 0.486328 0.773438 0.496094 0.773438 0.498047 0.771484 0.500000 0.773438 0.503906 0.773438 0.505859 0.775391 0.505859 0.783203 0.511719 0.783203 0.513672 0.785156 0.519531 0.785156 0.521484 0.783203 0.525391 0.783203 0.527344 0.781250 0.529297 0.781250 0.531250 0.779297 0.531250 0.773438 0.533203 0.771484 0.533203 0.765625 0.531250 0.763672 0.531250 0.761719 0.533203 0.759766 0.535156 0.759766 0.537109 0.757812 0.537109 0.755859 0.541016 0.751953 0.541016 0.746094 0.542969 0.744141 0.548828 0.744141 0.550781 0.746094 0.556641 0.746094 0.556641 0.736328 0.554688 0.734375 0.554688 0.732422 0.556641 0.730469 0.558594 0.730469 0.560547 0.728516 0.562500 0.728516 0.566406 0.724609 0.566406 0.722656 0.572266 0.716797 0.572266 0.712891 0.570312 0.710938 0.570312 0.707031 0.568359 0.705078 0.568359 0.701172 0.566406 0.699219 0.566406 0.697266 0.560547 0.691406 0.560547 0.689453 0.558594 0.689453 0.556641 0.687500 0.556641 0.685547 0.554688 0.685547 0.552734 0.683594 0.552734 0.681641 0.548828 0.681641 0.537109 0.669922 0.535156 0.669922 0.533203 0.667969 0.533203 0.666016 0.531250 0.664062 0.529297 0.666016 0.517578 0.666016 0.515625 0.664062 0.515625 0.662109 0.509766 0.656250 0.509766 0.654297 0.507812 0.652344 0.507812 0.634766 0.509766 0.632812 0.511719 0.632812 0.511719 0.628906 0.513672 0.626953 0.513672 0.625000 0.515625 0.623047 0.519531 0.623047 0.519531 0.619141 0.521484 0.617188 0.523438 0.619141 0.525391 0.619141 0.527344 0.621094 0.529297 0.621094 0.529297 0.617188 0.533203 0.613281 0.537109 0.613281 0.537109 0.601562 0.535156 0.599609 0.535156 0.591797 0.533203 0.591797 0.531250 0.589844 0.531250 0.587891 0.521484 0.587891 0.519531 0.585938 0.515625 0.585938 0.513672 0.583984 0.509766 0.583984 0.507812 0.582031 0.505859 0.582031 0.503906 0.580078 0.500000 0.580078 0.500000 0.582031 0.496094 0.585938 0.492188 0.585938 0.488281 0.582031 0.488281 0.580078
0 0.910156 0.087891 0.906250 0.091797 0.906250 0.095703 0.912109 0.095703 0.916016 0.091797 0.917969 0.091797 0.917969 0.087891
0 0.662109 0.080078 0.660156 0.082031 0.658203 0.082031 0.656250 0.083984 0.654297 0.083984 0.652344 0.085938 0.652344 0.089844 0.656250 0.093750 0.654297 0.095703 0.654297 0.101562 0.656250 0.101562 0.658203 0.103516 0.660156 0.103516 0.662109 0.101562 0.664062 0.101562 0.666016 0.099609 0.667969 0.099609 0.673828 0.093750 0.673828 0.085938 0.671875 0.083984 0.671875 0.080078
0 0.871094 0.013672 0.869141 0.015625 0.869141 0.017578 0.867188 0.019531 0.867188 0.029297 0.869141 0.031250 0.871094 0.031250 0.875000 0.035156 0.876953 0.035156 0.880859 0.039062 0.880859 0.042969 0.886719 0.048828 0.886719 0.050781 0.890625 0.050781 0.892578 0.052734 0.898438 0.052734 0.900391 0.054688 0.900391 0.060547 0.896484 0.064453 0.898438 0.066406 0.898438 0.068359 0.896484 0.070312 0.892578 0.070312 0.892578 0.078125 0.894531 0.080078 0.900391 0.080078 0.902344 0.082031 0.921875 0.082031 0.921875 0.080078 0.925781 0.076172 0.925781 0.062500 0.921875 0.058594 0.919922 0.058594 0.916016 0.054688 0.916016 0.052734 0.912109 0.048828 0.910156 0.048828 0.906250 0.044922 0.906250 0.029297 0.898438 0.021484 0.898438 0.019531 0.894531 0.019531 0.892578 0.017578 0.892578 0.015625 0.890625 0.013672
0 0.835938 0.011719 0.833984 0.013672 0.833984 0.017578 0.835938 0.019531 0.833984 0.021484 0.833984 0.029297 0.839844 0.035156 0.839844 0.041016 0.841797 0.042969 0.841797 0.044922 0.839844 0.046875 0.835938 0.046875 0.830078 0.052734 0.830078 0.054688 0.832031 0.056641 0.832031 0.058594 0.833984 0.060547 0.833984 0.068359 0.835938 0.068359 0.837891 0.070312 0.845703 0.070312 0.847656 0.068359 0.847656 0.064453 0.841797 0.058594 0.841797 0.056641 0.839844 0.054688 0.839844 0.052734 0.837891 0.050781 0.839844 0.048828 0.839844 0.046875 0.841797 0.044922 0.849609 0.052734 0.849609 0.054688 0.853516 0.058594 0.859375 0.058594 0.859375 0.046875 0.851562 0.039062 0.851562 0.037109 0.847656 0.033203 0.849609 0.031250 0.849609 0.021484 0.847656 0.019531 0.847656 0.017578 0.845703 0.017578 0.841797 0.013672 0.839844 0.013672 0.837891 0.011719
0 0.728516 0.000000 0.728516 0.001953 0.724609 0.005859 0.726562 0.007812 0.728516 0.007812 0.730469 0.005859 0.738281 0.005859 0.738281 0.003906 0.736328 0.001953 0.734375 0.001953 0.732422 0.000000