0 0.111328 0.921875 0.111328 0.927734 0.113281 0.929688 0.117188 0.929688 0.117188 0.925781 0.113281 0.921875
0 0.101562 0.906250 0.101562 0.912109 0.105469 0.916016 0.107422 0.916016 0.107422 0.914062 0.105469 0.912109 0.105469 0.910156 0.103516 0.908203 0.103516 0.906250
0 0.900391 0.904297 0.900391 0.906250 0.898438 0.908203 0.892578 0.908203 0.890625 0.910156 0.888672 0.910156 0.882812 0.916016 0.882812 0.917969 0.878906 0.921875 0.878906 0.923828 0.880859 0.925781 0.880859 0.927734 0.876953 0.931641 0.873047 0.931641 0.871094 0.933594 0.871094 0.937500 0.873047 0.939453 0.873047 0.941406 0.876953 0.941406 0.878906 0.943359 0.878906 0.945312 0.882812 0.945312 0.884766 0.947266 0.892578 0.947266 0.894531 0.945312 0.894531 0.943359 0.896484 0.941406 0.902344 0.941406 0.902344 0.931641 0.906250 0.927734 0.908203 0.927734 0.910156 0.925781 0.910156 0.917969 0.908203 0.916016 0.908203 0.908203 0.904297 0.908203 0.902344 0.906250 0.902344 0.904297
0 0.861328 0.894531 0.859375 0.896484 0.857422 0.896484 0.857422 0.906250 0.861328 0.910156 0.863281 0.910156 0.867188 0.914062 0.867188 0.916016 0.869141 0.916016 0.873047 0.919922 0.873047 0.917969 0.875000 0.916016 0.875000 0.912109 0.878906 0.908203 0.878906 0.900391 0.876953 0.898438 0.875000 0.898438 0.873047 0.896484 0.871094 0.896484 0.869141 0.894531
0 0.144531 0.884766 0.140625 0.888672 0.146484 0.894531 0.146484 0.896484 0.144531 0.898438 0.142578 0.898438 0.142578 0.900391 0.140625 0.902344 0.138672 0.902344 0.134766 0.898438 0.132812 0.898438 0.132812 0.906250 0.130859 0.908203 0.128906 0.908203 0.128906 0.910156 0.126953 0.912109 0.128906 0.914062 0.130859 0.914062 0.132812 0.916016 0.132812 0.917969 0.134766 0.916016 0.140625 0.916016 0.142578 0.917969 0.142578 0.919922 0.144531 0.921875 0.142578 0.923828 0.142578 0.925781 0.144531 0.927734 0.144531 0.929688 0.140625 0.933594 0.138672 0.933594 0.138672 0.935547 0.136719 0.937500 0.130859 0.937500 0.130859 0.941406 0.132812 0.941406 0.134766 0.943359 0.134766 0.947266 0.142578 0.947266 0.144531 0.949219 0.144531 0.951172 0.146484 0.953125 0.146484 0.955078 0.148438 0.957031 0.150391 0.957031 0.152344 0.958984 0.152344 0.962891 0.154297 0.964844 0.154297 0.966797 0.156250 0.968750 0.156250 0.970703 0.160156 0.970703 0.162109 0.968750 0.166016 0.972656 0.166016 0.974609 0.167969 0.974609 0.171875 0.978516 0.177734 0.978516 0.179688 0.976562 0.185547 0.976562 0.187500 0.974609 0.185547 0.972656 0.185547 0.970703 0.187500 0.968750 0.189453 0.968750 0.191406 0.966797 0.193359 0.966797 0.195312 0.964844 0.195312 0.962891 0.197266 0.960938 0.199219 0.962891 0.203125 0.958984 0.205078 0.960938 0.205078 0.958984 0.207031 0.957031 0.207031 0.955078 0.208984 0.953125 0.210938 0.953125 0.210938 0.945312 0.208984 0.945312 0.205078 0.941406 0.207031 0.939453 0.207031 0.933594 0.210938 0.929688 0.210938 0.927734 0.208984 0.925781 0.205078 0.925781 0.203125 0.927734 0.195312 0.927734 0.191406 0.923828 0.189453 0.923828 0.185547 0.919922 0.183594 0.919922 0.179688 0.916016 0.177734 0.916016 0.175781 0.914062 0.175781 0.908203 0.173828 0.906250 0.171875 0.908203 0.169922 0.906250 0.169922 0.902344 0.167969 0.900391 0.167969 0.898438 0.164062 0.894531 0.164062 0.886719 0.162109 0.884766 0.158203 0.884766 0.156250 0.886719 0.148438 0.886719 0.146484 0.884766
0 0.902344 0.833984 0.900391 0.835938 0.892578 0.835938 0.890625 0.837891 0.884766 0.837891 0.884766 0.839844 0.882812 0.841797 0.880859 0.841797 0.875000 0.847656 0.875000 0.849609 0.873047 0.851562 0.871094 0.851562 0.871094 0.853516 0.869141 0.855469 0.869141 0.859375 0.873047 0.863281 0.873047 0.865234 0.875000 0.867188 0.875000 0.871094 0.878906 0.871094 0.880859 0.873047 0.882812 0.871094 0.886719 0.871094 0.888672 0.873047 0.890625 0.873047 0.892578 0.875000 0.892578 0.878906 0.894531 0.880859 0.894531 0.882812 0.902344 0.890625 0.906250 0.890625 0.910156 0.894531 0.914062 0.894531 0.916016 0.892578 0.917969 0.894531 0.921875 0.894531 0.923828 0.892578 0.925781 0.892578 0.923828 0.890625 0.923828 0.888672 0.925781 0.886719 0.925781 0.876953 0.927734 0.875000 0.927734 0.873047 0.929688 0.871094 0.931641 0.871094 0.933594 0.869141 0.933594 0.863281 0.931641 0.863281 0.927734 0.859375 0.927734 0.851562 0.925781 0.849609 0.925781 0.845703 0.921875 0.841797 0.919922 0.841797 0.917969 0.839844 0.917969 0.837891 0.914062 0.833984
0 0.675781 0.804688 0.673828 0.806641 0.673828 0.810547 0.671875 0.812500 0.671875 0.816406 0.667969 0.820312 0.669922 0.822266 0.669922 0.832031 0.671875 0.833984 0.673828 0.833984 0.675781 0.832031 0.679688 0.832031 0.681641 0.833984 0.683594 0.833984 0.685547 0.832031 0.687500 0.832031 0.689453 0.833984 0.689453 0.835938 0.691406 0.835938 0.691406 0.833984 0.693359 0.832031 0.697266 0.832031 0.697266 0.828125 0.695312 0.826172 0.695312 0.824219 0.697266 0.822266 0.697266 0.820312 0.699219 0.818359 0.699219 0.816406 0.697266 0.814453 0.697266 0.812500 0.695312 0.810547 0.695312 0.808594 0.693359 0.808594 0.691406 0.810547 0.687500 0.806641 0.683594 0.806641 0.681641 0.804688
0 0.910156 0.791016 0.910156 0.794922 0.914062 0.798828 0.914062 0.800781 0.916016 0.800781 0.917969 0.802734 0.923828 0.802734 0.925781 0.800781 0.925781 0.794922 0.921875 0.794922 0.919922 0.792969 0.916016 0.792969 0.914062 0.791016
0 0.878906 0.785156 0.875000 0.789062 0.875000 0.794922 0.876953 0.796875 0.876953 0.800781 0.878906 0.800781 0.880859 0.802734 0.880859 0.804688 0.884766 0.804688 0.886719 0.806641 0.890625 0.806641 0.892578 0.804688 0.892578 0.800781 0.890625 0.798828 0.890625 0.791016 0.884766 0.791016 0.882812 0.789062 0.882812 0.785156
0 0.105469 0.781250 0.103516 0.783203 0.103516 0.789062 0.105469 0.791016 0.109375 0.791016 0.111328 0.792969 0.115234 0.792969 0.117188 0.791016 0.117188 0.783203 0.115234 0.781250
0 0.140625 0.769531 0.138672 0.771484 0.136719 0.771484 0.132812 0.775391 0.134766 0.777344 0.134766 0.787109 0.140625 0.792969 0.140625 0.794922 0.142578 0.796875 0.144531 0.796875 0.146484 0.794922 0.148438 0.794922 0.148438 0.792969 0.146484 0.791016 0.146484 0.783203 0.144531 0.781250 0.144531 0.779297 0.140625 0.775391
0 0.060547 0.763672 0.056641 0.767578 0.048828 0.767578 0.048828 0.769531 0.050781 0.769531 0.052734 0.771484 0.052734 0.773438 0.058594 0.773438 0.060547 0.771484
0 0.636719 0.714844 0.636719 0.718750 0.638672 0.720703 0.632812 0.726562 0.630859 0.726562 0.628906 0.728516 0.628906 0.730469 0.626953 0.732422 0.623047 0.732422 0.621094 0.734375 0.619141 0.734375 0.617188 0.732422 0.613281 0.732422 0.611328 0.730469 0.605469 0.730469 0.605469 0.736328 0.609375 0.740234 0.609375 0.742188 0.613281 0.746094 0.613281 0.748047 0.615234 0.750000 0.615234 0.755859 0.617188 0.757812 0.615234 0.759766 0.615234 0.763672 0.617188 0.763672 0.619141 0.765625 0.625000 0.765625 0.626953 0.767578 0.626953 0.771484 0.630859 0.771484 0.634766 0.767578 0.640625 0.767578 0.642578 0.765625 0.648438 0.765625 0.650391 0.763672 0.652344 0.763672 0.654297 0.761719 0.656250 0.761719 0.660156 0.757812 0.662109 0.757812 0.664062 0.755859 0.664062 0.746094 0.662109 0.744141 0.662109 0.740234 0.660156 0.738281 0.660156 0.736328 0.658203 0.736328 0.656250 0.734375 0.656250 0.732422 0.654297 0.730469 0.654297 0.728516 0.652344 0.728516 0.650391 0.726562 0.650391 0.724609 0.652344 0.722656 0.646484 0.716797 0.644531 0.716797 0.642578 0.714844
0 0.503906 0.675781 0.501953 0.677734 0.498047 0.677734 0.500000 0.679688 0.498047 0.681641 0.498047 0.685547 0.496094 0.687500 0.496094 0.693359 0.503906 0.693359 0.505859 0.691406 0.507812 0.691406 0.509766 0.689453 0.509766 0.687500 0.511719 0.685547 0.511719 0.681641 0.513672 0.679688 0.513672 0.675781
0 0.916016 0.660156 0.914062 0.662109 0.912109 0.662109 0.910156 0.664062 0.908203 0.664062 0.906250 0.666016 0.904297 0.666016 0.902344 0.664062 0.902344 0.662109 0.900391 0.662109 0.900391 0.666016 0.898438 0.667969 0.898438 0.671875 0.896484 0.673828 0.894531 0.673828 0.892578 0.671875 0.890625 0.673828 0.880859 0.673828 0.880859 0.683594 0.878906 0.685547 0.873047 0.685547 0.869141 0.689453 0.869141 0.695312 0.867188 0.697266 0.861328 0.697266 0.857422 0.701172 0.857422 0.710938 0.859375 0.712891 0.857422 0.714844 0.859375 0.716797 0.859375 0.718750 0.857422 0.720703 0.857422 0.730469 0.867188 0.730469 0.869141 0.732422 0.869141 0.742188 0.878906 0.742188 0.880859 0.744141 0.880859 0.746094 0.890625 0.746094 0.892578 0.748047 0.892578 0.750000 0.898438 0.750000 0.898438 0.748047 0.900391 0.746094 0.902344 0.746094 0.902344 0.744141 0.904297 0.742188 0.910156 0.742188 0.910156 0.740234 0.912109 0.738281 0.912109 0.736328 0.914062 0.734375 0.919922 0.734375 0.921875 0.732422 0.923828 0.732422 0.925781 0.730469 0.931641 0.736328 0.931641 0.740234 0.937500 0.740234 0.939453 0.738281 0.939453 0.728516 0.937500 0.728516 0.935547 0.726562 0.933594 0.726562 0.931641 0.724609 0.935547 0.720703 0.935547 0.710938 0.933594 0.708984 0.933594 0.697266 0.935547 0.695312 0.943359 0.695312 0.945312 0.697266 0.947266 0.697266 0.953125 0.703125 0.953125 0.705078 0.957031 0.705078 0.958984 0.707031 0.960938 0.707031 0.960938 0.699219 0.962891 0.697266 0.962891 0.691406 0.964844 0.689453 0.964844 0.677734 0.962891 0.675781 0.962891 0.671875 0.960938 0.671875 0.958984 0.669922 0.949219 0.669922 0.945312 0.673828 0.943359 0.671875 0.939453 0.671875 0.935547 0.667969 0.933594 0.667969 0.929688 0.664062 0.929688 0.662109 0.925781 0.662109 0.923828 0.660156
0 0.087891 0.658203 0.083984 0.662109 0.083984 0.666016 0.085938 0.667969 0.087891 0.667969 0.089844 0.666016 0.091797 0.667969 0.091797 0.669922 0.089844 0.671875 0.091797 0.671875 0.093750 0.673828 0.093750 0.679688 0.095703 0.679688 0.099609 0.683594 0.099609 0.695312 0.103516 0.699219 0.103516 0.701172 0.111328 0.708984 0.113281 0.708984 0.115234 0.710938 0.117188 0.710938 0.117188 0.708984 0.119141 0.707031 0.121094 0.707031 0.121094 0.703125 0.125000 0.699219 0.125000 0.697266 0.123047 0.695312 0.123047 0.693359 0.115234 0.685547 0.115234 0.671875 0.109375 0.666016 0.107422 0.666016 0.101562 0.660156 0.101562 0.658203 0.099609 0.658203 0.097656 0.660156 0.091797 0.660156 0.089844 0.658203
0 0.138672 0.650391 0.138672 0.652344 0.136719 0.654297 0.134766 0.654297 0.132812 0.652344 0.130859 0.652344 0.130859 0.660156 0.128906 0.662109 0.125000 0.662109 0.128906 0.666016 0.128906 0.667969 0.132812 0.671875 0.134766 0.669922 0.136719 0.669922 0.138672 0.671875 0.140625 0.671875 0.140625 0.660156 0.142578 0.658203 0.142578 0.652344 0.140625 0.650391
0 0.105469 0.591797 0.101562 0.595703 0.093750 0.595703 0.091797 0.597656 0.087891 0.597656 0.085938 0.595703 0.083984 0.595703 0.083984 0.597656 0.082031 0.599609 0.078125 0.595703 0.078125 0.597656 0.074219 0.601562 0.074219 0.603516 0.072266 0.605469 0.072266 0.607422 0.070312 0.609375 0.070312 0.613281 0.072266 0.615234 0.074219 0.615234 0.076172 0.617188 0.076172 0.621094 0.080078 0.621094 0.087891 0.628906 0.087891 0.634766 0.085938 0.636719 0.083984 0.636719 0.087891 0.636719 0.087891 0.634766 0.091797 0.630859 0.093750 0.630859 0.095703 0.628906 0.097656 0.628906 0.099609 0.626953 0.101562 0.626953 0.103516 0.625000 0.111328 0.625000 0.113281 0.623047 0.115234 0.623047 0.117188 0.621094 0.117188 0.609375 0.115234 0.607422 0.115234 0.597656 0.113281 0.597656 0.111328 0.595703 0.107422 0.595703 0.105469 0.593750
0 0.000000 0.572266 0.000000 0.587891 0.001953 0.589844 0.007812 0.589844 0.009766 0.591797 0.013672 0.591797 0.013672 0.583984 0.007812 0.583984 0.001953 0.578125 0.001953 0.572266
0 0.728516 0.570312 0.728516 0.572266 0.726562 0.574219 0.724609 0.574219 0.722656 0.576172 0.722656 0.582031 0.724609 0.583984 0.724609 0.587891 0.726562 0.589844 0.726562 0.591797 0.728516 0.593750 0.728516 0.595703 0.732422 0.599609 0.730469 0.601562 0.734375 0.601562 0.736328 0.603516 0.738281 0.603516 0.740234 0.605469 0.748047 0.605469 0.750000 0.603516 0.751953 0.605469 0.753906 0.605469 0.753906 0.603516 0.755859 0.601562 0.761719 0.601562 0.763672 0.599609 0.763672 0.597656 0.765625 0.595703 0.767578 0.595703 0.769531 0.593750 0.771484 0.593750 0.769531 0.593750 0.767578 0.591797 0.767578 0.587891 0.765625 0.587891 0.763672 0.585938 0.761719 0.585938 0.757812 0.582031 0.757812 0.580078 0.753906 0.580078 0.750000 0.583984 0.746094 0.583984 0.744141 0.582031 0.744141 0.580078 0.742188 0.582031 0.740234 0.580078 0.740234 0.578125 0.736328 0.574219 0.736328 0.572266 0.734375 0.570312
0 0.404297 0.568359 0.404297 0.570312 0.402344 0.572266 0.400391 0.572266 0.398438 0.574219 0.398438 0.578125 0.400391 0.580078 0.406250 0.580078 0.408203 0.578125 0.408203 0.568359
0 0.435547 0.552734 0.431641 0.556641 0.429688 0.556641 0.427734 0.558594 0.425781 0.558594 0.421875 0.562500 0.421875 0.566406 0.419922 0.568359 0.419922 0.570312 0.423828 0.574219 0.425781 0.574219 0.427734 0.576172 0.429688 0.576172 0.433594 0.580078 0.433594 0.582031 0.435547 0.582031 0.443359 0.589844 0.451172 0.589844 0.453125 0.587891 0.455078 0.589844 0.457031 0.589844 0.458984 0.587891 0.460938 0.587891 0.462891 0.589844 0.474609 0.589844 0.478516 0.585938 0.480469 0.585938 0.482422 0.583984 0.482422 0.578125 0.480469 0.576172 0.480469 0.574219 0.478516 0.572266 0.478516 0.570312 0.470703 0.562500 0.466797 0.562500 0.464844 0.564453 0.457031 0.564453 0.453125 0.568359 0.451172 0.568359 0.443359 0.560547 0.443359 0.558594 0.441406 0.558594 0.439453 0.556641 0.439453 0.552734
0 0.320312 0.535156 0.316406 0.539062 0.314453 0.539062 0.312500 0.541016 0.310547 0.541016 0.302734 0.548828 0.302734 0.554688 0.304688 0.554688 0.310547 0.560547 0.310547 0.562500 0.314453 0.562500 0.314453 0.560547 0.318359 0.556641 0.320312 0.556641 0.322266 0.558594 0.322266 0.560547 0.326172 0.564453 0.326172 0.566406 0.318359 0.574219 0.316406 0.574219 0.314453 0.576172 0.310547 0.576172 0.306641 0.580078 0.300781 0.580078 0.298828 0.578125 0.296875 0.578125 0.292969 0.574219 0.292969 0.568359 0.289062 0.568359 0.281250 0.560547 0.281250 0.556641 0.279297 0.558594 0.275391 0.554688 0.275391 0.552734 0.273438 0.550781 0.273438 0.548828 0.271484 0.548828 0.269531 0.550781 0.261719 0.550781 0.259766 0.552734 0.259766 0.554688 0.257812 0.556641 0.257812 0.558594 0.255859 0.560547 0.255859 0.564453 0.253906 0.566406 0.253906 0.570312 0.257812 0.570312 0.259766 0.572266 0.259766 0.576172 0.261719 0.578125 0.261719 0.580078 0.263672 0.582031 0.263672 0.583984 0.261719 0.585938 0.261719 0.595703 0.263672 0.597656 0.263672 0.599609 0.265625 0.601562 0.269531 0.601562 0.271484 0.603516 0.271484 0.609375 0.273438 0.611328 0.273438 0.613281 0.271484 0.615234 0.271484 0.625000 0.273438 0.625000 0.275391 0.626953 0.275391 0.628906 0.277344 0.628906 0.279297 0.626953 0.281250 0.628906 0.281250 0.630859 0.279297 0.632812 0.279297 0.634766 0.283203 0.634766 0.285156 0.636719 0.292969 0.636719 0.294922 0.638672 0.294922 0.648438 0.292969 0.650391 0.289062 0.650391 0.283203 0.656250 0.283203 0.662109 0.287109 0.666016 0.287109 0.667969 0.285156 0.669922 0.289062 0.669922 0.291016 0.667969 0.294922 0.671875 0.294922 0.675781 0.296875 0.675781 0.298828 0.677734 0.298828 0.679688 0.300781 0.677734 0.302734 0.679688 0.302734 0.683594 0.308594 0.683594 0.314453 0.677734 0.326172 0.677734 0.328125 0.679688 0.328125 0.673828 0.330078 0.671875 0.332031 0.673828 0.333984 0.673828 0.335938 0.675781 0.335938 0.679688 0.337891 0.679688 0.339844 0.677734 0.339844 0.673828 0.341797 0.671875 0.341797 0.667969 0.343750 0.666016 0.343750 0.664062 0.345703 0.662109 0.345703 0.658203 0.351562 0.652344 0.351562 0.617188 0.347656 0.613281 0.347656 0.611328 0.345703 0.609375 0.343750 0.609375 0.339844 0.605469 0.337891 0.605469 0.335938 0.607422 0.333984 0.605469 0.332031 0.605469 0.328125 0.601562 0.328125 0.599609 0.326172 0.597656 0.328125 0.595703 0.328125 0.593750 0.332031 0.589844 0.333984 0.589844 0.335938 0.587891 0.339844 0.587891 0.341797 0.589844 0.345703 0.589844 0.345703 0.582031 0.339844 0.576172 0.339844 0.566406 0.341797 0.564453 0.343750 0.564453 0.343750 0.558594 0.339844 0.554688 0.339844 0.552734 0.337891 0.550781 0.335938 0.550781 0.333984 0.548828 0.332031 0.548828 0.330078 0.546875 0.330078 0.544922 0.328125 0.544922 0.326172 0.542969 0.326172 0.535156
0 0.878906 0.531250 0.876953 0.533203 0.876953 0.535156 0.873047 0.539062 0.869141 0.539062 0.869141 0.542969 0.873047 0.546875 0.873047 0.558594 0.867188 0.564453 0.865234 0.564453 0.865234 0.566406 0.863281 0.568359 0.863281 0.570312 0.867188 0.574219 0.867188 0.583984 0.869141 0.585938 0.869141 0.587891 0.871094 0.589844 0.871094 0.591797 0.873047 0.593750 0.875000 0.593750 0.876953 0.595703 0.876953 0.599609 0.875000 0.601562 0.875000 0.607422 0.873047 0.609375 0.873047 0.611328 0.869141 0.615234 0.869141 0.621094 0.871094 0.623047 0.873047 0.623047 0.878906 0.628906 0.878906 0.630859 0.880859 0.632812 0.884766 0.632812 0.886719 0.630859 0.892578 0.630859 0.892578 0.623047 0.890625 0.621094 0.890625 0.619141 0.892578 0.617188 0.898438 0.617188 0.904297 0.623047 0.904297 0.634766 0.902344 0.636719 0.902344 0.642578 0.908203 0.642578 0.910156 0.640625 0.912109 0.640625 0.912109 0.638672 0.914062 0.636719 0.925781 0.636719 0.925781 0.621094 0.927734 0.619141 0.929688 0.619141 0.935547 0.613281 0.935547 0.603516 0.937500 0.601562 0.937500 0.597656 0.933594 0.593750 0.931641 0.593750 0.929688 0.591797 0.921875 0.591797 0.919922 0.589844 0.919922 0.587891 0.921875 0.585938 0.921875 0.583984 0.916016 0.583984 0.914062 0.582031 0.914062 0.580078 0.912109 0.580078 0.910156 0.578125 0.910156 0.576172 0.908203 0.576172 0.906250 0.574219 0.906250 0.568359 0.904297 0.566406 0.904297 0.562500 0.902344 0.560547 0.904297 0.558594 0.902344 0.556641 0.900391 0.556641 0.898438 0.554688 0.898438 0.548828 0.896484 0.546875 0.896484 0.544922 0.894531 0.542969 0.894531 0.539062 0.892578 0.537109 0.892578 0.533203 0.890625 0.531250 0.886719 0.531250 0.884766 0.533203 0.882812 0.531250
0 0.955078 0.525391 0.953125 0.527344 0.951172 0.527344 0.951172 0.529297 0.949219 0.531250 0.949219 0.533203 0.951172 0.535156 0.951172 0.546875 0.953125 0.548828 0.953125 0.550781 0.955078 0.550781 0.962891 0.558594 0.962891 0.560547 0.966797 0.564453 0.968750 0.564453 0.970703 0.566406 0.972656 0.566406 0.974609 0.568359 0.974609 0.570312 0.976562 0.570312 0.978516 0.572266 0.978516 0.574219 0.980469 0.576172 0.978516 0.578125 0.978516 0.585938 0.980469 0.585938 0.982422 0.587891 0.982422 0.589844 0.984375 0.591797 0.986328 0.591797 0.988281 0.593750 0.988281 0.597656 0.990234 0.597656 0.992188 0.595703 0.992188 0.542969 0.988281 0.542969 0.986328 0.541016 0.984375 0.541016 0.982422 0.539062 0.982422 0.537109 0.980469 0.535156 0.978516 0.535156 0.976562 0.533203 0.972656 0.533203 0.970703 0.531250 0.968750 0.531250 0.966797 0.529297 0.966797 0.527344 0.964844 0.527344 0.962891 0.525391
0 0.800781 0.509766 0.800781 0.511719 0.798828 0.513672 0.798828 0.529297 0.802734 0.533203 0.800781 0.535156 0.798828 0.535156 0.798828 0.539062 0.800781 0.541016 0.800781 0.542969 0.798828 0.544922 0.791016 0.544922 0.787109 0.548828 0.785156 0.548828 0.785156 0.552734 0.787109 0.554688 0.787109 0.560547 0.789062 0.560547 0.794922 0.566406 0.800781 0.566406 0.804688 0.570312 0.806641 0.570312 0.806641 0.568359 0.814453 0.560547 0.816406 0.560547 0.820312 0.556641 0.820312 0.552734 0.814453 0.546875 0.814453 0.542969 0.816406 0.541016 0.818359 0.542969 0.818359 0.541016 0.816406 0.539062 0.814453 0.539062 0.812500 0.537109 0.810547 0.537109 0.808594 0.535156 0.810547 0.533203 0.810547 0.531250 0.812500 0.529297 0.818359 0.529297 0.820312 0.527344 0.820312 0.525391 0.822266 0.523438 0.822266 0.521484 0.824219 0.519531 0.822266 0.517578 0.822266 0.513672 0.816406 0.513672 0.814453 0.511719 0.810547 0.511719 0.808594 0.509766
0 0.009766 0.349609 0.009766 0.353516 0.007812 0.355469 0.005859 0.355469 0.003906 0.357422 0.003906 0.359375 0.001953 0.361328 0.003906 0.363281 0.001953 0.365234 0.003906 0.367188 0.005859 0.367188 0.007812 0.365234 0.011719 0.369141 0.011719 0.371094 0.013672 0.373047 0.013672 0.375000 0.011719 0.376953 0.011719 0.380859 0.007812 0.384766 0.001953 0.384766 0.001953 0.386719 0.000000 0.388672 0.000000 0.404297 0.001953 0.406250 0.001953 0.414062 0.011719 0.414062 0.013672 0.412109 0.015625 0.412109 0.017578 0.410156 0.021484 0.410156 0.029297 0.402344 0.031250 0.402344 0.031250 0.392578 0.033203 0.390625 0.035156 0.390625 0.035156 0.386719 0.033203 0.386719 0.031250 0.384766 0.031250 0.378906 0.033203 0.376953 0.033203 0.375000 0.035156 0.373047 0.033203 0.373047 0.031250 0.371094 0.031250 0.367188 0.029297 0.365234 0.029297 0.363281 0.019531 0.353516 0.019531 0.349609
0 0.140625 0.337891 0.140625 0.339844 0.134766 0.345703 0.130859 0.345703 0.130859 0.353516 0.138672 0.353516 0.140625 0.351562 0.146484 0.357422 0.146484 0.361328 0.148438 0.361328 0.150391 0.359375 0.152344 0.359375 0.152344 0.353516 0.150391 0.351562 0.150391 0.345703 0.148438 0.343750 0.148438 0.337891
0 0.496094 0.257812 0.496094 0.261719 0.494141 0.263672 0.490234 0.263672 0.488281 0.265625 0.488281 0.267578 0.486328 0.269531 0.486328 0.271484 0.484375 0.273438 0.484375 0.275391 0.482422 0.277344 0.482422 0.281250 0.478516 0.285156 0.476562 0.285156 0.472656 0.281250 0.474609 0.279297 0.474609 0.275391 0.472656 0.275391 0.470703 0.277344 0.468750 0.277344 0.468750 0.281250 0.466797 0.283203 0.466797 0.285156 0.464844 0.287109 0.462891 0.287109 0.462891 0.289062 0.460938 0.291016 0.458984 0.291016 0.458984 0.300781 0.460938 0.300781 0.462891 0.302734 0.462891 0.304688 0.464844 0.306641 0.466797 0.306641 0.468750 0.308594 0.480469 0.308594 0.482422 0.310547 0.482422 0.316406 0.486328 0.312500 0.492188 0.312500 0.494141 0.314453 0.494141 0.320312 0.496094 0.320312 0.498047 0.322266 0.496094 0.324219 0.494141 0.324219 0.494141 0.330078 0.492188 0.332031 0.490234 0.332031 0.488281 0.333984 0.482422 0.333984 0.482422 0.343750 0.480469 0.345703 0.460938 0.345703 0.458984 0.347656 0.458984 0.361328 0.460938 0.363281 0.460938 0.369141 0.462891 0.371094 0.462891 0.375000 0.464844 0.375000 0.466797 0.376953 0.462891 0.380859 0.460938 0.380859 0.460938 0.382812 0.458984 0.384766 0.457031 0.382812 0.457031 0.380859 0.455078 0.380859 0.455078 0.384766 0.449219 0.390625 0.447266 0.390625 0.447266 0.398438 0.449219 0.398438 0.451172 0.400391 0.455078 0.400391 0.455078 0.398438 0.457031 0.396484 0.458984 0.396484 0.460938 0.394531 0.464844 0.394531 0.470703 0.400391 0.470703 0.402344 0.472656 0.402344 0.474609 0.400391 0.476562 0.402344 0.480469 0.402344 0.482422 0.404297 0.490234 0.404297 0.492188 0.402344 0.494141 0.402344 0.496094 0.404297 0.498047 0.402344 0.505859 0.402344 0.507812 0.404297 0.509766 0.404297 0.511719 0.406250 0.511719 0.408203 0.515625 0.408203 0.519531 0.412109 0.519531 0.414062 0.523438 0.414062 0.525391 0.416016 0.527344 0.414062 0.529297 0.414062 0.533203 0.417969 0.537109 0.417969 0.541016 0.414062 0.542969 0.414062 0.544922 0.412109 0.548828 0.412109 0.550781 0.410156 0.552734 0.412109 0.560547 0.412109 0.560547 0.404297 0.564453 0.400391 0.564453 0.394531 0.562500 0.394531 0.558594 0.390625 0.558594 0.388672 0.550781 0.380859 0.546875 0.380859 0.541016 0.375000 0.548828 0.367188 0.550781 0.367188 0.550781 0.363281 0.554688 0.359375 0.556641 0.359375 0.558594 0.357422 0.560547 0.359375 0.560547 0.361328 0.562500 0.363281 0.562500 0.359375 0.566406 0.355469 0.568359 0.357422 0.578125 0.357422 0.578125 0.351562 0.574219 0.347656 0.574219 0.339844 0.572266 0.337891 0.574219 0.335938 0.574219 0.333984 0.572266 0.333984 0.570312 0.332031 0.566406 0.332031 0.562500 0.328125 0.562500 0.316406 0.564453 0.314453 0.566406 0.314453 0.572266 0.308594 0.574219 0.308594 0.576172 0.306641 0.578125 0.306641 0.578125 0.304688 0.580078 0.302734 0.580078 0.298828 0.578125 0.298828 0.574219 0.294922 0.574219 0.291016 0.576172 0.289062 0.576172 0.287109 0.580078 0.283203 0.580078 0.275391 0.576172 0.275391 0.570312 0.269531 0.568359 0.271484 0.566406 0.271484 0.566406 0.275391 0.562500 0.279297 0.554688 0.279297 0.550781 0.275391 0.531250 0.275391 0.527344 0.271484 0.527344 0.269531 0.525391 0.267578 0.523438 0.267578 0.521484 0.265625 0.521484 0.263672 0.519531 0.261719 0.515625 0.261719 0.511719 0.257812 0.511719 0.259766 0.509766 0.261719 0.505859 0.261719 0.503906 0.263672 0.501953 0.263672 0.500000 0.261719 0.500000 0.257812
0 0.253906 0.177734 0.253906 0.179688 0.251953 0.181641 0.250000 0.181641 0.250000 0.185547 0.248047 0.187500 0.248047 0.193359 0.250000 0.193359 0.251953 0.195312 0.251953 0.197266 0.255859 0.201172 0.253906 0.203125 0.255859 0.203125 0.259766 0.207031 0.259766 0.212891 0.261719 0.212891 0.263672 0.214844 0.263672 0.216797 0.265625 0.218750 0.273438 0.218750 0.273438 0.210938 0.271484 0.208984 0.271484 0.205078 0.269531 0.203125 0.269531 0.199219 0.271484 0.197266 0.283203 0.197266 0.289062 0.203125 0.289062 0.205078 0.292969 0.208984 0.298828 0.208984 0.298828 0.205078 0.300781 0.203125 0.300781 0.193359 0.296875 0.193359 0.289062 0.185547 0.289062 0.183594 0.285156 0.179688 0.277344 0.179688 0.277344 0.181641 0.273438 0.185547 0.265625 0.177734
0 0.269531 0.119141 0.267578 0.121094 0.265625 0.121094 0.265625 0.128906 0.273438 0.136719 0.277344 0.136719 0.279297 0.134766 0.281250 0.134766 0.283203 0.132812 0.285156 0.132812 0.287109 0.130859 0.287109 0.125000 0.285156 0.123047 0.283203 0.123047 0.281250 0.121094 0.279297 0.121094 0.277344 0.119141
0 0.259766 0.089844 0.257812 0.091797 0.253906 0.091797 0.251953 0.093750 0.250000 0.093750 0.250000 0.097656 0.246094 0.101562 0.246094 0.105469 0.250000 0.109375 0.253906 0.109375 0.255859 0.111328 0.261719 0.111328 0.263672 0.109375 0.267578 0.109375 0.269531 0.107422 0.269531 0.103516 0.267578 0.105469 0.265625 0.103516 0.265625 0.093750 0.261719 0.093750 0.259766 0.091797
0 0.593750 0.042969 0.593750 0.050781 0.589844 0.054688 0.595703 0.054688 0.597656 0.056641 0.599609 0.056641 0.601562 0.058594 0.601562 0.062500 0.607422 0.062500 0.609375 0.060547 0.609375 0.058594 0.613281 0.054688 0.613281 0.048828 0.603516 0.048828 0.599609 0.044922 0.599609 0.042969
0 0.439453 0.042969 0.439453 0.046875 0.443359 0.050781 0.443359 0.056641 0.441406 0.058594 0.441406 0.068359 0.443359 0.070312 0.445312 0.070312 0.447266 0.072266 0.451172 0.072266 0.451172 0.070312 0.453125 0.068359 0.455078 0.068359 0.457031 0.066406 0.457031 0.064453 0.455078 0.062500 0.453125 0.062500 0.451172 0.060547 0.451172 0.058594 0.447266 0.054688 0.447266 0.052734 0.449219 0.050781 0.451172 0.050781 0.451172 0.048828 0.449219 0.046875 0.449219 0.044922 0.447266 0.044922 0.445312 0.042969
0 0.722656 0.025391 0.722656 0.031250 0.724609 0.033203 0.724609 0.039062 0.726562 0.041016 0.726562 0.042969 0.732422 0.042969 0.732422 0.037109 0.730469 0.035156 0.730469 0.029297 0.726562 0.025391
0 0.976562 0.023438 0.974609 0.025391 0.974609 0.027344 0.972656 0.029297 0.968750 0.029297 0.964844 0.033203 0.964844 0.035156 0.960938 0.039062 0.958984 0.039062 0.957031 0.041016 0.955078 0.039062 0.949219 0.044922 0.943359 0.044922 0.943359 0.046875 0.941406 0.048828 0.939453 0.048828 0.941406 0.050781 0.941406 0.052734 0.939453 0.054688 0.939453 0.056641 0.941406 0.058594 0.939453 0.060547 0.941406 0.062500 0.941406 0.070312 0.939453 0.072266 0.939453 0.085938 0.933594 0.091797 0.931641 0.091797 0.927734 0.095703 0.927734 0.097656 0.925781 0.099609 0.921875 0.099609 0.917969 0.095703 0.916016 0.095703 0.914062 0.093750 0.914062 0.089844 0.912109 0.087891 0.910156 0.089844 0.898438 0.089844 0.896484 0.087891 0.894531 0.089844 0.888672 0.089844 0.886719 0.091797 0.888672 0.093750 0.888672 0.099609 0.886719 0.101562 0.884766 0.101562 0.884766 0.105469 0.880859 0.109375 0.876953 0.109375 0.875000 0.111328 0.869141 0.111328 0.867188 0.109375 0.865234 0.111328 0.863281 0.111328 0.861328 0.113281 0.861328 0.115234 0.859375 0.117188 0.859375 0.119141 0.857422 0.121094 0.861328 0.125000 0.859375 0.126953 0.857422 0.126953 0.857422 0.130859 0.855469 0.132812 0.853516 0.130859 0.851562 0.130859 0.847656 0.134766 0.845703 0.134766 0.841797 0.138672 0.837891 0.138672 0.835938 0.136719 0.833984 0.136719 0.830078 0.132812 0.832031 0.130859 0.832031 0.126953 0.833984 0.125000 0.832031 0.123047 0.832031 0.119141 0.830078 0.117188 0.832031 0.115234 0.832031 0.111328 0.830078 0.109375 0.830078 0.107422 0.828125 0.105469 0.828125 0.101562 0.826172 0.099609 0.824219 0.099609 0.826172 0.101562 0.822266 0.105469 0.820312 0.105469 0.818359 0.107422 0.806641 0.107422 0.804688 0.109375 0.804688 0.117188 0.800781 0.121094 0.798828 0.119141 0.798828 0.121094 0.796875 0.123047 0.787109 0.123047 0.785156 0.125000 0.783203 0.125000 0.781250 0.123047 0.777344 0.123047 0.779297 0.125000 0.781250 0.125000 0.783203 0.126953 0.783203 0.130859 0.785156 0.130859 0.787109 0.132812 0.787109 0.140625 0.789062 0.142578 0.789062 0.144531 0.791016 0.144531 0.792969 0.146484 0.792969 0.150391 0.791016 0.152344 0.789062 0.152344 0.787109 0.150391 0.787109 0.152344 0.785156 0.154297 0.781250 0.154297 0.779297 0.156250 0.777344 0.154297 0.775391 0.154297 0.773438 0.156250 0.769531 0.152344 0.769531 0.148438 0.767578 0.146484 0.765625 0.148438 0.767578 0.150391 0.765625 0.152344 0.763672 0.152344 0.763672 0.154297 0.759766 0.158203 0.759766 0.160156 0.757812 0.162109 0.755859 0.162109 0.753906 0.160156 0.751953 0.160156 0.750000 0.158203 0.748047 0.158203 0.746094 0.160156 0.742188 0.160156 0.740234 0.158203 0.738281 0.158203 0.734375 0.162109 0.728516 0.162109 0.726562 0.164062 0.724609 0.164062 0.722656 0.166016 0.722656 0.167969 0.720703 0.169922 0.720703 0.175781 0.714844 0.181641 0.710938 0.181641 0.708984 0.183594 0.708984 0.185547 0.707031 0.187500 0.705078 0.187500 0.705078 0.189453 0.703125 0.191406 0.701172 0.189453 0.699219 0.189453 0.701172 0.191406 0.701172 0.193359 0.703125 0.193359 0.705078 0.195312 0.705078 0.201172 0.708984 0.201172 0.710938 0.203125 0.712891 0.203125 0.714844 0.201172 0.718750 0.205078 0.718750 0.207031 0.716797 0.208984 0.716797 0.212891 0.718750 0.212891 0.720703 0.210938 0.722656 0.210938 0.724609 0.212891 0.726562 0.210938 0.730469 0.210938 0.732422 0.212891 0.732422 0.214844 0.734375 0.214844 0.738281 0.218750 0.738281 0.222656 0.740234 0.224609 0.740234 0.226562 0.738281 0.228516 0.738281 0.232422 0.736328 0.234375 0.734375 0.234375 0.732422 0.236328 0.730469 0.236328 0.728516 0.238281 0.728516 0.240234 0.724609 0.244141 0.722656 0.244141 0.722656 0.246094 0.726562 0.250000 0.728516 0.250000 0.730469 0.251953 0.730469 0.255859 0.732422 0.257812 0.734375 0.257812 0.736328 0.259766 0.738281 0.259766 0.740234 0.261719 0.742188 0.261719 0.744141 0.263672 0.746094 0.263672 0.748047 0.265625 0.755859 0.265625 0.757812 0.263672 0.767578 0.263672 0.771484 0.259766 0.773438 0.259766 0.775391 0.257812 0.781250 0.257812 0.785156 0.261719 0.787109 0.261719 0.789062 0.263672 0.796875 0.263672 0.800781 0.259766 0.802734 0.259766 0.806641 0.255859 0.806641 0.251953 0.810547 0.248047 0.812500 0.248047 0.818359 0.242188 0.826172 0.242188 0.830078 0.238281 0.832031 0.238281 0.832031 0.236328 0.833984 0.234375 0.835938 0.234375 0.837891 0.232422 0.841797 0.232422 0.845703 0.228516 0.847656 0.228516 0.849609 0.226562 0.855469 0.226562 0.861328 0.220703 0.865234 0.220703 0.867188 0.218750 0.871094 0.218750 0.873047 0.216797 0.875000 0.216797 0.875000 0.214844 0.876953 0.212891 0.876953 0.208984 0.878906 0.207031 0.878906 0.205078 0.880859 0.203125 0.884766 0.203125 0.888672 0.199219 0.890625 0.199219 0.890625 0.193359 0.896484 0.187500 0.898438 0.189453 0.900391 0.187500 0.902344 0.187500 0.902344 0.185547 0.904297 0.183594 0.904297 0.181641 0.906250 0.179688 0.914062 0.179688 0.912109 0.177734 0.914062 0.175781 0.914062 0.171875 0.916016 0.169922 0.917969 0.169922 0.919922 0.167969 0.923828 0.167969 0.925781 0.166016 0.925781 0.164062 0.929688 0.160156 0.929688 0.158203 0.927734 0.156250 0.927734 0.154297 0.925781 0.152344 0.925781 0.148438 0.927734 0.146484 0.925781 0.144531 0.925781 0.142578 0.923828 0.140625 0.923828 0.132812 0.921875 0.130859 0.921875 0.123047 0.923828 0.121094 0.925781 0.121094 0.925781 0.111328 0.927734 0.109375 0.937500 0.109375 0.939453 0.111328 0.939453 0.113281 0.943359 0.117188 0.943359 0.119141 0.949219 0.119141 0.951172 0.121094 0.958984 0.121094 0.960938 0.119141 0.962891 0.119141 0.964844 0.117188 0.966797 0.119141 0.966797 0.121094 0.970703 0.121094 0.970703 0.119141 0.972656 0.117188 0.972656 0.111328 0.974609 0.109375 0.976562 0.109375 0.976562 0.105469 0.978516 0.103516 0.984375 0.103516 0.984375 0.091797 0.986328 0.089844 0.988281 0.091797 0.988281 0.093750 0.990234 0.095703 0.990234 0.087891 0.992188 0.085938 0.992188 0.066406 0.990234 0.066406 0.988281 0.064453 0.986328 0.064453 0.982422 0.060547 0.982422 0.058594 0.986328 0.054688 0.988281 0.054688 0.986328 0.052734 0.986328 0.050781 0.988281 0.048828 0.990234 0.048828 0.992188 0.050781 0.992188 0.042969 0.990234 0.041016 0.990234 0.037109 0.986328 0.033203 0.986328 0.031250 0.982422 0.027344 0.982422 0.025391 0.980469 0.023438
0 0.640625 0.019531 0.640625 0.023438 0.644531 0.027344 0.642578 0.029297 0.642578 0.033203 0.640625 0.035156 0.640625 0.039062 0.638672 0.041016 0.636719 0.041016 0.634766 0.042969 0.634766 0.046875 0.636719 0.048828 0.638672 0.048828 0.640625 0.050781 0.646484 0.050781 0.646484 0.046875 0.644531 0.044922 0.648438 0.041016 0.648438 0.037109 0.650391 0.035156 0.650391 0.023438 0.648438 0.021484 0.648438 0.019531
0 0.660156 0.000000 0.660156 0.007812 0.662109 0.009766 0.662109 0.011719 0.664062 0.011719 0.667969 0.015625 0.667969 0.017578 0.669922 0.019531 0.669922 0.021484 0.667969 0.023438 0.667969 0.025391 0.669922 0.027344 0.669922 0.031250 0.671875 0.033203 0.671875 0.035156 0.669922 0.037109 0.669922 0.041016 0.673828 0.041016 0.675781 0.042969 0.671875 0.046875 0.669922 0.046875 0.667969 0.048828 0.664062 0.048828 0.664062 0.050781 0.662109 0.052734 0.662109 0.056641 0.666016 0.060547 0.671875 0.060547 0.673828 0.058594 0.677734 0.058594 0.679688 0.056641 0.683594 0.056641 0.685547 0.054688 0.687500 0.054688 0.689453 0.052734 0.691406 0.052734 0.691406 0.050781 0.689453 0.048828 0.687500 0.048828 0.685547 0.046875 0.685547 0.044922 0.683594 0.042969 0.687500 0.039062 0.689453 0.041016 0.689453 0.042969 0.691406 0.044922 0.693359 0.044922 0.697266 0.041016 0.699219 0.041016 0.699219 0.039062 0.701172 0.037109 0.701172 0.033203 0.703125 0.031250 0.703125 0.029297 0.705078 0.027344 0.707031 0.027344 0.708984 0.025391 0.710938 0.025391 0.710938 0.023438 0.714844 0.019531 0.714844 0.017578 0.716797 0.015625 0.716797 0.013672 0.718750 0.011719 0.716797 0.009766 0.718750 0.007812 0.718750 0.000000
0 0.455078 0.000000 0.455078 0.001953 0.458984 0.005859 0.457031 0.007812 0.457031 0.013672 0.462891 0.019531 0.466797 0.019531 0.468750 0.021484 0.472656 0.021484 0.472656 0.019531 0.474609 0.017578 0.480469 0.017578 0.484375 0.013672 0.486328 0.013672 0.486328 0.011719 0.488281 0.009766 0.490234 0.009766 0.492188 0.011719 0.494141 0.009766 0.492188 0.007812 0.492188 0.001953 0.494141 0.000000 0.496094 0.000000