0 0.955078 0.955078 0.953125 0.957031 0.953125 0.960938 0.951172 0.962891 0.945312 0.962891 0.943359 0.964844 0.941406 0.964844 0.939453 0.966797 0.937500 0.966797 0.933594 0.962891 0.929688 0.962891 0.925781 0.966797 0.923828 0.966797 0.921875 0.968750 0.921875 0.970703 0.919922 0.972656 0.916016 0.972656 0.914062 0.974609 0.914062 0.978516 0.916016 0.980469 0.916016 0.982422 0.925781 0.992188 0.947266 0.992188 0.947266 0.986328 0.945312 0.986328 0.939453 0.980469 0.933594 0.980469 0.931641 0.982422 0.927734 0.978516 0.931641 0.974609 0.933594 0.974609 0.935547 0.972656 0.945312 0.972656 0.947266 0.974609 0.949219 0.974609 0.951172 0.976562 0.953125 0.976562 0.955078 0.978516 0.958984 0.978516 0.960938 0.976562 0.970703 0.976562 0.974609 0.972656 0.976562 0.972656 0.982422 0.966797 0.982422 0.957031 0.980469 0.955078 0.968750 0.955078 0.968750 0.957031 0.966797 0.958984 0.964844 0.957031 0.962891 0.957031 0.960938 0.955078
0 0.898438 0.900391 0.894531 0.904297 0.890625 0.904297 0.888672 0.906250 0.882812 0.906250 0.880859 0.904297 0.880859 0.908203 0.884766 0.912109 0.886719 0.912109 0.888672 0.914062 0.882812 0.919922 0.880859 0.919922 0.878906 0.921875 0.876953 0.921875 0.875000 0.923828 0.875000 0.925781 0.873047 0.927734 0.871094 0.927734 0.869141 0.929688 0.869141 0.933594 0.867188 0.935547 0.867188 0.943359 0.875000 0.951172 0.876953 0.951172 0.878906 0.953125 0.878906 0.949219 0.880859 0.947266 0.875000 0.941406 0.875000 0.939453 0.876953 0.937500 0.878906 0.937500 0.880859 0.935547 0.884766 0.935547 0.888672 0.939453 0.888672 0.945312 0.890625 0.947266 0.898438 0.947266 0.900391 0.945312 0.900391 0.943359 0.904297 0.939453 0.904297 0.937500 0.902344 0.935547 0.902344 0.931641 0.900391 0.929688 0.898438 0.929688 0.896484 0.927734 0.890625 0.927734 0.888672 0.925781 0.888672 0.921875 0.890625 0.919922 0.892578 0.919922 0.896484 0.916016 0.898438 0.917969 0.904297 0.917969 0.904297 0.916016 0.902344 0.916016 0.900391 0.914062 0.900391 0.906250 0.902344 0.904297 0.902344 0.900391
0 0.964844 0.894531 0.957031 0.902344 0.957031 0.906250 0.955078 0.908203 0.951172 0.908203 0.949219 0.906250 0.949219 0.904297 0.947266 0.904297 0.945312 0.906250 0.953125 0.914062 0.953125 0.919922 0.951172 0.921875 0.945312 0.921875 0.943359 0.923828 0.943359 0.929688 0.945312 0.929688 0.947266 0.931641 0.951172 0.931641 0.955078 0.935547 0.957031 0.935547 0.958984 0.937500 0.960938 0.937500 0.964844 0.941406 0.970703 0.941406 0.972656 0.939453 0.982422 0.939453 0.986328 0.935547 0.986328 0.929688 0.988281 0.927734 0.990234 0.927734 0.992188 0.925781 0.992188 0.902344 0.986328 0.908203 0.984375 0.908203 0.980469 0.904297 0.980469 0.898438 0.978516 0.896484 0.974609 0.896484 0.972656 0.894531
0 0.230469 0.847656 0.228516 0.849609 0.228516 0.853516 0.230469 0.855469 0.232422 0.855469 0.242188 0.865234 0.244141 0.865234 0.246094 0.863281 0.246094 0.857422 0.244141 0.855469 0.244141 0.853516 0.240234 0.849609 0.238281 0.849609 0.236328 0.847656
0 0.314453 0.812500 0.314453 0.822266 0.320312 0.822266 0.322266 0.820312 0.324219 0.820312 0.326172 0.818359 0.326172 0.814453 0.324219 0.814453 0.322266 0.812500
0 0.228516 0.726562 0.224609 0.730469 0.222656 0.730469 0.222656 0.732422 0.224609 0.734375 0.224609 0.736328 0.230469 0.736328 0.230469 0.732422 0.232422 0.730469 0.232422 0.726562
0 0.435547 0.636719 0.433594 0.638672 0.431641 0.638672 0.431641 0.640625 0.429688 0.642578 0.429688 0.644531 0.425781 0.648438 0.425781 0.654297 0.431641 0.660156 0.439453 0.660156 0.441406 0.658203 0.443359 0.658203 0.443359 0.656250 0.445312 0.654297 0.445312 0.646484 0.443359 0.644531 0.443359 0.640625 0.439453 0.636719
0 0.580078 0.496094 0.578125 0.498047 0.574219 0.498047 0.572266 0.500000 0.570312 0.500000 0.568359 0.501953 0.568359 0.505859 0.570312 0.503906 0.572266 0.505859 0.574219 0.505859 0.574219 0.503906 0.580078 0.498047
0 0.541016 0.488281 0.541016 0.492188 0.539062 0.494141 0.539062 0.498047 0.541016 0.500000 0.541016 0.503906 0.546875 0.503906 0.552734 0.509766 0.558594 0.509766 0.558594 0.507812 0.560547 0.505859 0.560547 0.498047 0.558594 0.496094 0.558594 0.494141 0.554688 0.494141 0.552734 0.492188 0.552734 0.488281 0.550781 0.490234 0.548828 0.490234 0.546875 0.488281
0 0.857422 0.470703 0.855469 0.472656 0.853516 0.472656 0.853516 0.474609 0.847656 0.480469 0.847656 0.486328 0.851562 0.490234 0.851562 0.492188 0.853516 0.492188 0.855469 0.490234 0.857422 0.492188 0.859375 0.490234 0.863281 0.490234 0.863281 0.486328 0.869141 0.480469 0.869141 0.472656 0.867188 0.470703
0 0.001953 0.447266 0.000000 0.449219 0.000000 0.466797 0.001953 0.464844 0.001953 0.462891 0.005859 0.458984 0.005859 0.457031 0.007812 0.455078 0.007812 0.451172 0.003906 0.447266
0 0.306641 0.361328 0.304688 0.363281 0.302734 0.363281 0.298828 0.367188 0.298828 0.371094 0.296875 0.373047 0.296875 0.380859 0.294922 0.382812 0.294922 0.384766 0.292969 0.386719 0.292969 0.390625 0.291016 0.392578 0.291016 0.396484 0.296875 0.396484 0.296875 0.394531 0.300781 0.390625 0.302734 0.390625 0.302734 0.388672 0.304688 0.386719 0.304688 0.376953 0.306641 0.375000 0.306641 0.373047 0.308594 0.371094 0.310547 0.371094 0.312500 0.369141 0.312500 0.363281 0.310547 0.361328
0 0.154297 0.244141 0.154297 0.246094 0.152344 0.248047 0.154297 0.250000 0.154297 0.251953 0.158203 0.248047 0.164062 0.248047 0.166016 0.246094 0.166016 0.244141
0 0.449219 0.208984 0.439453 0.218750 0.437500 0.218750 0.431641 0.224609 0.429688 0.224609 0.429688 0.240234 0.431641 0.238281 0.435547 0.238281 0.437500 0.236328 0.437500 0.232422 0.439453 0.230469 0.439453 0.228516 0.447266 0.220703 0.453125 0.220703 0.455078 0.218750 0.455078 0.212891 0.453125 0.210938 0.453125 0.208984
0 0.136719 0.156250 0.136719 0.158203 0.134766 0.160156 0.132812 0.160156 0.132812 0.162109 0.138672 0.167969 0.138672 0.169922 0.136719 0.171875 0.136719 0.173828 0.142578 0.173828 0.144531 0.175781 0.144531 0.177734 0.150391 0.177734 0.152344 0.179688 0.152344 0.185547 0.156250 0.181641 0.162109 0.181641 0.164062 0.179688 0.164062 0.177734 0.162109 0.175781 0.162109 0.171875 0.160156 0.171875 0.156250 0.167969 0.154297 0.167969 0.152344 0.166016 0.152344 0.164062 0.146484 0.158203 0.144531 0.158203 0.142578 0.156250
0 0.000000 0.121094 0.000000 0.347656 0.001953 0.345703 0.005859 0.345703 0.007812 0.347656 0.009766 0.347656 0.011719 0.345703 0.015625 0.345703 0.017578 0.343750 0.019531 0.343750 0.021484 0.345703 0.023438 0.345703 0.029297 0.351562 0.027344 0.353516 0.025391 0.353516 0.025391 0.355469 0.021484 0.359375 0.021484 0.361328 0.017578 0.365234 0.017578 0.369141 0.015625 0.371094 0.015625 0.380859 0.025391 0.380859 0.027344 0.382812 0.031250 0.382812 0.033203 0.384766 0.033203 0.386719 0.029297 0.390625 0.029297 0.394531 0.027344 0.396484 0.023438 0.396484 0.021484 0.398438 0.019531 0.398438 0.017578 0.400391 0.015625 0.400391 0.015625 0.406250 0.017578 0.408203 0.033203 0.408203 0.041016 0.416016 0.041016 0.419922 0.042969 0.421875 0.041016 0.423828 0.037109 0.423828 0.033203 0.419922 0.031250 0.419922 0.029297 0.421875 0.027344 0.421875 0.025391 0.423828 0.023438 0.421875 0.021484 0.421875 0.019531 0.419922 0.019531 0.417969 0.017578 0.416016 0.011719 0.416016 0.005859 0.421875 0.001953 0.417969 0.000000 0.419922 0.000000 0.437500 0.003906 0.433594 0.003906 0.429688 0.005859 0.427734 0.007812 0.427734 0.009766 0.429688 0.011719 0.429688 0.015625 0.433594 0.017578 0.433594 0.019531 0.435547 0.017578 0.437500 0.015625 0.437500 0.015625 0.439453 0.013672 0.441406 0.013672 0.451172 0.015625 0.453125 0.015625 0.455078 0.017578 0.457031 0.017578 0.458984 0.019531 0.460938 0.019531 0.462891 0.017578 0.464844 0.017578 0.466797 0.013672 0.470703 0.013672 0.472656 0.011719 0.474609 0.011719 0.486328 0.013672 0.488281 0.013672 0.496094 0.011719 0.498047 0.009766 0.498047 0.007812 0.500000 0.007812 0.503906 0.001953 0.509766 0.000000 0.509766 0.000000 0.923828 0.003906 0.927734 0.003906 0.929688 0.005859 0.929688 0.007812 0.931641 0.007812 0.933594 0.011719 0.937500 0.011719 0.939453 0.025391 0.939453 0.027344 0.941406 0.037109 0.941406 0.041016 0.937500 0.042969 0.937500 0.050781 0.929688 0.052734 0.929688 0.054688 0.927734 0.054688 0.925781 0.056641 0.923828 0.058594 0.925781 0.058594 0.929688 0.060547 0.931641 0.060547 0.935547 0.062500 0.937500 0.062500 0.939453 0.064453 0.941406 0.064453 0.943359 0.062500 0.945312 0.060547 0.945312 0.058594 0.943359 0.058594 0.941406 0.052734 0.941406 0.050781 0.943359 0.046875 0.943359 0.046875 0.945312 0.044922 0.947266 0.044922 0.951172 0.039062 0.957031 0.037109 0.957031 0.037109 0.958984 0.033203 0.962891 0.033203 0.966797 0.031250 0.968750 0.023438 0.968750 0.017578 0.962891 0.017578 0.960938 0.015625 0.958984 0.007812 0.958984 0.007812 0.960938 0.005859 0.962891 0.005859 0.966797 0.003906 0.968750 0.003906 0.972656 0.007812 0.972656 0.009766 0.974609 0.011719 0.974609 0.013672 0.976562 0.015625 0.976562 0.019531 0.980469 0.021484 0.980469 0.023438 0.982422 0.027344 0.982422 0.029297 0.984375 0.039062 0.984375 0.041016 0.986328 0.044922 0.986328 0.046875 0.988281 0.046875 0.992188 0.267578 0.992188 0.267578 0.988281 0.269531 0.986328 0.269531 0.984375 0.271484 0.982422 0.271484 0.970703 0.269531 0.970703 0.267578 0.968750 0.265625 0.970703 0.261719 0.970703 0.257812 0.966797 0.257812 0.964844 0.259766 0.962891 0.261719 0.962891 0.263672 0.960938 0.265625 0.960938 0.271484 0.955078 0.271484 0.951172 0.273438 0.949219 0.275391 0.949219 0.277344 0.947266 0.277344 0.945312 0.283203 0.939453 0.283203 0.937500 0.285156 0.935547 0.287109 0.935547 0.289062 0.937500 0.289062 0.941406 0.291016 0.943359 0.294922 0.943359 0.298828 0.947266 0.298828 0.949219 0.300781 0.949219 0.302734 0.951172 0.304688 0.951172 0.308594 0.955078 0.308594 0.966797 0.310547 0.968750 0.310547 0.966797 0.314453 0.962891 0.322266 0.962891 0.324219 0.964844 0.326172 0.964844 0.332031 0.970703 0.332031 0.976562 0.328125 0.980469 0.324219 0.980469 0.320312 0.984375 0.320312 0.988281 0.318359 0.990234 0.318359 0.992188 0.628906 0.992188 0.628906 0.986328 0.626953 0.984375 0.626953 0.974609 0.628906 0.972656 0.628906 0.970703 0.630859 0.968750 0.632812 0.968750 0.636719 0.964844 0.638672 0.964844 0.640625 0.962891 0.646484 0.962891 0.648438 0.960938 0.654297 0.960938 0.660156 0.966797 0.660156 0.968750 0.662109 0.970703 0.667969 0.970703 0.667969 0.964844 0.669922 0.962891 0.671875 0.962891 0.671875 0.960938 0.673828 0.958984 0.675781 0.958984 0.677734 0.960938 0.677734 0.962891 0.683594 0.962891 0.685547 0.960938 0.687500 0.960938 0.689453 0.958984 0.689453 0.951172 0.687500 0.949219 0.677734 0.949219 0.675781 0.947266 0.677734 0.945312 0.677734 0.927734 0.679688 0.925781 0.681641 0.927734 0.685547 0.927734 0.687500 0.929688 0.687500 0.931641 0.691406 0.931641 0.695312 0.935547 0.701172 0.935547 0.703125 0.933594 0.703125 0.931641 0.708984 0.925781 0.708984 0.923828 0.710938 0.921875 0.712891 0.921875 0.712891 0.919922 0.718750 0.914062 0.720703 0.914062 0.722656 0.912109 0.730469 0.912109 0.732422 0.914062 0.732422 0.916016 0.738281 0.916016 0.742188 0.912109 0.748047 0.912109 0.750000 0.914062 0.750000 0.916016 0.757812 0.916016 0.757812 0.914062 0.759766 0.912109 0.761719 0.912109 0.761719 0.910156 0.767578 0.904297 0.771484 0.904297 0.771484 0.900391 0.775391 0.896484 0.785156 0.896484 0.789062 0.892578 0.789062 0.890625 0.781250 0.890625 0.779297 0.888672 0.779297 0.886719 0.777344 0.884766 0.777344 0.882812 0.775391 0.880859 0.775391 0.878906 0.777344 0.876953 0.777344 0.875000 0.781250 0.871094 0.781250 0.867188 0.787109 0.861328 0.789062 0.861328 0.791016 0.859375 0.796875 0.859375 0.798828 0.857422 0.802734 0.857422 0.804688 0.859375 0.804688 0.861328 0.806641 0.861328 0.808594 0.863281 0.808594 0.861328 0.810547 0.859375 0.810547 0.851562 0.812500 0.849609 0.812500 0.847656 0.808594 0.843750 0.808594 0.837891 0.810547 0.835938 0.810547 0.833984 0.812500 0.832031 0.816406 0.832031 0.816406 0.824219 0.818359 0.822266 0.818359 0.820312 0.820312 0.818359 0.822266 0.818359 0.826172 0.814453 0.828125 0.814453 0.830078 0.812500 0.833984 0.812500 0.835938 0.814453 0.835938 0.816406 0.837891 0.818359 0.841797 0.818359 0.841797 0.810547 0.839844 0.808594 0.841797 0.806641 0.841797 0.804688 0.845703 0.800781 0.849609 0.800781 0.853516 0.796875 0.853516 0.794922 0.857422 0.791016 0.857422 0.789062 0.859375 0.787109 0.861328 0.787109 0.863281 0.785156 0.865234 0.785156 0.865234 0.781250 0.867188 0.779297 0.871094 0.779297 0.873047 0.777344 0.873047 0.775391 0.876953 0.771484 0.880859 0.771484 0.880859 0.769531 0.884766 0.765625 0.884766 0.761719 0.886719 0.759766 0.888672 0.759766 0.888672 0.753906 0.890625 0.751953 0.892578 0.751953 0.894531 0.753906 0.896484 0.751953 0.898438 0.751953 0.900391 0.750000 0.902344 0.750000 0.904297 0.748047 0.904297 0.744141 0.900391 0.740234 0.900391 0.738281 0.898438 0.736328 0.900391 0.734375 0.900391 0.732422 0.902344 0.730469 0.900391 0.728516 0.900391 0.720703 0.902344 0.718750 0.906250 0.718750 0.910156 0.722656 0.912109 0.722656 0.916016 0.718750 0.917969 0.718750 0.919922 0.716797 0.923828 0.716797 0.925781 0.714844 0.927734 0.716797 0.929688 0.716797 0.935547 0.722656 0.935547 0.730469 0.935547 0.728516 0.937500 0.726562 0.939453 0.728516 0.941406 0.728516 0.943359 0.730469 0.943359 0.732422 0.945312 0.732422 0.947266 0.730469 0.949219 0.732422 0.949219 0.736328 0.953125 0.736328 0.957031 0.732422 0.958984 0.732422 0.960938 0.734375 0.960938 0.736328 0.974609 0.736328 0.978516 0.740234 0.980469 0.740234 0.982422 0.742188 0.984375 0.742188 0.986328 0.740234 0.988281 0.740234 0.990234 0.738281 0.992188 0.738281 0.992188 0.472656 0.988281 0.476562 0.986328 0.476562 0.986328 0.478516 0.984375 0.480469 0.978516 0.474609 0.978516 0.472656 0.972656 0.478516 0.970703 0.478516 0.974609 0.482422 0.974609 0.488281 0.976562 0.490234 0.978516 0.490234 0.980469 0.492188 0.980469 0.494141 0.976562 0.498047 0.974609 0.498047 0.972656 0.500000 0.968750 0.500000 0.966797 0.501953 0.960938 0.501953 0.958984 0.500000 0.957031 0.500000 0.953125 0.496094 0.951172 0.498047 0.947266 0.498047 0.945312 0.496094 0.937500 0.496094 0.935547 0.494141 0.929688 0.494141 0.927734 0.492188 0.927734 0.496094 0.925781 0.498047 0.923828 0.498047 0.921875 0.500000 0.904297 0.500000 0.902344 0.501953 0.894531 0.501953 0.892578 0.500000 0.890625 0.500000 0.888672 0.501953 0.884766 0.501953 0.882812 0.500000 0.880859 0.500000 0.876953 0.496094 0.871094 0.496094 0.869141 0.498047 0.867188 0.498047 0.865234 0.500000 0.865234 0.505859 0.863281 0.507812 0.863281 0.509766 0.857422 0.515625 0.849609 0.515625 0.847656 0.513672 0.841797 0.513672 0.843750 0.515625 0.843750 0.519531 0.835938 0.527344 0.830078 0.527344 0.822266 0.519531 0.816406 0.519531 0.814453 0.521484 0.810547 0.521484 0.810547 0.527344 0.808594 0.529297 0.808594 0.539062 0.804688 0.542969 0.804688 0.544922 0.800781 0.548828 0.796875 0.548828 0.794922 0.550781 0.775391 0.550781 0.773438 0.552734 0.767578 0.552734 0.765625 0.554688 0.761719 0.554688 0.757812 0.558594 0.755859 0.558594 0.755859 0.560547 0.753906 0.562500 0.751953 0.562500 0.750000 0.564453 0.750000 0.566406 0.748047 0.568359 0.746094 0.568359 0.744141 0.570312 0.740234 0.570312 0.736328 0.574219 0.736328 0.582031 0.732422 0.585938 0.730469 0.585938 0.730469 0.587891 0.724609 0.593750 0.720703 0.593750 0.718750 0.595703 0.716797 0.595703 0.714844 0.597656 0.712891 0.597656 0.710938 0.599609 0.707031 0.599609 0.705078 0.597656 0.699219 0.597656 0.697266 0.599609 0.695312 0.599609 0.691406 0.603516 0.691406 0.607422 0.689453 0.609375 0.687500 0.609375 0.687500 0.611328 0.681641 0.617188 0.679688 0.617188 0.679688 0.619141 0.677734 0.621094 0.675781 0.621094 0.673828 0.623047 0.673828 0.626953 0.669922 0.630859 0.667969 0.630859 0.666016 0.628906 0.666016 0.625000 0.664062 0.623047 0.664062 0.621094 0.666016 0.619141 0.664062 0.617188 0.666016 0.615234 0.666016 0.611328 0.664062 0.611328 0.662109 0.609375 0.654297 0.609375 0.652344 0.611328 0.650391 0.609375 0.646484 0.613281 0.644531 0.613281 0.640625 0.609375 0.640625 0.605469 0.642578 0.603516 0.642578 0.601562 0.644531 0.599609 0.644531 0.597656 0.646484 0.595703 0.646484 0.589844 0.648438 0.587891 0.650391 0.587891 0.654297 0.583984 0.654297 0.582031 0.656250 0.580078 0.656250 0.578125 0.662109 0.572266 0.662109 0.566406 0.660156 0.566406 0.658203 0.568359 0.654297 0.568359 0.652344 0.570312 0.650391 0.570312 0.648438 0.572266 0.646484 0.572266 0.644531 0.570312 0.640625 0.570312 0.634766 0.564453 0.634766 0.562500 0.636719 0.560547 0.638672 0.560547 0.638672 0.556641 0.640625 0.554688 0.640625 0.550781 0.638672 0.548828 0.638672 0.546875 0.636719 0.546875 0.632812 0.542969 0.630859 0.542969 0.628906 0.541016 0.626953 0.541016 0.625000 0.539062 0.623047 0.539062 0.621094 0.537109 0.615234 0.537109 0.613281 0.535156 0.605469 0.535156 0.601562 0.539062 0.595703 0.539062 0.593750 0.541016 0.591797 0.541016 0.589844 0.542969 0.587891 0.542969 0.585938 0.544922 0.585938 0.546875 0.583984 0.548828 0.583984 0.560547 0.582031 0.562500 0.578125 0.562500 0.576172 0.564453 0.574219 0.562500 0.574219 0.560547 0.572266 0.558594 0.570312 0.558594 0.566406 0.554688 0.558594 0.554688 0.556641 0.556641 0.554688 0.554688 0.546875 0.554688 0.546875 0.556641 0.544922 0.558594 0.544922 0.564453 0.542969 0.566406 0.539062 0.566406 0.539062 0.570312 0.537109 0.572266 0.537109 0.578125 0.539062 0.580078 0.539062 0.587891 0.537109 0.589844 0.537109 0.591797 0.535156 0.593750 0.535156 0.597656 0.533203 0.599609 0.531250 0.599609 0.529297 0.601562 0.527344 0.599609 0.525391 0.601562 0.519531 0.601562 0.515625 0.605469 0.513672 0.605469 0.511719 0.607422 0.511719 0.611328 0.509766 0.613281 0.509766 0.636719 0.507812 0.638672 0.507812 0.644531 0.513672 0.650391 0.515625 0.650391 0.517578 0.652344 0.517578 0.654297 0.515625 0.656250 0.515625 0.658203 0.517578 0.660156 0.515625 0.662109 0.515625 0.667969 0.517578 0.669922 0.517578 0.673828 0.511719 0.679688 0.509766 0.679688 0.509766 0.681641 0.507812 0.683594 0.507812 0.687500 0.505859 0.689453 0.503906 0.689453 0.503906 0.705078 0.501953 0.707031 0.496094 0.707031 0.494141 0.708984 0.488281 0.708984 0.488281 0.710938 0.486328 0.712891 0.486328 0.714844 0.484375 0.716797 0.484375 0.726562 0.482422 0.728516 0.482422 0.736328 0.484375 0.738281 0.484375 0.742188 0.486328 0.744141 0.486328 0.765625 0.484375 0.767578 0.484375 0.769531 0.476562 0.777344 0.476562 0.783203 0.474609 0.785156 0.474609 0.787109 0.466797 0.794922 0.464844 0.794922 0.460938 0.798828 0.460938 0.800781 0.458984 0.802734 0.458984 0.804688 0.457031 0.806641 0.457031 0.808594 0.455078 0.810547 0.455078 0.812500 0.453125 0.814453 0.451172 0.814453 0.445312 0.820312 0.421875 0.820312 0.421875 0.822266 0.419922 0.824219 0.417969 0.824219 0.412109 0.830078 0.412109 0.845703 0.410156 0.847656 0.410156 0.849609 0.408203 0.851562 0.408203 0.853516 0.406250 0.855469 0.402344 0.855469 0.400391 0.853516 0.400391 0.851562 0.398438 0.849609 0.398438 0.843750 0.396484 0.841797 0.396484 0.832031 0.398438 0.830078 0.396484 0.828125 0.396484 0.824219 0.398438 0.822266 0.398438 0.820312 0.396484 0.818359 0.396484 0.816406 0.394531 0.814453 0.388672 0.814453 0.386719 0.816406 0.386719 0.818359 0.378906 0.826172 0.378906 0.828125 0.376953 0.830078 0.376953 0.843750 0.375000 0.845703 0.373047 0.845703 0.373047 0.847656 0.369141 0.851562 0.361328 0.851562 0.357422 0.847656 0.355469 0.847656 0.349609 0.853516 0.349609 0.855469 0.347656 0.857422 0.347656 0.859375 0.349609 0.861328 0.347656 0.863281 0.347656 0.865234 0.341797 0.871094 0.339844 0.871094 0.339844 0.882812 0.337891 0.884766 0.335938 0.884766 0.333984 0.882812 0.333984 0.880859 0.332031 0.880859 0.330078 0.882812 0.326172 0.882812 0.324219 0.880859 0.324219 0.875000 0.326172 0.873047 0.326172 0.871094 0.328125 0.869141 0.330078 0.871094 0.333984 0.871094 0.333984 0.869141 0.332031 0.867188 0.332031 0.859375 0.333984 0.857422 0.333984 0.853516 0.332031 0.853516 0.330078 0.851562 0.330078 0.845703 0.332031 0.843750 0.332031 0.839844 0.333984 0.837891 0.332031 0.835938 0.328125 0.835938 0.328125 0.837891 0.326172 0.839844 0.324219 0.839844 0.322266 0.837891 0.322266 0.835938 0.320312 0.833984 0.318359 0.833984 0.316406 0.832031 0.304688 0.832031 0.300781 0.835938 0.294922 0.835938 0.292969 0.837891 0.285156 0.837891 0.283203 0.839844 0.281250 0.839844 0.279297 0.841797 0.279297 0.843750 0.277344 0.845703 0.275391 0.845703 0.275391 0.859375 0.273438 0.861328 0.265625 0.861328 0.265625 0.863281 0.263672 0.865234 0.261719 0.865234 0.259766 0.867188 0.259766 0.869141 0.257812 0.871094 0.255859 0.871094 0.253906 0.873047 0.253906 0.875000 0.257812 0.878906 0.257812 0.880859 0.259766 0.882812 0.259766 0.888672 0.265625 0.888672 0.269531 0.884766 0.292969 0.884766 0.294922 0.882812 0.296875 0.884766 0.296875 0.886719 0.300781 0.890625 0.302734 0.890625 0.306641 0.894531 0.306641 0.896484 0.302734 0.900391 0.300781 0.900391 0.298828 0.902344 0.294922 0.902344 0.291016 0.906250 0.285156 0.906250 0.283203 0.908203 0.275391 0.908203 0.273438 0.906250 0.273438 0.904297 0.271484 0.904297 0.269531 0.906250 0.263672 0.906250 0.255859 0.898438 0.250000 0.898438 0.248047 0.896484 0.242188 0.896484 0.240234 0.898438 0.238281 0.898438 0.234375 0.902344 0.234375 0.904297 0.230469 0.908203 0.228516 0.908203 0.226562 0.910156 0.226562 0.916016 0.228516 0.917969 0.228516 0.919922 0.238281 0.919922 0.240234 0.917969 0.242188 0.917969 0.246094 0.921875 0.244141 0.923828 0.242188 0.923828 0.240234 0.925781 0.238281 0.925781 0.234375 0.929688 0.230469 0.929688 0.228516 0.931641 0.226562 0.931641 0.224609 0.929688 0.224609 0.925781 0.214844 0.925781 0.212891 0.927734 0.210938 0.927734 0.208984 0.929688 0.199219 0.929688 0.197266 0.931641 0.187500 0.931641 0.185547 0.933594 0.185547 0.935547 0.183594 0.937500 0.175781 0.929688 0.175781 0.927734 0.179688 0.923828 0.181641 0.923828 0.183594 0.921875 0.185547 0.921875 0.187500 0.919922 0.195312 0.919922 0.197266 0.917969 0.201172 0.917969 0.203125 0.916016 0.207031 0.916016 0.207031 0.914062 0.208984 0.912109 0.208984 0.902344 0.203125 0.896484 0.203125 0.894531 0.201172 0.894531 0.197266 0.890625 0.197266 0.886719 0.201172 0.882812 0.205078 0.882812 0.208984 0.878906 0.208984 0.873047 0.205078 0.869141 0.205078 0.867188 0.203125 0.867188 0.201172 0.865234 0.193359 0.865234 0.189453 0.869141 0.187500 0.869141 0.185547 0.867188 0.183594 0.867188 0.181641 0.865234 0.179688 0.865234 0.177734 0.863281 0.177734 0.861328 0.175781 0.863281 0.173828 0.863281 0.173828 0.865234 0.171875 0.867188 0.171875 0.873047 0.169922 0.875000 0.162109 0.875000 0.162109 0.876953 0.160156 0.878906 0.148438 0.878906 0.146484 0.880859 0.142578 0.880859 0.140625 0.878906 0.138672 0.878906 0.136719 0.876953 0.136719 0.875000 0.134766 0.873047 0.134766 0.871094 0.132812 0.869141 0.132812 0.861328 0.134766 0.859375 0.134766 0.857422 0.136719 0.855469 0.136719 0.853516 0.138672 0.851562 0.138672 0.849609 0.140625 0.847656 0.142578 0.847656 0.144531 0.849609 0.152344 0.849609 0.152344 0.847656 0.154297 0.845703 0.152344 0.843750 0.152344 0.839844 0.150391 0.837891 0.150391 0.835938 0.144531 0.830078 0.134766 0.830078 0.132812 0.832031 0.130859 0.832031 0.128906 0.830078 0.121094 0.830078 0.121094 0.833984 0.115234 0.839844 0.111328 0.839844 0.109375 0.841797 0.107422 0.841797 0.105469 0.843750 0.103516 0.843750 0.099609 0.847656 0.097656 0.845703 0.097656 0.843750 0.095703 0.843750 0.093750 0.841797 0.093750 0.839844 0.091797 0.837891 0.091797 0.826172 0.093750 0.824219 0.093750 0.822266 0.097656 0.818359 0.101562 0.818359 0.103516 0.820312 0.101562 0.822266 0.103516 0.824219 0.105469 0.824219 0.107422 0.826172 0.115234 0.826172 0.117188 0.824219 0.117188 0.810547 0.111328 0.804688 0.111328 0.791016 0.115234 0.787109 0.119141 0.787109 0.119141 0.785156 0.123047 0.781250 0.126953 0.781250 0.128906 0.783203 0.128906 0.787109 0.132812 0.791016 0.132812 0.792969 0.134766 0.794922 0.130859 0.798828 0.128906 0.796875 0.130859 0.798828 0.132812 0.798828 0.136719 0.802734 0.138672 0.802734 0.142578 0.806641 0.142578 0.804688 0.144531 0.802734 0.144531 0.800781 0.146484 0.798828 0.146484 0.783203 0.144531 0.781250 0.144531 0.771484 0.146484 0.769531 0.146484 0.763672 0.148438 0.761719 0.148438 0.759766 0.152344 0.755859 0.154297 0.755859 0.156250 0.753906 0.156250 0.751953 0.158203 0.750000 0.158203 0.746094 0.160156 0.744141 0.160156 0.742188 0.162109 0.740234 0.156250 0.734375 0.156250 0.732422 0.158203 0.730469 0.158203 0.726562 0.160156 0.724609 0.160156 0.714844 0.158203 0.712891 0.156250 0.712891 0.154297 0.710938 0.156250 0.708984 0.160156 0.708984 0.162109 0.707031 0.167969 0.707031 0.166016 0.705078 0.166016 0.703125 0.167969 0.701172 0.167969 0.697266 0.166016 0.695312 0.166016 0.693359 0.167969 0.691406 0.166016 0.691406 0.164062 0.693359 0.162109 0.693359 0.160156 0.695312 0.160156 0.697266 0.158203 0.699219 0.154297 0.695312 0.154297 0.687500 0.152344 0.685547 0.152344 0.679688 0.148438 0.679688 0.144531 0.675781 0.144531 0.669922 0.142578 0.667969 0.142578 0.664062 0.144531 0.662109 0.146484 0.664062 0.150391 0.660156 0.152344 0.660156 0.154297 0.658203 0.154297 0.652344 0.158203 0.648438 0.160156 0.648438 0.160156 0.646484 0.169922 0.636719 0.171875 0.638672 0.173828 0.638672 0.177734 0.642578 0.175781 0.644531 0.173828 0.644531 0.173828 0.646484 0.175781 0.648438 0.173828 0.650391 0.175781 0.652344 0.175781 0.654297 0.179688 0.658203 0.179688 0.660156 0.181641 0.662109 0.181641 0.664062 0.185547 0.664062 0.187500 0.666016 0.187500 0.667969 0.189453 0.669922 0.191406 0.669922 0.193359 0.667969 0.203125 0.667969 0.207031 0.671875 0.205078 0.673828 0.205078 0.685547 0.207031 0.687500 0.207031 0.695312 0.208984 0.697266 0.208984 0.707031 0.210938 0.708984 0.210938 0.718750 0.216797 0.718750 0.218750 0.716797 0.220703 0.716797 0.220703 0.708984 0.222656 0.707031 0.224609 0.707031 0.224609 0.703125 0.230469 0.697266 0.230469 0.695312 0.232422 0.693359 0.238281 0.693359 0.242188 0.697266 0.244141 0.697266 0.248047 0.701172 0.248047 0.703125 0.253906 0.703125 0.255859 0.701172 0.257812 0.701172 0.257812 0.699219 0.259766 0.697266 0.263672 0.697266 0.271484 0.689453 0.275391 0.689453 0.277344 0.691406 0.277344 0.693359 0.279297 0.695312 0.279297 0.697266 0.283203 0.701172 0.283203 0.703125 0.285156 0.705078 0.281250 0.708984 0.281250 0.714844 0.283203 0.712891 0.285156 0.714844 0.287109 0.712891 0.289062 0.714844 0.291016 0.714844 0.292969 0.712891 0.294922 0.712891 0.294922 0.710938 0.296875 0.708984 0.298828 0.708984 0.302734 0.712891 0.302734 0.714844 0.302734 0.710938 0.304688 0.708984 0.308594 0.712891 0.308594 0.708984 0.310547 0.707031 0.310547 0.705078 0.314453 0.701172 0.316406 0.701172 0.318359 0.699219 0.324219 0.705078 0.324219 0.707031 0.333984 0.716797 0.333984 0.730469 0.335938 0.732422 0.341797 0.732422 0.343750 0.734375 0.343750 0.736328 0.349609 0.736328 0.347656 0.734375 0.351562 0.730469 0.351562 0.722656 0.355469 0.718750 0.355469 0.710938 0.357422 0.708984 0.357422 0.707031 0.355469 0.705078 0.355469 0.703125 0.351562 0.699219 0.351562 0.695312 0.353516 0.693359 0.355469 0.693359 0.357422 0.691406 0.359375 0.693359 0.359375 0.697266 0.363281 0.701172 0.363281 0.703125 0.365234 0.703125 0.367188 0.705078 0.367188 0.707031 0.369141 0.708984 0.369141 0.716797 0.365234 0.720703 0.367188 0.722656 0.369141 0.722656 0.371094 0.724609 0.380859 0.724609 0.378906 0.722656 0.380859 0.720703 0.384766 0.720703 0.386719 0.718750 0.388672 0.718750 0.388672 0.714844 0.390625 0.712891 0.392578 0.712891 0.400391 0.720703 0.408203 0.720703 0.410156 0.718750 0.412109 0.718750 0.421875 0.708984 0.427734 0.708984 0.427734 0.703125 0.429688 0.701172 0.429688 0.695312 0.433594 0.691406 0.433594 0.685547 0.431641 0.683594 0.427734 0.683594 0.423828 0.679688 0.423828 0.675781 0.421875 0.675781 0.419922 0.673828 0.417969 0.673828 0.416016 0.671875 0.416016 0.667969 0.414062 0.669922 0.400391 0.669922 0.398438 0.671875 0.398438 0.673828 0.392578 0.679688 0.390625 0.679688 0.388672 0.677734 0.388672 0.675781 0.382812 0.675781 0.380859 0.673828 0.376953 0.673828 0.375000 0.675781 0.371094 0.675781 0.369141 0.677734 0.369141 0.679688 0.367188 0.681641 0.363281 0.681641 0.359375 0.685547 0.357422 0.683594 0.357422 0.677734 0.355469 0.675781 0.353516 0.675781 0.351562 0.677734 0.351562 0.687500 0.349609 0.689453 0.347656 0.689453 0.345703 0.687500 0.345703 0.685547 0.343750 0.683594 0.343750 0.679688 0.341797 0.677734 0.341797 0.675781 0.343750 0.673828 0.341797 0.671875 0.341797 0.669922 0.337891 0.666016 0.339844 0.664062 0.339844 0.662109 0.337891 0.660156 0.330078 0.660156 0.328125 0.662109 0.328125 0.664062 0.326172 0.666016 0.326172 0.667969 0.324219 0.669922 0.322266 0.669922 0.320312 0.671875 0.320312 0.673828 0.318359 0.675781 0.314453 0.675781 0.314453 0.677734 0.312500 0.679688 0.312500 0.681641 0.310547 0.683594 0.310547 0.687500 0.308594 0.689453 0.306641 0.689453 0.304688 0.687500 0.304688 0.679688 0.302734 0.677734 0.302734 0.675781 0.304688 0.673828 0.304688 0.671875 0.306641 0.669922 0.306641 0.666016 0.308594 0.664062 0.310547 0.664062 0.308594 0.662109 0.312500 0.658203 0.314453 0.658203 0.312500 0.656250 0.314453 0.654297 0.316406 0.654297 0.316406 0.652344 0.318359 0.650391 0.318359 0.644531 0.316406 0.644531 0.310547 0.638672 0.310547 0.632812 0.308594 0.630859 0.308594 0.625000 0.306641 0.623047 0.306641 0.621094 0.304688 0.619141 0.304688 0.617188 0.302734 0.617188 0.298828 0.613281 0.294922 0.613281 0.292969 0.615234 0.292969 0.619141 0.291016 0.621094 0.289062 0.621094 0.283203 0.626953 0.281250 0.626953 0.281250 0.632812 0.279297 0.634766 0.279297 0.650391 0.277344 0.652344 0.273438 0.652344 0.271484 0.654297 0.269531 0.654297 0.267578 0.652344 0.267578 0.648438 0.269531 0.646484 0.269531 0.642578 0.275391 0.636719 0.275391 0.634766 0.271484 0.634766 0.271484 0.636719 0.269531 0.638672 0.267578 0.638672 0.265625 0.636719 0.263672 0.638672 0.261719 0.638672 0.257812 0.634766 0.257812 0.632812 0.255859 0.630859 0.257812 0.628906 0.259766 0.628906 0.259766 0.621094 0.261719 0.619141 0.265625 0.619141 0.265625 0.615234 0.263672 0.613281 0.263672 0.609375 0.265625 0.607422 0.267578 0.607422 0.267578 0.603516 0.273438 0.597656 0.279297 0.597656 0.281250 0.599609 0.287109 0.599609 0.287109 0.597656 0.289062 0.595703 0.291016 0.595703 0.298828 0.587891 0.298828 0.582031 0.302734 0.578125 0.304688 0.578125 0.306641 0.576172 0.308594 0.576172 0.310547 0.574219 0.314453 0.574219 0.316406 0.572266 0.318359 0.572266 0.320312 0.570312 0.322266 0.570312 0.324219 0.568359 0.326172 0.568359 0.330078 0.572266 0.330078 0.576172 0.332031 0.578125 0.332031 0.580078 0.335938 0.580078 0.337891 0.582031 0.343750 0.582031 0.347656 0.585938 0.347656 0.587891 0.351562 0.591797 0.353516 0.591797 0.357422 0.595703 0.363281 0.595703 0.365234 0.597656 0.367188 0.595703 0.371094 0.595703 0.373047 0.593750 0.375000 0.593750 0.375000 0.591797 0.378906 0.587891 0.380859 0.587891 0.380859 0.585938 0.382812 0.583984 0.382812 0.582031 0.380859 0.580078 0.380859 0.570312 0.382812 0.568359 0.386719 0.568359 0.386719 0.564453 0.388672 0.562500 0.390625 0.562500 0.392578 0.560547 0.402344 0.560547 0.404297 0.562500 0.406250 0.560547 0.406250 0.556641 0.408203 0.554688 0.410156 0.554688 0.410156 0.552734 0.412109 0.550781 0.419922 0.550781 0.421875 0.552734 0.421875 0.554688 0.423828 0.556641 0.423828 0.560547 0.425781 0.562500 0.425781 0.570312 0.429688 0.570312 0.431641 0.572266 0.441406 0.572266 0.443359 0.574219 0.445312 0.572266 0.449219 0.572266 0.451172 0.574219 0.451172 0.576172 0.453125 0.578125 0.462891 0.578125 0.464844 0.576172 0.466797 0.576172 0.466797 0.570312 0.462891 0.570312 0.460938 0.572266 0.458984 0.572266 0.457031 0.570312 0.457031 0.568359 0.458984 0.566406 0.458984 0.564453 0.460938 0.562500 0.460938 0.560547 0.462891 0.558594 0.462891 0.556641 0.464844 0.554688 0.464844 0.552734 0.466797 0.550781 0.468750 0.552734 0.470703 0.552734 0.472656 0.550781 0.472656 0.546875 0.474609 0.544922 0.474609 0.542969 0.476562 0.541016 0.476562 0.537109 0.478516 0.535156 0.476562 0.533203 0.476562 0.529297 0.480469 0.525391 0.478516 0.523438 0.480469 0.521484 0.480469 0.519531 0.482422 0.517578 0.496094 0.517578 0.500000 0.513672 0.501953 0.515625 0.503906 0.515625 0.505859 0.517578 0.517578 0.517578 0.521484 0.513672 0.521484 0.509766 0.525391 0.505859 0.525391 0.503906 0.527344 0.501953 0.527344 0.500000 0.529297 0.498047 0.529297 0.494141 0.527344 0.492188 0.527344 0.484375 0.525391 0.482422 0.525391 0.480469 0.527344 0.478516 0.529297 0.478516 0.531250 0.476562 0.533203 0.478516 0.539062 0.478516 0.541016 0.476562 0.542969 0.476562 0.544922 0.474609 0.546875 0.474609 0.548828 0.472656 0.554688 0.478516 0.554688 0.480469 0.558594 0.480469 0.562500 0.476562 0.564453 0.476562 0.566406 0.474609 0.576172 0.474609 0.578125 0.472656 0.578125 0.470703 0.580078 0.468750 0.580078 0.464844 0.582031 0.462891 0.583984 0.462891 0.583984 0.460938 0.585938 0.458984 0.582031 0.458984 0.580078 0.457031 0.576172 0.460938 0.570312 0.460938 0.568359 0.458984 0.568359 0.453125 0.570312 0.451172 0.570312 0.445312 0.572266 0.443359 0.572266 0.435547 0.568359 0.431641 0.566406 0.431641 0.562500 0.427734 0.566406 0.423828 0.568359 0.423828 0.570312 0.425781 0.572266 0.425781 0.574219 0.423828 0.578125 0.423828 0.578125 0.421875 0.580078 0.419922 0.580078 0.410156 0.578125 0.408203 0.578125 0.406250 0.576172 0.404297 0.576172 0.402344 0.572266 0.398438 0.572266 0.396484 0.570312 0.394531 0.570312 0.392578 0.568359 0.390625 0.568359 0.386719 0.566406 0.384766 0.566406 0.380859 0.564453 0.380859 0.554688 0.371094 0.554688 0.365234 0.558594 0.361328 0.560547 0.361328 0.560547 0.357422 0.554688 0.357422 0.552734 0.355469 0.548828 0.359375 0.542969 0.359375 0.541016 0.357422 0.537109 0.361328 0.537109 0.369141 0.535156 0.371094 0.535156 0.373047 0.529297 0.378906 0.521484 0.378906 0.519531 0.380859 0.517578 0.380859 0.515625 0.378906 0.513672 0.380859 0.513672 0.382812 0.511719 0.384766 0.513672 0.386719 0.513672 0.390625 0.509766 0.394531 0.509766 0.396484 0.507812 0.398438 0.505859 0.398438 0.505859 0.402344 0.503906 0.404297 0.501953 0.404297 0.500000 0.406250 0.500000 0.408203 0.498047 0.410156 0.498047 0.412109 0.496094 0.414062 0.496094 0.419922 0.494141 0.421875 0.492188 0.421875 0.490234 0.419922 0.490234 0.417969 0.488281 0.416016 0.490234 0.414062 0.490234 0.412109 0.494141 0.408203 0.494141 0.404297 0.498047 0.400391 0.498047 0.398438 0.496094 0.398438 0.494141 0.396484 0.494141 0.394531 0.500000 0.388672 0.501953 0.388672 0.498047 0.384766 0.498047 0.382812 0.503906 0.376953 0.505859 0.378906 0.507812 0.376953 0.509766 0.376953 0.515625 0.371094 0.515625 0.367188 0.517578 0.365234 0.517578 0.359375 0.519531 0.357422 0.525391 0.357422 0.527344 0.359375 0.529297 0.357422 0.529297 0.347656 0.525391 0.343750 0.519531 0.343750 0.517578 0.345703 0.513672 0.341797 0.513672 0.339844 0.515625 0.337891 0.515625 0.335938 0.517578 0.333984 0.521484 0.333984 0.523438 0.332031 0.523438 0.330078 0.527344 0.326172 0.525391 0.324219 0.525391 0.320312 0.523438 0.318359 0.527344 0.314453 0.527344 0.312500 0.529297 0.310547 0.529297 0.308594 0.525391 0.304688 0.525391 0.302734 0.523438 0.302734 0.521484 0.300781 0.511719 0.300781 0.509766 0.298828 0.509766 0.296875 0.507812 0.294922 0.507812 0.289062 0.505859 0.287109 0.505859 0.285156 0.507812 0.283203 0.498047 0.273438 0.496094 0.273438 0.494141 0.271484 0.492188 0.271484 0.488281 0.267578 0.484375 0.267578 0.482422 0.269531 0.480469 0.269531 0.474609 0.263672 0.474609 0.261719 0.472656 0.259766 0.472656 0.255859 0.470703 0.253906 0.466797 0.253906 0.464844 0.255859 0.462891 0.253906 0.458984 0.253906 0.457031 0.255859 0.453125 0.255859 0.451172 0.257812 0.451172 0.259766 0.449219 0.261719 0.449219 0.269531 0.447266 0.271484 0.443359 0.271484 0.439453 0.275391 0.429688 0.275391 0.427734 0.273438 0.427734 0.271484 0.429688 0.269531 0.429688 0.267578 0.425781 0.263672 0.425781 0.259766 0.423828 0.257812 0.421875 0.257812 0.419922 0.259766 0.419922 0.263672 0.417969 0.265625 0.417969 0.267578 0.416016 0.269531 0.414062 0.267578 0.412109 0.269531 0.410156 0.269531 0.408203 0.267578 0.404297 0.271484 0.404297 0.273438 0.400391 0.277344 0.398438 0.277344 0.400391 0.279297 0.400391 0.281250 0.398438 0.283203 0.398438 0.285156 0.400391 0.287109 0.402344 0.287109 0.404297 0.289062 0.404297 0.291016 0.406250 0.292969 0.402344 0.296875 0.398438 0.296875 0.398438 0.298828 0.396484 0.300781 0.392578 0.300781 0.388672 0.304688 0.386719 0.304688 0.384766 0.306641 0.373047 0.306641 0.373047 0.310547 0.369141 0.314453 0.367188 0.314453 0.365234 0.316406 0.361328 0.316406 0.359375 0.318359 0.357422 0.318359 0.353516 0.322266 0.351562 0.322266 0.349609 0.320312 0.343750 0.320312 0.343750 0.330078 0.345703 0.332031 0.345703 0.335938 0.347656 0.337891 0.347656 0.339844 0.349609 0.341797 0.349609 0.347656 0.351562 0.347656 0.353516 0.349609 0.353516 0.351562 0.355469 0.353516 0.355469 0.357422 0.353516 0.359375 0.349609 0.359375 0.347656 0.361328 0.347656 0.365234 0.351562 0.369141 0.351562 0.371094 0.353516 0.373047 0.353516 0.376953 0.351562 0.378906 0.349609 0.378906 0.347656 0.380859 0.345703 0.380859 0.341797 0.384766 0.339844 0.384766 0.337891 0.386719 0.335938 0.386719 0.333984 0.388672 0.332031 0.388672 0.328125 0.392578 0.328125 0.406250 0.324219 0.410156 0.324219 0.412109 0.322266 0.414062 0.322266 0.416016 0.320312 0.417969 0.316406 0.417969 0.316406 0.419922 0.314453 0.421875 0.308594 0.421875 0.306641 0.423828 0.304688 0.423828 0.300781 0.427734 0.298828 0.427734 0.296875 0.429688 0.296875 0.437500 0.291016 0.443359 0.289062 0.443359 0.289062 0.445312 0.287109 0.447266 0.287109 0.449219 0.285156 0.451172 0.275391 0.451172 0.273438 0.453125 0.267578 0.453125 0.261719 0.447266 0.261719 0.443359 0.259766 0.441406 0.259766 0.439453 0.261719 0.437500 0.265625 0.437500 0.265625 0.435547 0.267578 0.433594 0.267578 0.429688 0.265625 0.427734 0.265625 0.423828 0.263672 0.421875 0.263672 0.419922 0.259766 0.416016 0.259766 0.408203 0.257812 0.406250 0.257812 0.402344 0.255859 0.400391 0.255859 0.396484 0.257812 0.394531 0.257812 0.392578 0.259766 0.390625 0.259766 0.382812 0.257812 0.382812 0.255859 0.380859 0.255859 0.376953 0.253906 0.375000 0.253906 0.369141 0.251953 0.369141 0.250000 0.367188 0.232422 0.367188 0.232422 0.369141 0.228516 0.373047 0.228516 0.375000 0.226562 0.376953 0.220703 0.376953 0.218750 0.375000 0.218750 0.373047 0.214844 0.373047 0.212891 0.371094 0.212891 0.367188 0.208984 0.367188 0.207031 0.365234 0.207031 0.361328 0.205078 0.361328 0.201172 0.357422 0.201172 0.351562 0.203125 0.349609 0.205078 0.349609 0.205078 0.345703 0.207031 0.343750 0.207031 0.335938 0.201172 0.330078 0.201172 0.328125 0.199219 0.326172 0.195312 0.326172 0.193359 0.324219 0.191406 0.326172 0.189453 0.324219 0.181641 0.324219 0.179688 0.322266 0.179688 0.318359 0.173828 0.318359 0.171875 0.316406 0.167969 0.316406 0.166016 0.314453 0.166016 0.310547 0.167969 0.308594 0.167969 0.306641 0.169922 0.304688 0.169922 0.302734 0.171875 0.300781 0.171875 0.298828 0.177734 0.292969 0.177734 0.287109 0.179688 0.285156 0.179688 0.281250 0.169922 0.271484 0.169922 0.269531 0.167969 0.269531 0.162109 0.275391 0.158203 0.275391 0.156250 0.277344 0.146484 0.277344 0.146484 0.281250 0.144531 0.283203 0.142578 0.283203 0.140625 0.281250 0.130859 0.281250 0.126953 0.277344 0.126953 0.271484 0.125000 0.269531 0.121094 0.269531 0.117188 0.273438 0.115234 0.271484 0.111328 0.271484 0.109375 0.273438 0.107422 0.271484 0.107422 0.265625 0.105469 0.263672 0.105469 0.261719 0.095703 0.251953 0.093750 0.251953 0.091797 0.250000 0.091797 0.248047 0.095703 0.244141 0.097656 0.244141 0.099609 0.242188 0.101562 0.242188 0.103516 0.240234 0.105469 0.240234 0.109375 0.236328 0.123047 0.236328 0.125000 0.238281 0.125000 0.240234 0.123047 0.242188 0.123047 0.244141 0.119141 0.248047 0.119141 0.253906 0.125000 0.253906 0.126953 0.251953 0.136719 0.251953 0.136719 0.250000 0.138672 0.248047 0.138672 0.246094 0.144531 0.240234 0.144531 0.236328 0.146484 0.234375 0.146484 0.232422 0.148438 0.230469 0.148438 0.222656 0.146484 0.220703 0.144531 0.222656 0.142578 0.222656 0.140625 0.220703 0.142578 0.218750 0.142578 0.216797 0.134766 0.208984 0.136719 0.207031 0.136719 0.205078 0.134766 0.203125 0.128906 0.203125 0.126953 0.205078 0.125000 0.205078 0.123047 0.203125 0.121094 0.203125 0.119141 0.205078 0.117188 0.205078 0.113281 0.201172 0.113281 0.199219 0.111328 0.201172 0.109375 0.201172 0.107422 0.199219 0.105469 0.199219 0.103516 0.197266 0.103516 0.195312 0.101562 0.195312 0.099609 0.193359 0.097656 0.193359 0.093750 0.189453 0.091797 0.191406 0.089844 0.191406 0.089844 0.193359 0.085938 0.197266 0.082031 0.197266 0.080078 0.195312 0.080078 0.193359 0.082031 0.191406 0.082031 0.189453 0.083984 0.187500 0.082031 0.185547 0.082031 0.179688 0.076172 0.179688 0.074219 0.181641 0.072266 0.181641 0.070312 0.183594 0.070312 0.185547 0.068359 0.187500 0.068359 0.189453 0.066406 0.191406 0.064453 0.189453 0.064453 0.187500 0.062500 0.189453 0.060547 0.187500 0.056641 0.187500 0.054688 0.189453 0.052734 0.189453 0.050781 0.191406 0.048828 0.191406 0.048828 0.193359 0.046875 0.195312 0.044922 0.193359 0.044922 0.187500 0.046875 0.185547 0.046875 0.181641 0.056641 0.171875 0.056641 0.169922 0.054688 0.169922 0.052734 0.167969 0.052734 0.166016 0.046875 0.160156 0.046875 0.146484 0.044922 0.144531 0.044922 0.136719 0.042969 0.134766 0.035156 0.134766 0.033203 0.132812 0.029297 0.132812 0.027344 0.130859 0.023438 0.130859 0.021484 0.132812 0.019531 0.132812 0.017578 0.134766 0.013672 0.134766 0.009766 0.130859 0.009766 0.128906 0.001953 0.121094
0 0.513672 0.050781 0.507812 0.056641 0.505859 0.056641 0.505859 0.062500 0.507812 0.062500 0.509766 0.060547 0.511719 0.060547 0.513672 0.058594 0.515625 0.060547 0.517578 0.060547 0.517578 0.058594 0.519531 0.056641 0.519531 0.054688 0.521484 0.052734 0.519531 0.050781
0 0.576172 0.027344 0.576172 0.035156 0.578125 0.037109 0.583984 0.037109 0.585938 0.035156 0.585938 0.029297 0.583984 0.027344
0 0.166016 0.007812 0.164062 0.009766 0.164062 0.013672 0.166016 0.013672 0.167969 0.015625 0.167969 0.023438 0.169922 0.025391 0.169922 0.027344 0.171875 0.029297 0.171875 0.031250 0.173828 0.033203 0.175781 0.033203 0.177734 0.035156 0.179688 0.035156 0.183594 0.039062 0.191406 0.039062 0.193359 0.041016 0.193359 0.042969 0.195312 0.044922 0.201172 0.044922 0.203125 0.042969 0.203125 0.041016 0.205078 0.039062 0.205078 0.029297 0.203125 0.027344 0.201172 0.027344 0.199219 0.025391 0.197266 0.025391 0.195312 0.027344 0.193359 0.027344 0.191406 0.029297 0.189453 0.029297 0.187500 0.027344 0.183594 0.027344 0.181641 0.025391 0.179688 0.025391 0.177734 0.023438 0.177734 0.021484 0.175781 0.021484 0.173828 0.019531 0.173828 0.015625 0.171875 0.013672 0.171875 0.009766 0.169922 0.007812
0 0.644531 0.000000 0.642578 0.001953 0.644531 0.001953 0.646484 0.003906 0.646484 0.007812 0.644531 0.009766 0.646484 0.011719 0.646484 0.015625 0.642578 0.019531 0.640625 0.019531 0.638672 0.021484 0.636719 0.021484 0.634766 0.023438 0.632812 0.023438 0.628906 0.027344 0.626953 0.027344 0.626953 0.033203 0.623047 0.037109 0.623047 0.039062 0.621094 0.041016 0.621094 0.048828 0.619141 0.050781 0.619141 0.052734 0.621094 0.054688 0.619141 0.056641 0.619141 0.058594 0.621094 0.060547 0.621094 0.064453 0.623047 0.064453 0.623047 0.062500 0.625000 0.060547 0.626953 0.060547 0.630859 0.056641 0.634766 0.056641 0.636719 0.058594 0.636719 0.060547 0.634766 0.062500 0.636719 0.064453 0.636719 0.066406 0.634766 0.068359 0.634766 0.070312 0.632812 0.072266 0.634766 0.072266 0.636719 0.070312 0.640625 0.074219 0.640625 0.076172 0.638672 0.078125 0.636719 0.078125 0.636719 0.080078 0.634766 0.082031 0.634766 0.083984 0.632812 0.085938 0.632812 0.099609 0.630859 0.101562 0.630859 0.103516 0.628906 0.105469 0.626953 0.105469 0.625000 0.107422 0.623047 0.107422 0.621094 0.109375 0.621094 0.113281 0.617188 0.117188 0.617188 0.123047 0.619141 0.123047 0.621094 0.125000 0.621094 0.126953 0.625000 0.126953 0.628906 0.130859 0.628906 0.138672 0.630859 0.140625 0.630859 0.144531 0.632812 0.146484 0.632812 0.150391 0.628906 0.154297 0.628906 0.156250 0.626953 0.158203 0.625000 0.158203 0.623047 0.160156 0.621094 0.160156 0.619141 0.162109 0.613281 0.162109 0.611328 0.160156 0.611328 0.158203 0.607422 0.154297 0.607422 0.152344 0.605469 0.150391 0.607422 0.148438 0.607422 0.144531 0.609375 0.142578 0.609375 0.140625 0.611328 0.138672 0.611328 0.125000 0.609375 0.123047 0.609375 0.119141 0.607422 0.117188 0.607422 0.099609 0.605469 0.097656 0.605469 0.095703 0.603516 0.093750 0.603516 0.089844 0.601562 0.087891 0.599609 0.087891 0.597656 0.085938 0.597656 0.083984 0.591797 0.078125 0.591797 0.074219 0.589844 0.074219 0.587891 0.072266 0.585938 0.072266 0.580078 0.066406 0.580078 0.064453 0.576172 0.060547 0.574219 0.060547 0.572266 0.058594 0.562500 0.058594 0.554688 0.066406 0.554688 0.068359 0.550781 0.072266 0.548828 0.072266 0.548828 0.074219 0.542969 0.080078 0.542969 0.082031 0.541016 0.083984 0.541016 0.093750 0.542969 0.095703 0.542969 0.097656 0.544922 0.099609 0.544922 0.103516 0.548828 0.107422 0.550781 0.107422 0.552734 0.109375 0.552734 0.121094 0.550781 0.123047 0.550781 0.125000 0.546875 0.128906 0.546875 0.138672 0.548828 0.138672 0.550781 0.140625 0.552734 0.140625 0.554688 0.142578 0.554688 0.164062 0.558594 0.164062 0.560547 0.166016 0.560547 0.167969 0.562500 0.167969 0.564453 0.169922 0.566406 0.169922 0.568359 0.171875 0.568359 0.173828 0.570312 0.175781 0.570312 0.189453 0.568359 0.191406 0.566406 0.191406 0.566406 0.193359 0.564453 0.195312 0.564453 0.197266 0.560547 0.201172 0.562500 0.203125 0.562500 0.205078 0.564453 0.207031 0.566406 0.207031 0.570312 0.210938 0.570312 0.212891 0.572266 0.214844 0.572266 0.220703 0.574219 0.222656 0.574219 0.226562 0.578125 0.230469 0.578125 0.232422 0.580078 0.234375 0.576172 0.238281 0.576172 0.242188 0.574219 0.244141 0.574219 0.248047 0.576172 0.248047 0.578125 0.250000 0.578125 0.251953 0.583984 0.251953 0.585938 0.253906 0.585938 0.255859 0.589844 0.255859 0.595703 0.261719 0.601562 0.261719 0.603516 0.263672 0.603516 0.265625 0.605469 0.267578 0.605469 0.269531 0.611328 0.269531 0.617188 0.275391 0.617188 0.277344 0.619141 0.277344 0.621094 0.275391 0.623047 0.275391 0.623047 0.273438 0.625000 0.271484 0.625000 0.269531 0.623047 0.269531 0.621094 0.267578 0.617188 0.267578 0.613281 0.263672 0.613281 0.261719 0.615234 0.259766 0.619141 0.259766 0.621094 0.257812 0.628906 0.257812 0.628906 0.255859 0.630859 0.253906 0.630859 0.251953 0.634766 0.248047 0.634766 0.246094 0.638672 0.242188 0.638672 0.240234 0.640625 0.238281 0.642578 0.238281 0.642578 0.234375 0.644531 0.232422 0.644531 0.230469 0.648438 0.226562 0.648438 0.224609 0.652344 0.220703 0.654297 0.222656 0.656250 0.222656 0.662109 0.228516 0.664062 0.228516 0.666016 0.230469 0.667969 0.230469 0.669922 0.232422 0.675781 0.232422 0.679688 0.236328 0.679688 0.240234 0.681641 0.242188 0.681641 0.246094 0.683594 0.248047 0.683594 0.253906 0.681641 0.255859 0.679688 0.255859 0.679688 0.263672 0.681641 0.265625 0.683594 0.265625 0.685547 0.267578 0.685547 0.269531 0.687500 0.271484 0.687500 0.273438 0.693359 0.279297 0.691406 0.281250 0.687500 0.281250 0.687500 0.283203 0.685547 0.285156 0.679688 0.285156 0.677734 0.283203 0.656250 0.283203 0.650391 0.289062 0.650391 0.292969 0.648438 0.294922 0.644531 0.294922 0.638672 0.289062 0.638672 0.287109 0.636719 0.287109 0.634766 0.285156 0.634766 0.281250 0.632812 0.279297 0.626953 0.279297 0.621094 0.285156 0.619141 0.285156 0.619141 0.292969 0.613281 0.298828 0.611328 0.298828 0.609375 0.300781 0.607422 0.300781 0.605469 0.302734 0.603516 0.302734 0.601562 0.304688 0.601562 0.310547 0.603516 0.310547 0.607422 0.314453 0.605469 0.316406 0.607422 0.318359 0.611328 0.318359 0.613281 0.316406 0.615234 0.316406 0.617188 0.314453 0.619141 0.314453 0.621094 0.312500 0.623047 0.312500 0.623047 0.306641 0.625000 0.304688 0.626953 0.306641 0.628906 0.306641 0.630859 0.308594 0.632812 0.308594 0.638672 0.314453 0.640625 0.314453 0.642578 0.316406 0.648438 0.316406 0.652344 0.320312 0.652344 0.332031 0.650391 0.333984 0.650391 0.341797 0.654297 0.345703 0.679688 0.345703 0.681641 0.347656 0.685547 0.347656 0.687500 0.345703 0.695312 0.345703 0.699219 0.349609 0.705078 0.349609 0.707031 0.351562 0.708984 0.349609 0.712891 0.349609 0.714844 0.347656 0.716797 0.347656 0.722656 0.353516 0.718750 0.357422 0.716797 0.357422 0.716797 0.361328 0.714844 0.363281 0.708984 0.363281 0.707031 0.361328 0.701172 0.361328 0.699219 0.359375 0.693359 0.359375 0.693359 0.367188 0.695312 0.369141 0.697266 0.369141 0.701172 0.373047 0.705078 0.373047 0.708984 0.376953 0.710938 0.376953 0.714844 0.380859 0.716797 0.380859 0.720703 0.384766 0.720703 0.386719 0.726562 0.386719 0.728516 0.384766 0.730469 0.384766 0.736328 0.378906 0.736328 0.375000 0.732422 0.375000 0.730469 0.373047 0.730469 0.369141 0.732422 0.367188 0.734375 0.367188 0.734375 0.363281 0.736328 0.361328 0.738281 0.361328 0.740234 0.359375 0.742188 0.361328 0.742188 0.363281 0.744141 0.361328 0.744141 0.359375 0.748047 0.355469 0.750000 0.355469 0.751953 0.357422 0.755859 0.357422 0.755859 0.353516 0.757812 0.351562 0.759766 0.351562 0.759766 0.349609 0.761719 0.347656 0.763672 0.347656 0.763672 0.341797 0.765625 0.339844 0.765625 0.335938 0.767578 0.333984 0.767578 0.332031 0.769531 0.330078 0.769531 0.328125 0.771484 0.326172 0.775391 0.326172 0.777344 0.324219 0.789062 0.324219 0.791016 0.326172 0.791016 0.330078 0.789062 0.332031 0.789062 0.335938 0.785156 0.339844 0.785156 0.345703 0.781250 0.349609 0.783203 0.351562 0.783203 0.353516 0.785156 0.355469 0.785156 0.359375 0.783203 0.361328 0.781250 0.359375 0.781250 0.365234 0.779297 0.367188 0.779297 0.369141 0.781250 0.371094 0.779297 0.373047 0.779297 0.376953 0.775391 0.380859 0.775391 0.386719 0.779297 0.390625 0.779297 0.392578 0.775391 0.396484 0.775391 0.404297 0.777344 0.406250 0.777344 0.412109 0.781250 0.416016 0.781250 0.419922 0.785156 0.423828 0.787109 0.423828 0.789062 0.425781 0.791016 0.425781 0.792969 0.427734 0.796875 0.427734 0.798828 0.429688 0.798828 0.431641 0.802734 0.431641 0.812500 0.441406 0.812500 0.443359 0.814453 0.445312 0.818359 0.445312 0.820312 0.447266 0.822266 0.447266 0.824219 0.449219 0.826172 0.449219 0.830078 0.453125 0.839844 0.453125 0.843750 0.457031 0.845703 0.457031 0.847656 0.458984 0.851562 0.458984 0.853516 0.457031 0.857422 0.457031 0.861328 0.460938 0.869141 0.460938 0.871094 0.462891 0.873047 0.460938 0.873047 0.457031 0.875000 0.455078 0.878906 0.455078 0.882812 0.458984 0.882812 0.460938 0.880859 0.462891 0.884766 0.462891 0.886719 0.460938 0.890625 0.460938 0.892578 0.462891 0.892578 0.460938 0.894531 0.458984 0.898438 0.458984 0.900391 0.460938 0.902344 0.460938 0.906250 0.464844 0.906250 0.466797 0.916016 0.466797 0.919922 0.470703 0.917969 0.472656 0.919922 0.474609 0.923828 0.474609 0.925781 0.476562 0.941406 0.476562 0.947266 0.470703 0.953125 0.470703 0.957031 0.466797 0.962891 0.466797 0.964844 0.464844 0.970703 0.464844 0.972656 0.462891 0.974609 0.462891 0.976562 0.460938 0.978516 0.460938 0.980469 0.458984 0.982422 0.458984 0.984375 0.460938 0.988281 0.460938 0.990234 0.458984 0.992188 0.458984 0.992188 0.000000
0 0.568359 0.000000 0.568359 0.001953 0.566406 0.003906 0.566406 0.005859 0.564453 0.007812 0.562500 0.007812 0.560547 0.005859 0.552734 0.005859 0.550781 0.007812 0.550781 0.017578 0.552734 0.019531 0.552734 0.025391 0.558594 0.025391 0.562500 0.021484 0.564453 0.021484 0.564453 0.019531 0.570312 0.013672 0.572266 0.013672 0.572266 0.011719 0.574219 0.009766 0.576172 0.009766 0.580078 0.005859 0.582031 0.005859 0.582031 0.001953 0.580078 0.000000