0 0.851562 0.933594 0.851562 0.941406 0.853516 0.943359 0.853516 0.945312 0.855469 0.945312 0.857422 0.947266 0.857422 0.949219 0.861328 0.949219 0.863281 0.951172 0.863281 0.955078 0.867188 0.955078 0.869141 0.957031 0.869141 0.958984 0.871094 0.960938 0.873047 0.960938 0.875000 0.962891 0.882812 0.962891 0.882812 0.955078 0.880859 0.955078 0.876953 0.951172 0.875000 0.951172 0.873047 0.949219 0.873047 0.947266 0.867188 0.947266 0.865234 0.945312 0.865234 0.941406 0.863281 0.941406 0.861328 0.939453 0.861328 0.937500 0.859375 0.935547 0.859375 0.933594
0 0.953125 0.923828 0.953125 0.931641 0.957031 0.931641 0.958984 0.933594 0.958984 0.935547 0.960938 0.937500 0.960938 0.945312 0.968750 0.945312 0.968750 0.933594 0.966797 0.931641 0.966797 0.927734 0.962891 0.927734 0.960938 0.925781 0.960938 0.923828
0 0.951172 0.910156 0.951172 0.917969 0.958984 0.917969 0.958984 0.910156
0 0.949219 0.894531 0.949219 0.902344 0.957031 0.902344 0.957031 0.894531
0 0.947266 0.878906 0.947266 0.886719 0.955078 0.886719 0.955078 0.878906
0 0.853516 0.828125 0.853516 0.835938 0.861328 0.835938 0.861328 0.828125
0 0.814453 0.828125 0.812500 0.830078 0.810547 0.830078 0.810547 0.832031 0.808594 0.833984 0.808594 0.859375 0.810547 0.861328 0.810547 0.863281 0.812500 0.865234 0.812500 0.869141 0.814453 0.871094 0.814453 0.875000 0.818359 0.875000 0.820312 0.876953 0.820312 0.882812 0.822266 0.884766 0.822266 0.886719 0.824219 0.886719 0.826172 0.888672 0.826172 0.892578 0.828125 0.894531 0.828125 0.902344 0.832031 0.902344 0.833984 0.904297 0.833984 0.912109 0.835938 0.912109 0.837891 0.914062 0.837891 0.917969 0.839844 0.917969 0.841797 0.919922 0.841797 0.925781 0.849609 0.925781 0.849609 0.917969 0.847656 0.917969 0.845703 0.916016 0.845703 0.910156 0.843750 0.910156 0.841797 0.908203 0.841797 0.904297 0.837891 0.904297 0.835938 0.902344 0.835938 0.894531 0.833984 0.892578 0.833984 0.884766 0.832031 0.884766 0.830078 0.882812 0.830078 0.878906 0.828125 0.876953 0.828125 0.875000 0.824219 0.875000 0.822266 0.873047 0.822266 0.867188 0.820312 0.865234 0.820312 0.861328 0.818359 0.859375 0.818359 0.855469 0.816406 0.853516 0.816406 0.839844 0.820312 0.835938 0.843750 0.835938 0.843750 0.828125
0 0.869141 0.824219 0.869141 0.832031 0.876953 0.832031 0.876953 0.824219
0 0.882812 0.822266 0.882812 0.830078 0.890625 0.830078 0.890625 0.822266
0 0.898438 0.816406 0.898438 0.824219 0.906250 0.824219 0.906250 0.816406
0 0.947266 0.802734 0.947266 0.828125 0.945312 0.830078 0.945312 0.875000 0.953125 0.875000 0.953125 0.835938 0.955078 0.833984 0.955078 0.802734
0 0.744141 0.736328 0.742188 0.738281 0.740234 0.738281 0.736328 0.742188 0.736328 0.744141 0.734375 0.746094 0.732422 0.746094 0.732422 0.748047 0.730469 0.750000 0.728516 0.750000 0.728516 0.751953 0.724609 0.755859 0.724609 0.757812 0.720703 0.761719 0.718750 0.761719 0.718750 0.763672 0.716797 0.765625 0.714844 0.765625 0.710938 0.769531 0.708984 0.769531 0.707031 0.771484 0.703125 0.771484 0.701172 0.773438 0.689453 0.773438 0.687500 0.775391 0.677734 0.775391 0.675781 0.773438 0.675781 0.771484 0.673828 0.771484 0.671875 0.769531 0.671875 0.765625 0.669922 0.763672 0.669922 0.761719 0.667969 0.759766 0.667969 0.748047 0.660156 0.748047 0.660156 0.767578 0.662109 0.769531 0.662109 0.773438 0.664062 0.773438 0.666016 0.775391 0.666016 0.779297 0.669922 0.783203 0.691406 0.783203 0.693359 0.781250 0.703125 0.781250 0.705078 0.779297 0.710938 0.779297 0.712891 0.777344 0.716797 0.777344 0.718750 0.775391 0.720703 0.775391 0.724609 0.771484 0.726562 0.771484 0.726562 0.769531 0.728516 0.767578 0.730469 0.767578 0.730469 0.765625 0.734375 0.761719 0.734375 0.759766 0.736328 0.757812 0.738281 0.757812 0.738281 0.755859 0.740234 0.753906 0.742188 0.753906 0.742188 0.751953 0.748047 0.746094 0.751953 0.746094 0.757812 0.751953 0.757812 0.753906 0.763672 0.759766 0.763672 0.767578 0.765625 0.769531 0.765625 0.773438 0.767578 0.775391 0.767578 0.777344 0.769531 0.779297 0.769531 0.802734 0.767578 0.804688 0.767578 0.814453 0.765625 0.816406 0.765625 0.818359 0.763672 0.820312 0.763672 0.888672 0.767578 0.892578 0.767578 0.896484 0.769531 0.898438 0.769531 0.904297 0.773438 0.908203 0.773438 0.910156 0.781250 0.917969 0.781250 0.919922 0.783203 0.919922 0.791016 0.927734 0.791016 0.931641 0.792969 0.931641 0.794922 0.933594 0.794922 0.935547 0.796875 0.937500 0.796875 0.941406 0.804688 0.949219 0.804688 0.953125 0.806641 0.955078 0.806641 0.957031 0.808594 0.958984 0.808594 0.960938 0.810547 0.962891 0.812500 0.962891 0.814453 0.964844 0.814453 0.966797 0.816406 0.966797 0.818359 0.968750 0.818359 0.970703 0.824219 0.976562 0.828125 0.976562 0.830078 0.978516 0.830078 0.980469 0.832031 0.982422 0.837891 0.982422 0.839844 0.984375 0.841797 0.984375 0.843750 0.986328 0.853516 0.986328 0.853516 0.978516 0.849609 0.978516 0.847656 0.976562 0.845703 0.976562 0.843750 0.974609 0.839844 0.974609 0.837891 0.972656 0.837891 0.970703 0.835938 0.970703 0.833984 0.968750 0.832031 0.968750 0.826172 0.962891 0.824219 0.962891 0.822266 0.960938 0.822266 0.958984 0.820312 0.958984 0.818359 0.957031 0.818359 0.955078 0.816406 0.953125 0.816406 0.951172 0.812500 0.947266 0.812500 0.943359 0.810547 0.941406 0.810547 0.939453 0.806641 0.935547 0.806641 0.933594 0.802734 0.929688 0.802734 0.925781 0.796875 0.919922 0.796875 0.917969 0.792969 0.914062 0.791016 0.914062 0.789062 0.912109 0.789062 0.910156 0.783203 0.904297 0.783203 0.902344 0.781250 0.900391 0.781250 0.898438 0.777344 0.894531 0.777344 0.888672 0.775391 0.886719 0.775391 0.884766 0.771484 0.880859 0.771484 0.828125 0.773438 0.826172 0.773438 0.822266 0.775391 0.820312 0.775391 0.812500 0.777344 0.810547 0.777344 0.771484 0.775391 0.769531 0.775391 0.767578 0.773438 0.765625 0.773438 0.761719 0.771484 0.759766 0.771484 0.753906 0.769531 0.751953 0.769531 0.750000 0.763672 0.744141 0.763672 0.742188 0.759766 0.738281 0.755859 0.738281 0.753906 0.736328
0 0.851562 0.675781 0.851562 0.685547 0.853516 0.687500 0.853516 0.693359 0.855469 0.695312 0.855469 0.697266 0.857422 0.699219 0.857422 0.703125 0.859375 0.703125 0.861328 0.705078 0.861328 0.707031 0.863281 0.708984 0.863281 0.710938 0.865234 0.712891 0.865234 0.716797 0.869141 0.720703 0.869141 0.722656 0.871094 0.724609 0.873047 0.724609 0.875000 0.726562 0.875000 0.730469 0.876953 0.732422 0.878906 0.732422 0.880859 0.734375 0.880859 0.736328 0.882812 0.736328 0.884766 0.738281 0.884766 0.740234 0.886719 0.742188 0.886719 0.744141 0.888672 0.744141 0.890625 0.746094 0.890625 0.748047 0.894531 0.751953 0.894531 0.753906 0.896484 0.755859 0.896484 0.759766 0.898438 0.761719 0.898438 0.767578 0.902344 0.767578 0.904297 0.769531 0.904297 0.775391 0.906250 0.777344 0.906250 0.779297 0.908203 0.779297 0.910156 0.781250 0.910156 0.787109 0.912109 0.789062 0.912109 0.794922 0.916016 0.794922 0.917969 0.796875 0.917969 0.804688 0.916016 0.806641 0.914062 0.806641 0.912109 0.808594 0.912109 0.810547 0.910156 0.812500 0.910156 0.820312 0.917969 0.820312 0.917969 0.818359 0.921875 0.814453 0.921875 0.812500 0.923828 0.810547 0.925781 0.810547 0.925781 0.792969 0.921875 0.792969 0.919922 0.791016 0.919922 0.783203 0.917969 0.781250 0.917969 0.779297 0.916016 0.779297 0.914062 0.777344 0.914062 0.771484 0.912109 0.769531 0.912109 0.767578 0.908203 0.767578 0.906250 0.765625 0.906250 0.755859 0.904297 0.753906 0.904297 0.751953 0.902344 0.750000 0.902344 0.744141 0.898438 0.740234 0.898438 0.738281 0.896484 0.738281 0.894531 0.736328 0.894531 0.732422 0.892578 0.730469 0.890625 0.730469 0.888672 0.728516 0.886719 0.728516 0.884766 0.726562 0.884766 0.724609 0.882812 0.722656 0.880859 0.722656 0.878906 0.720703 0.878906 0.716797 0.875000 0.712891 0.875000 0.710938 0.871094 0.707031 0.871094 0.703125 0.869141 0.701172 0.869141 0.699219 0.867188 0.699219 0.865234 0.697266 0.865234 0.695312 0.863281 0.693359 0.863281 0.689453 0.861328 0.687500 0.861328 0.683594 0.859375 0.681641 0.859375 0.675781
0 0.308594 0.636719 0.308594 0.638672 0.304688 0.642578 0.302734 0.642578 0.300781 0.644531 0.300781 0.646484 0.298828 0.648438 0.296875 0.648438 0.296875 0.652344 0.294922 0.654297 0.291016 0.654297 0.287109 0.658203 0.285156 0.658203 0.281250 0.662109 0.281250 0.666016 0.279297 0.667969 0.277344 0.667969 0.277344 0.673828 0.275391 0.675781 0.275391 0.681641 0.273438 0.683594 0.271484 0.683594 0.271484 0.691406 0.269531 0.693359 0.269531 0.708984 0.277344 0.708984 0.277344 0.693359 0.279297 0.691406 0.279297 0.685547 0.281250 0.683594 0.283203 0.683594 0.283203 0.677734 0.285156 0.675781 0.285156 0.671875 0.287109 0.669922 0.289062 0.669922 0.294922 0.664062 0.296875 0.664062 0.300781 0.660156 0.304688 0.660156 0.304688 0.656250 0.306641 0.654297 0.308594 0.654297 0.308594 0.652344 0.312500 0.648438 0.314453 0.648438 0.318359 0.652344 0.318359 0.654297 0.320312 0.656250 0.320312 0.662109 0.322266 0.662109 0.324219 0.664062 0.324219 0.710938 0.322266 0.712891 0.320312 0.712891 0.320312 0.720703 0.318359 0.722656 0.318359 0.728516 0.316406 0.730469 0.316406 0.740234 0.324219 0.740234 0.324219 0.738281 0.326172 0.736328 0.326172 0.730469 0.328125 0.728516 0.328125 0.712891 0.330078 0.710938 0.332031 0.710938 0.332031 0.662109 0.330078 0.662109 0.328125 0.660156 0.328125 0.654297 0.326172 0.652344 0.326172 0.646484 0.324219 0.644531 0.324219 0.642578 0.320312 0.638672 0.320312 0.636719
0 0.876953 0.609375 0.871094 0.615234 0.867188 0.615234 0.865234 0.617188 0.863281 0.617188 0.861328 0.619141 0.857422 0.619141 0.855469 0.621094 0.849609 0.621094 0.845703 0.625000 0.841797 0.625000 0.841797 0.628906 0.839844 0.630859 0.839844 0.638672 0.847656 0.638672 0.849609 0.636719 0.849609 0.634766 0.851562 0.632812 0.853516 0.632812 0.857422 0.628906 0.863281 0.628906 0.865234 0.626953 0.869141 0.626953 0.873047 0.623047 0.876953 0.623047 0.878906 0.621094 0.880859 0.621094 0.882812 0.619141 0.886719 0.623047 0.888672 0.623047 0.892578 0.626953 0.892578 0.628906 0.894531 0.628906 0.900391 0.634766 0.900391 0.636719 0.902344 0.638672 0.902344 0.642578 0.900391 0.644531 0.898438 0.644531 0.898438 0.646484 0.896484 0.648438 0.896484 0.650391 0.894531 0.652344 0.892578 0.652344 0.892578 0.654297 0.886719 0.660156 0.886719 0.673828 0.894531 0.673828 0.894531 0.667969 0.898438 0.664062 0.898438 0.662109 0.900391 0.660156 0.900391 0.658203 0.902344 0.656250 0.904297 0.656250 0.906250 0.654297 0.906250 0.652344 0.908203 0.650391 0.910156 0.650391 0.910156 0.630859 0.906250 0.626953 0.906250 0.625000 0.898438 0.617188 0.898438 0.615234 0.896484 0.615234 0.894531 0.613281 0.892578 0.613281 0.888672 0.609375
0 0.384766 0.562500 0.376953 0.570312 0.376953 0.572266 0.375000 0.574219 0.373047 0.574219 0.373047 0.576172 0.371094 0.578125 0.371094 0.580078 0.367188 0.583984 0.367188 0.585938 0.363281 0.589844 0.363281 0.591797 0.361328 0.593750 0.361328 0.597656 0.359375 0.599609 0.359375 0.601562 0.357422 0.603516 0.357422 0.607422 0.355469 0.609375 0.355469 0.613281 0.353516 0.615234 0.353516 0.619141 0.351562 0.621094 0.349609 0.621094 0.347656 0.623047 0.345703 0.621094 0.343750 0.621094 0.337891 0.615234 0.337891 0.613281 0.335938 0.611328 0.335938 0.609375 0.332031 0.605469 0.333984 0.603516 0.333984 0.585938 0.332031 0.583984 0.332031 0.572266 0.330078 0.570312 0.330078 0.568359 0.328125 0.566406 0.328125 0.564453 0.318359 0.564453 0.318359 0.572266 0.322266 0.576172 0.322266 0.578125 0.324219 0.580078 0.324219 0.591797 0.326172 0.593750 0.326172 0.597656 0.324219 0.599609 0.324219 0.611328 0.326172 0.613281 0.326172 0.615234 0.328125 0.617188 0.328125 0.619141 0.330078 0.621094 0.330078 0.623047 0.335938 0.628906 0.337891 0.628906 0.341797 0.632812 0.355469 0.632812 0.357422 0.630859 0.357422 0.626953 0.359375 0.625000 0.361328 0.625000 0.361328 0.623047 0.363281 0.621094 0.363281 0.617188 0.365234 0.615234 0.365234 0.611328 0.367188 0.609375 0.367188 0.605469 0.369141 0.603516 0.369141 0.601562 0.371094 0.599609 0.371094 0.597656 0.375000 0.593750 0.375000 0.591797 0.378906 0.587891 0.378906 0.585938 0.384766 0.580078 0.384766 0.578125 0.388672 0.574219 0.392578 0.578125 0.392578 0.580078 0.394531 0.582031 0.394531 0.583984 0.396484 0.585938 0.394531 0.587891 0.394531 0.589844 0.386719 0.597656 0.386719 0.601562 0.384766 0.603516 0.382812 0.603516 0.380859 0.605469 0.380859 0.619141 0.382812 0.621094 0.382812 0.626953 0.380859 0.628906 0.380859 0.632812 0.378906 0.634766 0.378906 0.636719 0.376953 0.638672 0.376953 0.642578 0.375000 0.644531 0.375000 0.648438 0.373047 0.650391 0.373047 0.656250 0.371094 0.658203 0.371094 0.699219 0.369141 0.701172 0.369141 0.705078 0.365234 0.708984 0.363281 0.708984 0.361328 0.710938 0.355469 0.710938 0.353516 0.712891 0.353516 0.720703 0.363281 0.720703 0.365234 0.718750 0.369141 0.718750 0.371094 0.716797 0.373047 0.716797 0.375000 0.714844 0.375000 0.712891 0.378906 0.708984 0.378906 0.707031 0.380859 0.705078 0.380859 0.693359 0.378906 0.691406 0.378906 0.662109 0.380859 0.660156 0.380859 0.654297 0.382812 0.652344 0.382812 0.650391 0.384766 0.648438 0.384766 0.644531 0.386719 0.642578 0.386719 0.640625 0.388672 0.638672 0.388672 0.636719 0.390625 0.634766 0.390625 0.632812 0.392578 0.630859 0.392578 0.619141 0.390625 0.617188 0.390625 0.615234 0.388672 0.613281 0.390625 0.611328 0.390625 0.609375 0.392578 0.607422 0.394531 0.607422 0.394531 0.605469 0.402344 0.597656 0.402344 0.595703 0.404297 0.593750 0.404297 0.576172 0.400391 0.572266 0.400391 0.570312 0.392578 0.562500
0 0.173828 0.166016 0.173828 0.173828 0.181641 0.173828 0.181641 0.166016
0 0.083984 0.166016 0.083984 0.173828 0.087891 0.173828 0.089844 0.175781 0.089844 0.177734 0.091797 0.177734 0.093750 0.179688 0.093750 0.183594 0.095703 0.185547 0.095703 0.201172 0.097656 0.203125 0.097656 0.212891 0.099609 0.214844 0.099609 0.222656 0.101562 0.224609 0.101562 0.232422 0.103516 0.234375 0.103516 0.238281 0.105469 0.240234 0.105469 0.244141 0.107422 0.246094 0.107422 0.251953 0.109375 0.251953 0.111328 0.253906 0.111328 0.257812 0.113281 0.259766 0.115234 0.259766 0.117188 0.261719 0.117188 0.265625 0.121094 0.269531 0.121094 0.273438 0.123047 0.273438 0.125000 0.275391 0.125000 0.277344 0.126953 0.279297 0.130859 0.279297 0.134766 0.283203 0.140625 0.283203 0.142578 0.285156 0.144531 0.285156 0.146484 0.287109 0.158203 0.287109 0.158203 0.285156 0.160156 0.283203 0.164062 0.283203 0.164062 0.281250 0.171875 0.273438 0.175781 0.273438 0.177734 0.271484 0.181641 0.271484 0.183594 0.273438 0.201172 0.273438 0.201172 0.271484 0.203125 0.269531 0.205078 0.269531 0.208984 0.265625 0.210938 0.265625 0.212891 0.263672 0.212891 0.261719 0.216797 0.257812 0.218750 0.257812 0.218750 0.255859 0.220703 0.253906 0.222656 0.253906 0.222656 0.251953 0.224609 0.250000 0.226562 0.250000 0.232422 0.244141 0.234375 0.244141 0.234375 0.242188 0.238281 0.238281 0.240234 0.238281 0.240234 0.236328 0.244141 0.232422 0.246094 0.232422 0.246094 0.230469 0.248047 0.228516 0.250000 0.228516 0.250000 0.226562 0.253906 0.222656 0.255859 0.222656 0.255859 0.220703 0.257812 0.218750 0.259766 0.218750 0.261719 0.216797 0.261719 0.208984 0.253906 0.208984 0.251953 0.210938 0.250000 0.210938 0.244141 0.216797 0.244141 0.218750 0.240234 0.222656 0.238281 0.222656 0.238281 0.224609 0.236328 0.226562 0.234375 0.226562 0.234375 0.228516 0.230469 0.232422 0.228516 0.232422 0.228516 0.234375 0.224609 0.238281 0.222656 0.238281 0.218750 0.242188 0.218750 0.244141 0.216797 0.246094 0.212891 0.246094 0.212891 0.248047 0.208984 0.251953 0.207031 0.251953 0.207031 0.253906 0.201172 0.259766 0.199219 0.259766 0.197266 0.261719 0.197266 0.263672 0.195312 0.265625 0.191406 0.265625 0.189453 0.263672 0.171875 0.263672 0.169922 0.265625 0.164062 0.265625 0.158203 0.271484 0.158203 0.273438 0.156250 0.275391 0.152344 0.275391 0.150391 0.277344 0.148438 0.275391 0.142578 0.275391 0.140625 0.273438 0.138672 0.273438 0.136719 0.271484 0.134766 0.271484 0.132812 0.269531 0.132812 0.267578 0.130859 0.267578 0.128906 0.265625 0.128906 0.261719 0.125000 0.257812 0.125000 0.255859 0.123047 0.255859 0.121094 0.253906 0.121094 0.251953 0.119141 0.250000 0.117188 0.250000 0.115234 0.248047 0.115234 0.244141 0.113281 0.242188 0.113281 0.236328 0.111328 0.234375 0.111328 0.230469 0.109375 0.228516 0.109375 0.224609 0.107422 0.222656 0.107422 0.210938 0.105469 0.208984 0.105469 0.195312 0.103516 0.193359 0.103516 0.179688 0.101562 0.177734 0.101562 0.173828 0.099609 0.171875 0.099609 0.169922 0.095703 0.169922 0.093750 0.167969 0.093750 0.166016
0 0.177734 0.152344 0.177734 0.160156 0.185547 0.160156 0.185547 0.152344
0 0.130859 0.148438 0.130859 0.156250 0.132812 0.156250 0.134766 0.158203 0.134766 0.166016 0.136719 0.167969 0.136719 0.171875 0.138672 0.173828 0.138672 0.179688 0.142578 0.179688 0.144531 0.181641 0.144531 0.183594 0.146484 0.185547 0.146484 0.187500 0.148438 0.189453 0.148438 0.191406 0.150391 0.191406 0.152344 0.193359 0.152344 0.195312 0.154297 0.195312 0.156250 0.197266 0.156250 0.199219 0.167969 0.199219 0.167969 0.197266 0.169922 0.195312 0.169922 0.187500 0.171875 0.185547 0.177734 0.185547 0.177734 0.177734 0.169922 0.177734 0.169922 0.185547 0.167969 0.187500 0.158203 0.187500 0.156250 0.185547 0.156250 0.183594 0.154297 0.181641 0.154297 0.179688 0.152344 0.177734 0.152344 0.175781 0.148438 0.175781 0.146484 0.173828 0.146484 0.171875 0.144531 0.169922 0.144531 0.164062 0.142578 0.162109 0.142578 0.158203 0.140625 0.158203 0.138672 0.156250 0.138672 0.148438
0 0.125000 0.136719 0.125000 0.144531 0.132812 0.144531 0.132812 0.136719
0 0.121094 0.123047 0.121094 0.130859 0.128906 0.130859 0.128906 0.123047
0 0.197266 0.121094 0.197266 0.123047 0.195312 0.125000 0.191406 0.125000 0.191406 0.128906 0.189453 0.130859 0.187500 0.130859 0.187500 0.136719 0.185547 0.138672 0.183594 0.138672 0.183594 0.146484 0.191406 0.146484 0.191406 0.140625 0.193359 0.138672 0.195312 0.138672 0.195312 0.134766 0.197266 0.132812 0.199219 0.132812 0.199219 0.130859 0.201172 0.128906 0.234375 0.128906 0.234375 0.121094
0 0.115234 0.101562 0.115234 0.109375 0.123047 0.109375 0.123047 0.101562
0 0.267578 0.091797 0.267578 0.101562 0.265625 0.103516 0.263672 0.103516 0.263672 0.105469 0.259766 0.109375 0.259766 0.115234 0.257812 0.117188 0.253906 0.117188 0.251953 0.119141 0.248047 0.119141 0.246094 0.121094 0.240234 0.121094 0.240234 0.128906 0.248047 0.128906 0.250000 0.126953 0.255859 0.126953 0.257812 0.125000 0.261719 0.125000 0.261719 0.119141 0.263672 0.117188 0.267578 0.117188 0.269531 0.115234 0.269531 0.113281 0.273438 0.109375 0.275391 0.109375 0.275391 0.091797
0 0.410156 0.089844 0.410156 0.097656 0.419922 0.097656 0.421875 0.099609 0.423828 0.099609 0.425781 0.101562 0.427734 0.101562 0.429688 0.103516 0.435547 0.103516 0.437500 0.105469 0.437500 0.107422 0.439453 0.109375 0.460938 0.109375 0.460938 0.103516 0.462891 0.101562 0.464844 0.101562 0.464844 0.093750 0.457031 0.093750 0.455078 0.095703 0.453125 0.095703 0.453125 0.099609 0.451172 0.101562 0.447266 0.101562 0.445312 0.099609 0.439453 0.099609 0.437500 0.097656 0.437500 0.095703 0.435547 0.095703 0.433594 0.093750 0.431641 0.093750 0.429688 0.091797 0.425781 0.091797 0.423828 0.089844
0 0.257812 0.072266 0.257812 0.080078 0.259766 0.080078 0.261719 0.082031 0.261719 0.087891 0.269531 0.087891 0.269531 0.080078 0.267578 0.080078 0.265625 0.078125 0.265625 0.072266
0 0.087891 0.068359 0.087891 0.076172 0.093750 0.076172 0.095703 0.078125 0.095703 0.082031 0.099609 0.082031 0.101562 0.083984 0.101562 0.085938 0.103516 0.085938 0.105469 0.087891 0.105469 0.089844 0.107422 0.089844 0.109375 0.091797 0.109375 0.097656 0.117188 0.097656 0.117188 0.089844 0.115234 0.089844 0.113281 0.087891 0.113281 0.082031 0.111328 0.082031 0.109375 0.080078 0.109375 0.078125 0.105469 0.078125 0.103516 0.076172 0.103516 0.074219 0.101562 0.074219 0.099609 0.072266 0.099609 0.068359
0 0.248047 0.058594 0.248047 0.066406 0.255859 0.066406 0.255859 0.058594
0 0.273438 0.044922 0.273438 0.052734 0.275391 0.052734 0.277344 0.054688 0.277344 0.056641 0.283203 0.056641 0.285156 0.058594 0.285156 0.066406 0.287109 0.068359 0.292969 0.068359 0.294922 0.070312 0.294922 0.072266 0.296875 0.072266 0.298828 0.074219 0.302734 0.074219 0.304688 0.076172 0.308594 0.076172 0.310547 0.078125 0.310547 0.082031 0.316406 0.082031 0.318359 0.083984 0.324219 0.083984 0.326172 0.085938 0.326172 0.087891 0.361328 0.087891 0.363281 0.085938 0.371094 0.085938 0.373047 0.087891 0.390625 0.087891 0.392578 0.089844 0.392578 0.093750 0.396484 0.093750 0.398438 0.095703 0.406250 0.095703 0.406250 0.087891 0.402344 0.087891 0.400391 0.085938 0.392578 0.085938 0.390625 0.083984 0.390625 0.080078 0.376953 0.080078 0.375000 0.078125 0.357422 0.078125 0.355469 0.080078 0.328125 0.080078 0.326172 0.078125 0.326172 0.076172 0.320312 0.076172 0.318359 0.074219 0.314453 0.074219 0.312500 0.072266 0.312500 0.068359 0.308594 0.068359 0.306641 0.066406 0.304688 0.066406 0.302734 0.064453 0.296875 0.064453 0.294922 0.062500 0.294922 0.060547 0.292969 0.058594 0.287109 0.058594 0.285156 0.056641 0.285156 0.048828 0.283203 0.048828 0.281250 0.046875 0.281250 0.044922
0 0.234375 0.044922 0.234375 0.052734 0.242188 0.052734 0.242188 0.044922
0 0.259766 0.031250 0.259766 0.039062 0.267578 0.039062 0.267578 0.031250
0 0.246094 0.023438 0.246094 0.031250 0.253906 0.031250 0.253906 0.023438
0 0.224609 0.013672 0.224609 0.015625 0.222656 0.017578 0.218750 0.017578 0.218750 0.033203 0.220703 0.035156 0.224609 0.035156 0.226562 0.037109 0.226562 0.041016 0.234375 0.041016 0.234375 0.033203 0.230469 0.033203 0.228516 0.031250 0.228516 0.027344 0.226562 0.025391 0.226562 0.023438 0.228516 0.021484 0.232422 0.021484 0.234375 0.023438 0.234375 0.027344 0.242188 0.027344 0.242188 0.019531 0.238281 0.019531 0.236328 0.017578 0.236328 0.013672