0 0.000000 0.966797 0.000000 0.982422 0.001953 0.984375 0.013672 0.984375 0.013672 0.972656 0.011719 0.972656 0.009766 0.970703 0.007812 0.970703 0.003906 0.966797
0 0.986328 0.935547 0.986328 0.937500 0.988281 0.937500 0.990234 0.939453 0.990234 0.945312 0.992188 0.947266 0.992188 0.935547
0 0.083984 0.925781 0.080078 0.929688 0.072266 0.929688 0.070312 0.931641 0.070312 0.939453 0.072266 0.941406 0.072266 0.945312 0.074219 0.947266 0.074219 0.953125 0.072266 0.955078 0.070312 0.955078 0.068359 0.957031 0.062500 0.957031 0.060547 0.955078 0.060547 0.953125 0.058594 0.953125 0.052734 0.947266 0.042969 0.947266 0.041016 0.949219 0.041016 0.953125 0.044922 0.957031 0.042969 0.958984 0.039062 0.958984 0.037109 0.957031 0.035156 0.958984 0.025391 0.958984 0.023438 0.960938 0.023438 0.962891 0.025391 0.964844 0.025391 0.966797 0.023438 0.968750 0.035156 0.968750 0.037109 0.970703 0.037109 0.978516 0.039062 0.980469 0.046875 0.980469 0.048828 0.982422 0.046875 0.984375 0.044922 0.984375 0.044922 0.986328 0.048828 0.986328 0.050781 0.984375 0.054688 0.984375 0.056641 0.982422 0.058594 0.982422 0.060547 0.980469 0.066406 0.980469 0.066406 0.978516 0.068359 0.976562 0.068359 0.974609 0.070312 0.972656 0.070312 0.970703 0.072266 0.968750 0.074219 0.968750 0.074219 0.966797 0.076172 0.964844 0.078125 0.964844 0.078125 0.962891 0.080078 0.960938 0.082031 0.960938 0.082031 0.957031 0.083984 0.955078 0.085938 0.955078 0.085938 0.951172 0.087891 0.949219 0.089844 0.949219 0.089844 0.943359 0.093750 0.939453 0.093750 0.929688 0.089844 0.925781
0 0.115234 0.917969 0.113281 0.919922 0.111328 0.919922 0.109375 0.921875 0.105469 0.921875 0.107422 0.923828 0.107422 0.925781 0.105469 0.927734 0.103516 0.925781 0.101562 0.925781 0.103516 0.927734 0.103516 0.929688 0.113281 0.929688 0.113281 0.927734 0.115234 0.925781 0.121094 0.925781 0.121094 0.917969
0 0.964844 0.884766 0.964844 0.886719 0.962891 0.888672 0.960938 0.888672 0.960938 0.892578 0.962891 0.892578 0.964844 0.894531 0.968750 0.894531 0.970703 0.896484 0.970703 0.898438 0.974609 0.898438 0.974609 0.892578 0.972656 0.890625 0.972656 0.886719 0.970703 0.884766
0 0.886719 0.839844 0.886719 0.843750 0.884766 0.845703 0.884766 0.851562 0.890625 0.857422 0.890625 0.859375 0.894531 0.859375 0.900391 0.853516 0.904297 0.853516 0.904297 0.849609 0.900391 0.845703 0.894531 0.845703 0.892578 0.843750 0.892578 0.841797 0.890625 0.839844
0 0.529297 0.830078 0.529297 0.832031 0.531250 0.832031 0.533203 0.833984 0.533203 0.839844 0.535156 0.839844 0.537109 0.841797 0.537109 0.843750 0.539062 0.843750 0.539062 0.833984 0.537109 0.832031 0.535156 0.832031 0.533203 0.830078
0 0.486328 0.808594 0.484375 0.810547 0.482422 0.810547 0.482422 0.812500 0.480469 0.814453 0.476562 0.814453 0.474609 0.816406 0.474609 0.818359 0.470703 0.822266 0.470703 0.826172 0.468750 0.828125 0.470703 0.830078 0.468750 0.832031 0.470703 0.833984 0.470703 0.837891 0.472656 0.837891 0.474609 0.839844 0.476562 0.839844 0.480469 0.843750 0.478516 0.845703 0.478516 0.849609 0.480469 0.851562 0.492188 0.851562 0.496094 0.847656 0.500000 0.847656 0.501953 0.849609 0.501953 0.843750 0.500000 0.841797 0.498047 0.841797 0.496094 0.839844 0.496094 0.837891 0.494141 0.837891 0.492188 0.835938 0.492188 0.828125 0.488281 0.824219 0.488281 0.818359 0.492188 0.814453 0.492188 0.808594
0 0.951172 0.800781 0.945312 0.806641 0.943359 0.806641 0.941406 0.808594 0.941406 0.810547 0.935547 0.816406 0.933594 0.816406 0.931641 0.818359 0.931641 0.820312 0.929688 0.822266 0.929688 0.826172 0.931641 0.828125 0.931641 0.830078 0.933594 0.832031 0.931641 0.833984 0.931641 0.839844 0.929688 0.841797 0.927734 0.841797 0.927734 0.847656 0.925781 0.849609 0.925781 0.851562 0.923828 0.853516 0.923828 0.855469 0.919922 0.859375 0.919922 0.863281 0.917969 0.865234 0.916016 0.865234 0.916016 0.875000 0.912109 0.878906 0.912109 0.880859 0.908203 0.884766 0.908203 0.888672 0.906250 0.890625 0.902344 0.890625 0.902344 0.892578 0.904297 0.892578 0.916016 0.904297 0.916016 0.906250 0.914062 0.908203 0.914062 0.914062 0.916016 0.916016 0.916016 0.917969 0.917969 0.919922 0.917969 0.921875 0.919922 0.921875 0.919922 0.919922 0.921875 0.917969 0.923828 0.917969 0.925781 0.916016 0.927734 0.916016 0.929688 0.917969 0.929688 0.916016 0.931641 0.914062 0.939453 0.914062 0.939453 0.912109 0.945312 0.906250 0.945312 0.898438 0.947266 0.896484 0.947266 0.894531 0.949219 0.892578 0.947266 0.892578 0.945312 0.890625 0.945312 0.884766 0.941406 0.880859 0.941406 0.871094 0.939453 0.871094 0.937500 0.869141 0.939453 0.867188 0.941406 0.867188 0.941406 0.863281 0.949219 0.855469 0.951172 0.855469 0.951172 0.853516 0.953125 0.851562 0.962891 0.851562 0.964844 0.853516 0.962891 0.855469 0.964844 0.855469 0.966797 0.857422 0.966797 0.859375 0.968750 0.859375 0.970703 0.861328 0.970703 0.863281 0.972656 0.863281 0.974609 0.865234 0.974609 0.867188 0.980469 0.867188 0.980469 0.865234 0.982422 0.863281 0.984375 0.863281 0.984375 0.853516 0.986328 0.851562 0.988281 0.851562 0.988281 0.841797 0.990234 0.839844 0.992188 0.839844 0.992188 0.818359 0.988281 0.818359 0.986328 0.816406 0.986328 0.814453 0.984375 0.812500 0.984375 0.810547 0.970703 0.810547 0.968750 0.808594 0.962891 0.808594 0.960938 0.806641 0.958984 0.806641 0.957031 0.804688 0.955078 0.804688
0 0.582031 0.798828 0.576172 0.804688 0.583984 0.804688 0.583984 0.802734 0.582031 0.800781
0 0.501953 0.791016 0.501953 0.792969 0.500000 0.794922 0.498047 0.794922 0.498047 0.798828 0.496094 0.800781 0.498047 0.800781 0.501953 0.804688 0.503906 0.804688 0.505859 0.802734 0.505859 0.798828 0.503906 0.796875 0.507812 0.792969 0.505859 0.792969 0.503906 0.791016
0 0.525391 0.789062 0.523438 0.791016 0.523438 0.792969 0.521484 0.794922 0.521484 0.796875 0.523438 0.798828 0.521484 0.800781 0.519531 0.800781 0.519531 0.804688 0.523438 0.804688 0.523438 0.802734 0.525391 0.800781 0.527344 0.800781 0.527344 0.789062
0 0.841797 0.705078 0.841797 0.707031 0.839844 0.708984 0.839844 0.712891 0.841797 0.714844 0.841797 0.718750 0.843750 0.718750 0.845703 0.720703 0.845703 0.724609 0.847656 0.726562 0.849609 0.724609 0.851562 0.726562 0.851562 0.728516 0.851562 0.724609 0.853516 0.722656 0.855469 0.722656 0.857422 0.720703 0.857422 0.714844 0.855469 0.712891 0.853516 0.712891 0.851562 0.710938 0.851562 0.705078
0 0.281250 0.701172 0.279297 0.703125 0.275391 0.703125 0.271484 0.707031 0.267578 0.707031 0.265625 0.708984 0.263672 0.708984 0.263672 0.712891 0.271484 0.712891 0.273438 0.710938 0.279297 0.710938 0.281250 0.708984 0.285156 0.708984 0.285156 0.707031 0.287109 0.705078 0.287109 0.701172
0 0.087891 0.646484 0.085938 0.648438 0.082031 0.648438 0.080078 0.650391 0.068359 0.650391 0.062500 0.656250 0.060547 0.656250 0.058594 0.658203 0.056641 0.658203 0.056641 0.662109 0.060547 0.666016 0.060547 0.667969 0.064453 0.667969 0.066406 0.666016 0.068359 0.666016 0.072266 0.662109 0.076172 0.662109 0.080078 0.666016 0.083984 0.666016 0.085938 0.664062 0.091797 0.664062 0.091797 0.662109 0.089844 0.660156 0.089844 0.658203 0.093750 0.654297 0.093750 0.646484
0 0.064453 0.525391 0.064453 0.527344 0.062500 0.529297 0.060547 0.529297 0.060547 0.535156 0.058594 0.537109 0.042969 0.537109 0.041016 0.539062 0.037109 0.539062 0.035156 0.537109 0.029297 0.537109 0.027344 0.535156 0.023438 0.535156 0.021484 0.533203 0.013672 0.533203 0.011719 0.535156 0.009766 0.535156 0.005859 0.539062 0.000000 0.539062 0.000000 0.650391 0.001953 0.650391 0.005859 0.654297 0.005859 0.656250 0.007812 0.658203 0.007812 0.660156 0.009766 0.662109 0.011719 0.662109 0.013672 0.664062 0.019531 0.664062 0.023438 0.667969 0.031250 0.667969 0.037109 0.673828 0.039062 0.673828 0.041016 0.675781 0.042969 0.675781 0.048828 0.669922 0.048828 0.664062 0.046875 0.662109 0.046875 0.660156 0.044922 0.658203 0.044922 0.650391 0.046875 0.648438 0.048828 0.648438 0.048828 0.646484 0.052734 0.642578 0.052734 0.638672 0.050781 0.638672 0.046875 0.634766 0.046875 0.632812 0.044922 0.630859 0.042969 0.630859 0.039062 0.634766 0.035156 0.634766 0.035156 0.636719 0.031250 0.640625 0.029297 0.638672 0.029297 0.640625 0.021484 0.648438 0.021484 0.652344 0.019531 0.654297 0.015625 0.654297 0.013672 0.652344 0.013672 0.646484 0.009766 0.642578 0.009766 0.640625 0.011719 0.638672 0.009766 0.636719 0.009766 0.634766 0.007812 0.632812 0.007812 0.628906 0.011719 0.625000 0.013672 0.625000 0.013672 0.623047 0.015625 0.621094 0.015625 0.617188 0.017578 0.615234 0.021484 0.615234 0.021484 0.609375 0.023438 0.607422 0.023438 0.605469 0.025391 0.603516 0.025391 0.601562 0.027344 0.599609 0.027344 0.585938 0.023438 0.585938 0.021484 0.583984 0.021484 0.582031 0.023438 0.580078 0.023438 0.574219 0.021484 0.572266 0.021484 0.568359 0.023438 0.566406 0.025391 0.566406 0.029297 0.562500 0.031250 0.562500 0.033203 0.560547 0.039062 0.560547 0.041016 0.562500 0.042969 0.562500 0.046875 0.566406 0.046875 0.560547 0.048828 0.558594 0.052734 0.558594 0.054688 0.556641 0.054688 0.552734 0.056641 0.550781 0.060547 0.554688 0.062500 0.552734 0.064453 0.554688 0.064453 0.558594 0.066406 0.558594 0.068359 0.560547 0.068359 0.562500 0.072266 0.558594 0.080078 0.558594 0.078125 0.556641 0.078125 0.550781 0.076172 0.548828 0.074219 0.548828 0.070312 0.544922 0.070312 0.539062 0.068359 0.537109 0.068359 0.533203 0.070312 0.531250 0.070312 0.525391
0 0.722656 0.462891 0.722656 0.470703 0.726562 0.474609 0.726562 0.476562 0.728516 0.478516 0.734375 0.478516 0.734375 0.468750 0.732422 0.466797 0.732422 0.462891
0 0.111328 0.458984 0.111328 0.462891 0.113281 0.464844 0.117188 0.464844 0.119141 0.466797 0.119141 0.468750 0.126953 0.468750 0.126953 0.464844 0.125000 0.464844 0.123047 0.462891 0.123047 0.460938 0.119141 0.460938 0.117188 0.458984
0 0.572266 0.455078 0.572266 0.457031 0.568359 0.460938 0.568359 0.462891 0.566406 0.464844 0.564453 0.464844 0.564453 0.468750 0.562500 0.470703 0.562500 0.472656 0.560547 0.474609 0.560547 0.476562 0.558594 0.478516 0.558594 0.486328 0.560547 0.488281 0.562500 0.488281 0.564453 0.490234 0.566406 0.490234 0.570312 0.494141 0.578125 0.494141 0.591797 0.480469 0.591797 0.478516 0.593750 0.476562 0.597656 0.476562 0.595703 0.474609 0.597656 0.472656 0.597656 0.470703 0.595703 0.470703 0.593750 0.468750 0.593750 0.462891 0.591797 0.460938 0.591797 0.458984 0.589844 0.458984 0.585938 0.455078 0.580078 0.455078 0.578125 0.457031 0.576172 0.457031 0.574219 0.455078
0 0.896484 0.437500 0.894531 0.439453 0.890625 0.439453 0.890625 0.441406 0.888672 0.443359 0.888672 0.447266 0.894531 0.453125 0.896484 0.453125 0.898438 0.455078 0.900391 0.455078 0.902344 0.457031 0.902344 0.458984 0.908203 0.458984 0.910156 0.457031 0.912109 0.457031 0.916016 0.453125 0.916016 0.445312 0.914062 0.443359 0.914062 0.441406 0.912109 0.439453 0.910156 0.439453 0.908203 0.437500
0 0.388672 0.390625 0.386719 0.392578 0.384766 0.392578 0.380859 0.396484 0.380859 0.400391 0.378906 0.402344 0.376953 0.402344 0.371094 0.408203 0.365234 0.408203 0.365234 0.412109 0.367188 0.414062 0.365234 0.416016 0.365234 0.421875 0.369141 0.425781 0.369141 0.431641 0.371094 0.431641 0.373047 0.433594 0.375000 0.433594 0.376953 0.435547 0.378906 0.435547 0.378906 0.433594 0.382812 0.429688 0.394531 0.429688 0.396484 0.431641 0.394531 0.433594 0.394531 0.435547 0.398438 0.439453 0.398438 0.451172 0.396484 0.453125 0.392578 0.453125 0.390625 0.451172 0.388672 0.451172 0.388672 0.457031 0.384766 0.460938 0.382812 0.460938 0.382812 0.462891 0.380859 0.464844 0.378906 0.464844 0.380859 0.466797 0.376953 0.470703 0.376953 0.482422 0.378906 0.480469 0.380859 0.482422 0.382812 0.482422 0.386719 0.486328 0.386719 0.488281 0.388672 0.488281 0.388672 0.484375 0.392578 0.480469 0.392578 0.478516 0.394531 0.476562 0.402344 0.476562 0.406250 0.472656 0.410156 0.472656 0.412109 0.474609 0.416016 0.474609 0.417969 0.476562 0.421875 0.476562 0.423828 0.478516 0.423828 0.482422 0.425781 0.484375 0.427734 0.484375 0.429688 0.486328 0.429688 0.488281 0.433594 0.488281 0.435547 0.490234 0.435547 0.500000 0.437500 0.500000 0.439453 0.501953 0.441406 0.501953 0.445312 0.505859 0.451172 0.505859 0.453125 0.507812 0.453125 0.505859 0.455078 0.503906 0.457031 0.505859 0.458984 0.505859 0.460938 0.503906 0.464844 0.503906 0.462891 0.503906 0.460938 0.501953 0.460938 0.500000 0.462891 0.498047 0.460938 0.496094 0.460938 0.494141 0.464844 0.490234 0.464844 0.488281 0.457031 0.480469 0.457031 0.478516 0.451172 0.478516 0.449219 0.476562 0.447266 0.478516 0.443359 0.478516 0.441406 0.480469 0.435547 0.480469 0.433594 0.482422 0.431641 0.480469 0.431641 0.478516 0.425781 0.472656 0.425781 0.468750 0.427734 0.466797 0.433594 0.466797 0.435547 0.468750 0.439453 0.468750 0.441406 0.470703 0.443359 0.470703 0.445312 0.468750 0.445312 0.466797 0.447266 0.464844 0.447266 0.457031 0.445312 0.455078 0.443359 0.455078 0.441406 0.457031 0.439453 0.457031 0.435547 0.460938 0.429688 0.460938 0.427734 0.458984 0.427734 0.457031 0.423828 0.457031 0.421875 0.455078 0.419922 0.455078 0.417969 0.453125 0.417969 0.451172 0.419922 0.449219 0.421875 0.451172 0.423828 0.451172 0.425781 0.449219 0.429688 0.449219 0.431641 0.451172 0.433594 0.451172 0.433594 0.447266 0.431641 0.445312 0.431641 0.443359 0.425781 0.437500 0.425781 0.423828 0.427734 0.421875 0.425781 0.419922 0.423828 0.419922 0.421875 0.417969 0.421875 0.416016 0.419922 0.414062 0.419922 0.412109 0.417969 0.410156 0.417969 0.408203 0.416016 0.408203 0.414062 0.406250 0.414062 0.404297 0.416016 0.402344 0.416016 0.400391 0.414062 0.398438 0.412109 0.398438 0.410156 0.396484 0.408203 0.396484 0.406250 0.394531 0.398438 0.394531 0.396484 0.392578 0.396484 0.390625
0 0.470703 0.365234 0.470703 0.369141 0.468750 0.371094 0.458984 0.371094 0.457031 0.373047 0.455078 0.373047 0.451172 0.376953 0.449219 0.375000 0.449219 0.373047 0.447266 0.373047 0.447266 0.375000 0.445312 0.376953 0.443359 0.376953 0.437500 0.382812 0.435547 0.382812 0.433594 0.384766 0.431641 0.384766 0.427734 0.388672 0.425781 0.388672 0.427734 0.390625 0.427734 0.392578 0.429688 0.394531 0.429688 0.398438 0.427734 0.400391 0.427734 0.402344 0.429688 0.404297 0.429688 0.406250 0.435547 0.406250 0.437500 0.408203 0.439453 0.408203 0.441406 0.410156 0.445312 0.410156 0.447266 0.412109 0.447266 0.414062 0.449219 0.414062 0.451172 0.416016 0.451172 0.421875 0.453125 0.423828 0.453125 0.427734 0.455078 0.429688 0.457031 0.429688 0.458984 0.431641 0.458984 0.433594 0.460938 0.435547 0.460938 0.437500 0.462891 0.437500 0.464844 0.439453 0.464844 0.443359 0.460938 0.447266 0.460938 0.453125 0.458984 0.455078 0.458984 0.458984 0.457031 0.460938 0.458984 0.462891 0.458984 0.466797 0.457031 0.468750 0.458984 0.470703 0.458984 0.472656 0.460938 0.474609 0.460938 0.476562 0.462891 0.478516 0.462891 0.480469 0.466797 0.480469 0.470703 0.484375 0.470703 0.488281 0.474609 0.492188 0.474609 0.494141 0.478516 0.498047 0.478516 0.507812 0.476562 0.509766 0.478516 0.511719 0.480469 0.511719 0.482422 0.513672 0.482422 0.515625 0.478516 0.519531 0.478516 0.521484 0.476562 0.523438 0.474609 0.521484 0.474609 0.523438 0.472656 0.525391 0.470703 0.525391 0.466797 0.529297 0.464844 0.529297 0.462891 0.531250 0.460938 0.529297 0.460938 0.521484 0.457031 0.517578 0.455078 0.517578 0.453125 0.515625 0.449219 0.515625 0.447266 0.513672 0.435547 0.513672 0.433594 0.515625 0.425781 0.515625 0.423828 0.517578 0.423828 0.519531 0.421875 0.521484 0.421875 0.529297 0.419922 0.531250 0.421875 0.533203 0.421875 0.535156 0.423828 0.537109 0.423828 0.542969 0.429688 0.542969 0.433594 0.546875 0.437500 0.546875 0.439453 0.548828 0.445312 0.548828 0.447266 0.550781 0.447266 0.552734 0.449219 0.552734 0.451172 0.554688 0.453125 0.554688 0.455078 0.556641 0.457031 0.556641 0.458984 0.558594 0.468750 0.558594 0.470703 0.560547 0.470703 0.570312 0.476562 0.570312 0.478516 0.572266 0.478516 0.576172 0.480469 0.578125 0.480469 0.580078 0.482422 0.582031 0.488281 0.582031 0.490234 0.583984 0.490234 0.585938 0.492188 0.585938 0.494141 0.587891 0.494141 0.591797 0.496094 0.593750 0.496094 0.599609 0.494141 0.601562 0.494141 0.605469 0.501953 0.605469 0.503906 0.607422 0.503906 0.609375 0.507812 0.609375 0.509766 0.607422 0.511719 0.609375 0.513672 0.607422 0.515625 0.607422 0.517578 0.609375 0.525391 0.609375 0.527344 0.611328 0.527344 0.625000 0.529297 0.626953 0.529297 0.638672 0.535156 0.638672 0.535156 0.636719 0.537109 0.634766 0.539062 0.634766 0.541016 0.632812 0.548828 0.632812 0.548828 0.630859 0.550781 0.628906 0.552734 0.628906 0.556641 0.632812 0.558594 0.632812 0.562500 0.636719 0.562500 0.638672 0.564453 0.640625 0.564453 0.644531 0.566406 0.644531 0.568359 0.646484 0.568359 0.650391 0.570312 0.650391 0.572266 0.652344 0.572266 0.656250 0.574219 0.658203 0.574219 0.660156 0.582031 0.660156 0.583984 0.662109 0.583984 0.664062 0.582031 0.666016 0.582031 0.669922 0.580078 0.671875 0.578125 0.671875 0.576172 0.673828 0.572266 0.673828 0.572266 0.683594 0.570312 0.685547 0.568359 0.685547 0.564453 0.689453 0.560547 0.685547 0.560547 0.681641 0.556641 0.681641 0.552734 0.685547 0.550781 0.683594 0.546875 0.683594 0.546875 0.685547 0.542969 0.689453 0.539062 0.689453 0.535156 0.693359 0.527344 0.693359 0.525391 0.691406 0.523438 0.691406 0.521484 0.689453 0.515625 0.689453 0.513672 0.687500 0.505859 0.687500 0.503906 0.689453 0.503906 0.691406 0.501953 0.693359 0.501953 0.695312 0.498047 0.699219 0.498047 0.707031 0.501953 0.707031 0.501953 0.705078 0.503906 0.703125 0.505859 0.703125 0.509766 0.707031 0.509766 0.710938 0.507812 0.712891 0.507812 0.714844 0.509766 0.716797 0.513672 0.716797 0.515625 0.714844 0.519531 0.718750 0.519531 0.720703 0.517578 0.722656 0.519531 0.722656 0.521484 0.720703 0.527344 0.720703 0.527344 0.716797 0.529297 0.714844 0.531250 0.714844 0.531250 0.712891 0.533203 0.710938 0.544922 0.710938 0.546875 0.708984 0.550781 0.708984 0.554688 0.705078 0.558594 0.705078 0.560547 0.703125 0.562500 0.703125 0.566406 0.699219 0.572266 0.699219 0.574219 0.697266 0.574219 0.689453 0.576172 0.687500 0.578125 0.687500 0.578125 0.685547 0.582031 0.681641 0.583984 0.681641 0.585938 0.683594 0.585938 0.685547 0.585938 0.683594 0.589844 0.679688 0.591797 0.679688 0.593750 0.681641 0.597656 0.681641 0.599609 0.683594 0.605469 0.683594 0.607422 0.685547 0.613281 0.685547 0.615234 0.687500 0.617188 0.685547 0.626953 0.685547 0.628906 0.683594 0.628906 0.681641 0.630859 0.679688 0.636719 0.679688 0.638672 0.681641 0.638672 0.685547 0.636719 0.687500 0.636719 0.689453 0.634766 0.691406 0.634766 0.693359 0.636719 0.695312 0.636719 0.697266 0.638672 0.699219 0.638672 0.703125 0.636719 0.705078 0.630859 0.705078 0.628906 0.703125 0.628906 0.701172 0.623047 0.701172 0.621094 0.699219 0.621094 0.697266 0.615234 0.697266 0.613281 0.695312 0.613281 0.693359 0.611328 0.693359 0.611328 0.695312 0.609375 0.697266 0.607422 0.697266 0.607422 0.699219 0.605469 0.701172 0.597656 0.701172 0.593750 0.705078 0.591797 0.705078 0.591797 0.707031 0.587891 0.710938 0.587891 0.722656 0.585938 0.724609 0.585938 0.730469 0.583984 0.732422 0.583984 0.734375 0.582031 0.736328 0.580078 0.736328 0.576172 0.740234 0.576172 0.746094 0.572266 0.750000 0.572266 0.751953 0.574219 0.751953 0.576172 0.753906 0.576172 0.757812 0.574219 0.759766 0.574219 0.761719 0.572266 0.763672 0.572266 0.771484 0.576172 0.775391 0.576172 0.781250 0.580078 0.785156 0.580078 0.787109 0.582031 0.787109 0.583984 0.789062 0.585938 0.789062 0.587891 0.791016 0.587891 0.792969 0.589844 0.794922 0.593750 0.794922 0.603516 0.804688 0.605469 0.804688 0.607422 0.806641 0.607422 0.810547 0.609375 0.808594 0.613281 0.808594 0.611328 0.806641 0.613281 0.804688 0.615234 0.804688 0.615234 0.798828 0.617188 0.796875 0.619141 0.798828 0.621094 0.798828 0.626953 0.792969 0.628906 0.792969 0.630859 0.794922 0.632812 0.794922 0.634766 0.796875 0.634766 0.804688 0.640625 0.804688 0.640625 0.802734 0.642578 0.800781 0.648438 0.800781 0.650391 0.802734 0.650391 0.804688 0.652344 0.804688 0.654297 0.806641 0.654297 0.808594 0.656250 0.808594 0.658203 0.810547 0.660156 0.810547 0.662109 0.812500 0.664062 0.812500 0.666016 0.814453 0.666016 0.816406 0.664062 0.818359 0.646484 0.818359 0.642578 0.822266 0.638672 0.822266 0.638672 0.824219 0.636719 0.826172 0.630859 0.826172 0.625000 0.820312 0.625000 0.822266 0.626953 0.824219 0.626953 0.828125 0.625000 0.830078 0.623047 0.830078 0.623047 0.839844 0.621094 0.841797 0.617188 0.841797 0.613281 0.845703 0.611328 0.843750 0.611328 0.851562 0.613281 0.851562 0.615234 0.853516 0.615234 0.857422 0.613281 0.859375 0.611328 0.859375 0.611328 0.863281 0.609375 0.865234 0.599609 0.865234 0.597656 0.863281 0.597656 0.861328 0.595703 0.861328 0.593750 0.859375 0.593750 0.853516 0.580078 0.853516 0.580078 0.855469 0.578125 0.857422 0.576172 0.857422 0.576172 0.859375 0.572266 0.863281 0.568359 0.863281 0.566406 0.865234 0.566406 0.867188 0.564453 0.869141 0.562500 0.869141 0.558594 0.865234 0.556641 0.865234 0.552734 0.869141 0.554688 0.867188 0.558594 0.871094 0.558594 0.876953 0.562500 0.880859 0.566406 0.880859 0.568359 0.878906 0.572266 0.878906 0.576172 0.875000 0.578125 0.875000 0.580078 0.873047 0.582031 0.873047 0.585938 0.869141 0.591797 0.875000 0.593750 0.875000 0.595703 0.876953 0.595703 0.880859 0.597656 0.882812 0.597656 0.884766 0.599609 0.886719 0.599609 0.894531 0.597656 0.896484 0.597656 0.898438 0.595703 0.900391 0.587891 0.900391 0.587891 0.902344 0.585938 0.904297 0.580078 0.904297 0.578125 0.902344 0.578125 0.900391 0.564453 0.900391 0.566406 0.902344 0.564453 0.904297 0.560547 0.904297 0.558594 0.902344 0.558594 0.900391 0.556641 0.900391 0.552734 0.904297 0.550781 0.902344 0.550781 0.900391 0.537109 0.900391 0.535156 0.898438 0.535156 0.896484 0.529297 0.896484 0.527344 0.894531 0.527344 0.892578 0.525391 0.892578 0.523438 0.890625 0.523438 0.888672 0.521484 0.888672 0.519531 0.886719 0.519531 0.882812 0.515625 0.878906 0.513672 0.880859 0.513672 0.882812 0.511719 0.884766 0.511719 0.886719 0.509766 0.888672 0.500000 0.888672 0.494141 0.882812 0.494141 0.880859 0.490234 0.876953 0.482422 0.876953 0.480469 0.875000 0.476562 0.875000 0.474609 0.876953 0.466797 0.876953 0.464844 0.875000 0.464844 0.873047 0.462891 0.873047 0.458984 0.876953 0.458984 0.880859 0.460938 0.882812 0.460938 0.888672 0.462891 0.886719 0.464844 0.888672 0.464844 0.892578 0.455078 0.902344 0.451172 0.902344 0.449219 0.900391 0.449219 0.898438 0.447266 0.896484 0.445312 0.896484 0.441406 0.892578 0.441406 0.886719 0.439453 0.884766 0.433594 0.884766 0.431641 0.882812 0.431641 0.878906 0.429688 0.876953 0.427734 0.876953 0.427734 0.878906 0.425781 0.880859 0.423828 0.880859 0.421875 0.882812 0.410156 0.882812 0.408203 0.880859 0.404297 0.880859 0.394531 0.871094 0.394531 0.869141 0.390625 0.865234 0.386719 0.865234 0.384766 0.863281 0.382812 0.863281 0.378906 0.859375 0.369141 0.859375 0.367188 0.857422 0.367188 0.859375 0.365234 0.861328 0.363281 0.861328 0.365234 0.863281 0.365234 0.867188 0.363281 0.869141 0.349609 0.869141 0.347656 0.867188 0.347656 0.865234 0.343750 0.865234 0.341797 0.863281 0.341797 0.857422 0.345703 0.853516 0.347656 0.853516 0.349609 0.851562 0.351562 0.851562 0.353516 0.849609 0.359375 0.849609 0.361328 0.847656 0.363281 0.847656 0.373047 0.837891 0.375000 0.837891 0.376953 0.835938 0.378906 0.837891 0.378906 0.832031 0.376953 0.830078 0.376953 0.826172 0.375000 0.826172 0.369141 0.820312 0.361328 0.820312 0.359375 0.822266 0.349609 0.822266 0.345703 0.818359 0.343750 0.818359 0.339844 0.814453 0.339844 0.812500 0.337891 0.812500 0.333984 0.808594 0.333984 0.806641 0.318359 0.806641 0.316406 0.804688 0.318359 0.802734 0.320312 0.802734 0.314453 0.802734 0.312500 0.800781 0.308594 0.800781 0.302734 0.794922 0.300781 0.794922 0.298828 0.792969 0.298828 0.791016 0.294922 0.791016 0.294922 0.792969 0.292969 0.794922 0.285156 0.794922 0.283203 0.792969 0.283203 0.787109 0.285156 0.785156 0.285156 0.783203 0.283203 0.783203 0.281250 0.781250 0.281250 0.775391 0.279297 0.773438 0.279297 0.771484 0.271484 0.763672 0.271484 0.761719 0.269531 0.759766 0.263672 0.759766 0.261719 0.761719 0.261719 0.763672 0.259766 0.765625 0.259766 0.767578 0.257812 0.769531 0.255859 0.767578 0.251953 0.771484 0.246094 0.771484 0.244141 0.773438 0.242188 0.771484 0.240234 0.771484 0.238281 0.773438 0.236328 0.773438 0.234375 0.775391 0.232422 0.773438 0.230469 0.773438 0.228516 0.771484 0.224609 0.771484 0.222656 0.769531 0.222656 0.767578 0.220703 0.765625 0.220703 0.763672 0.222656 0.761719 0.222656 0.759766 0.220703 0.757812 0.220703 0.755859 0.218750 0.753906 0.220703 0.751953 0.220703 0.748047 0.218750 0.748047 0.212891 0.742188 0.212891 0.740234 0.210938 0.740234 0.208984 0.738281 0.208984 0.736328 0.207031 0.738281 0.205078 0.736328 0.201172 0.736328 0.199219 0.734375 0.197266 0.734375 0.195312 0.732422 0.189453 0.732422 0.187500 0.730469 0.187500 0.728516 0.185547 0.728516 0.183594 0.726562 0.181641 0.728516 0.179688 0.728516 0.175781 0.724609 0.162109 0.724609 0.160156 0.726562 0.158203 0.724609 0.152344 0.724609 0.150391 0.726562 0.148438 0.726562 0.146484 0.728516 0.142578 0.728516 0.140625 0.726562 0.140625 0.724609 0.138672 0.722656 0.144531 0.716797 0.146484 0.716797 0.148438 0.714844 0.150391 0.714844 0.150391 0.712891 0.152344 0.710938 0.158203 0.710938 0.160156 0.712891 0.164062 0.712891 0.166016 0.710938 0.167969 0.710938 0.167969 0.708984 0.173828 0.703125 0.173828 0.691406 0.175781 0.689453 0.175781 0.687500 0.179688 0.683594 0.181641 0.683594 0.183594 0.685547 0.187500 0.685547 0.189453 0.683594 0.191406 0.683594 0.193359 0.681641 0.197266 0.681641 0.203125 0.675781 0.207031 0.675781 0.210938 0.679688 0.208984 0.681641 0.208984 0.685547 0.207031 0.687500 0.203125 0.687500 0.201172 0.689453 0.199219 0.689453 0.197266 0.691406 0.195312 0.691406 0.181641 0.705078 0.181641 0.714844 0.183594 0.714844 0.189453 0.720703 0.191406 0.718750 0.193359 0.720703 0.195312 0.720703 0.197266 0.722656 0.199219 0.720703 0.201172 0.720703 0.203125 0.722656 0.208984 0.722656 0.210938 0.720703 0.210938 0.716797 0.212891 0.714844 0.216797 0.714844 0.218750 0.716797 0.222656 0.716797 0.224609 0.718750 0.226562 0.718750 0.224609 0.716797 0.230469 0.710938 0.232422 0.712891 0.232422 0.714844 0.234375 0.714844 0.234375 0.712891 0.236328 0.710938 0.244141 0.710938 0.246094 0.708984 0.246094 0.701172 0.248047 0.699219 0.250000 0.699219 0.246094 0.695312 0.246094 0.693359 0.244141 0.691406 0.244141 0.689453 0.242188 0.687500 0.242188 0.685547 0.240234 0.683594 0.244141 0.679688 0.251953 0.679688 0.253906 0.677734 0.255859 0.679688 0.255859 0.681641 0.259766 0.681641 0.263672 0.685547 0.265625 0.685547 0.267578 0.687500 0.277344 0.687500 0.281250 0.683594 0.281250 0.677734 0.283203 0.675781 0.281250 0.673828 0.281250 0.669922 0.283203 0.667969 0.289062 0.667969 0.291016 0.669922 0.296875 0.669922 0.298828 0.671875 0.302734 0.671875 0.300781 0.669922 0.304688 0.666016 0.308594 0.669922 0.308594 0.671875 0.310547 0.673828 0.310547 0.675781 0.316406 0.681641 0.314453 0.683594 0.312500 0.683594 0.310547 0.685547 0.310547 0.687500 0.302734 0.695312 0.300781 0.695312 0.300781 0.703125 0.302734 0.705078 0.302734 0.707031 0.300781 0.708984 0.300781 0.710938 0.298828 0.712891 0.298828 0.722656 0.302734 0.722656 0.304688 0.724609 0.304688 0.734375 0.306641 0.736328 0.306641 0.740234 0.308594 0.740234 0.310547 0.742188 0.310547 0.744141 0.312500 0.744141 0.314453 0.746094 0.316406 0.746094 0.318359 0.748047 0.322266 0.748047 0.324219 0.750000 0.326172 0.750000 0.328125 0.748047 0.330078 0.750000 0.333984 0.750000 0.332031 0.748047 0.332031 0.746094 0.330078 0.744141 0.332031 0.742188 0.332031 0.738281 0.337891 0.732422 0.341797 0.732422 0.341797 0.728516 0.345703 0.724609 0.347656 0.726562 0.347656 0.728516 0.349609 0.730469 0.349609 0.734375 0.351562 0.736328 0.351562 0.742188 0.353516 0.744141 0.353516 0.746094 0.345703 0.753906 0.341797 0.750000 0.341797 0.751953 0.343750 0.753906 0.343750 0.757812 0.341797 0.759766 0.341797 0.761719 0.339844 0.763672 0.335938 0.763672 0.332031 0.759766 0.330078 0.759766 0.328125 0.761719 0.320312 0.761719 0.320312 0.763672 0.318359 0.765625 0.324219 0.765625 0.326172 0.767578 0.328125 0.767578 0.330078 0.769531 0.324219 0.775391 0.322266 0.775391 0.322266 0.781250 0.328125 0.781250 0.330078 0.783203 0.330078 0.787109 0.332031 0.789062 0.333984 0.789062 0.335938 0.787109 0.335938 0.785156 0.337891 0.783203 0.339844 0.783203 0.341797 0.781250 0.345703 0.781250 0.347656 0.783203 0.351562 0.783203 0.353516 0.781250 0.359375 0.781250 0.363281 0.777344 0.367188 0.777344 0.369141 0.775391 0.371094 0.775391 0.371094 0.771484 0.373047 0.769531 0.376953 0.769531 0.378906 0.767578 0.380859 0.767578 0.382812 0.765625 0.384766 0.765625 0.386719 0.763672 0.386719 0.759766 0.388672 0.757812 0.396484 0.757812 0.400391 0.753906 0.404297 0.753906 0.408203 0.750000 0.410156 0.751953 0.410156 0.748047 0.412109 0.746094 0.414062 0.746094 0.414062 0.740234 0.416016 0.738281 0.417969 0.738281 0.421875 0.742188 0.421875 0.744141 0.423828 0.742188 0.425781 0.742188 0.429688 0.738281 0.433594 0.738281 0.433594 0.736328 0.435547 0.734375 0.437500 0.734375 0.437500 0.718750 0.439453 0.716797 0.437500 0.714844 0.439453 0.712891 0.441406 0.712891 0.443359 0.714844 0.443359 0.710938 0.441406 0.708984 0.443359 0.707031 0.445312 0.707031 0.443359 0.707031 0.441406 0.705078 0.441406 0.703125 0.447266 0.697266 0.447266 0.695312 0.449219 0.693359 0.453125 0.693359 0.453125 0.689453 0.455078 0.687500 0.457031 0.687500 0.457031 0.677734 0.458984 0.675781 0.458984 0.666016 0.455078 0.662109 0.455078 0.654297 0.453125 0.652344 0.453125 0.648438 0.455078 0.646484 0.457031 0.646484 0.457031 0.644531 0.458984 0.642578 0.466797 0.642578 0.468750 0.640625 0.478516 0.640625 0.478516 0.638672 0.480469 0.636719 0.480469 0.634766 0.478516 0.634766 0.476562 0.632812 0.474609 0.632812 0.472656 0.630859 0.460938 0.630859 0.458984 0.628906 0.458984 0.626953 0.457031 0.625000 0.453125 0.625000 0.451172 0.623047 0.447266 0.623047 0.443359 0.619141 0.439453 0.619141 0.437500 0.617188 0.437500 0.613281 0.441406 0.609375 0.445312 0.609375 0.445312 0.607422 0.447266 0.605469 0.451172 0.605469 0.453125 0.603516 0.453125 0.601562 0.455078 0.599609 0.457031 0.599609 0.457031 0.595703 0.453125 0.595703 0.451172 0.593750 0.447266 0.597656 0.445312 0.595703 0.441406 0.599609 0.437500 0.599609 0.435547 0.601562 0.431641 0.601562 0.433594 0.603516 0.429688 0.607422 0.423828 0.607422 0.419922 0.603516 0.417969 0.603516 0.416016 0.605469 0.406250 0.605469 0.404297 0.607422 0.398438 0.607422 0.396484 0.605469 0.392578 0.605469 0.390625 0.603516 0.390625 0.601562 0.386719 0.601562 0.378906 0.593750 0.373047 0.593750 0.365234 0.601562 0.365234 0.605469 0.363281 0.607422 0.363281 0.609375 0.359375 0.613281 0.357422 0.613281 0.357422 0.615234 0.355469 0.617188 0.353516 0.617188 0.351562 0.619141 0.351562 0.621094 0.349609 0.623047 0.347656 0.623047 0.347656 0.625000 0.353516 0.630859 0.353516 0.636719 0.351562 0.638672 0.351562 0.640625 0.349609 0.642578 0.343750 0.642578 0.339844 0.638672 0.339844 0.634766 0.337891 0.632812 0.337891 0.628906 0.339844 0.626953 0.337891 0.625000 0.337891 0.621094 0.335938 0.621094 0.332031 0.617188 0.330078 0.617188 0.328125 0.615234 0.328125 0.609375 0.326172 0.607422 0.326172 0.605469 0.320312 0.605469 0.318359 0.603516 0.318359 0.601562 0.316406 0.601562 0.314453 0.599609 0.314453 0.603516 0.312500 0.605469 0.310547 0.605469 0.308594 0.607422 0.306641 0.607422 0.300781 0.613281 0.298828 0.613281 0.296875 0.615234 0.294922 0.615234 0.294922 0.625000 0.300781 0.625000 0.302734 0.626953 0.302734 0.632812 0.304688 0.634766 0.304688 0.636719 0.306641 0.638672 0.306641 0.652344 0.300781 0.658203 0.298828 0.656250 0.296875 0.656250 0.296875 0.660156 0.292969 0.664062 0.291016 0.662109 0.287109 0.662109 0.285156 0.660156 0.285156 0.658203 0.283203 0.656250 0.283203 0.654297 0.285156 0.652344 0.285156 0.650391 0.283203 0.648438 0.283203 0.646484 0.281250 0.644531 0.285156 0.640625 0.287109 0.640625 0.287109 0.636719 0.289062 0.634766 0.289062 0.630859 0.287109 0.630859 0.285156 0.628906 0.281250 0.628906 0.279297 0.626953 0.273438 0.626953 0.273438 0.632812 0.271484 0.634766 0.267578 0.634766 0.265625 0.636719 0.263672 0.636719 0.261719 0.638672 0.259766 0.638672 0.257812 0.640625 0.257812 0.646484 0.253906 0.650391 0.250000 0.650391 0.248047 0.652344 0.246094 0.650391 0.238281 0.650391 0.234375 0.654297 0.230469 0.654297 0.228516 0.652344 0.230469 0.650391 0.228516 0.648438 0.228516 0.646484 0.226562 0.646484 0.224609 0.644531 0.222656 0.646484 0.220703 0.644531 0.220703 0.642578 0.218750 0.640625 0.216797 0.640625 0.214844 0.638672 0.212891 0.638672 0.208984 0.634766 0.208984 0.632812 0.203125 0.626953 0.199219 0.626953 0.197266 0.625000 0.197266 0.623047 0.191406 0.623047 0.185547 0.628906 0.177734 0.628906 0.177734 0.632812 0.179688 0.634766 0.179688 0.636719 0.181641 0.636719 0.183594 0.638672 0.179688 0.642578 0.179688 0.644531 0.181641 0.646484 0.177734 0.650391 0.177734 0.658203 0.175781 0.660156 0.175781 0.662109 0.177734 0.664062 0.167969 0.673828 0.164062 0.669922 0.158203 0.669922 0.158203 0.671875 0.156250 0.673828 0.154297 0.673828 0.150391 0.669922 0.152344 0.667969 0.150391 0.666016 0.148438 0.667969 0.146484 0.667969 0.144531 0.669922 0.142578 0.669922 0.144531 0.671875 0.142578 0.673828 0.142578 0.675781 0.140625 0.677734 0.134766 0.677734 0.132812 0.679688 0.130859 0.679688 0.126953 0.675781 0.113281 0.675781 0.111328 0.677734 0.107422 0.677734 0.107422 0.679688 0.105469 0.681641 0.099609 0.681641 0.097656 0.679688 0.097656 0.677734 0.095703 0.677734 0.095703 0.679688 0.093750 0.681641 0.091797 0.681641 0.089844 0.683594 0.083984 0.683594 0.083984 0.685547 0.082031 0.687500 0.076172 0.687500 0.074219 0.689453 0.072266 0.689453 0.072266 0.691406 0.070312 0.693359 0.068359 0.693359 0.070312 0.695312 0.066406 0.699219 0.060547 0.699219 0.058594 0.701172 0.044922 0.701172 0.039062 0.707031 0.037109 0.707031 0.035156 0.708984 0.031250 0.708984 0.031250 0.710938 0.029297 0.712891 0.023438 0.712891 0.023438 0.716797 0.021484 0.718750 0.015625 0.718750 0.011719 0.714844 0.011719 0.712891 0.007812 0.708984 0.009766 0.707031 0.011719 0.707031 0.009766 0.707031 0.007812 0.705078 0.005859 0.705078 0.003906 0.703125 0.003906 0.701172 0.001953 0.701172 0.000000 0.699219 0.000000 0.927734 0.005859 0.927734 0.007812 0.925781 0.015625 0.925781 0.017578 0.927734 0.019531 0.927734 0.023438 0.923828 0.025391 0.923828 0.027344 0.921875 0.027344 0.919922 0.029297 0.917969 0.031250 0.919922 0.033203 0.917969 0.039062 0.917969 0.042969 0.921875 0.042969 0.923828 0.044922 0.923828 0.046875 0.925781 0.046875 0.927734 0.048828 0.927734 0.048828 0.925781 0.050781 0.923828 0.052734 0.923828 0.054688 0.921875 0.056641 0.921875 0.060547 0.917969 0.068359 0.917969 0.068359 0.910156 0.070312 0.908203 0.070312 0.902344 0.074219 0.898438 0.078125 0.898438 0.082031 0.902344 0.083984 0.902344 0.085938 0.904297 0.085938 0.906250 0.091797 0.906250 0.093750 0.904297 0.097656 0.904297 0.099609 0.902344 0.101562 0.904297 0.103516 0.904297 0.105469 0.906250 0.109375 0.902344 0.109375 0.896484 0.111328 0.894531 0.113281 0.894531 0.115234 0.892578 0.115234 0.890625 0.119141 0.886719 0.119141 0.884766 0.121094 0.882812 0.123047 0.882812 0.125000 0.884766 0.123047 0.886719 0.125000 0.888672 0.125000 0.890625 0.123047 0.892578 0.125000 0.894531 0.132812 0.894531 0.132812 0.890625 0.134766 0.888672 0.136719 0.890625 0.136719 0.892578 0.138672 0.890625 0.138672 0.888672 0.140625 0.886719 0.142578 0.886719 0.144531 0.884766 0.148438 0.884766 0.150391 0.886719 0.152344 0.886719 0.158203 0.892578 0.158203 0.894531 0.156250 0.896484 0.154297 0.896484 0.154297 0.898438 0.152344 0.900391 0.150391 0.898438 0.150391 0.896484 0.150391 0.898438 0.146484 0.902344 0.142578 0.902344 0.142578 0.906250 0.140625 0.908203 0.138672 0.908203 0.138672 0.910156 0.136719 0.912109 0.134766 0.912109 0.134766 0.914062 0.132812 0.916016 0.130859 0.916016 0.130859 0.921875 0.128906 0.923828 0.130859 0.925781 0.130859 0.927734 0.134766 0.927734 0.136719 0.925781 0.140625 0.925781 0.140625 0.923828 0.142578 0.921875 0.152344 0.921875 0.152344 0.917969 0.156250 0.914062 0.160156 0.914062 0.160156 0.912109 0.162109 0.910156 0.167969 0.910156 0.167969 0.908203 0.169922 0.906250 0.171875 0.906250 0.175781 0.902344 0.175781 0.900391 0.177734 0.898438 0.181641 0.898438 0.185547 0.894531 0.181641 0.890625 0.179688 0.892578 0.173828 0.892578 0.171875 0.890625 0.171875 0.888672 0.166016 0.888672 0.164062 0.886719 0.164062 0.884766 0.162109 0.882812 0.162109 0.880859 0.160156 0.878906 0.160156 0.875000 0.162109 0.873047 0.164062 0.873047 0.164062 0.871094 0.167969 0.867188 0.171875 0.871094 0.171875 0.875000 0.173828 0.875000 0.177734 0.878906 0.177734 0.884766 0.177734 0.882812 0.179688 0.880859 0.183594 0.884766 0.183594 0.886719 0.187500 0.886719 0.187500 0.882812 0.189453 0.880859 0.191406 0.880859 0.193359 0.878906 0.195312 0.878906 0.199219 0.875000 0.201172 0.875000 0.203125 0.876953 0.203125 0.878906 0.207031 0.875000 0.208984 0.875000 0.208984 0.873047 0.210938 0.871094 0.210938 0.865234 0.212891 0.863281 0.214844 0.863281 0.214844 0.861328 0.216797 0.859375 0.222656 0.859375 0.222656 0.853516 0.224609 0.851562 0.222656 0.849609 0.220703 0.849609 0.218750 0.847656 0.218750 0.845703 0.214844 0.841797 0.214844 0.839844 0.212891 0.837891 0.212891 0.835938 0.207031 0.830078 0.205078 0.830078 0.203125 0.828125 0.201172 0.828125 0.199219 0.826172 0.197266 0.826172 0.195312 0.828125 0.193359 0.826172 0.193359 0.828125 0.191406 0.830078 0.181641 0.830078 0.179688 0.832031 0.177734 0.830078 0.173828 0.833984 0.171875 0.833984 0.167969 0.837891 0.166016 0.837891 0.164062 0.835938 0.164062 0.830078 0.158203 0.830078 0.158203 0.832031 0.156250 0.833984 0.154297 0.833984 0.150391 0.837891 0.148438 0.837891 0.146484 0.835938 0.146484 0.833984 0.142578 0.833984 0.138672 0.837891 0.136719 0.835938 0.136719 0.833984 0.132812 0.830078 0.130859 0.830078 0.128906 0.828125 0.128906 0.818359 0.126953 0.818359 0.125000 0.816406 0.123047 0.816406 0.121094 0.818359 0.119141 0.818359 0.117188 0.816406 0.117188 0.806641 0.119141 0.804688 0.121094 0.806641 0.123047 0.806641 0.125000 0.808594 0.126953 0.808594 0.126953 0.806641 0.128906 0.804688 0.130859 0.804688 0.130859 0.802734 0.132812 0.800781 0.136719 0.800781 0.138672 0.798828 0.142578 0.798828 0.144531 0.796875 0.144531 0.794922 0.146484 0.792969 0.152344 0.792969 0.152344 0.791016 0.154297 0.789062 0.156250 0.791016 0.156250 0.792969 0.158203 0.794922 0.158203 0.796875 0.160156 0.798828 0.164062 0.798828 0.169922 0.804688 0.171875 0.804688 0.173828 0.802734 0.175781 0.802734 0.177734 0.800781 0.189453 0.800781 0.193359 0.804688 0.193359 0.806641 0.189453 0.810547 0.189453 0.812500 0.191406 0.812500 0.195312 0.808594 0.197266 0.808594 0.201172 0.812500 0.201172 0.816406 0.203125 0.816406 0.205078 0.818359 0.205078 0.820312 0.208984 0.820312 0.210938 0.822266 0.210938 0.824219 0.212891 0.826172 0.212891 0.828125 0.218750 0.828125 0.220703 0.830078 0.220703 0.832031 0.222656 0.833984 0.222656 0.835938 0.224609 0.835938 0.228516 0.839844 0.228516 0.843750 0.230469 0.845703 0.230469 0.847656 0.234375 0.847656 0.238281 0.851562 0.246094 0.851562 0.248047 0.849609 0.250000 0.849609 0.251953 0.847656 0.253906 0.847656 0.257812 0.843750 0.259766 0.843750 0.261719 0.841797 0.261719 0.835938 0.263672 0.833984 0.261719 0.832031 0.267578 0.826172 0.271484 0.826172 0.277344 0.832031 0.279297 0.832031 0.281250 0.833984 0.281250 0.835938 0.285156 0.839844 0.285156 0.841797 0.289062 0.841797 0.294922 0.847656 0.296875 0.847656 0.298828 0.849609 0.298828 0.853516 0.296875 0.855469 0.292969 0.855469 0.292969 0.857422 0.291016 0.859375 0.289062 0.857422 0.287109 0.857422 0.285156 0.859375 0.283203 0.859375 0.281250 0.857422 0.279297 0.859375 0.277344 0.857422 0.267578 0.857422 0.265625 0.859375 0.263672 0.859375 0.259766 0.863281 0.259766 0.867188 0.257812 0.869141 0.257812 0.871094 0.255859 0.873047 0.255859 0.876953 0.253906 0.878906 0.253906 0.880859 0.251953 0.882812 0.251953 0.886719 0.259766 0.886719 0.263672 0.890625 0.263672 0.892578 0.265625 0.892578 0.267578 0.894531 0.269531 0.892578 0.269531 0.884766 0.271484 0.882812 0.273438 0.882812 0.275391 0.884766 0.275391 0.886719 0.277344 0.886719 0.279297 0.884766 0.283203 0.884766 0.285156 0.886719 0.287109 0.886719 0.294922 0.894531 0.296875 0.892578 0.298828 0.892578 0.300781 0.890625 0.300781 0.888672 0.302734 0.886719 0.300781 0.884766 0.300781 0.880859 0.302734 0.878906 0.304688 0.878906 0.306641 0.876953 0.310547 0.880859 0.310547 0.882812 0.308594 0.884766 0.310547 0.886719 0.314453 0.886719 0.316406 0.888672 0.320312 0.888672 0.324219 0.892578 0.328125 0.892578 0.330078 0.894531 0.328125 0.896484 0.328125 0.900391 0.326172 0.902344 0.318359 0.902344 0.314453 0.906250 0.302734 0.906250 0.300781 0.904297 0.300781 0.900391 0.298828 0.900391 0.298828 0.904297 0.296875 0.906250 0.292969 0.906250 0.291016 0.904297 0.285156 0.904297 0.283203 0.906250 0.283203 0.910156 0.289062 0.916016 0.289062 0.919922 0.291016 0.921875 0.289062 0.923828 0.283203 0.923828 0.279297 0.919922 0.277344 0.919922 0.275391 0.917969 0.269531 0.917969 0.269531 0.919922 0.265625 0.923828 0.263672 0.923828 0.263672 0.925781 0.261719 0.927734 0.261719 0.933594 0.259766 0.935547 0.259766 0.945312 0.257812 0.947266 0.255859 0.947266 0.257812 0.949219 0.255859 0.951172 0.255859 0.953125 0.250000 0.958984 0.248047 0.957031 0.246094 0.957031 0.242188 0.953125 0.240234 0.953125 0.238281 0.955078 0.236328 0.955078 0.234375 0.953125 0.236328 0.951172 0.236328 0.949219 0.238281 0.947266 0.238281 0.943359 0.240234 0.941406 0.240234 0.939453 0.242188 0.937500 0.242188 0.935547 0.244141 0.933594 0.242188 0.931641 0.242188 0.925781 0.246094 0.921875 0.246094 0.917969 0.244141 0.916016 0.244141 0.914062 0.240234 0.914062 0.238281 0.912109 0.236328 0.912109 0.234375 0.910156 0.230469 0.910156 0.228516 0.908203 0.224609 0.908203 0.224609 0.910156 0.222656 0.912109 0.216797 0.912109 0.214844 0.914062 0.212891 0.912109 0.210938 0.912109 0.210938 0.914062 0.205078 0.919922 0.203125 0.917969 0.203125 0.916016 0.201172 0.916016 0.199219 0.917969 0.195312 0.917969 0.193359 0.919922 0.191406 0.917969 0.191406 0.916016 0.185547 0.916016 0.183594 0.917969 0.181641 0.916016 0.181641 0.921875 0.179688 0.923828 0.177734 0.921875 0.177734 0.929688 0.179688 0.929688 0.181641 0.931641 0.181641 0.933594 0.185547 0.929688 0.187500 0.929688 0.189453 0.931641 0.189453 0.933594 0.195312 0.933594 0.199219 0.937500 0.201172 0.937500 0.207031 0.943359 0.207031 0.945312 0.205078 0.947266 0.205078 0.953125 0.203125 0.955078 0.203125 0.970703 0.207031 0.974609 0.208984 0.974609 0.210938 0.976562 0.210938 0.978516 0.214844 0.978516 0.220703 0.984375 0.220703 0.986328 0.224609 0.990234 0.224609 0.992188 0.259766 0.992188 0.257812 0.990234 0.257812 0.988281 0.259766 0.986328 0.263672 0.986328 0.265625 0.988281 0.265625 0.986328 0.267578 0.984375 0.269531 0.984375 0.269531 0.982422 0.267578 0.980469 0.261719 0.980469 0.259766 0.978516 0.257812 0.978516 0.255859 0.980469 0.251953 0.980469 0.250000 0.978516 0.250000 0.974609 0.251953 0.972656 0.253906 0.974609 0.257812 0.974609 0.259766 0.972656 0.261719 0.972656 0.263672 0.970703 0.265625 0.970703 0.267578 0.968750 0.271484 0.968750 0.273438 0.970703 0.283203 0.970703 0.285156 0.968750 0.287109 0.968750 0.289062 0.970703 0.285156 0.974609 0.285156 0.976562 0.283203 0.978516 0.283203 0.982422 0.281250 0.984375 0.281250 0.992188 0.529297 0.992188 0.529297 0.990234 0.527344 0.988281 0.527344 0.976562 0.531250 0.972656 0.535156 0.976562 0.537109 0.974609 0.539062 0.974609 0.539062 0.970703 0.541016 0.968750 0.542969 0.970703 0.542969 0.974609 0.544922 0.976562 0.544922 0.978516 0.548828 0.982422 0.548828 0.984375 0.550781 0.986328 0.550781 0.988281 0.552734 0.990234 0.552734 0.992188 0.589844 0.992188 0.595703 0.986328 0.597656 0.988281 0.599609 0.986328 0.601562 0.988281 0.605469 0.988281 0.607422 0.990234 0.607422 0.992188 0.644531 0.992188 0.644531 0.982422 0.646484 0.980469 0.652344 0.980469 0.654297 0.982422 0.654297 0.984375 0.656250 0.984375 0.658203 0.986328 0.658203 0.992188 0.726562 0.992188 0.726562 0.984375 0.734375 0.976562 0.736328 0.976562 0.738281 0.974609 0.738281 0.970703 0.736328 0.970703 0.734375 0.968750 0.734375 0.966797 0.732422 0.966797 0.730469 0.964844 0.730469 0.958984 0.728516 0.958984 0.726562 0.957031 0.726562 0.947266 0.724609 0.947266 0.722656 0.945312 0.722656 0.943359 0.720703 0.943359 0.718750 0.941406 0.718750 0.935547 0.720703 0.933594 0.720703 0.927734 0.722656 0.925781 0.724609 0.925781 0.728516 0.921875 0.732422 0.925781 0.732422 0.927734 0.734375 0.929688 0.738281 0.929688 0.740234 0.931641 0.740234 0.939453 0.742188 0.941406 0.742188 0.947266 0.744141 0.949219 0.746094 0.949219 0.748047 0.951172 0.751953 0.951172 0.753906 0.953125 0.757812 0.953125 0.761719 0.957031 0.763672 0.957031 0.765625 0.958984 0.769531 0.958984 0.771484 0.960938 0.779297 0.960938 0.781250 0.962891 0.781250 0.964844 0.785156 0.964844 0.787109 0.962891 0.791016 0.962891 0.796875 0.957031 0.796875 0.953125 0.802734 0.947266 0.804688 0.947266 0.808594 0.943359 0.810547 0.943359 0.810547 0.941406 0.812500 0.939453 0.816406 0.939453 0.818359 0.937500 0.820312 0.937500 0.822266 0.935547 0.822266 0.925781 0.820312 0.923828 0.820312 0.919922 0.828125 0.912109 0.828125 0.910156 0.830078 0.908203 0.832031 0.908203 0.832031 0.900391 0.833984 0.898438 0.835938 0.898438 0.835938 0.884766 0.837891 0.882812 0.839844 0.882812 0.839844 0.878906 0.843750 0.875000 0.843750 0.865234 0.841797 0.865234 0.835938 0.859375 0.833984 0.859375 0.832031 0.861328 0.833984 0.863281 0.832031 0.865234 0.828125 0.865234 0.826172 0.867188 0.822266 0.867188 0.820312 0.865234 0.818359 0.865234 0.816406 0.863281 0.816406 0.861328 0.814453 0.861328 0.812500 0.859375 0.812500 0.853516 0.810547 0.853516 0.808594 0.851562 0.808594 0.841797 0.798828 0.841797 0.796875 0.839844 0.796875 0.835938 0.792969 0.835938 0.791016 0.833984 0.789062 0.833984 0.787109 0.832031 0.787109 0.830078 0.781250 0.830078 0.779297 0.832031 0.777344 0.832031 0.775391 0.833984 0.769531 0.833984 0.767578 0.832031 0.767578 0.828125 0.769531 0.826172 0.769531 0.824219 0.771484 0.822266 0.773438 0.822266 0.773438 0.820312 0.779297 0.814453 0.775391 0.814453 0.773438 0.812500 0.773438 0.810547 0.775391 0.808594 0.781250 0.808594 0.783203 0.806641 0.785156 0.808594 0.789062 0.804688 0.791016 0.804688 0.794922 0.800781 0.796875 0.800781 0.796875 0.796875 0.794922 0.794922 0.794922 0.789062 0.798828 0.785156 0.800781 0.785156 0.800781 0.783203 0.802734 0.781250 0.804688 0.781250 0.806641 0.779297 0.808594 0.779297 0.812500 0.783203 0.812500 0.787109 0.810547 0.789062 0.814453 0.792969 0.814453 0.794922 0.816406 0.794922 0.818359 0.796875 0.818359 0.798828 0.820312 0.796875 0.822266 0.798828 0.822266 0.800781 0.824219 0.802734 0.822266 0.804688 0.822266 0.812500 0.824219 0.812500 0.826172 0.814453 0.826172 0.816406 0.832031 0.816406 0.833984 0.818359 0.833984 0.822266 0.835938 0.824219 0.835938 0.826172 0.837891 0.828125 0.835938 0.830078 0.833984 0.830078 0.833984 0.832031 0.841797 0.839844 0.841797 0.841797 0.849609 0.841797 0.853516 0.845703 0.853516 0.847656 0.859375 0.847656 0.861328 0.845703 0.863281 0.845703 0.869141 0.839844 0.871094 0.839844 0.873047 0.837891 0.875000 0.837891 0.878906 0.833984 0.878906 0.830078 0.880859 0.828125 0.882812 0.828125 0.888672 0.822266 0.890625 0.822266 0.892578 0.820312 0.896484 0.820312 0.898438 0.822266 0.902344 0.822266 0.910156 0.814453 0.910156 0.812500 0.919922 0.802734 0.919922 0.800781 0.923828 0.796875 0.923828 0.794922 0.927734 0.791016 0.929688 0.791016 0.929688 0.789062 0.933594 0.785156 0.935547 0.785156 0.939453 0.781250 0.941406 0.781250 0.943359 0.783203 0.957031 0.783203 0.958984 0.781250 0.962891 0.781250 0.962891 0.779297 0.964844 0.777344 0.966797 0.777344 0.966797 0.775391 0.964844 0.775391 0.960938 0.771484 0.960938 0.769531 0.958984 0.769531 0.957031 0.767578 0.955078 0.767578 0.953125 0.765625 0.953125 0.763672 0.945312 0.763672 0.941406 0.767578 0.939453 0.767578 0.937500 0.769531 0.935547 0.769531 0.933594 0.771484 0.931641 0.771484 0.931641 0.773438 0.929688 0.775391 0.927734 0.775391 0.925781 0.773438 0.927734 0.771484 0.921875 0.765625 0.919922 0.765625 0.917969 0.763672 0.917969 0.748047 0.916016 0.746094 0.917969 0.744141 0.917969 0.742188 0.919922 0.740234 0.919922 0.738281 0.921875 0.736328 0.921875 0.734375 0.925781 0.730469 0.927734 0.732422 0.927734 0.734375 0.933594 0.734375 0.935547 0.736328 0.937500 0.736328 0.939453 0.738281 0.939453 0.740234 0.945312 0.740234 0.949219 0.736328 0.951172 0.736328 0.953125 0.734375 0.955078 0.734375 0.958984 0.738281 0.958984 0.742188 0.960938 0.742188 0.962891 0.744141 0.962891 0.746094 0.966797 0.746094 0.966797 0.744141 0.968750 0.742188 0.972656 0.742188 0.972656 0.740234 0.974609 0.738281 0.980469 0.738281 0.982422 0.740234 0.982422 0.746094 0.984375 0.746094 0.986328 0.748047 0.986328 0.750000 0.982422 0.753906 0.982422 0.761719 0.984375 0.763672 0.984375 0.765625 0.982422 0.767578 0.982422 0.769531 0.980469 0.771484 0.986328 0.777344 0.988281 0.777344 0.990234 0.779297 0.992188 0.779297 0.992188 0.537109 0.982422 0.537109 0.980469 0.535156 0.980469 0.533203 0.974609 0.533203 0.972656 0.531250 0.972656 0.529297 0.970703 0.531250 0.968750 0.529297 0.962891 0.529297 0.962891 0.531250 0.960938 0.533203 0.953125 0.533203 0.949219 0.537109 0.939453 0.537109 0.939453 0.539062 0.933594 0.544922 0.927734 0.544922 0.929688 0.546875 0.929688 0.548828 0.931641 0.550781 0.931641 0.554688 0.937500 0.554688 0.939453 0.556641 0.939453 0.560547 0.941406 0.560547 0.943359 0.562500 0.943359 0.564453 0.945312 0.566406 0.945312 0.574219 0.943359 0.576172 0.941406 0.576172 0.939453 0.578125 0.939453 0.582031 0.937500 0.583984 0.931641 0.583984 0.925781 0.578125 0.919922 0.578125 0.917969 0.580078 0.916016 0.580078 0.914062 0.582031 0.910156 0.582031 0.908203 0.580078 0.906250 0.580078 0.904297 0.578125 0.904297 0.574219 0.906250 0.572266 0.908203 0.572266 0.904297 0.572266 0.902344 0.570312 0.902344 0.568359 0.900391 0.568359 0.896484 0.564453 0.892578 0.564453 0.890625 0.562500 0.890625 0.548828 0.892578 0.546875 0.894531 0.546875 0.894531 0.544922 0.896484 0.542969 0.906250 0.542969 0.904297 0.541016 0.906250 0.539062 0.910156 0.539062 0.910156 0.537109 0.912109 0.535156 0.912109 0.533203 0.910156 0.531250 0.910156 0.529297 0.912109 0.527344 0.914062 0.527344 0.914062 0.523438 0.912109 0.521484 0.912109 0.515625 0.914062 0.513672 0.914062 0.509766 0.916016 0.507812 0.923828 0.507812 0.925781 0.509766 0.929688 0.509766 0.933594 0.513672 0.935547 0.513672 0.935547 0.511719 0.933594 0.509766 0.933594 0.505859 0.927734 0.500000 0.927734 0.498047 0.925781 0.496094 0.925781 0.488281 0.921875 0.484375 0.921875 0.482422 0.919922 0.480469 0.919922 0.478516 0.917969 0.478516 0.916016 0.480469 0.912109 0.480469 0.910156 0.482422 0.910156 0.484375 0.908203 0.486328 0.898438 0.486328 0.896484 0.484375 0.896484 0.474609 0.894531 0.472656 0.894531 0.470703 0.886719 0.470703 0.886719 0.472656 0.882812 0.476562 0.882812 0.484375 0.880859 0.486328 0.876953 0.486328 0.875000 0.488281 0.873047 0.488281 0.871094 0.490234 0.869141 0.488281 0.869141 0.480469 0.863281 0.474609 0.863281 0.468750 0.865234 0.466797 0.865234 0.462891 0.867188 0.460938 0.867188 0.457031 0.869141 0.455078 0.871094 0.455078 0.871094 0.453125 0.869141 0.451172 0.869141 0.447266 0.867188 0.445312 0.867188 0.437500 0.861328 0.431641 0.861328 0.429688 0.857422 0.425781 0.857422 0.429688 0.855469 0.431641 0.849609 0.431641 0.847656 0.429688 0.847656 0.427734 0.843750 0.427734 0.839844 0.423828 0.839844 0.421875 0.833984 0.421875 0.833984 0.423828 0.832031 0.425781 0.824219 0.425781 0.822266 0.423828 0.822266 0.419922 0.820312 0.417969 0.820312 0.416016 0.818359 0.416016 0.816406 0.414062 0.816406 0.412109 0.814453 0.412109 0.812500 0.410156 0.812500 0.408203 0.806641 0.408203 0.800781 0.414062 0.792969 0.414062 0.791016 0.412109 0.791016 0.408203 0.787109 0.408203 0.785156 0.406250 0.785156 0.404297 0.775391 0.404297 0.775391 0.406250 0.773438 0.408203 0.765625 0.408203 0.763672 0.410156 0.763672 0.417969 0.761719 0.419922 0.759766 0.419922 0.759766 0.425781 0.755859 0.429688 0.755859 0.433594 0.757812 0.433594 0.759766 0.435547 0.759766 0.437500 0.757812 0.439453 0.757812 0.445312 0.755859 0.447266 0.755859 0.464844 0.759766 0.464844 0.761719 0.466797 0.759766 0.468750 0.759766 0.470703 0.763672 0.474609 0.763672 0.478516 0.765625 0.478516 0.767578 0.480469 0.767578 0.482422 0.771484 0.486328 0.771484 0.488281 0.773438 0.488281 0.777344 0.492188 0.785156 0.492188 0.787109 0.494141 0.787109 0.496094 0.789062 0.496094 0.791016 0.498047 0.791016 0.500000 0.802734 0.500000 0.804688 0.501953 0.808594 0.501953 0.808594 0.498047 0.810547 0.496094 0.812500 0.498047 0.812500 0.488281 0.816406 0.484375 0.820312 0.484375 0.822266 0.486328 0.822266 0.488281 0.824219 0.488281 0.826172 0.490234 0.824219 0.492188 0.826172 0.494141 0.826172 0.500000 0.824219 0.501953 0.822266 0.501953 0.822266 0.503906 0.820312 0.505859 0.818359 0.505859 0.816406 0.507812 0.818359 0.509766 0.818359 0.511719 0.820312 0.511719 0.822266 0.513672 0.822266 0.519531 0.828125 0.519531 0.828125 0.517578 0.830078 0.515625 0.832031 0.515625 0.835938 0.511719 0.839844 0.511719 0.841797 0.513672 0.841797 0.515625 0.843750 0.515625 0.845703 0.517578 0.845703 0.523438 0.843750 0.525391 0.837891 0.525391 0.837891 0.527344 0.835938 0.529297 0.833984 0.529297 0.833984 0.535156 0.832031 0.537109 0.830078 0.537109 0.830078 0.539062 0.828125 0.541016 0.822266 0.541016 0.822266 0.548828 0.824219 0.548828 0.826172 0.546875 0.828125 0.546875 0.828125 0.544922 0.830078 0.542969 0.833984 0.546875 0.833984 0.550781 0.824219 0.560547 0.822266 0.560547 0.822266 0.570312 0.820312 0.572266 0.810547 0.572266 0.808594 0.570312 0.808594 0.568359 0.804688 0.564453 0.802734 0.564453 0.800781 0.566406 0.798828 0.566406 0.796875 0.568359 0.787109 0.568359 0.787109 0.570312 0.785156 0.572266 0.783203 0.572266 0.779297 0.576172 0.779297 0.578125 0.777344 0.580078 0.775391 0.580078 0.775391 0.595703 0.773438 0.597656 0.773438 0.603516 0.775391 0.605469 0.775391 0.609375 0.777344 0.611328 0.777344 0.613281 0.779297 0.615234 0.781250 0.615234 0.783203 0.617188 0.783203 0.619141 0.785156 0.621094 0.789062 0.621094 0.792969 0.625000 0.792969 0.626953 0.794922 0.626953 0.796875 0.628906 0.812500 0.628906 0.818359 0.634766 0.818359 0.636719 0.828125 0.636719 0.828125 0.634766 0.832031 0.630859 0.832031 0.626953 0.833984 0.625000 0.835938 0.625000 0.835938 0.623047 0.837891 0.621094 0.839844 0.621094 0.839844 0.619141 0.837891 0.617188 0.835938 0.619141 0.830078 0.619141 0.828125 0.617188 0.828125 0.615234 0.826172 0.615234 0.822266 0.611328 0.822266 0.609375 0.820312 0.607422 0.820312 0.603516 0.818359 0.603516 0.814453 0.599609 0.814453 0.595703 0.812500 0.593750 0.812500 0.591797 0.814453 0.589844 0.820312 0.589844 0.820312 0.587891 0.822266 0.585938 0.830078 0.585938 0.833984 0.589844 0.833984 0.593750 0.839844 0.593750 0.839844 0.587891 0.841797 0.585938 0.843750 0.585938 0.843750 0.583984 0.845703 0.582031 0.861328 0.582031 0.861328 0.580078 0.863281 0.578125 0.865234 0.578125 0.869141 0.574219 0.869141 0.572266 0.867188 0.570312 0.867188 0.566406 0.865234 0.566406 0.863281 0.564453 0.863281 0.556641 0.865234 0.554688 0.871094 0.554688 0.875000 0.550781 0.876953 0.550781 0.880859 0.554688 0.880859 0.558594 0.882812 0.558594 0.884766 0.560547 0.884766 0.562500 0.886719 0.562500 0.888672 0.564453 0.888672 0.570312 0.886719 0.572266 0.884766 0.572266 0.882812 0.574219 0.882812 0.576172 0.884766 0.578125 0.884766 0.580078 0.886719 0.580078 0.888672 0.582031 0.886719 0.583984 0.880859 0.583984 0.880859 0.601562 0.882812 0.603516 0.882812 0.605469 0.890625 0.605469 0.892578 0.607422 0.892578 0.617188 0.890625 0.619141 0.876953 0.619141 0.875000 0.617188 0.875000 0.615234 0.869141 0.615234 0.869141 0.617188 0.867188 0.619141 0.865234 0.619141 0.865234 0.626953 0.869141 0.630859 0.869141 0.636719 0.871094 0.636719 0.873047 0.638672 0.873047 0.640625 0.871094 0.642578 0.869141 0.642578 0.869141 0.648438 0.867188 0.650391 0.865234 0.650391 0.867188 0.652344 0.865234 0.654297 0.865234 0.656250 0.863281 0.658203 0.861328 0.658203 0.865234 0.662109 0.865234 0.669922 0.861328 0.673828 0.849609 0.673828 0.847656 0.671875 0.847656 0.669922 0.843750 0.669922 0.841797 0.671875 0.841797 0.673828 0.837891 0.677734 0.830078 0.677734 0.830078 0.683594 0.828125 0.685547 0.826172 0.685547 0.826172 0.691406 0.828125 0.691406 0.832031 0.695312 0.832031 0.697266 0.833984 0.699219 0.835938 0.699219 0.835938 0.697266 0.837891 0.695312 0.839844 0.695312 0.839844 0.693359 0.845703 0.687500 0.851562 0.687500 0.853516 0.689453 0.857422 0.689453 0.859375 0.691406 0.857422 0.693359 0.857422 0.695312 0.865234 0.695312 0.867188 0.697266 0.871094 0.697266 0.873047 0.699219 0.888672 0.699219 0.890625 0.701172 0.890625 0.703125 0.892578 0.705078 0.892578 0.714844 0.894531 0.714844 0.896484 0.716797 0.896484 0.718750 0.906250 0.718750 0.906250 0.716797 0.908203 0.714844 0.910156 0.714844 0.914062 0.710938 0.917969 0.710938 0.919922 0.708984 0.923828 0.708984 0.925781 0.710938 0.929688 0.710938 0.931641 0.712891 0.931641 0.714844 0.933594 0.714844 0.935547 0.716797 0.935547 0.722656 0.933594 0.724609 0.931641 0.724609 0.929688 0.722656 0.925781 0.722656 0.923828 0.720703 0.921875 0.720703 0.921875 0.722656 0.919922 0.724609 0.914062 0.724609 0.912109 0.726562 0.910156 0.726562 0.908203 0.728516 0.908203 0.730469 0.910156 0.730469 0.912109 0.732422 0.912109 0.738281 0.910156 0.740234 0.908203 0.740234 0.904297 0.744141 0.902344 0.744141 0.900391 0.746094 0.894531 0.746094 0.890625 0.742188 0.888672 0.742188 0.886719 0.740234 0.882812 0.740234 0.880859 0.742188 0.880859 0.746094 0.878906 0.748047 0.861328 0.748047 0.859375 0.746094 0.855469 0.746094 0.853516 0.744141 0.851562 0.744141 0.847656 0.740234 0.845703 0.740234 0.835938 0.730469 0.835938 0.728516 0.833984 0.726562 0.833984 0.724609 0.832031 0.722656 0.832031 0.720703 0.828125 0.716797 0.826172 0.716797 0.824219 0.714844 0.824219 0.712891 0.818359 0.712891 0.816406 0.710938 0.814453 0.710938 0.812500 0.708984 0.810547 0.708984 0.808594 0.707031 0.808594 0.705078 0.806641 0.707031 0.804688 0.705078 0.794922 0.705078 0.791016 0.708984 0.787109 0.708984 0.787109 0.710938 0.785156 0.712891 0.783203 0.712891 0.785156 0.714844 0.785156 0.718750 0.787109 0.720703 0.787109 0.722656 0.785156 0.724609 0.781250 0.724609 0.777344 0.720703 0.775391 0.720703 0.771484 0.724609 0.763672 0.724609 0.763672 0.726562 0.761719 0.728516 0.759766 0.728516 0.757812 0.730469 0.759766 0.732422 0.759766 0.734375 0.757812 0.736328 0.751953 0.736328 0.750000 0.734375 0.750000 0.732422 0.748047 0.732422 0.744141 0.728516 0.744141 0.726562 0.742188 0.726562 0.740234 0.724609 0.740234 0.722656 0.738281 0.720703 0.738281 0.716797 0.736328 0.716797 0.732422 0.712891 0.732422 0.714844 0.730469 0.716797 0.724609 0.716797 0.722656 0.714844 0.722656 0.705078 0.720703 0.705078 0.718750 0.703125 0.718750 0.685547 0.716797 0.685547 0.714844 0.683594 0.714844 0.681641 0.708984 0.681641 0.707031 0.679688 0.707031 0.673828 0.703125 0.673828 0.701172 0.675781 0.697266 0.675781 0.695312 0.673828 0.695312 0.669922 0.693359 0.669922 0.691406 0.667969 0.691406 0.666016 0.673828 0.666016 0.671875 0.664062 0.671875 0.658203 0.673828 0.656250 0.675781 0.656250 0.675781 0.648438 0.677734 0.646484 0.679688 0.646484 0.679688 0.644531 0.681641 0.642578 0.683594 0.642578 0.685547 0.640625 0.687500 0.640625 0.691406 0.636719 0.693359 0.638672 0.693359 0.640625 0.695312 0.640625 0.697266 0.642578 0.697266 0.644531 0.699219 0.644531 0.703125 0.648438 0.703125 0.650391 0.705078 0.650391 0.710938 0.656250 0.710938 0.658203 0.714844 0.662109 0.724609 0.662109 0.724609 0.658203 0.728516 0.654297 0.728516 0.650391 0.730469 0.648438 0.734375 0.648438 0.734375 0.640625 0.736328 0.638672 0.734375 0.636719 0.734375 0.634766 0.736328 0.632812 0.738281 0.632812 0.738281 0.630859 0.740234 0.628906 0.748047 0.628906 0.746094 0.626953 0.751953 0.621094 0.750000 0.619141 0.751953 0.617188 0.753906 0.617188 0.755859 0.619141 0.755859 0.628906 0.757812 0.628906 0.759766 0.630859 0.759766 0.632812 0.763672 0.632812 0.765625 0.630859 0.765625 0.615234 0.763672 0.615234 0.759766 0.611328 0.759766 0.607422 0.757812 0.605469 0.757812 0.595703 0.751953 0.595703 0.750000 0.593750 0.750000 0.585938 0.753906 0.582031 0.753906 0.572266 0.751953 0.572266 0.750000 0.570312 0.750000 0.560547 0.755859 0.554688 0.759766 0.554688 0.757812 0.552734 0.759766 0.550781 0.761719 0.550781 0.761719 0.548828 0.763672 0.546875 0.767578 0.546875 0.769531 0.544922 0.771484 0.544922 0.773438 0.542969 0.773438 0.539062 0.775391 0.537109 0.773438 0.535156 0.773438 0.533203 0.775391 0.531250 0.781250 0.537109 0.783203 0.537109 0.785156 0.539062 0.789062 0.539062 0.791016 0.541016 0.791016 0.542969 0.792969 0.542969 0.792969 0.537109 0.791016 0.535156 0.791016 0.529297 0.785156 0.529297 0.781250 0.525391 0.781250 0.521484 0.779297 0.521484 0.777344 0.519531 0.777344 0.517578 0.775391 0.517578 0.773438 0.515625 0.773438 0.513672 0.771484 0.513672 0.769531 0.511719 0.769531 0.509766 0.767578 0.509766 0.765625 0.507812 0.763672 0.507812 0.761719 0.505859 0.759766 0.505859 0.757812 0.503906 0.757812 0.501953 0.746094 0.501953 0.744141 0.500000 0.740234 0.500000 0.738281 0.501953 0.722656 0.501953 0.720703 0.503906 0.716797 0.503906 0.714844 0.505859 0.707031 0.505859 0.705078 0.503906 0.705078 0.513672 0.708984 0.517578 0.708984 0.523438 0.705078 0.527344 0.697266 0.527344 0.695312 0.525391 0.693359 0.525391 0.691406 0.523438 0.691406 0.513672 0.685547 0.513672 0.683594 0.511719 0.683594 0.509766 0.681641 0.509766 0.677734 0.505859 0.679688 0.503906 0.679688 0.501953 0.677734 0.501953 0.673828 0.505859 0.669922 0.505859 0.669922 0.507812 0.667969 0.509766 0.664062 0.509766 0.664062 0.513672 0.662109 0.515625 0.656250 0.515625 0.654297 0.513672 0.650391 0.513672 0.648438 0.511719 0.648438 0.507812 0.644531 0.503906 0.644531 0.501953 0.642578 0.501953 0.640625 0.503906 0.638672 0.503906 0.636719 0.501953 0.630859 0.501953 0.628906 0.503906 0.628906 0.505859 0.617188 0.517578 0.617188 0.523438 0.619141 0.523438 0.621094 0.521484 0.623047 0.521484 0.625000 0.523438 0.628906 0.523438 0.630859 0.525391 0.632812 0.525391 0.634766 0.527344 0.634766 0.529297 0.636719 0.531250 0.636719 0.535156 0.638672 0.537109 0.638672 0.544922 0.636719 0.546875 0.636719 0.548828 0.638672 0.550781 0.638672 0.556641 0.636719 0.558594 0.636719 0.560547 0.632812 0.564453 0.630859 0.564453 0.628906 0.562500 0.619141 0.562500 0.615234 0.566406 0.613281 0.566406 0.613281 0.570312 0.617188 0.570312 0.619141 0.572266 0.617188 0.574219 0.617188 0.578125 0.619141 0.580078 0.619141 0.582031 0.623047 0.585938 0.623047 0.589844 0.625000 0.591797 0.623047 0.593750 0.625000 0.595703 0.625000 0.599609 0.626953 0.601562 0.626953 0.603516 0.628906 0.605469 0.630859 0.605469 0.632812 0.607422 0.632812 0.609375 0.634766 0.611328 0.636719 0.611328 0.638672 0.613281 0.638672 0.615234 0.640625 0.615234 0.642578 0.617188 0.646484 0.617188 0.652344 0.623047 0.656250 0.623047 0.658203 0.625000 0.660156 0.625000 0.662109 0.626953 0.664062 0.626953 0.666016 0.625000 0.671875 0.625000 0.673828 0.623047 0.673828 0.621094 0.685547 0.609375 0.691406 0.609375 0.693359 0.611328 0.695312 0.609375 0.697266 0.609375 0.697266 0.607422 0.699219 0.605469 0.701172 0.605469 0.705078 0.601562 0.707031 0.601562 0.707031 0.599609 0.708984 0.597656 0.712891 0.597656 0.714844 0.595703 0.716797 0.597656 0.716797 0.605469 0.714844 0.607422 0.712891 0.607422 0.712891 0.609375 0.707031 0.615234 0.707031 0.621094 0.705078 0.623047 0.705078 0.625000 0.699219 0.630859 0.695312 0.630859 0.693359 0.632812 0.693359 0.634766 0.691406 0.636719 0.689453 0.636719 0.687500 0.634766 0.685547 0.634766 0.683594 0.632812 0.681641 0.632812 0.675781 0.638672 0.673828 0.638672 0.673828 0.640625 0.671875 0.642578 0.669922 0.642578 0.666016 0.646484 0.666016 0.648438 0.664062 0.650391 0.662109 0.650391 0.664062 0.652344 0.662109 0.654297 0.664062 0.654297 0.666016 0.656250 0.666016 0.660156 0.664062 0.662109 0.658203 0.662109 0.658203 0.664062 0.656250 0.666016 0.636719 0.666016 0.632812 0.662109 0.632812 0.660156 0.630859 0.660156 0.628906 0.658203 0.625000 0.658203 0.623047 0.656250 0.619141 0.656250 0.611328 0.664062 0.611328 0.666016 0.607422 0.669922 0.601562 0.669922 0.599609 0.667969 0.599609 0.666016 0.597656 0.664062 0.599609 0.662109 0.599609 0.660156 0.611328 0.648438 0.615234 0.648438 0.617188 0.646484 0.619141 0.646484 0.621094 0.644531 0.623047 0.644531 0.625000 0.642578 0.625000 0.640625 0.626953 0.638672 0.626953 0.634766 0.625000 0.632812 0.625000 0.630859 0.626953 0.628906 0.625000 0.628906 0.621094 0.625000 0.621094 0.623047 0.615234 0.623047 0.613281 0.621094 0.609375 0.621094 0.609375 0.623047 0.607422 0.625000 0.603516 0.625000 0.599609 0.628906 0.599609 0.630859 0.595703 0.634766 0.593750 0.634766 0.591797 0.636719 0.587891 0.636719 0.585938 0.634766 0.587891 0.632812 0.587891 0.630859 0.589844 0.628906 0.591797 0.628906 0.591797 0.623047 0.589844 0.621094 0.589844 0.613281 0.585938 0.609375 0.585938 0.591797 0.583984 0.589844 0.582031 0.589844 0.578125 0.585938 0.578125 0.582031 0.576172 0.583984 0.568359 0.583984 0.564453 0.587891 0.560547 0.587891 0.560547 0.589844 0.558594 0.591797 0.554688 0.591797 0.552734 0.589844 0.550781 0.589844 0.548828 0.587891 0.548828 0.585938 0.546875 0.583984 0.546875 0.582031 0.550781 0.578125 0.552734 0.578125 0.554688 0.576172 0.556641 0.576172 0.556641 0.570312 0.554688 0.568359 0.554688 0.566406 0.552734 0.564453 0.552734 0.562500 0.550781 0.560547 0.550781 0.558594 0.548828 0.556641 0.550781 0.554688 0.550781 0.552734 0.552734 0.550781 0.550781 0.548828 0.542969 0.548828 0.539062 0.544922 0.539062 0.541016 0.548828 0.531250 0.552734 0.531250 0.554688 0.529297 0.556641 0.529297 0.556641 0.527344 0.562500 0.521484 0.564453 0.521484 0.566406 0.519531 0.566406 0.513672 0.562500 0.509766 0.562500 0.505859 0.560547 0.505859 0.556641 0.501953 0.556641 0.500000 0.554688 0.498047 0.554688 0.496094 0.550781 0.492188 0.550781 0.490234 0.544922 0.484375 0.544922 0.480469 0.542969 0.480469 0.541016 0.478516 0.541016 0.474609 0.542969 0.472656 0.542969 0.468750 0.544922 0.466797 0.544922 0.464844 0.546875 0.462891 0.546875 0.460938 0.548828 0.458984 0.548828 0.457031 0.552734 0.453125 0.552734 0.443359 0.556641 0.439453 0.556641 0.437500 0.558594 0.435547 0.558594 0.433594 0.562500 0.429688 0.562500 0.416016 0.560547 0.416016 0.558594 0.414062 0.558594 0.412109 0.556641 0.410156 0.556641 0.408203 0.548828 0.400391 0.544922 0.400391 0.541016 0.396484 0.541016 0.394531 0.539062 0.392578 0.539062 0.388672 0.535156 0.384766 0.533203 0.384766 0.531250 0.386719 0.529297 0.386719 0.527344 0.388672 0.521484 0.388672 0.519531 0.390625 0.501953 0.390625 0.500000 0.388672 0.498047 0.388672 0.496094 0.386719 0.496094 0.384766 0.494141 0.384766 0.492188 0.382812 0.492188 0.373047 0.488281 0.373047 0.486328 0.371094 0.484375 0.371094 0.482422 0.369141 0.482422 0.367188 0.480469 0.365234
0 0.478516 0.255859 0.476562 0.257812 0.476562 0.259766 0.472656 0.263672 0.470703 0.263672 0.470703 0.269531 0.468750 0.271484 0.466797 0.271484 0.466797 0.275391 0.468750 0.275391 0.474609 0.281250 0.474609 0.283203 0.476562 0.285156 0.478516 0.285156 0.480469 0.287109 0.480469 0.289062 0.484375 0.289062 0.486328 0.287109 0.486328 0.281250 0.484375 0.279297 0.484375 0.277344 0.482422 0.277344 0.480469 0.275391 0.480469 0.271484 0.478516 0.269531 0.478516 0.267578 0.480469 0.265625 0.484375 0.265625 0.484375 0.259766 0.482422 0.257812 0.482422 0.255859
0 0.142578 0.248047 0.142578 0.253906 0.144531 0.255859 0.144531 0.257812 0.148438 0.261719 0.148438 0.263672 0.150391 0.265625 0.152344 0.265625 0.156250 0.269531 0.156250 0.271484 0.158203 0.273438 0.160156 0.273438 0.162109 0.275391 0.167969 0.275391 0.169922 0.273438 0.169922 0.267578 0.166016 0.263672 0.166016 0.261719 0.164062 0.259766 0.164062 0.257812 0.160156 0.257812 0.156250 0.253906 0.154297 0.253906 0.152344 0.251953 0.152344 0.250000 0.150391 0.248047
0 0.335938 0.236328 0.332031 0.240234 0.332031 0.242188 0.330078 0.244141 0.330078 0.246094 0.332031 0.248047 0.332031 0.250000 0.333984 0.250000 0.339844 0.255859 0.343750 0.255859 0.347656 0.251953 0.347656 0.244141 0.345703 0.244141 0.343750 0.242188 0.343750 0.240234 0.339844 0.240234
0 0.705078 0.205078 0.705078 0.207031 0.703125 0.208984 0.701172 0.208984 0.701172 0.214844 0.703125 0.214844 0.705078 0.216797 0.705078 0.218750 0.710938 0.218750 0.710938 0.216797 0.712891 0.214844 0.712891 0.212891 0.714844 0.210938 0.714844 0.208984 0.710938 0.208984 0.708984 0.207031 0.708984 0.205078
0 0.234375 0.197266 0.230469 0.201172 0.224609 0.201172 0.224609 0.203125 0.222656 0.205078 0.222656 0.212891 0.224609 0.214844 0.224609 0.218750 0.226562 0.220703 0.230469 0.220703 0.232422 0.222656 0.232422 0.224609 0.236328 0.224609 0.238281 0.226562 0.238281 0.230469 0.244141 0.230469 0.248047 0.226562 0.253906 0.226562 0.255859 0.224609 0.255859 0.220703 0.257812 0.218750 0.257812 0.208984 0.253906 0.208984 0.251953 0.207031 0.251953 0.205078 0.248047 0.205078 0.246094 0.203125 0.242188 0.203125 0.240234 0.201172 0.238281 0.201172 0.236328 0.199219 0.236328 0.197266
0 0.320312 0.185547 0.322266 0.187500 0.322266 0.189453 0.324219 0.189453 0.326172 0.191406 0.326172 0.197266 0.328125 0.199219 0.328125 0.205078 0.326172 0.207031 0.322266 0.207031 0.318359 0.203125 0.318359 0.201172 0.314453 0.197266 0.306641 0.197266 0.306641 0.201172 0.304688 0.203125 0.304688 0.205078 0.306641 0.207031 0.302734 0.210938 0.298828 0.210938 0.296875 0.208984 0.291016 0.208984 0.289062 0.210938 0.287109 0.210938 0.287109 0.212891 0.285156 0.214844 0.283203 0.214844 0.283203 0.218750 0.287109 0.222656 0.287109 0.226562 0.291016 0.226562 0.292969 0.228516 0.292969 0.230469 0.298828 0.236328 0.300781 0.236328 0.304688 0.232422 0.306641 0.232422 0.308594 0.230469 0.310547 0.230469 0.314453 0.226562 0.316406 0.226562 0.316406 0.220703 0.318359 0.218750 0.322266 0.222656 0.322266 0.224609 0.330078 0.224609 0.330078 0.222656 0.333984 0.218750 0.335938 0.218750 0.339844 0.214844 0.349609 0.214844 0.349609 0.212891 0.351562 0.210938 0.353516 0.210938 0.353516 0.207031 0.351562 0.205078 0.351562 0.201172 0.349609 0.203125 0.339844 0.203125 0.337891 0.201172 0.337891 0.199219 0.335938 0.197266 0.335938 0.191406 0.337891 0.189453 0.326172 0.189453 0.324219 0.187500 0.324219 0.185547
0 0.259766 0.171875 0.257812 0.173828 0.257812 0.181641 0.259766 0.183594 0.267578 0.183594 0.269531 0.181641 0.269531 0.175781 0.265625 0.171875
0 0.271484 0.162109 0.275391 0.166016 0.275391 0.167969 0.277344 0.167969 0.279297 0.169922 0.279297 0.173828 0.281250 0.173828 0.285156 0.177734 0.291016 0.177734 0.291016 0.173828 0.289062 0.171875 0.287109 0.171875 0.281250 0.166016 0.281250 0.164062 0.279297 0.164062 0.277344 0.162109 0.275391 0.164062 0.273438 0.164062
0 0.816406 0.160156 0.814453 0.162109 0.806641 0.162109 0.806641 0.164062 0.804688 0.166016 0.802734 0.166016 0.802734 0.167969 0.798828 0.171875 0.798828 0.173828 0.796875 0.175781 0.796875 0.177734 0.798828 0.179688 0.796875 0.181641 0.794922 0.181641 0.792969 0.183594 0.792969 0.185547 0.787109 0.191406 0.787109 0.205078 0.785156 0.207031 0.785156 0.208984 0.783203 0.210938 0.783203 0.212891 0.781250 0.214844 0.779297 0.214844 0.777344 0.216797 0.777344 0.218750 0.775391 0.220703 0.775391 0.232422 0.779297 0.236328 0.779297 0.238281 0.781250 0.240234 0.781250 0.250000 0.779297 0.251953 0.779297 0.255859 0.777344 0.257812 0.777344 0.259766 0.775391 0.261719 0.773438 0.261719 0.773438 0.263672 0.771484 0.265625 0.771484 0.275391 0.773438 0.277344 0.773438 0.281250 0.775391 0.283203 0.775391 0.289062 0.779297 0.289062 0.781250 0.291016 0.781250 0.292969 0.783203 0.294922 0.785156 0.294922 0.787109 0.296875 0.787109 0.298828 0.791016 0.298828 0.792969 0.300781 0.796875 0.300781 0.798828 0.302734 0.798828 0.304688 0.800781 0.306641 0.800781 0.308594 0.802734 0.310547 0.800781 0.312500 0.798828 0.312500 0.798828 0.316406 0.796875 0.318359 0.792969 0.318359 0.791016 0.320312 0.789062 0.320312 0.789062 0.322266 0.787109 0.324219 0.785156 0.324219 0.785156 0.326172 0.787109 0.328125 0.787109 0.332031 0.785156 0.333984 0.791016 0.333984 0.792969 0.335938 0.792969 0.337891 0.794922 0.337891 0.796875 0.335938 0.804688 0.335938 0.806641 0.337891 0.806641 0.339844 0.810547 0.339844 0.812500 0.341797 0.816406 0.341797 0.820312 0.345703 0.816406 0.349609 0.810547 0.349609 0.808594 0.351562 0.802734 0.345703 0.800781 0.345703 0.798828 0.343750 0.794922 0.343750 0.794922 0.345703 0.792969 0.347656 0.781250 0.347656 0.779297 0.345703 0.775391 0.345703 0.773438 0.343750 0.773438 0.341797 0.769531 0.341797 0.769531 0.343750 0.759766 0.353516 0.757812 0.353516 0.755859 0.355469 0.750000 0.355469 0.748047 0.353516 0.748047 0.361328 0.750000 0.363281 0.750000 0.365234 0.751953 0.367188 0.751953 0.371094 0.757812 0.371094 0.759766 0.373047 0.759766 0.375000 0.765625 0.375000 0.767578 0.373047 0.771484 0.373047 0.773438 0.375000 0.773438 0.382812 0.775391 0.384766 0.775391 0.388672 0.787109 0.388672 0.787109 0.386719 0.789062 0.384766 0.796875 0.384766 0.798828 0.382812 0.810547 0.382812 0.808594 0.380859 0.810547 0.378906 0.810547 0.376953 0.812500 0.375000 0.816406 0.375000 0.818359 0.376953 0.826172 0.376953 0.828125 0.378906 0.828125 0.380859 0.830078 0.380859 0.832031 0.382812 0.835938 0.382812 0.837891 0.384766 0.839844 0.384766 0.841797 0.386719 0.847656 0.386719 0.847656 0.384766 0.849609 0.382812 0.851562 0.382812 0.857422 0.388672 0.857422 0.390625 0.859375 0.390625 0.861328 0.392578 0.863281 0.392578 0.865234 0.394531 0.873047 0.394531 0.875000 0.396484 0.875000 0.402344 0.876953 0.402344 0.880859 0.406250 0.886719 0.406250 0.888672 0.404297 0.890625 0.404297 0.892578 0.402344 0.894531 0.402344 0.896484 0.400391 0.900391 0.400391 0.902344 0.398438 0.904297 0.398438 0.906250 0.396484 0.908203 0.396484 0.910156 0.394531 0.912109 0.394531 0.912109 0.388672 0.917969 0.382812 0.919922 0.382812 0.923828 0.378906 0.925781 0.378906 0.925781 0.375000 0.923828 0.373047 0.923828 0.369141 0.921875 0.367188 0.921875 0.361328 0.919922 0.359375 0.912109 0.359375 0.910156 0.361328 0.904297 0.361328 0.902344 0.363281 0.900391 0.363281 0.898438 0.365234 0.894531 0.365234 0.894531 0.367188 0.892578 0.369141 0.890625 0.367188 0.890625 0.363281 0.886719 0.363281 0.884766 0.361328 0.882812 0.361328 0.880859 0.359375 0.880859 0.357422 0.878906 0.355469 0.878906 0.349609 0.876953 0.349609 0.875000 0.347656 0.873047 0.347656 0.871094 0.345703 0.871094 0.343750 0.867188 0.339844 0.865234 0.339844 0.861328 0.335938 0.855469 0.335938 0.849609 0.330078 0.849609 0.328125 0.847656 0.328125 0.841797 0.322266 0.841797 0.318359 0.839844 0.316406 0.839844 0.312500 0.843750 0.308594 0.843750 0.306641 0.845703 0.304688 0.845703 0.302734 0.851562 0.296875 0.851562 0.294922 0.853516 0.292969 0.855469 0.292969 0.855469 0.291016 0.859375 0.287109 0.863281 0.287109 0.871094 0.279297 0.871094 0.275391 0.869141 0.273438 0.871094 0.271484 0.871094 0.269531 0.873047 0.267578 0.875000 0.267578 0.880859 0.261719 0.880859 0.259766 0.882812 0.257812 0.882812 0.251953 0.875000 0.244141 0.875000 0.238281 0.876953 0.236328 0.876953 0.234375 0.880859 0.230469 0.882812 0.230469 0.878906 0.226562 0.878906 0.222656 0.876953 0.220703 0.875000 0.220703 0.873047 0.218750 0.873047 0.212891 0.869141 0.212891 0.865234 0.208984 0.865234 0.207031 0.863281 0.205078 0.863281 0.199219 0.865234 0.197266 0.867188 0.197266 0.867188 0.195312 0.865234 0.193359 0.865234 0.189453 0.867188 0.187500 0.867188 0.185547 0.857422 0.185547 0.855469 0.183594 0.855469 0.179688 0.851562 0.175781 0.851562 0.173828 0.845703 0.173828 0.841797 0.169922 0.841797 0.167969 0.835938 0.162109 0.830078 0.162109 0.828125 0.160156
0 0.003906 0.160156 0.001953 0.162109 0.000000 0.162109 0.000000 0.298828 0.001953 0.300781 0.003906 0.300781 0.005859 0.302734 0.009766 0.302734 0.011719 0.304688 0.013672 0.304688 0.015625 0.306641 0.015625 0.308594 0.013672 0.310547 0.013672 0.312500 0.011719 0.314453 0.009766 0.314453 0.005859 0.318359 0.000000 0.318359 0.000000 0.396484 0.001953 0.394531 0.007812 0.394531 0.007812 0.392578 0.009766 0.390625 0.009766 0.388672 0.011719 0.386719 0.011719 0.384766 0.013672 0.382812 0.019531 0.382812 0.019531 0.380859 0.023438 0.376953 0.023438 0.375000 0.027344 0.371094 0.031250 0.371094 0.031250 0.367188 0.033203 0.365234 0.035156 0.365234 0.035156 0.361328 0.037109 0.359375 0.039062 0.359375 0.039062 0.353516 0.041016 0.351562 0.044922 0.351562 0.048828 0.347656 0.050781 0.347656 0.050781 0.343750 0.056641 0.337891 0.058594 0.337891 0.058594 0.335938 0.060547 0.333984 0.064453 0.333984 0.068359 0.337891 0.068359 0.339844 0.064453 0.343750 0.064453 0.347656 0.062500 0.349609 0.060547 0.349609 0.060547 0.351562 0.058594 0.353516 0.056641 0.353516 0.052734 0.357422 0.052734 0.359375 0.050781 0.361328 0.048828 0.361328 0.048828 0.363281 0.046875 0.365234 0.044922 0.365234 0.044922 0.369141 0.042969 0.371094 0.042969 0.375000 0.041016 0.376953 0.041016 0.378906 0.039062 0.380859 0.037109 0.380859 0.037109 0.382812 0.035156 0.384766 0.035156 0.386719 0.033203 0.388672 0.033203 0.392578 0.035156 0.392578 0.037109 0.394531 0.039062 0.394531 0.042969 0.390625 0.044922 0.392578 0.044922 0.402344 0.046875 0.404297 0.046875 0.410156 0.044922 0.412109 0.044922 0.414062 0.046875 0.416016 0.044922 0.417969 0.044922 0.419922 0.046875 0.421875 0.046875 0.425781 0.044922 0.427734 0.039062 0.427734 0.037109 0.425781 0.035156 0.425781 0.033203 0.423828 0.027344 0.423828 0.025391 0.421875 0.023438 0.423828 0.017578 0.423828 0.015625 0.425781 0.013672 0.425781 0.009766 0.429688 0.009766 0.431641 0.007812 0.433594 0.011719 0.437500 0.011719 0.447266 0.007812 0.451172 0.005859 0.451172 0.001953 0.455078 0.001953 0.457031 0.005859 0.457031 0.009766 0.460938 0.009766 0.464844 0.011719 0.464844 0.011719 0.457031 0.015625 0.453125 0.017578 0.453125 0.019531 0.455078 0.023438 0.451172 0.031250 0.451172 0.033203 0.453125 0.033203 0.457031 0.035156 0.458984 0.037109 0.458984 0.039062 0.460938 0.046875 0.460938 0.048828 0.462891 0.048828 0.464844 0.056641 0.464844 0.060547 0.468750 0.060547 0.470703 0.064453 0.470703 0.064453 0.466797 0.066406 0.464844 0.066406 0.458984 0.062500 0.455078 0.062500 0.449219 0.066406 0.445312 0.066406 0.443359 0.068359 0.441406 0.068359 0.437500 0.070312 0.435547 0.070312 0.433594 0.074219 0.429688 0.076172 0.429688 0.078125 0.427734 0.080078 0.427734 0.082031 0.425781 0.082031 0.423828 0.083984 0.421875 0.085938 0.421875 0.087891 0.419922 0.091797 0.419922 0.095703 0.416016 0.101562 0.416016 0.103516 0.417969 0.101562 0.419922 0.101562 0.423828 0.097656 0.427734 0.095703 0.427734 0.093750 0.429688 0.095703 0.431641 0.095703 0.433594 0.093750 0.435547 0.093750 0.439453 0.091797 0.441406 0.091797 0.447266 0.093750 0.449219 0.097656 0.449219 0.097656 0.447266 0.099609 0.445312 0.101562 0.445312 0.101562 0.443359 0.103516 0.441406 0.105469 0.441406 0.105469 0.439453 0.107422 0.437500 0.109375 0.437500 0.111328 0.435547 0.111328 0.433594 0.115234 0.429688 0.117188 0.431641 0.121094 0.427734 0.125000 0.427734 0.128906 0.431641 0.128906 0.433594 0.126953 0.435547 0.126953 0.441406 0.128906 0.443359 0.128906 0.447266 0.134766 0.447266 0.136719 0.445312 0.142578 0.445312 0.146484 0.441406 0.154297 0.449219 0.154297 0.464844 0.152344 0.466797 0.152344 0.468750 0.150391 0.470703 0.146484 0.470703 0.146484 0.472656 0.144531 0.474609 0.142578 0.474609 0.142578 0.476562 0.140625 0.478516 0.138672 0.478516 0.140625 0.480469 0.138672 0.482422 0.138672 0.484375 0.136719 0.486328 0.132812 0.486328 0.128906 0.490234 0.126953 0.490234 0.125000 0.492188 0.125000 0.494141 0.123047 0.496094 0.123047 0.498047 0.126953 0.501953 0.126953 0.507812 0.125000 0.509766 0.119141 0.509766 0.117188 0.511719 0.115234 0.511719 0.113281 0.509766 0.107422 0.509766 0.105469 0.507812 0.101562 0.507812 0.099609 0.509766 0.097656 0.509766 0.091797 0.515625 0.093750 0.515625 0.095703 0.517578 0.097656 0.517578 0.099609 0.519531 0.101562 0.519531 0.103516 0.521484 0.103516 0.523438 0.107422 0.527344 0.107422 0.531250 0.115234 0.531250 0.119141 0.535156 0.119141 0.537109 0.121094 0.537109 0.123047 0.539062 0.123047 0.542969 0.125000 0.544922 0.125000 0.546875 0.128906 0.546875 0.132812 0.550781 0.134766 0.550781 0.136719 0.552734 0.140625 0.552734 0.144531 0.548828 0.132812 0.537109 0.132812 0.535156 0.134766 0.533203 0.134766 0.531250 0.136719 0.529297 0.136719 0.527344 0.138672 0.525391 0.140625 0.525391 0.140625 0.519531 0.142578 0.517578 0.142578 0.515625 0.146484 0.511719 0.150391 0.515625 0.150391 0.517578 0.152344 0.519531 0.152344 0.523438 0.158203 0.523438 0.160156 0.525391 0.162109 0.525391 0.164062 0.527344 0.164062 0.531250 0.166016 0.533203 0.166016 0.535156 0.167969 0.537109 0.167969 0.541016 0.166016 0.542969 0.166016 0.546875 0.167969 0.546875 0.171875 0.550781 0.175781 0.550781 0.179688 0.546875 0.179688 0.544922 0.183594 0.541016 0.185547 0.541016 0.191406 0.535156 0.193359 0.537109 0.195312 0.537109 0.197266 0.535156 0.201172 0.539062 0.199219 0.541016 0.197266 0.541016 0.199219 0.542969 0.197266 0.544922 0.197266 0.548828 0.199219 0.550781 0.203125 0.550781 0.205078 0.552734 0.208984 0.552734 0.210938 0.554688 0.210938 0.552734 0.212891 0.550781 0.214844 0.550781 0.216797 0.548828 0.220703 0.548828 0.222656 0.546875 0.224609 0.546875 0.224609 0.544922 0.226562 0.542969 0.234375 0.542969 0.234375 0.541016 0.236328 0.539062 0.238281 0.539062 0.238281 0.537109 0.240234 0.535156 0.242188 0.535156 0.238281 0.531250 0.238281 0.529297 0.242188 0.525391 0.244141 0.525391 0.244141 0.523438 0.246094 0.521484 0.248047 0.521484 0.253906 0.515625 0.253906 0.513672 0.255859 0.511719 0.257812 0.511719 0.257812 0.503906 0.261719 0.500000 0.265625 0.500000 0.265625 0.498047 0.267578 0.496094 0.269531 0.496094 0.269531 0.490234 0.271484 0.488281 0.271484 0.486328 0.277344 0.480469 0.281250 0.480469 0.281250 0.472656 0.285156 0.468750 0.285156 0.466797 0.287109 0.464844 0.287109 0.462891 0.289062 0.460938 0.289062 0.457031 0.287109 0.457031 0.285156 0.455078 0.287109 0.453125 0.287109 0.451172 0.285156 0.449219 0.285156 0.445312 0.281250 0.441406 0.281250 0.437500 0.279297 0.437500 0.277344 0.435547 0.277344 0.433594 0.275391 0.431641 0.271484 0.431641 0.269531 0.429688 0.269531 0.423828 0.267578 0.421875 0.269531 0.419922 0.271484 0.419922 0.273438 0.417969 0.273438 0.404297 0.271484 0.404297 0.269531 0.402344 0.269531 0.392578 0.267578 0.390625 0.267578 0.386719 0.265625 0.384766 0.257812 0.384766 0.255859 0.382812 0.255859 0.378906 0.248047 0.378906 0.244141 0.382812 0.238281 0.382812 0.236328 0.384766 0.232422 0.384766 0.232422 0.386719 0.228516 0.390625 0.226562 0.390625 0.224609 0.392578 0.220703 0.392578 0.220703 0.394531 0.218750 0.396484 0.212891 0.396484 0.210938 0.394531 0.210938 0.392578 0.208984 0.392578 0.207031 0.390625 0.207031 0.382812 0.205078 0.380859 0.205078 0.376953 0.195312 0.367188 0.193359 0.367188 0.191406 0.365234 0.179688 0.365234 0.177734 0.363281 0.177734 0.361328 0.175781 0.359375 0.175781 0.357422 0.185547 0.347656 0.187500 0.347656 0.189453 0.345703 0.189453 0.337891 0.187500 0.335938 0.187500 0.332031 0.183594 0.328125 0.183594 0.326172 0.179688 0.322266 0.173828 0.322266 0.173828 0.324219 0.171875 0.326172 0.169922 0.324219 0.166016 0.328125 0.166016 0.333984 0.164062 0.335938 0.162109 0.335938 0.164062 0.337891 0.164062 0.343750 0.162109 0.345703 0.162109 0.349609 0.160156 0.351562 0.160156 0.353516 0.158203 0.355469 0.152344 0.355469 0.146484 0.349609 0.146484 0.347656 0.140625 0.341797 0.146484 0.335938 0.146484 0.333984 0.148438 0.332031 0.148438 0.324219 0.146484 0.322266 0.146484 0.312500 0.148438 0.310547 0.148438 0.300781 0.150391 0.298828 0.150391 0.296875 0.148438 0.294922 0.148438 0.292969 0.146484 0.291016 0.146484 0.289062 0.144531 0.287109 0.142578 0.287109 0.140625 0.285156 0.140625 0.281250 0.136719 0.281250 0.130859 0.287109 0.126953 0.287109 0.125000 0.285156 0.125000 0.279297 0.121094 0.275391 0.117188 0.275391 0.115234 0.273438 0.113281 0.273438 0.111328 0.271484 0.111328 0.263672 0.109375 0.261719 0.109375 0.257812 0.107422 0.257812 0.105469 0.255859 0.105469 0.253906 0.103516 0.251953 0.103516 0.250000 0.101562 0.251953 0.093750 0.251953 0.091797 0.253906 0.089844 0.253906 0.087891 0.255859 0.082031 0.255859 0.080078 0.257812 0.066406 0.257812 0.062500 0.253906 0.062500 0.244141 0.060547 0.244141 0.058594 0.242188 0.058594 0.234375 0.056641 0.232422 0.056641 0.220703 0.054688 0.220703 0.052734 0.218750 0.052734 0.214844 0.050781 0.212891 0.050781 0.208984 0.046875 0.205078 0.048828 0.203125 0.046875 0.201172 0.046875 0.197266 0.041016 0.191406 0.039062 0.191406 0.035156 0.187500 0.033203 0.187500 0.031250 0.185547 0.021484 0.185547 0.019531 0.183594 0.019531 0.177734 0.017578 0.177734 0.013672 0.173828 0.013672 0.166016 0.009766 0.162109 0.009766 0.160156
0 0.529297 0.134766 0.529297 0.136719 0.527344 0.138672 0.525391 0.138672 0.523438 0.140625 0.523438 0.142578 0.519531 0.146484 0.517578 0.144531 0.515625 0.146484 0.511719 0.146484 0.509766 0.148438 0.507812 0.148438 0.503906 0.152344 0.496094 0.152344 0.494141 0.150391 0.494141 0.158203 0.496094 0.160156 0.496094 0.166016 0.494141 0.167969 0.494141 0.171875 0.492188 0.173828 0.490234 0.173828 0.488281 0.175781 0.484375 0.175781 0.484375 0.177734 0.482422 0.179688 0.486328 0.183594 0.488281 0.183594 0.490234 0.185547 0.488281 0.187500 0.488281 0.189453 0.482422 0.195312 0.482422 0.210938 0.480469 0.212891 0.478516 0.212891 0.478516 0.226562 0.474609 0.230469 0.472656 0.230469 0.472656 0.234375 0.480469 0.234375 0.482422 0.232422 0.482422 0.230469 0.486328 0.226562 0.486328 0.222656 0.488281 0.220703 0.488281 0.218750 0.490234 0.216797 0.492188 0.216797 0.492188 0.210938 0.494141 0.208984 0.494141 0.205078 0.490234 0.205078 0.488281 0.203125 0.492188 0.199219 0.492188 0.197266 0.494141 0.195312 0.498047 0.195312 0.501953 0.199219 0.501953 0.201172 0.503906 0.201172 0.505859 0.199219 0.507812 0.199219 0.509766 0.197266 0.511719 0.197266 0.513672 0.195312 0.515625 0.197266 0.517578 0.195312 0.523438 0.195312 0.525391 0.197266 0.525391 0.199219 0.527344 0.201172 0.527344 0.205078 0.531250 0.208984 0.535156 0.208984 0.537109 0.210938 0.542969 0.210938 0.546875 0.214844 0.544922 0.216797 0.542969 0.216797 0.541016 0.218750 0.541016 0.220703 0.537109 0.224609 0.533203 0.224609 0.531250 0.222656 0.531250 0.220703 0.525391 0.220703 0.523438 0.218750 0.521484 0.218750 0.519531 0.220703 0.517578 0.220703 0.515625 0.222656 0.517578 0.224609 0.517578 0.226562 0.515625 0.228516 0.511719 0.228516 0.509766 0.230469 0.507812 0.230469 0.505859 0.228516 0.505859 0.230469 0.503906 0.232422 0.503906 0.234375 0.507812 0.238281 0.507812 0.240234 0.509766 0.240234 0.511719 0.242188 0.515625 0.242188 0.517578 0.244141 0.519531 0.244141 0.521484 0.246094 0.523438 0.246094 0.529297 0.251953 0.531250 0.250000 0.535156 0.250000 0.537109 0.251953 0.537109 0.253906 0.537109 0.251953 0.539062 0.250000 0.541016 0.250000 0.539062 0.248047 0.542969 0.244141 0.542969 0.238281 0.541016 0.236328 0.542969 0.234375 0.546875 0.234375 0.546875 0.228516 0.548828 0.226562 0.552734 0.226562 0.556641 0.222656 0.558594 0.222656 0.560547 0.224609 0.562500 0.224609 0.564453 0.226562 0.566406 0.226562 0.568359 0.228516 0.568359 0.230469 0.566406 0.232422 0.564453 0.232422 0.564453 0.238281 0.558594 0.244141 0.556641 0.244141 0.554688 0.246094 0.552734 0.246094 0.552734 0.250000 0.550781 0.251953 0.546875 0.251953 0.544922 0.253906 0.544922 0.257812 0.542969 0.259766 0.542969 0.261719 0.544922 0.263672 0.548828 0.263672 0.550781 0.265625 0.560547 0.265625 0.564453 0.261719 0.568359 0.261719 0.572266 0.257812 0.574219 0.257812 0.576172 0.259766 0.576172 0.265625 0.580078 0.265625 0.582031 0.267578 0.582031 0.269531 0.583984 0.271484 0.583984 0.277344 0.585938 0.277344 0.587891 0.279297 0.587891 0.281250 0.591797 0.277344 0.593750 0.277344 0.597656 0.281250 0.597656 0.283203 0.595703 0.285156 0.595703 0.289062 0.601562 0.289062 0.603516 0.287109 0.605469 0.287109 0.609375 0.283203 0.613281 0.283203 0.615234 0.285156 0.619141 0.285156 0.621094 0.283203 0.623047 0.283203 0.625000 0.281250 0.626953 0.281250 0.628906 0.279297 0.630859 0.281250 0.632812 0.281250 0.634766 0.279297 0.640625 0.279297 0.642578 0.281250 0.650391 0.281250 0.652344 0.283203 0.656250 0.283203 0.656250 0.279297 0.658203 0.277344 0.667969 0.277344 0.667969 0.267578 0.671875 0.263672 0.671875 0.259766 0.675781 0.255859 0.675781 0.253906 0.677734 0.251953 0.679688 0.251953 0.679688 0.246094 0.683594 0.242188 0.685547 0.244141 0.685547 0.240234 0.689453 0.236328 0.689453 0.228516 0.691406 0.226562 0.691406 0.220703 0.689453 0.220703 0.687500 0.218750 0.687500 0.216797 0.683594 0.216797 0.679688 0.212891 0.679688 0.207031 0.677734 0.207031 0.675781 0.205078 0.673828 0.205078 0.671875 0.203125 0.671875 0.199219 0.666016 0.193359 0.666016 0.191406 0.664062 0.191406 0.662109 0.189453 0.662109 0.187500 0.660156 0.185547 0.652344 0.185547 0.650391 0.187500 0.646484 0.187500 0.646484 0.195312 0.644531 0.197266 0.642578 0.197266 0.634766 0.205078 0.626953 0.205078 0.625000 0.203125 0.625000 0.201172 0.628906 0.197266 0.628906 0.193359 0.630859 0.191406 0.630859 0.187500 0.632812 0.185547 0.632812 0.177734 0.630859 0.175781 0.630859 0.169922 0.626953 0.166016 0.626953 0.164062 0.625000 0.162109 0.625000 0.158203 0.623047 0.156250 0.623047 0.154297 0.619141 0.150391 0.619141 0.148438 0.617188 0.146484 0.615234 0.146484 0.613281 0.144531 0.611328 0.146484 0.605469 0.140625 0.599609 0.140625 0.597656 0.138672 0.595703 0.138672 0.593750 0.140625 0.591797 0.140625 0.587891 0.144531 0.582031 0.144531 0.580078 0.146484 0.578125 0.146484 0.574219 0.150391 0.572266 0.150391 0.572266 0.152344 0.570312 0.154297 0.568359 0.154297 0.568359 0.156250 0.570312 0.156250 0.572266 0.158203 0.572266 0.167969 0.570312 0.169922 0.568359 0.169922 0.566406 0.171875 0.564453 0.171875 0.562500 0.169922 0.560547 0.169922 0.556641 0.166016 0.552734 0.166016 0.546875 0.160156 0.546875 0.158203 0.548828 0.156250 0.550781 0.156250 0.552734 0.154297 0.552734 0.150391 0.550781 0.148438 0.550781 0.144531 0.548828 0.144531 0.546875 0.142578 0.544922 0.142578 0.542969 0.140625 0.541016 0.140625 0.539062 0.138672 0.533203 0.138672
0 0.119141 0.082031 0.119141 0.085938 0.117188 0.087891 0.115234 0.087891 0.113281 0.089844 0.113281 0.099609 0.119141 0.105469 0.119141 0.107422 0.125000 0.113281 0.132812 0.113281 0.134766 0.111328 0.134766 0.105469 0.132812 0.103516 0.132812 0.101562 0.130859 0.099609 0.130859 0.097656 0.125000 0.091797 0.125000 0.089844 0.121094 0.085938 0.121094 0.083984
0 0.558594 0.072266 0.556641 0.074219 0.554688 0.074219 0.552734 0.076172 0.550781 0.074219 0.548828 0.074219 0.544922 0.078125 0.546875 0.080078 0.552734 0.080078 0.554688 0.082031 0.554688 0.083984 0.556641 0.085938 0.556641 0.087891 0.560547 0.087891 0.562500 0.089844 0.572266 0.089844 0.574219 0.087891 0.574219 0.085938 0.578125 0.082031 0.576172 0.080078 0.574219 0.080078 0.572266 0.078125 0.572266 0.076172 0.570312 0.076172 0.568359 0.074219 0.564453 0.074219 0.562500 0.072266
0 0.412109 0.068359 0.408203 0.072266 0.406250 0.072266 0.406250 0.074219 0.404297 0.076172 0.400391 0.076172 0.400391 0.078125 0.398438 0.080078 0.396484 0.080078 0.394531 0.082031 0.392578 0.082031 0.392578 0.083984 0.386719 0.089844 0.380859 0.089844 0.375000 0.083984 0.373047 0.083984 0.371094 0.082031 0.369141 0.082031 0.367188 0.080078 0.359375 0.080078 0.357422 0.078125 0.355469 0.080078 0.351562 0.080078 0.349609 0.082031 0.345703 0.082031 0.343750 0.083984 0.339844 0.083984 0.337891 0.085938 0.335938 0.085938 0.330078 0.091797 0.330078 0.095703 0.332031 0.097656 0.332031 0.103516 0.330078 0.105469 0.322266 0.105469 0.320312 0.103516 0.320312 0.101562 0.318359 0.099609 0.312500 0.099609 0.310547 0.101562 0.304688 0.101562 0.302734 0.099609 0.298828 0.099609 0.296875 0.101562 0.294922 0.101562 0.294922 0.103516 0.291016 0.107422 0.291016 0.109375 0.289062 0.111328 0.287109 0.109375 0.283203 0.109375 0.279297 0.105469 0.279297 0.103516 0.277344 0.101562 0.277344 0.097656 0.281250 0.093750 0.283203 0.093750 0.285156 0.091797 0.287109 0.091797 0.287109 0.089844 0.289062 0.087891 0.291016 0.087891 0.291016 0.083984 0.289062 0.083984 0.287109 0.085938 0.285156 0.085938 0.277344 0.078125 0.273438 0.078125 0.271484 0.076172 0.269531 0.076172 0.265625 0.072266 0.257812 0.072266 0.255859 0.074219 0.253906 0.074219 0.251953 0.076172 0.248047 0.076172 0.248047 0.078125 0.246094 0.080078 0.244141 0.080078 0.244141 0.082031 0.240234 0.085938 0.240234 0.089844 0.238281 0.091797 0.238281 0.093750 0.236328 0.095703 0.236328 0.101562 0.240234 0.105469 0.240234 0.107422 0.242188 0.109375 0.242188 0.111328 0.244141 0.113281 0.244141 0.117188 0.253906 0.117188 0.265625 0.128906 0.267578 0.128906 0.269531 0.130859 0.269531 0.134766 0.271484 0.136719 0.271484 0.144531 0.273438 0.146484 0.273438 0.148438 0.281250 0.148438 0.283203 0.150391 0.283203 0.152344 0.285156 0.152344 0.287109 0.154297 0.287109 0.156250 0.291016 0.160156 0.292969 0.160156 0.296875 0.164062 0.296875 0.166016 0.302734 0.166016 0.304688 0.164062 0.304688 0.158203 0.302734 0.156250 0.302734 0.154297 0.304688 0.152344 0.304688 0.150391 0.308594 0.146484 0.310547 0.146484 0.312500 0.148438 0.310547 0.150391 0.314453 0.154297 0.314453 0.160156 0.316406 0.162109 0.316406 0.166016 0.324219 0.158203 0.330078 0.158203 0.332031 0.160156 0.339844 0.160156 0.341797 0.162109 0.341797 0.166016 0.343750 0.166016 0.345703 0.167969 0.349609 0.167969 0.351562 0.169922 0.351562 0.171875 0.353516 0.171875 0.355469 0.173828 0.359375 0.173828 0.361328 0.175781 0.361328 0.177734 0.365234 0.181641 0.365234 0.183594 0.367188 0.183594 0.369141 0.185547 0.371094 0.183594 0.375000 0.183594 0.376953 0.181641 0.380859 0.181641 0.382812 0.183594 0.388672 0.183594 0.392578 0.187500 0.396484 0.187500 0.396484 0.185547 0.398438 0.183594 0.410156 0.183594 0.412109 0.181641 0.416016 0.181641 0.416016 0.179688 0.417969 0.177734 0.419922 0.177734 0.421875 0.175781 0.427734 0.175781 0.429688 0.173828 0.431641 0.175781 0.433594 0.175781 0.435547 0.177734 0.447266 0.177734 0.449219 0.175781 0.449219 0.173828 0.453125 0.169922 0.455078 0.169922 0.457031 0.167969 0.457031 0.142578 0.455078 0.142578 0.453125 0.140625 0.453125 0.132812 0.451172 0.130859 0.451172 0.103516 0.447266 0.103516 0.445312 0.101562 0.445312 0.095703 0.443359 0.095703 0.437500 0.089844 0.437500 0.087891 0.435547 0.087891 0.433594 0.085938 0.433594 0.083984 0.429688 0.080078 0.429688 0.078125 0.427734 0.076172 0.427734 0.074219 0.423828 0.070312 0.421875 0.070312 0.419922 0.068359
0 0.972656 0.054688 0.970703 0.056641 0.966797 0.056641 0.964844 0.058594 0.962891 0.058594 0.958984 0.062500 0.958984 0.064453 0.955078 0.068359 0.953125 0.066406 0.953125 0.068359 0.949219 0.072266 0.949219 0.076172 0.945312 0.080078 0.943359 0.078125 0.941406 0.080078 0.939453 0.080078 0.939453 0.082031 0.935547 0.085938 0.933594 0.085938 0.929688 0.089844 0.927734 0.089844 0.933594 0.095703 0.933594 0.105469 0.935547 0.107422 0.935547 0.111328 0.937500 0.113281 0.937500 0.115234 0.943359 0.121094 0.943359 0.123047 0.945312 0.125000 0.945312 0.126953 0.947266 0.128906 0.947266 0.140625 0.945312 0.142578 0.941406 0.142578 0.937500 0.138672 0.935547 0.140625 0.935547 0.142578 0.933594 0.144531 0.933594 0.146484 0.931641 0.148438 0.933594 0.148438 0.935547 0.150391 0.935547 0.152344 0.937500 0.152344 0.941406 0.156250 0.945312 0.156250 0.947266 0.158203 0.947266 0.160156 0.949219 0.160156 0.951172 0.162109 0.951172 0.164062 0.949219 0.166016 0.947266 0.166016 0.939453 0.173828 0.937500 0.173828 0.933594 0.177734 0.927734 0.177734 0.927734 0.185547 0.931641 0.189453 0.931641 0.191406 0.933594 0.191406 0.941406 0.199219 0.945312 0.199219 0.945312 0.197266 0.949219 0.193359 0.949219 0.185547 0.951172 0.183594 0.953125 0.183594 0.953125 0.181641 0.955078 0.179688 0.955078 0.177734 0.962891 0.169922 0.968750 0.169922 0.970703 0.171875 0.980469 0.171875 0.982422 0.173828 0.992188 0.173828 0.992188 0.080078 0.990234 0.078125 0.990234 0.076172 0.988281 0.074219 0.988281 0.072266 0.984375 0.068359 0.984375 0.066406 0.982422 0.064453 0.982422 0.062500 0.980469 0.062500 0.976562 0.058594 0.976562 0.056641 0.974609 0.056641
0 0.695312 0.000000 0.693359 0.001953 0.693359 0.007812 0.697266 0.007812 0.701172 0.011719 0.701172 0.015625 0.703125 0.017578 0.703125 0.019531 0.707031 0.023438 0.708984 0.023438 0.710938 0.025391 0.716797 0.025391 0.718750 0.023438 0.718750 0.021484 0.720703 0.019531 0.726562 0.019531 0.726562 0.011719 0.728516 0.009766 0.730469 0.009766 0.730469 0.003906 0.728516 0.003906 0.726562 0.001953 0.726562 0.000000
0 0.589844 0.000000 0.587891 0.001953 0.587891 0.003906 0.582031 0.009766 0.556641 0.009766 0.554688 0.011719 0.548828 0.011719 0.548828 0.013672 0.550781 0.015625 0.550781 0.017578 0.554688 0.021484 0.554688 0.029297 0.552734 0.031250 0.550781 0.031250 0.546875 0.035156 0.542969 0.035156 0.541016 0.037109 0.541016 0.042969 0.542969 0.042969 0.544922 0.044922 0.542969 0.046875 0.544922 0.048828 0.546875 0.046875 0.548828 0.048828 0.548828 0.050781 0.550781 0.050781 0.554688 0.054688 0.566406 0.054688 0.568359 0.052734 0.580078 0.052734 0.582031 0.054688 0.587891 0.054688 0.589844 0.052734 0.591797 0.052734 0.591797 0.050781 0.593750 0.048828 0.601562 0.048828 0.607422 0.054688 0.617188 0.054688 0.621094 0.050781 0.623047 0.050781 0.623047 0.042969 0.625000 0.041016 0.623047 0.039062 0.623047 0.037109 0.621094 0.035156 0.621094 0.021484 0.619141 0.021484 0.617188 0.019531 0.617188 0.017578 0.615234 0.017578 0.613281 0.015625 0.613281 0.013672 0.609375 0.009766 0.609375 0.000000