0 0.064453 0.791016 0.062500 0.792969 0.062500 0.796875 0.070312 0.804688 0.070312 0.808594 0.068359 0.810547 0.062500 0.810547 0.060547 0.808594 0.060547 0.806641 0.058594 0.806641 0.058594 0.810547 0.060547 0.812500 0.060547 0.822266 0.062500 0.824219 0.068359 0.824219 0.074219 0.818359 0.076172 0.818359 0.078125 0.816406 0.080078 0.816406 0.082031 0.814453 0.082031 0.812500 0.078125 0.808594 0.078125 0.802734 0.076172 0.800781 0.076172 0.798828 0.074219 0.796875 0.074219 0.794922 0.070312 0.791016
0 0.050781 0.779297 0.048828 0.781250 0.048828 0.783203 0.052734 0.787109 0.054688 0.787109 0.056641 0.785156
0 0.359375 0.761719 0.359375 0.765625 0.361328 0.767578 0.361328 0.769531 0.363281 0.771484 0.363281 0.773438 0.359375 0.777344 0.357422 0.777344 0.357422 0.779297 0.355469 0.781250 0.355469 0.783203 0.353516 0.785156 0.353516 0.787109 0.351562 0.789062 0.351562 0.791016 0.349609 0.792969 0.349609 0.798828 0.351562 0.800781 0.355469 0.800781 0.357422 0.802734 0.359375 0.802734 0.361328 0.804688 0.361328 0.806641 0.367188 0.806641 0.369141 0.804688 0.369141 0.802734 0.371094 0.800781 0.373047 0.800781 0.373047 0.796875 0.378906 0.791016 0.380859 0.791016 0.382812 0.792969 0.388672 0.792969 0.394531 0.798828 0.394531 0.804688 0.396484 0.806641 0.396484 0.818359 0.390625 0.824219 0.390625 0.826172 0.388672 0.828125 0.392578 0.832031 0.394531 0.832031 0.396484 0.833984 0.400391 0.833984 0.406250 0.828125 0.408203 0.828125 0.412109 0.832031 0.412109 0.835938 0.406250 0.841797 0.404297 0.841797 0.398438 0.847656 0.398438 0.859375 0.400391 0.861328 0.402344 0.861328 0.404297 0.863281 0.410156 0.863281 0.412109 0.865234 0.414062 0.865234 0.416016 0.867188 0.417969 0.867188 0.421875 0.863281 0.423828 0.863281 0.423828 0.859375 0.425781 0.857422 0.427734 0.857422 0.431641 0.861328 0.435547 0.861328 0.437500 0.859375 0.439453 0.859375 0.439453 0.857422 0.441406 0.855469 0.441406 0.853516 0.443359 0.851562 0.443359 0.847656 0.447266 0.843750 0.451172 0.843750 0.453125 0.841797 0.455078 0.841797 0.455078 0.839844 0.458984 0.835938 0.458984 0.830078 0.457031 0.830078 0.453125 0.826172 0.453125 0.824219 0.451172 0.822266 0.453125 0.820312 0.453125 0.812500 0.451172 0.812500 0.449219 0.810547 0.441406 0.810547 0.439453 0.812500 0.437500 0.812500 0.433594 0.816406 0.433594 0.818359 0.431641 0.820312 0.429688 0.820312 0.425781 0.824219 0.419922 0.818359 0.416016 0.822266 0.412109 0.822266 0.410156 0.820312 0.410156 0.816406 0.412109 0.814453 0.412109 0.812500 0.416016 0.808594 0.419922 0.808594 0.419922 0.804688 0.421875 0.802734 0.421875 0.800781 0.423828 0.798828 0.423828 0.787109 0.417969 0.787109 0.416016 0.789062 0.414062 0.789062 0.410156 0.792969 0.408203 0.791016 0.408203 0.785156 0.404297 0.781250 0.400391 0.781250 0.398438 0.779297 0.398438 0.777344 0.396484 0.777344 0.394531 0.775391 0.394531 0.773438 0.392578 0.771484 0.392578 0.769531 0.390625 0.767578 0.386719 0.771484 0.382812 0.767578 0.380859 0.767578 0.378906 0.765625 0.376953 0.765625 0.375000 0.763672 0.373047 0.763672 0.371094 0.761719
0 0.410156 0.705078 0.408203 0.707031 0.406250 0.707031 0.406250 0.712891 0.414062 0.712891 0.414062 0.707031 0.412109 0.705078
0 0.439453 0.687500 0.439453 0.689453 0.435547 0.693359 0.435547 0.695312 0.433594 0.697266 0.433594 0.699219 0.435547 0.701172 0.441406 0.701172 0.441406 0.697266 0.445312 0.693359 0.447266 0.693359 0.447266 0.691406 0.449219 0.689453 0.447266 0.687500
0 0.457031 0.632812 0.455078 0.634766 0.455078 0.644531 0.457031 0.646484 0.462891 0.646484 0.462891 0.636719 0.460938 0.634766 0.460938 0.632812
0 0.439453 0.607422 0.439453 0.615234 0.441406 0.617188 0.445312 0.617188 0.447266 0.615234 0.447266 0.611328 0.445312 0.609375 0.445312 0.607422
0 0.425781 0.605469 0.421875 0.609375 0.419922 0.609375 0.416016 0.613281 0.414062 0.613281 0.412109 0.615234 0.410156 0.615234 0.410156 0.617188 0.406250 0.621094 0.406250 0.623047 0.402344 0.626953 0.400391 0.626953 0.398438 0.628906 0.398438 0.630859 0.396484 0.632812 0.396484 0.634766 0.394531 0.636719 0.386719 0.636719 0.384766 0.638672 0.376953 0.638672 0.375000 0.640625 0.373047 0.640625 0.373047 0.646484 0.371094 0.648438 0.371094 0.656250 0.369141 0.658203 0.369141 0.667969 0.371094 0.669922 0.371094 0.673828 0.380859 0.683594 0.390625 0.683594 0.392578 0.685547 0.394531 0.685547 0.396484 0.687500 0.396484 0.695312 0.402344 0.695312 0.406250 0.691406 0.406250 0.689453 0.412109 0.683594 0.412109 0.681641 0.419922 0.673828 0.425781 0.673828 0.427734 0.671875 0.431641 0.671875 0.433594 0.669922 0.435547 0.669922 0.437500 0.667969 0.447266 0.667969 0.447266 0.662109 0.443359 0.658203 0.441406 0.658203 0.439453 0.656250 0.441406 0.654297 0.439453 0.652344 0.429688 0.652344 0.427734 0.654297 0.419922 0.654297 0.416016 0.658203 0.414062 0.656250 0.414062 0.650391 0.417969 0.646484 0.419922 0.648438 0.421875 0.646484 0.423828 0.646484 0.425781 0.644531 0.427734 0.644531 0.431641 0.640625 0.431641 0.638672 0.435547 0.634766 0.435547 0.632812 0.437500 0.630859 0.437500 0.625000 0.435547 0.623047 0.431641 0.623047 0.427734 0.626953 0.425781 0.625000 0.425781 0.621094 0.429688 0.617188 0.429688 0.615234 0.431641 0.613281 0.433594 0.613281 0.433594 0.607422 0.431641 0.605469
0 0.380859 0.568359 0.380859 0.572266 0.382812 0.574219 0.386719 0.574219 0.386719 0.570312 0.384766 0.568359
0 0.169922 0.560547 0.166016 0.564453 0.166016 0.570312 0.167969 0.572266 0.169922 0.572266 0.171875 0.570312 0.169922 0.568359 0.169922 0.566406 0.171875 0.564453 0.171875 0.560547
0 0.283203 0.492188 0.279297 0.496094 0.279297 0.498047 0.273438 0.503906 0.271484 0.501953 0.267578 0.501953 0.265625 0.500000 0.257812 0.500000 0.253906 0.503906 0.251953 0.503906 0.251953 0.505859 0.250000 0.507812 0.250000 0.511719 0.248047 0.513672 0.248047 0.519531 0.246094 0.521484 0.246094 0.523438 0.244141 0.525391 0.242188 0.525391 0.240234 0.527344 0.238281 0.527344 0.232422 0.533203 0.230469 0.533203 0.228516 0.535156 0.224609 0.535156 0.222656 0.533203 0.222656 0.531250 0.220703 0.531250 0.218750 0.529297 0.216797 0.529297 0.214844 0.527344 0.208984 0.527344 0.207031 0.529297 0.199219 0.529297 0.193359 0.535156 0.193359 0.541016 0.191406 0.542969 0.187500 0.542969 0.185547 0.544922 0.185547 0.550781 0.187500 0.552734 0.187500 0.562500 0.183594 0.566406 0.183594 0.568359 0.181641 0.570312 0.181641 0.576172 0.179688 0.578125 0.179688 0.580078 0.177734 0.582031 0.177734 0.583984 0.175781 0.585938 0.171875 0.585938 0.169922 0.587891 0.167969 0.585938 0.164062 0.589844 0.164062 0.591797 0.162109 0.593750 0.162109 0.599609 0.158203 0.603516 0.154297 0.599609 0.152344 0.599609 0.148438 0.595703 0.146484 0.595703 0.144531 0.593750 0.142578 0.593750 0.140625 0.591797 0.134766 0.591797 0.132812 0.589844 0.132812 0.587891 0.134766 0.585938 0.134766 0.583984 0.132812 0.582031 0.132812 0.578125 0.130859 0.578125 0.128906 0.580078 0.126953 0.580078 0.125000 0.582031 0.123047 0.580078 0.123047 0.574219 0.119141 0.570312 0.119141 0.562500 0.117188 0.560547 0.113281 0.560547 0.111328 0.562500 0.107422 0.562500 0.103516 0.566406 0.101562 0.566406 0.101562 0.568359 0.099609 0.570312 0.099609 0.576172 0.101562 0.578125 0.103516 0.578125 0.105469 0.580078 0.101562 0.583984 0.101562 0.587891 0.097656 0.591797 0.097656 0.593750 0.095703 0.595703 0.095703 0.597656 0.093750 0.599609 0.091797 0.599609 0.089844 0.601562 0.089844 0.607422 0.091797 0.609375 0.091797 0.613281 0.093750 0.615234 0.093750 0.617188 0.097656 0.613281 0.101562 0.613281 0.103516 0.611328 0.105469 0.611328 0.105469 0.609375 0.107422 0.607422 0.105469 0.605469 0.109375 0.601562 0.109375 0.599609 0.111328 0.597656 0.113281 0.597656 0.115234 0.599609 0.119141 0.599609 0.123047 0.603516 0.125000 0.603516 0.126953 0.601562 0.132812 0.601562 0.138672 0.607422 0.140625 0.607422 0.146484 0.613281 0.144531 0.615234 0.144531 0.617188 0.146484 0.619141 0.146484 0.621094 0.144531 0.623047 0.144531 0.625000 0.142578 0.626953 0.142578 0.632812 0.144531 0.634766 0.144531 0.636719 0.146484 0.636719 0.148438 0.638672 0.150391 0.638672 0.152344 0.640625 0.156250 0.636719 0.164062 0.636719 0.166016 0.638672 0.166016 0.642578 0.164062 0.644531 0.164062 0.646484 0.162109 0.648438 0.162109 0.660156 0.164062 0.660156 0.167969 0.664062 0.167969 0.669922 0.173828 0.675781 0.173828 0.679688 0.175781 0.679688 0.177734 0.681641 0.185547 0.681641 0.187500 0.683594 0.195312 0.683594 0.197266 0.681641 0.199219 0.683594 0.201172 0.681641 0.210938 0.681641 0.212891 0.679688 0.214844 0.679688 0.216797 0.677734 0.218750 0.677734 0.218750 0.675781 0.220703 0.673828 0.220703 0.671875 0.222656 0.669922 0.222656 0.667969 0.224609 0.666016 0.228516 0.666016 0.230469 0.667969 0.230469 0.669922 0.234375 0.673828 0.234375 0.681641 0.236328 0.683594 0.236328 0.687500 0.244141 0.687500 0.244141 0.685547 0.248047 0.681641 0.248047 0.677734 0.253906 0.671875 0.253906 0.669922 0.255859 0.667969 0.255859 0.666016 0.257812 0.664062 0.259766 0.664062 0.261719 0.662109 0.261719 0.660156 0.263672 0.658203 0.263672 0.654297 0.265625 0.652344 0.267578 0.652344 0.271484 0.648438 0.273438 0.648438 0.269531 0.644531 0.269531 0.642578 0.267578 0.640625 0.273438 0.634766 0.279297 0.634766 0.281250 0.636719 0.283203 0.636719 0.298828 0.652344 0.298828 0.654297 0.300781 0.656250 0.304688 0.656250 0.306641 0.654297 0.308594 0.654297 0.308594 0.652344 0.310547 0.650391 0.312500 0.652344 0.314453 0.650391 0.316406 0.650391 0.318359 0.652344 0.318359 0.654297 0.320312 0.656250 0.320312 0.658203 0.316406 0.662109 0.314453 0.662109 0.312500 0.664062 0.310547 0.664062 0.310547 0.666016 0.316406 0.666016 0.318359 0.664062 0.320312 0.664062 0.322266 0.662109 0.324219 0.662109 0.326172 0.664062 0.330078 0.664062 0.337891 0.656250 0.337891 0.650391 0.330078 0.650391 0.328125 0.648438 0.328125 0.644531 0.330078 0.642578 0.333984 0.642578 0.335938 0.644531 0.337891 0.642578 0.339844 0.644531 0.339844 0.642578 0.341797 0.640625 0.343750 0.640625 0.343750 0.638672 0.345703 0.636719 0.353516 0.636719 0.353516 0.634766 0.355469 0.632812 0.361328 0.632812 0.365234 0.628906 0.365234 0.626953 0.363281 0.625000 0.363281 0.619141 0.365234 0.617188 0.363281 0.615234 0.365234 0.613281 0.365234 0.607422 0.367188 0.605469 0.365234 0.603516 0.365234 0.601562 0.367188 0.599609 0.367188 0.597656 0.369141 0.595703 0.371094 0.595703 0.375000 0.591797 0.375000 0.589844 0.376953 0.587891 0.376953 0.582031 0.375000 0.580078 0.371094 0.580078 0.367188 0.576172 0.373047 0.570312 0.375000 0.570312 0.375000 0.568359 0.380859 0.562500 0.380859 0.556641 0.376953 0.556641 0.375000 0.558594 0.363281 0.558594 0.359375 0.554688 0.351562 0.554688 0.349609 0.556641 0.349609 0.558594 0.347656 0.560547 0.347656 0.572266 0.345703 0.574219 0.343750 0.574219 0.343750 0.578125 0.345703 0.580078 0.345703 0.591797 0.343750 0.593750 0.337891 0.593750 0.335938 0.591797 0.335938 0.587891 0.333984 0.587891 0.330078 0.591797 0.328125 0.591797 0.324219 0.587891 0.328125 0.583984 0.330078 0.583984 0.332031 0.582031 0.332031 0.580078 0.333984 0.578125 0.333984 0.576172 0.335938 0.574219 0.335938 0.566406 0.330078 0.566406 0.326172 0.570312 0.324219 0.568359 0.324219 0.564453 0.322266 0.562500 0.320312 0.562500 0.312500 0.554688 0.306641 0.554688 0.302734 0.550781 0.302734 0.544922 0.298828 0.541016 0.298828 0.539062 0.296875 0.537109 0.296875 0.535156 0.294922 0.533203 0.294922 0.531250 0.296875 0.529297 0.294922 0.527344 0.294922 0.525391 0.292969 0.523438 0.292969 0.521484 0.291016 0.519531 0.291016 0.517578 0.289062 0.515625 0.294922 0.509766 0.294922 0.507812 0.296875 0.505859 0.296875 0.498047 0.294922 0.496094 0.294922 0.494141 0.292969 0.494141 0.291016 0.492188
0 0.142578 0.492188 0.136719 0.498047 0.136719 0.500000 0.130859 0.505859 0.130859 0.507812 0.132812 0.507812 0.134766 0.505859 0.136719 0.505859 0.138672 0.503906 0.138672 0.501953 0.142578 0.498047
0 0.091797 0.492188 0.087891 0.496094 0.085938 0.494141 0.082031 0.494141 0.082031 0.498047 0.083984 0.500000 0.083984 0.503906 0.082031 0.505859 0.082031 0.507812 0.080078 0.509766 0.080078 0.513672 0.072266 0.521484 0.070312 0.521484 0.070312 0.523438 0.068359 0.525391 0.066406 0.525391 0.062500 0.521484 0.056641 0.521484 0.054688 0.523438 0.052734 0.523438 0.048828 0.527344 0.048828 0.531250 0.050781 0.533203 0.052734 0.533203 0.056641 0.537109 0.060547 0.537109 0.064453 0.541016 0.064453 0.542969 0.066406 0.544922 0.072266 0.544922 0.074219 0.546875 0.082031 0.546875 0.083984 0.548828 0.085938 0.548828 0.093750 0.541016 0.095703 0.541016 0.101562 0.546875 0.103516 0.546875 0.105469 0.544922 0.105469 0.542969 0.111328 0.537109 0.111328 0.533203 0.109375 0.531250 0.113281 0.527344 0.117188 0.527344 0.123047 0.521484 0.123047 0.519531 0.119141 0.515625 0.119141 0.507812 0.123047 0.503906 0.123047 0.498047 0.121094 0.496094 0.119141 0.496094 0.117188 0.494141 0.113281 0.494141 0.111328 0.492188 0.107422 0.496094 0.107422 0.500000 0.105469 0.501953 0.103516 0.501953 0.103516 0.503906 0.099609 0.507812 0.097656 0.507812 0.093750 0.511719 0.085938 0.503906 0.087891 0.501953 0.087891 0.500000 0.093750 0.494141 0.093750 0.492188
0 0.248047 0.373047 0.244141 0.376953 0.242188 0.376953 0.240234 0.378906 0.240234 0.380859 0.236328 0.384766 0.234375 0.384766 0.234375 0.386719 0.232422 0.388672 0.230469 0.388672 0.230469 0.390625 0.226562 0.394531 0.216797 0.394531 0.216797 0.400391 0.214844 0.402344 0.214844 0.406250 0.212891 0.408203 0.212891 0.410156 0.210938 0.412109 0.210938 0.414062 0.208984 0.416016 0.208984 0.417969 0.210938 0.419922 0.210938 0.421875 0.212891 0.421875 0.214844 0.423828 0.214844 0.437500 0.216797 0.439453 0.226562 0.439453 0.228516 0.437500 0.230469 0.437500 0.236328 0.431641 0.238281 0.431641 0.238281 0.429688 0.242188 0.425781 0.244141 0.425781 0.244141 0.423828 0.248047 0.419922 0.250000 0.419922 0.253906 0.416016 0.257812 0.416016 0.259766 0.417969 0.265625 0.417969 0.267578 0.416016 0.273438 0.416016 0.279297 0.410156 0.281250 0.410156 0.283203 0.408203 0.283203 0.402344 0.281250 0.400391 0.281250 0.398438 0.279297 0.396484 0.279297 0.392578 0.281250 0.390625 0.281250 0.382812 0.277344 0.382812 0.275391 0.380859 0.275391 0.378906 0.273438 0.378906 0.271484 0.376953 0.269531 0.378906 0.267578 0.376953 0.259766 0.376953 0.251953 0.384766 0.250000 0.382812 0.250000 0.373047
0 0.519531 0.283203 0.519531 0.285156 0.515625 0.289062 0.515625 0.294922 0.521484 0.294922 0.523438 0.292969 0.523438 0.291016 0.525391 0.289062 0.525391 0.285156 0.523438 0.283203
0 0.406250 0.222656 0.406250 0.224609 0.404297 0.226562 0.404297 0.230469 0.406250 0.232422 0.406250 0.234375 0.404297 0.236328 0.404297 0.238281 0.412109 0.246094 0.410156 0.248047 0.410156 0.251953 0.408203 0.253906 0.404297 0.253906 0.402344 0.255859 0.400391 0.255859 0.398438 0.257812 0.396484 0.255859 0.394531 0.255859 0.392578 0.253906 0.392578 0.251953 0.388672 0.251953 0.386719 0.250000 0.382812 0.250000 0.380859 0.251953 0.375000 0.246094 0.373047 0.248047 0.371094 0.246094 0.371094 0.242188 0.369141 0.240234 0.369141 0.238281 0.367188 0.236328 0.367188 0.234375 0.365234 0.232422 0.349609 0.232422 0.347656 0.234375 0.347656 0.240234 0.351562 0.244141 0.351562 0.246094 0.349609 0.248047 0.349609 0.251953 0.347656 0.253906 0.349609 0.255859 0.349609 0.259766 0.351562 0.261719 0.349609 0.263672 0.351562 0.263672 0.353516 0.265625 0.353516 0.267578 0.355469 0.267578 0.357422 0.269531 0.357422 0.271484 0.361328 0.275391 0.361328 0.277344 0.363281 0.279297 0.365234 0.277344 0.371094 0.277344 0.373047 0.275391 0.373047 0.273438 0.375000 0.271484 0.376953 0.273438 0.376953 0.275391 0.378906 0.275391 0.380859 0.273438 0.384766 0.273438 0.386719 0.271484 0.388672 0.271484 0.396484 0.279297 0.396484 0.281250 0.404297 0.281250 0.406250 0.283203 0.406250 0.285156 0.408203 0.287109 0.410156 0.287109 0.412109 0.289062 0.414062 0.289062 0.416016 0.291016 0.416016 0.294922 0.417969 0.296875 0.419922 0.296875 0.421875 0.294922 0.423828 0.294922 0.425781 0.292969 0.425781 0.291016 0.427734 0.289062 0.429688 0.289062 0.431641 0.287109 0.433594 0.287109 0.435547 0.285156 0.439453 0.285156 0.441406 0.283203 0.443359 0.283203 0.445312 0.281250 0.451172 0.281250 0.453125 0.279297 0.453125 0.275391 0.455078 0.273438 0.453125 0.271484 0.453125 0.267578 0.451172 0.265625 0.451172 0.261719 0.449219 0.259766 0.449219 0.257812 0.447266 0.255859 0.445312 0.255859 0.443359 0.253906 0.441406 0.253906 0.439453 0.251953 0.439453 0.246094 0.437500 0.244141 0.435547 0.244141 0.435547 0.246094 0.429688 0.251953 0.427734 0.250000 0.427734 0.246094 0.425781 0.246094 0.421875 0.242188 0.416016 0.242188 0.412109 0.238281 0.412109 0.224609 0.410156 0.222656
0 0.423828 0.201172 0.421875 0.203125 0.419922 0.203125 0.419922 0.208984 0.421875 0.210938 0.421875 0.212891 0.423828 0.214844 0.423828 0.216797 0.427734 0.220703 0.429688 0.220703 0.431641 0.222656 0.431641 0.224609 0.435547 0.224609 0.435547 0.222656 0.437500 0.220703 0.437500 0.208984 0.433594 0.205078 0.429688 0.205078 0.425781 0.201172
0 0.408203 0.175781 0.406250 0.177734 0.406250 0.179688 0.410156 0.183594 0.412109 0.183594 0.416016 0.187500 0.417969 0.187500 0.423828 0.193359 0.425781 0.193359 0.427734 0.195312 0.433594 0.195312 0.435547 0.193359 0.437500 0.193359 0.437500 0.191406 0.435547 0.191406 0.433594 0.189453 0.433594 0.187500 0.429688 0.183594 0.427734 0.183594 0.425781 0.181641 0.421875 0.181641 0.419922 0.179688 0.417969 0.179688 0.414062 0.175781
0 0.720703 0.023438 0.718750 0.025391 0.716797 0.025391 0.714844 0.027344 0.712891 0.027344 0.705078 0.035156 0.705078 0.044922 0.703125 0.046875 0.699219 0.046875 0.697266 0.044922 0.693359 0.044922 0.683594 0.054688 0.681641 0.054688 0.677734 0.058594 0.673828 0.058594 0.671875 0.056641 0.662109 0.056641 0.662109 0.058594 0.660156 0.060547 0.658203 0.060547 0.656250 0.062500 0.654297 0.062500 0.652344 0.064453 0.650391 0.064453 0.648438 0.066406 0.648438 0.070312 0.650391 0.072266 0.650391 0.074219 0.652344 0.076172 0.650391 0.078125 0.650391 0.082031 0.648438 0.083984 0.642578 0.083984 0.642578 0.085938 0.640625 0.087891 0.640625 0.089844 0.636719 0.093750 0.636719 0.107422 0.638672 0.109375 0.638672 0.113281 0.640625 0.115234 0.640625 0.117188 0.642578 0.119141 0.642578 0.121094 0.644531 0.123047 0.644531 0.125000 0.646484 0.125000 0.652344 0.130859 0.652344 0.132812 0.656250 0.136719 0.656250 0.138672 0.658203 0.140625 0.658203 0.142578 0.660156 0.144531 0.662109 0.144531 0.664062 0.146484 0.664062 0.148438 0.666016 0.150391 0.666016 0.152344 0.667969 0.154297 0.671875 0.154297 0.673828 0.156250 0.673828 0.162109 0.671875 0.164062 0.671875 0.166016 0.669922 0.167969 0.669922 0.175781 0.673828 0.179688 0.673828 0.181641 0.675781 0.183594 0.679688 0.183594 0.681641 0.185547 0.685547 0.185547 0.687500 0.187500 0.687500 0.193359 0.689453 0.195312 0.693359 0.195312 0.695312 0.197266 0.695312 0.199219 0.697266 0.199219 0.699219 0.201172 0.699219 0.203125 0.701172 0.203125 0.703125 0.205078 0.703125 0.207031 0.710938 0.214844 0.710938 0.218750 0.720703 0.228516 0.720703 0.230469 0.722656 0.232422 0.722656 0.234375 0.724609 0.234375 0.726562 0.236328 0.726562 0.238281 0.728516 0.240234 0.730469 0.238281 0.732422 0.238281 0.736328 0.234375 0.736328 0.230469 0.738281 0.228516 0.738281 0.222656 0.740234 0.220703 0.757812 0.220703 0.761719 0.216797 0.761719 0.214844 0.763672 0.212891 0.765625 0.212891 0.765625 0.210938 0.767578 0.208984 0.771484 0.208984 0.773438 0.207031 0.775391 0.208984 0.781250 0.208984 0.783203 0.207031 0.783203 0.205078 0.785156 0.203125 0.783203 0.201172 0.791016 0.193359 0.794922 0.197266 0.794922 0.199219 0.792969 0.201172 0.794922 0.203125 0.794922 0.205078 0.796875 0.207031 0.796875 0.212891 0.794922 0.214844 0.794922 0.222656 0.796875 0.224609 0.794922 0.226562 0.794922 0.228516 0.796875 0.230469 0.798828 0.230469 0.800781 0.232422 0.800781 0.244141 0.796875 0.248047 0.794922 0.248047 0.791016 0.251953 0.783203 0.251953 0.781250 0.253906 0.779297 0.253906 0.777344 0.255859 0.775391 0.253906 0.765625 0.263672 0.757812 0.263672 0.755859 0.265625 0.755859 0.267578 0.753906 0.269531 0.751953 0.269531 0.750000 0.271484 0.748047 0.271484 0.746094 0.273438 0.742188 0.273438 0.742188 0.275391 0.740234 0.277344 0.740234 0.279297 0.736328 0.283203 0.736328 0.285156 0.734375 0.287109 0.734375 0.289062 0.732422 0.291016 0.734375 0.292969 0.734375 0.296875 0.736328 0.296875 0.738281 0.298828 0.738281 0.300781 0.742188 0.304688 0.742188 0.308594 0.744141 0.310547 0.744141 0.316406 0.746094 0.316406 0.748047 0.318359 0.748047 0.320312 0.750000 0.322266 0.750000 0.324219 0.751953 0.326172 0.751953 0.328125 0.753906 0.328125 0.757812 0.332031 0.767578 0.332031 0.769531 0.333984 0.781250 0.333984 0.783203 0.332031 0.789062 0.332031 0.791016 0.333984 0.791016 0.335938 0.792969 0.337891 0.792969 0.339844 0.794922 0.339844 0.796875 0.341797 0.796875 0.355469 0.800781 0.359375 0.812500 0.359375 0.814453 0.361328 0.816406 0.361328 0.822266 0.355469 0.824219 0.355469 0.826172 0.353516 0.826172 0.351562 0.832031 0.345703 0.832031 0.343750 0.828125 0.343750 0.824219 0.347656 0.822266 0.347656 0.822266 0.349609 0.820312 0.351562 0.816406 0.351562 0.812500 0.347656 0.812500 0.343750 0.814453 0.341797 0.814453 0.339844 0.816406 0.337891 0.820312 0.337891 0.820312 0.335938 0.822266 0.333984 0.824219 0.333984 0.824219 0.330078 0.826172 0.328125 0.828125 0.328125 0.828125 0.326172 0.830078 0.324219 0.830078 0.320312 0.833984 0.316406 0.833984 0.314453 0.835938 0.312500 0.837891 0.312500 0.839844 0.310547 0.837891 0.308594 0.839844 0.306641 0.841797 0.306641 0.843750 0.304688 0.843750 0.302734 0.847656 0.298828 0.851562 0.298828 0.855469 0.302734 0.857422 0.302734 0.857422 0.298828 0.861328 0.294922 0.865234 0.294922 0.867188 0.292969 0.867188 0.287109 0.871094 0.283203 0.869141 0.281250 0.871094 0.279297 0.873047 0.279297 0.873047 0.277344 0.875000 0.275391 0.876953 0.275391 0.876953 0.271484 0.878906 0.269531 0.878906 0.251953 0.876953 0.250000 0.876953 0.248047 0.873047 0.244141 0.873047 0.242188 0.871094 0.242188 0.869141 0.240234 0.869141 0.236328 0.867188 0.236328 0.863281 0.232422 0.863281 0.230469 0.867188 0.226562 0.869141 0.228516 0.873047 0.224609 0.873047 0.222656 0.871094 0.220703 0.869141 0.220703 0.865234 0.224609 0.863281 0.222656 0.863281 0.220703 0.869141 0.214844 0.871094 0.214844 0.871094 0.212891 0.873047 0.210938 0.873047 0.207031 0.869141 0.203125 0.865234 0.203125 0.863281 0.201172 0.861328 0.201172 0.859375 0.199219 0.857422 0.199219 0.853516 0.203125 0.853516 0.205078 0.851562 0.207031 0.851562 0.208984 0.849609 0.210938 0.851562 0.212891 0.851562 0.218750 0.849609 0.220703 0.849609 0.222656 0.847656 0.224609 0.845703 0.222656 0.843750 0.222656 0.841797 0.220703 0.841797 0.216797 0.843750 0.214844 0.841797 0.214844 0.837891 0.210938 0.833984 0.210938 0.832031 0.212891 0.830078 0.210938 0.830078 0.208984 0.826172 0.208984 0.824219 0.210938 0.820312 0.210938 0.818359 0.208984 0.818359 0.207031 0.816406 0.205078 0.816406 0.203125 0.810547 0.197266 0.808594 0.197266 0.804688 0.193359 0.804688 0.191406 0.800781 0.187500 0.798828 0.187500 0.796875 0.185547 0.796875 0.179688 0.800781 0.175781 0.800781 0.173828 0.802734 0.171875 0.802734 0.160156 0.804688 0.158203 0.804688 0.154297 0.806641 0.152344 0.806641 0.150391 0.808594 0.148438 0.808594 0.146484 0.810547 0.144531 0.810547 0.138672 0.812500 0.136719 0.812500 0.125000 0.810547 0.123047 0.792969 0.123047 0.791016 0.125000 0.783203 0.117188 0.783203 0.115234 0.781250 0.113281 0.781250 0.109375 0.779297 0.107422 0.775391 0.107422 0.769531 0.101562 0.761719 0.101562 0.759766 0.099609 0.755859 0.099609 0.753906 0.101562 0.750000 0.101562 0.750000 0.103516 0.748047 0.105469 0.748047 0.107422 0.744141 0.111328 0.742188 0.111328 0.740234 0.109375 0.738281 0.109375 0.736328 0.107422 0.734375 0.107422 0.732422 0.105469 0.728516 0.105469 0.726562 0.103516 0.726562 0.101562 0.724609 0.099609 0.724609 0.093750 0.728516 0.089844 0.728516 0.085938 0.726562 0.083984 0.726562 0.082031 0.722656 0.078125 0.722656 0.076172 0.720703 0.074219 0.720703 0.072266 0.714844 0.072266 0.714844 0.074219 0.712891 0.076172 0.708984 0.076172 0.707031 0.074219 0.707031 0.070312 0.708984 0.068359 0.708984 0.066406 0.710938 0.064453 0.714844 0.064453 0.714844 0.052734 0.718750 0.048828 0.726562 0.048828 0.732422 0.042969 0.732422 0.031250 0.730469 0.029297 0.728516 0.029297 0.724609 0.025391 0.724609 0.023438
0 0.753906 0.017578 0.751953 0.019531 0.748047 0.019531 0.746094 0.021484 0.744141 0.021484 0.742188 0.019531 0.734375 0.019531 0.734375 0.021484 0.732422 0.023438 0.734375 0.025391 0.738281 0.025391 0.740234 0.027344 0.742188 0.027344 0.744141 0.029297 0.750000 0.029297 0.750000 0.027344 0.751953 0.025391 0.757812 0.025391 0.759766 0.023438 0.765625 0.023438 0.767578 0.025391 0.767578 0.019531 0.765625 0.019531 0.763672 0.017578
0 0.488281 0.001953 0.484375 0.005859 0.484375 0.011719 0.488281 0.011719 0.492188 0.007812 0.501953 0.007812 0.501953 0.003906 0.500000 0.003906 0.498047 0.001953
0 0.671875 0.000000 0.671875 0.003906 0.673828 0.005859 0.673828 0.007812 0.675781 0.009766 0.675781 0.011719 0.679688 0.015625 0.679688 0.021484 0.681641 0.021484 0.683594 0.019531 0.691406 0.019531 0.693359 0.017578 0.693359 0.009766 0.691406 0.007812 0.689453 0.007812 0.687500 0.005859 0.687500 0.001953 0.685547 0.000000
0 0.560547 0.000000 0.558594 0.001953 0.558594 0.003906 0.556641 0.005859 0.556641 0.017578 0.554688 0.019531 0.541016 0.019531 0.539062 0.021484 0.533203 0.021484 0.531250 0.023438 0.533203 0.025391 0.533203 0.027344 0.535156 0.029297 0.535156 0.035156 0.541016 0.041016 0.539062 0.042969 0.537109 0.042969 0.531250 0.048828 0.529297 0.048828 0.529297 0.050781 0.531250 0.050781 0.533203 0.052734 0.531250 0.054688 0.525391 0.054688 0.521484 0.058594 0.517578 0.054688 0.513672 0.054688 0.511719 0.052734 0.511719 0.050781 0.505859 0.044922 0.498047 0.044922 0.498047 0.046875 0.494141 0.050781 0.494141 0.052734 0.496094 0.054688 0.496094 0.058594 0.494141 0.060547 0.492188 0.060547 0.490234 0.062500 0.484375 0.062500 0.482422 0.060547 0.480469 0.060547 0.478516 0.058594 0.476562 0.058594 0.474609 0.056641 0.472656 0.056641 0.468750 0.052734 0.468750 0.050781 0.466797 0.050781 0.464844 0.048828 0.462891 0.050781 0.462891 0.056641 0.460938 0.058594 0.460938 0.060547 0.458984 0.062500 0.451172 0.062500 0.447266 0.058594 0.443359 0.058594 0.443359 0.060547 0.441406 0.062500 0.441406 0.066406 0.445312 0.070312 0.445312 0.072266 0.443359 0.074219 0.443359 0.083984 0.441406 0.085938 0.441406 0.089844 0.449219 0.089844 0.449219 0.087891 0.451172 0.085938 0.451172 0.083984 0.453125 0.082031 0.453125 0.080078 0.457031 0.076172 0.458984 0.076172 0.460938 0.078125 0.464844 0.078125 0.470703 0.083984 0.470703 0.089844 0.472656 0.091797 0.478516 0.091797 0.482422 0.095703 0.482422 0.097656 0.484375 0.099609 0.486328 0.097656 0.488281 0.097656 0.496094 0.089844 0.501953 0.095703 0.503906 0.095703 0.505859 0.097656 0.505859 0.099609 0.496094 0.109375 0.496094 0.111328 0.494141 0.113281 0.492188 0.113281 0.492188 0.115234 0.490234 0.117188 0.488281 0.117188 0.486328 0.119141 0.478516 0.119141 0.474609 0.123047 0.474609 0.125000 0.472656 0.126953 0.472656 0.130859 0.474609 0.132812 0.474609 0.134766 0.476562 0.134766 0.482422 0.140625 0.488281 0.140625 0.490234 0.138672 0.496094 0.138672 0.501953 0.144531 0.501953 0.152344 0.500000 0.154297 0.494141 0.154297 0.490234 0.150391 0.490234 0.152344 0.486328 0.156250 0.484375 0.154297 0.478516 0.160156 0.478516 0.164062 0.476562 0.166016 0.476562 0.167969 0.478516 0.169922 0.478516 0.171875 0.482422 0.175781 0.482422 0.177734 0.484375 0.179688 0.486328 0.177734 0.488281 0.179688 0.488281 0.183594 0.490234 0.185547 0.478516 0.197266 0.476562 0.197266 0.474609 0.199219 0.474609 0.212891 0.478516 0.216797 0.478516 0.218750 0.476562 0.220703 0.476562 0.226562 0.480469 0.230469 0.478516 0.232422 0.478516 0.234375 0.480469 0.234375 0.482422 0.232422 0.484375 0.234375 0.484375 0.236328 0.488281 0.240234 0.488281 0.242188 0.490234 0.244141 0.490234 0.246094 0.492188 0.248047 0.492188 0.257812 0.490234 0.259766 0.492188 0.261719 0.492188 0.265625 0.494141 0.267578 0.494141 0.269531 0.498047 0.273438 0.494141 0.277344 0.492188 0.277344 0.490234 0.279297 0.486328 0.279297 0.486328 0.281250 0.480469 0.287109 0.480469 0.296875 0.484375 0.300781 0.484375 0.302734 0.488281 0.302734 0.492188 0.298828 0.492188 0.296875 0.494141 0.294922 0.498047 0.298828 0.503906 0.298828 0.503906 0.294922 0.501953 0.292969 0.501953 0.287109 0.500000 0.285156 0.500000 0.279297 0.503906 0.275391 0.509766 0.275391 0.511719 0.273438 0.523438 0.273438 0.525391 0.271484 0.527344 0.271484 0.529297 0.269531 0.554688 0.269531 0.556641 0.267578 0.558594 0.267578 0.562500 0.263672 0.562500 0.261719 0.566406 0.257812 0.568359 0.257812 0.568359 0.255859 0.570312 0.253906 0.570312 0.251953 0.572266 0.250000 0.572266 0.246094 0.574219 0.244141 0.572266 0.242188 0.572266 0.240234 0.574219 0.238281 0.574219 0.236328 0.572266 0.234375 0.572266 0.199219 0.570312 0.197266 0.570312 0.191406 0.574219 0.187500 0.574219 0.181641 0.576172 0.179688 0.576172 0.177734 0.574219 0.175781 0.574219 0.173828 0.570312 0.169922 0.572266 0.167969 0.572266 0.166016 0.570312 0.164062 0.570312 0.158203 0.568359 0.156250 0.568359 0.152344 0.576172 0.144531 0.578125 0.144531 0.580078 0.142578 0.583984 0.142578 0.583984 0.136719 0.585938 0.134766 0.585938 0.121094 0.587891 0.119141 0.591797 0.119141 0.595703 0.115234 0.595703 0.105469 0.597656 0.103516 0.599609 0.103516 0.601562 0.101562 0.601562 0.097656 0.603516 0.095703 0.603516 0.091797 0.601562 0.089844 0.603516 0.087891 0.603516 0.085938 0.605469 0.083984 0.605469 0.080078 0.609375 0.076172 0.609375 0.072266 0.611328 0.070312 0.625000 0.070312 0.626953 0.072266 0.632812 0.072266 0.634766 0.070312 0.634766 0.068359 0.638672 0.064453 0.638672 0.062500 0.632812 0.062500 0.630859 0.060547 0.628906 0.060547 0.626953 0.058594 0.626953 0.056641 0.628906 0.054688 0.626953 0.052734 0.628906 0.050781 0.628906 0.048828 0.632812 0.044922 0.634766 0.044922 0.636719 0.042969 0.638672 0.042969 0.640625 0.041016 0.640625 0.029297 0.642578 0.027344 0.642578 0.025391 0.644531 0.023438 0.642578 0.021484 0.642578 0.019531 0.640625 0.019531 0.638672 0.017578 0.632812 0.017578 0.630859 0.015625 0.628906 0.015625 0.625000 0.011719 0.623047 0.011719 0.621094 0.009766 0.623047 0.007812 0.623047 0.003906 0.625000 0.001953 0.625000 0.000000