0 0.025391 0.792969 0.021484 0.796875 0.019531 0.796875 0.017578 0.798828 0.015625 0.798828 0.013672 0.800781 0.007812 0.800781 0.007812 0.802734 0.017578 0.802734 0.021484 0.798828 0.023438 0.798828 0.027344 0.794922 0.033203 0.794922 0.037109 0.798828 0.035156 0.800781 0.035156 0.802734 0.037109 0.804688 0.037109 0.806641 0.048828 0.806641 0.050781 0.808594 0.054688 0.808594 0.054688 0.804688 0.044922 0.804688 0.041016 0.800781 0.041016 0.798828 0.039062 0.796875 0.039062 0.794922 0.037109 0.792969
0 0.033203 0.757812 0.029297 0.761719 0.027344 0.761719 0.017578 0.771484 0.017578 0.781250 0.025391 0.781250 0.027344 0.779297 0.029297 0.779297 0.035156 0.773438 0.035156 0.771484 0.039062 0.767578 0.041016 0.767578 0.041016 0.757812
0 0.072266 0.740234 0.072266 0.744141 0.074219 0.744141 0.076172 0.746094 0.078125 0.746094 0.082031 0.750000 0.087891 0.750000 0.087891 0.746094 0.085938 0.746094 0.082031 0.742188 0.080078 0.742188 0.078125 0.740234
0 0.103516 0.724609 0.103516 0.726562 0.099609 0.730469 0.097656 0.730469 0.097656 0.732422 0.095703 0.734375 0.087891 0.734375 0.083984 0.730469 0.082031 0.730469 0.082031 0.732422 0.083984 0.734375 0.085938 0.734375 0.087891 0.736328 0.097656 0.736328 0.103516 0.730469 0.105469 0.732422 0.105469 0.740234 0.107422 0.742188 0.107422 0.744141 0.109375 0.746094 0.105469 0.750000 0.103516 0.750000 0.103516 0.751953 0.101562 0.753906 0.101562 0.755859 0.097656 0.759766 0.095703 0.757812 0.083984 0.757812 0.072266 0.769531 0.072266 0.773438 0.070312 0.775391 0.070312 0.781250 0.072266 0.783203 0.074219 0.783203 0.083984 0.792969 0.085938 0.792969 0.085938 0.789062 0.080078 0.783203 0.078125 0.783203 0.074219 0.779297 0.074219 0.773438 0.078125 0.769531 0.078125 0.767578 0.080078 0.765625 0.082031 0.765625 0.087891 0.759766 0.091797 0.759766 0.093750 0.761719 0.099609 0.761719 0.105469 0.755859 0.105469 0.753906 0.111328 0.748047 0.111328 0.742188 0.109375 0.740234 0.109375 0.738281 0.107422 0.736328 0.107422 0.732422 0.109375 0.730469 0.109375 0.724609
0 0.011719 0.699219 0.011719 0.707031 0.015625 0.710938 0.017578 0.710938 0.019531 0.712891 0.021484 0.712891 0.023438 0.714844 0.025391 0.714844 0.027344 0.716797 0.029297 0.716797 0.031250 0.718750 0.039062 0.718750 0.039062 0.710938 0.037109 0.708984 0.035156 0.708984 0.033203 0.707031 0.031250 0.707031 0.027344 0.703125 0.025391 0.703125 0.021484 0.699219
0 0.029297 0.693359 0.027344 0.695312 0.027344 0.697266 0.029297 0.697266 0.031250 0.695312 0.035156 0.695312 0.039062 0.699219 0.039062 0.701172 0.041016 0.703125 0.041016 0.705078 0.042969 0.705078 0.044922 0.707031 0.048828 0.707031 0.050781 0.708984 0.054688 0.708984 0.056641 0.710938 0.058594 0.710938 0.062500 0.714844 0.064453 0.714844 0.066406 0.716797 0.068359 0.716797 0.068359 0.712891 0.066406 0.712891 0.064453 0.710938 0.062500 0.710938 0.058594 0.707031 0.054688 0.707031 0.052734 0.705078 0.046875 0.705078 0.042969 0.701172 0.042969 0.699219 0.039062 0.695312 0.039062 0.693359
0 0.306641 0.406250 0.306641 0.416016 0.304688 0.417969 0.304688 0.419922 0.302734 0.421875 0.296875 0.421875 0.294922 0.423828 0.294922 0.427734 0.296875 0.429688 0.289062 0.437500 0.289062 0.439453 0.292969 0.439453 0.294922 0.437500 0.294922 0.435547 0.296875 0.433594 0.298828 0.433594 0.298828 0.425781 0.300781 0.423828 0.306641 0.423828 0.306641 0.419922 0.308594 0.417969 0.308594 0.406250
0 0.244141 0.392578 0.244141 0.398438 0.246094 0.400391 0.246094 0.402344 0.248047 0.404297 0.248047 0.406250 0.242188 0.412109 0.240234 0.412109 0.240234 0.416016 0.242188 0.417969 0.242188 0.441406 0.246094 0.445312 0.250000 0.445312 0.251953 0.447266 0.253906 0.447266 0.259766 0.453125 0.263672 0.453125 0.263672 0.451172 0.261719 0.449219 0.259766 0.449219 0.255859 0.445312 0.253906 0.445312 0.251953 0.443359 0.248047 0.443359 0.244141 0.439453 0.244141 0.414062 0.250000 0.408203 0.250000 0.400391 0.248047 0.398438 0.248047 0.396484 0.246094 0.394531 0.246094 0.392578
0 0.261719 0.359375 0.261719 0.367188 0.259766 0.369141 0.257812 0.369141 0.257812 0.384766 0.263672 0.390625 0.263672 0.392578 0.261719 0.394531 0.261719 0.398438 0.259766 0.400391 0.259766 0.419922 0.261719 0.419922 0.263672 0.421875 0.263672 0.427734 0.277344 0.427734 0.279297 0.425781 0.279297 0.421875 0.281250 0.419922 0.281250 0.416016 0.283203 0.414062 0.283203 0.406250 0.287109 0.402344 0.287109 0.396484 0.291016 0.392578 0.291016 0.376953 0.285156 0.376953 0.283203 0.375000 0.283203 0.371094 0.277344 0.371094 0.275391 0.369141 0.271484 0.369141 0.269531 0.367188 0.269531 0.361328 0.267578 0.359375
0 0.294922 0.347656 0.294922 0.349609 0.300781 0.349609 0.302734 0.351562 0.306641 0.351562 0.308594 0.353516 0.308594 0.355469 0.306641 0.357422 0.304688 0.357422 0.302734 0.359375 0.302734 0.369141 0.304688 0.371094 0.304688 0.373047 0.306641 0.373047 0.308594 0.375000 0.316406 0.375000 0.322266 0.380859 0.322266 0.382812 0.326172 0.382812 0.326172 0.380859 0.322266 0.376953 0.322266 0.375000 0.320312 0.373047 0.310547 0.373047 0.304688 0.367188 0.304688 0.361328 0.306641 0.359375 0.308594 0.359375 0.312500 0.355469 0.314453 0.355469 0.314453 0.351562 0.312500 0.351562 0.310547 0.349609 0.302734 0.349609 0.300781 0.347656
0 0.232422 0.335938 0.226562 0.341797 0.226562 0.343750 0.224609 0.345703 0.224609 0.349609 0.220703 0.353516 0.218750 0.353516 0.218750 0.355469 0.216797 0.357422 0.216797 0.367188 0.218750 0.369141 0.218750 0.371094 0.222656 0.375000 0.222656 0.376953 0.224609 0.378906 0.232422 0.378906 0.234375 0.380859 0.238281 0.380859 0.238281 0.378906 0.236328 0.378906 0.234375 0.376953 0.228516 0.376953 0.220703 0.369141 0.220703 0.365234 0.218750 0.363281 0.218750 0.361328 0.220703 0.359375 0.220703 0.357422 0.226562 0.351562 0.226562 0.349609 0.228516 0.347656 0.228516 0.343750 0.234375 0.337891 0.236328 0.337891 0.236328 0.335938
0 0.345703 0.189453 0.345703 0.191406 0.347656 0.191406 0.349609 0.193359 0.353516 0.193359 0.357422 0.197266 0.365234 0.197266 0.367188 0.199219 0.373047 0.199219 0.376953 0.195312 0.382812 0.195312 0.382812 0.193359 0.373047 0.193359 0.371094 0.195312 0.359375 0.195312 0.355469 0.191406 0.353516 0.191406 0.351562 0.189453
0 0.333984 0.132812 0.333984 0.138672 0.332031 0.140625 0.330078 0.140625 0.330078 0.148438 0.335938 0.154297 0.335938 0.158203 0.337891 0.160156 0.337891 0.166016 0.339844 0.166016 0.341797 0.167969 0.341797 0.169922 0.343750 0.171875 0.343750 0.173828 0.351562 0.173828 0.353516 0.175781 0.353516 0.177734 0.361328 0.177734 0.361328 0.167969 0.359375 0.166016 0.359375 0.160156 0.357422 0.160156 0.355469 0.158203 0.355469 0.154297 0.351562 0.150391 0.351562 0.148438 0.349609 0.146484 0.349609 0.142578 0.343750 0.136719 0.343750 0.134766 0.341797 0.132812
0 0.316406 0.128906 0.316406 0.130859 0.312500 0.134766 0.312500 0.140625 0.314453 0.142578 0.314453 0.144531 0.316406 0.146484 0.316406 0.150391 0.320312 0.154297 0.320312 0.158203 0.322266 0.160156 0.320312 0.162109 0.320312 0.166016 0.318359 0.167969 0.318359 0.171875 0.316406 0.173828 0.316406 0.175781 0.314453 0.177734 0.312500 0.177734 0.312500 0.189453 0.314453 0.189453 0.316406 0.191406 0.322266 0.191406 0.324219 0.189453 0.324219 0.187500 0.322266 0.187500 0.320312 0.189453 0.318359 0.189453 0.314453 0.185547 0.314453 0.181641 0.318359 0.177734 0.318359 0.175781 0.320312 0.173828 0.320312 0.169922 0.322266 0.167969 0.322266 0.164062 0.324219 0.162109 0.324219 0.158203 0.322266 0.156250 0.322266 0.152344 0.320312 0.150391 0.320312 0.148438 0.318359 0.146484 0.318359 0.144531 0.316406 0.142578 0.316406 0.138672 0.314453 0.136719 0.316406 0.134766 0.318359 0.134766 0.318359 0.132812 0.320312 0.130859 0.320312 0.128906
0 0.353516 0.121094 0.353516 0.123047 0.355469 0.123047 0.361328 0.128906 0.361328 0.132812 0.363281 0.134766 0.363281 0.136719 0.367188 0.140625 0.367188 0.146484 0.369141 0.148438 0.369141 0.152344 0.376953 0.160156 0.376953 0.162109 0.378906 0.162109 0.378906 0.158203 0.376953 0.156250 0.376953 0.154297 0.375000 0.154297 0.373047 0.152344 0.373047 0.150391 0.371094 0.148438 0.371094 0.146484 0.369141 0.144531 0.369141 0.138672 0.367188 0.136719 0.367188 0.134766 0.365234 0.132812 0.365234 0.130859 0.363281 0.128906 0.363281 0.125000 0.359375 0.121094
0 0.410156 0.119141 0.408203 0.121094 0.404297 0.121094 0.404297 0.128906 0.408203 0.132812 0.410156 0.132812 0.412109 0.134766 0.414062 0.134766 0.416016 0.136719 0.416016 0.138672 0.417969 0.140625 0.419922 0.140625 0.421875 0.142578 0.421875 0.144531 0.419922 0.146484 0.419922 0.156250 0.427734 0.156250 0.433594 0.150391 0.433594 0.146484 0.435547 0.144531 0.441406 0.144531 0.441406 0.136719 0.439453 0.134766 0.439453 0.132812 0.437500 0.132812 0.429688 0.125000 0.423828 0.125000 0.417969 0.119141
0 0.396484 0.109375 0.392578 0.113281 0.390625 0.113281 0.388672 0.115234 0.388672 0.128906 0.390625 0.130859 0.390625 0.132812 0.392578 0.132812 0.394531 0.134766 0.394531 0.136719 0.396484 0.138672 0.396484 0.140625 0.398438 0.140625 0.400391 0.142578 0.400391 0.154297 0.402344 0.154297 0.402344 0.142578 0.400391 0.140625 0.400391 0.138672 0.398438 0.136719 0.398438 0.134766 0.390625 0.126953 0.390625 0.119141 0.396484 0.113281 0.398438 0.113281 0.398438 0.109375
0 0.417969 0.099609 0.417969 0.103516 0.423828 0.109375 0.423828 0.111328 0.429688 0.117188 0.435547 0.117188 0.437500 0.115234 0.439453 0.115234 0.441406 0.117188 0.445312 0.117188 0.453125 0.125000 0.453125 0.128906 0.458984 0.134766 0.458984 0.136719 0.460938 0.138672 0.460938 0.140625 0.462891 0.142578 0.462891 0.148438 0.464844 0.150391 0.464844 0.158203 0.462891 0.160156 0.455078 0.152344 0.453125 0.152344 0.451172 0.150391 0.445312 0.150391 0.445312 0.152344 0.443359 0.154297 0.443359 0.162109 0.441406 0.164062 0.441406 0.166016 0.439453 0.167969 0.439453 0.169922 0.437500 0.171875 0.437500 0.173828 0.441406 0.173828 0.441406 0.171875 0.443359 0.169922 0.443359 0.166016 0.445312 0.164062 0.445312 0.156250 0.447266 0.154297 0.451172 0.154297 0.458984 0.162109 0.466797 0.162109 0.466797 0.146484 0.464844 0.144531 0.464844 0.140625 0.462891 0.138672 0.462891 0.136719 0.460938 0.134766 0.460938 0.132812 0.458984 0.130859 0.458984 0.128906 0.455078 0.125000 0.455078 0.123047 0.453125 0.121094 0.453125 0.119141 0.451172 0.119141 0.445312 0.113281 0.445312 0.111328 0.437500 0.111328 0.435547 0.113281 0.431641 0.113281 0.429688 0.111328 0.427734 0.111328 0.425781 0.109375 0.425781 0.107422 0.423828 0.105469 0.423828 0.103516 0.419922 0.099609