0 0.863281 0.990234 0.863281 0.992188 0.865234 0.992188 0.865234 0.990234
0 0.851562 0.990234 0.851562 0.992188 0.853516 0.992188 0.853516 0.990234
0 0.751953 0.990234 0.750000 0.992188 0.759766 0.992188 0.757812 0.992188 0.755859 0.990234
0 0.785156 0.980469 0.783203 0.982422 0.781250 0.982422 0.779297 0.984375 0.771484 0.984375 0.771484 0.990234 0.769531 0.992188 0.798828 0.992188 0.798828 0.990234 0.792969 0.990234 0.787109 0.984375 0.789062 0.982422 0.791016 0.982422 0.789062 0.980469
0 0.906250 0.925781 0.906250 0.929688 0.908203 0.931641 0.908203 0.933594 0.914062 0.933594 0.916016 0.931641 0.916016 0.925781
0 0.689453 0.904297 0.689453 0.910156 0.685547 0.914062 0.677734 0.914062 0.675781 0.916016 0.673828 0.916016 0.669922 0.919922 0.669922 0.921875 0.656250 0.935547 0.656250 0.943359 0.644531 0.955078 0.642578 0.955078 0.642578 0.957031 0.640625 0.958984 0.638672 0.958984 0.638672 0.962891 0.634766 0.966797 0.632812 0.966797 0.632812 0.968750 0.630859 0.970703 0.625000 0.970703 0.625000 0.972656 0.623047 0.974609 0.621094 0.972656 0.619141 0.972656 0.617188 0.970703 0.615234 0.970703 0.613281 0.972656 0.611328 0.972656 0.607422 0.976562 0.601562 0.976562 0.599609 0.978516 0.595703 0.978516 0.593750 0.976562 0.589844 0.976562 0.587891 0.978516 0.585938 0.978516 0.582031 0.982422 0.582031 0.984375 0.580078 0.986328 0.578125 0.986328 0.578125 0.992188 0.732422 0.992188 0.732422 0.990234 0.734375 0.988281 0.736328 0.988281 0.736328 0.986328 0.740234 0.982422 0.740234 0.980469 0.742188 0.978516 0.744141 0.978516 0.744141 0.974609 0.746094 0.972656 0.746094 0.966797 0.744141 0.964844 0.744141 0.962891 0.740234 0.958984 0.740234 0.957031 0.742188 0.955078 0.744141 0.955078 0.744141 0.951172 0.750000 0.945312 0.750000 0.943359 0.751953 0.941406 0.753906 0.941406 0.755859 0.939453 0.757812 0.939453 0.757812 0.935547 0.759766 0.933594 0.761719 0.933594 0.761719 0.917969 0.759766 0.916016 0.759766 0.914062 0.755859 0.910156 0.755859 0.908203 0.753906 0.906250 0.746094 0.906250 0.746094 0.916016 0.742188 0.919922 0.732422 0.919922 0.730469 0.921875 0.728516 0.921875 0.726562 0.923828 0.720703 0.923828 0.714844 0.917969 0.714844 0.916016 0.712891 0.914062 0.712891 0.910156 0.707031 0.904297
0 0.027344 0.822266 0.027344 0.826172 0.033203 0.832031 0.033203 0.835938 0.035156 0.837891 0.044922 0.837891 0.046875 0.835938 0.046875 0.832031 0.044922 0.832031 0.035156 0.822266
0 0.445312 0.648438 0.443359 0.650391 0.437500 0.650391 0.437500 0.654297 0.441406 0.658203 0.441406 0.671875 0.439453 0.673828 0.433594 0.673828 0.431641 0.675781 0.431641 0.677734 0.429688 0.679688 0.429688 0.681641 0.423828 0.687500 0.423828 0.695312 0.425781 0.697266 0.425781 0.699219 0.427734 0.699219 0.431641 0.703125 0.447266 0.703125 0.449219 0.705078 0.449219 0.707031 0.451172 0.708984 0.451172 0.714844 0.453125 0.716797 0.455078 0.716797 0.457031 0.718750 0.457031 0.720703 0.455078 0.722656 0.453125 0.722656 0.451172 0.724609 0.451172 0.732422 0.453125 0.734375 0.453125 0.736328 0.455078 0.738281 0.455078 0.742188 0.466797 0.742188 0.468750 0.740234 0.478516 0.740234 0.480469 0.738281 0.482422 0.738281 0.482422 0.730469 0.480469 0.730469 0.478516 0.728516 0.478516 0.724609 0.474609 0.720703 0.476562 0.718750 0.484375 0.718750 0.484375 0.710938 0.488281 0.707031 0.488281 0.705078 0.492188 0.701172 0.498047 0.701172 0.500000 0.699219 0.500000 0.691406 0.496094 0.691406 0.494141 0.689453 0.492188 0.689453 0.488281 0.685547 0.482422 0.685547 0.478516 0.681641 0.476562 0.681641 0.472656 0.677734 0.474609 0.675781 0.476562 0.675781 0.478516 0.673828 0.478516 0.666016 0.474609 0.666016 0.472656 0.664062 0.474609 0.662109 0.474609 0.658203 0.464844 0.658203 0.462891 0.660156 0.458984 0.660156 0.455078 0.656250 0.455078 0.654297 0.453125 0.654297 0.449219 0.650391 0.447266 0.650391
0 0.654297 0.646484 0.654297 0.652344 0.658203 0.656250 0.660156 0.656250 0.662109 0.658203 0.667969 0.658203 0.667969 0.654297 0.666016 0.652344 0.664062 0.652344 0.658203 0.646484
0 0.535156 0.601562 0.535156 0.607422 0.533203 0.609375 0.531250 0.609375 0.527344 0.613281 0.527344 0.619141 0.535156 0.619141 0.537109 0.617188 0.539062 0.617188 0.542969 0.621094 0.542969 0.634766 0.546875 0.634766 0.546875 0.630859 0.548828 0.628906 0.548828 0.617188 0.546875 0.615234 0.546875 0.613281 0.542969 0.609375 0.542969 0.603516 0.541016 0.603516 0.539062 0.601562
0 0.414062 0.599609 0.414062 0.601562 0.412109 0.603516 0.412109 0.605469 0.414062 0.607422 0.414062 0.609375 0.417969 0.613281 0.417969 0.617188 0.419922 0.619141 0.419922 0.625000 0.417969 0.626953 0.414062 0.626953 0.414062 0.630859 0.412109 0.632812 0.410156 0.632812 0.408203 0.630859 0.408203 0.628906 0.404297 0.625000 0.404297 0.623047 0.400391 0.626953 0.398438 0.626953 0.398438 0.628906 0.396484 0.630859 0.396484 0.632812 0.394531 0.634766 0.398438 0.634766 0.400391 0.636719 0.400391 0.640625 0.402344 0.642578 0.404297 0.642578 0.406250 0.644531 0.416016 0.644531 0.423828 0.636719 0.423828 0.634766 0.429688 0.628906 0.429688 0.626953 0.431641 0.625000 0.431641 0.623047 0.437500 0.617188 0.437500 0.615234 0.439453 0.613281 0.441406 0.613281 0.443359 0.611328 0.443359 0.609375 0.439453 0.605469 0.437500 0.605469 0.435547 0.607422 0.431641 0.603516 0.425781 0.603516 0.423828 0.601562 0.423828 0.599609
0 0.656250 0.591797 0.654297 0.593750 0.650391 0.593750 0.650391 0.595703 0.648438 0.597656 0.648438 0.611328 0.644531 0.615234 0.642578 0.615234 0.642578 0.621094 0.654297 0.621094 0.654297 0.619141 0.658203 0.615234 0.658203 0.605469 0.656250 0.603516 0.656250 0.597656 0.660156 0.593750 0.658203 0.591797
0 0.552734 0.580078 0.552734 0.583984 0.554688 0.585938 0.554688 0.591797 0.548828 0.597656 0.548828 0.601562 0.554688 0.601562 0.556641 0.599609 0.558594 0.599609 0.558594 0.597656 0.560547 0.595703 0.560547 0.582031 0.558594 0.580078
0 0.519531 0.548828 0.519531 0.550781 0.517578 0.552734 0.517578 0.554688 0.513672 0.558594 0.509766 0.558594 0.507812 0.556641 0.505859 0.556641 0.505859 0.558594 0.503906 0.560547 0.503906 0.562500 0.505859 0.564453 0.505859 0.566406 0.503906 0.568359 0.503906 0.574219 0.507812 0.574219 0.509766 0.576172 0.509766 0.578125 0.507812 0.580078 0.507812 0.582031 0.500000 0.589844 0.496094 0.589844 0.496094 0.591797 0.494141 0.593750 0.494141 0.599609 0.507812 0.599609 0.515625 0.591797 0.517578 0.591797 0.519531 0.593750 0.521484 0.593750 0.525391 0.589844 0.525391 0.587891 0.527344 0.585938 0.525391 0.583984 0.525391 0.576172 0.529297 0.572266 0.529297 0.568359 0.521484 0.560547 0.521484 0.558594 0.523438 0.556641 0.523438 0.548828
0 0.013672 0.408203 0.011719 0.410156 0.007812 0.410156 0.005859 0.412109 0.001953 0.412109 0.003906 0.414062 0.003906 0.421875 0.005859 0.421875 0.007812 0.423828 0.007812 0.433594 0.009766 0.433594 0.011719 0.435547 0.011719 0.439453 0.007812 0.443359 0.000000 0.443359 0.000000 0.798828 0.001953 0.796875 0.001953 0.791016 0.003906 0.789062 0.005859 0.791016 0.005859 0.789062 0.009766 0.785156 0.011719 0.785156 0.011719 0.783203 0.013672 0.781250 0.017578 0.781250 0.017578 0.779297 0.019531 0.777344 0.025391 0.777344 0.027344 0.775391 0.029297 0.777344 0.031250 0.777344 0.044922 0.791016 0.042969 0.792969 0.041016 0.792969 0.039062 0.794922 0.039062 0.804688 0.041016 0.806641 0.041016 0.810547 0.042969 0.812500 0.042969 0.814453 0.044922 0.814453 0.046875 0.816406 0.060547 0.816406 0.062500 0.818359 0.062500 0.820312 0.064453 0.820312 0.066406 0.822266 0.066406 0.824219 0.068359 0.826172 0.068359 0.828125 0.070312 0.830078 0.068359 0.832031 0.064453 0.832031 0.062500 0.833984 0.060547 0.833984 0.060547 0.847656 0.062500 0.849609 0.062500 0.851562 0.060547 0.853516 0.064453 0.853516 0.066406 0.855469 0.068359 0.855469 0.070312 0.857422 0.074219 0.857422 0.076172 0.859375 0.080078 0.859375 0.087891 0.867188 0.087891 0.873047 0.089844 0.875000 0.089844 0.876953 0.091797 0.876953 0.097656 0.882812 0.101562 0.882812 0.105469 0.886719 0.105469 0.888672 0.107422 0.890625 0.107422 0.892578 0.117188 0.902344 0.117188 0.910156 0.119141 0.910156 0.121094 0.912109 0.119141 0.914062 0.121094 0.916016 0.121094 0.923828 0.117188 0.927734 0.117188 0.929688 0.115234 0.931641 0.111328 0.931641 0.111328 0.943359 0.113281 0.943359 0.115234 0.945312 0.115234 0.947266 0.117188 0.947266 0.121094 0.951172 0.130859 0.951172 0.132812 0.949219 0.134766 0.949219 0.134766 0.945312 0.138672 0.941406 0.140625 0.941406 0.142578 0.939453 0.144531 0.939453 0.148438 0.935547 0.150391 0.935547 0.152344 0.933594 0.154297 0.933594 0.156250 0.931641 0.158203 0.931641 0.158203 0.921875 0.162109 0.917969 0.179688 0.917969 0.181641 0.916016 0.183594 0.916016 0.185547 0.914062 0.189453 0.914062 0.189453 0.910156 0.191406 0.908203 0.193359 0.908203 0.195312 0.906250 0.199219 0.906250 0.201172 0.908203 0.203125 0.906250 0.205078 0.908203 0.205078 0.910156 0.208984 0.914062 0.208984 0.925781 0.210938 0.927734 0.212891 0.927734 0.214844 0.929688 0.220703 0.929688 0.222656 0.931641 0.224609 0.931641 0.226562 0.929688 0.228516 0.931641 0.240234 0.931641 0.240234 0.921875 0.236328 0.917969 0.234375 0.917969 0.232422 0.916016 0.234375 0.914062 0.234375 0.912109 0.236328 0.910156 0.238281 0.910156 0.242188 0.906250 0.244141 0.906250 0.246094 0.904297 0.248047 0.904297 0.251953 0.900391 0.255859 0.900391 0.257812 0.898438 0.257812 0.880859 0.259766 0.878906 0.259766 0.869141 0.257812 0.869141 0.253906 0.865234 0.253906 0.863281 0.257812 0.859375 0.257812 0.857422 0.259766 0.855469 0.259766 0.845703 0.261719 0.843750 0.271484 0.843750 0.271484 0.833984 0.273438 0.832031 0.283203 0.832031 0.283203 0.826172 0.289062 0.820312 0.291016 0.820312 0.291016 0.808594 0.269531 0.808594 0.267578 0.810547 0.265625 0.808594 0.265625 0.806641 0.255859 0.806641 0.251953 0.810547 0.251953 0.812500 0.248047 0.816406 0.240234 0.816406 0.238281 0.814453 0.236328 0.814453 0.234375 0.812500 0.236328 0.810547 0.232422 0.810547 0.228516 0.806641 0.226562 0.806641 0.224609 0.804688 0.224609 0.791016 0.226562 0.789062 0.232422 0.789062 0.232422 0.787109 0.234375 0.785156 0.236328 0.785156 0.236328 0.783203 0.238281 0.781250 0.240234 0.781250 0.240234 0.779297 0.246094 0.773438 0.248047 0.773438 0.246094 0.773438 0.244141 0.771484 0.244141 0.759766 0.246094 0.757812 0.248047 0.757812 0.248047 0.755859 0.253906 0.750000 0.259766 0.750000 0.259766 0.736328 0.267578 0.728516 0.269531 0.728516 0.269531 0.726562 0.275391 0.720703 0.275391 0.716797 0.277344 0.714844 0.285156 0.714844 0.287109 0.716797 0.294922 0.716797 0.296875 0.714844 0.310547 0.714844 0.310547 0.708984 0.312500 0.707031 0.312500 0.693359 0.310547 0.691406 0.310547 0.689453 0.312500 0.687500 0.314453 0.687500 0.318359 0.683594 0.318359 0.681641 0.322266 0.677734 0.328125 0.677734 0.328125 0.675781 0.330078 0.673828 0.330078 0.666016 0.328125 0.664062 0.328125 0.662109 0.320312 0.654297 0.318359 0.654297 0.314453 0.650391 0.314453 0.646484 0.312500 0.646484 0.306641 0.640625 0.304688 0.640625 0.300781 0.636719 0.298828 0.636719 0.296875 0.634766 0.296875 0.632812 0.294922 0.630859 0.294922 0.609375 0.292969 0.609375 0.291016 0.607422 0.291016 0.605469 0.289062 0.603516 0.289062 0.597656 0.287109 0.595703 0.287109 0.593750 0.285156 0.591797 0.283203 0.591797 0.277344 0.585938 0.263672 0.585938 0.261719 0.587891 0.259766 0.587891 0.257812 0.585938 0.257812 0.583984 0.255859 0.582031 0.255859 0.580078 0.251953 0.576172 0.251953 0.574219 0.248047 0.570312 0.248047 0.562500 0.244141 0.558594 0.244141 0.556641 0.242188 0.554688 0.240234 0.554688 0.230469 0.544922 0.226562 0.544922 0.224609 0.542969 0.224609 0.539062 0.212891 0.527344 0.212891 0.523438 0.210938 0.521484 0.208984 0.521484 0.203125 0.515625 0.203125 0.513672 0.201172 0.511719 0.201172 0.505859 0.197266 0.505859 0.195312 0.503906 0.195312 0.501953 0.193359 0.501953 0.191406 0.500000 0.187500 0.500000 0.185547 0.498047 0.185547 0.488281 0.183594 0.486328 0.177734 0.486328 0.173828 0.482422 0.160156 0.482422 0.158203 0.480469 0.156250 0.480469 0.154297 0.478516 0.148438 0.478516 0.146484 0.476562 0.146484 0.474609 0.144531 0.472656 0.142578 0.472656 0.138672 0.468750 0.132812 0.468750 0.126953 0.462891 0.126953 0.460938 0.121094 0.455078 0.119141 0.455078 0.113281 0.449219 0.113281 0.447266 0.107422 0.447266 0.103516 0.443359 0.103516 0.431641 0.101562 0.429688 0.101562 0.427734 0.091797 0.427734 0.091797 0.429688 0.089844 0.431641 0.087891 0.431641 0.083984 0.435547 0.082031 0.435547 0.080078 0.437500 0.080078 0.455078 0.083984 0.458984 0.083984 0.460938 0.085938 0.462891 0.085938 0.464844 0.083984 0.466797 0.082031 0.466797 0.082031 0.468750 0.080078 0.470703 0.078125 0.470703 0.078125 0.472656 0.076172 0.474609 0.074219 0.474609 0.072266 0.472656 0.072266 0.470703 0.070312 0.470703 0.068359 0.468750 0.068359 0.466797 0.062500 0.466797 0.060547 0.464844 0.060547 0.458984 0.058594 0.458984 0.056641 0.457031 0.056641 0.455078 0.050781 0.449219 0.050781 0.447266 0.052734 0.445312 0.052734 0.443359 0.054688 0.441406 0.056641 0.441406 0.060547 0.437500 0.060547 0.435547 0.062500 0.433594 0.072266 0.433594 0.072266 0.431641 0.074219 0.429688 0.074219 0.427734 0.072266 0.427734 0.070312 0.425781 0.070312 0.423828 0.068359 0.421875 0.070312 0.419922 0.070312 0.417969 0.068359 0.416016 0.068359 0.414062 0.066406 0.412109 0.064453 0.412109 0.064453 0.414062 0.062500 0.416016 0.062500 0.417969 0.060547 0.419922 0.058594 0.419922 0.054688 0.423828 0.046875 0.423828 0.044922 0.421875 0.042969 0.421875 0.041016 0.419922 0.041016 0.417969 0.039062 0.417969 0.037109 0.416016 0.033203 0.416016 0.029297 0.412109 0.027344 0.412109 0.025391 0.410156 0.025391 0.408203
0 0.148438 0.324219 0.146484 0.326172 0.146484 0.333984 0.148438 0.335938 0.150391 0.335938 0.152344 0.337891 0.154297 0.337891 0.156250 0.339844 0.158203 0.339844 0.167969 0.349609 0.173828 0.349609 0.177734 0.345703 0.177734 0.332031 0.171875 0.332031 0.169922 0.333984 0.166016 0.330078 0.164062 0.330078 0.162109 0.328125 0.162109 0.326172 0.160156 0.326172 0.158203 0.324219
0 0.214844 0.000000 0.214844 0.003906 0.216797 0.003906 0.218750 0.005859 0.218750 0.007812 0.220703 0.007812 0.222656 0.009766 0.222656 0.019531 0.224609 0.021484 0.224609 0.023438 0.226562 0.023438 0.228516 0.025391 0.228516 0.029297 0.230469 0.031250 0.232422 0.031250 0.234375 0.033203 0.234375 0.041016 0.236328 0.041016 0.238281 0.039062 0.250000 0.039062 0.251953 0.041016 0.261719 0.041016 0.265625 0.044922 0.267578 0.044922 0.269531 0.046875 0.269531 0.060547 0.265625 0.064453 0.257812 0.064453 0.253906 0.060547 0.253906 0.072266 0.250000 0.076172 0.250000 0.078125 0.248047 0.080078 0.242188 0.080078 0.240234 0.078125 0.240234 0.076172 0.238281 0.076172 0.238281 0.078125 0.236328 0.080078 0.234375 0.080078 0.234375 0.093750 0.232422 0.095703 0.232422 0.097656 0.230469 0.099609 0.230469 0.107422 0.228516 0.109375 0.230469 0.111328 0.230469 0.113281 0.228516 0.115234 0.226562 0.115234 0.226562 0.117188 0.228516 0.119141 0.224609 0.123047 0.222656 0.123047 0.222656 0.126953 0.220703 0.128906 0.220703 0.130859 0.222656 0.132812 0.220703 0.134766 0.218750 0.134766 0.218750 0.140625 0.216797 0.142578 0.214844 0.142578 0.214844 0.150391 0.212891 0.152344 0.214844 0.154297 0.212891 0.156250 0.210938 0.156250 0.210938 0.158203 0.214844 0.162109 0.214844 0.166016 0.210938 0.169922 0.212891 0.171875 0.210938 0.173828 0.210938 0.185547 0.212891 0.187500 0.212891 0.191406 0.214844 0.193359 0.214844 0.197266 0.212891 0.199219 0.210938 0.199219 0.201172 0.208984 0.197266 0.208984 0.195312 0.207031 0.189453 0.207031 0.187500 0.208984 0.185547 0.208984 0.183594 0.210938 0.181641 0.210938 0.179688 0.212891 0.177734 0.212891 0.177734 0.222656 0.175781 0.224609 0.164062 0.224609 0.162109 0.222656 0.160156 0.222656 0.158203 0.220703 0.154297 0.220703 0.152344 0.222656 0.150391 0.220703 0.142578 0.220703 0.140625 0.222656 0.140625 0.234375 0.138672 0.236328 0.136719 0.236328 0.136719 0.240234 0.140625 0.244141 0.140625 0.246094 0.150391 0.246094 0.152344 0.244141 0.156250 0.244141 0.160156 0.248047 0.162109 0.248047 0.164062 0.250000 0.166016 0.250000 0.167969 0.251953 0.167969 0.253906 0.169922 0.255859 0.177734 0.255859 0.177734 0.251953 0.181641 0.248047 0.183594 0.248047 0.189453 0.242188 0.193359 0.242188 0.199219 0.248047 0.199219 0.250000 0.212891 0.250000 0.220703 0.257812 0.222656 0.257812 0.224609 0.259766 0.224609 0.261719 0.226562 0.263672 0.224609 0.265625 0.224609 0.267578 0.222656 0.269531 0.222656 0.271484 0.220703 0.273438 0.220703 0.279297 0.216797 0.283203 0.216797 0.287109 0.214844 0.289062 0.214844 0.304688 0.216797 0.304688 0.218750 0.306641 0.218750 0.308594 0.216797 0.310547 0.224609 0.318359 0.226562 0.318359 0.228516 0.320312 0.246094 0.320312 0.248047 0.322266 0.251953 0.318359 0.253906 0.318359 0.255859 0.320312 0.259766 0.320312 0.261719 0.322266 0.261719 0.332031 0.263672 0.333984 0.261719 0.335938 0.257812 0.335938 0.255859 0.337891 0.251953 0.337891 0.248047 0.333984 0.242188 0.333984 0.240234 0.335938 0.238281 0.335938 0.232422 0.341797 0.232422 0.347656 0.234375 0.349609 0.234375 0.351562 0.238281 0.355469 0.232422 0.361328 0.230469 0.361328 0.226562 0.365234 0.224609 0.365234 0.220703 0.369141 0.220703 0.373047 0.222656 0.375000 0.222656 0.376953 0.224609 0.378906 0.224609 0.382812 0.226562 0.384766 0.226562 0.388672 0.224609 0.390625 0.224609 0.398438 0.226562 0.400391 0.226562 0.404297 0.232422 0.404297 0.234375 0.402344 0.234375 0.400391 0.238281 0.396484 0.250000 0.396484 0.250000 0.394531 0.251953 0.392578 0.261719 0.392578 0.263672 0.394531 0.265625 0.394531 0.267578 0.396484 0.281250 0.396484 0.287109 0.390625 0.294922 0.390625 0.294922 0.388672 0.296875 0.386719 0.302734 0.386719 0.306641 0.390625 0.308594 0.390625 0.310547 0.392578 0.310547 0.394531 0.314453 0.398438 0.316406 0.398438 0.320312 0.402344 0.320312 0.406250 0.324219 0.410156 0.341797 0.410156 0.343750 0.412109 0.343750 0.419922 0.341797 0.421875 0.341797 0.431641 0.343750 0.433594 0.343750 0.435547 0.345703 0.437500 0.347656 0.437500 0.349609 0.439453 0.349609 0.441406 0.351562 0.441406 0.355469 0.445312 0.363281 0.445312 0.365234 0.447266 0.361328 0.451172 0.361328 0.453125 0.357422 0.457031 0.347656 0.457031 0.345703 0.458984 0.345703 0.460938 0.343750 0.462891 0.343750 0.466797 0.341797 0.468750 0.341797 0.470703 0.339844 0.472656 0.339844 0.486328 0.341797 0.486328 0.343750 0.488281 0.343750 0.490234 0.345703 0.490234 0.349609 0.494141 0.353516 0.494141 0.355469 0.496094 0.355469 0.503906 0.361328 0.503906 0.363281 0.505859 0.363281 0.519531 0.365234 0.521484 0.365234 0.525391 0.367188 0.527344 0.367188 0.531250 0.369141 0.533203 0.367188 0.535156 0.369141 0.535156 0.371094 0.537109 0.371094 0.539062 0.396484 0.539062 0.398438 0.537109 0.400391 0.537109 0.400391 0.529297 0.402344 0.527344 0.412109 0.527344 0.414062 0.529297 0.414062 0.539062 0.427734 0.539062 0.427734 0.537109 0.429688 0.535156 0.431641 0.535156 0.431641 0.533203 0.433594 0.531250 0.439453 0.531250 0.439453 0.527344 0.441406 0.525391 0.443359 0.525391 0.445312 0.523438 0.451172 0.523438 0.453125 0.525391 0.453125 0.527344 0.453125 0.523438 0.455078 0.521484 0.457031 0.521484 0.458984 0.519531 0.458984 0.517578 0.460938 0.515625 0.464844 0.515625 0.464844 0.513672 0.466797 0.511719 0.466797 0.507812 0.470703 0.503906 0.486328 0.503906 0.488281 0.501953 0.494141 0.501953 0.498047 0.498047 0.498047 0.486328 0.496094 0.484375 0.496094 0.482422 0.494141 0.480469 0.494141 0.478516 0.492188 0.476562 0.492188 0.472656 0.494141 0.470703 0.494141 0.455078 0.492188 0.455078 0.490234 0.453125 0.490234 0.451172 0.492188 0.449219 0.494141 0.449219 0.494141 0.443359 0.492188 0.441406 0.492188 0.439453 0.490234 0.437500 0.490234 0.431641 0.488281 0.431641 0.486328 0.429688 0.486328 0.423828 0.480469 0.423828 0.478516 0.421875 0.478516 0.419922 0.480469 0.417969 0.480469 0.416016 0.482422 0.414062 0.484375 0.414062 0.484375 0.412109 0.488281 0.408203 0.488281 0.404297 0.490234 0.402344 0.494141 0.402344 0.496094 0.404297 0.496094 0.406250 0.501953 0.406250 0.503906 0.408203 0.503906 0.410156 0.505859 0.410156 0.507812 0.412109 0.509766 0.412109 0.511719 0.414062 0.517578 0.414062 0.519531 0.416016 0.519531 0.417969 0.531250 0.417969 0.535156 0.421875 0.535156 0.425781 0.537109 0.427734 0.537109 0.449219 0.544922 0.449219 0.546875 0.451172 0.546875 0.453125 0.552734 0.453125 0.552734 0.451172 0.550781 0.449219 0.552734 0.447266 0.552734 0.443359 0.554688 0.441406 0.556641 0.441406 0.558594 0.443359 0.558594 0.445312 0.568359 0.445312 0.570312 0.447266 0.572266 0.447266 0.574219 0.449219 0.576172 0.447266 0.578125 0.449219 0.580078 0.449219 0.580078 0.447266 0.582031 0.445312 0.582031 0.437500 0.580078 0.435547 0.578125 0.435547 0.576172 0.433594 0.574219 0.433594 0.572266 0.431641 0.570312 0.431641 0.568359 0.429688 0.568359 0.421875 0.572266 0.417969 0.572266 0.412109 0.576172 0.408203 0.576172 0.404297 0.578125 0.402344 0.585938 0.402344 0.589844 0.406250 0.591797 0.406250 0.595703 0.410156 0.603516 0.410156 0.605469 0.408203 0.607422 0.408203 0.611328 0.404297 0.613281 0.406250 0.623047 0.406250 0.625000 0.404297 0.625000 0.400391 0.626953 0.398438 0.626953 0.388672 0.625000 0.386719 0.623047 0.386719 0.619141 0.382812 0.617188 0.382812 0.603516 0.369141 0.605469 0.367188 0.603516 0.365234 0.603516 0.363281 0.605469 0.361328 0.609375 0.361328 0.609375 0.359375 0.611328 0.357422 0.615234 0.357422 0.615234 0.353516 0.617188 0.351562 0.619141 0.351562 0.623047 0.347656 0.626953 0.347656 0.628906 0.349609 0.628906 0.355469 0.630859 0.353516 0.632812 0.355469 0.632812 0.363281 0.634766 0.365234 0.638672 0.365234 0.640625 0.367188 0.640625 0.375000 0.642578 0.376953 0.650391 0.376953 0.652344 0.378906 0.654297 0.378906 0.654297 0.376953 0.658203 0.373047 0.660156 0.373047 0.660156 0.369141 0.662109 0.367188 0.666016 0.367188 0.669922 0.371094 0.669922 0.373047 0.673828 0.376953 0.673828 0.378906 0.675781 0.380859 0.679688 0.380859 0.681641 0.382812 0.683594 0.382812 0.685547 0.380859 0.693359 0.380859 0.695312 0.382812 0.695312 0.384766 0.697266 0.386719 0.697266 0.398438 0.695312 0.400391 0.695312 0.406250 0.697266 0.408203 0.697266 0.410156 0.712891 0.410156 0.718750 0.416016 0.718750 0.417969 0.724609 0.417969 0.726562 0.419922 0.726562 0.421875 0.724609 0.423828 0.718750 0.423828 0.718750 0.425781 0.716797 0.427734 0.712891 0.427734 0.708984 0.431641 0.707031 0.431641 0.705078 0.433594 0.703125 0.433594 0.701172 0.435547 0.699219 0.435547 0.699219 0.437500 0.697266 0.439453 0.695312 0.439453 0.695312 0.443359 0.693359 0.445312 0.687500 0.445312 0.687500 0.447266 0.683594 0.451172 0.683594 0.455078 0.681641 0.457031 0.681641 0.460938 0.683594 0.462891 0.683594 0.472656 0.685547 0.472656 0.687500 0.474609 0.687500 0.488281 0.685547 0.490234 0.683594 0.490234 0.683594 0.500000 0.685547 0.500000 0.687500 0.501953 0.687500 0.523438 0.689453 0.525391 0.689453 0.529297 0.691406 0.531250 0.689453 0.533203 0.691406 0.535156 0.693359 0.535156 0.695312 0.537109 0.695312 0.539062 0.693359 0.541016 0.695312 0.542969 0.695312 0.550781 0.697266 0.550781 0.699219 0.552734 0.699219 0.554688 0.703125 0.558594 0.705078 0.558594 0.707031 0.560547 0.707031 0.562500 0.705078 0.564453 0.703125 0.564453 0.703125 0.578125 0.705078 0.578125 0.707031 0.580078 0.708984 0.580078 0.710938 0.582031 0.710938 0.580078 0.712891 0.578125 0.716797 0.578125 0.716797 0.576172 0.718750 0.574219 0.724609 0.574219 0.722656 0.572266 0.722656 0.570312 0.724609 0.568359 0.726562 0.568359 0.726562 0.566406 0.736328 0.556641 0.738281 0.556641 0.740234 0.554688 0.742188 0.554688 0.744141 0.556641 0.746094 0.556641 0.751953 0.562500 0.751953 0.564453 0.753906 0.566406 0.753906 0.574219 0.751953 0.576172 0.750000 0.576172 0.750000 0.578125 0.748047 0.580078 0.742188 0.580078 0.742188 0.583984 0.732422 0.593750 0.726562 0.593750 0.726562 0.595703 0.724609 0.597656 0.722656 0.595703 0.720703 0.595703 0.716797 0.599609 0.714844 0.599609 0.712891 0.597656 0.712891 0.595703 0.710938 0.595703 0.710938 0.597656 0.708984 0.599609 0.705078 0.599609 0.705078 0.601562 0.703125 0.603516 0.701172 0.601562 0.701172 0.599609 0.699219 0.599609 0.697266 0.597656 0.697266 0.595703 0.693359 0.595703 0.693359 0.597656 0.691406 0.599609 0.691406 0.605469 0.689453 0.607422 0.687500 0.607422 0.687500 0.611328 0.685547 0.613281 0.685547 0.623047 0.689453 0.626953 0.695312 0.626953 0.695312 0.623047 0.697266 0.621094 0.697266 0.617188 0.701172 0.613281 0.703125 0.613281 0.712891 0.623047 0.712891 0.625000 0.710938 0.626953 0.710938 0.634766 0.708984 0.636719 0.708984 0.638672 0.707031 0.640625 0.707031 0.648438 0.708984 0.650391 0.708984 0.652344 0.707031 0.654297 0.707031 0.664062 0.708984 0.666016 0.708984 0.667969 0.710938 0.667969 0.714844 0.671875 0.732422 0.671875 0.734375 0.673828 0.734375 0.677734 0.736328 0.677734 0.738281 0.679688 0.738281 0.683594 0.751953 0.683594 0.753906 0.681641 0.755859 0.683594 0.759766 0.683594 0.761719 0.685547 0.761719 0.691406 0.763672 0.691406 0.765625 0.693359 0.765625 0.695312 0.767578 0.695312 0.769531 0.697266 0.769531 0.699219 0.771484 0.699219 0.773438 0.701172 0.773438 0.703125 0.775391 0.705078 0.775391 0.707031 0.779297 0.710938 0.779297 0.712891 0.783203 0.716797 0.785156 0.716797 0.787109 0.718750 0.789062 0.718750 0.792969 0.722656 0.792969 0.724609 0.794922 0.724609 0.796875 0.726562 0.796875 0.730469 0.798828 0.730469 0.800781 0.732422 0.800781 0.734375 0.802734 0.734375 0.804688 0.736328 0.804688 0.738281 0.802734 0.740234 0.796875 0.740234 0.796875 0.742188 0.798828 0.744141 0.798828 0.746094 0.796875 0.748047 0.796875 0.750000 0.798828 0.751953 0.798828 0.753906 0.802734 0.753906 0.804688 0.755859 0.804688 0.757812 0.802734 0.759766 0.800781 0.759766 0.800781 0.769531 0.802734 0.769531 0.804688 0.771484 0.804688 0.773438 0.802734 0.775391 0.800781 0.775391 0.798828 0.777344 0.796875 0.777344 0.794922 0.775391 0.791016 0.775391 0.787109 0.771484 0.779297 0.771484 0.777344 0.769531 0.777344 0.767578 0.775391 0.765625 0.773438 0.765625 0.761719 0.753906 0.757812 0.753906 0.755859 0.751953 0.755859 0.748047 0.751953 0.744141 0.751953 0.740234 0.746094 0.740234 0.742188 0.736328 0.742188 0.734375 0.744141 0.732422 0.744141 0.724609 0.746094 0.722656 0.748047 0.722656 0.746094 0.720703 0.746094 0.714844 0.748047 0.712891 0.746094 0.712891 0.744141 0.710938 0.742188 0.710938 0.740234 0.708984 0.738281 0.708984 0.736328 0.707031 0.736328 0.705078 0.732422 0.705078 0.728516 0.701172 0.726562 0.701172 0.726562 0.703125 0.724609 0.705078 0.705078 0.705078 0.701172 0.708984 0.699219 0.708984 0.699219 0.718750 0.697266 0.720703 0.695312 0.718750 0.693359 0.718750 0.691406 0.716797 0.689453 0.716797 0.687500 0.714844 0.679688 0.714844 0.677734 0.712891 0.677734 0.710938 0.675781 0.708984 0.671875 0.708984 0.669922 0.710938 0.669922 0.712891 0.667969 0.714844 0.667969 0.722656 0.671875 0.726562 0.671875 0.728516 0.673828 0.730469 0.675781 0.730469 0.679688 0.734375 0.681641 0.734375 0.687500 0.740234 0.687500 0.742188 0.697266 0.742188 0.699219 0.744141 0.699219 0.746094 0.697266 0.748047 0.697266 0.757812 0.701172 0.761719 0.703125 0.761719 0.707031 0.765625 0.707031 0.767578 0.705078 0.769531 0.705078 0.777344 0.699219 0.783203 0.699219 0.802734 0.703125 0.806641 0.708984 0.806641 0.714844 0.812500 0.734375 0.812500 0.740234 0.818359 0.748047 0.818359 0.750000 0.820312 0.750000 0.824219 0.751953 0.826172 0.748047 0.830078 0.748047 0.835938 0.755859 0.835938 0.763672 0.828125 0.767578 0.828125 0.769531 0.830078 0.781250 0.830078 0.783203 0.828125 0.783203 0.826172 0.789062 0.820312 0.791016 0.820312 0.796875 0.826172 0.798828 0.826172 0.800781 0.828125 0.802734 0.828125 0.804688 0.830078 0.806641 0.830078 0.808594 0.832031 0.808594 0.833984 0.812500 0.833984 0.814453 0.832031 0.818359 0.832031 0.824219 0.837891 0.824219 0.839844 0.830078 0.839844 0.830078 0.833984 0.832031 0.832031 0.833984 0.832031 0.833984 0.830078 0.837891 0.826172 0.841797 0.830078 0.845703 0.830078 0.847656 0.832031 0.849609 0.832031 0.855469 0.837891 0.855469 0.843750 0.853516 0.845703 0.839844 0.845703 0.839844 0.878906 0.841797 0.880859 0.841797 0.884766 0.843750 0.886719 0.843750 0.890625 0.845703 0.890625 0.847656 0.892578 0.859375 0.892578 0.861328 0.894531 0.880859 0.894531 0.882812 0.896484 0.882812 0.898438 0.896484 0.898438 0.898438 0.900391 0.898438 0.906250 0.908203 0.906250 0.908203 0.904297 0.910156 0.902344 0.912109 0.902344 0.914062 0.904297 0.914062 0.906250 0.916016 0.906250 0.917969 0.908203 0.917969 0.910156 0.919922 0.910156 0.921875 0.908203 0.923828 0.908203 0.923828 0.906250 0.927734 0.902344 0.939453 0.902344 0.939453 0.900391 0.941406 0.898438 0.947266 0.898438 0.947266 0.896484 0.949219 0.894531 0.958984 0.894531 0.958984 0.892578 0.960938 0.890625 0.962891 0.890625 0.962891 0.888672 0.964844 0.886719 0.978516 0.886719 0.978516 0.884766 0.980469 0.882812 0.982422 0.882812 0.982422 0.880859 0.984375 0.878906 0.986328 0.878906 0.986328 0.876953 0.988281 0.875000 0.988281 0.871094 0.986328 0.869141 0.986328 0.865234 0.988281 0.863281 0.990234 0.863281 0.990234 0.857422 0.988281 0.857422 0.986328 0.855469 0.986328 0.853516 0.984375 0.853516 0.982422 0.851562 0.982422 0.845703 0.968750 0.845703 0.966797 0.843750 0.966797 0.837891 0.968750 0.835938 0.970703 0.835938 0.970703 0.798828 0.972656 0.796875 0.974609 0.796875 0.976562 0.794922 0.978516 0.796875 0.978516 0.794922 0.980469 0.792969 0.980469 0.791016 0.982422 0.789062 0.986328 0.789062 0.986328 0.775391 0.988281 0.773438 0.988281 0.767578 0.986328 0.765625 0.986328 0.763672 0.988281 0.761719 0.990234 0.761719 0.990234 0.755859 0.992188 0.753906 0.992188 0.564453 0.990234 0.564453 0.986328 0.560547 0.986328 0.558594 0.984375 0.556641 0.984375 0.554688 0.976562 0.546875 0.976562 0.544922 0.953125 0.544922 0.951172 0.546875 0.945312 0.546875 0.943359 0.548828 0.937500 0.548828 0.929688 0.556641 0.925781 0.556641 0.925781 0.558594 0.917969 0.566406 0.916016 0.566406 0.914062 0.568359 0.914062 0.570312 0.912109 0.572266 0.912109 0.574219 0.906250 0.580078 0.904297 0.580078 0.896484 0.587891 0.896484 0.589844 0.892578 0.593750 0.886719 0.593750 0.884766 0.591797 0.884766 0.589844 0.861328 0.589844 0.857422 0.593750 0.853516 0.593750 0.851562 0.595703 0.849609 0.595703 0.847656 0.597656 0.845703 0.595703 0.837891 0.595703 0.835938 0.593750 0.835938 0.591797 0.832031 0.587891 0.830078 0.587891 0.828125 0.585938 0.824219 0.585938 0.822266 0.583984 0.812500 0.583984 0.810547 0.582031 0.810547 0.574219 0.814453 0.570312 0.820312 0.570312 0.822266 0.572266 0.822266 0.574219 0.824219 0.572266 0.824219 0.570312 0.828125 0.566406 0.828125 0.564453 0.830078 0.562500 0.832031 0.562500 0.833984 0.560547 0.835938 0.560547 0.839844 0.556641 0.841797 0.556641 0.843750 0.554688 0.845703 0.554688 0.849609 0.550781 0.873047 0.550781 0.873047 0.541016 0.875000 0.539062 0.880859 0.539062 0.888672 0.531250 0.892578 0.531250 0.892578 0.529297 0.896484 0.525391 0.900391 0.525391 0.900391 0.519531 0.904297 0.515625 0.904297 0.513672 0.906250 0.511719 0.910156 0.511719 0.908203 0.511719 0.906250 0.509766 0.906250 0.500000 0.908203 0.498047 0.908203 0.478516 0.904297 0.474609 0.904297 0.466797 0.906250 0.464844 0.906250 0.451172 0.908203 0.449219 0.908203 0.445312 0.914062 0.439453 0.914062 0.437500 0.921875 0.429688 0.923828 0.429688 0.923828 0.427734 0.925781 0.425781 0.927734 0.425781 0.927734 0.417969 0.929688 0.416016 0.931641 0.416016 0.931641 0.414062 0.935547 0.410156 0.937500 0.412109 0.937500 0.416016 0.949219 0.416016 0.949219 0.400391 0.947266 0.398438 0.947266 0.388672 0.949219 0.386719 0.951172 0.388672 0.951172 0.384766 0.949219 0.382812 0.949219 0.380859 0.951172 0.378906 0.951172 0.367188 0.953125 0.365234 0.953125 0.361328 0.957031 0.357422 0.958984 0.357422 0.962891 0.353516 0.966797 0.353516 0.968750 0.351562 0.970703 0.351562 0.972656 0.349609 0.972656 0.328125 0.970703 0.326172 0.970703 0.318359 0.972656 0.316406 0.972656 0.312500 0.976562 0.308594 0.978516 0.308594 0.980469 0.306641 0.984375 0.306641 0.986328 0.304688 0.986328 0.287109 0.980469 0.281250 0.980469 0.271484 0.978516 0.269531 0.978516 0.267578 0.976562 0.267578 0.974609 0.265625 0.974609 0.234375 0.972656 0.234375 0.970703 0.232422 0.968750 0.232422 0.966797 0.230469 0.966797 0.228516 0.964844 0.228516 0.962891 0.226562 0.962891 0.224609 0.955078 0.224609 0.953125 0.222656 0.951172 0.222656 0.949219 0.224609 0.941406 0.224609 0.939453 0.222656 0.939453 0.216797 0.937500 0.214844 0.941406 0.210938 0.945312 0.210938 0.951172 0.205078 0.951172 0.191406 0.953125 0.189453 0.953125 0.181641 0.951172 0.179688 0.951172 0.177734 0.949219 0.175781 0.949219 0.173828 0.943359 0.167969 0.941406 0.167969 0.937500 0.164062 0.937500 0.162109 0.931641 0.156250 0.931641 0.154297 0.929688 0.152344 0.929688 0.150391 0.927734 0.148438 0.927734 0.146484 0.925781 0.144531 0.925781 0.142578 0.923828 0.140625 0.923828 0.134766 0.927734 0.130859 0.927734 0.123047 0.929688 0.121094 0.929688 0.119141 0.931641 0.117188 0.937500 0.117188 0.939453 0.119141 0.941406 0.117188 0.945312 0.117188 0.949219 0.113281 0.949219 0.101562 0.947266 0.099609 0.947266 0.093750 0.949219 0.091797 0.949219 0.089844 0.947266 0.087891 0.947266 0.076172 0.943359 0.072266 0.943359 0.066406 0.945312 0.064453 0.945312 0.062500 0.947266 0.060547 0.947266 0.044922 0.949219 0.042969 0.949219 0.041016 0.951172 0.039062 0.951172 0.029297 0.955078 0.025391 0.955078 0.023438 0.957031 0.021484 0.957031 0.009766 0.953125 0.005859 0.953125 0.000000 0.582031 0.000000 0.583984 0.000000 0.585938 0.001953 0.585938 0.007812 0.587891 0.007812 0.589844 0.009766 0.591797 0.009766 0.593750 0.007812 0.599609 0.007812 0.601562 0.009766 0.601562 0.011719 0.603516 0.011719 0.605469 0.013672 0.605469 0.019531 0.603516 0.021484 0.601562 0.021484 0.601562 0.027344 0.603516 0.027344 0.605469 0.029297 0.605469 0.035156 0.607422 0.035156 0.609375 0.037109 0.609375 0.039062 0.619141 0.039062 0.621094 0.041016 0.621094 0.044922 0.617188 0.048828 0.613281 0.048828 0.613281 0.050781 0.611328 0.052734 0.609375 0.052734 0.609375 0.054688 0.607422 0.056641 0.605469 0.056641 0.603516 0.054688 0.603516 0.048828 0.597656 0.048828 0.595703 0.046875 0.595703 0.044922 0.593750 0.044922 0.591797 0.042969 0.587891 0.042969 0.585938 0.044922 0.583984 0.042969 0.583984 0.041016 0.582031 0.039062 0.582031 0.037109 0.580078 0.035156 0.582031 0.033203 0.582031 0.029297 0.578125 0.029297 0.576172 0.027344 0.576172 0.011719 0.572266 0.007812 0.572266 0.005859 0.574219 0.003906 0.574219 0.001953 0.572266 0.001953 0.570312 0.000000