0 0.082031 0.951172 0.080078 0.953125 0.078125 0.953125 0.064453 0.966797 0.064453 0.976562 0.066406 0.978516 0.068359 0.978516 0.070312 0.980469 0.070312 0.986328 0.072266 0.988281 0.072266 0.990234 0.082031 0.990234 0.083984 0.992188 0.091797 0.992188 0.093750 0.990234 0.101562 0.990234 0.103516 0.992188 0.107422 0.992188 0.109375 0.990234 0.117188 0.990234 0.117188 0.988281 0.115234 0.986328 0.115234 0.978516 0.113281 0.976562 0.115234 0.974609 0.113281 0.972656 0.113281 0.970703 0.111328 0.970703 0.109375 0.968750 0.107422 0.968750 0.105469 0.966797 0.103516 0.966797 0.101562 0.964844 0.099609 0.964844 0.095703 0.960938 0.091797 0.960938 0.089844 0.958984 0.087891 0.958984 0.085938 0.957031 0.087891 0.955078 0.087891 0.951172
0 0.134766 0.931641 0.132812 0.933594 0.130859 0.933594 0.128906 0.935547 0.126953 0.935547 0.125000 0.937500 0.121094 0.937500 0.121094 0.941406 0.125000 0.945312 0.125000 0.949219 0.126953 0.951172 0.128906 0.951172 0.130859 0.953125 0.132812 0.953125 0.134766 0.955078 0.136719 0.955078 0.140625 0.958984 0.150391 0.958984 0.150391 0.949219 0.156250 0.943359 0.156250 0.939453 0.154297 0.937500 0.148438 0.937500 0.146484 0.939453 0.142578 0.939453 0.138672 0.935547 0.138672 0.931641
0 0.548828 0.912109 0.548828 0.917969 0.552734 0.921875 0.552734 0.923828 0.554688 0.925781 0.554688 0.929688 0.558594 0.929688 0.558594 0.917969 0.552734 0.912109
0 0.095703 0.908203 0.091797 0.912109 0.091797 0.914062 0.093750 0.916016 0.093750 0.917969 0.099609 0.917969 0.099609 0.912109 0.097656 0.910156 0.097656 0.908203
0 0.398438 0.906250 0.398438 0.912109 0.400391 0.914062 0.400391 0.916016 0.398438 0.917969 0.394531 0.917969 0.394531 0.923828 0.396484 0.925781 0.396484 0.927734 0.392578 0.931641 0.392578 0.945312 0.394531 0.947266 0.402344 0.947266 0.404297 0.945312 0.404297 0.925781 0.406250 0.923828 0.408203 0.923828 0.410156 0.921875 0.412109 0.921875 0.414062 0.919922 0.416016 0.919922 0.416016 0.916016 0.412109 0.916016 0.410156 0.914062 0.408203 0.914062 0.404297 0.910156 0.404297 0.908203 0.402344 0.906250
0 0.535156 0.900391 0.533203 0.902344 0.533203 0.906250 0.535156 0.908203 0.539062 0.908203 0.541016 0.906250 0.546875 0.906250 0.546875 0.902344 0.544922 0.900391
0 0.060547 0.875000 0.056641 0.878906 0.056641 0.880859 0.052734 0.884766 0.052734 0.886719 0.050781 0.888672 0.050781 0.890625 0.042969 0.898438 0.039062 0.898438 0.039062 0.902344 0.042969 0.906250 0.042969 0.908203 0.044922 0.910156 0.048828 0.910156 0.050781 0.908203 0.052734 0.908203 0.054688 0.910156 0.054688 0.914062 0.056641 0.916016 0.060547 0.916016 0.062500 0.917969 0.070312 0.917969 0.072266 0.919922 0.078125 0.919922 0.078125 0.916016 0.076172 0.914062 0.076172 0.908203 0.074219 0.906250 0.074219 0.904297 0.076172 0.902344 0.078125 0.902344 0.080078 0.900391 0.082031 0.902344 0.085938 0.902344 0.089844 0.898438 0.087891 0.896484 0.087891 0.892578 0.085938 0.890625 0.083984 0.890625 0.082031 0.888672 0.078125 0.888672 0.068359 0.878906 0.068359 0.876953 0.066406 0.875000
0 0.085938 0.835938 0.085938 0.839844 0.093750 0.847656 0.093750 0.849609 0.097656 0.849609 0.097656 0.839844 0.095703 0.839844 0.091797 0.835938
0 0.623047 0.798828 0.623047 0.800781 0.621094 0.802734 0.621094 0.806641 0.625000 0.806641 0.626953 0.804688 0.626953 0.798828
0 0.326172 0.791016 0.322266 0.794922 0.318359 0.794922 0.314453 0.798828 0.312500 0.798828 0.312500 0.800781 0.314453 0.802734 0.314453 0.810547 0.310547 0.814453 0.310547 0.828125 0.316406 0.833984 0.316406 0.835938 0.318359 0.835938 0.320312 0.837891 0.320312 0.839844 0.324219 0.839844 0.328125 0.843750 0.326172 0.845703 0.326172 0.861328 0.333984 0.869141 0.337891 0.869141 0.339844 0.871094 0.343750 0.871094 0.345703 0.873047 0.349609 0.873047 0.351562 0.875000 0.355469 0.871094 0.357422 0.873047 0.359375 0.873047 0.361328 0.875000 0.361328 0.876953 0.371094 0.876953 0.373047 0.878906 0.378906 0.878906 0.380859 0.880859 0.380859 0.882812 0.382812 0.882812 0.384766 0.884766 0.388672 0.884766 0.388672 0.880859 0.382812 0.875000 0.382812 0.867188 0.384766 0.865234 0.386719 0.865234 0.386719 0.859375 0.388672 0.857422 0.390625 0.857422 0.390625 0.855469 0.394531 0.851562 0.394531 0.849609 0.398438 0.845703 0.398438 0.841797 0.396484 0.841797 0.394531 0.839844 0.388672 0.839844 0.382812 0.833984 0.382812 0.828125 0.388672 0.822266 0.394531 0.828125 0.394531 0.830078 0.398438 0.830078 0.400391 0.828125 0.400391 0.824219 0.396484 0.820312 0.396484 0.814453 0.398438 0.812500 0.396484 0.810547 0.396484 0.808594 0.398438 0.806641 0.398438 0.798828 0.392578 0.792969 0.386719 0.792969 0.386719 0.796875 0.388672 0.798828 0.388672 0.804688 0.386719 0.806641 0.386719 0.808594 0.384766 0.810547 0.382812 0.810547 0.380859 0.808594 0.376953 0.808594 0.371094 0.802734 0.371094 0.800781 0.369141 0.798828 0.369141 0.796875 0.367188 0.798828 0.363281 0.798828 0.361328 0.800781 0.349609 0.800781 0.347656 0.798828 0.345703 0.798828 0.343750 0.796875 0.339844 0.796875 0.337891 0.794922 0.335938 0.794922 0.333984 0.792969 0.333984 0.791016
0 0.638672 0.789062 0.638672 0.791016 0.636719 0.792969 0.636719 0.800781 0.638672 0.800781 0.650391 0.812500 0.650391 0.814453 0.648438 0.816406 0.648438 0.820312 0.650391 0.822266 0.656250 0.822266 0.664062 0.814453 0.669922 0.814453 0.669922 0.810547 0.666016 0.806641 0.664062 0.806641 0.662109 0.804688 0.658203 0.804688 0.656250 0.802734 0.656250 0.798828 0.654297 0.796875 0.650391 0.796875 0.646484 0.792969 0.646484 0.789062
0 0.000000 0.769531 0.000000 0.791016 0.001953 0.792969 0.007812 0.792969 0.007812 0.789062 0.009766 0.787109 0.013672 0.787109 0.013672 0.783203 0.011719 0.781250 0.011719 0.779297 0.009766 0.779297 0.007812 0.777344 0.007812 0.773438 0.005859 0.771484 0.003906 0.771484 0.001953 0.769531
0 0.650391 0.767578 0.650391 0.773438 0.654297 0.773438 0.656250 0.771484 0.656250 0.767578
0 0.615234 0.761719 0.611328 0.765625 0.607422 0.765625 0.607422 0.771484 0.605469 0.773438 0.605469 0.779297 0.607422 0.779297 0.609375 0.781250 0.613281 0.781250 0.615234 0.779297 0.621094 0.779297 0.623047 0.777344 0.625000 0.777344 0.628906 0.773438 0.630859 0.773438 0.630859 0.761719 0.625000 0.761719 0.623047 0.763672 0.621094 0.761719
0 0.263672 0.753906 0.257812 0.759766 0.257812 0.763672 0.263672 0.763672 0.267578 0.759766 0.267578 0.753906
0 0.062500 0.736328 0.058594 0.740234 0.056641 0.740234 0.054688 0.738281 0.046875 0.738281 0.044922 0.740234 0.044922 0.744141 0.041016 0.748047 0.041016 0.761719 0.042969 0.761719 0.044922 0.763672 0.046875 0.763672 0.048828 0.765625 0.050781 0.765625 0.052734 0.767578 0.052734 0.769531 0.054688 0.771484 0.054688 0.775391 0.052734 0.777344 0.052734 0.783203 0.050781 0.785156 0.042969 0.777344 0.035156 0.777344 0.035156 0.785156 0.037109 0.787109 0.037109 0.791016 0.042969 0.791016 0.044922 0.792969 0.046875 0.792969 0.048828 0.794922 0.046875 0.796875 0.046875 0.800781 0.044922 0.802734 0.042969 0.802734 0.042969 0.804688 0.041016 0.806641 0.035156 0.806641 0.031250 0.802734 0.029297 0.802734 0.025391 0.798828 0.025391 0.796875 0.019531 0.796875 0.019531 0.798828 0.015625 0.802734 0.015625 0.810547 0.013672 0.812500 0.013672 0.816406 0.007812 0.822266 0.007812 0.824219 0.005859 0.826172 0.005859 0.835938 0.007812 0.837891 0.007812 0.843750 0.005859 0.845703 0.005859 0.851562 0.001953 0.855469 0.000000 0.855469 0.000000 0.904297 0.000000 0.902344 0.007812 0.894531 0.007812 0.888672 0.005859 0.886719 0.005859 0.880859 0.009766 0.876953 0.011719 0.876953 0.013672 0.875000 0.019531 0.875000 0.021484 0.876953 0.023438 0.876953 0.025391 0.878906 0.023438 0.880859 0.023438 0.882812 0.027344 0.886719 0.033203 0.886719 0.033203 0.884766 0.037109 0.880859 0.037109 0.876953 0.033203 0.876953 0.031250 0.875000 0.031250 0.869141 0.035156 0.865234 0.042969 0.865234 0.050781 0.857422 0.054688 0.857422 0.058594 0.853516 0.060547 0.853516 0.066406 0.847656 0.066406 0.837891 0.068359 0.835938 0.068359 0.830078 0.066406 0.828125 0.066406 0.818359 0.070312 0.814453 0.076172 0.814453 0.076172 0.812500 0.078125 0.810547 0.082031 0.810547 0.083984 0.812500 0.083984 0.822266 0.085938 0.822266 0.091797 0.828125 0.093750 0.828125 0.095703 0.826172 0.097656 0.828125 0.101562 0.828125 0.105469 0.832031 0.105469 0.837891 0.109375 0.837891 0.111328 0.835938 0.111328 0.826172 0.117188 0.820312 0.117188 0.812500 0.111328 0.812500 0.109375 0.810547 0.109375 0.808594 0.111328 0.806641 0.111328 0.800781 0.113281 0.798828 0.113281 0.796875 0.115234 0.794922 0.115234 0.792969 0.117188 0.791016 0.115234 0.789062 0.115234 0.785156 0.113281 0.783203 0.113281 0.781250 0.111328 0.779297 0.111328 0.777344 0.109375 0.775391 0.107422 0.775391 0.105469 0.773438 0.103516 0.773438 0.101562 0.771484 0.101562 0.769531 0.099609 0.769531 0.089844 0.759766 0.087891 0.761719 0.080078 0.761719 0.076172 0.757812 0.074219 0.759766 0.070312 0.755859 0.070312 0.751953 0.072266 0.750000 0.072266 0.748047 0.074219 0.746094 0.076172 0.746094 0.078125 0.748047 0.078125 0.744141 0.076172 0.742188 0.076172 0.740234 0.078125 0.738281 0.074219 0.738281 0.072266 0.736328 0.070312 0.738281 0.064453 0.738281
0 0.265625 0.712891 0.265625 0.714844 0.259766 0.720703 0.259766 0.728516 0.263672 0.732422 0.269531 0.732422 0.271484 0.734375 0.273438 0.732422 0.271484 0.730469 0.275391 0.726562 0.273438 0.724609 0.273438 0.718750 0.271484 0.718750 0.269531 0.716797 0.269531 0.712891
0 0.537109 0.699219 0.533203 0.703125 0.533203 0.710938 0.537109 0.710938 0.537109 0.708984 0.542969 0.703125 0.542969 0.699219
0 0.494141 0.695312 0.494141 0.697266 0.492188 0.699219 0.490234 0.699219 0.490234 0.703125 0.488281 0.705078 0.488281 0.707031 0.484375 0.710938 0.482422 0.710938 0.472656 0.720703 0.470703 0.720703 0.470703 0.722656 0.466797 0.726562 0.464844 0.726562 0.462891 0.728516 0.462891 0.732422 0.458984 0.736328 0.458984 0.738281 0.457031 0.740234 0.457031 0.742188 0.455078 0.744141 0.455078 0.748047 0.453125 0.750000 0.453125 0.751953 0.451172 0.753906 0.449219 0.753906 0.447266 0.755859 0.445312 0.755859 0.443359 0.757812 0.441406 0.757812 0.439453 0.759766 0.431641 0.759766 0.431641 0.763672 0.427734 0.767578 0.427734 0.769531 0.421875 0.775391 0.419922 0.775391 0.410156 0.785156 0.410156 0.787109 0.408203 0.789062 0.408203 0.791016 0.410156 0.792969 0.416016 0.792969 0.419922 0.789062 0.421875 0.789062 0.423828 0.791016 0.427734 0.791016 0.431641 0.794922 0.431641 0.796875 0.429688 0.798828 0.429688 0.802734 0.433594 0.802734 0.435547 0.804688 0.435547 0.814453 0.429688 0.820312 0.423828 0.820312 0.423828 0.822266 0.421875 0.824219 0.419922 0.824219 0.419922 0.826172 0.417969 0.828125 0.416016 0.828125 0.414062 0.830078 0.412109 0.830078 0.408203 0.833984 0.408203 0.837891 0.404297 0.841797 0.404297 0.845703 0.406250 0.847656 0.406250 0.849609 0.402344 0.853516 0.402344 0.859375 0.404297 0.861328 0.404297 0.869141 0.410156 0.875000 0.410156 0.880859 0.414062 0.884766 0.414062 0.890625 0.416016 0.890625 0.419922 0.894531 0.419922 0.896484 0.421875 0.898438 0.421875 0.906250 0.423828 0.906250 0.425781 0.904297 0.427734 0.904297 0.429688 0.906250 0.429688 0.912109 0.431641 0.912109 0.433594 0.914062 0.433594 0.916016 0.435547 0.916016 0.437500 0.917969 0.437500 0.919922 0.433594 0.923828 0.431641 0.921875 0.431641 0.935547 0.429688 0.937500 0.429688 0.939453 0.425781 0.943359 0.425781 0.951172 0.429688 0.955078 0.419922 0.964844 0.419922 0.966797 0.417969 0.968750 0.417969 0.974609 0.416016 0.976562 0.419922 0.976562 0.421875 0.978516 0.423828 0.978516 0.427734 0.982422 0.425781 0.984375 0.423828 0.984375 0.423828 0.990234 0.421875 0.992188 0.419922 0.992188 0.466797 0.992188 0.472656 0.986328 0.474609 0.986328 0.476562 0.988281 0.476562 0.990234 0.478516 0.992188 0.505859 0.992188 0.501953 0.988281 0.501953 0.984375 0.500000 0.982422 0.500000 0.980469 0.498047 0.978516 0.500000 0.976562 0.500000 0.974609 0.501953 0.972656 0.503906 0.972656 0.505859 0.974609 0.507812 0.974609 0.511719 0.978516 0.511719 0.980469 0.513672 0.982422 0.511719 0.984375 0.513672 0.986328 0.513672 0.992188 0.554688 0.992188 0.554688 0.988281 0.552734 0.986328 0.552734 0.984375 0.556641 0.980469 0.558594 0.982422 0.558594 0.976562 0.560547 0.974609 0.560547 0.970703 0.562500 0.968750 0.564453 0.968750 0.566406 0.966797 0.566406 0.960938 0.564453 0.960938 0.562500 0.958984 0.562500 0.957031 0.556641 0.957031 0.556641 0.958984 0.554688 0.960938 0.550781 0.960938 0.546875 0.964844 0.546875 0.974609 0.548828 0.976562 0.548828 0.980469 0.546875 0.982422 0.544922 0.980469 0.544922 0.978516 0.542969 0.978516 0.539062 0.974609 0.539062 0.972656 0.537109 0.972656 0.535156 0.970703 0.535156 0.962891 0.531250 0.958984 0.537109 0.953125 0.537109 0.951172 0.539062 0.949219 0.539062 0.941406 0.537109 0.939453 0.537109 0.935547 0.535156 0.933594 0.535156 0.931641 0.531250 0.927734 0.531250 0.925781 0.529297 0.925781 0.527344 0.923828 0.527344 0.921875 0.525391 0.919922 0.525391 0.917969 0.523438 0.916016 0.523438 0.882812 0.519531 0.878906 0.519531 0.873047 0.521484 0.871094 0.523438 0.871094 0.527344 0.867188 0.529297 0.867188 0.529297 0.865234 0.531250 0.863281 0.533203 0.863281 0.535156 0.861328 0.535156 0.857422 0.537109 0.855469 0.539062 0.855469 0.539062 0.849609 0.541016 0.847656 0.541016 0.845703 0.539062 0.843750 0.541016 0.841797 0.541016 0.839844 0.542969 0.837891 0.539062 0.833984 0.541016 0.832031 0.539062 0.832031 0.535156 0.828125 0.535156 0.824219 0.533203 0.822266 0.535156 0.820312 0.535156 0.816406 0.533203 0.818359 0.531250 0.816406 0.531250 0.814453 0.529297 0.814453 0.525391 0.810547 0.525391 0.806641 0.511719 0.806641 0.507812 0.802734 0.505859 0.802734 0.503906 0.800781 0.503906 0.796875 0.505859 0.794922 0.507812 0.794922 0.509766 0.796875 0.515625 0.796875 0.517578 0.794922 0.519531 0.794922 0.523438 0.798828 0.525391 0.798828 0.527344 0.796875 0.531250 0.796875 0.533203 0.794922 0.535156 0.794922 0.537109 0.792969 0.541016 0.792969 0.542969 0.791016 0.546875 0.791016 0.548828 0.789062 0.552734 0.789062 0.552734 0.781250 0.544922 0.773438 0.537109 0.773438 0.535156 0.771484 0.533203 0.771484 0.531250 0.769531 0.529297 0.769531 0.527344 0.767578 0.527344 0.765625 0.525391 0.763672 0.525391 0.761719 0.521484 0.757812 0.521484 0.753906 0.525391 0.750000 0.525391 0.748047 0.527344 0.746094 0.527344 0.740234 0.529297 0.738281 0.531250 0.738281 0.535156 0.734375 0.537109 0.734375 0.537109 0.728516 0.531250 0.722656 0.527344 0.722656 0.525391 0.724609 0.523438 0.724609 0.523438 0.726562 0.521484 0.728516 0.519531 0.728516 0.517578 0.726562 0.517578 0.724609 0.515625 0.722656 0.515625 0.716797 0.507812 0.708984 0.507812 0.707031 0.505859 0.708984 0.503906 0.707031 0.503906 0.703125 0.501953 0.705078 0.498047 0.701172 0.498047 0.695312
0 0.525391 0.669922 0.521484 0.673828 0.519531 0.673828 0.515625 0.677734 0.509766 0.677734 0.507812 0.679688 0.503906 0.679688 0.503906 0.687500 0.507812 0.687500 0.509766 0.689453 0.515625 0.689453 0.517578 0.691406 0.519531 0.691406 0.523438 0.695312 0.529297 0.695312 0.529297 0.689453 0.533203 0.685547 0.535156 0.685547 0.537109 0.683594 0.537109 0.677734 0.535156 0.677734 0.531250 0.673828 0.531250 0.669922
0 0.126953 0.667969 0.121094 0.673828 0.121094 0.677734 0.123047 0.677734 0.125000 0.679688 0.125000 0.681641 0.123047 0.683594 0.121094 0.683594 0.121094 0.687500 0.123047 0.689453 0.123047 0.691406 0.125000 0.691406 0.130859 0.697266 0.130859 0.701172 0.128906 0.703125 0.117188 0.703125 0.115234 0.701172 0.113281 0.701172 0.113281 0.705078 0.109375 0.708984 0.105469 0.708984 0.105469 0.716797 0.103516 0.718750 0.101562 0.718750 0.101562 0.722656 0.103516 0.724609 0.103516 0.726562 0.107422 0.730469 0.107422 0.732422 0.109375 0.730469 0.111328 0.730469 0.113281 0.732422 0.113281 0.736328 0.119141 0.742188 0.121094 0.740234 0.123047 0.742188 0.126953 0.742188 0.128906 0.744141 0.130859 0.744141 0.132812 0.742188 0.134766 0.742188 0.136719 0.740234 0.136719 0.738281 0.138672 0.736328 0.144531 0.736328 0.148438 0.732422 0.148438 0.724609 0.152344 0.720703 0.150391 0.718750 0.150391 0.716797 0.154297 0.712891 0.158203 0.712891 0.160156 0.710938 0.164062 0.710938 0.164062 0.705078 0.162109 0.703125 0.162109 0.699219 0.160156 0.697266 0.160156 0.693359 0.158203 0.693359 0.156250 0.691406 0.150391 0.691406 0.146484 0.687500 0.146484 0.685547 0.144531 0.683594 0.144531 0.681641 0.142578 0.679688 0.140625 0.679688 0.138672 0.677734 0.138672 0.671875 0.136719 0.671875 0.132812 0.667969
0 0.257812 0.593750 0.253906 0.597656 0.253906 0.601562 0.255859 0.603516 0.257812 0.603516 0.259766 0.605469 0.259766 0.607422 0.261719 0.607422 0.263672 0.609375 0.271484 0.609375 0.273438 0.607422 0.273438 0.603516 0.271484 0.601562 0.271484 0.599609 0.267578 0.599609 0.265625 0.597656 0.265625 0.595703 0.263672 0.593750
0 0.748047 0.437500 0.748047 0.441406 0.742188 0.447266 0.742188 0.451172 0.746094 0.451172 0.748047 0.453125 0.751953 0.453125 0.753906 0.451172 0.755859 0.451172 0.755859 0.441406 0.753906 0.439453 0.753906 0.437500
0 0.738281 0.402344 0.738281 0.410156 0.742188 0.414062 0.744141 0.414062 0.746094 0.416016 0.751953 0.416016 0.753906 0.414062 0.753906 0.408203 0.751953 0.406250 0.750000 0.406250 0.748047 0.404297 0.744141 0.404297 0.742188 0.402344
0 0.705078 0.402344 0.703125 0.404297 0.699219 0.404297 0.695312 0.408203 0.693359 0.408203 0.691406 0.410156 0.691406 0.414062 0.693359 0.414062 0.695312 0.416016 0.695312 0.419922 0.697266 0.421875 0.697266 0.429688 0.699219 0.429688 0.701172 0.431641 0.705078 0.431641 0.707031 0.429688 0.707031 0.425781 0.708984 0.423828 0.708984 0.419922 0.710938 0.417969 0.712891 0.417969 0.712891 0.416016 0.710938 0.414062 0.710938 0.404297 0.708984 0.404297 0.707031 0.402344
0 0.833984 0.285156 0.833984 0.287109 0.832031 0.289062 0.830078 0.289062 0.830078 0.292969 0.832031 0.292969 0.837891 0.298828 0.841797 0.298828 0.841797 0.292969 0.839844 0.291016 0.839844 0.289062 0.837891 0.287109 0.837891 0.285156
0 0.876953 0.238281 0.873047 0.242188 0.871094 0.240234 0.871094 0.242188 0.867188 0.246094 0.865234 0.246094 0.859375 0.251953 0.857422 0.251953 0.859375 0.253906 0.859375 0.259766 0.855469 0.263672 0.855469 0.273438 0.859375 0.277344 0.859375 0.279297 0.861328 0.281250 0.863281 0.281250 0.865234 0.283203 0.865234 0.285156 0.863281 0.287109 0.861328 0.287109 0.857422 0.291016 0.857422 0.294922 0.863281 0.294922 0.865234 0.296875 0.865234 0.298828 0.867188 0.300781 0.867188 0.304688 0.869141 0.306641 0.869141 0.308594 0.875000 0.308594 0.876953 0.310547 0.876953 0.314453 0.882812 0.314453 0.886719 0.310547 0.888672 0.310547 0.890625 0.308594 0.894531 0.308594 0.894531 0.304688 0.896484 0.302734 0.898438 0.302734 0.900391 0.300781 0.908203 0.308594 0.919922 0.308594 0.919922 0.306641 0.921875 0.304688 0.921875 0.302734 0.927734 0.296875 0.927734 0.291016 0.925781 0.291016 0.923828 0.289062 0.923828 0.285156 0.921875 0.283203 0.919922 0.283203 0.917969 0.281250 0.916016 0.281250 0.914062 0.279297 0.914062 0.275391 0.912109 0.273438 0.912109 0.269531 0.910156 0.267578 0.910156 0.265625 0.908203 0.265625 0.904297 0.261719 0.904297 0.259766 0.902344 0.257812 0.900391 0.257812 0.898438 0.255859 0.898438 0.250000 0.896484 0.248047 0.896484 0.246094 0.890625 0.246094 0.888672 0.244141 0.886719 0.244141 0.880859 0.238281
0 0.582031 0.169922 0.580078 0.171875 0.574219 0.171875 0.572266 0.173828 0.570312 0.171875 0.562500 0.171875 0.562500 0.177734 0.566406 0.181641 0.566406 0.185547 0.564453 0.187500 0.552734 0.187500 0.552734 0.189453 0.550781 0.191406 0.548828 0.191406 0.548828 0.193359 0.546875 0.195312 0.544922 0.193359 0.539062 0.193359 0.537109 0.195312 0.533203 0.191406 0.531250 0.191406 0.527344 0.195312 0.521484 0.195312 0.519531 0.193359 0.519531 0.191406 0.513672 0.185547 0.507812 0.185547 0.498047 0.175781 0.492188 0.175781 0.488281 0.171875 0.480469 0.171875 0.478516 0.173828 0.476562 0.173828 0.474609 0.175781 0.468750 0.175781 0.468750 0.179688 0.470703 0.181641 0.470703 0.183594 0.474609 0.187500 0.474609 0.189453 0.470703 0.193359 0.470703 0.195312 0.468750 0.197266 0.468750 0.199219 0.462891 0.205078 0.462891 0.210938 0.460938 0.212891 0.460938 0.216797 0.457031 0.220703 0.453125 0.220703 0.451172 0.218750 0.451172 0.210938 0.445312 0.210938 0.443359 0.212891 0.441406 0.212891 0.439453 0.214844 0.435547 0.214844 0.433594 0.212891 0.431641 0.214844 0.421875 0.214844 0.419922 0.212891 0.417969 0.212891 0.416016 0.210938 0.410156 0.210938 0.408203 0.212891 0.406250 0.212891 0.404297 0.214844 0.400391 0.214844 0.398438 0.216797 0.392578 0.216797 0.388672 0.220703 0.386719 0.220703 0.382812 0.224609 0.380859 0.224609 0.378906 0.226562 0.376953 0.226562 0.371094 0.232422 0.371094 0.234375 0.365234 0.240234 0.349609 0.240234 0.345703 0.244141 0.341797 0.244141 0.341797 0.246094 0.337891 0.250000 0.337891 0.251953 0.333984 0.255859 0.333984 0.257812 0.332031 0.259766 0.332031 0.263672 0.330078 0.265625 0.330078 0.269531 0.332031 0.271484 0.332031 0.277344 0.330078 0.279297 0.326172 0.279297 0.324219 0.281250 0.324219 0.294922 0.326172 0.296875 0.326172 0.306641 0.328125 0.308594 0.328125 0.310547 0.332031 0.314453 0.332031 0.316406 0.333984 0.318359 0.337891 0.318359 0.341797 0.322266 0.341797 0.324219 0.343750 0.326172 0.343750 0.330078 0.347656 0.333984 0.347656 0.337891 0.345703 0.339844 0.345703 0.341797 0.343750 0.343750 0.343750 0.345703 0.345703 0.347656 0.345703 0.349609 0.347656 0.351562 0.347656 0.355469 0.345703 0.357422 0.339844 0.357422 0.337891 0.359375 0.335938 0.359375 0.335938 0.371094 0.341797 0.376953 0.339844 0.378906 0.339844 0.384766 0.341797 0.386719 0.341797 0.392578 0.343750 0.394531 0.343750 0.396484 0.341797 0.398438 0.341797 0.402344 0.345703 0.406250 0.343750 0.408203 0.343750 0.410156 0.341797 0.412109 0.339844 0.412109 0.337891 0.410156 0.335938 0.410156 0.332031 0.406250 0.330078 0.406250 0.326172 0.402344 0.324219 0.404297 0.322266 0.404297 0.318359 0.400391 0.320312 0.398438 0.314453 0.392578 0.310547 0.392578 0.308594 0.390625 0.300781 0.390625 0.298828 0.388672 0.300781 0.386719 0.300781 0.384766 0.298828 0.382812 0.298828 0.380859 0.296875 0.382812 0.294922 0.380859 0.292969 0.380859 0.291016 0.382812 0.289062 0.382812 0.287109 0.384766 0.283203 0.384766 0.279297 0.388672 0.277344 0.388672 0.279297 0.390625 0.277344 0.392578 0.273438 0.392578 0.273438 0.394531 0.275391 0.396484 0.275391 0.400391 0.277344 0.402344 0.277344 0.408203 0.285156 0.408203 0.287109 0.410156 0.287109 0.412109 0.285156 0.414062 0.285156 0.416016 0.281250 0.419922 0.279297 0.417969 0.271484 0.417969 0.269531 0.419922 0.269531 0.423828 0.267578 0.425781 0.267578 0.427734 0.265625 0.429688 0.265625 0.433594 0.267578 0.435547 0.267578 0.437500 0.273438 0.443359 0.273438 0.445312 0.275391 0.447266 0.275391 0.451172 0.273438 0.453125 0.277344 0.457031 0.279297 0.457031 0.281250 0.455078 0.283203 0.455078 0.289062 0.460938 0.289062 0.462891 0.291016 0.464844 0.291016 0.466797 0.292969 0.468750 0.292969 0.474609 0.294922 0.476562 0.294922 0.484375 0.292969 0.486328 0.291016 0.486328 0.291016 0.490234 0.294922 0.494141 0.294922 0.496094 0.296875 0.498047 0.298828 0.496094 0.300781 0.498047 0.302734 0.496094 0.304688 0.496094 0.308594 0.492188 0.308594 0.490234 0.310547 0.488281 0.314453 0.492188 0.314453 0.494141 0.316406 0.496094 0.316406 0.501953 0.314453 0.503906 0.314453 0.511719 0.310547 0.515625 0.308594 0.513672 0.306641 0.513672 0.304688 0.511719 0.304688 0.509766 0.302734 0.509766 0.300781 0.511719 0.296875 0.511719 0.296875 0.517578 0.298828 0.519531 0.298828 0.521484 0.296875 0.523438 0.298828 0.525391 0.298828 0.527344 0.296875 0.529297 0.296875 0.531250 0.294922 0.533203 0.292969 0.531250 0.291016 0.531250 0.291016 0.533203 0.289062 0.535156 0.287109 0.535156 0.291016 0.539062 0.291016 0.541016 0.285156 0.546875 0.289062 0.550781 0.289062 0.558594 0.291016 0.558594 0.294922 0.562500 0.294922 0.564453 0.296875 0.566406 0.296875 0.570312 0.298828 0.570312 0.300781 0.572266 0.304688 0.572266 0.306641 0.574219 0.306641 0.580078 0.308594 0.580078 0.310547 0.582031 0.310547 0.585938 0.312500 0.587891 0.312500 0.589844 0.310547 0.591797 0.312500 0.593750 0.312500 0.595703 0.310547 0.597656 0.310547 0.601562 0.314453 0.601562 0.316406 0.603516 0.306641 0.613281 0.306641 0.619141 0.310547 0.619141 0.314453 0.615234 0.316406 0.615234 0.316406 0.613281 0.318359 0.611328 0.320312 0.611328 0.320312 0.609375 0.322266 0.607422 0.324219 0.607422 0.328125 0.603516 0.332031 0.603516 0.333984 0.605469 0.339844 0.605469 0.341797 0.607422 0.347656 0.607422 0.349609 0.609375 0.353516 0.609375 0.359375 0.603516 0.359375 0.601562 0.361328 0.599609 0.363281 0.599609 0.363281 0.597656 0.367188 0.593750 0.369141 0.593750 0.369141 0.589844 0.375000 0.583984 0.375000 0.580078 0.376953 0.578125 0.378906 0.578125 0.382812 0.574219 0.384766 0.576172 0.386719 0.576172 0.388672 0.574219 0.392578 0.574219 0.392578 0.572266 0.394531 0.570312 0.398438 0.570312 0.398438 0.568359 0.400391 0.566406 0.402344 0.568359 0.406250 0.568359 0.408203 0.570312 0.412109 0.570312 0.414062 0.572266 0.414062 0.576172 0.416016 0.578125 0.416016 0.582031 0.414062 0.583984 0.416016 0.585938 0.416016 0.589844 0.412109 0.593750 0.412109 0.595703 0.410156 0.597656 0.410156 0.599609 0.402344 0.607422 0.402344 0.609375 0.398438 0.613281 0.394531 0.613281 0.392578 0.611328 0.388672 0.615234 0.388672 0.621094 0.390625 0.623047 0.390625 0.625000 0.394531 0.628906 0.394531 0.630859 0.396484 0.632812 0.396484 0.634766 0.398438 0.636719 0.398438 0.638672 0.400391 0.638672 0.404297 0.642578 0.406250 0.642578 0.412109 0.648438 0.412109 0.650391 0.410156 0.652344 0.410156 0.654297 0.412109 0.656250 0.412109 0.660156 0.410156 0.662109 0.408203 0.662109 0.408203 0.664062 0.406250 0.666016 0.406250 0.677734 0.408203 0.679688 0.408203 0.681641 0.412109 0.685547 0.412109 0.687500 0.414062 0.687500 0.416016 0.689453 0.416016 0.695312 0.417969 0.697266 0.417969 0.701172 0.419922 0.703125 0.419922 0.708984 0.425781 0.708984 0.427734 0.710938 0.433594 0.710938 0.435547 0.708984 0.443359 0.708984 0.445312 0.707031 0.445312 0.705078 0.443359 0.703125 0.443359 0.699219 0.445312 0.697266 0.447266 0.697266 0.451172 0.693359 0.455078 0.693359 0.457031 0.695312 0.458984 0.695312 0.460938 0.697266 0.460938 0.699219 0.462891 0.699219 0.464844 0.701172 0.474609 0.701172 0.478516 0.697266 0.478516 0.695312 0.480469 0.693359 0.480469 0.691406 0.484375 0.687500 0.486328 0.689453 0.486328 0.691406 0.488281 0.691406 0.488281 0.687500 0.490234 0.685547 0.490234 0.677734 0.494141 0.673828 0.492188 0.671875 0.496094 0.667969 0.498047 0.667969 0.500000 0.666016 0.501953 0.666016 0.505859 0.662109 0.507812 0.664062 0.513672 0.658203 0.525391 0.658203 0.527344 0.656250 0.527344 0.652344 0.529297 0.650391 0.531250 0.652344 0.533203 0.652344 0.535156 0.650391 0.535156 0.644531 0.539062 0.640625 0.539062 0.638672 0.537109 0.636719 0.539062 0.634766 0.539062 0.632812 0.537109 0.630859 0.537109 0.628906 0.539062 0.626953 0.535156 0.623047 0.535156 0.621094 0.531250 0.617188 0.529297 0.619141 0.525391 0.619141 0.523438 0.617188 0.523438 0.615234 0.531250 0.607422 0.537109 0.607422 0.537109 0.605469 0.539062 0.603516 0.542969 0.603516 0.544922 0.601562 0.544922 0.599609 0.546875 0.597656 0.546875 0.595703 0.550781 0.591797 0.550781 0.589844 0.552734 0.587891 0.554688 0.587891 0.554688 0.583984 0.558594 0.580078 0.558594 0.578125 0.556641 0.578125 0.554688 0.576172 0.554688 0.574219 0.550781 0.570312 0.548828 0.570312 0.546875 0.568359 0.546875 0.562500 0.541016 0.562500 0.539062 0.560547 0.539062 0.558594 0.535156 0.554688 0.533203 0.554688 0.531250 0.552734 0.529297 0.552734 0.521484 0.544922 0.519531 0.544922 0.517578 0.542969 0.517578 0.541016 0.515625 0.539062 0.507812 0.539062 0.505859 0.537109 0.503906 0.537109 0.498047 0.531250 0.494141 0.531250 0.492188 0.529297 0.492188 0.527344 0.490234 0.529297 0.486328 0.529297 0.484375 0.527344 0.480469 0.527344 0.478516 0.529297 0.472656 0.529297 0.468750 0.533203 0.466797 0.533203 0.462891 0.537109 0.458984 0.537109 0.457031 0.539062 0.443359 0.539062 0.441406 0.537109 0.437500 0.537109 0.435547 0.535156 0.431641 0.535156 0.429688 0.533203 0.429688 0.527344 0.427734 0.525391 0.427734 0.523438 0.417969 0.523438 0.416016 0.525391 0.412109 0.525391 0.410156 0.523438 0.406250 0.523438 0.406250 0.525391 0.408203 0.527344 0.408203 0.529297 0.412109 0.533203 0.412109 0.535156 0.414062 0.537109 0.412109 0.539062 0.408203 0.539062 0.406250 0.541016 0.402344 0.541016 0.400391 0.539062 0.398438 0.539062 0.396484 0.537109 0.396484 0.535156 0.398438 0.533203 0.398438 0.519531 0.396484 0.517578 0.400391 0.513672 0.400391 0.507812 0.402344 0.505859 0.402344 0.503906 0.404297 0.501953 0.404297 0.500000 0.406250 0.498047 0.406250 0.494141 0.404297 0.492188 0.404297 0.486328 0.406250 0.484375 0.406250 0.482422 0.404297 0.482422 0.402344 0.480469 0.402344 0.478516 0.400391 0.476562 0.400391 0.470703 0.406250 0.464844 0.404297 0.462891 0.396484 0.462891 0.394531 0.460938 0.392578 0.462891 0.384766 0.462891 0.382812 0.460938 0.382812 0.457031 0.384766 0.455078 0.382812 0.453125 0.386719 0.449219 0.386719 0.441406 0.388672 0.439453 0.390625 0.439453 0.392578 0.441406 0.390625 0.443359 0.396484 0.443359 0.398438 0.445312 0.406250 0.445312 0.408203 0.443359 0.410156 0.443359 0.410156 0.441406 0.412109 0.439453 0.416016 0.439453 0.417969 0.441406 0.419922 0.441406 0.425781 0.447266 0.435547 0.447266 0.437500 0.449219 0.437500 0.451172 0.439453 0.453125 0.439453 0.458984 0.443359 0.462891 0.443359 0.468750 0.445312 0.470703 0.445312 0.472656 0.449219 0.476562 0.451172 0.476562 0.453125 0.478516 0.462891 0.478516 0.462891 0.476562 0.464844 0.474609 0.466797 0.474609 0.466797 0.466797 0.464844 0.466797 0.462891 0.464844 0.462891 0.453125 0.460938 0.451172 0.458984 0.451172 0.457031 0.449219 0.458984 0.447266 0.458984 0.445312 0.466797 0.437500 0.470703 0.441406 0.472656 0.441406 0.478516 0.447266 0.486328 0.447266 0.488281 0.445312 0.490234 0.445312 0.494141 0.441406 0.498047 0.441406 0.500000 0.439453 0.501953 0.439453 0.503906 0.437500 0.505859 0.437500 0.509766 0.433594 0.511719 0.433594 0.517578 0.427734 0.517578 0.425781 0.519531 0.423828 0.523438 0.423828 0.527344 0.419922 0.525391 0.417969 0.525391 0.414062 0.527344 0.412109 0.529297 0.412109 0.527344 0.410156 0.527344 0.408203 0.529297 0.406250 0.529297 0.404297 0.531250 0.402344 0.537109 0.402344 0.539062 0.404297 0.541016 0.404297 0.542969 0.406250 0.546875 0.406250 0.550781 0.410156 0.550781 0.416016 0.544922 0.421875 0.544922 0.425781 0.539062 0.431641 0.539062 0.435547 0.542969 0.435547 0.544922 0.433594 0.546875 0.433594 0.548828 0.431641 0.556641 0.431641 0.558594 0.429688 0.558594 0.423828 0.562500 0.419922 0.564453 0.419922 0.566406 0.417969 0.568359 0.417969 0.570312 0.416016 0.576172 0.416016 0.576172 0.414062 0.578125 0.412109 0.582031 0.412109 0.582031 0.408203 0.583984 0.406250 0.587891 0.406250 0.589844 0.408203 0.591797 0.408203 0.597656 0.414062 0.601562 0.414062 0.603516 0.412109 0.609375 0.412109 0.611328 0.414062 0.619141 0.414062 0.621094 0.416016 0.621094 0.417969 0.623047 0.419922 0.628906 0.419922 0.630859 0.417969 0.634766 0.417969 0.636719 0.419922 0.638672 0.419922 0.640625 0.421875 0.646484 0.421875 0.648438 0.423828 0.654297 0.423828 0.654297 0.417969 0.658203 0.414062 0.658203 0.408203 0.664062 0.402344 0.666016 0.402344 0.667969 0.400391 0.667969 0.396484 0.669922 0.394531 0.669922 0.388672 0.673828 0.384766 0.673828 0.382812 0.675781 0.380859 0.677734 0.380859 0.679688 0.378906 0.681641 0.378906 0.681641 0.376953 0.685547 0.373047 0.687500 0.373047 0.689453 0.371094 0.693359 0.371094 0.695312 0.369141 0.697266 0.369141 0.699219 0.371094 0.701172 0.371094 0.703125 0.369141 0.703125 0.367188 0.705078 0.365234 0.705078 0.363281 0.707031 0.361328 0.707031 0.357422 0.705078 0.355469 0.707031 0.353516 0.705078 0.353516 0.703125 0.351562 0.701172 0.351562 0.699219 0.349609 0.699219 0.347656 0.693359 0.347656 0.691406 0.345703 0.689453 0.347656 0.685547 0.343750 0.681641 0.343750 0.679688 0.341797 0.679688 0.339844 0.677734 0.339844 0.675781 0.337891 0.673828 0.337891 0.669922 0.333984 0.669922 0.332031 0.667969 0.330078 0.667969 0.328125 0.662109 0.328125 0.660156 0.330078 0.660156 0.332031 0.658203 0.333984 0.656250 0.333984 0.652344 0.337891 0.650391 0.337891 0.650391 0.339844 0.646484 0.343750 0.644531 0.343750 0.638672 0.349609 0.632812 0.343750 0.630859 0.343750 0.623047 0.335938 0.617188 0.335938 0.613281 0.339844 0.613281 0.341797 0.609375 0.345703 0.607422 0.345703 0.605469 0.347656 0.603516 0.347656 0.603516 0.349609 0.601562 0.351562 0.599609 0.351562 0.595703 0.355469 0.595703 0.357422 0.593750 0.359375 0.591797 0.359375 0.591797 0.369141 0.587891 0.373047 0.585938 0.373047 0.583984 0.375000 0.583984 0.376953 0.580078 0.380859 0.578125 0.380859 0.576172 0.382812 0.574219 0.382812 0.572266 0.384766 0.570312 0.384766 0.558594 0.396484 0.552734 0.396484 0.550781 0.394531 0.550781 0.390625 0.546875 0.386719 0.546875 0.378906 0.544922 0.376953 0.546875 0.375000 0.546875 0.367188 0.544922 0.367188 0.541016 0.363281 0.537109 0.363281 0.533203 0.367188 0.529297 0.367188 0.527344 0.365234 0.527344 0.353516 0.525391 0.351562 0.525391 0.345703 0.527344 0.343750 0.529297 0.343750 0.531250 0.341797 0.531250 0.339844 0.535156 0.335938 0.541016 0.335938 0.544922 0.332031 0.548828 0.332031 0.550781 0.330078 0.550781 0.326172 0.554688 0.322266 0.556641 0.322266 0.566406 0.312500 0.568359 0.312500 0.568359 0.310547 0.570312 0.308594 0.572266 0.308594 0.572266 0.304688 0.576172 0.300781 0.576172 0.296875 0.574219 0.296875 0.572266 0.294922 0.572266 0.287109 0.574219 0.285156 0.574219 0.281250 0.576172 0.279297 0.576172 0.277344 0.583984 0.269531 0.583984 0.267578 0.591797 0.259766 0.593750 0.259766 0.593750 0.257812 0.597656 0.253906 0.597656 0.248047 0.599609 0.246094 0.599609 0.242188 0.605469 0.236328 0.609375 0.236328 0.613281 0.232422 0.615234 0.234375 0.615234 0.236328 0.621094 0.236328 0.626953 0.230469 0.628906 0.232422 0.636719 0.232422 0.640625 0.228516 0.640625 0.222656 0.642578 0.220703 0.644531 0.220703 0.644531 0.218750 0.640625 0.214844 0.640625 0.201172 0.638672 0.201172 0.636719 0.199219 0.626953 0.199219 0.625000 0.197266 0.623047 0.197266 0.621094 0.199219 0.619141 0.199219 0.615234 0.195312 0.615234 0.187500 0.613281 0.185547 0.603516 0.185547 0.601562 0.187500 0.595703 0.187500 0.593750 0.185547 0.593750 0.181641 0.591797 0.179688 0.591797 0.169922
0 0.601562 0.166016 0.601562 0.169922 0.607422 0.175781 0.611328 0.175781 0.611328 0.169922 0.607422 0.166016
0 0.199219 0.095703 0.195312 0.099609 0.195312 0.103516 0.197266 0.103516 0.203125 0.109375 0.205078 0.107422 0.207031 0.107422 0.207031 0.105469 0.208984 0.103516 0.208984 0.097656 0.207031 0.095703
0 0.244141 0.087891 0.242188 0.089844 0.242188 0.093750 0.248047 0.093750 0.250000 0.091797 0.250000 0.087891
0 0.916016 0.025391 0.912109 0.029297 0.912109 0.033203 0.900391 0.044922 0.900391 0.046875 0.894531 0.052734 0.892578 0.052734 0.892578 0.066406 0.896484 0.066406 0.900391 0.070312 0.900391 0.076172 0.902344 0.078125 0.910156 0.078125 0.912109 0.076172 0.912109 0.074219 0.914062 0.072266 0.914062 0.070312 0.917969 0.066406 0.917969 0.054688 0.916016 0.052734 0.916016 0.044922 0.919922 0.041016 0.919922 0.039062 0.921875 0.037109 0.921875 0.029297 0.919922 0.027344 0.917969 0.027344
0 0.945312 0.000000 0.947266 0.001953 0.947266 0.003906 0.951172 0.007812 0.951172 0.011719 0.953125 0.011719 0.955078 0.013672 0.955078 0.015625 0.947266 0.023438 0.947266 0.031250 0.949219 0.031250 0.951172 0.033203 0.953125 0.033203 0.955078 0.035156 0.960938 0.035156 0.962891 0.033203 0.964844 0.035156 0.964844 0.037109 0.966797 0.037109 0.970703 0.033203 0.972656 0.033203 0.974609 0.031250 0.978516 0.031250 0.980469 0.033203 0.984375 0.033203 0.986328 0.031250 0.986328 0.029297 0.988281 0.027344 0.990234 0.029297 0.992188 0.027344 0.992188 0.000000
0 0.628906 0.000000 0.628906 0.003906 0.625000 0.007812 0.623047 0.007812 0.621094 0.009766 0.617188 0.005859 0.615234 0.007812 0.613281 0.007812 0.611328 0.009766 0.611328 0.013672 0.613281 0.013672 0.615234 0.015625 0.615234 0.017578 0.617188 0.019531 0.617188 0.021484 0.619141 0.023438 0.619141 0.029297 0.621094 0.031250 0.621094 0.033203 0.623047 0.033203 0.626953 0.037109 0.626953 0.039062 0.628906 0.039062 0.630859 0.041016 0.632812 0.039062 0.640625 0.039062 0.642578 0.037109 0.644531 0.037109 0.646484 0.039062 0.650391 0.039062 0.654297 0.035156 0.654297 0.033203 0.652344 0.031250 0.652344 0.029297 0.654297 0.027344 0.654297 0.025391 0.656250 0.023438 0.658203 0.025391 0.662109 0.021484 0.660156 0.019531 0.660156 0.015625 0.662109 0.013672 0.664062 0.013672 0.667969 0.017578 0.667969 0.019531 0.671875 0.023438 0.671875 0.031250 0.673828 0.033203 0.673828 0.035156 0.677734 0.039062 0.681641 0.039062 0.683594 0.037109 0.685547 0.039062 0.687500 0.039062 0.689453 0.041016 0.689453 0.054688 0.691406 0.056641 0.691406 0.058594 0.693359 0.060547 0.695312 0.060547 0.701172 0.066406 0.701172 0.068359 0.703125 0.068359 0.705078 0.070312 0.707031 0.070312 0.708984 0.068359 0.712891 0.068359 0.714844 0.070312 0.714844 0.072266 0.718750 0.076172 0.720703 0.076172 0.722656 0.074219 0.722656 0.072266 0.724609 0.070312 0.730469 0.070312 0.734375 0.074219 0.734375 0.078125 0.730469 0.082031 0.726562 0.082031 0.724609 0.080078 0.724609 0.078125 0.722656 0.080078 0.722656 0.085938 0.724609 0.087891 0.724609 0.095703 0.722656 0.097656 0.720703 0.095703 0.716797 0.095703 0.712891 0.099609 0.710938 0.099609 0.710938 0.101562 0.712891 0.101562 0.716797 0.105469 0.716797 0.107422 0.718750 0.109375 0.716797 0.111328 0.718750 0.113281 0.718750 0.115234 0.722656 0.119141 0.720703 0.121094 0.720703 0.123047 0.722656 0.125000 0.722656 0.128906 0.726562 0.132812 0.726562 0.134766 0.730469 0.134766 0.738281 0.142578 0.736328 0.144531 0.736328 0.150391 0.738281 0.152344 0.738281 0.156250 0.734375 0.160156 0.734375 0.166016 0.736328 0.167969 0.736328 0.171875 0.734375 0.173828 0.736328 0.175781 0.736328 0.177734 0.738281 0.177734 0.740234 0.179688 0.740234 0.181641 0.750000 0.191406 0.751953 0.191406 0.753906 0.193359 0.753906 0.197266 0.755859 0.199219 0.753906 0.201172 0.759766 0.207031 0.761719 0.205078 0.765625 0.205078 0.767578 0.207031 0.767578 0.208984 0.771484 0.212891 0.775391 0.212891 0.781250 0.218750 0.779297 0.220703 0.781250 0.222656 0.783203 0.222656 0.785156 0.220703 0.787109 0.220703 0.791016 0.216797 0.792969 0.218750 0.794922 0.218750 0.798828 0.222656 0.800781 0.220703 0.804688 0.220703 0.806641 0.222656 0.806641 0.226562 0.808594 0.228516 0.810547 0.228516 0.812500 0.230469 0.814453 0.230469 0.816406 0.232422 0.816406 0.234375 0.818359 0.236328 0.818359 0.238281 0.814453 0.242188 0.810547 0.242188 0.808594 0.244141 0.806641 0.244141 0.806641 0.255859 0.808594 0.257812 0.808594 0.259766 0.814453 0.265625 0.814453 0.273438 0.816406 0.275391 0.820312 0.275391 0.822266 0.273438 0.824219 0.273438 0.824219 0.271484 0.828125 0.267578 0.833984 0.267578 0.835938 0.265625 0.835938 0.248047 0.833984 0.246094 0.830078 0.246094 0.828125 0.244141 0.828125 0.240234 0.826172 0.240234 0.824219 0.238281 0.824219 0.232422 0.820312 0.228516 0.820312 0.226562 0.818359 0.224609 0.818359 0.218750 0.820312 0.216797 0.826172 0.216797 0.835938 0.226562 0.835938 0.236328 0.837891 0.238281 0.841797 0.238281 0.841797 0.234375 0.843750 0.232422 0.845703 0.232422 0.847656 0.230469 0.847656 0.228516 0.849609 0.226562 0.849609 0.220703 0.847656 0.220703 0.841797 0.214844 0.841797 0.212891 0.839844 0.210938 0.839844 0.208984 0.835938 0.205078 0.837891 0.203125 0.837891 0.201172 0.839844 0.199219 0.839844 0.197266 0.841797 0.195312 0.841797 0.189453 0.839844 0.187500 0.839844 0.181641 0.837891 0.179688 0.833984 0.179688 0.832031 0.177734 0.832031 0.175781 0.833984 0.173828 0.835938 0.173828 0.832031 0.173828 0.830078 0.171875 0.830078 0.169922 0.828125 0.167969 0.826172 0.167969 0.824219 0.166016 0.820312 0.166016 0.818359 0.164062 0.816406 0.164062 0.812500 0.160156 0.812500 0.156250 0.814453 0.154297 0.820312 0.154297 0.824219 0.158203 0.828125 0.158203 0.832031 0.162109 0.835938 0.162109 0.837891 0.164062 0.841797 0.164062 0.843750 0.162109 0.843750 0.160156 0.845703 0.158203 0.845703 0.156250 0.851562 0.150391 0.851562 0.142578 0.845703 0.142578 0.843750 0.144531 0.839844 0.140625 0.837891 0.140625 0.832031 0.134766 0.837891 0.128906 0.839844 0.128906 0.841797 0.126953 0.845703 0.126953 0.847656 0.125000 0.851562 0.125000 0.857422 0.119141 0.861328 0.119141 0.867188 0.113281 0.869141 0.113281 0.869141 0.109375 0.871094 0.107422 0.875000 0.107422 0.875000 0.103516 0.876953 0.101562 0.878906 0.103516 0.880859 0.103516 0.884766 0.099609 0.886719 0.099609 0.886719 0.095703 0.888672 0.093750 0.886719 0.091797 0.886719 0.087891 0.884766 0.085938 0.882812 0.085938 0.878906 0.082031 0.878906 0.078125 0.876953 0.076172 0.876953 0.074219 0.878906 0.072266 0.878906 0.070312 0.876953 0.068359 0.876953 0.064453 0.880859 0.060547 0.880859 0.056641 0.876953 0.052734 0.878906 0.050781 0.878906 0.046875 0.880859 0.044922 0.880859 0.039062 0.884766 0.035156 0.886719 0.035156 0.890625 0.031250 0.890625 0.025391 0.888672 0.025391 0.884766 0.021484 0.884766 0.019531 0.882812 0.017578 0.880859 0.017578 0.876953 0.013672 0.873047 0.017578 0.871094 0.017578 0.869141 0.015625 0.869141 0.013672 0.867188 0.013672 0.865234 0.011719 0.865234 0.007812 0.867188 0.005859 0.871094 0.005859 0.871094 0.003906 0.869141 0.001953 0.869141 0.000000
0 0.554688 0.000000 0.554688 0.001953 0.550781 0.005859 0.542969 0.005859 0.541016 0.007812 0.541016 0.009766 0.542969 0.009766 0.544922 0.011719 0.544922 0.017578 0.542969 0.019531 0.546875 0.023438 0.548828 0.023438 0.550781 0.025391 0.550781 0.027344 0.548828 0.029297 0.546875 0.029297 0.544922 0.031250 0.548828 0.035156 0.546875 0.037109 0.546875 0.039062 0.544922 0.041016 0.544922 0.042969 0.542969 0.044922 0.542969 0.046875 0.541016 0.048828 0.541016 0.050781 0.539062 0.052734 0.537109 0.052734 0.535156 0.050781 0.535156 0.048828 0.533203 0.048828 0.531250 0.050781 0.531250 0.052734 0.529297 0.054688 0.529297 0.056641 0.527344 0.058594 0.527344 0.060547 0.529297 0.062500 0.529297 0.068359 0.525391 0.072266 0.525391 0.078125 0.523438 0.080078 0.523438 0.082031 0.521484 0.083984 0.521484 0.087891 0.523438 0.089844 0.521484 0.091797 0.519531 0.091797 0.517578 0.093750 0.517578 0.095703 0.515625 0.097656 0.513672 0.095703 0.511719 0.097656 0.509766 0.097656 0.507812 0.099609 0.509766 0.101562 0.509766 0.103516 0.511719 0.103516 0.513672 0.105469 0.515625 0.103516 0.519531 0.103516 0.523438 0.107422 0.531250 0.107422 0.533203 0.105469 0.537109 0.105469 0.539062 0.103516 0.539062 0.099609 0.541016 0.097656 0.541016 0.091797 0.542969 0.089844 0.542969 0.085938 0.544922 0.083984 0.544922 0.082031 0.546875 0.080078 0.548828 0.080078 0.550781 0.078125 0.552734 0.078125 0.554688 0.076172 0.556641 0.076172 0.558594 0.078125 0.558594 0.080078 0.554688 0.083984 0.552734 0.083984 0.550781 0.085938 0.550781 0.089844 0.548828 0.091797 0.548828 0.097656 0.546875 0.099609 0.544922 0.099609 0.544922 0.103516 0.546875 0.105469 0.546875 0.107422 0.548828 0.109375 0.548828 0.111328 0.550781 0.113281 0.550781 0.115234 0.552734 0.117188 0.554688 0.115234 0.556641 0.115234 0.558594 0.117188 0.564453 0.117188 0.566406 0.115234 0.576172 0.115234 0.580078 0.119141 0.582031 0.117188 0.585938 0.117188 0.585938 0.115234 0.587891 0.113281 0.589844 0.113281 0.589844 0.109375 0.591797 0.107422 0.591797 0.097656 0.593750 0.095703 0.595703 0.097656 0.595703 0.093750 0.597656 0.091797 0.601562 0.091797 0.603516 0.089844 0.605469 0.089844 0.607422 0.087891 0.609375 0.087891 0.609375 0.083984 0.601562 0.083984 0.599609 0.082031 0.595703 0.082031 0.593750 0.080078 0.593750 0.078125 0.591797 0.076172 0.591797 0.074219 0.589844 0.072266 0.589844 0.070312 0.587891 0.068359 0.587891 0.064453 0.589844 0.062500 0.593750 0.062500 0.595703 0.064453 0.597656 0.064453 0.599609 0.066406 0.599609 0.068359 0.601562 0.070312 0.603516 0.068359 0.609375 0.068359 0.607422 0.066406 0.607422 0.064453 0.605469 0.062500 0.607422 0.060547 0.609375 0.060547 0.611328 0.062500 0.623047 0.062500 0.625000 0.060547 0.625000 0.052734 0.621094 0.048828 0.621094 0.044922 0.619141 0.044922 0.617188 0.046875 0.613281 0.046875 0.611328 0.044922 0.611328 0.042969 0.607422 0.039062 0.603516 0.039062 0.599609 0.035156 0.599609 0.033203 0.597656 0.031250 0.603516 0.025391 0.603516 0.019531 0.599609 0.019531 0.597656 0.017578 0.595703 0.017578 0.589844 0.011719 0.589844 0.005859 0.587891 0.005859 0.585938 0.003906 0.583984 0.003906 0.582031 0.001953 0.556641 0.001953
0 0.488281 0.000000 0.484375 0.003906 0.484375 0.005859 0.482422 0.007812 0.482422 0.009766 0.480469 0.011719 0.478516 0.011719 0.474609 0.015625 0.474609 0.017578 0.476562 0.017578 0.482422 0.023438 0.482422 0.029297 0.484375 0.029297 0.486328 0.031250 0.482422 0.035156 0.480469 0.035156 0.478516 0.037109 0.482422 0.041016 0.482422 0.042969 0.484375 0.044922 0.486328 0.044922 0.488281 0.046875 0.490234 0.046875 0.492188 0.048828 0.494141 0.048828 0.496094 0.050781 0.496094 0.052734 0.500000 0.052734 0.501953 0.050781 0.503906 0.050781 0.503906 0.044922 0.500000 0.041016 0.501953 0.039062 0.501953 0.033203 0.500000 0.031250 0.500000 0.023438 0.501953 0.021484 0.503906 0.021484 0.503906 0.017578 0.501953 0.015625 0.501953 0.011719 0.503906 0.009766 0.503906 0.003906 0.505859 0.001953 0.509766 0.001953 0.509766 0.000000
0 0.382812 0.000000 0.382812 0.001953 0.380859 0.003906 0.382812 0.003906 0.386719 0.007812 0.392578 0.007812 0.394531 0.009766 0.396484 0.009766 0.400391 0.013672 0.400391 0.015625 0.402344 0.013672 0.404297 0.013672 0.410156 0.007812 0.410156 0.003906 0.412109 0.001953 0.416016 0.001953 0.416016 0.000000
0 0.203125 0.000000 0.205078 0.001953 0.205078 0.003906 0.207031 0.005859 0.207031 0.007812 0.208984 0.009766 0.216797 0.009766 0.218750 0.011719 0.226562 0.011719 0.228516 0.013672 0.228516 0.015625 0.230469 0.017578 0.230469 0.021484 0.232422 0.023438 0.232422 0.031250 0.230469 0.033203 0.230469 0.039062 0.228516 0.041016 0.226562 0.041016 0.224609 0.042969 0.222656 0.042969 0.222656 0.054688 0.224609 0.054688 0.226562 0.056641 0.228516 0.056641 0.230469 0.058594 0.232422 0.058594 0.234375 0.060547 0.236328 0.060547 0.246094 0.050781 0.251953 0.056641 0.253906 0.056641 0.255859 0.058594 0.255859 0.060547 0.259766 0.064453 0.257812 0.066406 0.257812 0.068359 0.259766 0.068359 0.261719 0.070312 0.261719 0.074219 0.259766 0.076172 0.259766 0.080078 0.257812 0.082031 0.257812 0.087891 0.259766 0.089844 0.259766 0.091797 0.265625 0.091797 0.265625 0.089844 0.267578 0.087891 0.269531 0.087891 0.269531 0.085938 0.271484 0.083984 0.273438 0.083984 0.275391 0.082031 0.281250 0.082031 0.283203 0.083984 0.283203 0.085938 0.285156 0.087891 0.285156 0.091797 0.287109 0.093750 0.287109 0.099609 0.285156 0.101562 0.285156 0.103516 0.283203 0.105469 0.283203 0.107422 0.281250 0.109375 0.277344 0.109375 0.277344 0.121094 0.279297 0.123047 0.279297 0.125000 0.277344 0.126953 0.277344 0.130859 0.279297 0.132812 0.279297 0.136719 0.281250 0.138672 0.281250 0.142578 0.287109 0.148438 0.287109 0.150391 0.275391 0.162109 0.275391 0.164062 0.273438 0.166016 0.273438 0.171875 0.271484 0.173828 0.263672 0.173828 0.261719 0.175781 0.259766 0.175781 0.259766 0.181641 0.257812 0.183594 0.253906 0.179688 0.253906 0.181641 0.251953 0.183594 0.248047 0.183594 0.246094 0.181641 0.244141 0.181641 0.238281 0.175781 0.238281 0.173828 0.236328 0.171875 0.238281 0.169922 0.232422 0.164062 0.230469 0.164062 0.228516 0.166016 0.226562 0.166016 0.222656 0.169922 0.220703 0.167969 0.220703 0.169922 0.218750 0.171875 0.220703 0.173828 0.216797 0.177734 0.218750 0.179688 0.218750 0.191406 0.220703 0.189453 0.224609 0.189453 0.226562 0.191406 0.226562 0.197266 0.224609 0.199219 0.224609 0.201172 0.226562 0.203125 0.222656 0.207031 0.222656 0.208984 0.224609 0.210938 0.224609 0.212891 0.228516 0.216797 0.228516 0.224609 0.232422 0.228516 0.240234 0.228516 0.242188 0.226562 0.244141 0.228516 0.246094 0.226562 0.250000 0.226562 0.251953 0.228516 0.253906 0.228516 0.255859 0.230469 0.255859 0.232422 0.259766 0.236328 0.259766 0.238281 0.261719 0.240234 0.265625 0.240234 0.267578 0.238281 0.269531 0.240234 0.269531 0.244141 0.271484 0.246094 0.271484 0.248047 0.273438 0.250000 0.273438 0.253906 0.275391 0.253906 0.279297 0.257812 0.277344 0.259766 0.275391 0.259766 0.273438 0.257812 0.271484 0.257812 0.275391 0.261719 0.277344 0.261719 0.279297 0.263672 0.279297 0.265625 0.285156 0.265625 0.289062 0.269531 0.289062 0.271484 0.292969 0.271484 0.294922 0.269531 0.296875 0.269531 0.298828 0.267578 0.298828 0.265625 0.302734 0.261719 0.310547 0.261719 0.312500 0.259766 0.312500 0.255859 0.316406 0.251953 0.318359 0.251953 0.322266 0.248047 0.324219 0.248047 0.328125 0.244141 0.330078 0.244141 0.333984 0.240234 0.333984 0.238281 0.332031 0.236328 0.339844 0.228516 0.341797 0.228516 0.343750 0.230469 0.353516 0.230469 0.357422 0.226562 0.357422 0.218750 0.359375 0.216797 0.359375 0.214844 0.361328 0.212891 0.363281 0.212891 0.363281 0.207031 0.367188 0.203125 0.369141 0.203125 0.375000 0.197266 0.375000 0.187500 0.371094 0.183594 0.371094 0.179688 0.369141 0.177734 0.369141 0.160156 0.371094 0.158203 0.371094 0.154297 0.369141 0.152344 0.367188 0.152344 0.363281 0.148438 0.363281 0.146484 0.359375 0.142578 0.355469 0.142578 0.351562 0.138672 0.349609 0.138672 0.347656 0.136719 0.347656 0.134766 0.345703 0.134766 0.343750 0.132812 0.343750 0.128906 0.341797 0.126953 0.345703 0.123047 0.349609 0.123047 0.351562 0.121094 0.351562 0.111328 0.355469 0.107422 0.355469 0.105469 0.357422 0.103516 0.361328 0.103516 0.361328 0.091797 0.363281 0.089844 0.363281 0.083984 0.367188 0.080078 0.376953 0.080078 0.378906 0.078125 0.384766 0.078125 0.390625 0.072266 0.392578 0.072266 0.392578 0.070312 0.390625 0.068359 0.390625 0.062500 0.392578 0.060547 0.392578 0.058594 0.390625 0.056641 0.390625 0.054688 0.386719 0.054688 0.384766 0.056641 0.378906 0.056641 0.376953 0.054688 0.375000 0.054688 0.373047 0.052734 0.369141 0.052734 0.367188 0.050781 0.365234 0.052734 0.363281 0.052734 0.363281 0.054688 0.359375 0.058594 0.357422 0.058594 0.351562 0.064453 0.349609 0.064453 0.347656 0.066406 0.341797 0.060547 0.347656 0.054688 0.347656 0.048828 0.345703 0.046875 0.343750 0.046875 0.341797 0.044922 0.341797 0.042969 0.337891 0.042969 0.332031 0.048828 0.330078 0.046875 0.318359 0.046875 0.314453 0.042969 0.312500 0.042969 0.308594 0.039062 0.302734 0.039062 0.300781 0.037109 0.298828 0.037109 0.296875 0.035156 0.291016 0.035156 0.289062 0.033203 0.283203 0.033203 0.281250 0.035156 0.279297 0.035156 0.277344 0.033203 0.275391 0.033203 0.273438 0.031250 0.271484 0.031250 0.269531 0.029297 0.261719 0.029297 0.257812 0.025391 0.257812 0.019531 0.250000 0.011719 0.248047 0.011719 0.246094 0.009766 0.244141 0.009766 0.242188 0.007812 0.242188 0.000000
0 0.031250 0.000000 0.025391 0.005859 0.025391 0.009766 0.023438 0.011719 0.023438 0.013672 0.021484 0.015625 0.021484 0.017578 0.017578 0.021484 0.015625 0.021484 0.011719 0.025391 0.009766 0.025391 0.009766 0.027344 0.011719 0.029297 0.011719 0.031250 0.013672 0.033203 0.015625 0.033203 0.019531 0.037109 0.019531 0.041016 0.015625 0.044922 0.013672 0.044922 0.011719 0.046875 0.005859 0.046875 0.001953 0.050781 0.001953 0.052734 0.000000 0.054688 0.000000 0.136719 0.001953 0.136719 0.003906 0.138672 0.003906 0.142578 0.000000 0.146484 0.000000 0.158203 0.001953 0.160156 0.001953 0.162109 0.000000 0.164062 0.000000 0.171875 0.001953 0.171875 0.001953 0.169922 0.003906 0.167969 0.005859 0.167969 0.009766 0.164062 0.013672 0.164062 0.015625 0.162109 0.017578 0.164062 0.017578 0.166016 0.015625 0.167969 0.015625 0.171875 0.009766 0.177734 0.007812 0.177734 0.011719 0.181641 0.011719 0.183594 0.007812 0.187500 0.009766 0.187500 0.011719 0.189453 0.011719 0.191406 0.013672 0.193359 0.013672 0.201172 0.011719 0.203125 0.011719 0.205078 0.007812 0.208984 0.007812 0.218750 0.005859 0.220703 0.001953 0.220703 0.000000 0.222656 0.000000 0.234375 0.001953 0.236328 0.003906 0.236328 0.005859 0.238281 0.015625 0.238281 0.017578 0.236328 0.019531 0.236328 0.023438 0.240234 0.019531 0.244141 0.019531 0.246094 0.017578 0.248047 0.019531 0.250000 0.025391 0.250000 0.027344 0.251953 0.027344 0.259766 0.029297 0.261719 0.029297 0.265625 0.031250 0.263672 0.044922 0.263672 0.046875 0.265625 0.052734 0.265625 0.054688 0.267578 0.050781 0.271484 0.050781 0.275391 0.044922 0.281250 0.042969 0.279297 0.042969 0.281250 0.041016 0.283203 0.041016 0.287109 0.039062 0.289062 0.037109 0.289062 0.035156 0.287109 0.035156 0.285156 0.035156 0.289062 0.033203 0.291016 0.033203 0.296875 0.031250 0.298828 0.029297 0.298828 0.029297 0.300781 0.027344 0.302734 0.025391 0.302734 0.027344 0.302734 0.031250 0.306641 0.031250 0.312500 0.029297 0.314453 0.027344 0.314453 0.025391 0.312500 0.021484 0.312500 0.019531 0.314453 0.017578 0.314453 0.015625 0.316406 0.015625 0.328125 0.013672 0.330078 0.007812 0.330078 0.003906 0.333984 0.000000 0.333984 0.000000 0.619141 0.001953 0.621094 0.001953 0.626953 0.003906 0.626953 0.005859 0.628906 0.005859 0.632812 0.007812 0.634766 0.007812 0.636719 0.011719 0.640625 0.011719 0.642578 0.013672 0.644531 0.023438 0.644531 0.023438 0.642578 0.025391 0.640625 0.027344 0.642578 0.029297 0.642578 0.029297 0.638672 0.027344 0.636719 0.027344 0.632812 0.029297 0.630859 0.033203 0.634766 0.033203 0.636719 0.035156 0.636719 0.037109 0.634766 0.041016 0.638672 0.041016 0.642578 0.046875 0.642578 0.048828 0.644531 0.050781 0.644531 0.052734 0.646484 0.052734 0.650391 0.050781 0.652344 0.044922 0.652344 0.042969 0.654297 0.042969 0.662109 0.041016 0.664062 0.041016 0.671875 0.042969 0.673828 0.042969 0.677734 0.039062 0.681641 0.037109 0.681641 0.037109 0.685547 0.039062 0.685547 0.041016 0.687500 0.039062 0.689453 0.039062 0.693359 0.033203 0.699219 0.027344 0.699219 0.025391 0.701172 0.025391 0.705078 0.023438 0.707031 0.021484 0.707031 0.023438 0.708984 0.023438 0.712891 0.025391 0.712891 0.027344 0.714844 0.029297 0.714844 0.031250 0.716797 0.031250 0.720703 0.033203 0.722656 0.039062 0.722656 0.041016 0.720703 0.044922 0.724609 0.048828 0.724609 0.050781 0.722656 0.050781 0.716797 0.048828 0.714844 0.048828 0.712891 0.044922 0.708984 0.044922 0.707031 0.050781 0.701172 0.054688 0.701172 0.056641 0.703125 0.056641 0.705078 0.060547 0.705078 0.062500 0.707031 0.062500 0.712891 0.066406 0.716797 0.066406 0.718750 0.068359 0.718750 0.070312 0.716797 0.072266 0.716797 0.070312 0.714844 0.072266 0.712891 0.074219 0.712891 0.074219 0.710938 0.076172 0.708984 0.087891 0.708984 0.091797 0.705078 0.091797 0.703125 0.093750 0.701172 0.095703 0.701172 0.097656 0.699219 0.097656 0.695312 0.095703 0.693359 0.097656 0.691406 0.095703 0.689453 0.097656 0.687500 0.097656 0.685547 0.101562 0.681641 0.101562 0.667969 0.103516 0.666016 0.105469 0.666016 0.107422 0.667969 0.109375 0.667969 0.111328 0.666016 0.111328 0.664062 0.109375 0.662109 0.111328 0.660156 0.117188 0.660156 0.119141 0.658203 0.134766 0.658203 0.136719 0.660156 0.140625 0.660156 0.142578 0.662109 0.142578 0.664062 0.144531 0.662109 0.146484 0.664062 0.148438 0.662109 0.150391 0.662109 0.152344 0.664062 0.156250 0.664062 0.158203 0.666016 0.160156 0.666016 0.162109 0.667969 0.162109 0.677734 0.167969 0.683594 0.167969 0.689453 0.173828 0.689453 0.175781 0.687500 0.179688 0.687500 0.181641 0.685547 0.181641 0.677734 0.183594 0.675781 0.183594 0.667969 0.179688 0.667969 0.175781 0.664062 0.173828 0.664062 0.171875 0.662109 0.171875 0.656250 0.169922 0.656250 0.167969 0.658203 0.166016 0.658203 0.164062 0.656250 0.160156 0.656250 0.158203 0.654297 0.154297 0.654297 0.150391 0.650391 0.150391 0.648438 0.148438 0.646484 0.148438 0.640625 0.144531 0.636719 0.144531 0.634766 0.142578 0.632812 0.138672 0.632812 0.136719 0.630859 0.136719 0.626953 0.140625 0.623047 0.140625 0.621094 0.136719 0.617188 0.136719 0.609375 0.138672 0.607422 0.134766 0.603516 0.132812 0.605469 0.130859 0.603516 0.130859 0.601562 0.128906 0.599609 0.128906 0.593750 0.126953 0.591797 0.126953 0.589844 0.123047 0.585938 0.121094 0.585938 0.119141 0.583984 0.115234 0.583984 0.113281 0.582031 0.113281 0.576172 0.109375 0.572266 0.111328 0.570312 0.109375 0.568359 0.111328 0.566406 0.111328 0.562500 0.121094 0.552734 0.125000 0.552734 0.126953 0.550781 0.128906 0.552734 0.134766 0.552734 0.136719 0.554688 0.136719 0.552734 0.140625 0.548828 0.142578 0.548828 0.146484 0.552734 0.148438 0.550781 0.150391 0.550781 0.150391 0.546875 0.152344 0.544922 0.152344 0.542969 0.150391 0.541016 0.156250 0.535156 0.156250 0.533203 0.154297 0.535156 0.152344 0.535156 0.148438 0.531250 0.148438 0.527344 0.142578 0.527344 0.136719 0.521484 0.136719 0.519531 0.132812 0.515625 0.126953 0.515625 0.125000 0.513672 0.125000 0.509766 0.126953 0.507812 0.125000 0.505859 0.125000 0.503906 0.123047 0.501953 0.125000 0.500000 0.123047 0.500000 0.121094 0.498047 0.123047 0.496094 0.123047 0.494141 0.125000 0.492188 0.123047 0.490234 0.125000 0.488281 0.125000 0.480469 0.123047 0.480469 0.121094 0.478516 0.121094 0.476562 0.119141 0.474609 0.119141 0.472656 0.117188 0.472656 0.113281 0.468750 0.113281 0.449219 0.115234 0.447266 0.115234 0.445312 0.117188 0.443359 0.125000 0.443359 0.125000 0.437500 0.126953 0.435547 0.126953 0.433594 0.128906 0.431641 0.128906 0.423828 0.125000 0.419922 0.125000 0.416016 0.123047 0.414062 0.125000 0.412109 0.125000 0.410156 0.123047 0.410156 0.121094 0.408203 0.119141 0.408203 0.117188 0.406250 0.117188 0.404297 0.115234 0.402344 0.115234 0.400391 0.117188 0.398438 0.121094 0.398438 0.123047 0.396484 0.125000 0.396484 0.128906 0.392578 0.132812 0.392578 0.136719 0.388672 0.140625 0.388672 0.142578 0.386719 0.148438 0.386719 0.150391 0.384766 0.150391 0.378906 0.152344 0.376953 0.152344 0.369141 0.150391 0.369141 0.146484 0.365234 0.144531 0.367188 0.142578 0.367188 0.138672 0.363281 0.136719 0.363281 0.132812 0.359375 0.132812 0.351562 0.134766 0.349609 0.136719 0.349609 0.136719 0.347656 0.134766 0.345703 0.134766 0.337891 0.132812 0.335938 0.130859 0.335938 0.125000 0.330078 0.125000 0.328125 0.123047 0.326172 0.123047 0.320312 0.121094 0.318359 0.121094 0.312500 0.123047 0.310547 0.123047 0.308594 0.121094 0.306641 0.121094 0.304688 0.117188 0.300781 0.115234 0.300781 0.113281 0.298828 0.113281 0.296875 0.111328 0.296875 0.109375 0.294922 0.109375 0.292969 0.105469 0.289062 0.105469 0.287109 0.103516 0.285156 0.103516 0.277344 0.101562 0.275391 0.101562 0.269531 0.099609 0.269531 0.097656 0.267578 0.097656 0.263672 0.099609 0.261719 0.101562 0.261719 0.101562 0.253906 0.099609 0.253906 0.097656 0.251953 0.097656 0.242188 0.099609 0.240234 0.095703 0.236328 0.093750 0.236328 0.091797 0.234375 0.091797 0.228516 0.093750 0.226562 0.093750 0.224609 0.091797 0.222656 0.091797 0.214844 0.093750 0.212891 0.095703 0.214844 0.095703 0.216797 0.097656 0.216797 0.101562 0.220703 0.101562 0.222656 0.107422 0.228516 0.107422 0.230469 0.109375 0.232422 0.113281 0.232422 0.117188 0.236328 0.113281 0.240234 0.109375 0.240234 0.109375 0.244141 0.107422 0.246094 0.107422 0.248047 0.109375 0.250000 0.109375 0.251953 0.113281 0.255859 0.115234 0.255859 0.119141 0.259766 0.119141 0.263672 0.121094 0.263672 0.123047 0.265625 0.123047 0.257812 0.126953 0.253906 0.126953 0.250000 0.125000 0.248047 0.125000 0.242188 0.126953 0.240234 0.128906 0.240234 0.130859 0.238281 0.132812 0.238281 0.134766 0.236328 0.136719 0.236328 0.136719 0.232422 0.138672 0.230469 0.138672 0.228516 0.142578 0.224609 0.148438 0.224609 0.150391 0.226562 0.152344 0.226562 0.152344 0.222656 0.160156 0.214844 0.160156 0.210938 0.162109 0.208984 0.169922 0.208984 0.169922 0.207031 0.171875 0.205078 0.177734 0.205078 0.179688 0.207031 0.181641 0.207031 0.189453 0.214844 0.197266 0.214844 0.197266 0.210938 0.193359 0.207031 0.193359 0.205078 0.191406 0.203125 0.193359 0.201172 0.195312 0.201172 0.195312 0.195312 0.191406 0.191406 0.191406 0.189453 0.193359 0.187500 0.195312 0.187500 0.199219 0.191406 0.199219 0.193359 0.201172 0.191406 0.201172 0.185547 0.197266 0.181641 0.197266 0.175781 0.199219 0.173828 0.199219 0.171875 0.201172 0.169922 0.199219 0.167969 0.199219 0.166016 0.197266 0.164062 0.197266 0.152344 0.195312 0.150391 0.195312 0.142578 0.191406 0.138672 0.189453 0.138672 0.185547 0.134766 0.183594 0.134766 0.181641 0.136719 0.177734 0.136719 0.175781 0.134766 0.173828 0.134766 0.171875 0.132812 0.171875 0.130859 0.169922 0.132812 0.167969 0.130859 0.166016 0.132812 0.164062 0.132812 0.162109 0.130859 0.162109 0.126953 0.160156 0.125000 0.160156 0.121094 0.158203 0.121094 0.156250 0.123047 0.152344 0.119141 0.154297 0.117188 0.156250 0.117188 0.158203 0.115234 0.162109 0.115234 0.164062 0.113281 0.166016 0.113281 0.167969 0.111328 0.175781 0.111328 0.175781 0.109375 0.173828 0.107422 0.175781 0.105469 0.175781 0.103516 0.179688 0.099609 0.181641 0.099609 0.179688 0.097656 0.179688 0.095703 0.185547 0.089844 0.185547 0.085938 0.183594 0.083984 0.183594 0.082031 0.179688 0.078125 0.177734 0.080078 0.175781 0.080078 0.173828 0.078125 0.166016 0.078125 0.162109 0.074219 0.162109 0.070312 0.164062 0.068359 0.166016 0.068359 0.167969 0.066406 0.171875 0.066406 0.171875 0.064453 0.175781 0.060547 0.177734 0.060547 0.177734 0.052734 0.181641 0.048828 0.183594 0.048828 0.185547 0.046875 0.185547 0.044922 0.187500 0.042969 0.187500 0.041016 0.183594 0.037109 0.183594 0.035156 0.185547 0.033203 0.183594 0.031250 0.183594 0.021484 0.179688 0.017578 0.179688 0.015625 0.173828 0.015625 0.171875 0.013672 0.167969 0.013672 0.166016 0.011719 0.158203 0.011719 0.156250 0.013672 0.154297 0.013672 0.154297 0.015625 0.148438 0.021484 0.148438 0.023438 0.144531 0.027344 0.138672 0.027344 0.136719 0.025391 0.138672 0.023438 0.136719 0.023438 0.132812 0.019531 0.130859 0.019531 0.126953 0.023438 0.126953 0.025391 0.125000 0.027344 0.121094 0.027344 0.121094 0.033203 0.119141 0.035156 0.115234 0.035156 0.117188 0.037109 0.119141 0.037109 0.123047 0.041016 0.125000 0.041016 0.126953 0.042969 0.128906 0.042969 0.130859 0.044922 0.130859 0.048828 0.126953 0.052734 0.125000 0.052734 0.119141 0.058594 0.115234 0.058594 0.113281 0.056641 0.113281 0.054688 0.111328 0.052734 0.109375 0.052734 0.107422 0.050781 0.103516 0.050781 0.101562 0.048828 0.101562 0.046875 0.099609 0.046875 0.097656 0.044922 0.091797 0.044922 0.089844 0.042969 0.089844 0.041016 0.087891 0.039062 0.087891 0.037109 0.083984 0.037109 0.082031 0.035156 0.082031 0.031250 0.083984 0.029297 0.083984 0.027344 0.085938 0.025391 0.089844 0.025391 0.091797 0.023438 0.095703 0.023438 0.095703 0.021484 0.091797 0.017578 0.091797 0.013672 0.097656 0.007812 0.097656 0.003906 0.099609 0.001953 0.101562 0.001953 0.101562 0.000000