0 0.171875 0.958984 0.171875 0.968750 0.181641 0.968750 0.181641 0.958984
0 0.187500 0.957031 0.187500 0.966797 0.205078 0.966797 0.207031 0.968750 0.218750 0.968750 0.220703 0.970703 0.220703 0.972656 0.222656 0.972656 0.224609 0.974609 0.226562 0.974609 0.228516 0.976562 0.228516 0.978516 0.230469 0.978516 0.232422 0.980469 0.232422 0.982422 0.234375 0.982422 0.236328 0.984375 0.240234 0.984375 0.242188 0.986328 0.244141 0.986328 0.246094 0.988281 0.246094 0.990234 0.251953 0.990234 0.253906 0.992188 0.279297 0.992188 0.279297 0.984375 0.271484 0.984375 0.269531 0.982422 0.261719 0.982422 0.259766 0.980469 0.253906 0.980469 0.251953 0.978516 0.251953 0.976562 0.248047 0.976562 0.246094 0.974609 0.244141 0.974609 0.242188 0.972656 0.242188 0.968750 0.236328 0.968750 0.234375 0.966797 0.234375 0.964844 0.232422 0.964844 0.230469 0.962891 0.226562 0.962891 0.224609 0.960938 0.224609 0.958984 0.208984 0.958984 0.207031 0.957031
0 0.138672 0.957031 0.138672 0.966797 0.140625 0.966797 0.142578 0.968750 0.144531 0.968750 0.146484 0.970703 0.146484 0.972656 0.166016 0.972656 0.166016 0.962891 0.154297 0.962891 0.152344 0.960938 0.152344 0.958984 0.150391 0.958984 0.148438 0.957031
0 0.837891 0.955078 0.837891 0.964844 0.847656 0.964844 0.849609 0.966797 0.849609 0.970703 0.867188 0.970703 0.869141 0.972656 0.890625 0.972656 0.890625 0.970703 0.892578 0.968750 0.892578 0.958984 0.882812 0.958984 0.882812 0.960938 0.880859 0.962891 0.873047 0.962891 0.871094 0.960938 0.853516 0.960938 0.851562 0.958984 0.851562 0.955078
0 0.179688 0.925781 0.179688 0.935547 0.189453 0.935547 0.189453 0.925781
0 0.205078 0.917969 0.203125 0.919922 0.193359 0.919922 0.193359 0.929688 0.203125 0.929688 0.205078 0.927734 0.214844 0.927734 0.214844 0.917969
0 0.220703 0.916016 0.220703 0.925781 0.226562 0.925781 0.228516 0.927734 0.232422 0.927734 0.234375 0.929688 0.240234 0.929688 0.242188 0.931641 0.242188 0.933594 0.246094 0.933594 0.248047 0.935547 0.253906 0.935547 0.255859 0.937500 0.255859 0.941406 0.259766 0.941406 0.261719 0.943359 0.269531 0.943359 0.271484 0.945312 0.271484 0.947266 0.281250 0.947266 0.283203 0.949219 0.283203 0.955078 0.287109 0.955078 0.289062 0.957031 0.335938 0.957031 0.335938 0.947266 0.294922 0.947266 0.292969 0.945312 0.283203 0.945312 0.281250 0.943359 0.281250 0.937500 0.273438 0.937500 0.271484 0.935547 0.271484 0.933594 0.267578 0.933594 0.265625 0.931641 0.259766 0.931641 0.257812 0.929688 0.257812 0.925781 0.253906 0.925781 0.251953 0.923828 0.246094 0.923828 0.244141 0.921875 0.244141 0.919922 0.240234 0.919922 0.238281 0.917969 0.232422 0.917969 0.230469 0.916016
0 0.041016 0.884766 0.041016 0.894531 0.050781 0.894531 0.050781 0.884766
0 0.103516 0.882812 0.103516 0.892578 0.101562 0.894531 0.101562 0.900391 0.099609 0.902344 0.093750 0.902344 0.093750 0.910156 0.091797 0.912109 0.089844 0.912109 0.089844 0.917969 0.087891 0.919922 0.083984 0.919922 0.083984 0.925781 0.082031 0.927734 0.082031 0.941406 0.091797 0.941406 0.091797 0.935547 0.093750 0.933594 0.093750 0.923828 0.095703 0.921875 0.099609 0.921875 0.099609 0.914062 0.101562 0.912109 0.103516 0.912109 0.103516 0.906250 0.105469 0.904297 0.107422 0.904297 0.109375 0.906250 0.109375 0.914062 0.117188 0.914062 0.119141 0.916016 0.117188 0.917969 0.115234 0.917969 0.115234 0.927734 0.117188 0.927734 0.119141 0.929688 0.119141 0.937500 0.121094 0.939453 0.121094 0.941406 0.123047 0.943359 0.123047 0.945312 0.126953 0.945312 0.128906 0.947266 0.128906 0.951172 0.152344 0.951172 0.152344 0.949219 0.154297 0.947266 0.162109 0.947266 0.162109 0.943359 0.164062 0.941406 0.173828 0.941406 0.173828 0.931641 0.164062 0.931641 0.164062 0.935547 0.162109 0.937500 0.152344 0.937500 0.152344 0.939453 0.150391 0.941406 0.142578 0.941406 0.140625 0.939453 0.134766 0.939453 0.132812 0.937500 0.132812 0.935547 0.134766 0.933594 0.134766 0.923828 0.126953 0.923828 0.125000 0.921875 0.126953 0.919922 0.128906 0.919922 0.128906 0.910156 0.126953 0.908203 0.126953 0.902344 0.123047 0.902344 0.121094 0.900391 0.119141 0.900391 0.117188 0.898438 0.117188 0.894531 0.115234 0.894531 0.113281 0.892578 0.113281 0.882812
0 0.074219 0.873047 0.074219 0.875000 0.072266 0.876953 0.068359 0.876953 0.068359 0.882812 0.066406 0.884766 0.064453 0.884766 0.064453 0.888672 0.062500 0.890625 0.060547 0.890625 0.060547 0.892578 0.058594 0.894531 0.056641 0.894531 0.054688 0.896484 0.054688 0.898438 0.050781 0.902344 0.041016 0.902344 0.041016 0.919922 0.050781 0.919922 0.050781 0.917969 0.054688 0.914062 0.056641 0.914062 0.056641 0.912109 0.058594 0.910156 0.062500 0.910156 0.062500 0.908203 0.066406 0.904297 0.066406 0.902344 0.068359 0.900391 0.072266 0.900391 0.072266 0.896484 0.074219 0.894531 0.074219 0.892578 0.076172 0.890625 0.078125 0.890625 0.078125 0.888672 0.080078 0.886719 0.080078 0.884766 0.082031 0.882812 0.083984 0.882812 0.083984 0.873047
0 0.048828 0.859375 0.048828 0.869141 0.058594 0.869141 0.058594 0.859375
0 0.068359 0.818359 0.066406 0.820312 0.064453 0.820312 0.064453 0.822266 0.062500 0.824219 0.060547 0.824219 0.060547 0.830078 0.058594 0.832031 0.054688 0.832031 0.054688 0.841797 0.052734 0.843750 0.052734 0.853516 0.062500 0.853516 0.062500 0.843750 0.064453 0.841797 0.064453 0.835938 0.066406 0.833984 0.070312 0.833984 0.070312 0.832031 0.072266 0.830078 0.074219 0.830078 0.076172 0.832031 0.078125 0.832031 0.080078 0.833984 0.080078 0.835938 0.082031 0.837891 0.082031 0.843750 0.085938 0.843750 0.087891 0.845703 0.087891 0.851562 0.091797 0.851562 0.093750 0.853516 0.093750 0.863281 0.095703 0.865234 0.095703 0.875000 0.105469 0.875000 0.105469 0.865234 0.103516 0.863281 0.103516 0.853516 0.099609 0.853516 0.097656 0.851562 0.097656 0.841797 0.093750 0.841797 0.091797 0.839844 0.091797 0.833984 0.089844 0.832031 0.089844 0.826172 0.087891 0.826172 0.085938 0.824219 0.085938 0.822266 0.082031 0.822266 0.080078 0.820312 0.080078 0.818359
0 0.064453 0.736328 0.062500 0.738281 0.060547 0.738281 0.060547 0.748047 0.068359 0.748047 0.070312 0.750000 0.070312 0.751953 0.074219 0.751953 0.076172 0.753906 0.076172 0.755859 0.078125 0.755859 0.080078 0.757812 0.080078 0.759766 0.083984 0.759766 0.085938 0.761719 0.085938 0.767578 0.087891 0.767578 0.089844 0.769531 0.093750 0.769531 0.095703 0.771484 0.095703 0.779297 0.099609 0.779297 0.101562 0.781250 0.101562 0.785156 0.103516 0.785156 0.105469 0.787109 0.105469 0.791016 0.107422 0.791016 0.109375 0.792969 0.109375 0.794922 0.111328 0.794922 0.113281 0.796875 0.136719 0.796875 0.136719 0.794922 0.138672 0.792969 0.148438 0.792969 0.150391 0.794922 0.150391 0.796875 0.152344 0.796875 0.156250 0.800781 0.156250 0.802734 0.158203 0.802734 0.164062 0.808594 0.164062 0.812500 0.166016 0.812500 0.167969 0.814453 0.167969 0.818359 0.171875 0.822266 0.171875 0.826172 0.173828 0.826172 0.175781 0.828125 0.175781 0.833984 0.177734 0.835938 0.177734 0.839844 0.179688 0.841797 0.181641 0.841797 0.183594 0.843750 0.185547 0.843750 0.187500 0.845703 0.189453 0.845703 0.191406 0.847656 0.193359 0.847656 0.195312 0.849609 0.201172 0.849609 0.203125 0.851562 0.240234 0.851562 0.246094 0.845703 0.246094 0.843750 0.248047 0.841797 0.250000 0.841797 0.251953 0.839844 0.255859 0.839844 0.257812 0.841797 0.261719 0.841797 0.263672 0.843750 0.263672 0.845703 0.267578 0.849609 0.267578 0.851562 0.271484 0.855469 0.271484 0.861328 0.275391 0.865234 0.275391 0.869141 0.277344 0.871094 0.277344 0.873047 0.279297 0.873047 0.281250 0.875000 0.281250 0.876953 0.283203 0.876953 0.285156 0.878906 0.285156 0.880859 0.289062 0.884766 0.291016 0.884766 0.292969 0.886719 0.302734 0.886719 0.302734 0.876953 0.300781 0.876953 0.294922 0.871094 0.294922 0.869141 0.292969 0.869141 0.289062 0.865234 0.289062 0.863281 0.287109 0.863281 0.285156 0.861328 0.285156 0.859375 0.283203 0.857422 0.283203 0.853516 0.281250 0.851562 0.281250 0.847656 0.279297 0.845703 0.279297 0.843750 0.275391 0.839844 0.275391 0.837891 0.273438 0.835938 0.269531 0.835938 0.267578 0.833984 0.267578 0.830078 0.244141 0.830078 0.242188 0.832031 0.240234 0.832031 0.240234 0.833984 0.238281 0.835938 0.236328 0.835938 0.230469 0.841797 0.207031 0.841797 0.205078 0.839844 0.203125 0.839844 0.201172 0.837891 0.199219 0.837891 0.197266 0.835938 0.195312 0.835938 0.193359 0.833984 0.191406 0.833984 0.185547 0.828125 0.185547 0.824219 0.183594 0.824219 0.181641 0.822266 0.181641 0.816406 0.179688 0.814453 0.179688 0.810547 0.177734 0.808594 0.175781 0.808594 0.173828 0.806641 0.173828 0.802734 0.171875 0.800781 0.171875 0.796875 0.169922 0.794922 0.167969 0.794922 0.164062 0.791016 0.164062 0.789062 0.162109 0.789062 0.160156 0.787109 0.160156 0.785156 0.158203 0.785156 0.156250 0.783203 0.134766 0.783203 0.134766 0.785156 0.132812 0.787109 0.121094 0.787109 0.119141 0.785156 0.119141 0.781250 0.113281 0.781250 0.111328 0.779297 0.111328 0.775391 0.107422 0.775391 0.105469 0.773438 0.105469 0.769531 0.101562 0.769531 0.099609 0.767578 0.099609 0.759766 0.097656 0.759766 0.095703 0.757812 0.091797 0.757812 0.089844 0.755859 0.089844 0.750000 0.087891 0.750000 0.085938 0.748047 0.085938 0.746094 0.082031 0.746094 0.080078 0.744141 0.080078 0.742188 0.078125 0.742188 0.076172 0.740234 0.076172 0.738281 0.074219 0.736328
0 0.226562 0.646484 0.226562 0.650391 0.224609 0.652344 0.222656 0.652344 0.220703 0.650391 0.220703 0.648438 0.210938 0.648438 0.210938 0.658203 0.214844 0.658203 0.216797 0.660156 0.216797 0.662109 0.218750 0.664062 0.218750 0.667969 0.220703 0.667969 0.222656 0.669922 0.222656 0.673828 0.224609 0.673828 0.226562 0.675781 0.226562 0.677734 0.228516 0.679688 0.240234 0.679688 0.240234 0.658203 0.238281 0.658203 0.236328 0.656250 0.236328 0.646484
0 0.220703 0.630859 0.220703 0.640625 0.230469 0.640625 0.230469 0.630859
0 0.130859 0.625000 0.130859 0.634766 0.128906 0.636719 0.123047 0.636719 0.123047 0.642578 0.121094 0.644531 0.119141 0.644531 0.119141 0.648438 0.117188 0.650391 0.117188 0.660156 0.126953 0.660156 0.126953 0.656250 0.128906 0.654297 0.128906 0.648438 0.130859 0.646484 0.132812 0.646484 0.132812 0.636719 0.134766 0.634766 0.140625 0.634766 0.140625 0.625000
0 0.138672 0.611328 0.138672 0.621094 0.148438 0.621094 0.148438 0.611328
0 0.232422 0.601562 0.232422 0.611328 0.234375 0.613281 0.234375 0.621094 0.236328 0.621094 0.238281 0.623047 0.238281 0.632812 0.240234 0.632812 0.242188 0.634766 0.242188 0.644531 0.244141 0.646484 0.244141 0.654297 0.248047 0.654297 0.250000 0.656250 0.250000 0.662109 0.251953 0.662109 0.253906 0.664062 0.253906 0.673828 0.251953 0.675781 0.250000 0.675781 0.246094 0.679688 0.244141 0.679688 0.244141 0.683594 0.242188 0.685547 0.240234 0.685547 0.240234 0.687500 0.238281 0.689453 0.234375 0.689453 0.232422 0.691406 0.228516 0.691406 0.226562 0.689453 0.220703 0.689453 0.218750 0.687500 0.214844 0.687500 0.212891 0.685547 0.212891 0.677734 0.210938 0.675781 0.201172 0.675781 0.201172 0.685547 0.203125 0.687500 0.207031 0.687500 0.208984 0.689453 0.208984 0.697266 0.212891 0.697266 0.216797 0.701172 0.240234 0.701172 0.242188 0.699219 0.246094 0.699219 0.246094 0.697266 0.248047 0.695312 0.250000 0.695312 0.250000 0.691406 0.251953 0.689453 0.253906 0.689453 0.255859 0.687500 0.257812 0.687500 0.261719 0.683594 0.263672 0.683594 0.263672 0.662109 0.261719 0.662109 0.259766 0.660156 0.259766 0.652344 0.255859 0.652344 0.253906 0.650391 0.253906 0.644531 0.251953 0.642578 0.251953 0.634766 0.250000 0.634766 0.248047 0.632812 0.248047 0.623047 0.246094 0.623047 0.244141 0.621094 0.244141 0.611328 0.242188 0.609375 0.242188 0.601562
0 0.968750 0.597656 0.968750 0.609375 0.966797 0.611328 0.966797 0.626953 0.964844 0.628906 0.962891 0.628906 0.962891 0.634766 0.960938 0.636719 0.960938 0.642578 0.958984 0.644531 0.955078 0.644531 0.955078 0.646484 0.953125 0.648438 0.953125 0.654297 0.949219 0.658203 0.947266 0.658203 0.947266 0.667969 0.958984 0.667969 0.960938 0.666016 0.960938 0.660156 0.962891 0.658203 0.962891 0.656250 0.964844 0.654297 0.964844 0.648438 0.966797 0.646484 0.970703 0.646484 0.970703 0.640625 0.972656 0.638672 0.972656 0.630859 0.974609 0.628906 0.976562 0.628906 0.976562 0.619141 0.978516 0.617188 0.978516 0.597656
0 0.146484 0.597656 0.146484 0.607422 0.156250 0.607422 0.156250 0.597656
0 0.226562 0.578125 0.226562 0.587891 0.228516 0.589844 0.228516 0.595703 0.238281 0.595703 0.238281 0.585938 0.236328 0.583984 0.236328 0.578125
0 0.164062 0.556641 0.164062 0.566406 0.162109 0.568359 0.160156 0.568359 0.160156 0.578125 0.158203 0.580078 0.156250 0.580078 0.156250 0.589844 0.166016 0.589844 0.166016 0.580078 0.167969 0.578125 0.169922 0.578125 0.171875 0.580078 0.171875 0.589844 0.173828 0.589844 0.175781 0.591797 0.175781 0.599609 0.179688 0.599609 0.181641 0.601562 0.181641 0.605469 0.183594 0.605469 0.185547 0.607422 0.185547 0.617188 0.189453 0.617188 0.191406 0.619141 0.191406 0.625000 0.201172 0.625000 0.203125 0.626953 0.201172 0.628906 0.191406 0.628906 0.191406 0.646484 0.189453 0.648438 0.187500 0.648438 0.185547 0.650391 0.185547 0.654297 0.183594 0.656250 0.177734 0.656250 0.177734 0.666016 0.191406 0.666016 0.191406 0.662109 0.193359 0.660156 0.195312 0.660156 0.197266 0.658203 0.197266 0.652344 0.199219 0.650391 0.201172 0.650391 0.201172 0.634766 0.203125 0.632812 0.205078 0.634766 0.205078 0.644531 0.214844 0.644531 0.214844 0.634766 0.212891 0.632812 0.212891 0.623047 0.210938 0.621094 0.210938 0.611328 0.201172 0.611328 0.201172 0.613281 0.199219 0.615234 0.197266 0.615234 0.195312 0.613281 0.195312 0.607422 0.193359 0.607422 0.191406 0.605469 0.191406 0.597656 0.193359 0.595703 0.197266 0.595703 0.199219 0.597656 0.199219 0.607422 0.208984 0.607422 0.208984 0.597656 0.205078 0.597656 0.203125 0.595703 0.203125 0.585938 0.193359 0.585938 0.193359 0.593750 0.191406 0.595703 0.187500 0.595703 0.185547 0.593750 0.185547 0.589844 0.183594 0.589844 0.181641 0.587891 0.181641 0.578125 0.183594 0.576172 0.185547 0.576172 0.187500 0.578125 0.187500 0.582031 0.197266 0.582031 0.197266 0.572266 0.195312 0.572266 0.193359 0.570312 0.193359 0.566406 0.191406 0.564453 0.191406 0.562500 0.189453 0.562500 0.187500 0.560547 0.175781 0.560547 0.173828 0.558594 0.173828 0.556641
0 0.208984 0.525391 0.208984 0.550781 0.210938 0.552734 0.210938 0.582031 0.212891 0.583984 0.212891 0.607422 0.214844 0.607422 0.216797 0.609375 0.216797 0.617188 0.218750 0.619141 0.218750 0.626953 0.228516 0.626953 0.228516 0.617188 0.226562 0.615234 0.226562 0.607422 0.224609 0.607422 0.222656 0.605469 0.222656 0.583984 0.220703 0.582031 0.220703 0.576172 0.222656 0.574219 0.232422 0.574219 0.232422 0.564453 0.228516 0.564453 0.226562 0.562500 0.226562 0.552734 0.222656 0.552734 0.220703 0.550781 0.222656 0.548828 0.224609 0.548828 0.224609 0.539062 0.220703 0.539062 0.218750 0.537109 0.218750 0.525391
0 0.205078 0.511719 0.205078 0.521484 0.214844 0.521484 0.214844 0.511719
0 0.201172 0.498047 0.201172 0.507812 0.210938 0.507812 0.210938 0.498047
0 0.240234 0.476562 0.240234 0.488281 0.242188 0.488281 0.246094 0.492188 0.246094 0.496094 0.248047 0.496094 0.250000 0.498047 0.250000 0.501953 0.251953 0.503906 0.251953 0.509766 0.255859 0.509766 0.257812 0.511719 0.257812 0.521484 0.259766 0.521484 0.261719 0.523438 0.261719 0.527344 0.263672 0.527344 0.265625 0.529297 0.267578 0.529297 0.269531 0.531250 0.269531 0.535156 0.273438 0.535156 0.275391 0.537109 0.275391 0.542969 0.277344 0.544922 0.279297 0.544922 0.281250 0.546875 0.281250 0.550781 0.283203 0.550781 0.285156 0.552734 0.285156 0.593750 0.287109 0.595703 0.287109 0.597656 0.289062 0.599609 0.289062 0.603516 0.291016 0.603516 0.292969 0.605469 0.292969 0.609375 0.294922 0.611328 0.294922 0.617188 0.296875 0.617188 0.298828 0.619141 0.298828 0.623047 0.300781 0.623047 0.302734 0.625000 0.302734 0.630859 0.304688 0.630859 0.306641 0.632812 0.306641 0.638672 0.310547 0.638672 0.312500 0.640625 0.312500 0.648438 0.314453 0.650391 0.314453 0.656250 0.316406 0.658203 0.316406 0.664062 0.318359 0.664062 0.320312 0.666016 0.320312 0.669922 0.324219 0.669922 0.326172 0.671875 0.326172 0.677734 0.328125 0.679688 0.328125 0.685547 0.330078 0.685547 0.332031 0.687500 0.332031 0.691406 0.333984 0.691406 0.335938 0.693359 0.335938 0.695312 0.337891 0.695312 0.339844 0.697266 0.339844 0.705078 0.341797 0.707031 0.341797 0.708984 0.343750 0.710938 0.343750 0.712891 0.345703 0.714844 0.345703 0.718750 0.347656 0.720703 0.347656 0.724609 0.345703 0.726562 0.345703 0.730469 0.343750 0.732422 0.343750 0.734375 0.339844 0.738281 0.339844 0.748047 0.337891 0.750000 0.333984 0.750000 0.333984 0.759766 0.332031 0.761719 0.330078 0.761719 0.328125 0.763672 0.326172 0.763672 0.326172 0.765625 0.324219 0.767578 0.316406 0.767578 0.316406 0.769531 0.314453 0.771484 0.308594 0.771484 0.306641 0.769531 0.304688 0.769531 0.302734 0.767578 0.300781 0.767578 0.298828 0.765625 0.298828 0.763672 0.296875 0.761719 0.296875 0.751953 0.294922 0.750000 0.294922 0.748047 0.291016 0.748047 0.287109 0.744141 0.281250 0.744141 0.279297 0.742188 0.263672 0.742188 0.261719 0.744141 0.257812 0.744141 0.255859 0.746094 0.253906 0.746094 0.251953 0.748047 0.250000 0.748047 0.248047 0.750000 0.242188 0.750000 0.240234 0.751953 0.236328 0.751953 0.234375 0.753906 0.212891 0.753906 0.210938 0.751953 0.203125 0.751953 0.201172 0.750000 0.195312 0.750000 0.193359 0.748047 0.191406 0.748047 0.189453 0.746094 0.187500 0.746094 0.185547 0.744141 0.185547 0.742188 0.183594 0.742188 0.181641 0.740234 0.179688 0.740234 0.177734 0.738281 0.175781 0.738281 0.173828 0.736328 0.171875 0.736328 0.169922 0.734375 0.167969 0.734375 0.166016 0.732422 0.166016 0.730469 0.160156 0.724609 0.160156 0.722656 0.158203 0.720703 0.156250 0.720703 0.154297 0.718750 0.154297 0.714844 0.150391 0.710938 0.150391 0.708984 0.146484 0.708984 0.144531 0.707031 0.126953 0.707031 0.125000 0.708984 0.123047 0.708984 0.121094 0.710938 0.119141 0.710938 0.119141 0.720703 0.128906 0.720703 0.130859 0.718750 0.132812 0.718750 0.134766 0.716797 0.136719 0.718750 0.140625 0.718750 0.142578 0.720703 0.142578 0.722656 0.144531 0.724609 0.146484 0.724609 0.148438 0.726562 0.148438 0.730469 0.152344 0.734375 0.152344 0.736328 0.156250 0.740234 0.158203 0.740234 0.160156 0.742188 0.160156 0.744141 0.162109 0.744141 0.164062 0.746094 0.166016 0.746094 0.167969 0.748047 0.169922 0.748047 0.171875 0.750000 0.173828 0.750000 0.175781 0.751953 0.177734 0.751953 0.179688 0.753906 0.179688 0.755859 0.181641 0.755859 0.183594 0.757812 0.187500 0.757812 0.189453 0.759766 0.193359 0.759766 0.195312 0.761719 0.203125 0.761719 0.205078 0.763672 0.244141 0.763672 0.246094 0.761719 0.250000 0.761719 0.251953 0.759766 0.257812 0.759766 0.261719 0.755859 0.267578 0.755859 0.271484 0.751953 0.273438 0.753906 0.277344 0.753906 0.279297 0.755859 0.281250 0.755859 0.287109 0.761719 0.287109 0.769531 0.289062 0.771484 0.289062 0.773438 0.291016 0.775391 0.291016 0.777344 0.292969 0.777344 0.294922 0.779297 0.298828 0.779297 0.300781 0.781250 0.314453 0.781250 0.314453 0.779297 0.316406 0.777344 0.326172 0.777344 0.326172 0.775391 0.328125 0.773438 0.335938 0.773438 0.337891 0.771484 0.339844 0.771484 0.341797 0.769531 0.343750 0.769531 0.343750 0.757812 0.345703 0.755859 0.349609 0.755859 0.349609 0.748047 0.351562 0.746094 0.351562 0.744141 0.355469 0.740234 0.355469 0.734375 0.357422 0.732422 0.357422 0.714844 0.355469 0.712891 0.355469 0.708984 0.353516 0.707031 0.353516 0.703125 0.351562 0.701172 0.351562 0.699219 0.349609 0.697266 0.349609 0.689453 0.347656 0.689453 0.345703 0.687500 0.345703 0.685547 0.343750 0.685547 0.341797 0.683594 0.341797 0.681641 0.339844 0.681641 0.337891 0.679688 0.337891 0.675781 0.335938 0.673828 0.335938 0.667969 0.332031 0.667969 0.330078 0.666016 0.330078 0.660156 0.328125 0.660156 0.326172 0.658203 0.326172 0.654297 0.324219 0.652344 0.324219 0.646484 0.322266 0.644531 0.322266 0.638672 0.318359 0.638672 0.316406 0.636719 0.316406 0.628906 0.314453 0.628906 0.312500 0.626953 0.312500 0.621094 0.310547 0.621094 0.308594 0.619141 0.308594 0.613281 0.306641 0.613281 0.304688 0.611328 0.304688 0.607422 0.302734 0.605469 0.302734 0.599609 0.300781 0.599609 0.298828 0.597656 0.298828 0.593750 0.296875 0.591797 0.296875 0.587891 0.294922 0.585938 0.294922 0.546875 0.292969 0.546875 0.291016 0.544922 0.291016 0.541016 0.289062 0.541016 0.287109 0.539062 0.287109 0.535156 0.285156 0.533203 0.281250 0.533203 0.279297 0.531250 0.279297 0.525391 0.277344 0.525391 0.275391 0.523438 0.275391 0.519531 0.273438 0.519531 0.271484 0.517578 0.269531 0.517578 0.267578 0.515625 0.267578 0.507812 0.263672 0.507812 0.261719 0.505859 0.261719 0.500000 0.259766 0.498047 0.259766 0.492188 0.257812 0.492188 0.255859 0.490234 0.255859 0.486328 0.253906 0.484375 0.253906 0.480469 0.251953 0.480469 0.250000 0.478516 0.250000 0.476562
0 0.187500 0.464844 0.187500 0.472656 0.185547 0.474609 0.185547 0.478516 0.183594 0.480469 0.183594 0.503906 0.181641 0.505859 0.181641 0.513672 0.179688 0.515625 0.177734 0.515625 0.177734 0.523438 0.175781 0.525391 0.173828 0.525391 0.173828 0.535156 0.171875 0.537109 0.171875 0.546875 0.181641 0.546875 0.181641 0.537109 0.183594 0.535156 0.183594 0.527344 0.185547 0.525391 0.187500 0.525391 0.187500 0.517578 0.189453 0.515625 0.191406 0.515625 0.191406 0.509766 0.193359 0.507812 0.193359 0.486328 0.195312 0.484375 0.197266 0.486328 0.197266 0.494141 0.207031 0.494141 0.207031 0.484375 0.197266 0.484375 0.195312 0.482422 0.197266 0.480469 0.197266 0.478516 0.199219 0.476562 0.201172 0.476562 0.201172 0.466797 0.199219 0.466797 0.197266 0.464844