0 0.843750 0.837891 0.843750 0.859375 0.847656 0.863281 0.847656 0.865234 0.849609 0.865234 0.851562 0.867188 0.851562 0.869141 0.855469 0.869141 0.857422 0.871094 0.857422 0.873047 0.875000 0.873047 0.875000 0.857422 0.873047 0.855469 0.871094 0.855469 0.869141 0.853516 0.865234 0.853516 0.863281 0.851562 0.863281 0.849609 0.861328 0.847656 0.861328 0.845703 0.859375 0.843750 0.859375 0.837891
0 0.501953 0.732422 0.500000 0.734375 0.498047 0.734375 0.496094 0.736328 0.494141 0.736328 0.494141 0.738281 0.492188 0.740234 0.486328 0.740234 0.484375 0.742188 0.484375 0.744141 0.486328 0.744141 0.488281 0.742188 0.492188 0.742188 0.492188 0.740234 0.494141 0.738281 0.496094 0.738281 0.498047 0.736328 0.500000 0.736328 0.501953 0.734375 0.505859 0.734375 0.507812 0.736328 0.509766 0.736328 0.509766 0.734375 0.507812 0.732422
0 0.199219 0.691406 0.199219 0.707031 0.197266 0.708984 0.171875 0.708984 0.171875 0.718750 0.169922 0.720703 0.152344 0.720703 0.152344 0.730469 0.150391 0.732422 0.136719 0.732422 0.134766 0.734375 0.126953 0.734375 0.126953 0.736328 0.125000 0.738281 0.123047 0.738281 0.123047 0.763672 0.152344 0.763672 0.152344 0.761719 0.156250 0.757812 0.162109 0.757812 0.162109 0.748047 0.164062 0.746094 0.177734 0.746094 0.177734 0.736328 0.179688 0.734375 0.197266 0.734375 0.197266 0.718750 0.199219 0.716797 0.224609 0.716797 0.224609 0.691406
0 0.593750 0.689453 0.589844 0.693359 0.587891 0.693359 0.587891 0.695312 0.580078 0.703125 0.580078 0.720703 0.578125 0.722656 0.576172 0.722656 0.574219 0.724609 0.572266 0.724609 0.570312 0.722656 0.562500 0.722656 0.560547 0.720703 0.558594 0.720703 0.554688 0.716797 0.542969 0.716797 0.539062 0.720703 0.539062 0.738281 0.533203 0.744141 0.531250 0.744141 0.529297 0.742188 0.525391 0.742188 0.523438 0.740234 0.521484 0.740234 0.515625 0.734375 0.513672 0.734375 0.513672 0.736328 0.519531 0.742188 0.521484 0.742188 0.523438 0.744141 0.525391 0.744141 0.527344 0.746094 0.535156 0.746094 0.539062 0.742188 0.541016 0.742188 0.541016 0.722656 0.542969 0.720703 0.544922 0.720703 0.546875 0.718750 0.552734 0.718750 0.554688 0.720703 0.556641 0.720703 0.558594 0.722656 0.560547 0.722656 0.562500 0.724609 0.568359 0.724609 0.570312 0.726562 0.578125 0.726562 0.582031 0.722656 0.582031 0.707031 0.583984 0.705078 0.583984 0.703125 0.591797 0.695312 0.593750 0.695312 0.597656 0.691406 0.597656 0.689453
0 0.144531 0.644531 0.144531 0.648438 0.154297 0.648438 0.154297 0.644531
0 0.132812 0.642578 0.132812 0.646484 0.140625 0.646484 0.140625 0.642578
0 0.345703 0.615234 0.345703 0.617188 0.343750 0.619141 0.339844 0.619141 0.339844 0.623047 0.337891 0.625000 0.326172 0.625000 0.326172 0.628906 0.324219 0.630859 0.316406 0.630859 0.316406 0.636719 0.314453 0.638672 0.302734 0.638672 0.302734 0.642578 0.300781 0.644531 0.292969 0.644531 0.292969 0.652344 0.291016 0.654297 0.275391 0.654297 0.275391 0.662109 0.273438 0.664062 0.255859 0.664062 0.255859 0.673828 0.253906 0.675781 0.236328 0.675781 0.236328 0.701172 0.261719 0.701172 0.261719 0.691406 0.263672 0.689453 0.281250 0.689453 0.281250 0.681641 0.283203 0.679688 0.300781 0.679688 0.300781 0.671875 0.302734 0.669922 0.318359 0.669922 0.318359 0.666016 0.320312 0.664062 0.328125 0.664062 0.328125 0.658203 0.330078 0.656250 0.341797 0.656250 0.341797 0.652344 0.343750 0.650391 0.351562 0.650391 0.351562 0.646484 0.353516 0.644531 0.365234 0.644531 0.365234 0.642578 0.367188 0.640625 0.371094 0.640625 0.371094 0.615234
0 0.316406 0.580078 0.316406 0.583984 0.320312 0.583984 0.320312 0.580078
0 0.308594 0.580078 0.308594 0.583984 0.312500 0.583984 0.312500 0.580078
0 0.294922 0.578125 0.294922 0.580078 0.292969 0.582031 0.291016 0.582031 0.289062 0.583984 0.287109 0.583984 0.271484 0.599609 0.269531 0.599609 0.267578 0.601562 0.265625 0.601562 0.259766 0.607422 0.199219 0.607422 0.197266 0.609375 0.197266 0.617188 0.195312 0.619141 0.191406 0.619141 0.191406 0.621094 0.189453 0.623047 0.189453 0.625000 0.185547 0.628906 0.183594 0.628906 0.181641 0.630859 0.181641 0.632812 0.177734 0.636719 0.177734 0.638672 0.175781 0.640625 0.171875 0.640625 0.169922 0.642578 0.167969 0.642578 0.166016 0.644531 0.164062 0.644531 0.162109 0.646484 0.158203 0.646484 0.158203 0.650391 0.166016 0.650391 0.167969 0.648438 0.171875 0.648438 0.171875 0.646484 0.173828 0.644531 0.177734 0.644531 0.177734 0.642578 0.179688 0.640625 0.181641 0.640625 0.183594 0.638672 0.183594 0.636719 0.189453 0.630859 0.191406 0.630859 0.191406 0.628906 0.195312 0.625000 0.195312 0.621094 0.197266 0.619141 0.201172 0.619141 0.201172 0.613281 0.203125 0.611328 0.263672 0.611328 0.267578 0.607422 0.269531 0.607422 0.269531 0.605469 0.271484 0.603516 0.275391 0.603516 0.279297 0.599609 0.281250 0.599609 0.281250 0.597656 0.283203 0.595703 0.285156 0.595703 0.287109 0.593750 0.287109 0.591797 0.291016 0.587891 0.292969 0.587891 0.296875 0.583984 0.298828 0.583984 0.300781 0.582031 0.304688 0.582031 0.304688 0.578125
0 0.394531 0.556641 0.388672 0.562500 0.384766 0.562500 0.382812 0.564453 0.380859 0.564453 0.380859 0.566406 0.376953 0.570312 0.375000 0.570312 0.373047 0.572266 0.371094 0.572266 0.371094 0.574219 0.369141 0.576172 0.363281 0.576172 0.363281 0.578125 0.359375 0.582031 0.330078 0.582031 0.330078 0.585938 0.361328 0.585938 0.363281 0.583984 0.365234 0.583984 0.365234 0.582031 0.367188 0.580078 0.373047 0.580078 0.373047 0.578125 0.376953 0.574219 0.380859 0.574219 0.384766 0.570312 0.384766 0.568359 0.386719 0.566406 0.392578 0.566406 0.396484 0.562500 0.398438 0.562500 0.400391 0.560547 0.400391 0.556641
0 0.904297 0.533203 0.902344 0.535156 0.902344 0.541016 0.900391 0.542969 0.892578 0.542969 0.892578 0.550781 0.890625 0.552734 0.884766 0.552734 0.884766 0.554688 0.882812 0.556641 0.880859 0.556641 0.878906 0.558594 0.878906 0.560547 0.876953 0.562500 0.871094 0.562500 0.871094 0.564453 0.869141 0.566406 0.869141 0.570312 0.867188 0.572266 0.865234 0.572266 0.865234 0.576172 0.863281 0.578125 0.861328 0.578125 0.861328 0.580078 0.859375 0.582031 0.859375 0.587891 0.857422 0.589844 0.851562 0.589844 0.851562 0.597656 0.849609 0.599609 0.841797 0.599609 0.841797 0.603516 0.839844 0.605469 0.832031 0.605469 0.832031 0.611328 0.830078 0.613281 0.814453 0.613281 0.814453 0.617188 0.812500 0.619141 0.804688 0.619141 0.804688 0.621094 0.802734 0.623047 0.794922 0.623047 0.792969 0.625000 0.792969 0.640625 0.810547 0.640625 0.812500 0.638672 0.814453 0.638672 0.814453 0.636719 0.816406 0.634766 0.820312 0.634766 0.820312 0.630859 0.822266 0.628906 0.830078 0.628906 0.830078 0.623047 0.832031 0.621094 0.847656 0.621094 0.847656 0.617188 0.849609 0.615234 0.857422 0.615234 0.857422 0.607422 0.859375 0.605469 0.867188 0.605469 0.867188 0.599609 0.869141 0.597656 0.875000 0.597656 0.875000 0.595703 0.878906 0.591797 0.880859 0.591797 0.880859 0.585938 0.882812 0.583984 0.884766 0.583984 0.886719 0.582031 0.886719 0.576172 0.888672 0.574219 0.894531 0.574219 0.896484 0.572266 0.896484 0.570312 0.898438 0.568359 0.900391 0.568359 0.900391 0.560547 0.902344 0.558594 0.914062 0.558594 0.914062 0.552734 0.916016 0.550781 0.917969 0.550781 0.919922 0.548828 0.919922 0.533203
0 0.185547 0.494141 0.185547 0.496094 0.181641 0.500000 0.181641 0.501953 0.179688 0.503906 0.179688 0.505859 0.169922 0.515625 0.162109 0.515625 0.158203 0.519531 0.152344 0.519531 0.150391 0.521484 0.148438 0.521484 0.148438 0.523438 0.146484 0.525391 0.140625 0.525391 0.134766 0.531250 0.132812 0.531250 0.132812 0.533203 0.130859 0.535156 0.130859 0.537109 0.126953 0.541016 0.126953 0.544922 0.119141 0.552734 0.117188 0.552734 0.115234 0.554688 0.095703 0.554688 0.093750 0.552734 0.085938 0.552734 0.083984 0.554688 0.082031 0.554688 0.078125 0.558594 0.076172 0.558594 0.074219 0.560547 0.072266 0.560547 0.072266 0.564453 0.070312 0.566406 0.066406 0.566406 0.066406 0.568359 0.064453 0.570312 0.064453 0.572266 0.062500 0.574219 0.060547 0.574219 0.060547 0.580078 0.064453 0.580078 0.070312 0.574219 0.070312 0.572266 0.072266 0.570312 0.074219 0.570312 0.076172 0.568359 0.076172 0.566406 0.078125 0.564453 0.080078 0.564453 0.080078 0.562500 0.082031 0.560547 0.083984 0.560547 0.085938 0.558594 0.087891 0.558594 0.089844 0.556641 0.091797 0.558594 0.119141 0.558594 0.121094 0.556641 0.123047 0.556641 0.126953 0.552734 0.128906 0.552734 0.128906 0.550781 0.130859 0.548828 0.130859 0.544922 0.132812 0.542969 0.132812 0.541016 0.136719 0.537109 0.136719 0.535156 0.138672 0.533203 0.140625 0.533203 0.144531 0.529297 0.148438 0.529297 0.150391 0.527344 0.152344 0.527344 0.156250 0.523438 0.162109 0.523438 0.164062 0.521484 0.166016 0.521484 0.167969 0.519531 0.173828 0.519531 0.175781 0.517578 0.177734 0.517578 0.177734 0.515625 0.179688 0.513672 0.181641 0.513672 0.181641 0.509766 0.183594 0.507812 0.183594 0.505859 0.187500 0.501953 0.187500 0.500000 0.189453 0.498047 0.189453 0.494141