0 0.351562 0.882812 0.351562 0.886719 0.349609 0.888672 0.347656 0.888672 0.347656 0.890625 0.345703 0.892578 0.339844 0.892578 0.339844 0.902344 0.347656 0.902344 0.347656 0.898438 0.349609 0.896484 0.355469 0.896484 0.355469 0.892578 0.357422 0.890625 0.359375 0.890625 0.359375 0.882812
0 0.365234 0.859375 0.365234 0.867188 0.373047 0.867188 0.373047 0.859375
0 0.373047 0.843750 0.373047 0.851562 0.380859 0.851562 0.380859 0.843750
0 0.380859 0.826172 0.380859 0.833984 0.388672 0.833984 0.388672 0.826172
0 0.386719 0.808594 0.386719 0.816406 0.394531 0.816406 0.394531 0.808594
0 0.566406 0.792969 0.564453 0.794922 0.535156 0.794922 0.535156 0.802734 0.570312 0.802734 0.572266 0.804688 0.572266 0.806641 0.574219 0.808594 0.574219 0.810547 0.576172 0.812500 0.576172 0.814453 0.578125 0.814453 0.580078 0.816406 0.580078 0.818359 0.583984 0.818359 0.585938 0.820312 0.585938 0.822266 0.587891 0.822266 0.589844 0.824219 0.597656 0.824219 0.599609 0.826172 0.603516 0.826172 0.605469 0.828125 0.615234 0.828125 0.617188 0.830078 0.617188 0.832031 0.628906 0.832031 0.630859 0.833984 0.632812 0.833984 0.634766 0.835938 0.636719 0.835938 0.640625 0.839844 0.640625 0.841797 0.638672 0.843750 0.638672 0.845703 0.636719 0.847656 0.634766 0.847656 0.634766 0.853516 0.632812 0.855469 0.626953 0.855469 0.625000 0.857422 0.625000 0.859375 0.621094 0.863281 0.621094 0.884766 0.623047 0.884766 0.625000 0.886719 0.625000 0.890625 0.626953 0.892578 0.630859 0.892578 0.632812 0.894531 0.634766 0.894531 0.636719 0.896484 0.636719 0.900391 0.638672 0.900391 0.642578 0.904297 0.642578 0.906250 0.646484 0.910156 0.648438 0.910156 0.650391 0.912109 0.650391 0.914062 0.648438 0.916016 0.644531 0.916016 0.644531 0.923828 0.656250 0.923828 0.658203 0.921875 0.658203 0.906250 0.656250 0.906250 0.654297 0.904297 0.654297 0.902344 0.648438 0.896484 0.648438 0.894531 0.646484 0.894531 0.644531 0.892578 0.642578 0.892578 0.640625 0.890625 0.640625 0.886719 0.638672 0.884766 0.634766 0.884766 0.632812 0.882812 0.632812 0.880859 0.630859 0.880859 0.628906 0.878906 0.628906 0.871094 0.630859 0.869141 0.630859 0.867188 0.634766 0.863281 0.638672 0.863281 0.638672 0.859375 0.640625 0.857422 0.642578 0.857422 0.644531 0.855469 0.646484 0.855469 0.646484 0.851562 0.648438 0.849609 0.648438 0.832031 0.646484 0.830078 0.644531 0.830078 0.642578 0.828125 0.640625 0.828125 0.638672 0.826172 0.634766 0.826172 0.632812 0.824219 0.619141 0.824219 0.617188 0.822266 0.617188 0.820312 0.613281 0.820312 0.611328 0.818359 0.605469 0.818359 0.603516 0.816406 0.595703 0.816406 0.593750 0.814453 0.591797 0.814453 0.589844 0.812500 0.589844 0.810547 0.585938 0.810547 0.583984 0.808594 0.583984 0.806641 0.582031 0.804688 0.582031 0.800781 0.580078 0.798828 0.580078 0.794922 0.578125 0.792969
0 0.390625 0.792969 0.390625 0.800781 0.398438 0.800781 0.398438 0.792969
0 0.466797 0.755859 0.466797 0.767578 0.468750 0.769531 0.468750 0.771484 0.470703 0.771484 0.474609 0.775391 0.478516 0.775391 0.480469 0.777344 0.480469 0.779297 0.484375 0.779297 0.486328 0.781250 0.486328 0.785156 0.488281 0.787109 0.492188 0.787109 0.494141 0.789062 0.494141 0.792969 0.496094 0.792969 0.498047 0.794922 0.500000 0.794922 0.501953 0.796875 0.503906 0.796875 0.505859 0.798828 0.507812 0.798828 0.509766 0.800781 0.509766 0.802734 0.531250 0.802734 0.531250 0.794922 0.515625 0.794922 0.513672 0.792969 0.513672 0.791016 0.511719 0.791016 0.507812 0.787109 0.503906 0.787109 0.501953 0.785156 0.500000 0.785156 0.498047 0.783203 0.498047 0.779297 0.496094 0.779297 0.494141 0.777344 0.492188 0.777344 0.490234 0.775391 0.490234 0.771484 0.488281 0.771484 0.486328 0.769531 0.486328 0.767578 0.484375 0.767578 0.480469 0.763672 0.478516 0.763672 0.474609 0.759766 0.474609 0.755859
0 0.365234 0.744141 0.365234 0.751953 0.371094 0.751953 0.373047 0.753906 0.373047 0.755859 0.376953 0.755859 0.378906 0.757812 0.378906 0.761719 0.382812 0.761719 0.384766 0.763672 0.384766 0.769531 0.388672 0.769531 0.390625 0.771484 0.390625 0.773438 0.392578 0.775391 0.392578 0.785156 0.400391 0.785156 0.400391 0.767578 0.398438 0.765625 0.394531 0.765625 0.392578 0.763672 0.392578 0.759766 0.388672 0.759766 0.386719 0.757812 0.386719 0.753906 0.382812 0.753906 0.380859 0.751953 0.380859 0.748047 0.375000 0.748047 0.373047 0.746094 0.373047 0.744141
0 0.314453 0.732422 0.314453 0.738281 0.312500 0.740234 0.308594 0.740234 0.308594 0.742188 0.306641 0.744141 0.302734 0.744141 0.302734 0.748047 0.300781 0.750000 0.296875 0.750000 0.292969 0.746094 0.292969 0.744141 0.289062 0.744141 0.287109 0.742188 0.287109 0.738281 0.279297 0.738281 0.279297 0.746094 0.283203 0.746094 0.285156 0.748047 0.285156 0.751953 0.287109 0.753906 0.287109 0.755859 0.294922 0.755859 0.296875 0.757812 0.304688 0.757812 0.304688 0.753906 0.306641 0.751953 0.310547 0.751953 0.310547 0.750000 0.312500 0.748047 0.316406 0.748047 0.316406 0.742188 0.318359 0.740234 0.345703 0.740234 0.347656 0.742188 0.355469 0.742188 0.355469 0.734375 0.351562 0.734375 0.349609 0.732422
0 0.265625 0.710938 0.265625 0.718750 0.273438 0.718750 0.273438 0.710938
0 0.257812 0.693359 0.257812 0.701172 0.265625 0.701172 0.265625 0.693359
0 0.238281 0.617188 0.238281 0.625000 0.240234 0.625000 0.242188 0.626953 0.242188 0.632812 0.240234 0.634766 0.238281 0.634766 0.238281 0.652344 0.240234 0.652344 0.242188 0.654297 0.242188 0.667969 0.244141 0.667969 0.246094 0.669922 0.246094 0.675781 0.251953 0.675781 0.253906 0.677734 0.253906 0.681641 0.261719 0.681641 0.261719 0.673828 0.255859 0.673828 0.253906 0.671875 0.253906 0.667969 0.251953 0.667969 0.250000 0.666016 0.250000 0.650391 0.248047 0.650391 0.246094 0.648438 0.246094 0.638672 0.248047 0.636719 0.250000 0.636719 0.250000 0.626953 0.248047 0.626953 0.246094 0.625000 0.246094 0.617188
0 0.232422 0.605469 0.232422 0.613281 0.240234 0.613281 0.240234 0.605469
0 0.363281 0.589844 0.363281 0.599609 0.373047 0.599609 0.373047 0.589844
0 0.343750 0.585938 0.343750 0.595703 0.347656 0.595703 0.349609 0.597656 0.349609 0.599609 0.359375 0.599609 0.359375 0.589844 0.357422 0.587891 0.357422 0.585938
0 0.218750 0.572266 0.218750 0.580078 0.226562 0.580078 0.226562 0.572266
0 0.404297 0.562500 0.404297 0.576172 0.406250 0.578125 0.402344 0.582031 0.396484 0.582031 0.396484 0.587891 0.394531 0.589844 0.380859 0.589844 0.380859 0.599609 0.400391 0.599609 0.400391 0.593750 0.402344 0.591797 0.406250 0.591797 0.408203 0.589844 0.414062 0.589844 0.414062 0.587891 0.416016 0.585938 0.416016 0.566406 0.414062 0.564453 0.414062 0.562500
0 0.208984 0.552734 0.208984 0.560547 0.216797 0.560547 0.216797 0.552734
0 0.798828 0.544922 0.798828 0.556641 0.802734 0.560547 0.802734 0.593750 0.806641 0.597656 0.806641 0.605469 0.808594 0.607422 0.808594 0.609375 0.810547 0.611328 0.810547 0.613281 0.812500 0.615234 0.812500 0.617188 0.814453 0.619141 0.814453 0.623047 0.816406 0.625000 0.816406 0.628906 0.818359 0.630859 0.818359 0.638672 0.820312 0.640625 0.820312 0.644531 0.822266 0.646484 0.822266 0.650391 0.841797 0.650391 0.841797 0.646484 0.843750 0.644531 0.845703 0.644531 0.847656 0.642578 0.847656 0.638672 0.849609 0.636719 0.851562 0.636719 0.851562 0.634766 0.853516 0.632812 0.853516 0.628906 0.855469 0.626953 0.855469 0.621094 0.857422 0.619141 0.859375 0.619141 0.859375 0.613281 0.861328 0.611328 0.863281 0.611328 0.863281 0.605469 0.865234 0.603516 0.867188 0.603516 0.867188 0.597656 0.869141 0.595703 0.873047 0.595703 0.875000 0.597656 0.875000 0.603516 0.876953 0.605469 0.878906 0.605469 0.882812 0.609375 0.886719 0.609375 0.888672 0.611328 0.888672 0.613281 0.892578 0.617188 0.892578 0.619141 0.894531 0.619141 0.898438 0.623047 0.896484 0.625000 0.896484 0.626953 0.894531 0.628906 0.892578 0.628906 0.892578 0.644531 0.894531 0.646484 0.894531 0.650391 0.898438 0.654297 0.898438 0.656250 0.900391 0.656250 0.902344 0.658203 0.904297 0.658203 0.906250 0.660156 0.910156 0.660156 0.912109 0.662109 0.917969 0.662109 0.919922 0.664062 0.919922 0.666016 0.925781 0.666016 0.927734 0.667969 0.931641 0.667969 0.933594 0.669922 0.933594 0.671875 0.937500 0.675781 0.939453 0.675781 0.941406 0.677734 0.941406 0.679688 0.943359 0.681641 0.945312 0.681641 0.947266 0.683594 0.947266 0.685547 0.949219 0.685547 0.951172 0.687500 0.951172 0.689453 0.953125 0.689453 0.955078 0.691406 0.964844 0.691406 0.968750 0.687500 0.968750 0.679688 0.957031 0.679688 0.955078 0.677734 0.953125 0.677734 0.951172 0.675781 0.951172 0.673828 0.947266 0.669922 0.947266 0.667969 0.945312 0.667969 0.941406 0.664062 0.937500 0.664062 0.935547 0.662109 0.935547 0.660156 0.929688 0.660156 0.927734 0.658203 0.921875 0.658203 0.919922 0.656250 0.919922 0.654297 0.916016 0.654297 0.914062 0.652344 0.914062 0.650391 0.910156 0.650391 0.908203 0.648438 0.906250 0.648438 0.904297 0.646484 0.904297 0.644531 0.900391 0.640625 0.900391 0.638672 0.902344 0.636719 0.902344 0.634766 0.904297 0.632812 0.904297 0.630859 0.906250 0.628906 0.906250 0.617188 0.904297 0.615234 0.904297 0.613281 0.902344 0.613281 0.898438 0.609375 0.898438 0.605469 0.894531 0.605469 0.892578 0.603516 0.892578 0.601562 0.890625 0.601562 0.886719 0.597656 0.884766 0.597656 0.882812 0.595703 0.882812 0.591797 0.880859 0.591797 0.878906 0.589844 0.878906 0.587891 0.875000 0.583984 0.875000 0.580078 0.865234 0.580078 0.863281 0.582031 0.863281 0.585938 0.859375 0.589844 0.859375 0.601562 0.857422 0.603516 0.855469 0.603516 0.855469 0.609375 0.853516 0.611328 0.851562 0.611328 0.851562 0.617188 0.849609 0.619141 0.847656 0.619141 0.847656 0.623047 0.845703 0.625000 0.845703 0.626953 0.843750 0.628906 0.843750 0.632812 0.841797 0.634766 0.839844 0.634766 0.837891 0.636719 0.837891 0.640625 0.835938 0.642578 0.832031 0.642578 0.828125 0.638672 0.828125 0.634766 0.826172 0.632812 0.826172 0.623047 0.824219 0.621094 0.824219 0.619141 0.822266 0.617188 0.822266 0.613281 0.820312 0.611328 0.820312 0.609375 0.818359 0.607422 0.818359 0.605469 0.816406 0.603516 0.816406 0.599609 0.814453 0.597656 0.814453 0.589844 0.810547 0.585938 0.810547 0.554688 0.808594 0.552734 0.808594 0.550781 0.806641 0.548828 0.806641 0.544922
0 0.203125 0.533203 0.203125 0.541016 0.210938 0.541016 0.210938 0.533203
0 0.630859 0.523438 0.630859 0.535156 0.632812 0.537109 0.632812 0.552734 0.630859 0.554688 0.630859 0.556641 0.628906 0.558594 0.628906 0.560547 0.626953 0.562500 0.626953 0.564453 0.625000 0.566406 0.625000 0.568359 0.621094 0.572266 0.621094 0.576172 0.619141 0.578125 0.619141 0.580078 0.617188 0.582031 0.615234 0.582031 0.611328 0.585938 0.611328 0.587891 0.609375 0.589844 0.609375 0.591797 0.607422 0.593750 0.603516 0.593750 0.599609 0.597656 0.597656 0.597656 0.593750 0.601562 0.582031 0.601562 0.576172 0.595703 0.574219 0.595703 0.572266 0.593750 0.568359 0.593750 0.566406 0.591797 0.566406 0.589844 0.562500 0.589844 0.560547 0.587891 0.560547 0.585938 0.558594 0.583984 0.558594 0.582031 0.556641 0.582031 0.550781 0.576172 0.541016 0.576172 0.541016 0.583984 0.542969 0.583984 0.546875 0.587891 0.548828 0.587891 0.552734 0.591797 0.552734 0.593750 0.556641 0.593750 0.558594 0.595703 0.558594 0.597656 0.560547 0.599609 0.560547 0.601562 0.566406 0.601562 0.574219 0.609375 0.599609 0.609375 0.601562 0.607422 0.603516 0.607422 0.607422 0.603516 0.609375 0.603516 0.611328 0.601562 0.615234 0.601562 0.615234 0.599609 0.617188 0.597656 0.617188 0.595703 0.623047 0.589844 0.623047 0.587891 0.625000 0.585938 0.628906 0.585938 0.628906 0.580078 0.632812 0.576172 0.632812 0.572266 0.634766 0.570312 0.636719 0.570312 0.636719 0.566406 0.638672 0.564453 0.638672 0.558594 0.640625 0.556641 0.640625 0.531250 0.638672 0.529297 0.638672 0.523438
0 0.197266 0.513672 0.197266 0.521484 0.205078 0.521484 0.205078 0.513672
0 0.193359 0.500000 0.193359 0.507812 0.201172 0.507812 0.201172 0.500000
0 0.226562 0.419922 0.226562 0.427734 0.228516 0.427734 0.230469 0.429688 0.230469 0.437500 0.228516 0.439453 0.220703 0.439453 0.220703 0.443359 0.218750 0.445312 0.218750 0.451172 0.216797 0.453125 0.210938 0.453125 0.210938 0.457031 0.208984 0.458984 0.205078 0.458984 0.205078 0.460938 0.203125 0.462891 0.203125 0.470703 0.201172 0.472656 0.193359 0.472656 0.191406 0.474609 0.191406 0.494141 0.199219 0.494141 0.199219 0.482422 0.201172 0.480469 0.201172 0.472656 0.203125 0.470703 0.210938 0.470703 0.210938 0.468750 0.212891 0.466797 0.212891 0.462891 0.214844 0.460938 0.218750 0.460938 0.218750 0.457031 0.220703 0.455078 0.226562 0.455078 0.226562 0.451172 0.230469 0.447266 0.240234 0.447266 0.240234 0.435547 0.238281 0.433594 0.238281 0.423828 0.236328 0.423828 0.234375 0.421875 0.234375 0.419922
0 0.230469 0.402344 0.230469 0.404297 0.228516 0.406250 0.220703 0.406250 0.218750 0.408203 0.218750 0.416016 0.226562 0.416016 0.228516 0.414062 0.234375 0.414062 0.234375 0.412109 0.236328 0.410156 0.238281 0.410156 0.238281 0.402344
0 0.242188 0.396484 0.242188 0.404297 0.250000 0.404297 0.250000 0.396484
0 0.876953 0.392578 0.876953 0.400391 0.884766 0.400391 0.884766 0.392578
0 0.210938 0.392578 0.210938 0.400391 0.218750 0.400391 0.218750 0.392578
0 0.259766 0.384766 0.259766 0.392578 0.267578 0.392578 0.267578 0.384766
0 0.205078 0.375000 0.205078 0.382812 0.212891 0.382812 0.212891 0.375000
0 0.281250 0.373047 0.281250 0.380859 0.289062 0.380859 0.289062 0.373047
0 0.886719 0.369141 0.886719 0.376953 0.894531 0.376953 0.894531 0.369141
0 0.816406 0.359375 0.816406 0.373047 0.814453 0.375000 0.814453 0.392578 0.816406 0.394531 0.816406 0.396484 0.818359 0.398438 0.818359 0.400391 0.820312 0.400391 0.822266 0.402344 0.822266 0.404297 0.824219 0.404297 0.826172 0.406250 0.826172 0.410156 0.828125 0.410156 0.833984 0.416016 0.833984 0.417969 0.837891 0.417969 0.841797 0.421875 0.841797 0.423828 0.847656 0.429688 0.849609 0.429688 0.851562 0.431641 0.853516 0.431641 0.855469 0.433594 0.855469 0.435547 0.859375 0.435547 0.861328 0.437500 0.861328 0.441406 0.865234 0.441406 0.867188 0.443359 0.871094 0.443359 0.873047 0.445312 0.873047 0.447266 0.875000 0.447266 0.878906 0.451172 0.880859 0.451172 0.882812 0.453125 0.908203 0.453125 0.910156 0.451172 0.925781 0.451172 0.925781 0.443359 0.902344 0.443359 0.900391 0.445312 0.888672 0.445312 0.884766 0.441406 0.882812 0.441406 0.880859 0.439453 0.878906 0.439453 0.876953 0.437500 0.876953 0.435547 0.875000 0.435547 0.873047 0.433594 0.871094 0.433594 0.869141 0.431641 0.869141 0.429688 0.871094 0.427734 0.878906 0.427734 0.878906 0.423828 0.880859 0.421875 0.882812 0.421875 0.882812 0.406250 0.875000 0.406250 0.875000 0.416016 0.873047 0.417969 0.871094 0.417969 0.871094 0.427734 0.869141 0.429688 0.865234 0.429688 0.863281 0.427734 0.861328 0.427734 0.859375 0.425781 0.859375 0.423828 0.857422 0.423828 0.849609 0.416016 0.849609 0.414062 0.847656 0.412109 0.845703 0.412109 0.843750 0.410156 0.841797 0.410156 0.839844 0.408203 0.839844 0.406250 0.837891 0.404297 0.835938 0.404297 0.833984 0.402344 0.833984 0.400391 0.832031 0.400391 0.830078 0.398438 0.830078 0.396484 0.828125 0.394531 0.828125 0.392578 0.826172 0.392578 0.824219 0.390625 0.824219 0.384766 0.822266 0.382812 0.824219 0.380859 0.824219 0.359375
0 0.296875 0.359375 0.296875 0.367188 0.304688 0.367188 0.304688 0.359375
0 0.193359 0.357422 0.193359 0.365234 0.201172 0.365234 0.201172 0.357422
0 0.318359 0.347656 0.318359 0.355469 0.326172 0.355469 0.326172 0.347656
0 0.185547 0.341797 0.185547 0.349609 0.193359 0.349609 0.193359 0.341797
0 0.177734 0.330078 0.177734 0.337891 0.185547 0.337891 0.185547 0.330078
0 0.357422 0.318359 0.357422 0.328125 0.355469 0.330078 0.351562 0.330078 0.351562 0.333984 0.349609 0.335938 0.345703 0.335938 0.345703 0.337891 0.343750 0.339844 0.339844 0.339844 0.339844 0.347656 0.347656 0.347656 0.347656 0.345703 0.349609 0.343750 0.353516 0.343750 0.353516 0.339844 0.355469 0.337891 0.359375 0.337891 0.359375 0.333984 0.361328 0.332031 0.365234 0.332031 0.365234 0.318359
0 0.927734 0.312500 0.927734 0.322266 0.925781 0.324219 0.925781 0.328125 0.923828 0.330078 0.916016 0.330078 0.916016 0.333984 0.914062 0.335938 0.910156 0.335938 0.910156 0.343750 0.908203 0.345703 0.904297 0.345703 0.902344 0.347656 0.898438 0.347656 0.898438 0.351562 0.896484 0.353516 0.894531 0.353516 0.894531 0.355469 0.892578 0.357422 0.888672 0.357422 0.888672 0.365234 0.896484 0.365234 0.896484 0.363281 0.898438 0.361328 0.902344 0.361328 0.902344 0.357422 0.904297 0.355469 0.906250 0.355469 0.908203 0.353516 0.912109 0.353516 0.912109 0.345703 0.914062 0.343750 0.917969 0.343750 0.917969 0.339844 0.919922 0.337891 0.923828 0.337891 0.923828 0.333984 0.925781 0.332031 0.933594 0.332031 0.933594 0.324219 0.935547 0.322266 0.935547 0.312500
0 0.357422 0.304688 0.357422 0.312500 0.365234 0.312500 0.365234 0.304688
0 0.357422 0.292969 0.357422 0.300781 0.365234 0.300781 0.365234 0.292969
0 0.357422 0.281250 0.357422 0.289062 0.365234 0.289062 0.365234 0.281250
0 0.357422 0.259766 0.357422 0.277344 0.365234 0.277344 0.365234 0.259766
0 0.785156 0.248047 0.781250 0.251953 0.781250 0.253906 0.779297 0.255859 0.777344 0.255859 0.775391 0.257812 0.775391 0.259766 0.773438 0.261719 0.771484 0.261719 0.771484 0.263672 0.769531 0.265625 0.767578 0.265625 0.767578 0.277344 0.769531 0.279297 0.769531 0.291016 0.771484 0.292969 0.771484 0.300781 0.775391 0.304688 0.775391 0.314453 0.777344 0.316406 0.777344 0.318359 0.779297 0.320312 0.779297 0.341797 0.781250 0.343750 0.781250 0.357422 0.785156 0.361328 0.787109 0.361328 0.789062 0.363281 0.789062 0.365234 0.791016 0.367188 0.791016 0.371094 0.792969 0.371094 0.794922 0.373047 0.802734 0.373047 0.802734 0.363281 0.800781 0.363281 0.798828 0.361328 0.798828 0.359375 0.796875 0.357422 0.794922 0.357422 0.792969 0.355469 0.792969 0.353516 0.789062 0.349609 0.789062 0.333984 0.787109 0.332031 0.787109 0.312500 0.783203 0.308594 0.783203 0.298828 0.781250 0.296875 0.781250 0.294922 0.779297 0.292969 0.779297 0.287109 0.777344 0.285156 0.777344 0.271484 0.779297 0.269531 0.779297 0.267578 0.781250 0.265625 0.783203 0.265625 0.787109 0.261719 0.789062 0.261719 0.789062 0.259766 0.791016 0.257812 0.792969 0.257812 0.792969 0.248047
0 0.369141 0.210938 0.369141 0.212891 0.367188 0.214844 0.359375 0.214844 0.359375 0.228516 0.357422 0.230469 0.357422 0.253906 0.365234 0.253906 0.365234 0.234375 0.367188 0.232422 0.367188 0.224609 0.369141 0.222656 0.371094 0.222656 0.371094 0.220703 0.373047 0.218750 0.376953 0.218750 0.376953 0.210938
0 0.242188 0.171875 0.242188 0.173828 0.240234 0.175781 0.236328 0.175781 0.236328 0.183594 0.234375 0.185547 0.232422 0.185547 0.232422 0.189453 0.230469 0.191406 0.230469 0.195312 0.228516 0.197266 0.226562 0.197266 0.226562 0.203125 0.224609 0.205078 0.220703 0.205078 0.220703 0.212891 0.218750 0.214844 0.218750 0.218750 0.216797 0.220703 0.214844 0.220703 0.214844 0.224609 0.212891 0.226562 0.210938 0.226562 0.210938 0.230469 0.208984 0.232422 0.205078 0.232422 0.205078 0.234375 0.203125 0.236328 0.203125 0.240234 0.201172 0.242188 0.191406 0.242188 0.191406 0.244141 0.189453 0.246094 0.187500 0.246094 0.187500 0.250000 0.183594 0.253906 0.175781 0.253906 0.175781 0.257812 0.173828 0.259766 0.166016 0.259766 0.166016 0.261719 0.164062 0.263672 0.164062 0.273438 0.162109 0.275391 0.160156 0.275391 0.160156 0.298828 0.162109 0.298828 0.164062 0.300781 0.164062 0.304688 0.166016 0.306641 0.166016 0.312500 0.169922 0.312500 0.171875 0.314453 0.171875 0.322266 0.179688 0.322266 0.179688 0.314453 0.175781 0.314453 0.173828 0.312500 0.173828 0.304688 0.171875 0.302734 0.171875 0.296875 0.169922 0.296875 0.167969 0.294922 0.167969 0.275391 0.169922 0.273438 0.171875 0.273438 0.171875 0.269531 0.173828 0.267578 0.173828 0.263672 0.175781 0.261719 0.183594 0.261719 0.185547 0.259766 0.193359 0.259766 0.193359 0.255859 0.195312 0.253906 0.195312 0.251953 0.197266 0.250000 0.205078 0.250000 0.205078 0.246094 0.207031 0.244141 0.212891 0.244141 0.212891 0.236328 0.214844 0.234375 0.218750 0.234375 0.218750 0.230469 0.220703 0.228516 0.222656 0.228516 0.222656 0.224609 0.224609 0.222656 0.226562 0.222656 0.226562 0.220703 0.228516 0.218750 0.228516 0.212891 0.230469 0.210938 0.234375 0.210938 0.234375 0.201172 0.236328 0.199219 0.238281 0.199219 0.238281 0.195312 0.240234 0.193359 0.240234 0.191406 0.242188 0.189453 0.244141 0.189453 0.244141 0.185547 0.246094 0.183594 0.246094 0.181641 0.248047 0.179688 0.250000 0.179688 0.250000 0.171875