0 0.503906 0.972656 0.503906 0.980469 0.501953 0.982422 0.501953 0.984375 0.500000 0.986328 0.500000 0.990234 0.513672 0.990234 0.515625 0.988281 0.517578 0.988281 0.519531 0.986328 0.519531 0.978516 0.517578 0.976562 0.515625 0.976562 0.513672 0.974609 0.513672 0.972656
0 0.865234 0.962891 0.863281 0.964844 0.863281 0.966797 0.859375 0.970703 0.859375 0.980469 0.857422 0.982422 0.853516 0.982422 0.853516 0.988281 0.851562 0.990234 0.851562 0.992188 0.869141 0.992188 0.869141 0.986328 0.871094 0.984375 0.871094 0.974609 0.869141 0.972656 0.869141 0.966797 0.867188 0.964844 0.867188 0.962891
0 0.554688 0.941406 0.550781 0.945312 0.548828 0.945312 0.548828 0.951172 0.550781 0.953125 0.554688 0.953125 0.556641 0.955078 0.554688 0.957031 0.554688 0.960938 0.560547 0.960938 0.562500 0.962891 0.562500 0.964844 0.572266 0.964844 0.576172 0.960938 0.578125 0.960938 0.580078 0.958984 0.582031 0.958984 0.585938 0.955078 0.585938 0.949219 0.582031 0.945312 0.572266 0.945312 0.572266 0.951172 0.570312 0.953125 0.568359 0.951172 0.564453 0.951172 0.562500 0.953125 0.560547 0.953125 0.558594 0.955078 0.556641 0.953125 0.556641 0.949219 0.558594 0.947266 0.558594 0.941406
0 0.000000 0.269531 0.000000 0.281250 0.001953 0.279297 0.005859 0.279297 0.005859 0.277344 0.007812 0.275391 0.009766 0.275391 0.009766 0.273438 0.011719 0.271484 0.011719 0.269531
0 0.455078 0.263672 0.455078 0.269531 0.460938 0.269531 0.460938 0.263672
0 0.460938 0.238281 0.460938 0.242188 0.464844 0.246094 0.462891 0.248047 0.458984 0.248047 0.457031 0.246094 0.457031 0.244141 0.453125 0.244141 0.451172 0.242188 0.447266 0.242188 0.447266 0.248047 0.453125 0.253906 0.462891 0.253906 0.462891 0.248047 0.464844 0.246094 0.466797 0.248047 0.466797 0.255859 0.468750 0.255859 0.470703 0.257812 0.472656 0.255859 0.472656 0.244141 0.468750 0.240234 0.466797 0.240234 0.464844 0.238281
0 0.011719 0.238281 0.011719 0.242188 0.013672 0.240234
0 0.974609 0.205078 0.970703 0.208984 0.970703 0.214844 0.972656 0.214844 0.978516 0.220703 0.978516 0.222656 0.984375 0.222656 0.986328 0.220703 0.992188 0.220703 0.992188 0.212891 0.988281 0.208984 0.986328 0.208984 0.984375 0.207031 0.984375 0.205078
0 0.316406 0.132812 0.316406 0.138672 0.314453 0.140625 0.310547 0.140625 0.310547 0.144531 0.312500 0.146484 0.312500 0.148438 0.318359 0.148438 0.320312 0.150391 0.320312 0.152344 0.322266 0.154297 0.322266 0.158203 0.328125 0.158203 0.330078 0.156250 0.330078 0.150391 0.332031 0.148438 0.337891 0.148438 0.337891 0.142578 0.335938 0.140625 0.332031 0.140625 0.332031 0.148438 0.330078 0.150391 0.326172 0.150391 0.324219 0.148438 0.324219 0.146484 0.320312 0.146484 0.316406 0.142578 0.316406 0.140625 0.318359 0.138672 0.322266 0.138672 0.322266 0.134766 0.320312 0.132812
0 0.912109 0.130859 0.912109 0.134766 0.910156 0.136719 0.908203 0.136719 0.906250 0.138672 0.906250 0.144531 0.908203 0.146484 0.908203 0.154297 0.912109 0.154297 0.917969 0.160156 0.917969 0.167969 0.919922 0.169922 0.919922 0.171875 0.925781 0.171875 0.927734 0.169922 0.929688 0.169922 0.933594 0.166016 0.935547 0.166016 0.937500 0.164062 0.937500 0.158203 0.935547 0.156250 0.933594 0.156250 0.929688 0.152344 0.929688 0.150391 0.927734 0.150391 0.923828 0.146484 0.925781 0.144531 0.927734 0.144531 0.929688 0.142578 0.929688 0.138672 0.927734 0.136719 0.925781 0.136719 0.923828 0.134766 0.923828 0.130859
0 0.960938 0.101562 0.960938 0.107422 0.958984 0.109375 0.957031 0.109375 0.957031 0.117188 0.958984 0.119141 0.958984 0.121094 0.960938 0.121094 0.964844 0.125000 0.972656 0.125000 0.974609 0.126953 0.978516 0.126953 0.980469 0.128906 0.980469 0.134766 0.982422 0.136719 0.982422 0.142578 0.978516 0.146484 0.978516 0.152344 0.980469 0.152344 0.982422 0.154297 0.984375 0.154297 0.986328 0.156250 0.988281 0.156250 0.990234 0.158203 0.992188 0.158203 0.992188 0.115234 0.992188 0.119141 0.986328 0.125000 0.984375 0.123047 0.984375 0.119141 0.986328 0.117188 0.988281 0.117188 0.988281 0.107422 0.978516 0.107422 0.976562 0.109375 0.974609 0.107422 0.972656 0.107422 0.970703 0.105469 0.964844 0.105469
0 0.367188 0.072266 0.363281 0.076172 0.363281 0.082031 0.367188 0.082031 0.369141 0.083984 0.369141 0.085938 0.373047 0.085938 0.375000 0.087891 0.376953 0.087891 0.378906 0.089844 0.378906 0.085938 0.376953 0.083984 0.376953 0.080078 0.375000 0.078125 0.375000 0.076172 0.373047 0.074219 0.373047 0.072266
0 0.402344 0.066406 0.402344 0.068359 0.400391 0.070312 0.398438 0.070312 0.398438 0.072266 0.396484 0.074219 0.394531 0.074219 0.394531 0.076172 0.392578 0.078125 0.392578 0.085938 0.394531 0.087891 0.392578 0.089844 0.392578 0.095703 0.390625 0.097656 0.390625 0.099609 0.386719 0.103516 0.384766 0.103516 0.384766 0.105469 0.382812 0.107422 0.380859 0.107422 0.378906 0.109375 0.376953 0.109375 0.375000 0.111328 0.375000 0.117188 0.376953 0.119141 0.376953 0.121094 0.382812 0.126953 0.382812 0.128906 0.384766 0.130859 0.384766 0.134766 0.382812 0.136719 0.375000 0.136719 0.375000 0.146484 0.371094 0.150391 0.371094 0.158203 0.375000 0.162109 0.375000 0.164062 0.376953 0.166016 0.376953 0.167969 0.378906 0.169922 0.376953 0.171875 0.376953 0.175781 0.378906 0.177734 0.378906 0.179688 0.380859 0.179688 0.382812 0.181641 0.390625 0.181641 0.390625 0.169922 0.388672 0.167969 0.388672 0.166016 0.392578 0.162109 0.392578 0.160156 0.396484 0.156250 0.396484 0.154297 0.402344 0.148438 0.404297 0.148438 0.406250 0.146484 0.408203 0.146484 0.410156 0.144531 0.412109 0.146484 0.412109 0.150391 0.416016 0.150391 0.417969 0.152344 0.423828 0.152344 0.423828 0.148438 0.421875 0.146484 0.417969 0.146484 0.416016 0.148438 0.414062 0.148438 0.412109 0.146484 0.412109 0.142578 0.414062 0.140625 0.414062 0.138672 0.416016 0.136719 0.416016 0.128906 0.417969 0.126953 0.419922 0.126953 0.419922 0.125000 0.421875 0.123047 0.423828 0.123047 0.423828 0.117188 0.421875 0.117188 0.419922 0.115234 0.419922 0.105469 0.417969 0.105469 0.416016 0.103516 0.416016 0.093750 0.417969 0.091797 0.419922 0.091797 0.419922 0.089844 0.416016 0.089844 0.414062 0.087891 0.416016 0.085938 0.414062 0.085938 0.412109 0.083984 0.414062 0.082031 0.416016 0.082031 0.421875 0.076172 0.421875 0.068359 0.416016 0.068359 0.414062 0.070312 0.412109 0.070312 0.410156 0.068359 0.410156 0.066406
0 0.890625 0.054688 0.890625 0.056641 0.888672 0.058594 0.886719 0.058594 0.884766 0.060547 0.884766 0.062500 0.886719 0.064453 0.882812 0.068359 0.880859 0.068359 0.880859 0.070312 0.876953 0.074219 0.876953 0.078125 0.875000 0.080078 0.867188 0.080078 0.857422 0.089844 0.855469 0.089844 0.853516 0.091797 0.853516 0.095703 0.857422 0.099609 0.857422 0.111328 0.855469 0.113281 0.855469 0.115234 0.853516 0.117188 0.853516 0.125000 0.855469 0.126953 0.861328 0.126953 0.861328 0.125000 0.863281 0.123047 0.869141 0.123047 0.871094 0.125000 0.873047 0.125000 0.875000 0.126953 0.878906 0.126953 0.880859 0.128906 0.886719 0.128906 0.888672 0.126953 0.890625 0.126953 0.892578 0.128906 0.898438 0.128906 0.900391 0.126953 0.904297 0.126953 0.906250 0.125000 0.908203 0.125000 0.910156 0.123047 0.912109 0.123047 0.912109 0.109375 0.917969 0.103516 0.917969 0.101562 0.919922 0.099609 0.923828 0.099609 0.923828 0.072266 0.925781 0.070312 0.927734 0.070312 0.927734 0.064453 0.925781 0.062500 0.923828 0.062500 0.921875 0.060547 0.917969 0.060547 0.916016 0.058594 0.916016 0.054688
0 0.923828 0.041016 0.921875 0.042969 0.921875 0.044922 0.919922 0.046875 0.919922 0.048828 0.921875 0.050781 0.925781 0.050781 0.931641 0.056641 0.935547 0.056641 0.935547 0.048828 0.933594 0.046875 0.931641 0.046875 0.925781 0.041016
0 0.763672 0.033203 0.761719 0.035156 0.761719 0.046875 0.767578 0.052734 0.767578 0.056641 0.771484 0.060547 0.779297 0.060547 0.781250 0.062500 0.787109 0.062500 0.789062 0.060547 0.789062 0.044922 0.775391 0.044922 0.773438 0.042969 0.773438 0.039062 0.771484 0.039062 0.767578 0.035156 0.767578 0.033203
0 0.734375 0.019531 0.734375 0.021484 0.730469 0.025391 0.726562 0.025391 0.726562 0.033203 0.732422 0.039062 0.734375 0.039062 0.736328 0.037109 0.738281 0.037109 0.740234 0.035156 0.742188 0.035156 0.748047 0.041016 0.748047 0.042969 0.751953 0.042969 0.755859 0.039062 0.755859 0.037109 0.753906 0.035156 0.753906 0.031250 0.751953 0.029297 0.751953 0.027344 0.750000 0.025391 0.750000 0.019531 0.744141 0.019531 0.740234 0.023438 0.736328 0.019531
0 0.984375 0.005859 0.984375 0.007812 0.982422 0.009766 0.982422 0.013672 0.984375 0.015625 0.988281 0.015625 0.990234 0.017578 0.992188 0.017578 0.992188 0.011719 0.990234 0.009766 0.990234 0.005859
0 0.986328 0.000000 0.988281 0.001953 0.992188 0.001953 0.992188 0.000000
0 0.402344 0.000000 0.402344 0.001953 0.406250 0.005859 0.406250 0.007812 0.408203 0.009766 0.408203 0.013672 0.414062 0.013672 0.414062 0.009766 0.416016 0.007812 0.416016 0.005859 0.417969 0.003906 0.417969 0.000000
0 0.000000 0.000000 0.000000 0.001953 0.001953 0.003906 0.001953 0.005859 0.005859 0.005859 0.007812 0.007812 0.007812 0.009766 0.009766 0.009766 0.011719 0.011719 0.011719 0.013672 0.009766 0.015625 0.000000 0.015625 0.000000 0.056641 0.009766 0.056641 0.011719 0.054688 0.013672 0.054688 0.015625 0.052734 0.017578 0.054688 0.017578 0.060547 0.011719 0.066406 0.007812 0.066406 0.007812 0.068359 0.005859 0.070312 0.000000 0.070312 0.000000 0.123047 0.007812 0.123047 0.009766 0.125000 0.011719 0.123047 0.013672 0.123047 0.015625 0.125000 0.011719 0.128906 0.011719 0.130859 0.013672 0.132812 0.013672 0.134766 0.011719 0.136719 0.003906 0.136719 0.003906 0.138672 0.001953 0.140625 0.000000 0.140625 0.000000 0.208984 0.000000 0.199219 0.001953 0.197266 0.007812 0.197266 0.011719 0.201172 0.011719 0.207031 0.013672 0.208984 0.015625 0.208984 0.017578 0.210938 0.021484 0.210938 0.027344 0.216797 0.029297 0.216797 0.031250 0.218750 0.031250 0.228516 0.035156 0.228516 0.037109 0.230469 0.037109 0.236328 0.039062 0.238281 0.039062 0.242188 0.041016 0.244141 0.046875 0.244141 0.048828 0.242188 0.050781 0.242188 0.052734 0.244141 0.052734 0.250000 0.058594 0.250000 0.060547 0.248047 0.064453 0.248047 0.066406 0.250000 0.066406 0.255859 0.064453 0.257812 0.062500 0.257812 0.062500 0.263672 0.060547 0.265625 0.058594 0.265625 0.058594 0.269531 0.052734 0.275391 0.044922 0.275391 0.044922 0.281250 0.046875 0.283203 0.046875 0.292969 0.048828 0.294922 0.048828 0.296875 0.050781 0.298828 0.050781 0.300781 0.052734 0.302734 0.052734 0.304688 0.054688 0.306641 0.054688 0.310547 0.052734 0.312500 0.042969 0.312500 0.042969 0.314453 0.041016 0.316406 0.039062 0.316406 0.037109 0.314453 0.037109 0.308594 0.031250 0.308594 0.029297 0.306641 0.029297 0.304688 0.023438 0.304688 0.021484 0.302734 0.021484 0.298828 0.011719 0.298828 0.009766 0.300781 0.009766 0.302734 0.005859 0.306641 0.003906 0.306641 0.001953 0.308594 0.000000 0.308594 0.000000 0.318359 0.005859 0.318359 0.007812 0.316406 0.019531 0.316406 0.023438 0.320312 0.023438 0.330078 0.033203 0.330078 0.035156 0.332031 0.035156 0.333984 0.037109 0.333984 0.039062 0.335938 0.037109 0.337891 0.037109 0.343750 0.039062 0.345703 0.039062 0.351562 0.037109 0.353516 0.037109 0.359375 0.035156 0.361328 0.035156 0.363281 0.033203 0.365234 0.027344 0.365234 0.025391 0.363281 0.025391 0.351562 0.023438 0.351562 0.023438 0.353516 0.021484 0.355469 0.021484 0.359375 0.013672 0.367188 0.011719 0.365234 0.011719 0.361328 0.009766 0.361328 0.007812 0.363281 0.005859 0.363281 0.005859 0.369141 0.003906 0.371094 0.001953 0.371094 0.000000 0.369141 0.001953 0.367188 0.001953 0.363281 0.000000 0.363281 0.000000 0.498047 0.001953 0.498047 0.003906 0.500000 0.001953 0.501953 0.007812 0.507812 0.009766 0.507812 0.011719 0.509766 0.011719 0.515625 0.009766 0.517578 0.009766 0.521484 0.007812 0.523438 0.003906 0.519531 0.001953 0.521484 0.000000 0.519531 0.000000 0.679688 0.003906 0.679688 0.005859 0.677734 0.009766 0.677734 0.011719 0.679688 0.011719 0.691406 0.009766 0.693359 0.011719 0.695312 0.011719 0.697266 0.013672 0.697266 0.015625 0.699219 0.015625 0.701172 0.019531 0.705078 0.019531 0.707031 0.021484 0.708984 0.021484 0.716797 0.019531 0.718750 0.011719 0.718750 0.011719 0.720703 0.007812 0.724609 0.007812 0.726562 0.005859 0.728516 0.005859 0.734375 0.003906 0.736328 0.000000 0.736328 0.000000 0.816406 0.001953 0.816406 0.003906 0.818359 0.001953 0.820312 0.000000 0.820312 0.000000 0.992188 0.326172 0.992188 0.328125 0.990234 0.330078 0.990234 0.332031 0.992188 0.410156 0.992188 0.412109 0.990234 0.412109 0.984375 0.410156 0.982422 0.410156 0.980469 0.408203 0.980469 0.406250 0.978516 0.406250 0.974609 0.404297 0.972656 0.406250 0.970703 0.406250 0.968750 0.408203 0.966797 0.414062 0.966797 0.417969 0.962891 0.419922 0.962891 0.421875 0.960938 0.421875 0.957031 0.423828 0.955078 0.425781 0.955078 0.431641 0.960938 0.431641 0.962891 0.433594 0.964844 0.433594 0.968750 0.437500 0.972656 0.437500 0.974609 0.435547 0.976562 0.433594 0.976562 0.433594 0.986328 0.435547 0.988281 0.439453 0.988281 0.443359 0.984375 0.447266 0.988281 0.447266 0.992188 0.492188 0.992188 0.492188 0.988281 0.490234 0.986328 0.490234 0.978516 0.496094 0.972656 0.496094 0.968750 0.500000 0.964844 0.503906 0.964844 0.505859 0.962891 0.509766 0.962891 0.511719 0.960938 0.513672 0.960938 0.515625 0.958984 0.519531 0.958984 0.521484 0.957031 0.525391 0.957031 0.527344 0.955078 0.529297 0.955078 0.529297 0.947266 0.531250 0.945312 0.531250 0.943359 0.533203 0.941406 0.533203 0.939453 0.537109 0.935547 0.537109 0.933594 0.539062 0.931641 0.539062 0.927734 0.537109 0.925781 0.535156 0.925781 0.533203 0.923828 0.527344 0.923828 0.527344 0.931641 0.525391 0.933594 0.523438 0.933594 0.521484 0.931641 0.509766 0.931641 0.507812 0.933594 0.507812 0.935547 0.505859 0.937500 0.505859 0.939453 0.503906 0.941406 0.501953 0.941406 0.496094 0.947266 0.494141 0.947266 0.492188 0.945312 0.486328 0.945312 0.484375 0.943359 0.484375 0.939453 0.486328 0.937500 0.494141 0.937500 0.494141 0.935547 0.498047 0.931641 0.498047 0.929688 0.500000 0.927734 0.500000 0.923828 0.494141 0.923828 0.488281 0.929688 0.486328 0.927734 0.482422 0.927734 0.482422 0.935547 0.484375 0.937500 0.482422 0.939453 0.480469 0.939453 0.478516 0.941406 0.472656 0.941406 0.472656 0.949219 0.466797 0.955078 0.466797 0.958984 0.464844 0.960938 0.462891 0.958984 0.460938 0.958984 0.457031 0.955078 0.457031 0.953125 0.453125 0.953125 0.453125 0.955078 0.451172 0.957031 0.447266 0.957031 0.445312 0.955078 0.445312 0.953125 0.447266 0.951172 0.447266 0.943359 0.449219 0.941406 0.449219 0.937500 0.455078 0.931641 0.455078 0.929688 0.458984 0.925781 0.458984 0.921875 0.455078 0.917969 0.455078 0.914062 0.453125 0.912109 0.453125 0.908203 0.455078 0.906250 0.455078 0.898438 0.457031 0.896484 0.460938 0.900391 0.462891 0.900391 0.464844 0.902344 0.464844 0.908203 0.468750 0.912109 0.468750 0.914062 0.472656 0.914062 0.478516 0.908203 0.480469 0.908203 0.482422 0.906250 0.484375 0.906250 0.484375 0.904297 0.486328 0.902344 0.490234 0.902344 0.490234 0.894531 0.488281 0.894531 0.482422 0.888672 0.482422 0.886719 0.484375 0.884766 0.498047 0.884766 0.501953 0.888672 0.501953 0.892578 0.503906 0.892578 0.505859 0.894531 0.505859 0.896484 0.507812 0.898438 0.509766 0.898438 0.513672 0.902344 0.513672 0.910156 0.515625 0.910156 0.517578 0.912109 0.519531 0.912109 0.521484 0.914062 0.523438 0.914062 0.525391 0.916016 0.529297 0.916016 0.531250 0.917969 0.535156 0.917969 0.537109 0.919922 0.539062 0.919922 0.541016 0.921875 0.544922 0.921875 0.546875 0.919922 0.554688 0.927734 0.554688 0.929688 0.556641 0.931641 0.556641 0.933594 0.564453 0.933594 0.566406 0.931641 0.568359 0.933594 0.568359 0.937500 0.570312 0.939453 0.576172 0.939453 0.576172 0.931641 0.578125 0.929688 0.580078 0.931641 0.580078 0.933594 0.593750 0.933594 0.595703 0.931641 0.603516 0.931641 0.605469 0.933594 0.605469 0.945312 0.615234 0.945312 0.619141 0.941406 0.621094 0.941406 0.623047 0.943359 0.625000 0.943359 0.628906 0.947266 0.628906 0.953125 0.636719 0.953125 0.642578 0.947266 0.644531 0.947266 0.646484 0.945312 0.648438 0.947266 0.648438 0.953125 0.652344 0.957031 0.660156 0.957031 0.662109 0.958984 0.662109 0.960938 0.666016 0.960938 0.666016 0.949219 0.667969 0.947266 0.667969 0.943359 0.673828 0.937500 0.673828 0.935547 0.675781 0.933594 0.677734 0.933594 0.679688 0.935547 0.679688 0.945312 0.681641 0.947266 0.685547 0.947266 0.691406 0.953125 0.695312 0.953125 0.697266 0.951172 0.697266 0.947266 0.701172 0.943359 0.701172 0.939453 0.699219 0.937500 0.699219 0.935547 0.703125 0.931641 0.707031 0.931641 0.712891 0.937500 0.712891 0.945312 0.714844 0.947266 0.718750 0.947266 0.722656 0.951172 0.722656 0.955078 0.720703 0.957031 0.714844 0.957031 0.714844 0.966797 0.712891 0.968750 0.703125 0.968750 0.703125 0.970703 0.701172 0.972656 0.695312 0.972656 0.691406 0.968750 0.691406 0.978516 0.689453 0.980469 0.687500 0.980469 0.685547 0.978516 0.685547 0.976562 0.687500 0.974609 0.687500 0.966797 0.683594 0.966797 0.681641 0.968750 0.679688 0.968750 0.677734 0.970703 0.675781 0.970703 0.675781 0.976562 0.673828 0.978516 0.671875 0.978516 0.667969 0.974609 0.662109 0.974609 0.662109 0.978516 0.667969 0.984375 0.667969 0.990234 0.673828 0.990234 0.675781 0.988281 0.675781 0.986328 0.677734 0.984375 0.679688 0.986328 0.679688 0.992188 0.771484 0.992188 0.771484 0.988281 0.773438 0.986328 0.775391 0.986328 0.777344 0.988281 0.777344 0.990234 0.783203 0.990234 0.783203 0.984375 0.789062 0.978516 0.798828 0.978516 0.800781 0.980469 0.798828 0.982422 0.798828 0.992188 0.800781 0.992188 0.802734 0.990234 0.806641 0.990234 0.808594 0.988281 0.810547 0.990234 0.810547 0.992188 0.814453 0.992188 0.816406 0.990234 0.816406 0.986328 0.814453 0.984375 0.814453 0.982422 0.818359 0.978516 0.822266 0.978516 0.826172 0.982422 0.826172 0.984375 0.830078 0.988281 0.839844 0.988281 0.839844 0.984375 0.845703 0.978516 0.845703 0.976562 0.847656 0.974609 0.849609 0.974609 0.849609 0.972656 0.851562 0.970703 0.851562 0.968750 0.853516 0.966797 0.853516 0.964844 0.857422 0.960938 0.857422 0.945312 0.855469 0.943359 0.855469 0.935547 0.853516 0.933594 0.853516 0.914062 0.859375 0.908203 0.871094 0.908203 0.873047 0.910156 0.873047 0.912109 0.875000 0.914062 0.876953 0.914062 0.878906 0.916016 0.878906 0.919922 0.876953 0.921875 0.876953 0.935547 0.878906 0.937500 0.875000 0.941406 0.878906 0.941406 0.878906 0.939453 0.882812 0.935547 0.884766 0.935547 0.886719 0.933594 0.890625 0.933594 0.892578 0.931641 0.894531 0.933594 0.898438 0.933594 0.902344 0.929688 0.904297 0.929688 0.906250 0.927734 0.908203 0.927734 0.910156 0.925781 0.912109 0.925781 0.917969 0.919922 0.919922 0.919922 0.921875 0.917969 0.923828 0.917969 0.931641 0.910156 0.935547 0.910156 0.937500 0.908203 0.939453 0.908203 0.941406 0.910156 0.941406 0.914062 0.937500 0.917969 0.937500 0.931641 0.935547 0.933594 0.933594 0.933594 0.933594 0.935547 0.931641 0.937500 0.929688 0.935547 0.927734 0.937500 0.925781 0.937500 0.923828 0.939453 0.919922 0.939453 0.919922 0.943359 0.917969 0.945312 0.917969 0.949219 0.914062 0.953125 0.912109 0.951172 0.912109 0.949219 0.910156 0.947266 0.910156 0.945312 0.912109 0.943359 0.910156 0.945312 0.910156 0.949219 0.914062 0.953125 0.914062 0.957031 0.916016 0.957031 0.919922 0.960938 0.919922 0.964844 0.921875 0.966797 0.923828 0.966797 0.939453 0.982422 0.939453 0.984375 0.941406 0.986328 0.941406 0.988281 0.945312 0.988281 0.945312 0.986328 0.947266 0.984375 0.949219 0.984375 0.949219 0.980469 0.951172 0.978516 0.955078 0.982422 0.957031 0.982422 0.958984 0.984375 0.962891 0.984375 0.964844 0.986328 0.966797 0.986328 0.968750 0.988281 0.976562 0.988281 0.976562 0.984375 0.980469 0.980469 0.984375 0.984375 0.984375 0.986328 0.986328 0.988281 0.988281 0.988281 0.992188 0.984375 0.992188 0.849609 0.986328 0.849609 0.984375 0.847656 0.986328 0.845703 0.986328 0.843750 0.988281 0.841797 0.988281 0.839844 0.990234 0.837891 0.990234 0.828125 0.992188 0.826172 0.992188 0.810547 0.990234 0.810547 0.988281 0.808594 0.988281 0.806641 0.992188 0.802734 0.992188 0.791016 0.990234 0.789062 0.982422 0.789062 0.982422 0.792969 0.980469 0.794922 0.980469 0.798828 0.978516 0.800781 0.976562 0.800781 0.976562 0.802734 0.968750 0.810547 0.966797 0.810547 0.960938 0.816406 0.957031 0.816406 0.955078 0.818359 0.947266 0.818359 0.943359 0.814453 0.943359 0.812500 0.937500 0.812500 0.937500 0.816406 0.935547 0.818359 0.933594 0.816406 0.933594 0.812500 0.929688 0.812500 0.927734 0.810547 0.933594 0.804688 0.933594 0.798828 0.931641 0.796875 0.931641 0.794922 0.927734 0.794922 0.927734 0.798828 0.925781 0.800781 0.923828 0.798828 0.919922 0.798828 0.917969 0.800781 0.916016 0.798828 0.912109 0.798828 0.910156 0.796875 0.910156 0.792969 0.912109 0.791016 0.914062 0.791016 0.914062 0.789062 0.916016 0.787109 0.916016 0.783203 0.917969 0.781250 0.919922 0.781250 0.925781 0.787109 0.929688 0.787109 0.931641 0.789062 0.933594 0.789062 0.935547 0.787109 0.935547 0.781250 0.937500 0.779297 0.939453 0.779297 0.939453 0.777344 0.941406 0.775391 0.943359 0.775391 0.945312 0.773438 0.945312 0.769531 0.947266 0.767578 0.947266 0.765625 0.949219 0.763672 0.955078 0.763672 0.957031 0.761719 0.962891 0.761719 0.964844 0.759766 0.970703 0.759766 0.972656 0.761719 0.972656 0.771484 0.976562 0.775391 0.980469 0.775391 0.982422 0.773438 0.984375 0.775391 0.988281 0.775391 0.988281 0.771484 0.990234 0.769531 0.992188 0.769531 0.992188 0.500000 0.980469 0.500000 0.978516 0.498047 0.978516 0.496094 0.966797 0.496094 0.964844 0.494141 0.964844 0.492188 0.966797 0.490234 0.978516 0.490234 0.982422 0.494141 0.990234 0.494141 0.992188 0.496094 0.992188 0.382812 0.972656 0.382812 0.970703 0.380859 0.970703 0.375000 0.972656 0.373047 0.980469 0.373047 0.980469 0.363281 0.982422 0.361328 0.982422 0.353516 0.980469 0.351562 0.982422 0.349609 0.982422 0.347656 0.984375 0.345703 0.984375 0.337891 0.982422 0.335938 0.982422 0.333984 0.980469 0.333984 0.978516 0.332031 0.966797 0.332031 0.962891 0.335938 0.960938 0.335938 0.960938 0.337891 0.958984 0.339844 0.945312 0.339844 0.943359 0.337891 0.943359 0.335938 0.939453 0.335938 0.937500 0.333984 0.937500 0.330078 0.931641 0.330078 0.927734 0.333984 0.927734 0.341797 0.925781 0.343750 0.923828 0.343750 0.916016 0.335938 0.916016 0.332031 0.917969 0.330078 0.919922 0.330078 0.919922 0.328125 0.921875 0.326172 0.923828 0.326172 0.923828 0.324219 0.914062 0.324219 0.910156 0.320312 0.910156 0.308594 0.912109 0.306641 0.914062 0.306641 0.917969 0.302734 0.917969 0.298828 0.919922 0.296875 0.921875 0.296875 0.923828 0.294922 0.925781 0.294922 0.925781 0.289062 0.914062 0.289062 0.912109 0.291016 0.912109 0.292969 0.910156 0.294922 0.906250 0.294922 0.906250 0.296875 0.904297 0.298828 0.902344 0.298828 0.900391 0.296875 0.894531 0.296875 0.892578 0.298828 0.888672 0.298828 0.886719 0.296875 0.884766 0.296875 0.880859 0.292969 0.875000 0.292969 0.871094 0.289062 0.865234 0.289062 0.865234 0.294922 0.867188 0.296875 0.871094 0.296875 0.873047 0.298828 0.873047 0.300781 0.871094 0.302734 0.861328 0.302734 0.857422 0.298828 0.851562 0.298828 0.849609 0.300781 0.845703 0.300781 0.843750 0.298828 0.843750 0.294922 0.837891 0.294922 0.833984 0.298828 0.833984 0.304688 0.835938 0.306641 0.835938 0.310547 0.833984 0.312500 0.826172 0.312500 0.824219 0.314453 0.814453 0.314453 0.812500 0.312500 0.810547 0.312500 0.808594 0.310547 0.806641 0.312500 0.804688 0.312500 0.802734 0.310547 0.802734 0.302734 0.798828 0.302734 0.794922 0.298828 0.794922 0.292969 0.796875 0.291016 0.798828 0.291016 0.798828 0.285156 0.794922 0.285156 0.792969 0.283203 0.791016 0.283203 0.789062 0.281250 0.791016 0.279297 0.791016 0.277344 0.789062 0.277344 0.787109 0.275391 0.787109 0.273438 0.785156 0.273438 0.783203 0.271484 0.783203 0.269531 0.785156 0.267578 0.787109 0.267578 0.787109 0.265625 0.789062 0.263672 0.794922 0.263672 0.794922 0.242188 0.796875 0.240234 0.798828 0.242188 0.802734 0.238281 0.802734 0.234375 0.804688 0.232422 0.808594 0.236328 0.806641 0.238281 0.808594 0.238281 0.812500 0.242188 0.812500 0.244141 0.814453 0.246094 0.814453 0.248047 0.816406 0.250000 0.816406 0.251953 0.820312 0.255859 0.828125 0.255859 0.830078 0.253906 0.830078 0.250000 0.832031 0.248047 0.841797 0.248047 0.841797 0.246094 0.843750 0.244141 0.849609 0.244141 0.849609 0.242188 0.851562 0.240234 0.855469 0.240234 0.857422 0.238281 0.869141 0.238281 0.871094 0.240234 0.876953 0.240234 0.880859 0.244141 0.880859 0.250000 0.878906 0.251953 0.884766 0.257812 0.884766 0.265625 0.888672 0.269531 0.894531 0.269531 0.898438 0.265625 0.904297 0.265625 0.906250 0.267578 0.906250 0.269531 0.912109 0.269531 0.914062 0.271484 0.923828 0.271484 0.925781 0.269531 0.927734 0.269531 0.927734 0.267578 0.931641 0.263672 0.935547 0.263672 0.937500 0.265625 0.945312 0.265625 0.949219 0.269531 0.949219 0.271484 0.953125 0.271484 0.953125 0.263672 0.951172 0.261719 0.951172 0.257812 0.957031 0.251953 0.958984 0.251953 0.958984 0.238281 0.957031 0.238281 0.955078 0.236328 0.955078 0.232422 0.953125 0.230469 0.949219 0.230469 0.947266 0.228516 0.947266 0.212891 0.945312 0.210938 0.947266 0.208984 0.945312 0.208984 0.943359 0.207031 0.937500 0.207031 0.935547 0.205078 0.935547 0.195312 0.933594 0.195312 0.931641 0.193359 0.931641 0.191406 0.929688 0.189453 0.929688 0.187500 0.931641 0.185547 0.933594 0.185547 0.935547 0.187500 0.935547 0.189453 0.937500 0.189453 0.939453 0.191406 0.949219 0.191406 0.951172 0.189453 0.953125 0.189453 0.955078 0.187500 0.960938 0.187500 0.962891 0.185547 0.962891 0.183594 0.964844 0.181641 0.964844 0.173828 0.960938 0.173828 0.958984 0.171875 0.958984 0.167969 0.953125 0.167969 0.951172 0.169922 0.947266 0.166016 0.941406 0.166016 0.935547 0.171875 0.935547 0.175781 0.931641 0.179688 0.929688 0.179688 0.929688 0.183594 0.927734 0.185547 0.917969 0.185547 0.914062 0.189453 0.912109 0.189453 0.910156 0.187500 0.908203 0.187500 0.906250 0.185547 0.906250 0.183594 0.902344 0.183594 0.900391 0.181641 0.900391 0.171875 0.902344 0.169922 0.906250 0.169922 0.906250 0.167969 0.904297 0.167969 0.902344 0.166016 0.902344 0.156250 0.898438 0.152344 0.898438 0.150391 0.890625 0.150391 0.888672 0.152344 0.888672 0.158203 0.892578 0.162109 0.892578 0.164062 0.890625 0.166016 0.882812 0.166016 0.880859 0.164062 0.880859 0.160156 0.878906 0.158203 0.876953 0.158203 0.871094 0.152344 0.845703 0.152344 0.843750 0.150391 0.843750 0.146484 0.841797 0.144531 0.833984 0.144531 0.832031 0.142578 0.832031 0.138672 0.833984 0.136719 0.835938 0.136719 0.835938 0.128906 0.833984 0.126953 0.833984 0.125000 0.835938 0.123047 0.841797 0.123047 0.841797 0.117188 0.839844 0.115234 0.839844 0.109375 0.830078 0.099609 0.830078 0.095703 0.826172 0.091797 0.824219 0.091797 0.822266 0.089844 0.808594 0.089844 0.810547 0.089844 0.812500 0.091797 0.810547 0.093750 0.808594 0.093750 0.808594 0.099609 0.806641 0.101562 0.796875 0.101562 0.794922 0.099609 0.794922 0.095703 0.792969 0.095703 0.791016 0.093750 0.792969 0.091797 0.794922 0.091797 0.794922 0.089844 0.789062 0.089844 0.789062 0.091797 0.787109 0.093750 0.779297 0.093750 0.775391 0.089844 0.773438 0.089844 0.771484 0.087891 0.771484 0.085938 0.773438 0.083984 0.773438 0.078125 0.771484 0.076172 0.771484 0.074219 0.765625 0.074219 0.763672 0.072266 0.761719 0.072266 0.757812 0.068359 0.757812 0.058594 0.755859 0.056641 0.755859 0.052734 0.753906 0.050781 0.753906 0.048828 0.744141 0.048828 0.744141 0.050781 0.742188 0.052734 0.740234 0.050781 0.740234 0.048828 0.738281 0.046875 0.736328 0.046875 0.732422 0.042969 0.726562 0.042969 0.724609 0.044922 0.720703 0.044922 0.718750 0.042969 0.718750 0.035156 0.716797 0.033203 0.716797 0.027344 0.712891 0.023438 0.712891 0.017578 0.714844 0.015625 0.718750 0.015625 0.716797 0.013672 0.716797 0.005859 0.714844 0.003906 0.712891 0.003906 0.708984 0.000000 0.546875 0.000000 0.546875 0.001953 0.544922 0.003906 0.542969 0.003906 0.541016 0.001953 0.541016 0.000000 0.503906 0.000000 0.503906 0.005859 0.501953 0.007812 0.496094 0.007812 0.494141 0.005859 0.494141 0.003906 0.492188 0.001953 0.492188 0.000000 0.421875 0.000000 0.423828 0.001953 0.423828 0.017578 0.429688 0.023438 0.429688 0.029297 0.431641 0.031250 0.431641 0.037109 0.435547 0.041016 0.433594 0.042969 0.423828 0.042969 0.421875 0.044922 0.421875 0.060547 0.423828 0.062500 0.427734 0.062500 0.429688 0.064453 0.431641 0.064453 0.433594 0.066406 0.441406 0.066406 0.443359 0.064453 0.447266 0.064453 0.449219 0.066406 0.449219 0.072266 0.453125 0.072266 0.455078 0.074219 0.458984 0.074219 0.462891 0.078125 0.462891 0.080078 0.464844 0.082031 0.464844 0.083984 0.462891 0.085938 0.460938 0.085938 0.458984 0.083984 0.457031 0.083984 0.455078 0.082031 0.455078 0.080078 0.453125 0.078125 0.451172 0.078125 0.449219 0.076172 0.447266 0.076172 0.445312 0.074219 0.437500 0.074219 0.437500 0.076172 0.431641 0.082031 0.431641 0.087891 0.437500 0.093750 0.437500 0.099609 0.441406 0.099609 0.443359 0.101562 0.445312 0.101562 0.447266 0.099609 0.451172 0.099609 0.453125 0.097656 0.460938 0.097656 0.464844 0.101562 0.464844 0.111328 0.462891 0.113281 0.462891 0.117188 0.460938 0.119141 0.458984 0.119141 0.457031 0.121094 0.451172 0.121094 0.451172 0.123047 0.449219 0.125000 0.449219 0.126953 0.447266 0.128906 0.445312 0.128906 0.439453 0.134766 0.439453 0.146484 0.437500 0.148438 0.437500 0.154297 0.435547 0.156250 0.433594 0.156250 0.433594 0.160156 0.439453 0.160156 0.441406 0.158203 0.441406 0.156250 0.443359 0.154297 0.447266 0.154297 0.453125 0.160156 0.455078 0.160156 0.457031 0.162109 0.457031 0.167969 0.455078 0.169922 0.451172 0.169922 0.451172 0.171875 0.453125 0.173828 0.453125 0.175781 0.455078 0.177734 0.455078 0.183594 0.457031 0.185547 0.458984 0.185547 0.460938 0.187500 0.460938 0.197266 0.464844 0.201172 0.462891 0.203125 0.462891 0.205078 0.460938 0.207031 0.458984 0.207031 0.458984 0.214844 0.462891 0.218750 0.462891 0.220703 0.464844 0.222656 0.464844 0.224609 0.466797 0.226562 0.466797 0.228516 0.470703 0.228516 0.472656 0.230469 0.474609 0.230469 0.476562 0.232422 0.478516 0.230469 0.480469 0.232422 0.486328 0.232422 0.488281 0.234375 0.486328 0.236328 0.486328 0.244141 0.490234 0.248047 0.490234 0.259766 0.488281 0.261719 0.486328 0.259766 0.486328 0.257812 0.484375 0.255859 0.486328 0.253906 0.486328 0.250000 0.482422 0.246094 0.476562 0.246094 0.476562 0.259766 0.478516 0.261719 0.480469 0.261719 0.482422 0.263672 0.482422 0.265625 0.486328 0.265625 0.488281 0.267578 0.488281 0.273438 0.492188 0.273438 0.494141 0.275391 0.498047 0.275391 0.500000 0.273438 0.501953 0.273438 0.505859 0.269531 0.509766 0.269531 0.513672 0.273438 0.515625 0.273438 0.517578 0.275391 0.517578 0.277344 0.513672 0.281250 0.511719 0.281250 0.511719 0.291016 0.513672 0.292969 0.517578 0.292969 0.521484 0.296875 0.527344 0.296875 0.531250 0.292969 0.533203 0.292969 0.533203 0.291016 0.535156 0.289062 0.537109 0.289062 0.537109 0.287109 0.539062 0.285156 0.541016 0.285156 0.542969 0.287109 0.542969 0.294922 0.552734 0.294922 0.554688 0.292969 0.554688 0.291016 0.556641 0.289062 0.558594 0.289062 0.562500 0.292969 0.560547 0.294922 0.558594 0.294922 0.556641 0.296875 0.556641 0.300781 0.564453 0.300781 0.566406 0.298828 0.574219 0.298828 0.574219 0.296875 0.576172 0.294922 0.576172 0.292969 0.578125 0.291016 0.580078 0.291016 0.582031 0.292969 0.582031 0.294922 0.583984 0.296875 0.591797 0.296875 0.591797 0.294922 0.593750 0.292969 0.595703 0.292969 0.597656 0.294922 0.597656 0.296875 0.603516 0.296875 0.603516 0.291016 0.605469 0.289062 0.605469 0.287109 0.609375 0.283203 0.609375 0.271484 0.607422 0.269531 0.607422 0.265625 0.605469 0.263672 0.601562 0.263672 0.599609 0.265625 0.595703 0.261719 0.595703 0.257812 0.597656 0.255859 0.599609 0.255859 0.601562 0.253906 0.603516 0.253906 0.605469 0.251953 0.609375 0.251953 0.611328 0.250000 0.613281 0.251953 0.621094 0.251953 0.621094 0.246094 0.613281 0.246094 0.611328 0.244141 0.611328 0.232422 0.609375 0.230469 0.609375 0.226562 0.607422 0.224609 0.607422 0.222656 0.609375 0.220703 0.613281 0.220703 0.615234 0.222656 0.615234 0.228516 0.619141 0.228516 0.621094 0.226562 0.625000 0.226562 0.626953 0.228516 0.623047 0.232422 0.623047 0.238281 0.628906 0.238281 0.632812 0.234375 0.634766 0.234375 0.636719 0.236328 0.640625 0.236328 0.642578 0.238281 0.642578 0.240234 0.644531 0.242188 0.644531 0.250000 0.638672 0.255859 0.638672 0.257812 0.636719 0.259766 0.636719 0.263672 0.632812 0.267578 0.632812 0.271484 0.630859 0.273438 0.625000 0.273438 0.625000 0.279297 0.626953 0.281250 0.630859 0.281250 0.632812 0.283203 0.632812 0.285156 0.626953 0.291016 0.625000 0.291016 0.625000 0.294922 0.626953 0.296875 0.626953 0.298828 0.630859 0.302734 0.632812 0.302734 0.638672 0.308594 0.640625 0.308594 0.642578 0.310547 0.642578 0.312500 0.644531 0.314453 0.644531 0.318359 0.642578 0.320312 0.638672 0.320312 0.636719 0.322266 0.632812 0.322266 0.630859 0.324219 0.630859 0.326172 0.626953 0.330078 0.625000 0.330078 0.623047 0.332031 0.623047 0.335938 0.628906 0.341797 0.630859 0.341797 0.632812 0.343750 0.630859 0.345703 0.626953 0.345703 0.625000 0.347656 0.625000 0.349609 0.623047 0.351562 0.621094 0.351562 0.621094 0.353516 0.619141 0.355469 0.619141 0.357422 0.615234 0.361328 0.613281 0.361328 0.607422 0.367188 0.605469 0.365234 0.605469 0.363281 0.603516 0.363281 0.601562 0.361328 0.597656 0.361328 0.595703 0.359375 0.593750 0.359375 0.591797 0.357422 0.585938 0.357422 0.583984 0.355469 0.583984 0.353516 0.582031 0.351562 0.576172 0.351562 0.576172 0.353516 0.574219 0.355469 0.572266 0.355469 0.570312 0.357422 0.570312 0.363281 0.576172 0.369141 0.576172 0.371094 0.578125 0.373047 0.578125 0.375000 0.583984 0.380859 0.585938 0.380859 0.587891 0.382812 0.587891 0.384766 0.585938 0.386719 0.578125 0.386719 0.576172 0.388672 0.576172 0.392578 0.574219 0.394531 0.570312 0.390625 0.566406 0.390625 0.564453 0.388672 0.564453 0.380859 0.562500 0.378906 0.556641 0.378906 0.554688 0.380859 0.554688 0.382812 0.552734 0.384766 0.550781 0.382812 0.550781 0.376953 0.548828 0.375000 0.539062 0.375000 0.539062 0.382812 0.541016 0.384766 0.541016 0.386719 0.537109 0.390625 0.533203 0.390625 0.529297 0.394531 0.529297 0.402344 0.531250 0.404297 0.533203 0.404297 0.535156 0.406250 0.531250 0.410156 0.531250 0.425781 0.535156 0.429688 0.535156 0.431641 0.533203 0.433594 0.527344 0.427734 0.527344 0.425781 0.523438 0.425781 0.523438 0.427734 0.521484 0.429688 0.517578 0.429688 0.513672 0.425781 0.513672 0.421875 0.509766 0.417969 0.509766 0.412109 0.513672 0.408203 0.517578 0.408203 0.517578 0.406250 0.519531 0.404297 0.519531 0.398438 0.507812 0.398438 0.505859 0.396484 0.503906 0.396484 0.501953 0.394531 0.501953 0.392578 0.500000 0.392578 0.498047 0.390625 0.500000 0.388672 0.500000 0.380859 0.503906 0.376953 0.503906 0.369141 0.501953 0.367188 0.501953 0.359375 0.498047 0.359375 0.494141 0.355469 0.494141 0.353516 0.480469 0.339844 0.476562 0.339844 0.474609 0.337891 0.474609 0.333984 0.472656 0.332031 0.472656 0.330078 0.468750 0.330078 0.466797 0.328125 0.466797 0.308594 0.453125 0.294922 0.453125 0.289062 0.451172 0.287109 0.451172 0.279297 0.449219 0.277344 0.449219 0.275391 0.447266 0.273438 0.447266 0.271484 0.441406 0.271484 0.439453 0.273438 0.439453 0.281250 0.441406 0.283203 0.437500 0.287109 0.435547 0.285156 0.433594 0.285156 0.429688 0.281250 0.427734 0.281250 0.425781 0.279297 0.421875 0.279297 0.417969 0.283203 0.416016 0.283203 0.414062 0.285156 0.412109 0.285156 0.408203 0.289062 0.406250 0.287109 0.406250 0.285156 0.404297 0.283203 0.400391 0.283203 0.398438 0.281250 0.398438 0.279297 0.402344 0.275391 0.404297 0.275391 0.406250 0.273438 0.406250 0.253906 0.404297 0.251953 0.402344 0.251953 0.400391 0.250000 0.398438 0.250000 0.396484 0.248047 0.396484 0.240234 0.392578 0.236328 0.388672 0.236328 0.386719 0.234375 0.378906 0.234375 0.378906 0.240234 0.375000 0.244141 0.375000 0.255859 0.373047 0.257812 0.367188 0.257812 0.365234 0.255859 0.365234 0.238281 0.363281 0.238281 0.361328 0.236328 0.361328 0.230469 0.351562 0.230469 0.351562 0.232422 0.349609 0.234375 0.347656 0.234375 0.343750 0.238281 0.343750 0.240234 0.341797 0.242188 0.339844 0.242188 0.339844 0.244141 0.337891 0.246094 0.328125 0.246094 0.326172 0.244141 0.326172 0.242188 0.324219 0.242188 0.322266 0.240234 0.322266 0.234375 0.318359 0.230469 0.320312 0.228516 0.324219 0.228516 0.326172 0.226562 0.328125 0.226562 0.330078 0.224609 0.332031 0.224609 0.333984 0.222656 0.335938 0.222656 0.335938 0.220703 0.339844 0.216797 0.341797 0.216797 0.341797 0.210938 0.339844 0.210938 0.337891 0.208984 0.337891 0.203125 0.339844 0.201172 0.343750 0.201172 0.345703 0.199219 0.347656 0.199219 0.351562 0.195312 0.351562 0.187500 0.349609 0.187500 0.345703 0.183594 0.345703 0.181641 0.343750 0.179688 0.343750 0.175781 0.341797 0.175781 0.333984 0.167969 0.332031 0.167969 0.332031 0.169922 0.326172 0.175781 0.324219 0.175781 0.324219 0.177734 0.322266 0.179688 0.320312 0.179688 0.320312 0.181641 0.318359 0.183594 0.306641 0.183594 0.300781 0.177734 0.300781 0.173828 0.298828 0.173828 0.296875 0.171875 0.296875 0.169922 0.294922 0.167969 0.294922 0.166016 0.292969 0.166016 0.291016 0.164062 0.291016 0.162109 0.289062 0.160156 0.289062 0.158203 0.287109 0.156250 0.279297 0.156250 0.275391 0.160156 0.273438 0.160156 0.271484 0.162109 0.271484 0.164062 0.275391 0.167969 0.275391 0.171875 0.271484 0.175781 0.265625 0.175781 0.263672 0.173828 0.263672 0.171875 0.261719 0.171875 0.259766 0.169922 0.259766 0.167969 0.257812 0.167969 0.253906 0.164062 0.253906 0.162109 0.257812 0.158203 0.267578 0.158203 0.267578 0.156250 0.269531 0.154297 0.271484 0.154297 0.277344 0.148438 0.281250 0.148438 0.283203 0.146484 0.289062 0.146484 0.291016 0.148438 0.298828 0.148438 0.298828 0.146484 0.300781 0.144531 0.300781 0.140625 0.302734 0.138672 0.302734 0.136719 0.304688 0.134766 0.310547 0.134766 0.310547 0.125000 0.312500 0.123047 0.314453 0.123047 0.314453 0.121094 0.316406 0.119141 0.322266 0.119141 0.324219 0.117188 0.324219 0.115234 0.330078 0.109375 0.330078 0.099609 0.332031 0.097656 0.330078 0.095703 0.330078 0.093750 0.332031 0.091797 0.332031 0.089844 0.333984 0.087891 0.337891 0.087891 0.337891 0.076172 0.341797 0.072266 0.347656 0.072266 0.347656 0.064453 0.349609 0.062500 0.351562 0.062500 0.351562 0.050781 0.349609 0.048828 0.349609 0.044922 0.347656 0.042969 0.347656 0.041016 0.345703 0.039062 0.345703 0.037109 0.347656 0.035156 0.347656 0.027344 0.345703 0.027344 0.343750 0.025391 0.337891 0.025391 0.335938 0.027344 0.332031 0.027344 0.330078 0.025391 0.330078 0.023438 0.326172 0.019531 0.312500 0.019531 0.310547 0.017578 0.310547 0.013672 0.306641 0.009766 0.302734 0.009766 0.298828 0.013672 0.294922 0.009766 0.294922 0.007812 0.287109 0.007812 0.287109 0.009766 0.285156 0.011719 0.285156 0.017578 0.283203 0.019531 0.275391 0.019531 0.273438 0.017578 0.265625 0.017578 0.261719 0.021484 0.261719 0.025391 0.265625 0.025391 0.267578 0.027344 0.263672 0.031250 0.261719 0.031250 0.261719 0.035156 0.259766 0.037109 0.259766 0.039062 0.257812 0.041016 0.255859 0.041016 0.251953 0.044922 0.251953 0.046875 0.250000 0.048828 0.250000 0.050781 0.242188 0.058594 0.242188 0.060547 0.240234 0.062500 0.240234 0.064453 0.238281 0.066406 0.236328 0.064453 0.236328 0.062500 0.230469 0.062500 0.228516 0.060547 0.228516 0.054688 0.230469 0.052734 0.234375 0.052734 0.234375 0.041016 0.232422 0.039062 0.232422 0.029297 0.226562 0.023438 0.226562 0.019531 0.224609 0.017578 0.224609 0.011719 0.226562 0.009766 0.230469 0.009766 0.232422 0.007812 0.236328 0.007812 0.240234 0.003906 0.242188 0.003906 0.244141 0.001953 0.248047 0.001953 0.250000 0.000000 0.207031 0.000000 0.207031 0.005859 0.203125 0.009766 0.195312 0.009766 0.195312 0.027344 0.189453 0.033203 0.187500 0.033203 0.185547 0.031250 0.185547 0.029297 0.179688 0.023438 0.179688 0.021484 0.177734 0.021484 0.175781 0.019531 0.175781 0.017578 0.177734 0.015625 0.179688 0.015625 0.179688 0.001953 0.173828 0.001953 0.173828 0.003906 0.171875 0.005859 0.169922 0.003906 0.167969 0.003906 0.166016 0.001953 0.167969 0.000000 0.015625 0.000000 0.013672 0.001953 0.011719 0.001953 0.009766 0.000000