0 0.937500 0.910156 0.935547 0.912109 0.933594 0.912109 0.931641 0.914062 0.931641 0.916016 0.929688 0.917969 0.929688 0.925781 0.931641 0.927734 0.931641 0.929688 0.933594 0.929688 0.933594 0.927734 0.935547 0.925781 0.939453 0.925781 0.945312 0.919922 0.947266 0.919922 0.951172 0.923828 0.951172 0.929688 0.955078 0.933594 0.955078 0.935547 0.960938 0.935547 0.960938 0.923828 0.958984 0.921875 0.957031 0.921875 0.955078 0.919922 0.955078 0.917969 0.953125 0.916016 0.951172 0.916016 0.949219 0.917969 0.947266 0.916016 0.947266 0.914062 0.943359 0.910156
0 0.886719 0.867188 0.884766 0.869141 0.882812 0.869141 0.880859 0.871094 0.880859 0.876953 0.882812 0.878906 0.882812 0.880859 0.884766 0.882812 0.888672 0.882812 0.888672 0.873047 0.890625 0.871094 0.890625 0.867188
0 0.488281 0.837891 0.484375 0.841797 0.484375 0.859375 0.482422 0.861328 0.478516 0.861328 0.476562 0.863281 0.472656 0.863281 0.470703 0.865234 0.470703 0.875000 0.472656 0.876953 0.472656 0.882812 0.474609 0.884766 0.480469 0.884766 0.482422 0.882812 0.503906 0.882812 0.505859 0.880859 0.507812 0.880859 0.507812 0.876953 0.511719 0.873047 0.515625 0.873047 0.515625 0.865234 0.513672 0.863281 0.513672 0.861328 0.505859 0.853516 0.505859 0.851562 0.503906 0.851562 0.500000 0.847656 0.500000 0.845703 0.498047 0.843750 0.498047 0.841797 0.496094 0.841797 0.494141 0.839844 0.494141 0.837891
0 0.982422 0.833984 0.980469 0.835938 0.978516 0.835938 0.976562 0.837891 0.974609 0.837891 0.972656 0.839844 0.970703 0.839844 0.968750 0.841797 0.966797 0.841797 0.966797 0.843750 0.964844 0.845703 0.962891 0.845703 0.960938 0.847656 0.960938 0.849609 0.958984 0.851562 0.958984 0.857422 0.962891 0.857422 0.964844 0.859375 0.964844 0.863281 0.962891 0.865234 0.962891 0.867188 0.964844 0.869141 0.966797 0.869141 0.968750 0.871094 0.968750 0.875000 0.982422 0.888672 0.982422 0.890625 0.980469 0.892578 0.980469 0.898438 0.982422 0.900391 0.990234 0.900391 0.992188 0.902344 0.992188 0.837891 0.990234 0.837891 0.988281 0.835938 0.988281 0.833984
0 0.966797 0.808594 0.962891 0.812500 0.960938 0.812500 0.958984 0.814453 0.955078 0.814453 0.953125 0.816406 0.951172 0.816406 0.951172 0.822266 0.953125 0.824219 0.955078 0.824219 0.957031 0.822266 0.958984 0.822266 0.960938 0.824219 0.960938 0.826172 0.962891 0.826172 0.962891 0.824219 0.968750 0.818359 0.970703 0.818359 0.972656 0.816406 0.972656 0.810547 0.970703 0.808594
0 0.992188 0.804688 0.990234 0.806641 0.990234 0.808594 0.982422 0.816406 0.980469 0.816406 0.978516 0.818359 0.978516 0.820312 0.976562 0.822266 0.976562 0.826172 0.978516 0.826172 0.982422 0.830078 0.988281 0.830078 0.990234 0.828125 0.992188 0.828125
0 0.656250 0.755859 0.650391 0.761719 0.650391 0.763672 0.644531 0.769531 0.642578 0.767578 0.636719 0.767578 0.632812 0.771484 0.632812 0.773438 0.630859 0.775391 0.625000 0.775391 0.623047 0.777344 0.615234 0.777344 0.615234 0.779297 0.613281 0.781250 0.613281 0.785156 0.615234 0.787109 0.619141 0.787109 0.625000 0.792969 0.625000 0.802734 0.626953 0.804688 0.628906 0.804688 0.630859 0.806641 0.636719 0.806641 0.638672 0.808594 0.640625 0.808594 0.646484 0.814453 0.652344 0.814453 0.654297 0.816406 0.656250 0.816406 0.658203 0.818359 0.660156 0.818359 0.662109 0.820312 0.667969 0.820312 0.669922 0.818359 0.669922 0.816406 0.671875 0.814453 0.671875 0.808594 0.673828 0.806641 0.673828 0.804688 0.675781 0.802734 0.677734 0.802734 0.679688 0.800781 0.679688 0.798828 0.677734 0.796875 0.677734 0.794922 0.681641 0.791016 0.681641 0.789062 0.683594 0.787109 0.683594 0.781250 0.685547 0.779297 0.685547 0.773438 0.683594 0.771484 0.675781 0.771484 0.673828 0.773438 0.667969 0.767578 0.667969 0.757812 0.666016 0.755859
0 0.251953 0.699219 0.250000 0.701172 0.250000 0.708984 0.248047 0.710938 0.248047 0.716797 0.253906 0.716797 0.255859 0.714844 0.255859 0.699219
0 0.345703 0.648438 0.345703 0.650391 0.341797 0.654297 0.341797 0.656250 0.339844 0.658203 0.337891 0.658203 0.332031 0.664062 0.322266 0.664062 0.320312 0.666016 0.318359 0.666016 0.318359 0.669922 0.320312 0.669922 0.322266 0.671875 0.322266 0.677734 0.310547 0.689453 0.304688 0.689453 0.304688 0.691406 0.302734 0.693359 0.300781 0.693359 0.300781 0.695312 0.298828 0.697266 0.296875 0.697266 0.294922 0.699219 0.289062 0.699219 0.283203 0.705078 0.283203 0.707031 0.281250 0.708984 0.281250 0.710938 0.279297 0.712891 0.279297 0.720703 0.287109 0.728516 0.289062 0.728516 0.291016 0.730469 0.292969 0.730469 0.294922 0.732422 0.298828 0.728516 0.300781 0.730469 0.302734 0.728516 0.304688 0.730469 0.308594 0.730469 0.310547 0.728516 0.312500 0.728516 0.314453 0.730469 0.316406 0.728516 0.318359 0.728516 0.324219 0.722656 0.322266 0.722656 0.320312 0.720703 0.322266 0.718750 0.332031 0.718750 0.333984 0.720703 0.341797 0.720703 0.343750 0.718750 0.347656 0.718750 0.347656 0.716797 0.349609 0.714844 0.351562 0.714844 0.349609 0.712891 0.349609 0.710938 0.351562 0.708984 0.355469 0.708984 0.357422 0.707031 0.359375 0.707031 0.359375 0.705078 0.361328 0.703125 0.363281 0.703125 0.363281 0.701172 0.369141 0.695312 0.375000 0.695312 0.378906 0.691406 0.382812 0.691406 0.382812 0.677734 0.378906 0.673828 0.378906 0.671875 0.376953 0.671875 0.375000 0.669922 0.375000 0.667969 0.371094 0.664062 0.371094 0.662109 0.369141 0.660156 0.365234 0.660156 0.363281 0.658203 0.363281 0.656250 0.355469 0.648438
0 0.375000 0.634766 0.375000 0.636719 0.373047 0.638672 0.373047 0.650391 0.375000 0.650391 0.376953 0.652344 0.378906 0.652344 0.380859 0.654297 0.382812 0.654297 0.384766 0.656250 0.388672 0.656250 0.388672 0.652344 0.382812 0.646484 0.382812 0.638672 0.380859 0.636719 0.380859 0.634766
0 0.976562 0.609375 0.972656 0.613281 0.974609 0.615234 0.974609 0.619141 0.972656 0.621094 0.972656 0.623047 0.970703 0.625000 0.970703 0.630859 0.978516 0.638672 0.978516 0.640625 0.974609 0.644531 0.972656 0.644531 0.970703 0.646484 0.970703 0.658203 0.972656 0.660156 0.972656 0.662109 0.974609 0.662109 0.978516 0.666016 0.992188 0.666016 0.992188 0.611328 0.986328 0.611328 0.984375 0.609375
0 0.306641 0.554688 0.304688 0.556641 0.302734 0.556641 0.292969 0.566406 0.292969 0.568359 0.289062 0.572266 0.287109 0.572266 0.287109 0.583984 0.294922 0.583984 0.298828 0.587891 0.298828 0.589844 0.308594 0.589844 0.322266 0.576172 0.326172 0.576172 0.326172 0.574219 0.328125 0.572266 0.328125 0.566406 0.326172 0.564453 0.326172 0.560547 0.320312 0.554688
0 0.580078 0.478516 0.580078 0.480469 0.578125 0.482422 0.578125 0.484375 0.574219 0.488281 0.574219 0.494141 0.572266 0.496094 0.572266 0.498047 0.576172 0.498047 0.578125 0.496094 0.578125 0.494141 0.580078 0.492188 0.582031 0.492188 0.583984 0.494141 0.583984 0.501953 0.580078 0.505859 0.580078 0.511719 0.582031 0.511719 0.583984 0.509766 0.583984 0.507812 0.587891 0.503906 0.589844 0.503906 0.591797 0.501953 0.591797 0.500000 0.593750 0.498047 0.595703 0.498047 0.595703 0.482422 0.593750 0.482422 0.589844 0.478516
0 0.640625 0.441406 0.640625 0.447266 0.638672 0.449219 0.638672 0.451172 0.636719 0.453125 0.636719 0.457031 0.634766 0.458984 0.634766 0.474609 0.630859 0.478516 0.628906 0.478516 0.626953 0.480469 0.625000 0.480469 0.623047 0.482422 0.623047 0.484375 0.625000 0.484375 0.626953 0.486328 0.626953 0.500000 0.628906 0.500000 0.630859 0.501953 0.638672 0.501953 0.642578 0.498047 0.642578 0.492188 0.644531 0.490234 0.648438 0.490234 0.650391 0.488281 0.652344 0.488281 0.652344 0.484375 0.650391 0.482422 0.650391 0.474609 0.654297 0.470703 0.654297 0.468750 0.656250 0.466797 0.656250 0.458984 0.654297 0.457031 0.654297 0.453125 0.652344 0.451172 0.652344 0.445312 0.648438 0.441406
0 0.626953 0.437500 0.619141 0.445312 0.619141 0.451172 0.621094 0.453125 0.621094 0.457031 0.628906 0.457031 0.630859 0.455078 0.630859 0.453125 0.632812 0.451172 0.632812 0.441406 0.630859 0.439453 0.630859 0.437500
0 0.552734 0.423828 0.542969 0.433594 0.542969 0.435547 0.541016 0.437500 0.539062 0.437500 0.537109 0.439453 0.537109 0.443359 0.535156 0.445312 0.535156 0.457031 0.537109 0.458984 0.537109 0.462891 0.539062 0.464844 0.539062 0.466797 0.542969 0.470703 0.537109 0.476562 0.537109 0.486328 0.539062 0.488281 0.539062 0.490234 0.542969 0.490234 0.544922 0.492188 0.548828 0.492188 0.550781 0.490234 0.550781 0.488281 0.554688 0.484375 0.554688 0.482422 0.562500 0.474609 0.564453 0.474609 0.564453 0.468750 0.562500 0.466797 0.562500 0.462891 0.564453 0.460938 0.566406 0.460938 0.566406 0.457031 0.572266 0.451172 0.578125 0.451172 0.580078 0.449219 0.580078 0.441406 0.578125 0.439453 0.578125 0.437500 0.576172 0.435547 0.572266 0.435547 0.570312 0.433594 0.570312 0.431641 0.566406 0.427734 0.560547 0.427734 0.556641 0.423828
0 0.304688 0.408203 0.304688 0.412109 0.302734 0.414062 0.298828 0.414062 0.294922 0.417969 0.294922 0.421875 0.296875 0.421875 0.302734 0.427734 0.302734 0.431641 0.296875 0.437500 0.294922 0.437500 0.292969 0.439453 0.289062 0.439453 0.283203 0.445312 0.283203 0.447266 0.277344 0.453125 0.275391 0.453125 0.273438 0.455078 0.271484 0.455078 0.269531 0.453125 0.267578 0.453125 0.265625 0.451172 0.255859 0.451172 0.253906 0.453125 0.251953 0.453125 0.250000 0.455078 0.250000 0.460938 0.253906 0.460938 0.255859 0.462891 0.251953 0.466797 0.250000 0.466797 0.250000 0.468750 0.248047 0.470703 0.248047 0.476562 0.250000 0.478516 0.250000 0.490234 0.251953 0.492188 0.251953 0.496094 0.253906 0.498047 0.253906 0.500000 0.255859 0.501953 0.255859 0.507812 0.251953 0.511719 0.251953 0.515625 0.253906 0.515625 0.255859 0.517578 0.255859 0.527344 0.257812 0.529297 0.259766 0.529297 0.263672 0.533203 0.265625 0.533203 0.267578 0.535156 0.269531 0.533203 0.271484 0.535156 0.277344 0.535156 0.279297 0.537109 0.281250 0.535156 0.283203 0.535156 0.289062 0.529297 0.289062 0.527344 0.296875 0.519531 0.296875 0.517578 0.298828 0.515625 0.298828 0.513672 0.300781 0.511719 0.302734 0.511719 0.304688 0.509766 0.304688 0.496094 0.302734 0.494141 0.310547 0.486328 0.312500 0.486328 0.316406 0.490234 0.314453 0.492188 0.314453 0.498047 0.324219 0.498047 0.328125 0.494141 0.332031 0.494141 0.333984 0.492188 0.333984 0.486328 0.335938 0.484375 0.335938 0.482422 0.337891 0.480469 0.337891 0.474609 0.328125 0.474609 0.324219 0.470703 0.322266 0.470703 0.318359 0.466797 0.318359 0.458984 0.320312 0.457031 0.322266 0.457031 0.324219 0.455078 0.324219 0.443359 0.326172 0.441406 0.326172 0.439453 0.328125 0.437500 0.328125 0.429688 0.333984 0.423828 0.335938 0.423828 0.337891 0.425781 0.337891 0.427734 0.343750 0.427734 0.345703 0.425781 0.345703 0.423828 0.347656 0.421875 0.347656 0.419922 0.349609 0.417969 0.349609 0.412109 0.347656 0.412109 0.345703 0.410156 0.339844 0.410156 0.337891 0.412109 0.332031 0.412109 0.330078 0.414062 0.328125 0.414062 0.322266 0.419922 0.320312 0.419922 0.318359 0.417969 0.318359 0.414062 0.312500 0.408203
0 0.652344 0.320312 0.652344 0.322266 0.650391 0.324219 0.650391 0.326172 0.652344 0.328125 0.654297 0.328125 0.656250 0.330078 0.660156 0.330078 0.660156 0.328125 0.656250 0.324219 0.656250 0.322266 0.654297 0.320312
0 0.832031 0.228516 0.826172 0.234375 0.814453 0.234375 0.812500 0.236328 0.808594 0.236328 0.810547 0.238281 0.810547 0.240234 0.812500 0.242188 0.812500 0.255859 0.818359 0.261719 0.818359 0.285156 0.822266 0.289062 0.822266 0.291016 0.824219 0.291016 0.830078 0.296875 0.832031 0.296875 0.835938 0.300781 0.837891 0.300781 0.839844 0.302734 0.839844 0.304688 0.841797 0.304688 0.843750 0.306641 0.845703 0.306641 0.851562 0.312500 0.851562 0.314453 0.853516 0.314453 0.855469 0.316406 0.861328 0.316406 0.863281 0.314453 0.865234 0.314453 0.869141 0.310547 0.886719 0.310547 0.888672 0.308594 0.890625 0.308594 0.890625 0.304688 0.892578 0.302734 0.892578 0.294922 0.896484 0.291016 0.900391 0.291016 0.902344 0.292969 0.902344 0.302734 0.904297 0.304688 0.912109 0.304688 0.914062 0.302734 0.914062 0.300781 0.916016 0.298828 0.916016 0.287109 0.914062 0.285156 0.914062 0.283203 0.910156 0.279297 0.910156 0.277344 0.908203 0.277344 0.906250 0.275391 0.904297 0.275391 0.902344 0.273438 0.892578 0.273438 0.890625 0.275391 0.888672 0.275391 0.886719 0.273438 0.886719 0.263672 0.884766 0.263672 0.882812 0.261719 0.884766 0.259766 0.884766 0.250000 0.880859 0.246094 0.875000 0.246094 0.875000 0.248047 0.873047 0.250000 0.869141 0.246094 0.869141 0.244141 0.867188 0.246094 0.863281 0.242188 0.863281 0.240234 0.855469 0.240234 0.853516 0.238281 0.845703 0.238281 0.839844 0.232422 0.837891 0.232422 0.835938 0.230469 0.835938 0.228516
0 0.894531 0.000000 0.894531 0.005859 0.892578 0.007812 0.892578 0.015625 0.890625 0.017578 0.890625 0.019531 0.888672 0.021484 0.888672 0.023438 0.886719 0.025391 0.886719 0.037109 0.884766 0.039062 0.884766 0.048828 0.880859 0.052734 0.880859 0.054688 0.878906 0.056641 0.876953 0.056641 0.875000 0.058594 0.875000 0.070312 0.871094 0.074219 0.869141 0.074219 0.867188 0.076172 0.857422 0.076172 0.855469 0.078125 0.855469 0.082031 0.857422 0.083984 0.861328 0.083984 0.863281 0.085938 0.857422 0.091797 0.857422 0.097656 0.859375 0.097656 0.861328 0.099609 0.863281 0.099609 0.865234 0.101562 0.875000 0.101562 0.876953 0.099609 0.880859 0.099609 0.890625 0.109375 0.900391 0.109375 0.902344 0.107422 0.902344 0.101562 0.900391 0.099609 0.900391 0.097656 0.898438 0.097656 0.896484 0.095703 0.900391 0.091797 0.906250 0.091797 0.908203 0.089844 0.908203 0.087891 0.916016 0.080078 0.917969 0.080078 0.917969 0.078125 0.919922 0.076172 0.921875 0.076172 0.921875 0.074219 0.925781 0.070312 0.931641 0.076172 0.939453 0.076172 0.943359 0.072266 0.945312 0.072266 0.947266 0.070312 0.949219 0.070312 0.953125 0.066406 0.955078 0.068359 0.960938 0.068359 0.960938 0.052734 0.953125 0.044922 0.953125 0.039062 0.951172 0.037109 0.951172 0.035156 0.949219 0.035156 0.943359 0.029297 0.943359 0.027344 0.941406 0.025391 0.941406 0.009766 0.943359 0.007812 0.943359 0.005859 0.945312 0.003906 0.945312 0.000000