0 0.990234 0.982422 0.990234 0.988281 0.992188 0.990234 0.990234 0.992188 0.992188 0.992188 0.992188 0.982422
0 0.414062 0.775391 0.412109 0.777344 0.410156 0.777344 0.408203 0.779297 0.398438 0.779297 0.398438 0.781250 0.392578 0.787109 0.392578 0.791016 0.388672 0.794922 0.388672 0.806641 0.390625 0.808594 0.390625 0.818359 0.392578 0.820312 0.392578 0.824219 0.400391 0.824219 0.402344 0.826172 0.414062 0.826172 0.421875 0.818359 0.427734 0.824219 0.427734 0.826172 0.431641 0.826172 0.431641 0.824219 0.433594 0.822266 0.433594 0.820312 0.435547 0.818359 0.435547 0.816406 0.437500 0.814453 0.437500 0.812500 0.443359 0.806641 0.443359 0.798828 0.439453 0.798828 0.435547 0.802734 0.433594 0.802734 0.431641 0.804688 0.429688 0.804688 0.425781 0.800781 0.425781 0.785156 0.416016 0.785156 0.412109 0.781250 0.414062 0.779297
0 0.312500 0.738281 0.312500 0.740234 0.308594 0.744141 0.308594 0.750000 0.304688 0.753906 0.304688 0.755859 0.306641 0.757812 0.312500 0.757812 0.314453 0.759766 0.314453 0.757812 0.308594 0.751953 0.312500 0.748047 0.312500 0.740234 0.314453 0.738281
0 0.466797 0.732422 0.462891 0.736328 0.464844 0.738281 0.468750 0.738281 0.476562 0.746094 0.478516 0.746094 0.482422 0.742188 0.478516 0.738281 0.476562 0.738281 0.474609 0.736328 0.472656 0.736328 0.470703 0.734375 0.470703 0.732422
0 0.673828 0.724609 0.673828 0.728516 0.675781 0.728516 0.677734 0.726562 0.675781 0.724609
0 0.236328 0.722656 0.232422 0.726562 0.230469 0.726562 0.226562 0.730469 0.224609 0.730469 0.222656 0.732422 0.222656 0.734375 0.220703 0.736328 0.220703 0.738281 0.218750 0.740234 0.216797 0.740234 0.214844 0.742188 0.214844 0.744141 0.218750 0.748047 0.218750 0.750000 0.216797 0.751953 0.218750 0.753906 0.218750 0.759766 0.222656 0.763672 0.222656 0.767578 0.220703 0.769531 0.220703 0.771484 0.218750 0.773438 0.216797 0.771484 0.214844 0.773438 0.212891 0.773438 0.210938 0.775391 0.210938 0.777344 0.208984 0.779297 0.208984 0.781250 0.207031 0.783203 0.207031 0.785156 0.212891 0.785156 0.216797 0.781250 0.218750 0.783203 0.224609 0.783203 0.226562 0.785156 0.228516 0.783203 0.230469 0.783203 0.230469 0.777344 0.234375 0.773438 0.250000 0.773438 0.251953 0.771484 0.251953 0.765625 0.250000 0.763672 0.250000 0.761719 0.253906 0.757812 0.253906 0.744141 0.251953 0.744141 0.250000 0.742188 0.244141 0.742188 0.240234 0.738281 0.238281 0.738281 0.236328 0.740234 0.234375 0.740234 0.232422 0.738281 0.232422 0.736328 0.230469 0.734375 0.230469 0.732422 0.236328 0.726562 0.238281 0.726562 0.238281 0.722656
0 0.375000 0.716797 0.373047 0.718750 0.371094 0.718750 0.371094 0.722656 0.367188 0.726562 0.367188 0.728516 0.355469 0.740234 0.341797 0.740234 0.339844 0.742188 0.343750 0.742188 0.345703 0.744141 0.345703 0.746094 0.347656 0.748047 0.347656 0.750000 0.349609 0.751953 0.349609 0.753906 0.351562 0.753906 0.353516 0.755859 0.353516 0.757812 0.355469 0.757812 0.357422 0.759766 0.363281 0.759766 0.365234 0.757812 0.367188 0.757812 0.369141 0.755859 0.371094 0.755859 0.373047 0.753906 0.375000 0.753906 0.375000 0.751953 0.376953 0.750000 0.376953 0.748047 0.382812 0.742188 0.384766 0.742188 0.384766 0.734375 0.388672 0.730469 0.388672 0.724609 0.386719 0.722656 0.386719 0.720703 0.378906 0.720703
0 0.505859 0.708984 0.503906 0.710938 0.500000 0.710938 0.498047 0.712891 0.498047 0.714844 0.501953 0.714844 0.503906 0.712891 0.505859 0.712891 0.507812 0.714844 0.511719 0.714844 0.515625 0.718750 0.517578 0.718750 0.517578 0.714844 0.511719 0.708984
0 0.599609 0.705078 0.595703 0.708984 0.593750 0.708984 0.589844 0.712891 0.587891 0.710938 0.585938 0.710938 0.582031 0.714844 0.574219 0.714844 0.572266 0.712891 0.568359 0.712891 0.564453 0.716797 0.562500 0.716797 0.562500 0.718750 0.556641 0.724609 0.554688 0.724609 0.544922 0.734375 0.542969 0.732422 0.539062 0.736328 0.537109 0.736328 0.539062 0.738281 0.539062 0.742188 0.541016 0.744141 0.541016 0.757812 0.539062 0.759766 0.539062 0.761719 0.537109 0.763672 0.537109 0.765625 0.535156 0.767578 0.533203 0.765625 0.531250 0.765625 0.529297 0.763672 0.529297 0.757812 0.529297 0.759766 0.527344 0.761719 0.525391 0.761719 0.525391 0.767578 0.527344 0.769531 0.527344 0.771484 0.531250 0.775391 0.531250 0.781250 0.529297 0.783203 0.525391 0.783203 0.517578 0.791016 0.517578 0.794922 0.513672 0.798828 0.513672 0.800781 0.511719 0.802734 0.511719 0.812500 0.509766 0.814453 0.509766 0.818359 0.515625 0.818359 0.517578 0.820312 0.519531 0.820312 0.521484 0.818359 0.527344 0.818359 0.529297 0.816406 0.535156 0.816406 0.539062 0.812500 0.546875 0.812500 0.550781 0.808594 0.552734 0.808594 0.556641 0.804688 0.556641 0.802734 0.558594 0.800781 0.558594 0.798828 0.556641 0.796875 0.556641 0.792969 0.560547 0.789062 0.562500 0.789062 0.564453 0.787109 0.566406 0.787109 0.568359 0.785156 0.570312 0.785156 0.572266 0.787109 0.572266 0.789062 0.576172 0.785156 0.580078 0.785156 0.587891 0.777344 0.585938 0.775391 0.585938 0.771484 0.589844 0.767578 0.589844 0.763672 0.591797 0.761719 0.593750 0.761719 0.593750 0.759766 0.595703 0.757812 0.597656 0.757812 0.599609 0.755859 0.599609 0.751953 0.601562 0.750000 0.601562 0.746094 0.603516 0.744141 0.603516 0.742188 0.605469 0.740234 0.605469 0.736328 0.603516 0.734375 0.603516 0.732422 0.605469 0.730469 0.609375 0.730469 0.613281 0.726562 0.613281 0.724609 0.617188 0.720703 0.619141 0.720703 0.621094 0.718750 0.625000 0.718750 0.626953 0.716797 0.628906 0.716797 0.628906 0.714844 0.626953 0.712891 0.626953 0.710938 0.625000 0.710938 0.623047 0.712891 0.619141 0.712891 0.617188 0.714844 0.613281 0.714844 0.611328 0.712891 0.611328 0.710938 0.609375 0.710938 0.607422 0.708984 0.607422 0.707031 0.605469 0.705078 0.603516 0.707031 0.601562 0.705078
0 0.644531 0.687500 0.644531 0.691406 0.646484 0.693359 0.646484 0.701172 0.652344 0.701172 0.654297 0.699219 0.654297 0.695312 0.658203 0.691406 0.660156 0.691406 0.660156 0.687500 0.658203 0.687500 0.656250 0.689453 0.654297 0.689453 0.652344 0.687500
0 0.437500 0.640625 0.437500 0.650391 0.441406 0.650391 0.447266 0.644531 0.447266 0.640625
0 0.480469 0.585938 0.480469 0.589844 0.476562 0.593750 0.476562 0.597656 0.482422 0.597656 0.482422 0.595703 0.484375 0.593750 0.484375 0.585938
0 0.361328 0.580078 0.361328 0.585938 0.367188 0.591797 0.367188 0.593750 0.369141 0.595703 0.369141 0.597656 0.375000 0.597656 0.380859 0.603516 0.380859 0.613281 0.382812 0.613281 0.384766 0.615234 0.384766 0.617188 0.382812 0.619141 0.382812 0.623047 0.384766 0.625000 0.384766 0.626953 0.380859 0.630859 0.380859 0.632812 0.378906 0.634766 0.375000 0.634766 0.373047 0.636719 0.371094 0.636719 0.369141 0.634766 0.367188 0.636719 0.365234 0.636719 0.363281 0.638672 0.363281 0.640625 0.357422 0.646484 0.353516 0.642578 0.353516 0.640625 0.351562 0.638672 0.349609 0.640625 0.347656 0.640625 0.345703 0.638672 0.341797 0.638672 0.339844 0.640625 0.337891 0.640625 0.335938 0.642578 0.335938 0.644531 0.337891 0.646484 0.337891 0.648438 0.339844 0.650391 0.339844 0.652344 0.341797 0.654297 0.343750 0.654297 0.347656 0.658203 0.343750 0.662109 0.343750 0.666016 0.349609 0.666016 0.351562 0.664062 0.351562 0.662109 0.353516 0.660156 0.359375 0.660156 0.361328 0.662109 0.363281 0.662109 0.365234 0.664062 0.365234 0.667969 0.361328 0.671875 0.361328 0.677734 0.357422 0.681641 0.357422 0.685547 0.355469 0.687500 0.355469 0.689453 0.363281 0.689453 0.365234 0.687500 0.367188 0.689453 0.369141 0.689453 0.373047 0.693359 0.373047 0.695312 0.375000 0.697266 0.375000 0.699219 0.376953 0.701172 0.376953 0.703125 0.380859 0.707031 0.380859 0.708984 0.384766 0.708984 0.386719 0.710938 0.388672 0.710938 0.390625 0.708984 0.392578 0.708984 0.394531 0.707031 0.396484 0.707031 0.396484 0.705078 0.398438 0.703125 0.404297 0.703125 0.406250 0.701172 0.414062 0.701172 0.416016 0.699219 0.417969 0.699219 0.417969 0.697266 0.416016 0.697266 0.414062 0.695312 0.414062 0.691406 0.416016 0.689453 0.416016 0.687500 0.414062 0.685547 0.414062 0.669922 0.408203 0.669922 0.408203 0.671875 0.406250 0.673828 0.404297 0.673828 0.402344 0.671875 0.402344 0.669922 0.400391 0.667969 0.400391 0.666016 0.398438 0.666016 0.394531 0.662109 0.400391 0.656250 0.402344 0.656250 0.406250 0.652344 0.414062 0.652344 0.417969 0.648438 0.417969 0.646484 0.419922 0.644531 0.421875 0.644531 0.425781 0.640625 0.425781 0.638672 0.419922 0.638672 0.417969 0.636719 0.417969 0.634766 0.416016 0.632812 0.412109 0.636719 0.410156 0.634766 0.410156 0.630859 0.412109 0.628906 0.412109 0.625000 0.417969 0.619141 0.417969 0.609375 0.414062 0.609375 0.410156 0.605469 0.410156 0.595703 0.412109 0.593750 0.412109 0.589844 0.398438 0.589844 0.396484 0.587891 0.394531 0.587891 0.392578 0.585938 0.390625 0.587891 0.388672 0.587891 0.386719 0.589844 0.384766 0.589844 0.380859 0.585938 0.380859 0.582031 0.378906 0.583984 0.373047 0.583984 0.369141 0.580078
0 0.261719 0.560547 0.257812 0.564453 0.257812 0.566406 0.253906 0.570312 0.253906 0.576172 0.251953 0.578125 0.250000 0.578125 0.236328 0.591797 0.236328 0.593750 0.232422 0.597656 0.232422 0.599609 0.230469 0.601562 0.230469 0.603516 0.226562 0.607422 0.224609 0.607422 0.218750 0.613281 0.218750 0.623047 0.216797 0.625000 0.216797 0.638672 0.214844 0.640625 0.214844 0.644531 0.208984 0.650391 0.207031 0.648438 0.207031 0.646484 0.205078 0.648438 0.207031 0.650391 0.205078 0.652344 0.205078 0.658203 0.201172 0.662109 0.201172 0.667969 0.203125 0.667969 0.205078 0.669922 0.205078 0.681641 0.207031 0.683594 0.208984 0.683594 0.212891 0.687500 0.226562 0.687500 0.228516 0.685547 0.228516 0.677734 0.230469 0.675781 0.230469 0.673828 0.232422 0.671875 0.234375 0.671875 0.236328 0.673828 0.236328 0.675781 0.238281 0.675781 0.244141 0.681641 0.244141 0.685547 0.246094 0.685547 0.248047 0.687500 0.248047 0.691406 0.246094 0.693359 0.246094 0.695312 0.244141 0.697266 0.244141 0.703125 0.246094 0.705078 0.246094 0.708984 0.253906 0.708984 0.255859 0.707031 0.265625 0.707031 0.267578 0.705078 0.269531 0.707031 0.273438 0.707031 0.275391 0.708984 0.275391 0.712891 0.271484 0.716797 0.269531 0.716797 0.261719 0.724609 0.263672 0.726562 0.265625 0.726562 0.273438 0.718750 0.275391 0.720703 0.275391 0.722656 0.277344 0.724609 0.277344 0.730469 0.279297 0.732422 0.281250 0.732422 0.283203 0.730469 0.287109 0.730469 0.287109 0.728516 0.289062 0.726562 0.289062 0.722656 0.294922 0.716797 0.296875 0.716797 0.300781 0.712891 0.304688 0.712891 0.304688 0.710938 0.306641 0.708984 0.302734 0.705078 0.302734 0.699219 0.300781 0.699219 0.300781 0.701172 0.298828 0.703125 0.296875 0.703125 0.294922 0.705078 0.292969 0.705078 0.291016 0.703125 0.291016 0.697266 0.294922 0.693359 0.294922 0.691406 0.292969 0.691406 0.291016 0.689453 0.291016 0.687500 0.292969 0.685547 0.292969 0.683594 0.291016 0.681641 0.291016 0.679688 0.287109 0.675781 0.287109 0.669922 0.289062 0.667969 0.289062 0.664062 0.287109 0.664062 0.285156 0.662109 0.285156 0.660156 0.281250 0.656250 0.279297 0.656250 0.275391 0.652344 0.275391 0.650391 0.273438 0.648438 0.273438 0.646484 0.271484 0.646484 0.269531 0.644531 0.261719 0.644531 0.259766 0.646484 0.259766 0.650391 0.257812 0.652344 0.251953 0.652344 0.248047 0.656250 0.246094 0.656250 0.246094 0.658203 0.242188 0.662109 0.240234 0.660156 0.240234 0.654297 0.238281 0.652344 0.242188 0.648438 0.242188 0.634766 0.244141 0.632812 0.250000 0.632812 0.250000 0.630859 0.251953 0.628906 0.253906 0.628906 0.253906 0.626953 0.255859 0.625000 0.255859 0.623047 0.257812 0.621094 0.257812 0.619141 0.255859 0.617188 0.265625 0.607422 0.267578 0.607422 0.267578 0.597656 0.269531 0.595703 0.269531 0.593750 0.271484 0.591797 0.271484 0.587891 0.273438 0.585938 0.273438 0.580078 0.275391 0.578125 0.275391 0.570312 0.271484 0.570312 0.269531 0.568359 0.269531 0.560547
0 0.875000 0.062500 0.873047 0.064453 0.871094 0.064453 0.869141 0.066406 0.869141 0.076172 0.867188 0.078125 0.867188 0.080078 0.871094 0.083984 0.873047 0.083984 0.875000 0.085938 0.880859 0.085938 0.880859 0.083984 0.882812 0.082031 0.884766 0.082031 0.888672 0.078125 0.888672 0.076172 0.886719 0.074219 0.886719 0.072266 0.884766 0.072266 0.880859 0.068359 0.880859 0.066406 0.878906 0.064453 0.876953 0.064453
0 0.658203 0.044922 0.654297 0.048828 0.652344 0.048828 0.648438 0.052734 0.644531 0.052734 0.644531 0.054688 0.646484 0.056641 0.646484 0.058594 0.648438 0.060547 0.650391 0.060547 0.660156 0.070312 0.666016 0.070312 0.673828 0.062500 0.679688 0.062500 0.679688 0.060547 0.675781 0.056641 0.673828 0.056641 0.671875 0.054688 0.671875 0.052734 0.669922 0.050781 0.669922 0.048828 0.666016 0.044922
0 0.728516 0.033203 0.726562 0.035156 0.724609 0.035156 0.724609 0.037109 0.722656 0.039062 0.722656 0.041016 0.720703 0.042969 0.720703 0.044922 0.722656 0.046875 0.722656 0.050781 0.724609 0.050781 0.726562 0.052734 0.726562 0.054688 0.728516 0.056641 0.734375 0.056641 0.736328 0.054688 0.738281 0.056641 0.742188 0.056641 0.742188 0.054688 0.748047 0.048828 0.748047 0.044922 0.746094 0.042969 0.746094 0.041016 0.744141 0.039062 0.742188 0.039062 0.740234 0.037109 0.740234 0.035156 0.734375 0.035156 0.732422 0.033203
0 0.000000 0.000000 0.000000 0.781250 0.000000 0.777344 0.001953 0.775391 0.009766 0.775391 0.011719 0.777344 0.013672 0.777344 0.015625 0.775391 0.029297 0.775391 0.031250 0.777344 0.031250 0.781250 0.033203 0.783203 0.029297 0.787109 0.027344 0.787109 0.025391 0.789062 0.023438 0.789062 0.023438 0.796875 0.021484 0.798828 0.023438 0.800781 0.023438 0.804688 0.019531 0.808594 0.013672 0.808594 0.009766 0.812500 0.007812 0.810547 0.007812 0.808594 0.000000 0.808594 0.000000 0.880859 0.001953 0.882812 0.001953 0.886719 0.003906 0.886719 0.005859 0.888672 0.005859 0.894531 0.017578 0.894531 0.021484 0.898438 0.021484 0.900391 0.017578 0.904297 0.017578 0.906250 0.015625 0.908203 0.015625 0.910156 0.013672 0.912109 0.011719 0.912109 0.009766 0.910156 0.009766 0.908203 0.007812 0.906250 0.005859 0.906250 0.003906 0.904297 0.001953 0.904297 0.000000 0.902344 0.000000 0.972656 0.003906 0.968750 0.005859 0.968750 0.007812 0.966797 0.009766 0.966797 0.013672 0.962891 0.015625 0.962891 0.017578 0.960938 0.021484 0.960938 0.023438 0.958984 0.027344 0.958984 0.029297 0.960938 0.029297 0.962891 0.025391 0.966797 0.025391 0.970703 0.023438 0.972656 0.025391 0.974609 0.025391 0.976562 0.021484 0.980469 0.021484 0.984375 0.027344 0.990234 0.027344 0.992188 0.119141 0.992188 0.125000 0.986328 0.126953 0.988281 0.132812 0.988281 0.134766 0.990234 0.132812 0.992188 0.935547 0.992188 0.929688 0.992188 0.925781 0.988281 0.925781 0.986328 0.927734 0.984375 0.929688 0.984375 0.929688 0.982422 0.925781 0.978516 0.925781 0.970703 0.927734 0.968750 0.929688 0.968750 0.931641 0.966797 0.931641 0.964844 0.929688 0.962891 0.929688 0.960938 0.927734 0.960938 0.925781 0.958984 0.923828 0.958984 0.923828 0.960938 0.921875 0.962891 0.921875 0.964844 0.919922 0.966797 0.916016 0.962891 0.916016 0.960938 0.914062 0.958984 0.914062 0.955078 0.916016 0.953125 0.917969 0.953125 0.917969 0.951172 0.919922 0.949219 0.925781 0.949219 0.927734 0.947266 0.929688 0.947266 0.929688 0.939453 0.923828 0.939453 0.921875 0.937500 0.921875 0.935547 0.923828 0.933594 0.923828 0.931641 0.925781 0.929688 0.925781 0.927734 0.927734 0.925781 0.933594 0.925781 0.935547 0.927734 0.935547 0.937500 0.949219 0.937500 0.949219 0.935547 0.951172 0.933594 0.953125 0.933594 0.955078 0.935547 0.955078 0.937500 0.964844 0.937500 0.966797 0.939453 0.966797 0.941406 0.964844 0.943359 0.962891 0.943359 0.958984 0.947266 0.957031 0.947266 0.957031 0.953125 0.951172 0.958984 0.951172 0.968750 0.949219 0.970703 0.947266 0.968750 0.943359 0.968750 0.943359 0.970703 0.949219 0.976562 0.951172 0.976562 0.953125 0.978516 0.955078 0.978516 0.957031 0.980469 0.958984 0.980469 0.960938 0.982422 0.962891 0.980469 0.972656 0.980469 0.976562 0.976562 0.978516 0.976562 0.982422 0.972656 0.992188 0.972656 0.992188 0.302734 0.990234 0.302734 0.988281 0.300781 0.988281 0.294922 0.986328 0.292969 0.986328 0.291016 0.982422 0.287109 0.982422 0.283203 0.980469 0.281250 0.980469 0.263672 0.982422 0.261719 0.984375 0.261719 0.990234 0.255859 0.988281 0.253906 0.988281 0.251953 0.986328 0.250000 0.986328 0.248047 0.982422 0.244141 0.982422 0.238281 0.980469 0.236328 0.980469 0.234375 0.976562 0.230469 0.976562 0.228516 0.974609 0.226562 0.974609 0.224609 0.970703 0.220703 0.966797 0.220703 0.964844 0.222656 0.962891 0.222656 0.962891 0.224609 0.960938 0.226562 0.955078 0.226562 0.953125 0.224609 0.953125 0.222656 0.943359 0.222656 0.943359 0.228516 0.941406 0.230469 0.937500 0.230469 0.935547 0.232422 0.937500 0.234375 0.937500 0.240234 0.933594 0.244141 0.931641 0.244141 0.927734 0.248047 0.927734 0.250000 0.919922 0.257812 0.916016 0.257812 0.912109 0.253906 0.912109 0.251953 0.902344 0.242188 0.902344 0.236328 0.894531 0.228516 0.892578 0.228516 0.888672 0.224609 0.867188 0.224609 0.865234 0.226562 0.863281 0.226562 0.859375 0.230469 0.859375 0.234375 0.857422 0.236328 0.851562 0.236328 0.847656 0.240234 0.845703 0.240234 0.843750 0.242188 0.843750 0.244141 0.835938 0.251953 0.833984 0.251953 0.832031 0.253906 0.830078 0.253906 0.828125 0.251953 0.824219 0.251953 0.822266 0.250000 0.818359 0.250000 0.816406 0.248047 0.814453 0.248047 0.812500 0.246094 0.810547 0.246094 0.808594 0.244141 0.802734 0.244141 0.798828 0.248047 0.791016 0.248047 0.789062 0.250000 0.787109 0.250000 0.781250 0.255859 0.781250 0.261719 0.789062 0.261719 0.796875 0.269531 0.796875 0.271484 0.794922 0.273438 0.794922 0.279297 0.789062 0.285156 0.787109 0.285156 0.775391 0.296875 0.775391 0.300781 0.773438 0.302734 0.771484 0.302734 0.771484 0.304688 0.769531 0.306641 0.767578 0.306641 0.765625 0.304688 0.765625 0.298828 0.767578 0.296875 0.767578 0.289062 0.769531 0.287109 0.769531 0.281250 0.765625 0.281250 0.763672 0.283203 0.763672 0.285156 0.759766 0.289062 0.757812 0.289062 0.753906 0.292969 0.753906 0.294922 0.751953 0.296875 0.750000 0.296875 0.748047 0.298828 0.746094 0.298828 0.746094 0.302734 0.744141 0.304688 0.742188 0.304688 0.740234 0.306641 0.740234 0.308594 0.736328 0.312500 0.734375 0.310547 0.732422 0.310547 0.726562 0.316406 0.726562 0.320312 0.720703 0.326172 0.716797 0.326172 0.714844 0.328125 0.714844 0.330078 0.716797 0.332031 0.710938 0.337891 0.710938 0.349609 0.712891 0.351562 0.712891 0.355469 0.710938 0.357422 0.708984 0.357422 0.708984 0.363281 0.707031 0.365234 0.707031 0.367188 0.705078 0.369141 0.707031 0.371094 0.707031 0.375000 0.705078 0.376953 0.705078 0.378906 0.703125 0.380859 0.703125 0.382812 0.701172 0.384766 0.701172 0.386719 0.703125 0.386719 0.705078 0.388672 0.705078 0.396484 0.703125 0.398438 0.701172 0.398438 0.701172 0.402344 0.699219 0.404297 0.697266 0.404297 0.697266 0.406250 0.695312 0.408203 0.693359 0.408203 0.691406 0.406250 0.691406 0.404297 0.685547 0.404297 0.681641 0.408203 0.681641 0.410156 0.679688 0.412109 0.679688 0.417969 0.681641 0.419922 0.681641 0.421875 0.679688 0.423828 0.677734 0.423828 0.677734 0.425781 0.679688 0.427734 0.683594 0.427734 0.687500 0.431641 0.685547 0.433594 0.685547 0.441406 0.687500 0.441406 0.689453 0.443359 0.689453 0.468750 0.691406 0.468750 0.695312 0.472656 0.695312 0.476562 0.697266 0.478516 0.697266 0.482422 0.699219 0.482422 0.699219 0.480469 0.703125 0.476562 0.710938 0.476562 0.712891 0.478516 0.712891 0.496094 0.710938 0.498047 0.708984 0.498047 0.710938 0.500000 0.708984 0.501953 0.708984 0.503906 0.710938 0.503906 0.712891 0.505859 0.712891 0.507812 0.714844 0.505859 0.716797 0.507812 0.716797 0.509766 0.720703 0.513672 0.720703 0.517578 0.722656 0.519531 0.722656 0.523438 0.724609 0.525391 0.724609 0.535156 0.726562 0.537109 0.726562 0.539062 0.724609 0.541016 0.724609 0.542969 0.730469 0.542969 0.732422 0.541016 0.732422 0.539062 0.740234 0.531250 0.742188 0.531250 0.742188 0.529297 0.744141 0.527344 0.748047 0.527344 0.751953 0.531250 0.755859 0.531250 0.761719 0.537109 0.761719 0.541016 0.763672 0.542969 0.765625 0.542969 0.767578 0.544922 0.767578 0.546875 0.769531 0.548828 0.769531 0.554688 0.767578 0.556641 0.767578 0.562500 0.765625 0.564453 0.765625 0.566406 0.767578 0.568359 0.767578 0.572266 0.765625 0.574219 0.765625 0.578125 0.767578 0.580078 0.767578 0.587891 0.769531 0.589844 0.769531 0.595703 0.767578 0.597656 0.767578 0.605469 0.765625 0.607422 0.755859 0.607422 0.753906 0.609375 0.750000 0.605469 0.750000 0.603516 0.748047 0.603516 0.746094 0.601562 0.736328 0.601562 0.734375 0.603516 0.734375 0.609375 0.740234 0.609375 0.740234 0.607422 0.742188 0.605469 0.746094 0.605469 0.748047 0.607422 0.748047 0.609375 0.751953 0.613281 0.751953 0.615234 0.750000 0.617188 0.742188 0.617188 0.738281 0.621094 0.738281 0.623047 0.736328 0.625000 0.736328 0.628906 0.744141 0.628906 0.748047 0.632812 0.753906 0.632812 0.755859 0.634766 0.755859 0.636719 0.759766 0.640625 0.759766 0.644531 0.765625 0.650391 0.763672 0.652344 0.761719 0.652344 0.759766 0.654297 0.755859 0.654297 0.753906 0.656250 0.751953 0.656250 0.746094 0.650391 0.748047 0.648438 0.748047 0.646484 0.746094 0.648438 0.744141 0.648438 0.740234 0.652344 0.736328 0.652344 0.732422 0.648438 0.726562 0.648438 0.726562 0.656250 0.724609 0.658203 0.724609 0.660156 0.720703 0.664062 0.720703 0.666016 0.716797 0.669922 0.716797 0.679688 0.712891 0.683594 0.712891 0.685547 0.708984 0.689453 0.708984 0.691406 0.707031 0.693359 0.705078 0.693359 0.705078 0.699219 0.707031 0.701172 0.705078 0.703125 0.705078 0.707031 0.699219 0.712891 0.697266 0.712891 0.697266 0.718750 0.699219 0.720703 0.695312 0.724609 0.695312 0.730469 0.693359 0.732422 0.693359 0.740234 0.689453 0.744141 0.689453 0.751953 0.693359 0.755859 0.693359 0.757812 0.695312 0.759766 0.695312 0.763672 0.691406 0.767578 0.689453 0.767578 0.687500 0.769531 0.687500 0.773438 0.683594 0.777344 0.681641 0.775391 0.679688 0.775391 0.677734 0.773438 0.675781 0.773438 0.675781 0.777344 0.673828 0.779297 0.667969 0.779297 0.666016 0.777344 0.664062 0.777344 0.660156 0.773438 0.658203 0.773438 0.656250 0.771484 0.656250 0.767578 0.658203 0.765625 0.654297 0.761719 0.656250 0.759766 0.656250 0.755859 0.654297 0.755859 0.652344 0.753906 0.648438 0.757812 0.646484 0.757812 0.644531 0.759766 0.642578 0.757812 0.640625 0.759766 0.638672 0.759766 0.634766 0.755859 0.634766 0.753906 0.636719 0.751953 0.638672 0.751953 0.638672 0.748047 0.636719 0.748047 0.630859 0.753906 0.630859 0.757812 0.634766 0.761719 0.634766 0.765625 0.632812 0.767578 0.632812 0.769531 0.628906 0.773438 0.628906 0.775391 0.626953 0.777344 0.626953 0.785156 0.632812 0.785156 0.634766 0.783203 0.636719 0.783203 0.638672 0.781250 0.640625 0.781250 0.642578 0.783203 0.642578 0.785156 0.646484 0.789062 0.650391 0.789062 0.652344 0.791016 0.654297 0.791016 0.658203 0.794922 0.666016 0.794922 0.667969 0.792969 0.669922 0.792969 0.671875 0.791016 0.675781 0.791016 0.679688 0.787109 0.681641 0.787109 0.681641 0.785156 0.683594 0.783203 0.685547 0.785156 0.685547 0.789062 0.687500 0.789062 0.689453 0.791016 0.689453 0.792969 0.691406 0.794922 0.691406 0.796875 0.699219 0.796875 0.699219 0.785156 0.695312 0.781250 0.695312 0.779297 0.697266 0.777344 0.697266 0.775391 0.699219 0.773438 0.701172 0.775391 0.703125 0.775391 0.707031 0.779297 0.714844 0.779297 0.716797 0.777344 0.720703 0.777344 0.720703 0.775391 0.724609 0.771484 0.726562 0.773438 0.726562 0.775391 0.728516 0.777344 0.730469 0.777344 0.732422 0.779297 0.732422 0.785156 0.730469 0.787109 0.724609 0.787109 0.724609 0.789062 0.720703 0.792969 0.720703 0.794922 0.722656 0.796875 0.722656 0.798828 0.724609 0.800781 0.722656 0.802734 0.720703 0.802734 0.720703 0.804688 0.718750 0.806641 0.712891 0.806641 0.712891 0.808594 0.710938 0.810547 0.710938 0.814453 0.712891 0.816406 0.712891 0.822266 0.710938 0.824219 0.708984 0.822266 0.703125 0.822266 0.701172 0.820312 0.699219 0.820312 0.697266 0.822266 0.695312 0.822266 0.693359 0.820312 0.693359 0.818359 0.685547 0.818359 0.685547 0.824219 0.689453 0.828125 0.685547 0.832031 0.681641 0.832031 0.679688 0.833984 0.675781 0.830078 0.675781 0.826172 0.677734 0.824219 0.677734 0.818359 0.673828 0.822266 0.669922 0.822266 0.667969 0.820312 0.667969 0.816406 0.669922 0.814453 0.669922 0.812500 0.664062 0.818359 0.660156 0.818359 0.658203 0.816406 0.648438 0.816406 0.644531 0.820312 0.642578 0.820312 0.642578 0.824219 0.644531 0.824219 0.646484 0.826172 0.648438 0.826172 0.650391 0.828125 0.646484 0.832031 0.646484 0.839844 0.644531 0.841797 0.642578 0.841797 0.642578 0.843750 0.640625 0.845703 0.636719 0.841797 0.636719 0.835938 0.638672 0.833984 0.638672 0.832031 0.636719 0.830078 0.636719 0.818359 0.634766 0.816406 0.632812 0.818359 0.626953 0.818359 0.623047 0.814453 0.623047 0.812500 0.625000 0.810547 0.625000 0.808594 0.621094 0.808594 0.619141 0.806641 0.619141 0.802734 0.617188 0.800781 0.617188 0.798828 0.613281 0.794922 0.617188 0.791016 0.617188 0.789062 0.611328 0.789062 0.609375 0.787109 0.609375 0.785156 0.613281 0.781250 0.613281 0.773438 0.605469 0.773438 0.599609 0.779297 0.599609 0.783203 0.601562 0.785156 0.597656 0.789062 0.597656 0.792969 0.595703 0.794922 0.593750 0.794922 0.591797 0.792969 0.589844 0.794922 0.587891 0.792969 0.587891 0.794922 0.585938 0.796875 0.583984 0.794922 0.582031 0.796875 0.580078 0.796875 0.576172 0.800781 0.572266 0.796875 0.570312 0.796875 0.568359 0.798828 0.566406 0.798828 0.564453 0.800781 0.564453 0.812500 0.562500 0.814453 0.562500 0.816406 0.558594 0.820312 0.558594 0.822266 0.550781 0.830078 0.542969 0.830078 0.542969 0.832031 0.544922 0.833984 0.542969 0.835938 0.542969 0.839844 0.544922 0.841797 0.544922 0.851562 0.546875 0.853516 0.541016 0.859375 0.537109 0.859375 0.535156 0.857422 0.533203 0.859375 0.533203 0.861328 0.531250 0.863281 0.529297 0.863281 0.529297 0.865234 0.527344 0.867188 0.525391 0.867188 0.525391 0.869141 0.523438 0.871094 0.521484 0.871094 0.521484 0.873047 0.519531 0.875000 0.517578 0.875000 0.515625 0.876953 0.513672 0.875000 0.507812 0.875000 0.505859 0.876953 0.500000 0.876953 0.498047 0.875000 0.494141 0.875000 0.488281 0.880859 0.486328 0.880859 0.484375 0.882812 0.480469 0.882812 0.478516 0.880859 0.480469 0.878906 0.480469 0.876953 0.478516 0.875000 0.476562 0.875000 0.474609 0.876953 0.472656 0.876953 0.470703 0.875000 0.470703 0.867188 0.458984 0.867188 0.455078 0.863281 0.457031 0.861328 0.457031 0.859375 0.458984 0.857422 0.457031 0.855469 0.460938 0.851562 0.462891 0.851562 0.464844 0.849609 0.464844 0.847656 0.468750 0.843750 0.472656 0.843750 0.474609 0.841797 0.476562 0.843750 0.478516 0.843750 0.488281 0.853516 0.490234 0.853516 0.492188 0.855469 0.494141 0.855469 0.498047 0.859375 0.501953 0.859375 0.503906 0.861328 0.503906 0.863281 0.505859 0.863281 0.507812 0.865234 0.511719 0.865234 0.513672 0.867188 0.517578 0.863281 0.517578 0.861328 0.511719 0.855469 0.509766 0.855469 0.501953 0.847656 0.503906 0.845703 0.503906 0.841797 0.498047 0.841797 0.496094 0.839844 0.496094 0.835938 0.492188 0.832031 0.490234 0.832031 0.488281 0.830078 0.488281 0.824219 0.482422 0.824219 0.476562 0.818359 0.476562 0.816406 0.472656 0.812500 0.470703 0.812500 0.468750 0.810547 0.462891 0.816406 0.460938 0.816406 0.460938 0.824219 0.462891 0.824219 0.464844 0.826172 0.464844 0.828125 0.460938 0.832031 0.453125 0.832031 0.451172 0.830078 0.451172 0.826172 0.445312 0.826172 0.443359 0.828125 0.443359 0.832031 0.445312 0.833984 0.445312 0.839844 0.443359 0.841797 0.435547 0.841797 0.435547 0.845703 0.437500 0.845703 0.439453 0.847656 0.441406 0.847656 0.447266 0.853516 0.447266 0.855469 0.449219 0.857422 0.449219 0.859375 0.451172 0.861328 0.449219 0.863281 0.445312 0.863281 0.443359 0.861328 0.429688 0.861328 0.429688 0.863281 0.427734 0.865234 0.425781 0.863281 0.423828 0.863281 0.421875 0.861328 0.421875 0.859375 0.419922 0.859375 0.416016 0.855469 0.416016 0.849609 0.414062 0.847656 0.414062 0.845703 0.410156 0.845703 0.408203 0.843750 0.400391 0.843750 0.400391 0.845703 0.398438 0.847656 0.398438 0.849609 0.392578 0.855469 0.382812 0.855469 0.380859 0.857422 0.380859 0.859375 0.373047 0.867188 0.373047 0.873047 0.375000 0.875000 0.373047 0.876953 0.373047 0.878906 0.371094 0.880859 0.371094 0.882812 0.367188 0.886719 0.365234 0.886719 0.363281 0.888672 0.361328 0.886719 0.361328 0.884766 0.357422 0.884766 0.355469 0.886719 0.353516 0.886719 0.351562 0.884766 0.345703 0.884766 0.343750 0.886719 0.343750 0.888672 0.341797 0.890625 0.341797 0.892578 0.339844 0.894531 0.333984 0.894531 0.332031 0.892578 0.332031 0.890625 0.330078 0.890625 0.328125 0.888672 0.320312 0.888672 0.316406 0.884766 0.308594 0.884766 0.302734 0.878906 0.296875 0.878906 0.296875 0.888672 0.300781 0.892578 0.300781 0.900391 0.296875 0.904297 0.292969 0.904297 0.291016 0.902344 0.289062 0.902344 0.287109 0.900391 0.283203 0.900391 0.279297 0.904297 0.275391 0.904297 0.273438 0.902344 0.269531 0.902344 0.267578 0.904297 0.265625 0.902344 0.265625 0.890625 0.263672 0.888672 0.267578 0.884766 0.269531 0.884766 0.271484 0.882812 0.271484 0.878906 0.275391 0.875000 0.277344 0.875000 0.279297 0.873047 0.279297 0.865234 0.277344 0.865234 0.275391 0.863281 0.275391 0.861328 0.273438 0.861328 0.271484 0.859375 0.269531 0.859375 0.269531 0.863281 0.271484 0.865234 0.271484 0.867188 0.269531 0.869141 0.257812 0.869141 0.255859 0.867188 0.246094 0.867188 0.244141 0.865234 0.242188 0.865234 0.238281 0.861328 0.238281 0.851562 0.240234 0.849609 0.240234 0.847656 0.242188 0.845703 0.232422 0.835938 0.232422 0.833984 0.230469 0.832031 0.230469 0.830078 0.232422 0.828125 0.232422 0.822266 0.234375 0.820312 0.232422 0.818359 0.230469 0.818359 0.228516 0.816406 0.228516 0.814453 0.226562 0.812500 0.226562 0.810547 0.222656 0.810547 0.214844 0.802734 0.214844 0.800781 0.210938 0.800781 0.208984 0.802734 0.191406 0.802734 0.189453 0.804688 0.185547 0.804688 0.183594 0.802734 0.183594 0.798828 0.185547 0.796875 0.185547 0.794922 0.187500 0.792969 0.187500 0.791016 0.189453 0.789062 0.189453 0.783203 0.185547 0.779297 0.185547 0.775391 0.175781 0.775391 0.173828 0.773438 0.171875 0.773438 0.167969 0.769531 0.164062 0.769531 0.162109 0.767578 0.166016 0.763672 0.166016 0.751953 0.167969 0.750000 0.167969 0.746094 0.169922 0.744141 0.169922 0.742188 0.166016 0.738281 0.166016 0.736328 0.162109 0.736328 0.160156 0.734375 0.156250 0.734375 0.154297 0.736328 0.152344 0.736328 0.148438 0.732422 0.148438 0.730469 0.146484 0.730469 0.142578 0.726562 0.136719 0.726562 0.132812 0.722656 0.132812 0.712891 0.128906 0.716797 0.125000 0.716797 0.123047 0.714844 0.121094 0.714844 0.119141 0.712891 0.117188 0.714844 0.115234 0.714844 0.111328 0.718750 0.109375 0.718750 0.107422 0.716797 0.107422 0.714844 0.105469 0.712891 0.105469 0.707031 0.103516 0.705078 0.103516 0.703125 0.105469 0.701172 0.105469 0.697266 0.103516 0.697266 0.101562 0.695312 0.101562 0.687500 0.095703 0.681641 0.095703 0.679688 0.097656 0.677734 0.099609 0.679688 0.103516 0.679688 0.105469 0.681641 0.109375 0.681641 0.111328 0.679688 0.111328 0.677734 0.113281 0.675781 0.113281 0.671875 0.117188 0.667969 0.117188 0.664062 0.119141 0.662109 0.119141 0.654297 0.121094 0.652344 0.117188 0.648438 0.117188 0.646484 0.119141 0.644531 0.125000 0.644531 0.126953 0.646484 0.128906 0.646484 0.130859 0.648438 0.132812 0.646484 0.136719 0.646484 0.140625 0.650391 0.146484 0.650391 0.148438 0.648438 0.148438 0.638672 0.150391 0.636719 0.154297 0.636719 0.158203 0.640625 0.160156 0.640625 0.162109 0.638672 0.162109 0.636719 0.164062 0.634766 0.171875 0.634766 0.171875 0.615234 0.173828 0.613281 0.175781 0.613281 0.175781 0.609375 0.177734 0.607422 0.181641 0.607422 0.183594 0.609375 0.187500 0.609375 0.189453 0.607422 0.191406 0.607422 0.191406 0.605469 0.195312 0.601562 0.197266 0.601562 0.197266 0.597656 0.199219 0.595703 0.199219 0.593750 0.197266 0.593750 0.189453 0.585938 0.189453 0.583984 0.185547 0.580078 0.185547 0.578125 0.183594 0.576172 0.183594 0.574219 0.185547 0.572266 0.185547 0.566406 0.183594 0.564453 0.183594 0.560547 0.187500 0.556641 0.187500 0.554688 0.191406 0.550781 0.195312 0.550781 0.195312 0.548828 0.199219 0.544922 0.201172 0.544922 0.201172 0.542969 0.207031 0.537109 0.208984 0.537109 0.208984 0.533203 0.210938 0.531250 0.210938 0.521484 0.208984 0.519531 0.214844 0.513672 0.214844 0.511719 0.216797 0.509766 0.216797 0.490234 0.220703 0.486328 0.220703 0.482422 0.222656 0.480469 0.222656 0.468750 0.226562 0.464844 0.226562 0.460938 0.228516 0.458984 0.228516 0.457031 0.230469 0.455078 0.232422 0.455078 0.236328 0.451172 0.240234 0.451172 0.242188 0.453125 0.242188 0.457031 0.240234 0.458984 0.240234 0.462891 0.242188 0.464844 0.242188 0.466797 0.244141 0.468750 0.244141 0.470703 0.248047 0.474609 0.248047 0.476562 0.253906 0.482422 0.261719 0.482422 0.263672 0.480469 0.271484 0.480469 0.273438 0.482422 0.275391 0.482422 0.289062 0.496094 0.289062 0.498047 0.287109 0.500000 0.287109 0.507812 0.285156 0.509766 0.285156 0.513672 0.281250 0.517578 0.281250 0.525391 0.279297 0.527344 0.281250 0.527344 0.283203 0.529297 0.287109 0.529297 0.291016 0.533203 0.291016 0.537109 0.292969 0.539062 0.292969 0.541016 0.294922 0.542969 0.294922 0.544922 0.298828 0.544922 0.300781 0.546875 0.300781 0.552734 0.302734 0.554688 0.312500 0.554688 0.314453 0.552734 0.316406 0.554688 0.318359 0.554688 0.322266 0.558594 0.322266 0.560547 0.332031 0.570312 0.332031 0.572266 0.333984 0.572266 0.337891 0.576172 0.337891 0.578125 0.343750 0.578125 0.347656 0.574219 0.347656 0.572266 0.349609 0.570312 0.349609 0.566406 0.351562 0.564453 0.351562 0.562500 0.347656 0.558594 0.349609 0.556641 0.349609 0.554688 0.353516 0.550781 0.357422 0.550781 0.359375 0.548828 0.361328 0.550781 0.361328 0.552734 0.359375 0.554688 0.359375 0.558594 0.365234 0.558594 0.365234 0.556641 0.375000 0.546875 0.376953 0.546875 0.382812 0.552734 0.380859 0.554688 0.380859 0.556641 0.378906 0.558594 0.378906 0.562500 0.384766 0.562500 0.388672 0.558594 0.388672 0.556641 0.390625 0.554688 0.390625 0.552734 0.392578 0.550781 0.392578 0.546875 0.394531 0.544922 0.394531 0.541016 0.398438 0.537109 0.398438 0.533203 0.400391 0.531250 0.400391 0.529297 0.402344 0.527344 0.404297 0.527344 0.404297 0.525391 0.408203 0.521484 0.410156 0.521484 0.412109 0.523438 0.414062 0.523438 0.416016 0.525391 0.416016 0.537109 0.417969 0.539062 0.417969 0.541016 0.423828 0.541016 0.425781 0.542969 0.425781 0.544922 0.445312 0.544922 0.451172 0.539062 0.453125 0.539062 0.455078 0.541016 0.455078 0.542969 0.457031 0.544922 0.464844 0.544922 0.466797 0.542969 0.468750 0.542969 0.472656 0.546875 0.476562 0.546875 0.480469 0.550781 0.480469 0.562500 0.490234 0.562500 0.492188 0.560547 0.492188 0.558594 0.494141 0.556641 0.494141 0.554688 0.496094 0.552734 0.496094 0.550781 0.507812 0.539062 0.509766 0.539062 0.513672 0.535156 0.515625 0.535156 0.519531 0.531250 0.523438 0.531250 0.525391 0.529297 0.527344 0.529297 0.529297 0.527344 0.531250 0.527344 0.531250 0.525391 0.533203 0.523438 0.539062 0.523438 0.539062 0.521484 0.542969 0.517578 0.544922 0.517578 0.544922 0.505859 0.542969 0.503906 0.546875 0.500000 0.544922 0.498047 0.550781 0.492188 0.556641 0.492188 0.558594 0.494141 0.564453 0.494141 0.568359 0.490234 0.568359 0.466797 0.578125 0.457031 0.582031 0.457031 0.583984 0.458984 0.583984 0.460938 0.589844 0.460938 0.591797 0.462891 0.593750 0.462891 0.595703 0.464844 0.597656 0.464844 0.599609 0.466797 0.603516 0.466797 0.607422 0.462891 0.611328 0.462891 0.613281 0.464844 0.619141 0.464844 0.621094 0.462891 0.623047 0.462891 0.623047 0.460938 0.625000 0.458984 0.632812 0.458984 0.634766 0.457031 0.636719 0.457031 0.640625 0.453125 0.642578 0.453125 0.644531 0.451172 0.650391 0.451172 0.650391 0.437500 0.648438 0.435547 0.648438 0.433594 0.646484 0.431641 0.646484 0.429688 0.640625 0.423828 0.642578 0.421875 0.636719 0.416016 0.636719 0.414062 0.642578 0.408203 0.644531 0.408203 0.646484 0.406250 0.648438 0.406250 0.652344 0.402344 0.652344 0.396484 0.648438 0.396484 0.640625 0.388672 0.634766 0.388672 0.632812 0.390625 0.632812 0.396484 0.634766 0.398438 0.632812 0.400391 0.623047 0.400391 0.621094 0.398438 0.621094 0.390625 0.619141 0.390625 0.611328 0.382812 0.605469 0.382812 0.605469 0.386719 0.607422 0.388672 0.605469 0.390625 0.603516 0.390625 0.601562 0.392578 0.593750 0.392578 0.593750 0.406250 0.591797 0.408203 0.589844 0.408203 0.589844 0.410156 0.587891 0.412109 0.585938 0.410156 0.580078 0.410156 0.578125 0.412109 0.576172 0.412109 0.576172 0.419922 0.574219 0.421875 0.574219 0.423828 0.570312 0.427734 0.570312 0.437500 0.568359 0.439453 0.556641 0.439453 0.548828 0.431641 0.546875 0.431641 0.542969 0.427734 0.542969 0.425781 0.541016 0.423828 0.542969 0.421875 0.542969 0.414062 0.541016 0.412109 0.541016 0.406250 0.546875 0.400391 0.546875 0.396484 0.544922 0.394531 0.544922 0.392578 0.542969 0.390625 0.542969 0.384766 0.544922 0.382812 0.546875 0.382812 0.548828 0.380859 0.552734 0.380859 0.552734 0.378906 0.554688 0.376953 0.554688 0.371094 0.552734 0.369141 0.554688 0.367188 0.554688 0.361328 0.552734 0.359375 0.552734 0.357422 0.556641 0.353516 0.564453 0.353516 0.568359 0.357422 0.572266 0.357422 0.576172 0.361328 0.576172 0.363281 0.574219 0.365234 0.574219 0.371094 0.576172 0.373047 0.576172 0.375000 0.585938 0.375000 0.585938 0.361328 0.583984 0.359375 0.583984 0.357422 0.582031 0.355469 0.582031 0.353516 0.580078 0.351562 0.582031 0.349609 0.583984 0.349609 0.587891 0.353516 0.589844 0.353516 0.595703 0.359375 0.597656 0.359375 0.599609 0.361328 0.599609 0.365234 0.613281 0.365234 0.613281 0.361328 0.615234 0.359375 0.615234 0.351562 0.613281 0.349609 0.613281 0.347656 0.615234 0.345703 0.615234 0.333984 0.603516 0.333984 0.601562 0.335938 0.597656 0.335938 0.593750 0.332031 0.593750 0.330078 0.601562 0.322266 0.601562 0.318359 0.603516 0.316406 0.603516 0.312500 0.605469 0.310547 0.601562 0.306641 0.595703 0.306641 0.593750 0.304688 0.582031 0.304688 0.580078 0.302734 0.580078 0.300781 0.578125 0.300781 0.576172 0.298828 0.576172 0.296875 0.574219 0.294922 0.576172 0.292969 0.578125 0.292969 0.578125 0.291016 0.580078 0.289062 0.582031 0.289062 0.582031 0.287109 0.585938 0.283203 0.587891 0.285156 0.587891 0.287109 0.591797 0.283203 0.597656 0.283203 0.599609 0.281250 0.603516 0.281250 0.605469 0.283203 0.607422 0.281250 0.613281 0.281250 0.613281 0.279297 0.619141 0.273438 0.625000 0.273438 0.626953 0.271484 0.632812 0.271484 0.634766 0.269531 0.638672 0.269531 0.642578 0.265625 0.642578 0.263672 0.644531 0.261719 0.646484 0.261719 0.648438 0.259766 0.648438 0.257812 0.652344 0.253906 0.652344 0.251953 0.654297 0.250000 0.654297 0.242188 0.656250 0.240234 0.656250 0.238281 0.658203 0.236328 0.658203 0.234375 0.669922 0.222656 0.669922 0.220703 0.675781 0.214844 0.683594 0.214844 0.685547 0.212891 0.685547 0.205078 0.687500 0.203125 0.689453 0.203125 0.691406 0.201172 0.703125 0.201172 0.705078 0.199219 0.710938 0.199219 0.712891 0.197266 0.720703 0.197266 0.720703 0.195312 0.724609 0.191406 0.724609 0.187500 0.726562 0.185547 0.724609 0.183594 0.720703 0.183594 0.718750 0.181641 0.718750 0.167969 0.720703 0.166016 0.722656 0.166016 0.724609 0.167969 0.724609 0.169922 0.726562 0.171875 0.730469 0.171875 0.732422 0.169922 0.732422 0.167969 0.736328 0.164062 0.740234 0.164062 0.742188 0.166016 0.742188 0.171875 0.740234 0.173828 0.740234 0.179688 0.750000 0.189453 0.751953 0.189453 0.761719 0.199219 0.763672 0.199219 0.773438 0.208984 0.773438 0.214844 0.781250 0.222656 0.789062 0.222656 0.791016 0.220703 0.798828 0.220703 0.800781 0.218750 0.800781 0.212891 0.802734 0.210938 0.806641 0.214844 0.812500 0.214844 0.812500 0.210938 0.814453 0.208984 0.816406 0.208984 0.818359 0.210938 0.828125 0.210938 0.830078 0.208984 0.830078 0.199219 0.826172 0.195312 0.826172 0.193359 0.824219 0.193359 0.822266 0.191406 0.818359 0.191406 0.816406 0.189453 0.814453 0.189453 0.812500 0.187500 0.812500 0.185547 0.810547 0.183594 0.810547 0.171875 0.814453 0.167969 0.814453 0.164062 0.816406 0.162109 0.816406 0.158203 0.820312 0.154297 0.820312 0.150391 0.822266 0.148438 0.822266 0.144531 0.824219 0.142578 0.824219 0.140625 0.826172 0.138672 0.830078 0.138672 0.832031 0.136719 0.839844 0.136719 0.841797 0.138672 0.841797 0.142578 0.843750 0.144531 0.843750 0.146484 0.849609 0.152344 0.849609 0.154297 0.853516 0.158203 0.853516 0.162109 0.855469 0.162109 0.857422 0.164062 0.867188 0.164062 0.871094 0.160156 0.871094 0.158203 0.875000 0.154297 0.876953 0.154297 0.882812 0.148438 0.882812 0.146484 0.884766 0.144531 0.886719 0.144531 0.888672 0.142578 0.888672 0.140625 0.890625 0.138672 0.892578 0.138672 0.900391 0.130859 0.904297 0.130859 0.906250 0.128906 0.908203 0.128906 0.912109 0.125000 0.914062 0.126953 0.914062 0.128906 0.916016 0.130859 0.923828 0.130859 0.925781 0.128906 0.927734 0.128906 0.931641 0.125000 0.935547 0.125000 0.937500 0.123047 0.939453 0.123047 0.941406 0.121094 0.941406 0.119141 0.943359 0.117188 0.945312 0.117188 0.955078 0.107422 0.955078 0.103516 0.957031 0.101562 0.958984 0.101562 0.958984 0.099609 0.962891 0.095703 0.964844 0.095703 0.966797 0.093750 0.968750 0.093750 0.970703 0.091797 0.972656 0.091797 0.972656 0.083984 0.976562 0.080078 0.976562 0.074219 0.974609 0.072266 0.974609 0.070312 0.972656 0.068359 0.962891 0.068359 0.960938 0.066406 0.960938 0.064453 0.962891 0.062500 0.962891 0.060547 0.964844 0.058594 0.964844 0.056641 0.966797 0.054688 0.968750 0.054688 0.968750 0.052734 0.970703 0.050781 0.972656 0.050781 0.972656 0.048828 0.974609 0.046875 0.976562 0.046875 0.976562 0.044922 0.986328 0.035156 0.992188 0.035156 0.992188 0.000000 0.896484 0.000000 0.894531 0.001953 0.894531 0.003906 0.892578 0.005859 0.890625 0.005859 0.884766 0.011719 0.882812 0.011719 0.878906 0.015625 0.878906 0.017578 0.876953 0.019531 0.875000 0.019531 0.873047 0.021484 0.873047 0.023438 0.871094 0.025391 0.871094 0.031250 0.875000 0.035156 0.875000 0.037109 0.878906 0.041016 0.880859 0.041016 0.884766 0.044922 0.892578 0.044922 0.894531 0.046875 0.898438 0.046875 0.902344 0.050781 0.904297 0.050781 0.906250 0.052734 0.912109 0.052734 0.914062 0.054688 0.919922 0.054688 0.921875 0.056641 0.921875 0.064453 0.919922 0.066406 0.919922 0.068359 0.917969 0.070312 0.917969 0.076172 0.912109 0.082031 0.912109 0.085938 0.910156 0.087891 0.892578 0.087891 0.892578 0.089844 0.890625 0.091797 0.890625 0.095703 0.888672 0.097656 0.882812 0.097656 0.880859 0.095703 0.878906 0.095703 0.876953 0.097656 0.871094 0.097656 0.865234 0.091797 0.861328 0.091797 0.857422 0.087891 0.855469 0.089844 0.853516 0.089844 0.851562 0.091797 0.851562 0.093750 0.849609 0.095703 0.839844 0.095703 0.835938 0.099609 0.833984 0.099609 0.828125 0.105469 0.826172 0.105469 0.824219 0.107422 0.824219 0.111328 0.822266 0.113281 0.820312 0.111328 0.814453 0.111328 0.812500 0.109375 0.808594 0.109375 0.806641 0.107422 0.806641 0.105469 0.804688 0.105469 0.802734 0.103516 0.802734 0.101562 0.787109 0.085938 0.787109 0.082031 0.771484 0.082031 0.769531 0.083984 0.757812 0.083984 0.757812 0.085938 0.755859 0.087891 0.755859 0.093750 0.753906 0.095703 0.744141 0.095703 0.740234 0.091797 0.736328 0.091797 0.734375 0.089844 0.732422 0.089844 0.730469 0.087891 0.728516 0.087891 0.726562 0.085938 0.720703 0.085938 0.718750 0.087891 0.712891 0.087891 0.708984 0.091797 0.708984 0.101562 0.720703 0.101562 0.722656 0.099609 0.724609 0.099609 0.728516 0.103516 0.730469 0.103516 0.732422 0.105469 0.730469 0.107422 0.724609 0.107422 0.720703 0.111328 0.718750 0.111328 0.718750 0.117188 0.716797 0.119141 0.716797 0.126953 0.718750 0.128906 0.718750 0.130859 0.722656 0.134766 0.722656 0.138672 0.724609 0.140625 0.724609 0.144531 0.718750 0.150391 0.701172 0.150391 0.699219 0.152344 0.697266 0.152344 0.695312 0.150391 0.693359 0.152344 0.687500 0.152344 0.685547 0.150391 0.683594 0.150391 0.683594 0.158203 0.685547 0.160156 0.685547 0.162109 0.681641 0.166016 0.679688 0.166016 0.673828 0.171875 0.671875 0.171875 0.671875 0.173828 0.669922 0.175781 0.662109 0.167969 0.662109 0.164062 0.660156 0.162109 0.658203 0.162109 0.656250 0.160156 0.650391 0.160156 0.648438 0.158203 0.640625 0.158203 0.632812 0.150391 0.628906 0.150391 0.625000 0.146484 0.625000 0.132812 0.630859 0.126953 0.630859 0.123047 0.628906 0.121094 0.628906 0.113281 0.625000 0.109375 0.625000 0.095703 0.621094 0.091797 0.621094 0.087891 0.623047 0.085938 0.623047 0.083984 0.619141 0.080078 0.613281 0.080078 0.609375 0.076172 0.605469 0.076172 0.601562 0.072266 0.599609 0.072266 0.597656 0.070312 0.597656 0.068359 0.591797 0.068359 0.585938 0.062500 0.585938 0.060547 0.587891 0.058594 0.589844 0.058594 0.589844 0.052734 0.587891 0.050781 0.587891 0.048828 0.585938 0.046875 0.583984 0.046875 0.580078 0.042969 0.580078 0.037109 0.578125 0.035156 0.578125 0.027344 0.580078 0.025391 0.580078 0.000000