0 0.058594 0.656250 0.058594 0.664062 0.060547 0.666016 0.060547 0.667969 0.066406 0.667969 0.066406 0.660156 0.064453 0.658203 0.064453 0.656250
0 0.095703 0.597656 0.095703 0.599609 0.087891 0.607422 0.087891 0.609375 0.083984 0.613281 0.083984 0.615234 0.082031 0.617188 0.082031 0.619141 0.080078 0.621094 0.080078 0.625000 0.078125 0.626953 0.078125 0.638672 0.076172 0.640625 0.076172 0.650391 0.078125 0.648438 0.078125 0.644531 0.080078 0.642578 0.080078 0.628906 0.082031 0.626953 0.082031 0.623047 0.083984 0.621094 0.083984 0.619141 0.085938 0.617188 0.085938 0.615234 0.089844 0.611328 0.089844 0.609375 0.097656 0.601562 0.097656 0.597656
0 0.029297 0.535156 0.025391 0.539062 0.025391 0.544922 0.031250 0.544922 0.033203 0.542969 0.035156 0.542969 0.037109 0.541016 0.037109 0.535156
0 0.060547 0.519531 0.060547 0.529297 0.058594 0.531250 0.058594 0.535156 0.056641 0.537109 0.056641 0.539062 0.046875 0.548828 0.044922 0.548828 0.041016 0.552734 0.041016 0.554688 0.042969 0.554688 0.046875 0.550781 0.048828 0.550781 0.058594 0.541016 0.058594 0.537109 0.060547 0.535156 0.060547 0.533203 0.062500 0.531250 0.062500 0.519531
0 0.906250 0.369141 0.902344 0.373047 0.902344 0.392578 0.900391 0.394531 0.900391 0.398438 0.896484 0.402344 0.892578 0.398438 0.892578 0.396484 0.886719 0.396484 0.882812 0.400391 0.880859 0.400391 0.878906 0.402344 0.876953 0.400391 0.876953 0.390625 0.875000 0.388672 0.875000 0.386719 0.873047 0.384766 0.873047 0.380859 0.871094 0.380859 0.871094 0.388672 0.875000 0.392578 0.875000 0.404297 0.880859 0.404297 0.882812 0.402344 0.884766 0.402344 0.888672 0.398438 0.890625 0.400391 0.890625 0.402344 0.892578 0.404297 0.900391 0.404297 0.902344 0.402344 0.902344 0.398438 0.904297 0.396484 0.904297 0.371094
0 0.884766 0.347656 0.884766 0.353516 0.886719 0.355469 0.886719 0.357422 0.890625 0.361328 0.890625 0.367188 0.884766 0.373047 0.884766 0.375000 0.882812 0.376953 0.882812 0.378906 0.880859 0.380859 0.880859 0.388672 0.886719 0.388672 0.888672 0.386719 0.888672 0.382812 0.896484 0.375000 0.896484 0.353516 0.890625 0.347656
0 0.875000 0.330078 0.873047 0.332031 0.871094 0.332031 0.869141 0.333984 0.867188 0.333984 0.865234 0.335938 0.865234 0.337891 0.867188 0.337891 0.869141 0.339844 0.869141 0.343750 0.871094 0.345703 0.871094 0.347656 0.876953 0.353516 0.876953 0.349609 0.873047 0.345703 0.873047 0.341797 0.871094 0.339844 0.869141 0.339844 0.867188 0.337891 0.869141 0.335938 0.871094 0.335938 0.873047 0.333984 0.875000 0.333984 0.876953 0.332031 0.886719 0.332031 0.888672 0.333984 0.888672 0.335938 0.894531 0.341797 0.894531 0.343750 0.898438 0.347656 0.898438 0.349609 0.910156 0.349609 0.912109 0.347656 0.912109 0.343750 0.908203 0.347656 0.902344 0.347656 0.896484 0.341797 0.896484 0.337891 0.894531 0.337891 0.892578 0.335938 0.892578 0.333984 0.890625 0.332031 0.890625 0.330078
0 0.947266 0.283203 0.947266 0.287109 0.949219 0.287109 0.951172 0.289062 0.958984 0.289062 0.958984 0.285156 0.955078 0.285156 0.953125 0.283203
0 0.933594 0.263672 0.933594 0.265625 0.931641 0.267578 0.929688 0.267578 0.923828 0.273438 0.923828 0.281250 0.925781 0.283203 0.925781 0.285156 0.927734 0.287109 0.929688 0.287109 0.931641 0.289062 0.933594 0.289062 0.943359 0.298828 0.943359 0.302734 0.945312 0.304688 0.945312 0.308594 0.947266 0.310547 0.947266 0.312500 0.949219 0.314453 0.958984 0.314453 0.958984 0.312500 0.960938 0.310547 0.962891 0.310547 0.962891 0.304688 0.960938 0.304688 0.960938 0.306641 0.955078 0.312500 0.951172 0.312500 0.947266 0.308594 0.947266 0.300781 0.945312 0.298828 0.945312 0.296875 0.941406 0.292969 0.941406 0.291016 0.939453 0.291016 0.935547 0.287109 0.933594 0.287109 0.927734 0.281250 0.927734 0.279297 0.925781 0.277344 0.925781 0.275391 0.931641 0.269531 0.933594 0.269531 0.933594 0.267578 0.935547 0.265625 0.937500 0.265625 0.937500 0.263672
0 0.984375 0.111328 0.984375 0.117188 0.990234 0.117188 0.990234 0.111328
0 0.976562 0.109375 0.976562 0.111328 0.972656 0.115234 0.972656 0.117188 0.970703 0.119141 0.970703 0.123047 0.972656 0.125000 0.972656 0.126953 0.976562 0.130859 0.978516 0.130859 0.980469 0.132812 0.990234 0.132812 0.990234 0.130859 0.982422 0.130859 0.980469 0.128906 0.978516 0.128906 0.974609 0.125000 0.974609 0.123047 0.972656 0.121094 0.976562 0.117188 0.976562 0.115234 0.980469 0.111328 0.980469 0.109375