0 0.474609 0.980469 0.474609 0.982422 0.476562 0.984375 0.480469 0.984375 0.482422 0.982422 0.482422 0.980469
0 0.496094 0.951172 0.496094 0.953125 0.498047 0.955078 0.498047 0.957031 0.500000 0.958984 0.500000 0.962891 0.498047 0.964844 0.496094 0.964844 0.496094 0.970703 0.490234 0.976562 0.490234 0.978516 0.494141 0.978516 0.500000 0.972656 0.500000 0.968750 0.503906 0.964844 0.503906 0.960938 0.501953 0.958984 0.501953 0.957031 0.500000 0.955078 0.501953 0.953125 0.501953 0.951172
0 0.878906 0.890625 0.878906 0.896484 0.884766 0.902344 0.884766 0.904297 0.886719 0.906250 0.894531 0.906250 0.894531 0.904297 0.896484 0.902344 0.896484 0.900391 0.894531 0.898438 0.892578 0.900391 0.884766 0.892578 0.884766 0.890625
0 0.919922 0.865234 0.919922 0.869141 0.921875 0.871094 0.921875 0.873047 0.923828 0.871094 0.923828 0.869141 0.921875 0.867188 0.921875 0.865234
0 0.927734 0.849609 0.923828 0.853516 0.923828 0.855469 0.925781 0.855469 0.927734 0.853516 0.929688 0.853516 0.931641 0.855469 0.931641 0.859375 0.929688 0.861328 0.929688 0.863281 0.931641 0.863281 0.935547 0.859375 0.935547 0.857422 0.933594 0.855469 0.933594 0.851562 0.931641 0.849609
0 0.919922 0.828125 0.912109 0.835938 0.912109 0.837891 0.914062 0.837891 0.917969 0.833984 0.919922 0.833984 0.921875 0.832031 0.921875 0.828125
0 0.843750 0.683594 0.843750 0.687500 0.847656 0.691406 0.847656 0.693359 0.849609 0.695312 0.849609 0.697266 0.847656 0.699219 0.847656 0.701172 0.849609 0.701172 0.851562 0.699219 0.851562 0.691406 0.849609 0.689453 0.849609 0.687500 0.845703 0.683594
0 0.878906 0.664062 0.878906 0.666016 0.880859 0.667969 0.876953 0.671875 0.876953 0.677734 0.878906 0.679688 0.878906 0.681641 0.876953 0.683594 0.876953 0.685547 0.875000 0.687500 0.871094 0.687500 0.867188 0.691406 0.865234 0.691406 0.865234 0.693359 0.861328 0.697266 0.861328 0.699219 0.859375 0.701172 0.859375 0.712891 0.861328 0.714844 0.861328 0.716797 0.863281 0.718750 0.865234 0.718750 0.869141 0.722656 0.865234 0.726562 0.865234 0.732422 0.867188 0.732422 0.869141 0.734375 0.869141 0.736328 0.871094 0.736328 0.873047 0.738281 0.875000 0.738281 0.875000 0.736328 0.880859 0.730469 0.888672 0.730469 0.890625 0.728516 0.892578 0.728516 0.894531 0.726562 0.902344 0.726562 0.906250 0.722656 0.904297 0.720703 0.904297 0.718750 0.906250 0.716797 0.906250 0.714844 0.908203 0.712891 0.908203 0.710938 0.906250 0.708984 0.906250 0.707031 0.904297 0.707031 0.900391 0.703125 0.902344 0.701172 0.900391 0.699219 0.900391 0.697266 0.898438 0.695312 0.898438 0.693359 0.896484 0.691406 0.894531 0.691406 0.892578 0.689453 0.892578 0.687500 0.890625 0.685547 0.888672 0.685547 0.886719 0.683594 0.884766 0.683594 0.880859 0.679688 0.880859 0.673828 0.882812 0.671875 0.882812 0.664062
0 0.855469 0.654297 0.853516 0.656250 0.845703 0.656250 0.841797 0.660156 0.841797 0.662109 0.839844 0.664062 0.837891 0.664062 0.835938 0.666016 0.835938 0.671875 0.841797 0.671875 0.841797 0.669922 0.847656 0.664062 0.849609 0.664062 0.851562 0.662109 0.855469 0.662109 0.857422 0.660156 0.859375 0.660156 0.861328 0.658203 0.861328 0.654297
0 0.755859 0.632812 0.753906 0.634766 0.753906 0.638672 0.755859 0.640625 0.753906 0.642578 0.753906 0.644531 0.751953 0.646484 0.751953 0.648438 0.750000 0.650391 0.748047 0.650391 0.748047 0.652344 0.746094 0.654297 0.740234 0.654297 0.738281 0.656250 0.738281 0.658203 0.742188 0.658203 0.744141 0.660156 0.753906 0.660156 0.757812 0.664062 0.759766 0.664062 0.763672 0.667969 0.759766 0.671875 0.763672 0.675781 0.763672 0.677734 0.765625 0.679688 0.765625 0.681641 0.767578 0.683594 0.765625 0.685547 0.761719 0.685547 0.759766 0.687500 0.759766 0.689453 0.765625 0.689453 0.767578 0.691406 0.767578 0.693359 0.769531 0.693359 0.771484 0.695312 0.771484 0.697266 0.777344 0.697266 0.781250 0.701172 0.787109 0.701172 0.791016 0.697266 0.792969 0.697266 0.794922 0.695312 0.798828 0.695312 0.800781 0.693359 0.800781 0.689453 0.798828 0.689453 0.794922 0.685547 0.794922 0.683594 0.791016 0.679688 0.789062 0.679688 0.787109 0.677734 0.783203 0.677734 0.779297 0.673828 0.779297 0.671875 0.777344 0.669922 0.777344 0.667969 0.781250 0.664062 0.781250 0.662109 0.779297 0.660156 0.779297 0.654297 0.775391 0.650391 0.775391 0.646484 0.771484 0.642578 0.771484 0.640625 0.765625 0.640625 0.761719 0.636719 0.761719 0.634766 0.759766 0.634766 0.757812 0.632812
0 0.972656 0.617188 0.970703 0.619141 0.964844 0.619141 0.960938 0.623047 0.958984 0.623047 0.958984 0.626953 0.951172 0.634766 0.949219 0.634766 0.949219 0.636719 0.947266 0.638672 0.947266 0.640625 0.949219 0.642578 0.951172 0.642578 0.953125 0.644531 0.955078 0.644531 0.957031 0.646484 0.958984 0.646484 0.960938 0.648438 0.962891 0.648438 0.964844 0.650391 0.968750 0.650391 0.968750 0.648438 0.966797 0.646484 0.970703 0.642578 0.968750 0.640625 0.966797 0.640625 0.964844 0.638672 0.964844 0.636719 0.962891 0.634766 0.962891 0.630859 0.970703 0.623047 0.970703 0.621094 0.972656 0.619141
0 0.898438 0.523438 0.894531 0.527344 0.892578 0.527344 0.892578 0.533203 0.896484 0.537109 0.896484 0.539062 0.898438 0.541016 0.900391 0.541016 0.900391 0.537109 0.904297 0.533203 0.904297 0.527344 0.902344 0.527344 0.900391 0.525391 0.900391 0.523438
0 0.990234 0.375000 0.990234 0.380859 0.988281 0.382812 0.986328 0.382812 0.986328 0.386719 0.982422 0.390625 0.982422 0.394531 0.980469 0.396484 0.980469 0.398438 0.982422 0.400391 0.982422 0.404297 0.986328 0.404297 0.990234 0.408203 0.990234 0.410156 0.992188 0.410156 0.992188 0.382812 0.990234 0.380859
0 0.982422 0.269531 0.980469 0.271484 0.980469 0.283203 0.982422 0.283203 0.988281 0.277344 0.990234 0.277344 0.990234 0.273438 0.988281 0.273438 0.984375 0.269531
0 0.988281 0.115234 0.984375 0.119141 0.980469 0.119141 0.978516 0.121094 0.970703 0.121094 0.968750 0.123047 0.966797 0.123047 0.964844 0.125000 0.962891 0.125000 0.962891 0.126953 0.960938 0.128906 0.960938 0.130859 0.962891 0.132812 0.968750 0.132812 0.970703 0.130859 0.974609 0.134766 0.974609 0.144531 0.972656 0.146484 0.972656 0.148438 0.974609 0.148438 0.976562 0.150391 0.978516 0.150391 0.984375 0.156250 0.986328 0.156250 0.988281 0.158203 0.990234 0.158203 0.992188 0.160156 0.992188 0.115234
0 0.986328 0.068359 0.986328 0.070312 0.984375 0.072266 0.982422 0.072266 0.980469 0.074219 0.980469 0.076172 0.978516 0.078125 0.972656 0.078125 0.972656 0.082031 0.980469 0.089844 0.980469 0.091797 0.982422 0.093750 0.982422 0.095703 0.988281 0.101562 0.988281 0.103516 0.992188 0.103516 0.992188 0.074219 0.990234 0.072266 0.990234 0.068359
0 0.943359 0.023438 0.933594 0.033203 0.931641 0.033203 0.931641 0.046875 0.933594 0.048828 0.935547 0.048828 0.945312 0.058594 0.947266 0.058594 0.949219 0.060547 0.951172 0.060547 0.951172 0.056641 0.949219 0.054688 0.955078 0.048828 0.955078 0.039062 0.951172 0.035156 0.951172 0.027344 0.949219 0.027344 0.947266 0.025391 0.947266 0.023438
0 0.000000 0.000000 0.000000 0.828125 0.003906 0.832031 0.005859 0.832031 0.007812 0.833984 0.007812 0.835938 0.009766 0.835938 0.011719 0.837891 0.013672 0.837891 0.021484 0.845703 0.021484 0.849609 0.025391 0.849609 0.027344 0.851562 0.027344 0.853516 0.031250 0.857422 0.031250 0.859375 0.033203 0.861328 0.033203 0.873047 0.037109 0.873047 0.039062 0.875000 0.039062 0.876953 0.041016 0.878906 0.041016 0.880859 0.046875 0.886719 0.046875 0.898438 0.048828 0.898438 0.050781 0.900391 0.052734 0.900391 0.056641 0.904297 0.056641 0.908203 0.060547 0.908203 0.066406 0.914062 0.066406 0.919922 0.068359 0.921875 0.068359 0.923828 0.066406 0.925781 0.064453 0.925781 0.064453 0.929688 0.062500 0.931641 0.060547 0.929688 0.058594 0.929688 0.056641 0.927734 0.054688 0.927734 0.050781 0.923828 0.041016 0.923828 0.037109 0.919922 0.039062 0.917969 0.041016 0.917969 0.046875 0.912109 0.046875 0.910156 0.044922 0.908203 0.042969 0.908203 0.041016 0.906250 0.035156 0.906250 0.033203 0.908203 0.033203 0.912109 0.031250 0.914062 0.027344 0.914062 0.023438 0.917969 0.023438 0.921875 0.025391 0.923828 0.025391 0.927734 0.029297 0.927734 0.031250 0.929688 0.031250 0.931641 0.035156 0.935547 0.044922 0.935547 0.046875 0.937500 0.048828 0.937500 0.050781 0.939453 0.058594 0.939453 0.062500 0.943359 0.064453 0.941406 0.066406 0.943359 0.066406 0.951172 0.064453 0.953125 0.064453 0.955078 0.062500 0.957031 0.062500 0.982422 0.064453 0.984375 0.064453 0.986328 0.062500 0.988281 0.062500 0.992188 0.107422 0.992188 0.109375 0.990234 0.109375 0.988281 0.113281 0.984375 0.115234 0.984375 0.119141 0.980469 0.125000 0.980469 0.126953 0.982422 0.132812 0.982422 0.136719 0.978516 0.136719 0.976562 0.138672 0.974609 0.142578 0.974609 0.146484 0.978516 0.146484 0.982422 0.144531 0.984375 0.144531 0.988281 0.148438 0.988281 0.150391 0.986328 0.150391 0.984375 0.154297 0.980469 0.158203 0.980469 0.164062 0.986328 0.175781 0.986328 0.177734 0.984375 0.179688 0.984375 0.181641 0.982422 0.189453 0.982422 0.189453 0.978516 0.193359 0.974609 0.199219 0.974609 0.199219 0.964844 0.197266 0.962891 0.197266 0.960938 0.195312 0.960938 0.191406 0.957031 0.191406 0.945312 0.193359 0.943359 0.195312 0.943359 0.195312 0.927734 0.199219 0.923828 0.199219 0.921875 0.201172 0.919922 0.201172 0.917969 0.195312 0.912109 0.195312 0.910156 0.193359 0.908203 0.193359 0.906250 0.191406 0.904297 0.191406 0.898438 0.193359 0.896484 0.193359 0.888672 0.195312 0.886719 0.195312 0.884766 0.197266 0.882812 0.197266 0.875000 0.195312 0.873047 0.193359 0.873047 0.189453 0.869141 0.189453 0.865234 0.187500 0.863281 0.189453 0.861328 0.205078 0.861328 0.205078 0.849609 0.207031 0.847656 0.207031 0.841797 0.205078 0.839844 0.205078 0.830078 0.203125 0.828125 0.199219 0.828125 0.197266 0.830078 0.197266 0.835938 0.193359 0.839844 0.189453 0.839844 0.185547 0.835938 0.185547 0.833984 0.183594 0.832031 0.183594 0.810547 0.185547 0.808594 0.187500 0.808594 0.189453 0.806641 0.191406 0.806641 0.195312 0.802734 0.199219 0.802734 0.203125 0.806641 0.203125 0.808594 0.208984 0.808594 0.210938 0.810547 0.224609 0.810547 0.226562 0.808594 0.228516 0.810547 0.228516 0.820312 0.232422 0.824219 0.232422 0.826172 0.234375 0.826172 0.236328 0.828125 0.236328 0.830078 0.238281 0.832031 0.238281 0.837891 0.236328 0.839844 0.236328 0.849609 0.234375 0.851562 0.234375 0.855469 0.232422 0.857422 0.232422 0.863281 0.230469 0.865234 0.230469 0.867188 0.232422 0.869141 0.232422 0.875000 0.236328 0.878906 0.236328 0.880859 0.242188 0.886719 0.244141 0.886719 0.248047 0.890625 0.248047 0.892578 0.246094 0.894531 0.246094 0.900391 0.244141 0.902344 0.240234 0.902344 0.238281 0.904297 0.236328 0.904297 0.234375 0.906250 0.226562 0.906250 0.220703 0.912109 0.220703 0.919922 0.226562 0.925781 0.222656 0.929688 0.220703 0.929688 0.218750 0.931641 0.218750 0.945312 0.222656 0.949219 0.222656 0.951172 0.224609 0.953125 0.228516 0.953125 0.230469 0.955078 0.230469 0.958984 0.228516 0.960938 0.226562 0.960938 0.224609 0.962891 0.222656 0.962891 0.218750 0.966797 0.214844 0.966797 0.212891 0.968750 0.212891 0.970703 0.210938 0.972656 0.210938 0.980469 0.212891 0.982422 0.212891 0.984375 0.214844 0.986328 0.214844 0.988281 0.218750 0.992188 0.394531 0.992188 0.394531 0.990234 0.396484 0.988281 0.398438 0.988281 0.404297 0.982422 0.408203 0.982422 0.412109 0.978516 0.414062 0.978516 0.425781 0.990234 0.425781 0.992188 0.437500 0.992188 0.437500 0.990234 0.435547 0.988281 0.439453 0.984375 0.439453 0.982422 0.435547 0.982422 0.433594 0.984375 0.429688 0.980469 0.429688 0.976562 0.427734 0.974609 0.427734 0.958984 0.423828 0.955078 0.423828 0.953125 0.425781 0.951172 0.425781 0.949219 0.427734 0.947266 0.429688 0.947266 0.427734 0.945312 0.429688 0.943359 0.429688 0.939453 0.431641 0.937500 0.431641 0.933594 0.433594 0.931641 0.433594 0.929688 0.435547 0.927734 0.435547 0.925781 0.437500 0.923828 0.435547 0.921875 0.435547 0.917969 0.431641 0.914062 0.431641 0.904297 0.427734 0.900391 0.427734 0.892578 0.429688 0.890625 0.431641 0.890625 0.431641 0.880859 0.433594 0.878906 0.435547 0.878906 0.437500 0.880859 0.437500 0.882812 0.439453 0.884766 0.439453 0.886719 0.441406 0.888672 0.441406 0.892578 0.443359 0.894531 0.443359 0.900391 0.445312 0.902344 0.445312 0.904297 0.447266 0.906250 0.447266 0.908203 0.451172 0.912109 0.451172 0.917969 0.460938 0.917969 0.462891 0.919922 0.468750 0.919922 0.470703 0.921875 0.474609 0.917969 0.474609 0.914062 0.476562 0.912109 0.482422 0.912109 0.486328 0.916016 0.498047 0.916016 0.500000 0.917969 0.500000 0.919922 0.505859 0.919922 0.507812 0.917969 0.507812 0.914062 0.509766 0.912109 0.511719 0.912109 0.513672 0.910156 0.517578 0.910156 0.521484 0.906250 0.523438 0.906250 0.525391 0.904297 0.531250 0.904297 0.535156 0.908203 0.535156 0.910156 0.533203 0.912109 0.533203 0.916016 0.531250 0.917969 0.531250 0.921875 0.533203 0.921875 0.535156 0.919922 0.535156 0.917969 0.537109 0.916016 0.537109 0.914062 0.539062 0.912109 0.539062 0.910156 0.541016 0.908203 0.541016 0.906250 0.550781 0.896484 0.554688 0.896484 0.556641 0.898438 0.556641 0.910156 0.558594 0.910156 0.564453 0.916016 0.564453 0.917969 0.570312 0.923828 0.570312 0.931641 0.572266 0.933594 0.576172 0.933594 0.580078 0.937500 0.580078 0.939453 0.582031 0.941406 0.582031 0.943359 0.585938 0.947266 0.587891 0.947266 0.593750 0.953125 0.593750 0.955078 0.595703 0.957031 0.597656 0.957031 0.599609 0.958984 0.601562 0.958984 0.603516 0.957031 0.611328 0.957031 0.613281 0.958984 0.613281 0.960938 0.617188 0.960938 0.619141 0.962891 0.619141 0.964844 0.623047 0.964844 0.626953 0.960938 0.634766 0.960938 0.636719 0.962891 0.638672 0.962891 0.640625 0.964844 0.640625 0.966797 0.638672 0.968750 0.636719 0.968750 0.634766 0.970703 0.632812 0.970703 0.630859 0.972656 0.628906 0.972656 0.626953 0.974609 0.625000 0.974609 0.615234 0.984375 0.613281 0.984375 0.611328 0.986328 0.611328 0.988281 0.613281 0.988281 0.615234 0.990234 0.613281 0.992188 0.664062 0.992188 0.664062 0.990234 0.666016 0.988281 0.667969 0.990234 0.667969 0.992188 0.701172 0.992188 0.701172 0.988281 0.697266 0.984375 0.697266 0.982422 0.701172 0.978516 0.705078 0.982422 0.707031 0.982422 0.708984 0.984375 0.710938 0.984375 0.712891 0.982422 0.714844 0.982422 0.716797 0.984375 0.716797 0.986328 0.718750 0.986328 0.720703 0.988281 0.720703 0.990234 0.722656 0.990234 0.724609 0.992188 0.767578 0.992188 0.765625 0.992188 0.763672 0.990234 0.765625 0.988281 0.763672 0.988281 0.759766 0.984375 0.759766 0.980469 0.763672 0.976562 0.765625 0.976562 0.767578 0.974609 0.767578 0.972656 0.771484 0.968750 0.773438 0.968750 0.775391 0.966797 0.777344 0.968750 0.779297 0.968750 0.781250 0.966797 0.787109 0.966797 0.789062 0.964844 0.792969 0.964844 0.794922 0.962891 0.798828 0.962891 0.802734 0.966797 0.810547 0.966797 0.814453 0.962891 0.816406 0.962891 0.816406 0.960938 0.818359 0.958984 0.820312 0.958984 0.822266 0.957031 0.824219 0.957031 0.832031 0.949219 0.832031 0.947266 0.830078 0.945312 0.832031 0.943359 0.833984 0.943359 0.833984 0.941406 0.832031 0.939453 0.841797 0.929688 0.841797 0.927734 0.843750 0.925781 0.843750 0.921875 0.839844 0.917969 0.839844 0.916016 0.843750 0.912109 0.845703 0.912109 0.851562 0.906250 0.853516 0.906250 0.853516 0.904297 0.855469 0.902344 0.855469 0.896484 0.857422 0.894531 0.857422 0.892578 0.859375 0.890625 0.859375 0.886719 0.861328 0.884766 0.861328 0.882812 0.863281 0.880859 0.863281 0.878906 0.851562 0.878906 0.845703 0.873047 0.843750 0.873047 0.839844 0.869141 0.833984 0.869141 0.832031 0.871094 0.830078 0.871094 0.826172 0.867188 0.826172 0.865234 0.824219 0.863281 0.824219 0.859375 0.822266 0.857422 0.824219 0.855469 0.824219 0.853516 0.828125 0.849609 0.828125 0.845703 0.824219 0.845703 0.824219 0.847656 0.820312 0.851562 0.820312 0.853516 0.818359 0.855469 0.816406 0.855469 0.814453 0.853516 0.814453 0.841797 0.812500 0.839844 0.812500 0.837891 0.808594 0.833984 0.808594 0.832031 0.810547 0.830078 0.814453 0.830078 0.814453 0.822266 0.816406 0.820312 0.818359 0.820312 0.818359 0.818359 0.822266 0.814453 0.826172 0.814453 0.828125 0.816406 0.830078 0.816406 0.832031 0.814453 0.832031 0.812500 0.835938 0.808594 0.835938 0.802734 0.837891 0.800781 0.837891 0.792969 0.843750 0.787109 0.845703 0.787109 0.847656 0.789062 0.849609 0.789062 0.853516 0.792969 0.853516 0.783203 0.851562 0.781250 0.849609 0.783203 0.847656 0.783203 0.845703 0.781250 0.845703 0.777344 0.839844 0.777344 0.833984 0.771484 0.833984 0.769531 0.830078 0.765625 0.830078 0.763672 0.826172 0.763672 0.824219 0.761719 0.826172 0.759766 0.824219 0.757812 0.824219 0.751953 0.820312 0.748047 0.818359 0.748047 0.816406 0.746094 0.812500 0.746094 0.812500 0.748047 0.810547 0.750000 0.806641 0.746094 0.802734 0.746094 0.802734 0.755859 0.804688 0.755859 0.806641 0.757812 0.806641 0.767578 0.804688 0.769531 0.798828 0.769531 0.798828 0.775391 0.796875 0.777344 0.789062 0.777344 0.785156 0.773438 0.783203 0.773438 0.779297 0.769531 0.759766 0.769531 0.759766 0.771484 0.757812 0.773438 0.755859 0.773438 0.753906 0.771484 0.753906 0.769531 0.740234 0.769531 0.738281 0.767578 0.736328 0.767578 0.734375 0.765625 0.734375 0.761719 0.738281 0.757812 0.738281 0.753906 0.734375 0.750000 0.734375 0.746094 0.732422 0.746094 0.730469 0.744141 0.730469 0.742188 0.726562 0.742188 0.724609 0.740234 0.722656 0.740234 0.720703 0.742188 0.718750 0.740234 0.712891 0.746094 0.710938 0.746094 0.708984 0.744141 0.708984 0.742188 0.708984 0.751953 0.707031 0.753906 0.705078 0.753906 0.705078 0.755859 0.703125 0.757812 0.701172 0.757812 0.701172 0.759766 0.699219 0.761719 0.697266 0.761719 0.697266 0.763672 0.695312 0.765625 0.695312 0.767578 0.693359 0.769531 0.693359 0.771484 0.691406 0.773438 0.689453 0.771484 0.689453 0.769531 0.685547 0.769531 0.683594 0.767578 0.683594 0.765625 0.681641 0.765625 0.679688 0.763672 0.679688 0.761719 0.677734 0.763672 0.675781 0.761719 0.675781 0.757812 0.677734 0.755859 0.679688 0.755859 0.679688 0.750000 0.681641 0.748047 0.683594 0.748047 0.681641 0.746094 0.687500 0.740234 0.687500 0.736328 0.693359 0.730469 0.695312 0.730469 0.697266 0.732422 0.699219 0.732422 0.703125 0.728516 0.701172 0.726562 0.703125 0.724609 0.703125 0.710938 0.699219 0.707031 0.699219 0.703125 0.701172 0.701172 0.703125 0.701172 0.703125 0.691406 0.705078 0.689453 0.705078 0.687500 0.707031 0.685547 0.707031 0.679688 0.714844 0.671875 0.714844 0.667969 0.712891 0.666016 0.712891 0.662109 0.710938 0.660156 0.710938 0.656250 0.707031 0.652344 0.707031 0.648438 0.703125 0.644531 0.705078 0.642578 0.707031 0.642578 0.707031 0.640625 0.705078 0.638672 0.705078 0.634766 0.707031 0.632812 0.710938 0.632812 0.710938 0.630859 0.712891 0.628906 0.716797 0.632812 0.718750 0.632812 0.720703 0.634766 0.716797 0.638672 0.718750 0.638672 0.722656 0.642578 0.722656 0.644531 0.724609 0.644531 0.724609 0.640625 0.726562 0.638672 0.726562 0.636719 0.728516 0.634766 0.728516 0.632812 0.730469 0.630859 0.730469 0.623047 0.732422 0.621094 0.734375 0.621094 0.734375 0.613281 0.738281 0.609375 0.736328 0.609375 0.734375 0.607422 0.736328 0.605469 0.736328 0.593750 0.734375 0.593750 0.730469 0.589844 0.726562 0.589844 0.724609 0.587891 0.726562 0.585938 0.728516 0.585938 0.732422 0.582031 0.734375 0.583984 0.734375 0.582031 0.736328 0.580078 0.738281 0.582031 0.738281 0.583984 0.742188 0.583984 0.744141 0.585938 0.744141 0.589844 0.748047 0.589844 0.750000 0.587891 0.753906 0.587891 0.753906 0.585938 0.759766 0.580078 0.763672 0.583984 0.765625 0.583984 0.767578 0.585938 0.767578 0.589844 0.763672 0.593750 0.763672 0.603516 0.767578 0.607422 0.769531 0.607422 0.769531 0.599609 0.777344 0.591797 0.783203 0.591797 0.783203 0.589844 0.785156 0.587891 0.785156 0.585938 0.787109 0.583984 0.787109 0.582031 0.792969 0.576172 0.792969 0.572266 0.794922 0.570312 0.794922 0.566406 0.796875 0.564453 0.796875 0.560547 0.800781 0.556641 0.804688 0.560547 0.806641 0.560547 0.812500 0.566406 0.816406 0.566406 0.818359 0.568359 0.820312 0.568359 0.820312 0.566406 0.824219 0.562500 0.824219 0.560547 0.826172 0.558594 0.826172 0.556641 0.830078 0.552734 0.830078 0.550781 0.832031 0.548828 0.833984 0.548828 0.833984 0.546875 0.835938 0.544922 0.835938 0.537109 0.832031 0.533203 0.837891 0.527344 0.837891 0.525391 0.835938 0.523438 0.835938 0.519531 0.839844 0.515625 0.841797 0.515625 0.843750 0.513672 0.845703 0.513672 0.849609 0.509766 0.853516 0.509766 0.855469 0.507812 0.857422 0.507812 0.861328 0.511719 0.865234 0.511719 0.867188 0.509766 0.867188 0.507812 0.869141 0.505859 0.867188 0.505859 0.863281 0.501953 0.867188 0.498047 0.867188 0.494141 0.869141 0.492188 0.869141 0.488281 0.871094 0.486328 0.871094 0.484375 0.873047 0.482422 0.880859 0.482422 0.882812 0.484375 0.882812 0.492188 0.890625 0.500000 0.892578 0.498047 0.896484 0.501953 0.900391 0.501953 0.900391 0.494141 0.898438 0.492188 0.898438 0.486328 0.894531 0.482422 0.894531 0.476562 0.892578 0.474609 0.894531 0.472656 0.898438 0.472656 0.898438 0.470703 0.896484 0.468750 0.896484 0.464844 0.898438 0.462891 0.898438 0.457031 0.900391 0.455078 0.904297 0.455078 0.906250 0.453125 0.908203 0.455078 0.910156 0.455078 0.910156 0.449219 0.912109 0.447266 0.919922 0.447266 0.917969 0.445312 0.917969 0.441406 0.919922 0.439453 0.921875 0.439453 0.921875 0.429688 0.919922 0.429688 0.917969 0.427734 0.917969 0.425781 0.916016 0.425781 0.914062 0.423828 0.914062 0.421875 0.912109 0.419922 0.912109 0.417969 0.914062 0.416016 0.914062 0.414062 0.912109 0.414062 0.910156 0.412109 0.910156 0.408203 0.912109 0.406250 0.914062 0.406250 0.916016 0.404297 0.921875 0.404297 0.921875 0.400391 0.923828 0.398438 0.925781 0.398438 0.925781 0.396484 0.929688 0.392578 0.935547 0.392578 0.939453 0.388672 0.941406 0.388672 0.943359 0.386719 0.943359 0.384766 0.945312 0.382812 0.945312 0.380859 0.947266 0.378906 0.953125 0.378906 0.953125 0.371094 0.955078 0.369141 0.955078 0.363281 0.957031 0.361328 0.957031 0.351562 0.960938 0.347656 0.960938 0.345703 0.964844 0.341797 0.966797 0.341797 0.968750 0.339844 0.968750 0.324219 0.964844 0.324219 0.962891 0.322266 0.966797 0.318359 0.968750 0.318359 0.970703 0.316406 0.970703 0.314453 0.972656 0.312500 0.970703 0.310547 0.966797 0.310547 0.964844 0.312500 0.962891 0.310547 0.957031 0.310547 0.957031 0.314453 0.955078 0.316406 0.953125 0.316406 0.949219 0.312500 0.949219 0.310547 0.945312 0.306641 0.945312 0.304688 0.943359 0.302734 0.947266 0.298828 0.949219 0.298828 0.951172 0.296875 0.951172 0.294922 0.962891 0.283203 0.962891 0.281250 0.964844 0.279297 0.964844 0.271484 0.962891 0.269531 0.962891 0.267578 0.955078 0.267578 0.955078 0.277344 0.951172 0.281250 0.949219 0.281250 0.947266 0.279297 0.947266 0.277344 0.945312 0.275391 0.945312 0.273438 0.943359 0.271484 0.943359 0.269531 0.941406 0.267578 0.941406 0.265625 0.943359 0.263672 0.945312 0.263672 0.945312 0.255859 0.947266 0.253906 0.951172 0.253906 0.951172 0.250000 0.953125 0.248047 0.953125 0.246094 0.955078 0.244141 0.955078 0.232422 0.953125 0.230469 0.949219 0.230469 0.947266 0.228516 0.947266 0.226562 0.945312 0.224609 0.945312 0.208984 0.947266 0.207031 0.947266 0.203125 0.943359 0.199219 0.945312 0.197266 0.943359 0.195312 0.941406 0.195312 0.939453 0.193359 0.939453 0.191406 0.935547 0.187500 0.937500 0.185547 0.941406 0.185547 0.941406 0.179688 0.939453 0.177734 0.939453 0.175781 0.943359 0.171875 0.945312 0.171875 0.945312 0.167969 0.943359 0.167969 0.941406 0.166016 0.943359 0.164062 0.943359 0.152344 0.945312 0.150391 0.945312 0.144531 0.947266 0.142578 0.947266 0.130859 0.945312 0.128906 0.945312 0.121094 0.943359 0.119141 0.943359 0.117188 0.941406 0.115234 0.941406 0.103516 0.939453 0.103516 0.937500 0.101562 0.935547 0.101562 0.929688 0.095703 0.929688 0.089844 0.927734 0.087891 0.927734 0.080078 0.925781 0.078125 0.925781 0.072266 0.921875 0.072266 0.921875 0.074219 0.919922 0.076172 0.919922 0.080078 0.917969 0.082031 0.917969 0.085938 0.916016 0.087891 0.917969 0.089844 0.917969 0.097656 0.916016 0.099609 0.914062 0.099609 0.910156 0.095703 0.910156 0.085938 0.912109 0.083984 0.908203 0.080078 0.908203 0.070312 0.900391 0.062500 0.900391 0.058594 0.898438 0.056641 0.898438 0.052734 0.894531 0.048828 0.892578 0.050781 0.892578 0.052734 0.890625 0.054688 0.884766 0.054688 0.882812 0.052734 0.882812 0.050781 0.880859 0.048828 0.876953 0.048828 0.871094 0.054688 0.865234 0.054688 0.865234 0.056641 0.855469 0.066406 0.853516 0.066406 0.853516 0.072266 0.851562 0.074219 0.849609 0.074219 0.849609 0.076172 0.847656 0.078125 0.841797 0.078125 0.841797 0.083984 0.839844 0.085938 0.820312 0.085938 0.818359 0.083984 0.818359 0.082031 0.820312 0.080078 0.818359 0.080078 0.816406 0.078125 0.816406 0.074219 0.814453 0.072266 0.814453 0.070312 0.816406 0.068359 0.816406 0.062500 0.814453 0.060547 0.814453 0.056641 0.816406 0.054688 0.814453 0.054688 0.812500 0.052734 0.810547 0.052734 0.808594 0.054688 0.800781 0.054688 0.798828 0.056641 0.794922 0.056641 0.792969 0.058594 0.787109 0.058594 0.785156 0.056641 0.785156 0.054688 0.781250 0.054688 0.783203 0.056641 0.783203 0.060547 0.781250 0.062500 0.781250 0.064453 0.779297 0.066406 0.773438 0.066406 0.771484 0.068359 0.771484 0.070312 0.769531 0.072266 0.767578 0.072266 0.765625 0.074219 0.763672 0.074219 0.761719 0.076172 0.759766 0.074219 0.755859 0.074219 0.755859 0.080078 0.757812 0.080078 0.759766 0.082031 0.759766 0.083984 0.763672 0.083984 0.765625 0.085938 0.765625 0.087891 0.769531 0.087891 0.771484 0.089844 0.771484 0.095703 0.767578 0.099609 0.767578 0.107422 0.765625 0.109375 0.763672 0.109375 0.763672 0.117188 0.761719 0.119141 0.765625 0.119141 0.767578 0.121094 0.767578 0.123047 0.771484 0.126953 0.761719 0.136719 0.759766 0.136719 0.759766 0.138672 0.751953 0.146484 0.748047 0.146484 0.746094 0.148438 0.738281 0.148438 0.736328 0.150391 0.736328 0.156250 0.734375 0.158203 0.732422 0.158203 0.732422 0.166016 0.730469 0.167969 0.724609 0.167969 0.724609 0.169922 0.722656 0.171875 0.716797 0.171875 0.716797 0.177734 0.714844 0.179688 0.716797 0.181641 0.714844 0.183594 0.712891 0.183594 0.710938 0.185547 0.707031 0.181641 0.707031 0.193359 0.708984 0.195312 0.708984 0.205078 0.710938 0.205078 0.712891 0.207031 0.712891 0.216797 0.710938 0.218750 0.705078 0.218750 0.703125 0.220703 0.701172 0.218750 0.699219 0.220703 0.697266 0.218750 0.695312 0.218750 0.693359 0.220703 0.691406 0.218750 0.689453 0.218750 0.687500 0.216797 0.687500 0.214844 0.685547 0.214844 0.683594 0.212891 0.683594 0.210938 0.681641 0.210938 0.679688 0.208984 0.679688 0.207031 0.664062 0.207031 0.662109 0.205078 0.664062 0.203125 0.664062 0.195312 0.660156 0.195312 0.658203 0.193359 0.656250 0.193359 0.654297 0.195312 0.652344 0.193359 0.652344 0.183594 0.648438 0.183594 0.644531 0.179688 0.644531 0.175781 0.646484 0.173828 0.648438 0.173828 0.646484 0.171875 0.648438 0.169922 0.648438 0.160156 0.650391 0.158203 0.652344 0.158203 0.652344 0.148438 0.654297 0.146484 0.656250 0.146484 0.656250 0.144531 0.654297 0.144531 0.652344 0.142578 0.652344 0.140625 0.654297 0.138672 0.656250 0.138672 0.656250 0.136719 0.666016 0.126953 0.669922 0.130859 0.669922 0.132812 0.667969 0.134766 0.669922 0.136719 0.669922 0.148438 0.673828 0.152344 0.673828 0.154297 0.675781 0.156250 0.675781 0.162109 0.673828 0.164062 0.675781 0.164062 0.677734 0.166016 0.677734 0.171875 0.679688 0.173828 0.679688 0.177734 0.685547 0.183594 0.685547 0.179688 0.687500 0.177734 0.689453 0.179688 0.691406 0.179688 0.691406 0.166016 0.689453 0.166016 0.687500 0.164062 0.687500 0.160156 0.689453 0.158203 0.699219 0.158203 0.701172 0.156250 0.707031 0.156250 0.710938 0.152344 0.710938 0.146484 0.714844 0.142578 0.710938 0.142578 0.708984 0.140625 0.705078 0.144531 0.703125 0.142578 0.703125 0.136719 0.705078 0.134766 0.710938 0.134766 0.710938 0.132812 0.712891 0.130859 0.712891 0.125000 0.714844 0.123047 0.714844 0.115234 0.710938 0.111328 0.710938 0.105469 0.708984 0.103516 0.708984 0.101562 0.707031 0.099609 0.705078 0.099609 0.703125 0.097656 0.703125 0.093750 0.705078 0.091797 0.707031 0.091797 0.707031 0.089844 0.708984 0.087891 0.710938 0.087891 0.710938 0.078125 0.712891 0.076172 0.714844 0.076172 0.714844 0.068359 0.718750 0.064453 0.720703 0.064453 0.720703 0.062500 0.722656 0.060547 0.722656 0.054688 0.724609 0.052734 0.730469 0.052734 0.732422 0.050781 0.734375 0.050781 0.732422 0.048828 0.734375 0.046875 0.734375 0.042969 0.736328 0.041016 0.736328 0.039062 0.738281 0.037109 0.738281 0.035156 0.740234 0.033203 0.740234 0.031250 0.742188 0.029297 0.742188 0.027344 0.740234 0.025391 0.742188 0.023438 0.742188 0.013672 0.744141 0.011719 0.746094 0.011719 0.748047 0.009766 0.748047 0.005859 0.750000 0.003906 0.748047 0.001953 0.748047 0.000000 0.630859 0.000000 0.628906 0.001953 0.623047 0.001953 0.621094 0.000000 0.611328 0.000000 0.611328 0.001953 0.609375 0.003906 0.607422 0.001953 0.607422 0.000000