0 0.382812 0.970703 0.382812 0.982422 0.380859 0.984375 0.380859 0.990234 0.384766 0.990234 0.384766 0.982422 0.386719 0.980469 0.388672 0.980469 0.390625 0.978516 0.390625 0.972656 0.388672 0.970703
0 0.146484 0.958984 0.144531 0.960938 0.140625 0.960938 0.140625 0.964844 0.142578 0.964844 0.144531 0.966797 0.146484 0.966797 0.150391 0.962891 0.150391 0.958984
0 0.212891 0.941406 0.210938 0.943359 0.210938 0.951172 0.212891 0.951172 0.214844 0.953125 0.216797 0.953125 0.218750 0.955078 0.220703 0.955078 0.222656 0.953125 0.224609 0.953125 0.228516 0.949219 0.228516 0.945312 0.226562 0.945312 0.224609 0.947266 0.222656 0.947266 0.220703 0.949219 0.214844 0.943359 0.214844 0.941406
0 0.240234 0.937500 0.236328 0.941406 0.234375 0.941406 0.234375 0.945312 0.236328 0.947266 0.236328 0.949219 0.240234 0.949219 0.240234 0.945312 0.242188 0.943359 0.244141 0.943359 0.244141 0.937500
0 0.162109 0.933594 0.160156 0.935547 0.158203 0.935547 0.154297 0.939453 0.154297 0.943359 0.160156 0.943359 0.164062 0.939453 0.164062 0.933594
0 0.158203 0.896484 0.154297 0.900391 0.152344 0.900391 0.144531 0.908203 0.144531 0.912109 0.142578 0.914062 0.142578 0.916016 0.148438 0.916016 0.150391 0.917969 0.154297 0.917969 0.154297 0.916016 0.164062 0.906250 0.164062 0.904297 0.166016 0.902344 0.166016 0.898438 0.164062 0.898438 0.162109 0.896484
0 0.107422 0.880859 0.105469 0.882812 0.099609 0.882812 0.097656 0.884766 0.095703 0.884766 0.091797 0.888672 0.085938 0.888672 0.083984 0.886719 0.078125 0.886719 0.078125 0.888672 0.076172 0.890625 0.072266 0.890625 0.070312 0.892578 0.068359 0.892578 0.064453 0.896484 0.064453 0.898438 0.060547 0.902344 0.058594 0.902344 0.056641 0.904297 0.054688 0.904297 0.048828 0.898438 0.044922 0.898438 0.044922 0.900391 0.041016 0.904297 0.041016 0.906250 0.039062 0.908203 0.037109 0.908203 0.035156 0.910156 0.033203 0.910156 0.031250 0.908203 0.031250 0.904297 0.029297 0.902344 0.029297 0.900391 0.023438 0.900391 0.023438 0.910156 0.021484 0.912109 0.021484 0.916016 0.019531 0.917969 0.019531 0.927734 0.017578 0.929688 0.015625 0.929688 0.013672 0.931641 0.009766 0.931641 0.007812 0.929688 0.005859 0.929688 0.000000 0.923828 0.000000 0.992188 0.140625 0.992188 0.138672 0.990234 0.140625 0.988281 0.140625 0.984375 0.142578 0.982422 0.140625 0.980469 0.138672 0.980469 0.132812 0.974609 0.130859 0.976562 0.126953 0.972656 0.132812 0.966797 0.130859 0.964844 0.130859 0.962891 0.128906 0.962891 0.126953 0.964844 0.125000 0.962891 0.123047 0.962891 0.121094 0.960938 0.121094 0.958984 0.117188 0.955078 0.117188 0.953125 0.115234 0.951172 0.115234 0.949219 0.121094 0.943359 0.121094 0.939453 0.128906 0.931641 0.128906 0.927734 0.117188 0.927734 0.115234 0.925781 0.115234 0.923828 0.113281 0.921875 0.113281 0.917969 0.111328 0.917969 0.109375 0.916016 0.105469 0.916016 0.103516 0.914062 0.103516 0.908203 0.115234 0.896484 0.115234 0.894531 0.113281 0.892578 0.113281 0.890625 0.119141 0.884766 0.117188 0.884766 0.115234 0.882812 0.111328 0.882812 0.109375 0.880859
0 0.093750 0.869141 0.089844 0.873047 0.085938 0.873047 0.085938 0.876953 0.091797 0.876953 0.093750 0.875000 0.095703 0.875000 0.097656 0.873047 0.101562 0.873047 0.101562 0.869141
0 0.009766 0.865234 0.009766 0.871094 0.011719 0.873047 0.013672 0.873047 0.017578 0.876953 0.019531 0.876953 0.021484 0.875000 0.021484 0.871094 0.019531 0.871094 0.013672 0.865234
0 0.248047 0.863281 0.244141 0.867188 0.226562 0.867188 0.222656 0.871094 0.220703 0.871094 0.218750 0.873047 0.216797 0.873047 0.210938 0.878906 0.207031 0.878906 0.205078 0.876953 0.201172 0.876953 0.199219 0.878906 0.197266 0.878906 0.193359 0.882812 0.189453 0.882812 0.189453 0.884766 0.191406 0.886719 0.189453 0.888672 0.189453 0.898438 0.187500 0.900391 0.185547 0.900391 0.185547 0.914062 0.179688 0.919922 0.179688 0.925781 0.183594 0.925781 0.185547 0.927734 0.191406 0.927734 0.191406 0.921875 0.193359 0.919922 0.199219 0.919922 0.201172 0.917969 0.205078 0.917969 0.207031 0.919922 0.208984 0.919922 0.210938 0.921875 0.210938 0.927734 0.212891 0.929688 0.216797 0.929688 0.220703 0.933594 0.220703 0.935547 0.224609 0.935547 0.230469 0.929688 0.232422 0.929688 0.234375 0.931641 0.236328 0.931641 0.238281 0.929688 0.240234 0.929688 0.240234 0.927734 0.244141 0.923828 0.244141 0.916016 0.242188 0.914062 0.242188 0.910156 0.240234 0.908203 0.236328 0.908203 0.232422 0.904297 0.230469 0.904297 0.230469 0.908203 0.228516 0.910156 0.226562 0.910156 0.222656 0.914062 0.220703 0.914062 0.218750 0.912109 0.218750 0.906250 0.220703 0.904297 0.224609 0.904297 0.238281 0.890625 0.240234 0.890625 0.242188 0.888672 0.255859 0.888672 0.257812 0.886719 0.263672 0.886719 0.265625 0.888672 0.271484 0.888672 0.275391 0.884766 0.275391 0.882812 0.271484 0.878906 0.271484 0.876953 0.265625 0.871094 0.265625 0.863281
0 0.294922 0.855469 0.294922 0.857422 0.296875 0.859375 0.296875 0.863281 0.298828 0.865234 0.300781 0.863281 0.298828 0.861328 0.302734 0.857422 0.300781 0.855469
0 0.455078 0.843750 0.453125 0.845703 0.453125 0.865234 0.466797 0.865234 0.470703 0.869141 0.470703 0.875000 0.472656 0.875000 0.476562 0.871094 0.486328 0.871094 0.488281 0.869141 0.490234 0.869141 0.492188 0.871094 0.492188 0.876953 0.494141 0.878906 0.494141 0.882812 0.496094 0.884766 0.496094 0.886719 0.500000 0.886719 0.500000 0.884766 0.505859 0.878906 0.505859 0.876953 0.507812 0.875000 0.509766 0.875000 0.509766 0.855469 0.501953 0.855469 0.500000 0.853516 0.486328 0.853516 0.482422 0.857422 0.482422 0.859375 0.478516 0.863281 0.474609 0.859375 0.474609 0.857422 0.472656 0.855469 0.464844 0.855469 0.462891 0.857422 0.460938 0.855469 0.460938 0.853516 0.462891 0.851562 0.462891 0.843750
0 0.212891 0.837891 0.210938 0.839844 0.210938 0.845703 0.212891 0.847656 0.212891 0.851562 0.216797 0.851562 0.218750 0.849609 0.220703 0.849609 0.222656 0.847656 0.222656 0.843750 0.218750 0.843750 0.216797 0.841797 0.216797 0.839844 0.214844 0.837891
0 0.777344 0.658203 0.777344 0.662109 0.775391 0.664062 0.773438 0.664062 0.771484 0.666016 0.769531 0.666016 0.765625 0.669922 0.763672 0.669922 0.761719 0.667969 0.761719 0.666016 0.759766 0.664062 0.759766 0.662109 0.757812 0.660156 0.751953 0.660156 0.751953 0.662109 0.750000 0.664062 0.748047 0.664062 0.746094 0.666016 0.746094 0.673828 0.750000 0.677734 0.750000 0.679688 0.751953 0.681641 0.753906 0.681641 0.757812 0.685547 0.751953 0.691406 0.751953 0.695312 0.748047 0.699219 0.744141 0.699219 0.744141 0.708984 0.748047 0.712891 0.750000 0.712891 0.753906 0.716797 0.755859 0.716797 0.759766 0.720703 0.759766 0.722656 0.757812 0.724609 0.753906 0.724609 0.753906 0.730469 0.761719 0.738281 0.761719 0.746094 0.765625 0.746094 0.769531 0.750000 0.769531 0.757812 0.771484 0.759766 0.767578 0.763672 0.765625 0.763672 0.761719 0.767578 0.761719 0.773438 0.765625 0.777344 0.765625 0.779297 0.759766 0.785156 0.757812 0.785156 0.753906 0.781250 0.751953 0.781250 0.742188 0.771484 0.742188 0.769531 0.740234 0.767578 0.740234 0.765625 0.736328 0.761719 0.736328 0.751953 0.734375 0.750000 0.730469 0.750000 0.730469 0.751953 0.728516 0.753906 0.726562 0.753906 0.726562 0.757812 0.724609 0.759766 0.722656 0.759766 0.722656 0.769531 0.724609 0.771484 0.724609 0.773438 0.726562 0.775391 0.726562 0.787109 0.724609 0.789062 0.722656 0.787109 0.718750 0.787109 0.716797 0.785156 0.716797 0.783203 0.708984 0.783203 0.707031 0.785156 0.707031 0.789062 0.708984 0.791016 0.708984 0.792969 0.710938 0.794922 0.716797 0.794922 0.718750 0.796875 0.718750 0.802734 0.720703 0.804688 0.720703 0.806641 0.722656 0.808594 0.722656 0.814453 0.728516 0.820312 0.726562 0.822266 0.722656 0.822266 0.720703 0.824219 0.718750 0.824219 0.712891 0.830078 0.710938 0.830078 0.710938 0.843750 0.712891 0.843750 0.714844 0.845703 0.720703 0.845703 0.722656 0.847656 0.726562 0.847656 0.730469 0.851562 0.746094 0.851562 0.751953 0.857422 0.750000 0.859375 0.753906 0.863281 0.753906 0.865234 0.755859 0.867188 0.755859 0.869141 0.759766 0.873047 0.759766 0.875000 0.761719 0.876953 0.761719 0.882812 0.763672 0.884766 0.763672 0.886719 0.765625 0.888672 0.765625 0.890625 0.767578 0.892578 0.767578 0.894531 0.769531 0.896484 0.771484 0.896484 0.773438 0.898438 0.777344 0.898438 0.779297 0.900391 0.781250 0.900391 0.783203 0.902344 0.785156 0.902344 0.791016 0.908203 0.792969 0.908203 0.794922 0.910156 0.810547 0.910156 0.812500 0.908203 0.814453 0.908203 0.816406 0.906250 0.820312 0.906250 0.824219 0.902344 0.830078 0.902344 0.832031 0.904297 0.832031 0.906250 0.830078 0.908203 0.830078 0.910156 0.828125 0.912109 0.828125 0.931641 0.830078 0.931641 0.833984 0.935547 0.847656 0.935547 0.849609 0.933594 0.851562 0.935547 0.851562 0.941406 0.855469 0.945312 0.855469 0.947266 0.857422 0.949219 0.859375 0.949219 0.865234 0.955078 0.867188 0.955078 0.871094 0.958984 0.871094 0.960938 0.873047 0.962891 0.875000 0.962891 0.880859 0.968750 0.880859 0.970703 0.888672 0.978516 0.890625 0.978516 0.892578 0.980469 0.900391 0.980469 0.902344 0.982422 0.904297 0.982422 0.906250 0.984375 0.906250 0.992188 0.992188 0.992188 0.992188 0.904297 0.990234 0.902344 0.990234 0.900391 0.988281 0.900391 0.984375 0.896484 0.984375 0.890625 0.982422 0.892578 0.980469 0.890625 0.978516 0.890625 0.976562 0.888672 0.976562 0.882812 0.972656 0.878906 0.970703 0.878906 0.966797 0.875000 0.964844 0.875000 0.962891 0.873047 0.960938 0.873047 0.958984 0.871094 0.939453 0.871094 0.937500 0.869141 0.933594 0.869141 0.931641 0.867188 0.927734 0.867188 0.925781 0.865234 0.906250 0.865234 0.904297 0.863281 0.900391 0.863281 0.898438 0.861328 0.898438 0.859375 0.896484 0.859375 0.894531 0.857422 0.894531 0.855469 0.898438 0.851562 0.898438 0.830078 0.896484 0.828125 0.896484 0.826172 0.894531 0.824219 0.892578 0.824219 0.890625 0.822266 0.888672 0.822266 0.884766 0.818359 0.882812 0.818359 0.880859 0.816406 0.878906 0.816406 0.876953 0.814453 0.871094 0.814453 0.869141 0.812500 0.851562 0.812500 0.845703 0.818359 0.843750 0.818359 0.841797 0.820312 0.833984 0.820312 0.830078 0.816406 0.828125 0.816406 0.826172 0.814453 0.822266 0.814453 0.822266 0.816406 0.820312 0.818359 0.814453 0.818359 0.812500 0.820312 0.810547 0.818359 0.810547 0.816406 0.808594 0.814453 0.808594 0.812500 0.806641 0.810547 0.806641 0.804688 0.808594 0.802734 0.808594 0.800781 0.810547 0.798828 0.810547 0.789062 0.808594 0.787109 0.794922 0.787109 0.792969 0.789062 0.791016 0.789062 0.791016 0.791016 0.787109 0.794922 0.783203 0.794922 0.781250 0.796875 0.779297 0.796875 0.777344 0.798828 0.771484 0.792969 0.773438 0.791016 0.775391 0.791016 0.777344 0.789062 0.779297 0.789062 0.781250 0.787109 0.781250 0.783203 0.789062 0.775391 0.789062 0.773438 0.794922 0.767578 0.794922 0.755859 0.792969 0.753906 0.792969 0.751953 0.791016 0.750000 0.791016 0.746094 0.792969 0.744141 0.792969 0.734375 0.785156 0.734375 0.779297 0.728516 0.779297 0.726562 0.777344 0.724609 0.775391 0.724609 0.771484 0.720703 0.771484 0.716797 0.777344 0.710938 0.783203 0.716797 0.796875 0.716797 0.796875 0.712891 0.802734 0.707031 0.802734 0.705078 0.804688 0.703125 0.804688 0.693359 0.806641 0.691406 0.806641 0.689453 0.808594 0.687500 0.808594 0.683594 0.810547 0.681641 0.810547 0.679688 0.808594 0.677734 0.802734 0.677734 0.798828 0.673828 0.798828 0.671875 0.794922 0.667969 0.794922 0.666016 0.787109 0.658203
0 0.927734 0.568359 0.921875 0.574219 0.919922 0.574219 0.917969 0.576172 0.917969 0.582031 0.919922 0.583984 0.919922 0.585938 0.925781 0.585938 0.927734 0.583984 0.929688 0.585938 0.929688 0.587891 0.937500 0.587891 0.939453 0.585938 0.941406 0.585938 0.949219 0.578125 0.949219 0.576172 0.951172 0.574219 0.949219 0.572266 0.949219 0.570312 0.943359 0.570312 0.941406 0.568359
0 0.744141 0.556641 0.742188 0.558594 0.742188 0.562500 0.751953 0.572266 0.757812 0.572266 0.759766 0.570312 0.761719 0.570312 0.761719 0.564453 0.759766 0.564453 0.757812 0.562500 0.757812 0.556641
0 0.000000 0.371094 0.000000 0.593750 0.001953 0.591797 0.011719 0.591797 0.013672 0.593750 0.013672 0.587891 0.017578 0.583984 0.019531 0.583984 0.023438 0.580078 0.025391 0.580078 0.027344 0.578125 0.029297 0.578125 0.031250 0.580078 0.035156 0.580078 0.037109 0.582031 0.039062 0.582031 0.044922 0.587891 0.044922 0.591797 0.046875 0.593750 0.046875 0.599609 0.048828 0.601562 0.044922 0.605469 0.044922 0.607422 0.039062 0.613281 0.039062 0.615234 0.037109 0.617188 0.037109 0.623047 0.039062 0.625000 0.035156 0.628906 0.029297 0.628906 0.027344 0.630859 0.027344 0.636719 0.029297 0.638672 0.033203 0.638672 0.037109 0.634766 0.046875 0.644531 0.058594 0.644531 0.060547 0.642578 0.064453 0.642578 0.066406 0.644531 0.068359 0.644531 0.070312 0.646484 0.072266 0.646484 0.074219 0.648438 0.072266 0.650391 0.072266 0.652344 0.070312 0.654297 0.076172 0.660156 0.076172 0.664062 0.078125 0.666016 0.080078 0.666016 0.082031 0.667969 0.083984 0.666016 0.087891 0.666016 0.091797 0.669922 0.089844 0.671875 0.093750 0.675781 0.099609 0.675781 0.103516 0.671875 0.107422 0.671875 0.109375 0.669922 0.111328 0.669922 0.113281 0.667969 0.113281 0.666016 0.111328 0.664062 0.111328 0.660156 0.113281 0.658203 0.113281 0.656250 0.115234 0.654297 0.115234 0.652344 0.113281 0.650391 0.117188 0.646484 0.119141 0.646484 0.121094 0.648438 0.126953 0.648438 0.126953 0.646484 0.128906 0.644531 0.132812 0.648438 0.140625 0.648438 0.142578 0.650391 0.150391 0.650391 0.152344 0.652344 0.152344 0.656250 0.154297 0.658203 0.154297 0.662109 0.150391 0.666016 0.150391 0.667969 0.140625 0.677734 0.140625 0.679688 0.138672 0.681641 0.136719 0.681641 0.136719 0.683594 0.134766 0.685547 0.134766 0.695312 0.152344 0.695312 0.154297 0.693359 0.154297 0.691406 0.162109 0.683594 0.162109 0.681641 0.166016 0.677734 0.169922 0.681641 0.185547 0.681641 0.187500 0.679688 0.195312 0.679688 0.197266 0.677734 0.199219 0.677734 0.203125 0.673828 0.210938 0.673828 0.216797 0.667969 0.218750 0.667969 0.220703 0.666016 0.222656 0.666016 0.222656 0.656250 0.214844 0.648438 0.212891 0.648438 0.208984 0.644531 0.208984 0.636719 0.207031 0.634766 0.207031 0.630859 0.214844 0.623047 0.216797 0.623047 0.218750 0.621094 0.226562 0.621094 0.228516 0.619141 0.232422 0.619141 0.242188 0.609375 0.244141 0.609375 0.246094 0.607422 0.246094 0.595703 0.244141 0.593750 0.242188 0.593750 0.240234 0.591797 0.240234 0.589844 0.238281 0.589844 0.234375 0.585938 0.234375 0.583984 0.238281 0.580078 0.238281 0.576172 0.240234 0.574219 0.240234 0.572266 0.250000 0.562500 0.250000 0.560547 0.259766 0.550781 0.259766 0.548828 0.269531 0.539062 0.271484 0.539062 0.275391 0.535156 0.277344 0.535156 0.279297 0.533203 0.281250 0.533203 0.283203 0.531250 0.285156 0.531250 0.285156 0.529297 0.291016 0.523438 0.291016 0.511719 0.289062 0.509766 0.289062 0.505859 0.287109 0.503906 0.287109 0.501953 0.285156 0.500000 0.285156 0.498047 0.281250 0.494141 0.279297 0.494141 0.277344 0.492188 0.261719 0.492188 0.259766 0.494141 0.251953 0.494141 0.250000 0.492188 0.244141 0.492188 0.240234 0.488281 0.240234 0.486328 0.242188 0.484375 0.242188 0.468750 0.236328 0.468750 0.234375 0.466797 0.234375 0.464844 0.222656 0.464844 0.220703 0.462891 0.216797 0.462891 0.212891 0.458984 0.208984 0.458984 0.207031 0.457031 0.205078 0.457031 0.203125 0.455078 0.197266 0.455078 0.195312 0.453125 0.183594 0.453125 0.181641 0.455078 0.179688 0.455078 0.177734 0.457031 0.177734 0.460938 0.175781 0.462891 0.175781 0.464844 0.169922 0.470703 0.167969 0.470703 0.166016 0.468750 0.166016 0.466797 0.164062 0.466797 0.154297 0.457031 0.150391 0.457031 0.148438 0.455078 0.138672 0.455078 0.134766 0.458984 0.132812 0.458984 0.130859 0.460938 0.121094 0.460938 0.119141 0.462891 0.117188 0.462891 0.103516 0.449219 0.101562 0.449219 0.099609 0.447266 0.097656 0.447266 0.095703 0.445312 0.093750 0.445312 0.089844 0.441406 0.093750 0.437500 0.091797 0.435547 0.091797 0.433594 0.093750 0.431641 0.091797 0.429688 0.087891 0.429688 0.087891 0.431641 0.085938 0.433594 0.078125 0.433594 0.072266 0.427734 0.072266 0.425781 0.068359 0.425781 0.066406 0.423828 0.066406 0.421875 0.064453 0.419922 0.064453 0.417969 0.066406 0.416016 0.066406 0.414062 0.068359 0.412109 0.080078 0.412109 0.082031 0.410156 0.082031 0.404297 0.080078 0.402344 0.078125 0.402344 0.076172 0.400391 0.072266 0.400391 0.068359 0.396484 0.072266 0.392578 0.072266 0.390625 0.076172 0.386719 0.080078 0.386719 0.082031 0.388672 0.089844 0.388672 0.091797 0.386719 0.093750 0.386719 0.097656 0.382812 0.097656 0.380859 0.091797 0.375000 0.091797 0.373047 0.085938 0.378906 0.074219 0.378906 0.070312 0.382812 0.068359 0.382812 0.068359 0.384766 0.066406 0.386719 0.064453 0.384766 0.064453 0.373047 0.058594 0.378906 0.056641 0.376953 0.050781 0.376953 0.048828 0.378906 0.042969 0.378906 0.041016 0.380859 0.039062 0.380859 0.039062 0.384766 0.037109 0.386719 0.035156 0.384766 0.033203 0.384766 0.029297 0.388672 0.029297 0.390625 0.027344 0.392578 0.025391 0.392578 0.023438 0.390625 0.021484 0.390625 0.017578 0.386719 0.017578 0.376953 0.015625 0.375000 0.013672 0.375000 0.009766 0.371094
0 0.037109 0.294922 0.037109 0.296875 0.035156 0.298828 0.033203 0.298828 0.031250 0.300781 0.031250 0.306641 0.037109 0.306641 0.039062 0.304688 0.046875 0.304688 0.048828 0.302734 0.050781 0.302734 0.050781 0.296875 0.048828 0.294922
0 0.011719 0.253906 0.009766 0.255859 0.007812 0.255859 0.001953 0.261719 0.000000 0.261719 0.000000 0.314453 0.005859 0.314453 0.011719 0.308594 0.011719 0.304688 0.017578 0.298828 0.019531 0.298828 0.021484 0.296875 0.025391 0.296875 0.027344 0.294922 0.027344 0.292969 0.029297 0.291016 0.027344 0.289062 0.029297 0.287109 0.027344 0.285156 0.031250 0.281250 0.031250 0.277344 0.033203 0.275391 0.033203 0.265625 0.023438 0.265625 0.021484 0.267578 0.019531 0.265625 0.019531 0.253906
0 0.011719 0.000000 0.015625 0.003906 0.015625 0.007812 0.017578 0.009766 0.017578 0.031250 0.011719 0.037109 0.000000 0.037109 0.000000 0.083984 0.007812 0.091797 0.011719 0.091797 0.013672 0.093750 0.019531 0.093750 0.027344 0.101562 0.031250 0.101562 0.033203 0.103516 0.033203 0.105469 0.037109 0.105469 0.041016 0.109375 0.042969 0.109375 0.044922 0.111328 0.044922 0.113281 0.048828 0.113281 0.050781 0.115234 0.052734 0.115234 0.056641 0.119141 0.062500 0.119141 0.064453 0.121094 0.064453 0.123047 0.068359 0.123047 0.070312 0.125000 0.087891 0.125000 0.091797 0.128906 0.093750 0.128906 0.095703 0.130859 0.095703 0.132812 0.097656 0.132812 0.099609 0.134766 0.103516 0.134766 0.105469 0.136719 0.105469 0.138672 0.107422 0.138672 0.111328 0.142578 0.134766 0.142578 0.134766 0.140625 0.136719 0.138672 0.146484 0.138672 0.150391 0.142578 0.167969 0.142578 0.171875 0.138672 0.175781 0.138672 0.177734 0.136719 0.181641 0.136719 0.183594 0.138672 0.185547 0.138672 0.187500 0.140625 0.187500 0.142578 0.189453 0.142578 0.191406 0.144531 0.193359 0.144531 0.197266 0.148438 0.197266 0.150391 0.205078 0.158203 0.207031 0.158203 0.208984 0.160156 0.210938 0.160156 0.214844 0.164062 0.214844 0.179688 0.216797 0.181641 0.216797 0.183594 0.218750 0.183594 0.222656 0.187500 0.255859 0.187500 0.257812 0.185547 0.259766 0.185547 0.261719 0.183594 0.265625 0.183594 0.269531 0.179688 0.271484 0.179688 0.271484 0.177734 0.273438 0.175781 0.275391 0.175781 0.277344 0.173828 0.279297 0.173828 0.281250 0.175781 0.285156 0.175781 0.287109 0.177734 0.287109 0.179688 0.289062 0.181641 0.289062 0.183594 0.291016 0.183594 0.292969 0.185547 0.294922 0.185547 0.296875 0.187500 0.296875 0.189453 0.300781 0.193359 0.300781 0.199219 0.304688 0.203125 0.304688 0.207031 0.306641 0.208984 0.306641 0.212891 0.308594 0.214844 0.308594 0.216797 0.310547 0.218750 0.310547 0.220703 0.312500 0.222656 0.316406 0.222656 0.322266 0.228516 0.322266 0.269531 0.324219 0.271484 0.324219 0.275391 0.328125 0.279297 0.328125 0.283203 0.339844 0.294922 0.341797 0.294922 0.345703 0.298828 0.345703 0.300781 0.349609 0.304688 0.349609 0.306641 0.351562 0.308594 0.351562 0.310547 0.353516 0.312500 0.353516 0.314453 0.355469 0.316406 0.355469 0.332031 0.349609 0.337891 0.349609 0.339844 0.345703 0.343750 0.343750 0.343750 0.343750 0.345703 0.339844 0.349609 0.339844 0.351562 0.337891 0.353516 0.337891 0.355469 0.335938 0.357422 0.335938 0.363281 0.333984 0.365234 0.333984 0.384766 0.335938 0.386719 0.335938 0.388672 0.337891 0.390625 0.337891 0.398438 0.341797 0.402344 0.343750 0.402344 0.345703 0.404297 0.345703 0.406250 0.347656 0.408203 0.347656 0.410156 0.349609 0.412109 0.351562 0.412109 0.373047 0.433594 0.398438 0.433594 0.400391 0.431641 0.404297 0.431641 0.406250 0.429688 0.410156 0.429688 0.412109 0.427734 0.416016 0.427734 0.416016 0.425781 0.417969 0.423828 0.417969 0.421875 0.419922 0.419922 0.419922 0.417969 0.423828 0.414062 0.423828 0.412109 0.425781 0.410156 0.425781 0.408203 0.427734 0.406250 0.427734 0.400391 0.429688 0.398438 0.429688 0.371094 0.431641 0.369141 0.431641 0.367188 0.433594 0.365234 0.435547 0.365234 0.437500 0.363281 0.437500 0.361328 0.439453 0.359375 0.441406 0.359375 0.443359 0.357422 0.445312 0.357422 0.447266 0.355469 0.451172 0.355469 0.451172 0.353516 0.462891 0.341797 0.464844 0.341797 0.474609 0.332031 0.474609 0.330078 0.476562 0.328125 0.476562 0.324219 0.478516 0.322266 0.478516 0.316406 0.480469 0.314453 0.480469 0.298828 0.472656 0.291016 0.472656 0.289062 0.470703 0.287109 0.468750 0.287109 0.466797 0.285156 0.466797 0.273438 0.468750 0.271484 0.468750 0.269531 0.474609 0.263672 0.474609 0.259766 0.476562 0.257812 0.476562 0.255859 0.478516 0.253906 0.478516 0.246094 0.480469 0.244141 0.480469 0.238281 0.482422 0.236328 0.482422 0.230469 0.484375 0.228516 0.484375 0.214844 0.486328 0.212891 0.486328 0.210938 0.488281 0.208984 0.488281 0.207031 0.492188 0.203125 0.492188 0.199219 0.494141 0.197266 0.494141 0.195312 0.496094 0.193359 0.496094 0.187500 0.498047 0.185547 0.498047 0.183594 0.500000 0.181641 0.500000 0.179688 0.501953 0.177734 0.501953 0.175781 0.509766 0.167969 0.509766 0.166016 0.515625 0.160156 0.517578 0.160156 0.517578 0.158203 0.519531 0.156250 0.521484 0.156250 0.525391 0.152344 0.527344 0.152344 0.533203 0.146484 0.535156 0.146484 0.535156 0.144531 0.537109 0.142578 0.539062 0.144531 0.541016 0.144531 0.542969 0.146484 0.542969 0.148438 0.544922 0.150391 0.544922 0.154297 0.546875 0.156250 0.546875 0.158203 0.548828 0.160156 0.548828 0.166016 0.550781 0.167969 0.552734 0.167969 0.554688 0.169922 0.554688 0.177734 0.556641 0.179688 0.556641 0.187500 0.564453 0.187500 0.568359 0.191406 0.568359 0.197266 0.570312 0.199219 0.570312 0.201172 0.583984 0.201172 0.589844 0.195312 0.591797 0.195312 0.593750 0.193359 0.593750 0.177734 0.591797 0.175781 0.591797 0.169922 0.593750 0.167969 0.593750 0.166016 0.595703 0.164062 0.595703 0.162109 0.597656 0.160156 0.599609 0.160156 0.599609 0.158203 0.601562 0.156250 0.603516 0.156250 0.603516 0.152344 0.605469 0.150391 0.605469 0.134766 0.601562 0.130859 0.607422 0.125000 0.613281 0.125000 0.619141 0.130859 0.632812 0.130859 0.634766 0.128906 0.642578 0.128906 0.646484 0.132812 0.646484 0.142578 0.644531 0.144531 0.644531 0.146484 0.638672 0.152344 0.638672 0.154297 0.634766 0.158203 0.634766 0.162109 0.625000 0.171875 0.623047 0.171875 0.621094 0.173828 0.617188 0.173828 0.617188 0.183594 0.619141 0.183594 0.623047 0.187500 0.623047 0.189453 0.642578 0.189453 0.644531 0.191406 0.646484 0.191406 0.650391 0.195312 0.652344 0.195312 0.660156 0.203125 0.660156 0.207031 0.664062 0.210938 0.666016 0.210938 0.667969 0.212891 0.667969 0.214844 0.669922 0.214844 0.671875 0.216797 0.671875 0.218750 0.677734 0.224609 0.679688 0.224609 0.689453 0.234375 0.691406 0.234375 0.693359 0.236328 0.695312 0.236328 0.697266 0.238281 0.699219 0.238281 0.701172 0.240234 0.705078 0.240234 0.707031 0.242188 0.708984 0.242188 0.710938 0.244141 0.712891 0.244141 0.714844 0.246094 0.718750 0.246094 0.722656 0.250000 0.724609 0.250000 0.726562 0.251953 0.728516 0.251953 0.730469 0.253906 0.730469 0.255859 0.732422 0.257812 0.734375 0.257812 0.736328 0.259766 0.759766 0.259766 0.761719 0.257812 0.767578 0.263672 0.767578 0.265625 0.771484 0.269531 0.771484 0.277344 0.769531 0.279297 0.769531 0.283203 0.767578 0.285156 0.767578 0.291016 0.765625 0.292969 0.765625 0.302734 0.763672 0.304688 0.761719 0.304688 0.759766 0.302734 0.757812 0.302734 0.755859 0.300781 0.750000 0.300781 0.748047 0.298828 0.744141 0.298828 0.738281 0.292969 0.728516 0.292969 0.726562 0.294922 0.708984 0.294922 0.705078 0.298828 0.705078 0.304688 0.697266 0.312500 0.695312 0.312500 0.695312 0.314453 0.691406 0.318359 0.687500 0.318359 0.687500 0.320312 0.685547 0.322266 0.685547 0.332031 0.699219 0.332031 0.701172 0.330078 0.703125 0.330078 0.703125 0.320312 0.705078 0.318359 0.718750 0.318359 0.720703 0.316406 0.730469 0.316406 0.732422 0.318359 0.732422 0.328125 0.730469 0.330078 0.728516 0.330078 0.728516 0.333984 0.738281 0.343750 0.738281 0.345703 0.736328 0.347656 0.736328 0.353516 0.734375 0.355469 0.730469 0.355469 0.726562 0.351562 0.726562 0.349609 0.722656 0.345703 0.722656 0.343750 0.710938 0.343750 0.710938 0.349609 0.714844 0.353516 0.714844 0.355469 0.720703 0.361328 0.718750 0.363281 0.710938 0.363281 0.710938 0.369141 0.708984 0.371094 0.705078 0.371094 0.701172 0.375000 0.701172 0.380859 0.707031 0.380859 0.708984 0.382812 0.708984 0.384766 0.710938 0.386719 0.710938 0.388672 0.734375 0.388672 0.734375 0.382812 0.736328 0.380859 0.736328 0.371094 0.734375 0.371094 0.732422 0.369141 0.736328 0.365234 0.751953 0.365234 0.753906 0.367188 0.761719 0.367188 0.763672 0.369141 0.765625 0.369141 0.767578 0.371094 0.767578 0.375000 0.763672 0.378906 0.761719 0.378906 0.757812 0.382812 0.757812 0.396484 0.755859 0.398438 0.753906 0.398438 0.753906 0.400391 0.751953 0.402344 0.751953 0.410156 0.755859 0.410156 0.759766 0.414062 0.759766 0.416016 0.765625 0.416016 0.769531 0.419922 0.769531 0.427734 0.771484 0.429688 0.771484 0.431641 0.775391 0.435547 0.777344 0.435547 0.781250 0.439453 0.781250 0.441406 0.775391 0.447266 0.775391 0.449219 0.771484 0.453125 0.769531 0.451172 0.759766 0.451172 0.759766 0.453125 0.757812 0.455078 0.755859 0.455078 0.753906 0.457031 0.751953 0.457031 0.746094 0.462891 0.742188 0.462891 0.742188 0.468750 0.744141 0.468750 0.746094 0.470703 0.746094 0.472656 0.750000 0.472656 0.751953 0.474609 0.750000 0.476562 0.748047 0.476562 0.750000 0.476562 0.751953 0.478516 0.753906 0.478516 0.755859 0.480469 0.755859 0.478516 0.759766 0.474609 0.761719 0.474609 0.761719 0.472656 0.763672 0.470703 0.769531 0.470703 0.771484 0.468750 0.773438 0.468750 0.775391 0.470703 0.777344 0.470703 0.781250 0.474609 0.781250 0.478516 0.789062 0.486328 0.792969 0.486328 0.794922 0.488281 0.794922 0.492188 0.798828 0.496094 0.798828 0.507812 0.796875 0.509766 0.794922 0.509766 0.791016 0.513672 0.791016 0.515625 0.785156 0.521484 0.783203 0.521484 0.783203 0.525391 0.781250 0.527344 0.781250 0.539062 0.783203 0.541016 0.783203 0.544922 0.785156 0.546875 0.785156 0.548828 0.783203 0.550781 0.783203 0.560547 0.785156 0.562500 0.785156 0.570312 0.789062 0.574219 0.787109 0.576172 0.787109 0.578125 0.785156 0.580078 0.785156 0.582031 0.779297 0.587891 0.779297 0.589844 0.777344 0.591797 0.775391 0.591797 0.775391 0.599609 0.779297 0.599609 0.781250 0.601562 0.789062 0.601562 0.791016 0.603516 0.792969 0.603516 0.796875 0.607422 0.806641 0.607422 0.806641 0.605469 0.808594 0.603516 0.810547 0.603516 0.810547 0.601562 0.812500 0.599609 0.812500 0.593750 0.820312 0.585938 0.822266 0.585938 0.826172 0.589844 0.826172 0.593750 0.833984 0.601562 0.835938 0.601562 0.837891 0.603516 0.837891 0.605469 0.835938 0.607422 0.833984 0.607422 0.830078 0.611328 0.828125 0.609375 0.826172 0.609375 0.824219 0.607422 0.816406 0.607422 0.816406 0.613281 0.818359 0.615234 0.818359 0.617188 0.820312 0.617188 0.822266 0.619141 0.822266 0.621094 0.824219 0.623047 0.824219 0.628906 0.820312 0.632812 0.818359 0.632812 0.816406 0.634766 0.816406 0.644531 0.820312 0.648438 0.820312 0.650391 0.822266 0.652344 0.822266 0.658203 0.826172 0.658203 0.828125 0.660156 0.837891 0.660156 0.839844 0.658203 0.841797 0.658203 0.841797 0.654297 0.843750 0.652344 0.845703 0.652344 0.845703 0.632812 0.843750 0.632812 0.841797 0.630859 0.841797 0.625000 0.839844 0.623047 0.839844 0.621094 0.837891 0.619141 0.837891 0.613281 0.841797 0.609375 0.845703 0.609375 0.847656 0.611328 0.851562 0.611328 0.853516 0.613281 0.855469 0.613281 0.857422 0.615234 0.861328 0.615234 0.863281 0.617188 0.865234 0.617188 0.867188 0.619141 0.871094 0.619141 0.873047 0.621094 0.875000 0.621094 0.876953 0.623047 0.882812 0.623047 0.882812 0.619141 0.884766 0.617188 0.884766 0.613281 0.882812 0.611328 0.880859 0.611328 0.871094 0.601562 0.873047 0.599609 0.873047 0.589844 0.871094 0.587891 0.871094 0.583984 0.869141 0.582031 0.869141 0.580078 0.865234 0.580078 0.861328 0.583984 0.857422 0.583984 0.853516 0.580078 0.851562 0.580078 0.849609 0.578125 0.851562 0.576172 0.851562 0.572266 0.853516 0.570312 0.853516 0.566406 0.855469 0.564453 0.855469 0.552734 0.861328 0.546875 0.861328 0.544922 0.863281 0.542969 0.865234 0.542969 0.867188 0.541016 0.867188 0.537109 0.865234 0.537109 0.863281 0.535156 0.863281 0.533203 0.859375 0.529297 0.855469 0.529297 0.849609 0.523438 0.849609 0.521484 0.845703 0.517578 0.845703 0.513672 0.843750 0.511719 0.847656 0.507812 0.847656 0.500000 0.849609 0.498047 0.849609 0.494141 0.851562 0.492188 0.853516 0.492188 0.859375 0.498047 0.861328 0.498047 0.863281 0.500000 0.890625 0.500000 0.892578 0.498047 0.898438 0.498047 0.904297 0.492188 0.904297 0.490234 0.908203 0.486328 0.910156 0.486328 0.910156 0.476562 0.908203 0.476562 0.906250 0.474609 0.906250 0.462891 0.902344 0.458984 0.906250 0.455078 0.906250 0.445312 0.904297 0.443359 0.902344 0.443359 0.898438 0.439453 0.898438 0.437500 0.902344 0.433594 0.906250 0.433594 0.906250 0.423828 0.910156 0.419922 0.910156 0.417969 0.912109 0.416016 0.912109 0.412109 0.890625 0.412109 0.880859 0.421875 0.878906 0.421875 0.876953 0.419922 0.876953 0.417969 0.875000 0.416016 0.875000 0.412109 0.871094 0.408203 0.873047 0.406250 0.873047 0.402344 0.876953 0.398438 0.878906 0.398438 0.880859 0.400391 0.882812 0.400391 0.884766 0.402344 0.886719 0.402344 0.888672 0.404297 0.890625 0.404297 0.890625 0.398438 0.886719 0.394531 0.884766 0.394531 0.871094 0.380859 0.869141 0.380859 0.865234 0.376953 0.857422 0.376953 0.855469 0.375000 0.855469 0.373047 0.849609 0.373047 0.847656 0.371094 0.843750 0.371094 0.841797 0.369141 0.841797 0.367188 0.843750 0.365234 0.843750 0.361328 0.841797 0.359375 0.841797 0.357422 0.839844 0.359375 0.835938 0.355469 0.833984 0.355469 0.832031 0.353516 0.830078 0.353516 0.826172 0.349609 0.826172 0.337891 0.824219 0.335938 0.824219 0.333984 0.822266 0.332031 0.822266 0.328125 0.820312 0.328125 0.816406 0.324219 0.812500 0.324219 0.810547 0.322266 0.808594 0.322266 0.804688 0.318359 0.787109 0.318359 0.785156 0.316406 0.783203 0.316406 0.781250 0.314453 0.789062 0.306641 0.791016 0.306641 0.796875 0.300781 0.798828 0.300781 0.802734 0.296875 0.802734 0.275391 0.800781 0.273438 0.800781 0.261719 0.804688 0.257812 0.804688 0.255859 0.806641 0.253906 0.806641 0.251953 0.808594 0.250000 0.808594 0.246094 0.812500 0.242188 0.812500 0.238281 0.814453 0.236328 0.814453 0.232422 0.816406 0.230469 0.816406 0.224609 0.826172 0.214844 0.826172 0.203125 0.830078 0.199219 0.830078 0.195312 0.832031 0.193359 0.832031 0.177734 0.833984 0.175781 0.833984 0.173828 0.835938 0.171875 0.835938 0.167969 0.837891 0.166016 0.839844 0.166016 0.841797 0.164062 0.845703 0.164062 0.847656 0.162109 0.847656 0.160156 0.849609 0.158203 0.849609 0.154297 0.851562 0.152344 0.851562 0.146484 0.855469 0.142578 0.861328 0.148438 0.861328 0.150391 0.863281 0.150391 0.867188 0.154297 0.867188 0.162109 0.865234 0.164062 0.863281 0.164062 0.859375 0.160156 0.855469 0.160156 0.855469 0.162109 0.853516 0.164062 0.851562 0.164062 0.851562 0.169922 0.849609 0.171875 0.849609 0.177734 0.851562 0.179688 0.853516 0.179688 0.855469 0.181641 0.857422 0.181641 0.861328 0.185547 0.863281 0.185547 0.867188 0.189453 0.869141 0.189453 0.873047 0.193359 0.873047 0.197266 0.876953 0.201172 0.876953 0.203125 0.878906 0.205078 0.878906 0.218750 0.880859 0.220703 0.880859 0.222656 0.882812 0.224609 0.884766 0.224609 0.890625 0.230469 0.892578 0.230469 0.894531 0.232422 0.894531 0.234375 0.896484 0.236328 0.896484 0.238281 0.902344 0.244141 0.902344 0.246094 0.908203 0.251953 0.908203 0.253906 0.912109 0.257812 0.912109 0.259766 0.914062 0.261719 0.917969 0.261719 0.921875 0.265625 0.923828 0.265625 0.925781 0.267578 0.927734 0.267578 0.935547 0.275391 0.937500 0.273438 0.937500 0.271484 0.947266 0.261719 0.947266 0.259766 0.953125 0.253906 0.968750 0.253906 0.970703 0.255859 0.970703 0.267578 0.968750 0.269531 0.968750 0.271484 0.964844 0.275391 0.964844 0.277344 0.962891 0.279297 0.962891 0.281250 0.960938 0.283203 0.958984 0.283203 0.955078 0.287109 0.955078 0.289062 0.953125 0.291016 0.953125 0.294922 0.951172 0.296875 0.951172 0.300781 0.945312 0.306641 0.943359 0.306641 0.941406 0.308594 0.941406 0.312500 0.949219 0.320312 0.949219 0.330078 0.947266 0.332031 0.947266 0.335938 0.945312 0.337891 0.945312 0.349609 0.943359 0.351562 0.943359 0.357422 0.939453 0.361328 0.937500 0.361328 0.935547 0.363281 0.933594 0.363281 0.931641 0.365234 0.927734 0.365234 0.927734 0.367188 0.929688 0.367188 0.931641 0.369141 0.931641 0.371094 0.933594 0.371094 0.935547 0.373047 0.937500 0.373047 0.939453 0.375000 0.941406 0.375000 0.943359 0.376953 0.943359 0.373047 0.947266 0.369141 0.947266 0.367188 0.949219 0.365234 0.949219 0.363281 0.951172 0.361328 0.951172 0.357422 0.953125 0.355469 0.953125 0.349609 0.957031 0.345703 0.964844 0.345703 0.966797 0.347656 0.966797 0.343750 0.968750 0.341797 0.968750 0.339844 0.970703 0.337891 0.980469 0.337891 0.980469 0.332031 0.982422 0.330078 0.982422 0.326172 0.984375 0.324219 0.988281 0.324219 0.990234 0.322266 0.992188 0.322266 0.992188 0.000000