0 0.761719 0.804688 0.761719 0.810547 0.763672 0.810547 0.765625 0.812500 0.765625 0.816406 0.771484 0.816406 0.771484 0.810547 0.769531 0.810547 0.767578 0.808594 0.767578 0.804688
0 0.898438 0.783203 0.898438 0.789062 0.904297 0.789062 0.904297 0.783203
0 0.910156 0.779297 0.910156 0.785156 0.916016 0.785156 0.916016 0.779297
0 0.921875 0.775391 0.921875 0.781250 0.927734 0.781250 0.931641 0.785156 0.933594 0.785156 0.935547 0.787109 0.935547 0.789062 0.939453 0.792969 0.939453 0.794922 0.941406 0.794922 0.943359 0.796875 0.943359 0.810547 0.941406 0.812500 0.941406 0.816406 0.939453 0.818359 0.939453 0.826172 0.937500 0.828125 0.937500 0.845703 0.935547 0.847656 0.935547 0.851562 0.933594 0.853516 0.933594 0.859375 0.931641 0.861328 0.931641 0.869141 0.929688 0.871094 0.929688 0.873047 0.927734 0.875000 0.927734 0.876953 0.923828 0.880859 0.923828 0.886719 0.919922 0.890625 0.919922 0.896484 0.927734 0.896484 0.927734 0.894531 0.929688 0.892578 0.929688 0.886719 0.931641 0.884766 0.931641 0.882812 0.933594 0.880859 0.933594 0.878906 0.935547 0.876953 0.935547 0.873047 0.937500 0.871094 0.937500 0.865234 0.939453 0.863281 0.939453 0.859375 0.941406 0.857422 0.941406 0.851562 0.943359 0.849609 0.943359 0.830078 0.945312 0.828125 0.945312 0.820312 0.947266 0.818359 0.947266 0.812500 0.949219 0.810547 0.949219 0.792969 0.947266 0.791016 0.947266 0.789062 0.945312 0.789062 0.943359 0.787109 0.943359 0.785156 0.941406 0.783203 0.939453 0.783203 0.937500 0.781250 0.937500 0.779297 0.933594 0.775391
0 0.839844 0.769531 0.839844 0.771484 0.837891 0.773438 0.835938 0.773438 0.833984 0.775391 0.830078 0.775391 0.830078 0.777344 0.828125 0.779297 0.824219 0.779297 0.822266 0.781250 0.820312 0.781250 0.820312 0.785156 0.816406 0.789062 0.814453 0.789062 0.812500 0.791016 0.810547 0.791016 0.806641 0.794922 0.804688 0.794922 0.804688 0.796875 0.802734 0.798828 0.802734 0.800781 0.800781 0.802734 0.798828 0.802734 0.798828 0.804688 0.796875 0.806641 0.794922 0.806641 0.794922 0.808594 0.791016 0.812500 0.791016 0.816406 0.789062 0.818359 0.789062 0.820312 0.787109 0.822266 0.787109 0.824219 0.785156 0.826172 0.785156 0.830078 0.783203 0.832031 0.783203 0.835938 0.781250 0.837891 0.777344 0.837891 0.777344 0.839844 0.775391 0.841797 0.773438 0.839844 0.773438 0.837891 0.771484 0.835938 0.771484 0.824219 0.765625 0.824219 0.765625 0.837891 0.767578 0.839844 0.767578 0.843750 0.769531 0.845703 0.769531 0.849609 0.771484 0.849609 0.773438 0.851562 0.781250 0.851562 0.781250 0.845703 0.783203 0.843750 0.787109 0.843750 0.787109 0.839844 0.789062 0.837891 0.789062 0.835938 0.791016 0.833984 0.791016 0.830078 0.794922 0.826172 0.794922 0.820312 0.798828 0.816406 0.798828 0.814453 0.800781 0.812500 0.800781 0.810547 0.802734 0.808594 0.804688 0.808594 0.804688 0.806641 0.806641 0.804688 0.808594 0.804688 0.808594 0.802734 0.812500 0.798828 0.814453 0.798828 0.818359 0.794922 0.820312 0.794922 0.822266 0.792969 0.824219 0.792969 0.824219 0.789062 0.828125 0.785156 0.830078 0.785156 0.830078 0.783203 0.832031 0.781250 0.835938 0.781250 0.837891 0.779297 0.841797 0.779297 0.841797 0.777344 0.843750 0.775391 0.851562 0.775391 0.855469 0.779297 0.855469 0.781250 0.857422 0.781250 0.861328 0.785156 0.861328 0.787109 0.865234 0.787109 0.867188 0.789062 0.869141 0.789062 0.871094 0.791016 0.871094 0.794922 0.873047 0.796875 0.878906 0.796875 0.880859 0.794922 0.884766 0.794922 0.886719 0.792969 0.892578 0.792969 0.892578 0.787109 0.886719 0.787109 0.884766 0.789062 0.875000 0.789062 0.873047 0.787109 0.873047 0.783203 0.869141 0.783203 0.865234 0.779297 0.865234 0.777344 0.863281 0.777344 0.859375 0.773438 0.859375 0.771484 0.857422 0.769531
0 0.812500 0.738281 0.812500 0.742188 0.810547 0.744141 0.808594 0.744141 0.808594 0.746094 0.806641 0.748047 0.804688 0.748047 0.804688 0.750000 0.802734 0.751953 0.800781 0.751953 0.798828 0.753906 0.798828 0.757812 0.802734 0.757812 0.804688 0.755859 0.806641 0.755859 0.806641 0.753906 0.808594 0.751953 0.808594 0.750000 0.810547 0.748047 0.812500 0.748047 0.812500 0.744141 0.814453 0.742188 0.816406 0.742188 0.816406 0.738281
0 0.820312 0.734375 0.820312 0.738281 0.824219 0.738281 0.824219 0.734375
0 0.830078 0.726562 0.830078 0.730469 0.833984 0.730469 0.833984 0.726562
0 0.748047 0.726562 0.746094 0.728516 0.746094 0.736328 0.744141 0.738281 0.742188 0.738281 0.738281 0.742188 0.738281 0.753906 0.742188 0.757812 0.742188 0.759766 0.746094 0.763672 0.746094 0.765625 0.750000 0.769531 0.751953 0.769531 0.753906 0.771484 0.753906 0.773438 0.755859 0.775391 0.755859 0.779297 0.757812 0.779297 0.759766 0.781250 0.759766 0.787109 0.761719 0.789062 0.761719 0.800781 0.767578 0.800781 0.767578 0.787109 0.765625 0.785156 0.765625 0.777344 0.763672 0.777344 0.761719 0.775391 0.761719 0.773438 0.759766 0.771484 0.759766 0.767578 0.757812 0.767578 0.755859 0.765625 0.755859 0.763672 0.751953 0.759766 0.751953 0.757812 0.746094 0.751953 0.746094 0.750000 0.744141 0.748047 0.748047 0.744141 0.748047 0.740234 0.750000 0.738281 0.751953 0.738281 0.751953 0.734375 0.753906 0.732422 0.753906 0.726562
0 0.841797 0.712891 0.841797 0.716797 0.845703 0.716797 0.845703 0.712891
0 0.914062 0.703125 0.914062 0.707031 0.916016 0.708984 0.916016 0.718750 0.917969 0.720703 0.917969 0.722656 0.919922 0.722656 0.921875 0.724609 0.921875 0.728516 0.923828 0.730469 0.927734 0.730469 0.927734 0.724609 0.923828 0.720703 0.923828 0.718750 0.921875 0.718750 0.919922 0.716797 0.919922 0.708984 0.917969 0.707031 0.917969 0.703125
0 0.847656 0.703125 0.847656 0.707031 0.851562 0.707031 0.851562 0.703125
0 0.914062 0.695312 0.914062 0.699219 0.917969 0.699219 0.917969 0.695312
0 0.857422 0.693359 0.857422 0.697266 0.861328 0.697266 0.861328 0.693359
0 0.865234 0.685547 0.865234 0.689453 0.869141 0.689453 0.869141 0.685547
0 0.482422 0.681641 0.482422 0.685547 0.480469 0.687500 0.480469 0.689453 0.478516 0.691406 0.478516 0.693359 0.476562 0.695312 0.474609 0.695312 0.474609 0.697266 0.472656 0.699219 0.470703 0.699219 0.468750 0.701172 0.468750 0.703125 0.466797 0.705078 0.466797 0.707031 0.464844 0.708984 0.464844 0.710938 0.460938 0.714844 0.458984 0.714844 0.458984 0.718750 0.457031 0.720703 0.455078 0.720703 0.455078 0.722656 0.453125 0.724609 0.453125 0.730469 0.451172 0.732422 0.449219 0.732422 0.447266 0.734375 0.445312 0.734375 0.445312 0.738281 0.441406 0.742188 0.441406 0.750000 0.447266 0.750000 0.447266 0.748047 0.449219 0.746094 0.449219 0.744141 0.451172 0.742188 0.451172 0.740234 0.453125 0.738281 0.455078 0.738281 0.455078 0.732422 0.457031 0.730469 0.458984 0.730469 0.458984 0.728516 0.460938 0.726562 0.460938 0.722656 0.462891 0.720703 0.464844 0.720703 0.466797 0.718750 0.468750 0.718750 0.468750 0.716797 0.470703 0.714844 0.470703 0.712891 0.472656 0.710938 0.472656 0.708984 0.476562 0.705078 0.478516 0.705078 0.478516 0.703125 0.480469 0.701172 0.480469 0.699219 0.482422 0.697266 0.484375 0.697266 0.486328 0.695312 0.486328 0.693359 0.488281 0.691406 0.488281 0.681641
0 0.873047 0.673828 0.873047 0.677734 0.876953 0.677734 0.876953 0.673828
0 0.914062 0.658203 0.912109 0.660156 0.902344 0.660156 0.902344 0.673828 0.912109 0.673828 0.914062 0.675781 0.914062 0.681641 0.917969 0.681641 0.921875 0.685547 0.921875 0.687500 0.923828 0.687500 0.927734 0.691406 0.927734 0.697266 0.929688 0.697266 0.931641 0.699219 0.931641 0.708984 0.933594 0.708984 0.935547 0.710938 0.935547 0.736328 0.949219 0.736328 0.949219 0.703125 0.947266 0.703125 0.945312 0.701172 0.945312 0.695312 0.943359 0.695312 0.941406 0.693359 0.941406 0.683594 0.939453 0.681641 0.939453 0.675781 0.937500 0.675781 0.933594 0.671875 0.933594 0.669922 0.931641 0.667969 0.929688 0.667969 0.927734 0.666016 0.917969 0.666016 0.916016 0.664062 0.917969 0.662109 0.917969 0.658203
0 0.890625 0.648438 0.888672 0.650391 0.880859 0.650391 0.880859 0.666016 0.896484 0.666016 0.896484 0.652344 0.894531 0.650391 0.894531 0.648438
0 0.509766 0.640625 0.509766 0.650391 0.511719 0.652344 0.511719 0.673828 0.509766 0.675781 0.509766 0.679688 0.507812 0.681641 0.507812 0.685547 0.505859 0.687500 0.505859 0.689453 0.503906 0.691406 0.501953 0.691406 0.500000 0.693359 0.498047 0.693359 0.492188 0.699219 0.490234 0.699219 0.490234 0.705078 0.496094 0.705078 0.498047 0.703125 0.500000 0.703125 0.505859 0.697266 0.507812 0.697266 0.507812 0.695312 0.509766 0.693359 0.511719 0.693359 0.511719 0.689453 0.513672 0.687500 0.513672 0.683594 0.515625 0.681641 0.515625 0.675781 0.517578 0.673828 0.517578 0.646484 0.515625 0.644531 0.515625 0.640625
0 0.906250 0.638672 0.904297 0.640625 0.902344 0.640625 0.902344 0.642578 0.900391 0.644531 0.898438 0.644531 0.898438 0.648438 0.902344 0.648438 0.902344 0.646484 0.904297 0.644531 0.906250 0.644531 0.908203 0.646484 0.908203 0.648438 0.910156 0.648438 0.912109 0.650391 0.912109 0.652344 0.916016 0.652344 0.916016 0.648438 0.914062 0.648438 0.912109 0.646484 0.912109 0.644531 0.910156 0.642578 0.910156 0.638672
0 0.921875 0.591797 0.921875 0.597656 0.931641 0.597656 0.933594 0.599609 0.941406 0.599609 0.943359 0.601562 0.951172 0.601562 0.951172 0.595703 0.947266 0.595703 0.945312 0.593750 0.937500 0.593750 0.935547 0.591797
0 0.789062 0.591797 0.789062 0.605469 0.791016 0.607422 0.792969 0.607422 0.794922 0.609375 0.798828 0.609375 0.800781 0.611328 0.800781 0.617188 0.812500 0.617188 0.814453 0.619141 0.814453 0.626953 0.824219 0.626953 0.826172 0.628906 0.826172 0.634766 0.833984 0.634766 0.835938 0.636719 0.835938 0.642578 0.845703 0.642578 0.847656 0.644531 0.847656 0.648438 0.857422 0.648438 0.859375 0.650391 0.859375 0.654297 0.873047 0.654297 0.873047 0.640625 0.863281 0.640625 0.861328 0.638672 0.861328 0.634766 0.851562 0.634766 0.849609 0.632812 0.849609 0.628906 0.841797 0.628906 0.839844 0.626953 0.839844 0.621094 0.830078 0.621094 0.828125 0.619141 0.828125 0.613281 0.816406 0.613281 0.814453 0.611328 0.814453 0.603516 0.810547 0.603516 0.808594 0.601562 0.808594 0.595703 0.806641 0.595703 0.802734 0.591797
0 0.908203 0.587891 0.908203 0.593750 0.914062 0.593750 0.914062 0.587891
0 0.880859 0.580078 0.880859 0.585938 0.886719 0.585938 0.886719 0.580078
0 0.839844 0.492188 0.839844 0.500000 0.841797 0.501953 0.841797 0.503906 0.843750 0.505859 0.843750 0.509766 0.847656 0.513672 0.847656 0.519531 0.851562 0.523438 0.851562 0.525391 0.855469 0.529297 0.855469 0.533203 0.857422 0.535156 0.857422 0.537109 0.859375 0.539062 0.859375 0.572266 0.861328 0.574219 0.861328 0.576172 0.863281 0.576172 0.865234 0.578125 0.869141 0.578125 0.871094 0.580078 0.871094 0.582031 0.876953 0.582031 0.876953 0.576172 0.873047 0.576172 0.871094 0.574219 0.871094 0.572266 0.869141 0.572266 0.867188 0.570312 0.867188 0.566406 0.865234 0.564453 0.865234 0.533203 0.861328 0.529297 0.861328 0.527344 0.859375 0.525391 0.859375 0.521484 0.855469 0.517578 0.855469 0.515625 0.853516 0.513672 0.853516 0.509766 0.851562 0.507812 0.851562 0.505859 0.847656 0.501953 0.847656 0.496094 0.845703 0.494141 0.845703 0.492188