0 0.865234 0.966797 0.861328 0.970703 0.859375 0.970703 0.857422 0.968750 0.855469 0.968750 0.855469 0.972656 0.859375 0.976562 0.859375 0.980469 0.861328 0.980469 0.863281 0.982422 0.863281 0.986328 0.865234 0.988281 0.863281 0.990234 0.865234 0.992188 0.871094 0.992188 0.873047 0.990234 0.873047 0.988281 0.875000 0.986328 0.875000 0.984375 0.876953 0.982422 0.876953 0.980469 0.878906 0.978516 0.882812 0.978516 0.884766 0.976562 0.882812 0.974609 0.884766 0.972656 0.884766 0.968750 0.882812 0.970703 0.880859 0.970703 0.878906 0.968750 0.876953 0.968750 0.875000 0.970703 0.873047 0.970703 0.871094 0.968750 0.869141 0.968750 0.867188 0.966797
0 0.015625 0.919922 0.015625 0.921875 0.011719 0.925781 0.001953 0.925781 0.000000 0.923828 0.000000 0.992188 0.025391 0.992188 0.029297 0.988281 0.029297 0.986328 0.025391 0.982422 0.025391 0.980469 0.023438 0.978516 0.029297 0.972656 0.031250 0.972656 0.037109 0.978516 0.037109 0.982422 0.039062 0.982422 0.042969 0.986328 0.050781 0.986328 0.052734 0.984375 0.052734 0.982422 0.054688 0.980469 0.056641 0.980469 0.056641 0.978516 0.058594 0.976562 0.058594 0.972656 0.056641 0.970703 0.050781 0.970703 0.044922 0.964844 0.042969 0.964844 0.037109 0.958984 0.037109 0.947266 0.035156 0.947266 0.031250 0.943359 0.033203 0.941406 0.033203 0.935547 0.031250 0.933594 0.031250 0.931641 0.029297 0.931641 0.027344 0.933594 0.025391 0.933594 0.023438 0.931641 0.023438 0.929688 0.021484 0.927734 0.021484 0.925781 0.017578 0.921875 0.017578 0.919922
0 0.093750 0.888672 0.093750 0.892578 0.089844 0.896484 0.089844 0.898438 0.101562 0.898438 0.103516 0.896484 0.101562 0.894531 0.101562 0.892578 0.097656 0.888672
0 0.050781 0.884766 0.048828 0.886719 0.048828 0.888672 0.046875 0.890625 0.046875 0.892578 0.044922 0.894531 0.042969 0.894531 0.042969 0.900391 0.046875 0.904297 0.046875 0.910156 0.048828 0.910156 0.050781 0.908203 0.056641 0.908203 0.058594 0.906250 0.062500 0.906250 0.068359 0.912109 0.068359 0.914062 0.070312 0.916016 0.076172 0.916016 0.076172 0.912109 0.074219 0.912109 0.072266 0.910156 0.072266 0.908203 0.070312 0.906250 0.072266 0.904297 0.068359 0.904297 0.066406 0.902344 0.064453 0.902344 0.060547 0.898438 0.062500 0.896484 0.062500 0.892578 0.056641 0.886719 0.052734 0.886719
0 0.990234 0.878906 0.990234 0.888672 0.992188 0.886719 0.992188 0.880859
0 0.585938 0.812500 0.585938 0.818359 0.587891 0.820312 0.589844 0.818359 0.591797 0.818359 0.595703 0.822266 0.597656 0.820312 0.599609 0.820312 0.599609 0.816406 0.597656 0.814453 0.597656 0.812500
0 0.425781 0.806641 0.421875 0.810547 0.421875 0.816406 0.425781 0.816406 0.427734 0.814453 0.431641 0.814453 0.431641 0.810547 0.429688 0.808594 0.429688 0.806641
0 0.000000 0.773438 0.000000 0.908203 0.001953 0.908203 0.001953 0.902344 0.003906 0.900391 0.005859 0.900391 0.005859 0.890625 0.001953 0.886719 0.001953 0.884766 0.003906 0.882812 0.009766 0.882812 0.009766 0.880859 0.007812 0.878906 0.007812 0.875000 0.015625 0.867188 0.019531 0.867188 0.019531 0.863281 0.015625 0.859375 0.015625 0.853516 0.013672 0.851562 0.013672 0.849609 0.011719 0.847656 0.011719 0.843750 0.007812 0.839844 0.009766 0.837891 0.013672 0.837891 0.015625 0.839844 0.017578 0.839844 0.019531 0.837891 0.023438 0.837891 0.025391 0.839844 0.027344 0.837891 0.033203 0.837891 0.035156 0.835938 0.037109 0.835938 0.037109 0.833984 0.044922 0.826172 0.044922 0.822266 0.046875 0.820312 0.048828 0.820312 0.050781 0.818359 0.048828 0.816406 0.048828 0.812500 0.044922 0.816406 0.042969 0.816406 0.039062 0.812500 0.039062 0.814453 0.037109 0.816406 0.033203 0.816406 0.031250 0.814453 0.031250 0.812500 0.025391 0.812500 0.023438 0.814453 0.019531 0.814453 0.017578 0.812500 0.017578 0.810547 0.015625 0.810547 0.011719 0.806641 0.009766 0.806641 0.007812 0.804688 0.009766 0.802734 0.009766 0.796875 0.011719 0.794922 0.013672 0.794922 0.013672 0.792969 0.011719 0.791016 0.011719 0.789062 0.009766 0.787109 0.009766 0.783203 0.005859 0.779297 0.005859 0.777344 0.003906 0.777344
0 0.541016 0.759766 0.539062 0.761719 0.539062 0.763672 0.537109 0.765625 0.537109 0.773438 0.535156 0.775391 0.535156 0.777344 0.533203 0.779297 0.533203 0.781250 0.531250 0.783203 0.531250 0.791016 0.529297 0.792969 0.527344 0.792969 0.525391 0.794922 0.525391 0.800781 0.529297 0.804688 0.531250 0.804688 0.533203 0.806641 0.535156 0.806641 0.537109 0.808594 0.539062 0.808594 0.541016 0.810547 0.542969 0.810547 0.544922 0.812500 0.544922 0.814453 0.548828 0.818359 0.556641 0.818359 0.558594 0.816406 0.560547 0.816406 0.562500 0.814453 0.564453 0.814453 0.564453 0.810547 0.566406 0.808594 0.568359 0.808594 0.570312 0.806641 0.572266 0.806641 0.572266 0.804688 0.574219 0.802734 0.576172 0.802734 0.576172 0.800781 0.578125 0.798828 0.580078 0.798828 0.582031 0.796875 0.583984 0.796875 0.583984 0.794922 0.582031 0.792969 0.582031 0.785156 0.580078 0.783203 0.578125 0.783203 0.576172 0.781250 0.570312 0.781250 0.564453 0.775391 0.564453 0.773438 0.560547 0.769531 0.560547 0.767578 0.558594 0.765625 0.554688 0.765625 0.554688 0.767578 0.552734 0.769531 0.550781 0.769531 0.550781 0.771484 0.548828 0.773438 0.546875 0.771484 0.546875 0.769531 0.541016 0.763672
0 0.023438 0.718750 0.017578 0.724609 0.013672 0.724609 0.009766 0.728516 0.007812 0.728516 0.005859 0.730469 0.001953 0.730469 0.000000 0.728516 0.000000 0.767578 0.001953 0.767578 0.005859 0.763672 0.007812 0.765625 0.009766 0.765625 0.009766 0.759766 0.015625 0.753906 0.015625 0.751953 0.019531 0.748047 0.019531 0.746094 0.023438 0.742188 0.023438 0.738281 0.027344 0.734375 0.029297 0.734375 0.029297 0.732422 0.031250 0.730469 0.029297 0.728516 0.029297 0.724609
0 0.054688 0.654297 0.052734 0.656250 0.046875 0.656250 0.046875 0.658203 0.044922 0.660156 0.042969 0.660156 0.042969 0.664062 0.044922 0.666016 0.046875 0.666016 0.050781 0.669922 0.054688 0.669922 0.058594 0.666016 0.060547 0.666016 0.062500 0.664062 0.062500 0.658203 0.058594 0.654297
0 0.009766 0.505859 0.009766 0.507812 0.005859 0.511719 0.003906 0.509766 0.001953 0.509766 0.000000 0.507812 0.000000 0.525391 0.001953 0.525391 0.005859 0.529297 0.003906 0.531250 0.003906 0.533203 0.005859 0.533203 0.007812 0.535156 0.007812 0.541016 0.011719 0.541016 0.013672 0.542969 0.013672 0.544922 0.017578 0.544922 0.019531 0.542969 0.019531 0.539062 0.017578 0.537109 0.015625 0.537109 0.011719 0.533203 0.011719 0.529297 0.013672 0.527344 0.013672 0.525391 0.017578 0.521484 0.017578 0.515625 0.015625 0.513672 0.015625 0.511719 0.013672 0.509766 0.013672 0.507812 0.011719 0.507812
0 0.849609 0.388672 0.849609 0.392578 0.847656 0.394531 0.847656 0.396484 0.845703 0.398438 0.845703 0.402344 0.847656 0.404297 0.847656 0.406250 0.845703 0.408203 0.841797 0.408203 0.839844 0.410156 0.835938 0.410156 0.835938 0.419922 0.841797 0.419922 0.843750 0.421875 0.845703 0.421875 0.849609 0.425781 0.847656 0.427734 0.847656 0.431641 0.851562 0.431641 0.855469 0.427734 0.855469 0.423828 0.853516 0.421875 0.853516 0.416016 0.849609 0.412109 0.855469 0.406250 0.857422 0.406250 0.857422 0.398438 0.855469 0.396484 0.855469 0.394531 0.853516 0.392578 0.853516 0.388672
0 0.013672 0.382812 0.011719 0.384766 0.009766 0.384766 0.001953 0.392578 0.001953 0.402344 0.003906 0.404297 0.005859 0.404297 0.011719 0.410156 0.013672 0.410156 0.015625 0.408203 0.015625 0.406250 0.013672 0.404297 0.013672 0.400391 0.011719 0.400391 0.009766 0.398438 0.009766 0.394531 0.013672 0.390625 0.013672 0.386719 0.015625 0.384766 0.015625 0.382812
0 0.931641 0.376953 0.927734 0.380859 0.925781 0.380859 0.923828 0.382812 0.923828 0.386719 0.929688 0.386719 0.933594 0.382812 0.935547 0.382812 0.937500 0.380859 0.937500 0.376953
0 0.962891 0.347656 0.960938 0.349609 0.960938 0.351562 0.957031 0.355469 0.957031 0.361328 0.958984 0.361328 0.960938 0.363281 0.960938 0.365234 0.957031 0.369141 0.957031 0.371094 0.955078 0.373047 0.955078 0.375000 0.953125 0.376953 0.953125 0.388672 0.951172 0.390625 0.949219 0.390625 0.949219 0.392578 0.945312 0.396484 0.945312 0.400391 0.941406 0.404297 0.941406 0.410156 0.943359 0.412109 0.943359 0.416016 0.941406 0.417969 0.939453 0.417969 0.939453 0.421875 0.941406 0.421875 0.943359 0.423828 0.943359 0.427734 0.941406 0.429688 0.943359 0.427734 0.945312 0.427734 0.949219 0.431641 0.953125 0.431641 0.957031 0.435547 0.958984 0.435547 0.960938 0.437500 0.962891 0.437500 0.964844 0.439453 0.964844 0.443359 0.966797 0.443359 0.968750 0.445312 0.968750 0.447266 0.974609 0.447266 0.976562 0.445312 0.978516 0.445312 0.980469 0.443359 0.982422 0.445312 0.984375 0.443359 0.988281 0.443359 0.990234 0.441406 0.992188 0.441406 0.992188 0.361328 0.984375 0.361328 0.982422 0.359375 0.982422 0.353516 0.980469 0.351562 0.976562 0.351562 0.974609 0.349609 0.972656 0.349609 0.970703 0.347656 0.968750 0.347656 0.966797 0.349609 0.964844 0.347656
0 0.708984 0.326172 0.707031 0.328125 0.707031 0.330078 0.705078 0.332031 0.705078 0.333984 0.697266 0.341797 0.697266 0.349609 0.699219 0.351562 0.703125 0.351562 0.705078 0.349609 0.707031 0.349609 0.708984 0.347656 0.708984 0.345703 0.710938 0.343750 0.710938 0.339844 0.712891 0.337891 0.712891 0.326172
0 0.515625 0.236328 0.515625 0.246094 0.513672 0.248047 0.511719 0.248047 0.509766 0.250000 0.509766 0.257812 0.511719 0.259766 0.511719 0.261719 0.513672 0.263672 0.513672 0.265625 0.515625 0.267578 0.515625 0.271484 0.517578 0.273438 0.517578 0.275391 0.519531 0.277344 0.519531 0.279297 0.521484 0.281250 0.519531 0.283203 0.521484 0.283203 0.523438 0.285156 0.525391 0.283203 0.533203 0.283203 0.537109 0.287109 0.539062 0.287109 0.542969 0.291016 0.548828 0.291016 0.546875 0.289062 0.546875 0.285156 0.539062 0.277344 0.539062 0.269531 0.537109 0.267578 0.537109 0.261719 0.535156 0.259766 0.535156 0.257812 0.533203 0.255859 0.533203 0.251953 0.537109 0.248047 0.537109 0.240234 0.531250 0.240234 0.529297 0.238281 0.527344 0.238281 0.525391 0.236328
0 0.572266 0.232422 0.570312 0.234375 0.568359 0.234375 0.568359 0.236328 0.566406 0.238281 0.566406 0.246094 0.570312 0.246094 0.572266 0.244141 0.576172 0.244141 0.582031 0.250000 0.582031 0.251953 0.583984 0.253906 0.583984 0.257812 0.589844 0.257812 0.589844 0.251953 0.587891 0.250000 0.587891 0.246094 0.585938 0.244141 0.585938 0.240234 0.582031 0.236328 0.582031 0.234375 0.580078 0.232422
0 0.960938 0.210938 0.960938 0.214844 0.966797 0.220703 0.966797 0.224609 0.968750 0.226562 0.968750 0.228516 0.972656 0.232422 0.972656 0.234375 0.976562 0.238281 0.976562 0.244141 0.986328 0.244141 0.990234 0.240234 0.990234 0.238281 0.992188 0.236328 0.992188 0.230469 0.990234 0.230469 0.982422 0.222656 0.980469 0.222656 0.978516 0.220703 0.976562 0.220703 0.974609 0.218750 0.972656 0.218750 0.964844 0.210938
0 0.492188 0.148438 0.492188 0.150391 0.490234 0.152344 0.484375 0.152344 0.482422 0.154297 0.480469 0.152344 0.480469 0.154297 0.478516 0.156250 0.474609 0.156250 0.474609 0.158203 0.476562 0.160156 0.476562 0.162109 0.474609 0.164062 0.472656 0.164062 0.472656 0.173828 0.470703 0.175781 0.468750 0.175781 0.472656 0.179688 0.470703 0.181641 0.470703 0.183594 0.466797 0.187500 0.460938 0.187500 0.460938 0.201172 0.458984 0.203125 0.457031 0.203125 0.457031 0.205078 0.460938 0.208984 0.460938 0.210938 0.462891 0.212891 0.462891 0.218750 0.460938 0.220703 0.460938 0.232422 0.462891 0.234375 0.460938 0.236328 0.460938 0.238281 0.462891 0.240234 0.460938 0.242188 0.462891 0.244141 0.468750 0.244141 0.470703 0.246094 0.474609 0.246094 0.478516 0.242188 0.484375 0.242188 0.486328 0.244141 0.490234 0.244141 0.492188 0.246094 0.498047 0.246094 0.500000 0.244141 0.500000 0.238281 0.498047 0.236328 0.498047 0.232422 0.503906 0.226562 0.503906 0.224609 0.505859 0.222656 0.509766 0.222656 0.511719 0.220703 0.521484 0.220703 0.523438 0.218750 0.525391 0.218750 0.525391 0.216797 0.529297 0.212891 0.533203 0.212891 0.537109 0.216797 0.542969 0.216797 0.544922 0.218750 0.548828 0.218750 0.548828 0.214844 0.550781 0.212891 0.550781 0.210938 0.556641 0.205078 0.556641 0.197266 0.554688 0.195312 0.554688 0.193359 0.550781 0.189453 0.550781 0.187500 0.546875 0.187500 0.544922 0.185547 0.544922 0.183594 0.537109 0.175781 0.533203 0.175781 0.529297 0.179688 0.527344 0.177734 0.525391 0.177734 0.521484 0.173828 0.521484 0.167969 0.519531 0.167969 0.515625 0.164062 0.513672 0.164062 0.511719 0.162109 0.511719 0.160156 0.509766 0.160156 0.505859 0.156250 0.505859 0.152344 0.503906 0.152344 0.501953 0.150391 0.498047 0.150391 0.496094 0.148438
0 0.914062 0.142578 0.914062 0.144531 0.908203 0.150391 0.908203 0.156250 0.912109 0.156250 0.912109 0.154297 0.919922 0.146484 0.919922 0.142578
0 0.701172 0.123047 0.701172 0.125000 0.699219 0.126953 0.699219 0.130859 0.707031 0.138672 0.710938 0.138672 0.710938 0.132812 0.707031 0.128906 0.707031 0.126953 0.705078 0.125000 0.705078 0.123047
0 0.796875 0.052734 0.796875 0.054688 0.800781 0.058594 0.800781 0.060547 0.802734 0.062500 0.802734 0.064453 0.804688 0.064453 0.806641 0.062500 0.806641 0.058594 0.802734 0.054688 0.800781 0.054688 0.798828 0.052734
0 0.847656 0.033203 0.847656 0.037109 0.849609 0.039062 0.847656 0.041016 0.847656 0.042969 0.843750 0.046875 0.843750 0.050781 0.845703 0.050781 0.847656 0.052734 0.847656 0.054688 0.849609 0.056641 0.849609 0.052734 0.851562 0.050781 0.857422 0.050781 0.863281 0.056641 0.863281 0.064453 0.861328 0.066406 0.859375 0.066406 0.859375 0.070312 0.857422 0.072266 0.853516 0.072266 0.851562 0.070312 0.849609 0.070312 0.845703 0.074219 0.835938 0.074219 0.833984 0.076172 0.832031 0.076172 0.830078 0.078125 0.828125 0.078125 0.828125 0.080078 0.826172 0.082031 0.824219 0.082031 0.824219 0.093750 0.820312 0.097656 0.820312 0.099609 0.822266 0.099609 0.824219 0.101562 0.824219 0.115234 0.826172 0.115234 0.828125 0.117188 0.828125 0.119141 0.830078 0.121094 0.833984 0.121094 0.835938 0.123047 0.835938 0.125000 0.837891 0.126953 0.839844 0.126953 0.841797 0.128906 0.841797 0.130859 0.843750 0.130859 0.845703 0.132812 0.847656 0.132812 0.849609 0.134766 0.849609 0.136719 0.853516 0.136719 0.855469 0.138672 0.859375 0.138672 0.861328 0.140625 0.861328 0.144531 0.859375 0.146484 0.857422 0.146484 0.859375 0.148438 0.859375 0.152344 0.861328 0.152344 0.863281 0.154297 0.863281 0.156250 0.859375 0.160156 0.857422 0.160156 0.855469 0.162109 0.853516 0.160156 0.849609 0.160156 0.845703 0.164062 0.845703 0.167969 0.841797 0.171875 0.843750 0.173828 0.843750 0.175781 0.845703 0.177734 0.845703 0.179688 0.849609 0.179688 0.851562 0.181641 0.851562 0.179688 0.853516 0.177734 0.855469 0.177734 0.857422 0.175781 0.861328 0.175781 0.861328 0.173828 0.865234 0.169922 0.865234 0.167969 0.867188 0.166016 0.867188 0.164062 0.871094 0.160156 0.869141 0.158203 0.869141 0.156250 0.871094 0.154297 0.871094 0.152344 0.873047 0.150391 0.880859 0.150391 0.882812 0.148438 0.888672 0.148438 0.890625 0.150391 0.892578 0.148438 0.894531 0.148438 0.896484 0.150391 0.898438 0.150391 0.900391 0.148438 0.900391 0.146484 0.902344 0.144531 0.902344 0.142578 0.900391 0.140625 0.902344 0.138672 0.904297 0.138672 0.904297 0.134766 0.912109 0.126953 0.916016 0.126953 0.917969 0.128906 0.917969 0.134766 0.921875 0.134766 0.923828 0.132812 0.923828 0.130859 0.927734 0.126953 0.933594 0.126953 0.933594 0.125000 0.935547 0.123047 0.939453 0.126953 0.939453 0.130859 0.945312 0.130859 0.945312 0.128906 0.947266 0.126953 0.947266 0.123047 0.949219 0.121094 0.949219 0.119141 0.947266 0.119141 0.943359 0.115234 0.941406 0.115234 0.939453 0.113281 0.939453 0.107422 0.937500 0.105469 0.939453 0.103516 0.939453 0.099609 0.937500 0.097656 0.935547 0.097656 0.931641 0.093750 0.929688 0.093750 0.927734 0.091797 0.927734 0.087891 0.925781 0.085938 0.921875 0.085938 0.917969 0.082031 0.917969 0.074219 0.921875 0.070312 0.921875 0.064453 0.917969 0.060547 0.917969 0.058594 0.916016 0.056641 0.916016 0.052734 0.914062 0.052734 0.912109 0.054688 0.910156 0.052734 0.908203 0.052734 0.906250 0.050781 0.904297 0.050781 0.900391 0.046875 0.898438 0.048828 0.890625 0.048828 0.888672 0.046875 0.890625 0.044922 0.890625 0.042969 0.892578 0.041016 0.892578 0.039062 0.886719 0.039062 0.882812 0.035156 0.876953 0.035156 0.875000 0.037109 0.871094 0.037109 0.869141 0.035156 0.869141 0.033203 0.863281 0.033203 0.859375 0.037109 0.857422 0.037109 0.853516 0.033203
0 0.542969 0.031250 0.539062 0.035156 0.533203 0.035156 0.531250 0.037109 0.531250 0.041016 0.529297 0.042969 0.529297 0.044922 0.525391 0.048828 0.525391 0.052734 0.523438 0.054688 0.519531 0.054688 0.519531 0.056641 0.521484 0.056641 0.523438 0.058594 0.525391 0.058594 0.529297 0.062500 0.529297 0.064453 0.531250 0.066406 0.531250 0.076172 0.533203 0.078125 0.537109 0.078125 0.539062 0.080078 0.542969 0.080078 0.544922 0.082031 0.544922 0.083984 0.546875 0.085938 0.548828 0.085938 0.548828 0.083984 0.552734 0.080078 0.552734 0.074219 0.554688 0.072266 0.552734 0.070312 0.554688 0.068359 0.554688 0.062500 0.552734 0.060547 0.554688 0.058594 0.552734 0.056641 0.552734 0.052734 0.564453 0.041016 0.564453 0.035156 0.562500 0.035156 0.562500 0.037109 0.560547 0.039062 0.558594 0.039062 0.556641 0.037109 0.556641 0.035156 0.554688 0.035156 0.552734 0.033203 0.550781 0.033203 0.548828 0.031250
0 0.988281 0.009766 0.986328 0.011719 0.976562 0.011719 0.976562 0.013672 0.974609 0.015625 0.972656 0.015625 0.972656 0.017578 0.970703 0.019531 0.968750 0.019531 0.966797 0.021484 0.962891 0.021484 0.960938 0.019531 0.958984 0.021484 0.957031 0.019531 0.955078 0.021484 0.953125 0.021484 0.951172 0.023438 0.949219 0.023438 0.951172 0.025391 0.951172 0.031250 0.949219 0.033203 0.947266 0.033203 0.945312 0.035156 0.945312 0.039062 0.947266 0.041016 0.951172 0.041016 0.955078 0.037109 0.958984 0.037109 0.962891 0.041016 0.962891 0.044922 0.960938 0.046875 0.960938 0.050781 0.958984 0.052734 0.962891 0.056641 0.962891 0.058594 0.958984 0.062500 0.957031 0.062500 0.957031 0.064453 0.955078 0.066406 0.953125 0.066406 0.955078 0.068359 0.953125 0.070312 0.953125 0.072266 0.951172 0.074219 0.949219 0.074219 0.951172 0.076172 0.951172 0.080078 0.953125 0.082031 0.953125 0.087891 0.957031 0.091797 0.958984 0.091797 0.960938 0.093750 0.960938 0.095703 0.962891 0.095703 0.964844 0.097656 0.964844 0.099609 0.966797 0.099609 0.968750 0.101562 0.968750 0.103516 0.974609 0.103516 0.978516 0.099609 0.982422 0.099609 0.986328 0.095703 0.990234 0.095703 0.992188 0.097656 0.992188 0.101562 0.990234 0.103516 0.990234 0.113281 0.992188 0.113281 0.992188 0.097656 0.990234 0.095703 0.992188 0.093750 0.992188 0.009766
0 0.798828 0.009766 0.800781 0.011719 0.800781 0.019531 0.798828 0.021484 0.798828 0.025391 0.796875 0.027344 0.796875 0.029297 0.802734 0.029297 0.802734 0.027344 0.804688 0.025391 0.814453 0.025391 0.814453 0.023438 0.816406 0.021484 0.816406 0.013672 0.814453 0.013672 0.812500 0.011719 0.804688 0.011719 0.802734 0.009766
0 0.851562 0.000000 0.851562 0.005859 0.853516 0.007812 0.853516 0.009766 0.855469 0.009766 0.857422 0.011719 0.857422 0.013672 0.861328 0.017578 0.863281 0.017578 0.867188 0.021484 0.871094 0.021484 0.873047 0.023438 0.873047 0.025391 0.878906 0.019531 0.882812 0.019531 0.884766 0.017578 0.890625 0.023438 0.890625 0.027344 0.896484 0.027344 0.902344 0.021484 0.904297 0.021484 0.904297 0.017578 0.908203 0.013672 0.908203 0.011719 0.910156 0.009766 0.916016 0.009766 0.914062 0.007812 0.916016 0.005859 0.916016 0.000000
0 0.769531 0.000000 0.769531 0.003906 0.777344 0.003906 0.779297 0.001953 0.783203 0.001953 0.785156 0.000000 0.787109 0.000000
0 0.578125 0.000000 0.578125 0.021484 0.580078 0.023438 0.580078 0.025391 0.582031 0.027344 0.582031 0.029297 0.583984 0.031250 0.583984 0.039062 0.585938 0.041016 0.583984 0.042969 0.580078 0.042969 0.574219 0.048828 0.574219 0.050781 0.572266 0.052734 0.572266 0.056641 0.570312 0.058594 0.564453 0.058594 0.564453 0.060547 0.562500 0.062500 0.562500 0.068359 0.564453 0.068359 0.566406 0.070312 0.566406 0.080078 0.576172 0.080078 0.578125 0.082031 0.578125 0.085938 0.580078 0.085938 0.582031 0.087891 0.585938 0.087891 0.589844 0.091797 0.599609 0.091797 0.601562 0.093750 0.601562 0.099609 0.603516 0.101562 0.605469 0.101562 0.607422 0.103516 0.611328 0.103516 0.613281 0.105469 0.613281 0.111328 0.615234 0.113281 0.615234 0.119141 0.613281 0.121094 0.613281 0.125000 0.609375 0.128906 0.603516 0.128906 0.601562 0.130859 0.599609 0.130859 0.595703 0.134766 0.591797 0.134766 0.591797 0.136719 0.589844 0.138672 0.585938 0.138672 0.583984 0.136719 0.583984 0.130859 0.585938 0.128906 0.585938 0.126953 0.580078 0.126953 0.574219 0.132812 0.574219 0.138672 0.576172 0.138672 0.578125 0.140625 0.578125 0.146484 0.580078 0.148438 0.580078 0.150391 0.582031 0.152344 0.582031 0.154297 0.583984 0.156250 0.583984 0.160156 0.582031 0.162109 0.585938 0.166016 0.587891 0.166016 0.589844 0.167969 0.589844 0.173828 0.601562 0.173828 0.603516 0.175781 0.611328 0.175781 0.613281 0.177734 0.621094 0.177734 0.623047 0.179688 0.632812 0.179688 0.636719 0.183594 0.636719 0.185547 0.644531 0.185547 0.650391 0.191406 0.658203 0.191406 0.660156 0.193359 0.662109 0.193359 0.664062 0.191406 0.666016 0.191406 0.667969 0.189453 0.673828 0.189453 0.677734 0.185547 0.679688 0.185547 0.679688 0.183594 0.677734 0.181641 0.685547 0.173828 0.685547 0.169922 0.689453 0.166016 0.693359 0.166016 0.695312 0.164062 0.697266 0.164062 0.699219 0.162109 0.701172 0.162109 0.701172 0.156250 0.703125 0.154297 0.703125 0.152344 0.701172 0.150391 0.695312 0.150391 0.691406 0.146484 0.693359 0.144531 0.693359 0.142578 0.691406 0.142578 0.687500 0.138672 0.685547 0.138672 0.681641 0.134766 0.681641 0.132812 0.677734 0.128906 0.675781 0.128906 0.673828 0.126953 0.666016 0.126953 0.662109 0.123047 0.658203 0.123047 0.656250 0.121094 0.656250 0.119141 0.658203 0.117188 0.658203 0.115234 0.660156 0.113281 0.662109 0.113281 0.660156 0.111328 0.660156 0.107422 0.662109 0.105469 0.662109 0.097656 0.664062 0.095703 0.669922 0.101562 0.669922 0.103516 0.671875 0.105469 0.671875 0.111328 0.673828 0.113281 0.673828 0.117188 0.675781 0.117188 0.677734 0.119141 0.679688 0.119141 0.681641 0.121094 0.689453 0.121094 0.691406 0.119141 0.693359 0.119141 0.695312 0.117188 0.695312 0.115234 0.697266 0.113281 0.699219 0.113281 0.699219 0.109375 0.701172 0.107422 0.703125 0.107422 0.705078 0.109375 0.707031 0.109375 0.708984 0.111328 0.708984 0.113281 0.712891 0.113281 0.714844 0.115234 0.722656 0.115234 0.724609 0.113281 0.724609 0.111328 0.728516 0.107422 0.730469 0.109375 0.732422 0.109375 0.732422 0.107422 0.734375 0.105469 0.738281 0.105469 0.740234 0.103516 0.742188 0.105469 0.748047 0.105469 0.750000 0.103516 0.751953 0.103516 0.751953 0.101562 0.755859 0.097656 0.761719 0.097656 0.763672 0.095703 0.763672 0.093750 0.765625 0.091797 0.765625 0.089844 0.767578 0.087891 0.767578 0.082031 0.771484 0.078125 0.773438 0.078125 0.775391 0.076172 0.777344 0.078125 0.779297 0.078125 0.779297 0.076172 0.781250 0.074219 0.783203 0.076172 0.787109 0.072266 0.787109 0.064453 0.785156 0.062500 0.785156 0.060547 0.783203 0.060547 0.775391 0.052734 0.775391 0.050781 0.773438 0.050781 0.769531 0.046875 0.769531 0.042969 0.767578 0.042969 0.765625 0.041016 0.763672 0.041016 0.757812 0.035156 0.757812 0.031250 0.753906 0.027344 0.753906 0.025391 0.751953 0.023438 0.751953 0.017578 0.750000 0.015625 0.750000 0.011719 0.748047 0.011719 0.746094 0.009766 0.746094 0.007812 0.742188 0.003906 0.736328 0.003906 0.732422 0.000000 0.716797 0.000000 0.716797 0.001953 0.714844 0.003906 0.714844 0.005859 0.712891 0.007812 0.712891 0.017578 0.710938 0.019531 0.712891 0.021484 0.712891 0.023438 0.710938 0.025391 0.705078 0.025391 0.701172 0.021484 0.699219 0.021484 0.697266 0.019531 0.693359 0.019531 0.691406 0.017578 0.691406 0.015625 0.687500 0.015625 0.679688 0.007812 0.679688 0.005859 0.677734 0.003906 0.677734 0.001953 0.673828 0.001953 0.671875 0.000000 0.666016 0.000000 0.664062 0.001953 0.660156 0.001953 0.658203 0.003906 0.654297 0.003906 0.652344 0.001953 0.650391 0.001953 0.648438 0.003906 0.646484 0.001953 0.646484 0.003906 0.644531 0.005859 0.644531 0.009766 0.642578 0.011719 0.640625 0.011719 0.638672 0.009766 0.636719 0.009766 0.634766 0.007812 0.636719 0.005859 0.630859 0.005859 0.628906 0.003906 0.628906 0.001953 0.626953 0.001953 0.625000 0.000000
0 0.000000 0.000000 0.000000 0.105469 0.003906 0.105469 0.005859 0.103516 0.007812 0.105469 0.009766 0.105469 0.011719 0.107422 0.011719 0.111328 0.009766 0.113281 0.009766 0.115234 0.007812 0.117188 0.007812 0.121094 0.005859 0.123047 0.005859 0.126953 0.003906 0.128906 0.003906 0.136719 0.001953 0.138672 0.001953 0.142578 0.000000 0.144531 0.000000 0.210938 0.000000 0.208984 0.001953 0.207031 0.005859 0.210938 0.007812 0.208984 0.007812 0.207031 0.009766 0.205078 0.011719 0.205078 0.013672 0.207031 0.013672 0.205078 0.017578 0.201172 0.021484 0.205078 0.023438 0.205078 0.027344 0.208984 0.029297 0.208984 0.031250 0.210938 0.031250 0.212891 0.033203 0.214844 0.033203 0.216797 0.035156 0.216797 0.037109 0.218750 0.039062 0.218750 0.042969 0.222656 0.042969 0.224609 0.046875 0.224609 0.048828 0.226562 0.048828 0.228516 0.050781 0.230469 0.046875 0.234375 0.042969 0.234375 0.042969 0.236328 0.041016 0.238281 0.041016 0.240234 0.039062 0.242188 0.039062 0.246094 0.037109 0.248047 0.037109 0.251953 0.041016 0.255859 0.041016 0.263672 0.042969 0.265625 0.044922 0.265625 0.048828 0.269531 0.048828 0.273438 0.050781 0.275391 0.050781 0.279297 0.052734 0.281250 0.052734 0.283203 0.054688 0.285156 0.054688 0.289062 0.052734 0.291016 0.052734 0.296875 0.058594 0.302734 0.060547 0.302734 0.062500 0.304688 0.062500 0.306641 0.068359 0.306641 0.072266 0.310547 0.074219 0.310547 0.072266 0.308594 0.074219 0.306641 0.083984 0.306641 0.085938 0.308594 0.085938 0.310547 0.083984 0.312500 0.085938 0.314453 0.083984 0.316406 0.082031 0.316406 0.085938 0.320312 0.085938 0.322266 0.083984 0.324219 0.083984 0.330078 0.082031 0.332031 0.082031 0.335938 0.080078 0.337891 0.076172 0.337891 0.074219 0.339844 0.070312 0.339844 0.068359 0.337891 0.068359 0.333984 0.066406 0.332031 0.066406 0.330078 0.064453 0.330078 0.062500 0.332031 0.060547 0.330078 0.060547 0.328125 0.058594 0.330078 0.056641 0.330078 0.054688 0.328125 0.054688 0.326172 0.054688 0.328125 0.052734 0.330078 0.041016 0.330078 0.039062 0.332031 0.037109 0.332031 0.033203 0.335938 0.033203 0.337891 0.031250 0.339844 0.031250 0.341797 0.033203 0.343750 0.035156 0.343750 0.037109 0.345703 0.042969 0.345703 0.044922 0.347656 0.046875 0.347656 0.048828 0.349609 0.042969 0.355469 0.041016 0.355469 0.041016 0.361328 0.039062 0.363281 0.037109 0.363281 0.035156 0.365234 0.025391 0.365234 0.023438 0.367188 0.023438 0.376953 0.025391 0.378906 0.025391 0.382812 0.027344 0.380859 0.029297 0.382812 0.029297 0.386719 0.031250 0.388672 0.031250 0.392578 0.033203 0.394531 0.033203 0.396484 0.035156 0.398438 0.039062 0.398438 0.041016 0.400391 0.041016 0.406250 0.039062 0.408203 0.037109 0.408203 0.035156 0.410156 0.029297 0.410156 0.027344 0.408203 0.025391 0.408203 0.023438 0.410156 0.023438 0.419922 0.029297 0.419922 0.031250 0.421875 0.025391 0.427734 0.023438 0.427734 0.025391 0.429688 0.025391 0.435547 0.023438 0.437500 0.021484 0.437500 0.021484 0.443359 0.025391 0.447266 0.027344 0.447266 0.031250 0.451172 0.037109 0.451172 0.039062 0.453125 0.039062 0.455078 0.035156 0.458984 0.035156 0.460938 0.037109 0.462891 0.044922 0.462891 0.046875 0.464844 0.046875 0.470703 0.044922 0.472656 0.042969 0.472656 0.041016 0.474609 0.039062 0.474609 0.037109 0.476562 0.033203 0.472656 0.029297 0.472656 0.027344 0.474609 0.025391 0.474609 0.021484 0.478516 0.021484 0.482422 0.019531 0.484375 0.019531 0.488281 0.017578 0.490234 0.015625 0.490234 0.013672 0.488281 0.013672 0.486328 0.011719 0.484375 0.011719 0.480469 0.007812 0.476562 0.007812 0.474609 0.007812 0.478516 0.005859 0.480469 0.005859 0.484375 0.003906 0.486328 0.003906 0.488281 0.001953 0.490234 0.000000 0.490234 0.000000 0.498047 0.003906 0.498047 0.005859 0.500000 0.011719 0.500000 0.013672 0.501953 0.013672 0.500000 0.015625 0.498047 0.027344 0.498047 0.031250 0.501953 0.031250 0.509766 0.029297 0.511719 0.031250 0.513672 0.033203 0.511719 0.035156 0.511719 0.039062 0.515625 0.039062 0.525391 0.041016 0.525391 0.042969 0.527344 0.042969 0.529297 0.037109 0.535156 0.031250 0.535156 0.031250 0.537109 0.029297 0.539062 0.029297 0.541016 0.025391 0.544922 0.025391 0.546875 0.021484 0.550781 0.023438 0.552734 0.021484 0.554688 0.017578 0.554688 0.017578 0.556641 0.015625 0.558594 0.015625 0.560547 0.017578 0.560547 0.019531 0.558594 0.023438 0.562500 0.023438 0.570312 0.027344 0.574219 0.027344 0.576172 0.029297 0.576172 0.031250 0.578125 0.031250 0.580078 0.046875 0.580078 0.048828 0.582031 0.054688 0.582031 0.056641 0.580078 0.058594 0.580078 0.060547 0.578125 0.060547 0.574219 0.062500 0.572266 0.066406 0.576172 0.068359 0.576172 0.070312 0.578125 0.070312 0.582031 0.068359 0.583984 0.066406 0.583984 0.066406 0.585938 0.064453 0.587891 0.062500 0.587891 0.060547 0.589844 0.060547 0.591797 0.058594 0.593750 0.058594 0.597656 0.054688 0.601562 0.054688 0.605469 0.056641 0.607422 0.048828 0.615234 0.046875 0.615234 0.044922 0.617188 0.042969 0.617188 0.042969 0.621094 0.044922 0.621094 0.046875 0.623047 0.046875 0.630859 0.048828 0.632812 0.048828 0.634766 0.050781 0.636719 0.052734 0.636719 0.054688 0.638672 0.054688 0.642578 0.056641 0.642578 0.060547 0.638672 0.060547 0.634766 0.062500 0.632812 0.064453 0.634766 0.078125 0.634766 0.080078 0.636719 0.080078 0.638672 0.082031 0.640625 0.082031 0.644531 0.078125 0.648438 0.076172 0.648438 0.078125 0.650391 0.080078 0.650391 0.082031 0.652344 0.083984 0.652344 0.085938 0.650391 0.087891 0.650391 0.089844 0.652344 0.093750 0.652344 0.095703 0.654297 0.093750 0.656250 0.093750 0.662109 0.091797 0.664062 0.093750 0.666016 0.095703 0.666016 0.095703 0.664062 0.097656 0.662109 0.099609 0.662109 0.101562 0.660156 0.103516 0.660156 0.105469 0.662109 0.107422 0.662109 0.109375 0.664062 0.109375 0.669922 0.111328 0.669922 0.113281 0.671875 0.113281 0.673828 0.115234 0.673828 0.117188 0.675781 0.117188 0.677734 0.121094 0.677734 0.123047 0.675781 0.126953 0.675781 0.128906 0.677734 0.128906 0.679688 0.130859 0.681641 0.128906 0.683594 0.128906 0.689453 0.132812 0.693359 0.132812 0.705078 0.130859 0.707031 0.130859 0.710938 0.128906 0.712891 0.128906 0.716797 0.130859 0.716797 0.132812 0.718750 0.132812 0.720703 0.134766 0.720703 0.136719 0.722656 0.136719 0.726562 0.132812 0.730469 0.132812 0.736328 0.128906 0.740234 0.126953 0.740234 0.125000 0.742188 0.123047 0.742188 0.123047 0.744141 0.121094 0.746094 0.121094 0.757812 0.117188 0.761719 0.113281 0.761719 0.113281 0.771484 0.111328 0.773438 0.113281 0.775391 0.117188 0.775391 0.119141 0.777344 0.119141 0.779297 0.121094 0.781250 0.121094 0.783203 0.125000 0.783203 0.125000 0.781250 0.126953 0.779297 0.126953 0.773438 0.128906 0.771484 0.126953 0.769531 0.125000 0.769531 0.123047 0.767578 0.123047 0.763672 0.125000 0.761719 0.126953 0.761719 0.128906 0.763672 0.130859 0.763672 0.132812 0.761719 0.144531 0.761719 0.146484 0.763672 0.148438 0.763672 0.152344 0.759766 0.156250 0.759766 0.156250 0.757812 0.158203 0.755859 0.160156 0.755859 0.164062 0.759766 0.164062 0.765625 0.160156 0.769531 0.160156 0.771484 0.158203 0.773438 0.156250 0.771484 0.156250 0.775391 0.158203 0.775391 0.160156 0.777344 0.160156 0.781250 0.162109 0.783203 0.162109 0.785156 0.164062 0.787109 0.164062 0.789062 0.160156 0.792969 0.162109 0.794922 0.162109 0.798828 0.160156 0.800781 0.160156 0.806641 0.162109 0.808594 0.162109 0.810547 0.160156 0.812500 0.160156 0.818359 0.158203 0.820312 0.156250 0.820312 0.156250 0.828125 0.158203 0.830078 0.158203 0.833984 0.160156 0.835938 0.160156 0.839844 0.162109 0.841797 0.162109 0.845703 0.160156 0.847656 0.162109 0.849609 0.164062 0.847656 0.166016 0.847656 0.167969 0.849609 0.169922 0.849609 0.171875 0.851562 0.171875 0.853516 0.173828 0.853516 0.175781 0.855469 0.175781 0.857422 0.181641 0.857422 0.183594 0.859375 0.183594 0.867188 0.181641 0.869141 0.181641 0.871094 0.179688 0.873047 0.177734 0.873047 0.175781 0.871094 0.173828 0.871094 0.169922 0.867188 0.166016 0.867188 0.166016 0.869141 0.164062 0.871094 0.164062 0.876953 0.166016 0.878906 0.166016 0.880859 0.167969 0.878906 0.169922 0.878906 0.171875 0.880859 0.171875 0.882812 0.173828 0.882812 0.175781 0.884766 0.175781 0.892578 0.173828 0.894531 0.171875 0.892578 0.169922 0.894531 0.167969 0.894531 0.166016 0.896484 0.164062 0.894531 0.160156 0.898438 0.158203 0.898438 0.158203 0.900391 0.156250 0.902344 0.156250 0.904297 0.160156 0.908203 0.160156 0.914062 0.158203 0.916016 0.154297 0.916016 0.144531 0.906250 0.144531 0.902344 0.136719 0.902344 0.134766 0.900391 0.134766 0.898438 0.136719 0.896484 0.134766 0.896484 0.132812 0.894531 0.128906 0.898438 0.126953 0.898438 0.125000 0.896484 0.125000 0.894531 0.119141 0.894531 0.117188 0.896484 0.119141 0.898438 0.119141 0.900391 0.121094 0.902344 0.111328 0.912109 0.109375 0.912109 0.107422 0.914062 0.105469 0.914062 0.105469 0.916016 0.103516 0.917969 0.101562 0.917969 0.101562 0.919922 0.099609 0.921875 0.101562 0.923828 0.101562 0.925781 0.099609 0.927734 0.099609 0.929688 0.097656 0.931641 0.095703 0.931641 0.095703 0.937500 0.097656 0.937500 0.099609 0.939453 0.099609 0.941406 0.101562 0.941406 0.103516 0.943359 0.107422 0.943359 0.111328 0.947266 0.111328 0.949219 0.113281 0.951172 0.113281 0.953125 0.115234 0.955078 0.113281 0.957031 0.111328 0.957031 0.109375 0.958984 0.111328 0.960938 0.113281 0.958984 0.117188 0.958984 0.123047 0.964844 0.123047 0.968750 0.125000 0.970703 0.125000 0.978516 0.128906 0.982422 0.128906 0.984375 0.126953 0.986328 0.128906 0.988281 0.128906 0.990234 0.130859 0.990234 0.132812 0.992188 0.146484 0.992188 0.146484 0.990234 0.150391 0.986328 0.156250 0.986328 0.160156 0.990234 0.164062 0.990234 0.166016 0.988281 0.177734 0.988281 0.179688 0.986328 0.181641 0.986328 0.183594 0.984375 0.185547 0.984375 0.187500 0.982422 0.189453 0.982422 0.191406 0.980469 0.193359 0.980469 0.195312 0.978516 0.197266 0.978516 0.201172 0.974609 0.205078 0.974609 0.207031 0.972656 0.205078 0.970703 0.205078 0.966797 0.207031 0.964844 0.208984 0.964844 0.208984 0.960938 0.210938 0.958984 0.210938 0.957031 0.214844 0.953125 0.214844 0.951172 0.216797 0.949219 0.218750 0.951172 0.224609 0.951172 0.224609 0.949219 0.226562 0.947266 0.228516 0.947266 0.230469 0.945312 0.230469 0.943359 0.232422 0.941406 0.230469 0.939453 0.230469 0.937500 0.228516 0.935547 0.228516 0.925781 0.224609 0.921875 0.224609 0.916016 0.228516 0.912109 0.230469 0.912109 0.232422 0.910156 0.232422 0.908203 0.234375 0.906250 0.234375 0.904297 0.236328 0.902344 0.238281 0.902344 0.244141 0.896484 0.250000 0.896484 0.251953 0.898438 0.253906 0.898438 0.255859 0.900391 0.251953 0.904297 0.250000 0.904297 0.238281 0.916016 0.238281 0.917969 0.236328 0.919922 0.236328 0.925781 0.238281 0.927734 0.238281 0.931641 0.240234 0.933594 0.240234 0.937500 0.242188 0.935547 0.244141 0.935547 0.250000 0.941406 0.250000 0.949219 0.248047 0.951172 0.248047 0.955078 0.250000 0.957031 0.250000 0.958984 0.248047 0.960938 0.246094 0.958984 0.236328 0.958984 0.236328 0.964844 0.242188 0.970703 0.242188 0.972656 0.244141 0.974609 0.250000 0.974609 0.251953 0.976562 0.251953 0.978516 0.253906 0.978516 0.255859 0.980469 0.255859 0.982422 0.257812 0.984375 0.259766 0.982422 0.261719 0.982422 0.263672 0.984375 0.263672 0.986328 0.265625 0.988281 0.265625 0.990234 0.267578 0.990234 0.271484 0.986328 0.273438 0.988281 0.273438 0.984375 0.275391 0.982422 0.281250 0.982422 0.289062 0.990234 0.292969 0.990234 0.294922 0.992188 0.392578 0.992188 0.390625 0.990234 0.390625 0.988281 0.388672 0.986328 0.388672 0.984375 0.384766 0.980469 0.384766 0.974609 0.386719 0.972656 0.386719 0.970703 0.392578 0.964844 0.392578 0.962891 0.396484 0.958984 0.396484 0.955078 0.398438 0.953125 0.398438 0.941406 0.396484 0.939453 0.394531 0.939453 0.390625 0.935547 0.376953 0.935547 0.375000 0.937500 0.369141 0.937500 0.367188 0.939453 0.365234 0.937500 0.361328 0.937500 0.359375 0.935547 0.357422 0.935547 0.351562 0.929688 0.349609 0.929688 0.347656 0.927734 0.335938 0.927734 0.333984 0.925781 0.326172 0.925781 0.324219 0.923828 0.322266 0.923828 0.318359 0.919922 0.314453 0.919922 0.310547 0.916016 0.306641 0.916016 0.304688 0.914062 0.302734 0.914062 0.300781 0.912109 0.300781 0.904297 0.294922 0.904297 0.292969 0.902344 0.292969 0.900391 0.291016 0.900391 0.289062 0.898438 0.289062 0.896484 0.291016 0.894531 0.292969 0.894531 0.296875 0.890625 0.298828 0.890625 0.302734 0.886719 0.308594 0.886719 0.308594 0.884766 0.312500 0.880859 0.312500 0.878906 0.314453 0.876953 0.314453 0.875000 0.312500 0.873047 0.312500 0.869141 0.318359 0.863281 0.320312 0.865234 0.326172 0.865234 0.328125 0.863281 0.330078 0.863281 0.332031 0.861328 0.337891 0.861328 0.339844 0.863281 0.339844 0.869141 0.337891 0.871094 0.335938 0.871094 0.335938 0.878906 0.337891 0.880859 0.343750 0.880859 0.345703 0.882812 0.347656 0.880859 0.349609 0.880859 0.351562 0.878906 0.353516 0.878906 0.355469 0.876953 0.357422 0.876953 0.357422 0.873047 0.359375 0.871094 0.361328 0.871094 0.361328 0.863281 0.359375 0.861328 0.359375 0.859375 0.357422 0.857422 0.357422 0.853516 0.361328 0.849609 0.363281 0.849609 0.369141 0.843750 0.369141 0.839844 0.371094 0.837891 0.371094 0.830078 0.369141 0.828125 0.369141 0.824219 0.375000 0.818359 0.376953 0.818359 0.376953 0.814453 0.382812 0.808594 0.384766 0.808594 0.392578 0.816406 0.404297 0.816406 0.404297 0.814453 0.406250 0.812500 0.408203 0.812500 0.410156 0.810547 0.410156 0.806641 0.412109 0.804688 0.412109 0.800781 0.410156 0.798828 0.410156 0.794922 0.406250 0.791016 0.406250 0.789062 0.394531 0.789062 0.392578 0.791016 0.392578 0.796875 0.390625 0.798828 0.380859 0.798828 0.378906 0.796875 0.376953 0.796875 0.369141 0.789062 0.369141 0.783203 0.371094 0.781250 0.373047 0.781250 0.375000 0.779297 0.376953 0.779297 0.378906 0.777344 0.380859 0.777344 0.382812 0.775391 0.384766 0.777344 0.384766 0.781250 0.386719 0.783203 0.388672 0.781250 0.388672 0.779297 0.390625 0.777344 0.392578 0.777344 0.392578 0.769531 0.390625 0.767578 0.390625 0.765625 0.388672 0.765625 0.384766 0.761719 0.384766 0.759766 0.378906 0.759766 0.376953 0.761719 0.375000 0.761719 0.373047 0.759766 0.369141 0.759766 0.367188 0.757812 0.365234 0.757812 0.363281 0.755859 0.361328 0.755859 0.357422 0.751953 0.357422 0.750000 0.355469 0.748047 0.355469 0.744141 0.349609 0.738281 0.347656 0.738281 0.345703 0.740234 0.335938 0.740234 0.332031 0.736328 0.330078 0.736328 0.328125 0.734375 0.326172 0.734375 0.324219 0.732422 0.322266 0.732422 0.320312 0.730469 0.322266 0.728516 0.318359 0.724609 0.316406 0.724609 0.314453 0.722656 0.314453 0.714844 0.308594 0.708984 0.308594 0.705078 0.310547 0.703125 0.316406 0.703125 0.320312 0.707031 0.320312 0.708984 0.326172 0.714844 0.326172 0.718750 0.330078 0.718750 0.332031 0.720703 0.332031 0.722656 0.333984 0.720703 0.335938 0.722656 0.339844 0.718750 0.341797 0.718750 0.345703 0.714844 0.345703 0.712891 0.347656 0.710938 0.347656 0.708984 0.351562 0.705078 0.351562 0.703125 0.353516 0.701172 0.355469 0.701172 0.357422 0.699219 0.361328 0.699219 0.363281 0.697266 0.371094 0.697266 0.375000 0.701172 0.376953 0.701172 0.378906 0.699219 0.380859 0.699219 0.382812 0.701172 0.384766 0.701172 0.388672 0.705078 0.398438 0.705078 0.396484 0.703125 0.398438 0.701172 0.400391 0.701172 0.400391 0.699219 0.402344 0.697266 0.404297 0.697266 0.406250 0.695312 0.408203 0.697266 0.410156 0.695312 0.412109 0.695312 0.412109 0.691406 0.408203 0.687500 0.408203 0.683594 0.410156 0.681641 0.416016 0.681641 0.419922 0.677734 0.423828 0.681641 0.423828 0.685547 0.421875 0.687500 0.423828 0.689453 0.425781 0.689453 0.429688 0.693359 0.431641 0.693359 0.433594 0.695312 0.435547 0.695312 0.437500 0.697266 0.439453 0.695312 0.445312 0.695312 0.447266 0.697266 0.449219 0.697266 0.453125 0.701172 0.453125 0.703125 0.458984 0.708984 0.458984 0.710938 0.462891 0.714844 0.462891 0.716797 0.464844 0.718750 0.464844 0.720703 0.466797 0.720703 0.468750 0.722656 0.468750 0.724609 0.470703 0.726562 0.468750 0.728516 0.470703 0.730469 0.470703 0.732422 0.472656 0.730469 0.476562 0.730469 0.480469 0.726562 0.486328 0.726562 0.488281 0.728516 0.488281 0.732422 0.484375 0.736328 0.482422 0.736328 0.482422 0.738281 0.480469 0.740234 0.480469 0.742188 0.476562 0.746094 0.468750 0.746094 0.468750 0.751953 0.470703 0.750000 0.472656 0.750000 0.478516 0.755859 0.482422 0.755859 0.484375 0.757812 0.484375 0.763672 0.490234 0.763672 0.490234 0.759766 0.498047 0.751953 0.500000 0.753906 0.500000 0.755859 0.501953 0.755859 0.503906 0.757812 0.503906 0.759766 0.505859 0.759766 0.505859 0.757812 0.503906 0.757812 0.500000 0.753906 0.500000 0.750000 0.503906 0.746094 0.503906 0.744141 0.511719 0.736328 0.511719 0.734375 0.513672 0.732422 0.515625 0.732422 0.515625 0.730469 0.509766 0.724609 0.509766 0.722656 0.511719 0.720703 0.515625 0.720703 0.517578 0.718750 0.517578 0.716797 0.521484 0.712891 0.525391 0.712891 0.529297 0.708984 0.531250 0.710938 0.533203 0.710938 0.537109 0.707031 0.539062 0.707031 0.537109 0.705078 0.537109 0.703125 0.535156 0.701172 0.535156 0.699219 0.539062 0.695312 0.541016 0.695312 0.542969 0.693359 0.544922 0.693359 0.544922 0.689453 0.542969 0.687500 0.544922 0.685547 0.548828 0.685547 0.550781 0.687500 0.552734 0.687500 0.552734 0.685547 0.554688 0.683594 0.558594 0.683594 0.562500 0.687500 0.564453 0.687500 0.568359 0.691406 0.570312 0.691406 0.574219 0.695312 0.574219 0.697266 0.576172 0.697266 0.578125 0.699219 0.576172 0.701172 0.578125 0.703125 0.578125 0.705078 0.576172 0.707031 0.576172 0.710938 0.578125 0.712891 0.578125 0.724609 0.576172 0.726562 0.574219 0.726562 0.570312 0.722656 0.570312 0.724609 0.568359 0.726562 0.568359 0.736328 0.578125 0.746094 0.578125 0.757812 0.580078 0.759766 0.585938 0.759766 0.585938 0.757812 0.587891 0.755859 0.589844 0.755859 0.591797 0.757812 0.591797 0.759766 0.593750 0.761719 0.593750 0.769531 0.595703 0.769531 0.597656 0.771484 0.597656 0.773438 0.601562 0.773438 0.603516 0.771484 0.611328 0.771484 0.613281 0.773438 0.615234 0.773438 0.619141 0.777344 0.619141 0.779297 0.621094 0.781250 0.621094 0.789062 0.626953 0.794922 0.628906 0.794922 0.632812 0.798828 0.650391 0.798828 0.654297 0.802734 0.662109 0.802734 0.662109 0.800781 0.664062 0.798828 0.666016 0.798828 0.669922 0.794922 0.671875 0.794922 0.673828 0.796875 0.671875 0.798828 0.673828 0.798828 0.673828 0.792969 0.677734 0.789062 0.677734 0.787109 0.681641 0.783203 0.683594 0.783203 0.685547 0.781250 0.683594 0.779297 0.683594 0.777344 0.689453 0.771484 0.691406 0.771484 0.691406 0.769531 0.693359 0.767578 0.701172 0.767578 0.705078 0.771484 0.707031 0.771484 0.708984 0.773438 0.708984 0.777344 0.712891 0.777344 0.714844 0.779297 0.714844 0.777344 0.716797 0.775391 0.722656 0.775391 0.724609 0.777344 0.724609 0.779297 0.726562 0.781250 0.726562 0.783203 0.730469 0.783203 0.732422 0.781250 0.734375 0.783203 0.734375 0.787109 0.732422 0.789062 0.732422 0.791016 0.734375 0.792969 0.736328 0.792969 0.738281 0.794922 0.738281 0.802734 0.740234 0.802734 0.742188 0.804688 0.742188 0.810547 0.740234 0.812500 0.738281 0.812500 0.738281 0.818359 0.740234 0.820312 0.740234 0.826172 0.738281 0.828125 0.738281 0.832031 0.736328 0.833984 0.734375 0.833984 0.732422 0.832031 0.730469 0.832031 0.728516 0.830078 0.728516 0.822266 0.726562 0.820312 0.724609 0.820312 0.722656 0.818359 0.720703 0.818359 0.718750 0.816406 0.718750 0.814453 0.720703 0.812500 0.722656 0.812500 0.720703 0.810547 0.720703 0.808594 0.718750 0.808594 0.716797 0.810547 0.714844 0.810547 0.714844 0.814453 0.712891 0.816406 0.712891 0.822266 0.707031 0.828125 0.707031 0.830078 0.705078 0.832031 0.699219 0.832031 0.697266 0.830078 0.697266 0.824219 0.691406 0.824219 0.693359 0.826172 0.691406 0.828125 0.687500 0.828125 0.685547 0.826172 0.685547 0.824219 0.683594 0.822266 0.681641 0.822266 0.679688 0.820312 0.673828 0.820312 0.669922 0.824219 0.667969 0.824219 0.666016 0.822266 0.662109 0.822266 0.656250 0.828125 0.656250 0.832031 0.658203 0.832031 0.660156 0.833984 0.654297 0.839844 0.652344 0.839844 0.652344 0.843750 0.654297 0.845703 0.654297 0.847656 0.656250 0.847656 0.658203 0.849609 0.658203 0.851562 0.660156 0.853516 0.660156 0.857422 0.662109 0.857422 0.667969 0.863281 0.667969 0.861328 0.669922 0.859375 0.671875 0.859375 0.673828 0.861328 0.673828 0.863281 0.675781 0.865234 0.675781 0.869141 0.677734 0.871094 0.675781 0.873047 0.675781 0.876953 0.673828 0.878906 0.671875 0.878906 0.671875 0.880859 0.669922 0.882812 0.664062 0.882812 0.664062 0.884766 0.666016 0.884766 0.667969 0.886719 0.669922 0.886719 0.671875 0.888672 0.671875 0.892578 0.673828 0.892578 0.675781 0.894531 0.683594 0.894531 0.685547 0.892578 0.689453 0.892578 0.693359 0.896484 0.697266 0.896484 0.699219 0.898438 0.699219 0.900391 0.705078 0.906250 0.705078 0.908203 0.707031 0.910156 0.707031 0.912109 0.708984 0.912109 0.710938 0.910156 0.710938 0.908203 0.714844 0.904297 0.716797 0.906250 0.718750 0.904297 0.720703 0.906250 0.724609 0.906250 0.726562 0.908203 0.732422 0.908203 0.736328 0.912109 0.740234 0.912109 0.742188 0.910156 0.744141 0.912109 0.746094 0.912109 0.748047 0.914062 0.750000 0.914062 0.751953 0.916016 0.753906 0.916016 0.753906 0.914062 0.755859 0.912109 0.759766 0.912109 0.759766 0.908203 0.761719 0.906250 0.761719 0.904297 0.763672 0.902344 0.763672 0.894531 0.761719 0.892578 0.763672 0.890625 0.763672 0.886719 0.765625 0.884766 0.765625 0.876953 0.767578 0.875000 0.771484 0.875000 0.773438 0.873047 0.779297 0.873047 0.781250 0.875000 0.783203 0.875000 0.785156 0.876953 0.787109 0.875000 0.792969 0.875000 0.796875 0.878906 0.800781 0.878906 0.800781 0.876953 0.804688 0.873047 0.810547 0.873047 0.812500 0.871094 0.822266 0.871094 0.824219 0.869141 0.826172 0.869141 0.828125 0.867188 0.828125 0.865234 0.820312 0.857422 0.818359 0.857422 0.816406 0.855469 0.816406 0.851562 0.812500 0.847656 0.812500 0.845703 0.814453 0.843750 0.812500 0.841797 0.812500 0.839844 0.814453 0.837891 0.814453 0.835938 0.816406 0.833984 0.818359 0.833984 0.820312 0.832031 0.822266 0.832031 0.824219 0.833984 0.833984 0.833984 0.837891 0.830078 0.837891 0.824219 0.839844 0.822266 0.839844 0.820312 0.837891 0.818359 0.837891 0.816406 0.830078 0.808594 0.830078 0.806641 0.828125 0.806641 0.826172 0.804688 0.824219 0.804688 0.822266 0.806641 0.820312 0.806641 0.816406 0.802734 0.816406 0.800781 0.818359 0.798828 0.818359 0.796875 0.820312 0.794922 0.820312 0.792969 0.822266 0.791016 0.820312 0.789062 0.820312 0.787109 0.818359 0.785156 0.818359 0.775391 0.822266 0.771484 0.824219 0.773438 0.826172 0.773438 0.828125 0.775391 0.828125 0.777344 0.830078 0.779297 0.830078 0.781250 0.833984 0.785156 0.833984 0.791016 0.837891 0.791016 0.841797 0.794922 0.841797 0.787109 0.843750 0.785156 0.843750 0.781250 0.849609 0.775391 0.849609 0.773438 0.851562 0.771484 0.851562 0.769531 0.853516 0.767578 0.853516 0.765625 0.855469 0.763672 0.855469 0.751953 0.863281 0.744141 0.863281 0.740234 0.865234 0.738281 0.871094 0.738281 0.873047 0.740234 0.875000 0.740234 0.876953 0.742188 0.876953 0.744141 0.878906 0.744141 0.880859 0.746094 0.882812 0.746094 0.884766 0.748047 0.884766 0.755859 0.880859 0.759766 0.878906 0.759766 0.875000 0.763672 0.875000 0.765625 0.873047 0.767578 0.873047 0.769531 0.871094 0.771484 0.871094 0.777344 0.867188 0.781250 0.867188 0.783203 0.865234 0.785156 0.865234 0.787109 0.861328 0.791016 0.861328 0.794922 0.859375 0.796875 0.857422 0.796875 0.851562 0.802734 0.851562 0.806641 0.855469 0.810547 0.855469 0.812500 0.857422 0.814453 0.859375 0.812500 0.859375 0.808594 0.867188 0.800781 0.869141 0.802734 0.873047 0.802734 0.875000 0.804688 0.875000 0.808594 0.869141 0.814453 0.869141 0.816406 0.873047 0.820312 0.878906 0.820312 0.880859 0.822266 0.884766 0.822266 0.888672 0.826172 0.888672 0.828125 0.890625 0.830078 0.890625 0.832031 0.896484 0.837891 0.896484 0.843750 0.892578 0.847656 0.890625 0.847656 0.888672 0.849609 0.888672 0.851562 0.886719 0.853516 0.880859 0.853516 0.880859 0.855469 0.882812 0.857422 0.882812 0.867188 0.884766 0.869141 0.884766 0.871094 0.882812 0.873047 0.888672 0.878906 0.890625 0.878906 0.892578 0.880859 0.896484 0.880859 0.898438 0.882812 0.898438 0.884766 0.900391 0.882812 0.902344 0.882812 0.904297 0.880859 0.908203 0.880859 0.910156 0.878906 0.910156 0.876953 0.912109 0.875000 0.912109 0.873047 0.916016 0.869141 0.916016 0.867188 0.919922 0.863281 0.919922 0.861328 0.923828 0.857422 0.925781 0.857422 0.927734 0.855469 0.929688 0.855469 0.927734 0.853516 0.929688 0.851562 0.931641 0.851562 0.933594 0.849609 0.935547 0.849609 0.939453 0.845703 0.943359 0.845703 0.945312 0.847656 0.945312 0.849609 0.947266 0.851562 0.947266 0.857422 0.953125 0.863281 0.955078 0.863281 0.957031 0.861328 0.962891 0.861328 0.964844 0.859375 0.972656 0.859375 0.974609 0.857422 0.978516 0.857422 0.976562 0.855469 0.976562 0.851562 0.980469 0.847656 0.982422 0.847656 0.982422 0.841797 0.986328 0.837891 0.986328 0.835938 0.988281 0.833984 0.990234 0.833984 0.990234 0.832031 0.992188 0.830078 0.992188 0.820312 0.988281 0.820312 0.986328 0.818359 0.986328 0.816406 0.984375 0.816406 0.982422 0.814453 0.982422 0.810547 0.986328 0.806641 0.986328 0.804688 0.988281 0.802734 0.988281 0.800781 0.990234 0.798828 0.990234 0.792969 0.984375 0.792969 0.982422 0.791016 0.982422 0.787109 0.978516 0.783203 0.978516 0.779297 0.976562 0.777344 0.968750 0.777344 0.966797 0.775391 0.966797 0.773438 0.968750 0.771484 0.966797 0.771484 0.964844 0.769531 0.962891 0.769531 0.960938 0.767578 0.957031 0.767578 0.955078 0.765625 0.953125 0.765625 0.951172 0.767578 0.945312 0.767578 0.943359 0.765625 0.943359 0.759766 0.945312 0.757812 0.945312 0.755859 0.947266 0.753906 0.951172 0.753906 0.951172 0.744141 0.955078 0.740234 0.955078 0.736328 0.957031 0.734375 0.957031 0.732422 0.960938 0.728516 0.962891 0.728516 0.962891 0.726562 0.964844 0.724609 0.964844 0.716797 0.962891 0.714844 0.962891 0.712891 0.957031 0.712891 0.957031 0.714844 0.953125 0.718750 0.951172 0.718750 0.949219 0.716797 0.947266 0.716797 0.945312 0.714844 0.945312 0.712891 0.943359 0.712891 0.935547 0.705078 0.929688 0.705078 0.927734 0.703125 0.929688 0.701172 0.929688 0.699219 0.927734 0.699219 0.919922 0.707031 0.917969 0.707031 0.916016 0.705078 0.916016 0.703125 0.912109 0.703125 0.910156 0.701172 0.906250 0.701172 0.902344 0.697266 0.902344 0.695312 0.904297 0.693359 0.902344 0.691406 0.902344 0.689453 0.904297 0.687500 0.908203 0.687500 0.910156 0.685547 0.912109 0.685547 0.912109 0.683594 0.914062 0.681641 0.914062 0.679688 0.916016 0.677734 0.921875 0.677734 0.927734 0.671875 0.929688 0.671875 0.931641 0.673828 0.931641 0.677734 0.939453 0.677734 0.939453 0.673828 0.941406 0.671875 0.941406 0.666016 0.939453 0.664062 0.939453 0.662109 0.937500 0.662109 0.935547 0.660156 0.933594 0.660156 0.931641 0.658203 0.937500 0.652344 0.947266 0.652344 0.949219 0.650391 0.953125 0.650391 0.955078 0.648438 0.957031 0.648438 0.960938 0.644531 0.968750 0.644531 0.970703 0.642578 0.974609 0.642578 0.976562 0.640625 0.976562 0.632812 0.968750 0.632812 0.966797 0.634766 0.966797 0.636719 0.964844 0.638672 0.958984 0.632812 0.958984 0.628906 0.957031 0.626953 0.957031 0.625000 0.953125 0.621094 0.949219 0.625000 0.947266 0.623047 0.947266 0.619141 0.945312 0.619141 0.943359 0.621094 0.941406 0.619141 0.941406 0.617188 0.943359 0.615234 0.943359 0.611328 0.941406 0.609375 0.943359 0.607422 0.947266 0.607422 0.949219 0.605469 0.951172 0.605469 0.953125 0.607422 0.953125 0.611328 0.955078 0.611328 0.957031 0.613281 0.958984 0.613281 0.960938 0.615234 0.962891 0.615234 0.964844 0.617188 0.966797 0.617188 0.966797 0.615234 0.968750 0.613281 0.972656 0.613281 0.976562 0.617188 0.976562 0.619141 0.978516 0.619141 0.980469 0.621094 0.980469 0.619141 0.984375 0.615234 0.988281 0.615234 0.988281 0.611328 0.986328 0.609375 0.984375 0.609375 0.982422 0.607422 0.982422 0.601562 0.984375 0.599609 0.984375 0.597656 0.986328 0.595703 0.990234 0.595703 0.992188 0.593750 0.992188 0.511719 0.988281 0.511719 0.986328 0.509766 0.988281 0.507812 0.982422 0.507812 0.978516 0.503906 0.972656 0.503906 0.968750 0.500000 0.968750 0.498047 0.964844 0.494141 0.962891 0.494141 0.960938 0.492188 0.958984 0.492188 0.957031 0.490234 0.955078 0.490234 0.953125 0.488281 0.951172 0.490234 0.947266 0.490234 0.947266 0.492188 0.945312 0.494141 0.945312 0.496094 0.943359 0.498047 0.941406 0.498047 0.941406 0.500000 0.937500 0.503906 0.935547 0.503906 0.933594 0.505859 0.933594 0.507812 0.931641 0.509766 0.931641 0.513672 0.929688 0.515625 0.929688 0.519531 0.927734 0.521484 0.929688 0.523438 0.927734 0.525391 0.925781 0.525391 0.921875 0.521484 0.921875 0.519531 0.919922 0.517578 0.919922 0.511719 0.921875 0.509766 0.921875 0.507812 0.917969 0.507812 0.908203 0.498047 0.906250 0.498047 0.904297 0.496094 0.904297 0.494141 0.910156 0.488281 0.904297 0.482422 0.902344 0.484375 0.900391 0.482422 0.898438 0.484375 0.894531 0.480469 0.892578 0.480469 0.888672 0.476562 0.888672 0.474609 0.880859 0.474609 0.878906 0.472656 0.873047 0.478516 0.865234 0.478516 0.863281 0.480469 0.859375 0.480469 0.857422 0.478516 0.855469 0.478516 0.853516 0.476562 0.853516 0.474609 0.855469 0.472656 0.859375 0.472656 0.857422 0.470703 0.857422 0.468750 0.855469 0.466797 0.855469 0.464844 0.853516 0.464844 0.851562 0.462891 0.847656 0.462891 0.845703 0.460938 0.843750 0.460938 0.839844 0.457031 0.839844 0.455078 0.837891 0.457031 0.833984 0.453125 0.833984 0.451172 0.832031 0.449219 0.832031 0.447266 0.830078 0.445312 0.830078 0.441406 0.828125 0.441406 0.826172 0.439453 0.826172 0.435547 0.828125 0.433594 0.830078 0.433594 0.832031 0.431641 0.830078 0.429688 0.830078 0.425781 0.824219 0.419922 0.824219 0.417969 0.828125 0.414062 0.822266 0.414062 0.818359 0.410156 0.816406 0.410156 0.812500 0.406250 0.808594 0.406250 0.804688 0.402344 0.808594 0.398438 0.804688 0.398438 0.802734 0.396484 0.802734 0.390625 0.800781 0.388672 0.800781 0.386719 0.796875 0.382812 0.796875 0.380859 0.794922 0.380859 0.792969 0.382812 0.789062 0.382812 0.787109 0.380859 0.785156 0.380859 0.785156 0.382812 0.783203 0.384766 0.781250 0.384766 0.781250 0.386719 0.783203 0.388672 0.783203 0.390625 0.785156 0.390625 0.787109 0.392578 0.787109 0.396484 0.785156 0.398438 0.785156 0.400391 0.783203 0.402344 0.777344 0.402344 0.775391 0.400391 0.775391 0.398438 0.771484 0.398438 0.765625 0.392578 0.763672 0.392578 0.763672 0.398438 0.761719 0.400391 0.757812 0.400391 0.755859 0.402344 0.746094 0.402344 0.744141 0.400391 0.742188 0.400391 0.740234 0.398438 0.730469 0.398438 0.728516 0.396484 0.728516 0.394531 0.726562 0.392578 0.726562 0.390625 0.724609 0.388672 0.724609 0.386719 0.720703 0.382812 0.714844 0.382812 0.710938 0.386719 0.710938 0.388672 0.705078 0.394531 0.699219 0.394531 0.697266 0.396484 0.695312 0.396484 0.693359 0.398438 0.691406 0.398438 0.691406 0.400391 0.689453 0.402344 0.687500 0.400391 0.683594 0.400391 0.681641 0.398438 0.669922 0.398438 0.666016 0.394531 0.664062 0.394531 0.654297 0.404297 0.652344 0.404297 0.650391 0.402344 0.650391 0.398438 0.648438 0.396484 0.648438 0.394531 0.646484 0.392578 0.644531 0.394531 0.642578 0.394531 0.638672 0.390625 0.644531 0.384766 0.648438 0.384766 0.652344 0.380859 0.654297 0.380859 0.656250 0.378906 0.658203 0.380859 0.658203 0.378906 0.660156 0.376953 0.662109 0.376953 0.664062 0.375000 0.667969 0.375000 0.669922 0.373047 0.669922 0.371094 0.667969 0.369141 0.667969 0.365234 0.666016 0.363281 0.664062 0.363281 0.662109 0.361328 0.662109 0.357422 0.658203 0.353516 0.656250 0.355469 0.654297 0.353516 0.650391 0.357422 0.650391 0.359375 0.646484 0.363281 0.644531 0.363281 0.642578 0.365234 0.636719 0.359375 0.630859 0.359375 0.628906 0.357422 0.628906 0.353516 0.634766 0.347656 0.634766 0.341797 0.636719 0.339844 0.638672 0.339844 0.638672 0.337891 0.636719 0.335938 0.634766 0.335938 0.630859 0.332031 0.630859 0.330078 0.625000 0.330078 0.623047 0.328125 0.623047 0.330078 0.619141 0.333984 0.615234 0.333984 0.611328 0.330078 0.611328 0.326172 0.605469 0.326172 0.603516 0.324219 0.603516 0.328125 0.605469 0.330078 0.603516 0.332031 0.599609 0.332031 0.597656 0.330078 0.597656 0.332031 0.595703 0.333984 0.595703 0.337891 0.597656 0.339844 0.599609 0.339844 0.603516 0.343750 0.611328 0.343750 0.613281 0.345703 0.613281 0.357422 0.605469 0.365234 0.599609 0.365234 0.599609 0.367188 0.597656 0.369141 0.597656 0.376953 0.599609 0.376953 0.601562 0.378906 0.601562 0.384766 0.597656 0.388672 0.593750 0.388672 0.595703 0.390625 0.595703 0.392578 0.593750 0.394531 0.591797 0.392578 0.582031 0.392578 0.582031 0.394531 0.580078 0.396484 0.578125 0.394531 0.574219 0.394531 0.572266 0.396484 0.570312 0.396484 0.566406 0.392578 0.564453 0.394531 0.562500 0.394531 0.560547 0.392578 0.560547 0.390625 0.558594 0.388672 0.558594 0.384766 0.560547 0.382812 0.562500 0.382812 0.566406 0.386719 0.568359 0.386719 0.570312 0.388672 0.572266 0.386719 0.570312 0.384766 0.572266 0.382812 0.572266 0.376953 0.574219 0.375000 0.572266 0.375000 0.568359 0.371094 0.564453 0.371094 0.562500 0.373047 0.560547 0.371094 0.560547 0.369141 0.560547 0.371094 0.556641 0.375000 0.554688 0.375000 0.550781 0.378906 0.544922 0.378906 0.541016 0.375000 0.541016 0.373047 0.539062 0.371094 0.537109 0.371094 0.533203 0.367188 0.533203 0.363281 0.541016 0.355469 0.539062 0.353516 0.539062 0.351562 0.537109 0.349609 0.539062 0.347656 0.539062 0.345703 0.542969 0.341797 0.544922 0.341797 0.548828 0.337891 0.546875 0.335938 0.544922 0.335938 0.542969 0.333984 0.542969 0.332031 0.544922 0.330078 0.541016 0.330078 0.539062 0.332031 0.539062 0.333984 0.537109 0.335938 0.535156 0.335938 0.533203 0.333984 0.531250 0.333984 0.529297 0.335938 0.527344 0.333984 0.523438 0.333984 0.519531 0.330078 0.519531 0.328125 0.521484 0.326172 0.513672 0.326172 0.509766 0.322266 0.509766 0.320312 0.507812 0.318359 0.505859 0.318359 0.503906 0.316406 0.503906 0.314453 0.501953 0.314453 0.498047 0.310547 0.494141 0.310547 0.486328 0.318359 0.484375 0.318359 0.484375 0.320312 0.482422 0.322266 0.480469 0.322266 0.478516 0.324219 0.472656 0.324219 0.470703 0.326172 0.468750 0.326172 0.468750 0.332031 0.464844 0.335938 0.464844 0.337891 0.462891 0.339844 0.460938 0.339844 0.457031 0.335938 0.445312 0.335938 0.443359 0.333984 0.441406 0.333984 0.439453 0.332031 0.439453 0.339844 0.443359 0.339844 0.447266 0.343750 0.443359 0.347656 0.439453 0.347656 0.437500 0.345703 0.437500 0.347656 0.433594 0.351562 0.429688 0.351562 0.427734 0.353516 0.425781 0.353516 0.423828 0.355469 0.417969 0.355469 0.414062 0.359375 0.410156 0.359375 0.408203 0.361328 0.406250 0.361328 0.404297 0.363281 0.404297 0.369141 0.406250 0.371094 0.408203 0.371094 0.410156 0.373047 0.410156 0.380859 0.416016 0.386719 0.417969 0.386719 0.421875 0.390625 0.421875 0.394531 0.423828 0.396484 0.429688 0.396484 0.433594 0.392578 0.435547 0.394531 0.437500 0.392578 0.439453 0.392578 0.439453 0.390625 0.445312 0.384766 0.447266 0.384766 0.447266 0.382812 0.451172 0.378906 0.453125 0.378906 0.455078 0.380859 0.458984 0.376953 0.460938 0.376953 0.462891 0.378906 0.462891 0.380859 0.464844 0.380859 0.466797 0.382812 0.466797 0.384766 0.472656 0.384766 0.476562 0.380859 0.478516 0.380859 0.482422 0.384766 0.480469 0.386719 0.482422 0.388672 0.482422 0.394531 0.480469 0.396484 0.478516 0.396484 0.476562 0.394531 0.466797 0.394531 0.464844 0.396484 0.466797 0.398438 0.466797 0.400391 0.464844 0.402344 0.464844 0.404297 0.462891 0.406250 0.466797 0.406250 0.470703 0.402344 0.472656 0.404297 0.474609 0.402344 0.476562 0.402344 0.478516 0.404297 0.478516 0.406250 0.484375 0.406250 0.484375 0.404297 0.492188 0.396484 0.500000 0.396484 0.501953 0.394531 0.505859 0.394531 0.507812 0.396484 0.509766 0.396484 0.511719 0.398438 0.509766 0.400391 0.509766 0.402344 0.501953 0.410156 0.501953 0.416016 0.500000 0.417969 0.500000 0.419922 0.503906 0.419922 0.511719 0.427734 0.515625 0.427734 0.517578 0.429688 0.515625 0.431641 0.515625 0.435547 0.513672 0.437500 0.513672 0.439453 0.511719 0.441406 0.513672 0.441406 0.515625 0.443359 0.515625 0.455078 0.513672 0.457031 0.513672 0.458984 0.515625 0.460938 0.515625 0.462891 0.517578 0.460938 0.519531 0.462891 0.519531 0.466797 0.521484 0.468750 0.521484 0.470703 0.523438 0.472656 0.523438 0.476562 0.521484 0.478516 0.519531 0.478516 0.517578 0.476562 0.515625 0.476562 0.515625 0.478516 0.513672 0.480469 0.511719 0.480469 0.511719 0.482422 0.509766 0.484375 0.507812 0.484375 0.505859 0.482422 0.505859 0.480469 0.511719 0.474609 0.511719 0.470703 0.509766 0.472656 0.505859 0.472656 0.500000 0.478516 0.496094 0.478516 0.494141 0.476562 0.492188 0.478516 0.490234 0.478516 0.492188 0.480469 0.486328 0.486328 0.484375 0.486328 0.484375 0.488281 0.482422 0.490234 0.480469 0.490234 0.476562 0.494141 0.468750 0.494141 0.466797 0.496094 0.466797 0.501953 0.468750 0.503906 0.468750 0.507812 0.470703 0.505859 0.472656 0.507812 0.472656 0.511719 0.474609 0.511719 0.476562 0.513672 0.476562 0.519531 0.474609 0.521484 0.472656 0.519531 0.464844 0.519531 0.462891 0.521484 0.460938 0.519531 0.458984 0.519531 0.457031 0.517578 0.458984 0.515625 0.458984 0.511719 0.453125 0.511719 0.451172 0.509766 0.449219 0.509766 0.447266 0.507812 0.447266 0.503906 0.449219 0.501953 0.451172 0.501953 0.451172 0.498047 0.455078 0.494141 0.457031 0.494141 0.458984 0.492188 0.460938 0.492188 0.462891 0.490234 0.458984 0.486328 0.457031 0.488281 0.455078 0.488281 0.451172 0.492188 0.449219 0.492188 0.447266 0.494141 0.443359 0.494141 0.439453 0.490234 0.439453 0.488281 0.437500 0.488281 0.435547 0.486328 0.435547 0.480469 0.433594 0.478516 0.433594 0.476562 0.429688 0.476562 0.429688 0.478516 0.427734 0.480469 0.425781 0.480469 0.421875 0.484375 0.421875 0.486328 0.419922 0.488281 0.417969 0.488281 0.417969 0.490234 0.416016 0.492188 0.417969 0.492188 0.419922 0.494141 0.412109 0.501953 0.410156 0.501953 0.408203 0.500000 0.404297 0.500000 0.404297 0.505859 0.402344 0.507812 0.402344 0.511719 0.404297 0.511719 0.406250 0.513672 0.406250 0.519531 0.408203 0.521484 0.406250 0.523438 0.406250 0.525391 0.404297 0.527344 0.402344 0.527344 0.400391 0.529297 0.398438 0.529297 0.396484 0.531250 0.394531 0.531250 0.392578 0.533203 0.388672 0.529297 0.392578 0.525391 0.392578 0.521484 0.394531 0.519531 0.394531 0.517578 0.388672 0.511719 0.390625 0.509766 0.388672 0.507812 0.388672 0.498047 0.386719 0.496094 0.386719 0.494141 0.382812 0.490234 0.382812 0.488281 0.384766 0.486328 0.384766 0.482422 0.382812 0.480469 0.380859 0.480469 0.376953 0.476562 0.376953 0.472656 0.375000 0.470703 0.375000 0.468750 0.371094 0.468750 0.369141 0.466797 0.369141 0.458984 0.371094 0.457031 0.376953 0.457031 0.376953 0.455078 0.378906 0.453125 0.380859 0.453125 0.384766 0.449219 0.388672 0.449219 0.392578 0.453125 0.392578 0.455078 0.396484 0.458984 0.396484 0.462891 0.398438 0.462891 0.400391 0.460938 0.404297 0.460938 0.406250 0.462891 0.408203 0.462891 0.408203 0.460938 0.416016 0.453125 0.416016 0.451172 0.421875 0.445312 0.423828 0.445312 0.423828 0.443359 0.425781 0.441406 0.429688 0.441406 0.427734 0.439453 0.427734 0.435547 0.425781 0.433594 0.427734 0.431641 0.427734 0.429688 0.425781 0.427734 0.425781 0.425781 0.427734 0.423828 0.427734 0.421875 0.423828 0.421875 0.421875 0.419922 0.421875 0.417969 0.419922 0.416016 0.416016 0.416016 0.414062 0.414062 0.414062 0.412109 0.412109 0.410156 0.410156 0.410156 0.408203 0.408203 0.406250 0.408203 0.404297 0.406250 0.402344 0.406250 0.400391 0.404297 0.398438 0.404297 0.396484 0.402344 0.392578 0.402344 0.390625 0.400391 0.384766 0.400391 0.382812 0.398438 0.376953 0.398438 0.375000 0.396484 0.373047 0.396484 0.371094 0.394531 0.371094 0.392578 0.369141 0.390625 0.369141 0.386719 0.373047 0.382812 0.373047 0.380859 0.376953 0.376953 0.375000 0.375000 0.375000 0.373047 0.371094 0.369141 0.369141 0.369141 0.365234 0.365234 0.365234 0.363281 0.367188 0.361328 0.367188 0.355469 0.371094 0.351562 0.369141 0.349609 0.369141 0.347656 0.376953 0.339844 0.376953 0.333984 0.378906 0.332031 0.380859 0.332031 0.384766 0.328125 0.384766 0.324219 0.386719 0.322266 0.388672 0.322266 0.390625 0.320312 0.396484 0.320312 0.398438 0.318359 0.402344 0.318359 0.408203 0.312500 0.410156 0.312500 0.410156 0.310547 0.412109 0.308594 0.414062 0.308594 0.414062 0.304688 0.412109 0.302734 0.410156 0.302734 0.408203 0.300781 0.408203 0.296875 0.410156 0.294922 0.416016 0.294922 0.417969 0.296875 0.419922 0.296875 0.423828 0.292969 0.431641 0.292969 0.435547 0.289062 0.437500 0.289062 0.439453 0.287109 0.441406 0.287109 0.449219 0.279297 0.451172 0.281250 0.453125 0.279297 0.455078 0.279297 0.457031 0.281250 0.457031 0.277344 0.455078 0.275391 0.455078 0.269531 0.435547 0.269531 0.433594 0.267578 0.433594 0.265625 0.427734 0.259766 0.427734 0.255859 0.431641 0.251953 0.435547 0.251953 0.435547 0.250000 0.437500 0.248047 0.437500 0.246094 0.439453 0.244141 0.439453 0.240234 0.435547 0.236328 0.435547 0.232422 0.433594 0.230469 0.433594 0.228516 0.431641 0.228516 0.429688 0.226562 0.429688 0.224609 0.425781 0.220703 0.417969 0.220703 0.414062 0.216797 0.414062 0.214844 0.412109 0.212891 0.412109 0.210938 0.410156 0.210938 0.410156 0.212891 0.408203 0.214844 0.406250 0.214844 0.402344 0.210938 0.402344 0.208984 0.400391 0.207031 0.400391 0.201172 0.398438 0.199219 0.398438 0.187500 0.400391 0.185547 0.412109 0.185547 0.414062 0.183594 0.412109 0.181641 0.412109 0.179688 0.414062 0.177734 0.414062 0.173828 0.412109 0.171875 0.412109 0.166016 0.414062 0.164062 0.414062 0.162109 0.412109 0.162109 0.406250 0.156250 0.406250 0.146484 0.410156 0.142578 0.408203 0.142578 0.406250 0.140625 0.404297 0.142578 0.402344 0.140625 0.400391 0.140625 0.400391 0.142578 0.398438 0.144531 0.398438 0.150391 0.400391 0.152344 0.400391 0.158203 0.398438 0.160156 0.398438 0.162109 0.402344 0.166016 0.400391 0.167969 0.398438 0.167969 0.396484 0.169922 0.392578 0.169922 0.390625 0.167969 0.390625 0.166016 0.388672 0.164062 0.382812 0.164062 0.378906 0.167969 0.378906 0.169922 0.376953 0.171875 0.375000 0.171875 0.373047 0.169922 0.373047 0.167969 0.369141 0.164062 0.371094 0.162109 0.371094 0.160156 0.367188 0.156250 0.365234 0.156250 0.363281 0.154297 0.363281 0.150391 0.359375 0.150391 0.355469 0.146484 0.353516 0.148438 0.351562 0.148438 0.349609 0.150391 0.347656 0.150391 0.343750 0.146484 0.349609 0.140625 0.351562 0.140625 0.355469 0.136719 0.357422 0.136719 0.361328 0.132812 0.361328 0.130859 0.359375 0.128906 0.359375 0.126953 0.361328 0.125000 0.359375 0.123047 0.361328 0.121094 0.361328 0.115234 0.359375 0.113281 0.359375 0.107422 0.361328 0.105469 0.363281 0.105469 0.363281 0.103516 0.365234 0.101562 0.367188 0.101562 0.369141 0.103516 0.371094 0.103516 0.373047 0.105469 0.376953 0.105469 0.378906 0.107422 0.378906 0.109375 0.380859 0.109375 0.382812 0.107422 0.384766 0.107422 0.392578 0.099609 0.396484 0.099609 0.398438 0.097656 0.400391 0.099609 0.400391 0.101562 0.402344 0.101562 0.404297 0.099609 0.408203 0.099609 0.410156 0.101562 0.410156 0.107422 0.410156 0.105469 0.412109 0.103516 0.419922 0.103516 0.423828 0.099609 0.423828 0.097656 0.425781 0.095703 0.421875 0.091797 0.421875 0.089844 0.419922 0.091797 0.416016 0.091797 0.414062 0.089844 0.416016 0.087891 0.416016 0.085938 0.419922 0.082031 0.419922 0.078125 0.423828 0.074219 0.425781 0.074219 0.427734 0.072266 0.427734 0.070312 0.421875 0.064453 0.421875 0.058594 0.408203 0.044922 0.408203 0.042969 0.404297 0.042969 0.402344 0.041016 0.402344 0.039062 0.400391 0.039062 0.398438 0.037109 0.398438 0.035156 0.390625 0.035156 0.384766 0.029297 0.384766 0.025391 0.382812 0.023438 0.382812 0.021484 0.376953 0.015625 0.376953 0.007812 0.375000 0.005859 0.375000 0.003906 0.371094 0.000000