0 0.386719 0.986328 0.384766 0.988281 0.380859 0.988281 0.378906 0.990234 0.376953 0.990234 0.376953 0.992188 0.394531 0.992188 0.394531 0.988281 0.392578 0.986328
0 0.818359 0.970703 0.816406 0.972656 0.814453 0.972656 0.814453 0.974609 0.810547 0.978516 0.810547 0.980469 0.808594 0.982422 0.808594 0.986328 0.810547 0.988281 0.808594 0.990234 0.806641 0.990234 0.804688 0.992188 0.828125 0.992188 0.828125 0.988281 0.826172 0.986328 0.826172 0.984375 0.822266 0.980469 0.822266 0.976562 0.820312 0.974609 0.820312 0.970703
0 0.878906 0.958984 0.875000 0.962891 0.875000 0.964844 0.873047 0.966797 0.873047 0.970703 0.869141 0.974609 0.869141 0.980469 0.873047 0.984375 0.875000 0.984375 0.876953 0.986328 0.876953 0.988281 0.878906 0.988281 0.880859 0.990234 0.880859 0.992188 0.904297 0.992188 0.904297 0.988281 0.902344 0.986328 0.902344 0.984375 0.896484 0.978516 0.896484 0.976562 0.888672 0.968750 0.888672 0.966797 0.884766 0.962891 0.884766 0.960938 0.882812 0.958984
0 0.234375 0.925781 0.232422 0.927734 0.232422 0.931641 0.234375 0.933594 0.234375 0.935547 0.236328 0.935547 0.238281 0.933594 0.248047 0.933594 0.250000 0.931641 0.250000 0.927734 0.248047 0.925781
0 0.279297 0.921875 0.277344 0.923828 0.277344 0.929688 0.279297 0.931641 0.281250 0.931641 0.285156 0.935547 0.287109 0.935547 0.289062 0.933594 0.289062 0.931641 0.291016 0.929688 0.291016 0.925781 0.289062 0.923828 0.285156 0.923828 0.283203 0.921875
0 0.208984 0.914062 0.207031 0.916016 0.203125 0.916016 0.197266 0.921875 0.197266 0.925781 0.199219 0.927734 0.199219 0.937500 0.193359 0.943359 0.185547 0.943359 0.183594 0.941406 0.183594 0.937500 0.185547 0.935547 0.187500 0.935547 0.189453 0.933594 0.189453 0.929688 0.187500 0.929688 0.181641 0.923828 0.181641 0.921875 0.179688 0.919922 0.179688 0.916016 0.169922 0.916016 0.167969 0.917969 0.167969 0.919922 0.164062 0.923828 0.162109 0.923828 0.160156 0.925781 0.160156 0.929688 0.158203 0.931641 0.158203 0.933594 0.156250 0.935547 0.156250 0.937500 0.154297 0.939453 0.154297 0.945312 0.152344 0.947266 0.150391 0.947266 0.148438 0.949219 0.148438 0.953125 0.146484 0.955078 0.146484 0.970703 0.144531 0.972656 0.144531 0.976562 0.138672 0.982422 0.136719 0.980469 0.134766 0.980469 0.132812 0.978516 0.119141 0.978516 0.117188 0.980469 0.109375 0.980469 0.109375 0.982422 0.107422 0.984375 0.107422 0.986328 0.105469 0.988281 0.105469 0.992188 0.320312 0.992188 0.320312 0.982422 0.318359 0.982422 0.316406 0.980469 0.316406 0.978516 0.314453 0.978516 0.312500 0.976562 0.312500 0.972656 0.308594 0.968750 0.308594 0.966797 0.298828 0.957031 0.294922 0.957031 0.292969 0.955078 0.287109 0.955078 0.285156 0.957031 0.283203 0.957031 0.281250 0.958984 0.279297 0.957031 0.279297 0.955078 0.277344 0.955078 0.275391 0.953125 0.275391 0.951172 0.271484 0.947266 0.267578 0.947266 0.267578 0.949219 0.265625 0.951172 0.263672 0.951172 0.259766 0.955078 0.257812 0.955078 0.257812 0.957031 0.255859 0.958984 0.255859 0.968750 0.250000 0.974609 0.251953 0.976562 0.251953 0.978516 0.246094 0.984375 0.238281 0.976562 0.238281 0.970703 0.228516 0.970703 0.220703 0.962891 0.220703 0.960938 0.216797 0.957031 0.216797 0.953125 0.214844 0.951172 0.214844 0.949219 0.216797 0.947266 0.216797 0.935547 0.218750 0.933594 0.218750 0.931641 0.220703 0.929688 0.220703 0.923828 0.210938 0.914062
0 0.212891 0.861328 0.212891 0.863281 0.210938 0.865234 0.210938 0.871094 0.214844 0.875000 0.216797 0.875000 0.220703 0.878906 0.218750 0.880859 0.218750 0.886719 0.222656 0.890625 0.226562 0.890625 0.228516 0.892578 0.238281 0.892578 0.238281 0.890625 0.236328 0.888672 0.236328 0.886719 0.228516 0.878906 0.228516 0.871094 0.218750 0.861328
0 0.021484 0.822266 0.019531 0.824219 0.015625 0.824219 0.013672 0.826172 0.011719 0.826172 0.001953 0.835938 0.000000 0.835938 0.000000 0.955078 0.001953 0.955078 0.003906 0.953125 0.005859 0.953125 0.005859 0.945312 0.003906 0.943359 0.001953 0.943359 0.000000 0.941406 0.001953 0.939453 0.003906 0.939453 0.003906 0.937500 0.001953 0.935547 0.001953 0.933594 0.003906 0.931641 0.003906 0.923828 0.001953 0.921875 0.001953 0.919922 0.003906 0.917969 0.000000 0.914062 0.000000 0.910156 0.001953 0.908203 0.003906 0.908203 0.003906 0.906250 0.005859 0.904297 0.003906 0.902344 0.003906 0.900391 0.005859 0.898438 0.005859 0.896484 0.009766 0.892578 0.011719 0.892578 0.013672 0.890625 0.017578 0.890625 0.017578 0.888672 0.023438 0.882812 0.027344 0.882812 0.027344 0.880859 0.029297 0.878906 0.037109 0.878906 0.039062 0.876953 0.039062 0.873047 0.041016 0.871094 0.042969 0.871094 0.042969 0.849609 0.044922 0.847656 0.044922 0.839844 0.042969 0.837891 0.042969 0.835938 0.039062 0.832031 0.037109 0.832031 0.029297 0.824219 0.023438 0.824219
0 0.859375 0.818359 0.857422 0.820312 0.855469 0.820312 0.853516 0.822266 0.851562 0.822266 0.849609 0.824219 0.847656 0.824219 0.847656 0.828125 0.845703 0.830078 0.845703 0.832031 0.847656 0.832031 0.851562 0.835938 0.855469 0.835938 0.857422 0.833984 0.861328 0.833984 0.863281 0.835938 0.865234 0.835938 0.867188 0.833984 0.867188 0.826172 0.865234 0.824219 0.865234 0.822266 0.863281 0.820312 0.863281 0.818359
0 0.074219 0.814453 0.072266 0.816406 0.068359 0.816406 0.068359 0.824219 0.072266 0.828125 0.074219 0.828125 0.078125 0.832031 0.082031 0.832031 0.082031 0.826172 0.080078 0.826172 0.078125 0.824219 0.080078 0.822266 0.082031 0.822266 0.082031 0.814453
0 0.978516 0.796875 0.976562 0.798828 0.970703 0.798828 0.970703 0.800781 0.968750 0.802734 0.968750 0.808594 0.970703 0.810547 0.970703 0.830078 0.968750 0.832031 0.968750 0.847656 0.970703 0.849609 0.970703 0.851562 0.972656 0.853516 0.972656 0.855469 0.974609 0.857422 0.974609 0.859375 0.978516 0.859375 0.980469 0.861328 0.982422 0.861328 0.984375 0.863281 0.990234 0.863281 0.992188 0.865234 0.992188 0.798828 0.988281 0.798828 0.986328 0.796875
0 0.099609 0.787109 0.095703 0.791016 0.095703 0.792969 0.093750 0.794922 0.091797 0.794922 0.091797 0.796875 0.089844 0.798828 0.083984 0.798828 0.083984 0.804688 0.087891 0.808594 0.087891 0.812500 0.089844 0.812500 0.091797 0.814453 0.091797 0.820312 0.093750 0.820312 0.095703 0.822266 0.095703 0.824219 0.097656 0.824219 0.099609 0.826172 0.099609 0.828125 0.105469 0.828125 0.105469 0.822266 0.109375 0.818359 0.109375 0.816406 0.111328 0.814453 0.113281 0.814453 0.113281 0.808594 0.115234 0.806641 0.115234 0.800781 0.117188 0.798828 0.117188 0.792969 0.113281 0.789062 0.109375 0.789062 0.107422 0.787109
0 0.552734 0.783203 0.548828 0.787109 0.541016 0.787109 0.541016 0.789062 0.539062 0.791016 0.537109 0.791016 0.535156 0.792969 0.533203 0.792969 0.531250 0.791016 0.529297 0.791016 0.527344 0.789062 0.525391 0.789062 0.523438 0.791016 0.521484 0.791016 0.519531 0.789062 0.517578 0.791016 0.515625 0.789062 0.515625 0.787109 0.513672 0.789062 0.513672 0.792969 0.509766 0.796875 0.509766 0.798828 0.507812 0.800781 0.507812 0.802734 0.505859 0.804688 0.505859 0.808594 0.503906 0.810547 0.503906 0.816406 0.501953 0.818359 0.501953 0.820312 0.500000 0.822266 0.498047 0.822266 0.498047 0.826172 0.496094 0.828125 0.492188 0.828125 0.490234 0.830078 0.490234 0.832031 0.488281 0.833984 0.486328 0.833984 0.484375 0.835938 0.486328 0.837891 0.482422 0.841797 0.480469 0.841797 0.476562 0.845703 0.474609 0.845703 0.474609 0.857422 0.476562 0.859375 0.476562 0.867188 0.478516 0.869141 0.478516 0.873047 0.476562 0.875000 0.476562 0.878906 0.474609 0.880859 0.474609 0.890625 0.476562 0.890625 0.478516 0.892578 0.478516 0.896484 0.482422 0.900391 0.482422 0.906250 0.486328 0.906250 0.488281 0.908203 0.488281 0.910156 0.490234 0.912109 0.490234 0.914062 0.492188 0.916016 0.494141 0.916016 0.496094 0.914062 0.498047 0.914062 0.498047 0.912109 0.501953 0.908203 0.503906 0.908203 0.505859 0.910156 0.507812 0.910156 0.509766 0.912109 0.509766 0.917969 0.511719 0.919922 0.511719 0.921875 0.513672 0.923828 0.513672 0.927734 0.515625 0.929688 0.517578 0.929688 0.519531 0.931641 0.519531 0.933594 0.525391 0.939453 0.525391 0.941406 0.527344 0.941406 0.529297 0.943359 0.531250 0.941406 0.539062 0.941406 0.541016 0.943359 0.542969 0.943359 0.544922 0.941406 0.546875 0.941406 0.546875 0.939453 0.548828 0.937500 0.570312 0.937500 0.570312 0.935547 0.572266 0.933594 0.574219 0.933594 0.576172 0.931641 0.580078 0.931641 0.582031 0.929688 0.585938 0.929688 0.587891 0.931641 0.591797 0.931641 0.601562 0.921875 0.601562 0.919922 0.603516 0.917969 0.603516 0.912109 0.605469 0.910156 0.623047 0.910156 0.625000 0.908203 0.625000 0.906250 0.626953 0.904297 0.626953 0.900391 0.625000 0.900391 0.621094 0.896484 0.619141 0.896484 0.617188 0.894531 0.617188 0.892578 0.615234 0.892578 0.611328 0.888672 0.613281 0.886719 0.617188 0.886719 0.617188 0.876953 0.619141 0.875000 0.619141 0.873047 0.621094 0.871094 0.621094 0.869141 0.623047 0.867188 0.625000 0.867188 0.625000 0.865234 0.626953 0.863281 0.628906 0.863281 0.630859 0.865234 0.630859 0.869141 0.634766 0.873047 0.634766 0.875000 0.640625 0.875000 0.642578 0.876953 0.642578 0.878906 0.644531 0.880859 0.644531 0.882812 0.646484 0.882812 0.650391 0.886719 0.652344 0.886719 0.654297 0.888672 0.656250 0.888672 0.658203 0.890625 0.660156 0.890625 0.662109 0.892578 0.664062 0.892578 0.667969 0.896484 0.667969 0.898438 0.669922 0.900391 0.669922 0.902344 0.675781 0.902344 0.677734 0.904297 0.677734 0.906250 0.681641 0.910156 0.683594 0.910156 0.685547 0.908203 0.687500 0.908203 0.689453 0.906250 0.691406 0.908203 0.693359 0.908203 0.693359 0.906250 0.697266 0.902344 0.708984 0.902344 0.708984 0.900391 0.701172 0.892578 0.699219 0.894531 0.695312 0.890625 0.693359 0.890625 0.691406 0.888672 0.691406 0.886719 0.689453 0.884766 0.689453 0.880859 0.687500 0.878906 0.685547 0.878906 0.679688 0.873047 0.677734 0.873047 0.675781 0.871094 0.671875 0.871094 0.669922 0.873047 0.667969 0.873047 0.664062 0.876953 0.660156 0.876953 0.656250 0.873047 0.656250 0.871094 0.654297 0.871094 0.652344 0.869141 0.652344 0.861328 0.644531 0.861328 0.642578 0.859375 0.640625 0.859375 0.638672 0.857422 0.638672 0.849609 0.634766 0.845703 0.632812 0.845703 0.630859 0.843750 0.630859 0.841797 0.628906 0.839844 0.628906 0.832031 0.625000 0.828125 0.625000 0.826172 0.626953 0.824219 0.628906 0.824219 0.628906 0.822266 0.626953 0.820312 0.623047 0.820312 0.621094 0.818359 0.615234 0.818359 0.613281 0.816406 0.609375 0.816406 0.607422 0.814453 0.601562 0.814453 0.595703 0.808594 0.595703 0.802734 0.597656 0.800781 0.597656 0.792969 0.595703 0.792969 0.591797 0.796875 0.582031 0.796875 0.580078 0.794922 0.578125 0.794922 0.576172 0.792969 0.572266 0.792969 0.568359 0.796875 0.566406 0.794922 0.564453 0.794922 0.562500 0.792969 0.562500 0.787109 0.560547 0.787109 0.558594 0.785156 0.558594 0.783203
0 0.376953 0.732422 0.375000 0.734375 0.373047 0.734375 0.371094 0.736328 0.365234 0.736328 0.363281 0.734375 0.357422 0.734375 0.357422 0.740234 0.355469 0.742188 0.355469 0.744141 0.353516 0.746094 0.353516 0.755859 0.359375 0.755859 0.361328 0.757812 0.365234 0.757812 0.369141 0.753906 0.373047 0.753906 0.375000 0.751953 0.378906 0.751953 0.382812 0.755859 0.384766 0.755859 0.386719 0.757812 0.388672 0.757812 0.390625 0.755859 0.390625 0.750000 0.388672 0.748047 0.388672 0.734375 0.386719 0.732422
0 0.759766 0.654297 0.757812 0.656250 0.753906 0.656250 0.751953 0.658203 0.732422 0.658203 0.730469 0.660156 0.716797 0.660156 0.714844 0.658203 0.712891 0.658203 0.710938 0.660156 0.708984 0.660156 0.707031 0.658203 0.701172 0.658203 0.701172 0.662109 0.697266 0.666016 0.695312 0.666016 0.689453 0.671875 0.689453 0.673828 0.685547 0.677734 0.681641 0.677734 0.673828 0.685547 0.673828 0.687500 0.671875 0.689453 0.671875 0.691406 0.669922 0.693359 0.666016 0.693359 0.666016 0.695312 0.664062 0.697266 0.662109 0.697266 0.662109 0.707031 0.660156 0.708984 0.654297 0.708984 0.654297 0.718750 0.652344 0.720703 0.644531 0.720703 0.642578 0.718750 0.640625 0.718750 0.638672 0.716797 0.636719 0.716797 0.634766 0.714844 0.630859 0.714844 0.628906 0.716797 0.625000 0.716797 0.623047 0.718750 0.619141 0.718750 0.621094 0.718750 0.626953 0.724609 0.625000 0.726562 0.623047 0.726562 0.623047 0.728516 0.621094 0.730469 0.621094 0.742188 0.619141 0.744141 0.619141 0.748047 0.617188 0.750000 0.615234 0.750000 0.615234 0.753906 0.611328 0.757812 0.611328 0.759766 0.607422 0.763672 0.607422 0.785156 0.609375 0.787109 0.609375 0.789062 0.607422 0.791016 0.607422 0.792969 0.609375 0.792969 0.613281 0.796875 0.617188 0.796875 0.619141 0.798828 0.619141 0.802734 0.621094 0.800781 0.625000 0.804688 0.626953 0.802734 0.628906 0.804688 0.630859 0.802734 0.634766 0.802734 0.636719 0.800781 0.636719 0.798828 0.638672 0.796875 0.644531 0.796875 0.646484 0.798828 0.646484 0.800781 0.648438 0.802734 0.650391 0.802734 0.654297 0.806641 0.662109 0.806641 0.662109 0.802734 0.660156 0.802734 0.658203 0.800781 0.656250 0.800781 0.650391 0.794922 0.648438 0.794922 0.644531 0.791016 0.646484 0.789062 0.646484 0.787109 0.648438 0.785156 0.648438 0.781250 0.652344 0.777344 0.660156 0.777344 0.666016 0.783203 0.666016 0.785156 0.671875 0.785156 0.673828 0.787109 0.673828 0.796875 0.675781 0.798828 0.675781 0.802734 0.685547 0.802734 0.691406 0.796875 0.693359 0.796875 0.697266 0.792969 0.699219 0.792969 0.699219 0.791016 0.697266 0.789062 0.697266 0.787109 0.695312 0.785156 0.697266 0.783203 0.699219 0.783203 0.701172 0.781250 0.703125 0.783203 0.703125 0.785156 0.705078 0.785156 0.710938 0.791016 0.710938 0.796875 0.708984 0.798828 0.708984 0.804688 0.707031 0.806641 0.707031 0.812500 0.708984 0.814453 0.708984 0.816406 0.716797 0.816406 0.718750 0.814453 0.718750 0.810547 0.720703 0.808594 0.720703 0.804688 0.722656 0.802734 0.722656 0.798828 0.728516 0.792969 0.730469 0.792969 0.732422 0.791016 0.732422 0.789062 0.736328 0.785156 0.736328 0.783203 0.738281 0.781250 0.744141 0.787109 0.751953 0.787109 0.753906 0.785156 0.753906 0.779297 0.746094 0.771484 0.746094 0.765625 0.748047 0.763672 0.751953 0.763672 0.753906 0.761719 0.757812 0.761719 0.759766 0.759766 0.761719 0.761719 0.763672 0.759766 0.763672 0.750000 0.761719 0.750000 0.757812 0.746094 0.757812 0.736328 0.755859 0.734375 0.757812 0.732422 0.757812 0.726562 0.759766 0.724609 0.759766 0.722656 0.761719 0.720703 0.763672 0.722656 0.765625 0.722656 0.765625 0.720703 0.767578 0.718750 0.769531 0.718750 0.769531 0.716797 0.771484 0.714844 0.771484 0.712891 0.775391 0.708984 0.773438 0.707031 0.773438 0.705078 0.771484 0.705078 0.769531 0.703125 0.769531 0.701172 0.767578 0.701172 0.765625 0.699219 0.765625 0.695312 0.769531 0.691406 0.769531 0.689453 0.771484 0.687500 0.771484 0.677734 0.773438 0.675781 0.773438 0.669922 0.771484 0.667969 0.771484 0.660156 0.767578 0.656250 0.767578 0.654297
0 0.115234 0.625000 0.115234 0.630859 0.113281 0.632812 0.107422 0.632812 0.105469 0.630859 0.103516 0.630859 0.101562 0.632812 0.101562 0.634766 0.099609 0.636719 0.099609 0.638672 0.097656 0.640625 0.097656 0.644531 0.099609 0.646484 0.099609 0.652344 0.097656 0.654297 0.097656 0.656250 0.101562 0.660156 0.103516 0.658203 0.107422 0.662109 0.105469 0.664062 0.105469 0.666016 0.107422 0.667969 0.107422 0.669922 0.109375 0.669922 0.115234 0.675781 0.117188 0.675781 0.117188 0.673828 0.119141 0.671875 0.121094 0.671875 0.121094 0.669922 0.123047 0.667969 0.123047 0.662109 0.121094 0.662109 0.117188 0.658203 0.117188 0.656250 0.119141 0.654297 0.119141 0.644531 0.123047 0.640625 0.125000 0.640625 0.126953 0.642578 0.128906 0.640625 0.130859 0.640625 0.132812 0.642578 0.134766 0.642578 0.136719 0.644531 0.136719 0.638672 0.134766 0.640625 0.130859 0.636719 0.130859 0.632812 0.128906 0.630859 0.128906 0.628906 0.126953 0.628906 0.125000 0.626953 0.119141 0.626953 0.117188 0.625000
0 0.292969 0.560547 0.292969 0.562500 0.289062 0.566406 0.283203 0.566406 0.281250 0.568359 0.279297 0.568359 0.277344 0.570312 0.277344 0.572266 0.275391 0.574219 0.271484 0.574219 0.269531 0.576172 0.269531 0.589844 0.271484 0.591797 0.271484 0.593750 0.273438 0.595703 0.273438 0.597656 0.277344 0.601562 0.277344 0.603516 0.279297 0.605469 0.273438 0.611328 0.273438 0.613281 0.271484 0.615234 0.267578 0.615234 0.267578 0.621094 0.265625 0.623047 0.265625 0.632812 0.261719 0.636719 0.259766 0.636719 0.257812 0.638672 0.250000 0.638672 0.248047 0.636719 0.232422 0.636719 0.230469 0.634766 0.226562 0.634766 0.224609 0.632812 0.205078 0.632812 0.203125 0.634766 0.201172 0.634766 0.199219 0.636719 0.197266 0.636719 0.195312 0.638672 0.193359 0.638672 0.193359 0.640625 0.187500 0.646484 0.187500 0.650391 0.185547 0.652344 0.185547 0.664062 0.187500 0.666016 0.187500 0.667969 0.189453 0.669922 0.189453 0.671875 0.191406 0.673828 0.191406 0.675781 0.197266 0.681641 0.197266 0.685547 0.199219 0.687500 0.197266 0.689453 0.197266 0.703125 0.199219 0.705078 0.199219 0.707031 0.197266 0.708984 0.197266 0.736328 0.191406 0.742188 0.187500 0.742188 0.189453 0.744141 0.187500 0.746094 0.183594 0.746094 0.181641 0.744141 0.179688 0.744141 0.175781 0.740234 0.162109 0.740234 0.160156 0.742188 0.158203 0.742188 0.156250 0.744141 0.156250 0.746094 0.154297 0.748047 0.152344 0.746094 0.152344 0.744141 0.150391 0.744141 0.150391 0.746094 0.152344 0.748047 0.152344 0.750000 0.154297 0.751953 0.154297 0.755859 0.156250 0.757812 0.154297 0.759766 0.154297 0.763672 0.156250 0.765625 0.156250 0.769531 0.160156 0.773438 0.162109 0.773438 0.167969 0.767578 0.169922 0.769531 0.169922 0.777344 0.171875 0.779297 0.171875 0.781250 0.175781 0.785156 0.175781 0.787109 0.177734 0.789062 0.183594 0.789062 0.185547 0.791016 0.189453 0.791016 0.191406 0.792969 0.193359 0.792969 0.195312 0.794922 0.197266 0.794922 0.205078 0.802734 0.207031 0.802734 0.210938 0.806641 0.212891 0.806641 0.218750 0.812500 0.228516 0.812500 0.230469 0.810547 0.240234 0.810547 0.242188 0.808594 0.244141 0.808594 0.246094 0.806641 0.253906 0.806641 0.255859 0.804688 0.257812 0.804688 0.257812 0.802734 0.259766 0.800781 0.265625 0.800781 0.267578 0.802734 0.275391 0.802734 0.277344 0.804688 0.285156 0.804688 0.287109 0.806641 0.292969 0.806641 0.292969 0.804688 0.294922 0.802734 0.296875 0.802734 0.298828 0.800781 0.304688 0.800781 0.306641 0.798828 0.308594 0.798828 0.312500 0.794922 0.316406 0.794922 0.318359 0.792969 0.318359 0.789062 0.320312 0.787109 0.322266 0.787109 0.322266 0.785156 0.324219 0.783203 0.324219 0.781250 0.326172 0.779297 0.326172 0.777344 0.330078 0.773438 0.330078 0.753906 0.328125 0.751953 0.328125 0.746094 0.326172 0.744141 0.326172 0.740234 0.328125 0.738281 0.330078 0.738281 0.330078 0.736328 0.328125 0.734375 0.330078 0.732422 0.330078 0.728516 0.332031 0.726562 0.333984 0.726562 0.333984 0.718750 0.332031 0.716797 0.332031 0.714844 0.333984 0.712891 0.335938 0.712891 0.337891 0.714844 0.341797 0.714844 0.341797 0.710938 0.343750 0.708984 0.347656 0.708984 0.353516 0.703125 0.355469 0.703125 0.355469 0.699219 0.357422 0.697266 0.357422 0.695312 0.359375 0.693359 0.359375 0.689453 0.361328 0.687500 0.361328 0.685547 0.363281 0.683594 0.363281 0.667969 0.365234 0.666016 0.365234 0.650391 0.367188 0.648438 0.367188 0.638672 0.363281 0.634766 0.363281 0.626953 0.361328 0.626953 0.359375 0.625000 0.361328 0.623047 0.359375 0.623047 0.357422 0.621094 0.357422 0.619141 0.351562 0.613281 0.351562 0.611328 0.349609 0.611328 0.347656 0.609375 0.345703 0.609375 0.343750 0.607422 0.343750 0.605469 0.341797 0.603516 0.339844 0.603516 0.333984 0.597656 0.333984 0.595703 0.332031 0.593750 0.332031 0.591797 0.330078 0.589844 0.330078 0.587891 0.328125 0.585938 0.326172 0.585938 0.322266 0.582031 0.320312 0.582031 0.318359 0.580078 0.314453 0.580078 0.312500 0.578125 0.312500 0.576172 0.304688 0.576172 0.302734 0.574219 0.298828 0.574219 0.296875 0.572266 0.298828 0.570312 0.298828 0.568359 0.300781 0.566406 0.300781 0.560547
0 0.556641 0.490234 0.552734 0.494141 0.548828 0.494141 0.548828 0.500000 0.546875 0.501953 0.542969 0.501953 0.541016 0.503906 0.541016 0.505859 0.539062 0.507812 0.539062 0.509766 0.537109 0.511719 0.537109 0.523438 0.535156 0.525391 0.519531 0.525391 0.517578 0.523438 0.513672 0.523438 0.511719 0.521484 0.511719 0.523438 0.507812 0.527344 0.505859 0.525391 0.503906 0.525391 0.500000 0.529297 0.498047 0.529297 0.496094 0.531250 0.496094 0.533203 0.494141 0.535156 0.494141 0.539062 0.492188 0.541016 0.490234 0.541016 0.490234 0.548828 0.503906 0.562500 0.503906 0.564453 0.505859 0.566406 0.505859 0.572266 0.503906 0.574219 0.503906 0.576172 0.501953 0.578125 0.503906 0.578125 0.505859 0.580078 0.505859 0.589844 0.509766 0.593750 0.509766 0.595703 0.513672 0.595703 0.515625 0.597656 0.517578 0.597656 0.519531 0.599609 0.519531 0.601562 0.521484 0.603516 0.521484 0.605469 0.523438 0.607422 0.523438 0.609375 0.521484 0.611328 0.521484 0.613281 0.523438 0.613281 0.525391 0.615234 0.525391 0.617188 0.523438 0.619141 0.521484 0.619141 0.521484 0.625000 0.515625 0.630859 0.513672 0.630859 0.513672 0.632812 0.511719 0.634766 0.501953 0.634766 0.501953 0.636719 0.500000 0.638672 0.500000 0.640625 0.498047 0.642578 0.498047 0.644531 0.496094 0.646484 0.482422 0.646484 0.480469 0.644531 0.480469 0.638672 0.478516 0.636719 0.478516 0.634766 0.476562 0.632812 0.476562 0.630859 0.474609 0.630859 0.472656 0.628906 0.462891 0.628906 0.460938 0.630859 0.458984 0.630859 0.458984 0.638672 0.464844 0.644531 0.464844 0.652344 0.466797 0.654297 0.466797 0.656250 0.468750 0.656250 0.470703 0.658203 0.472656 0.658203 0.476562 0.662109 0.488281 0.662109 0.490234 0.664062 0.496094 0.664062 0.498047 0.666016 0.498047 0.667969 0.503906 0.667969 0.505859 0.669922 0.505859 0.671875 0.503906 0.673828 0.501953 0.673828 0.501953 0.677734 0.494141 0.685547 0.492188 0.685547 0.492188 0.687500 0.482422 0.697266 0.480469 0.697266 0.480469 0.699219 0.478516 0.701172 0.480469 0.703125 0.478516 0.705078 0.478516 0.707031 0.482422 0.710938 0.490234 0.710938 0.494141 0.714844 0.500000 0.714844 0.500000 0.710938 0.501953 0.708984 0.503906 0.708984 0.503906 0.705078 0.505859 0.703125 0.505859 0.699219 0.519531 0.685547 0.519531 0.683594 0.527344 0.675781 0.531250 0.679688 0.541016 0.679688 0.541016 0.677734 0.542969 0.675781 0.544922 0.677734 0.546875 0.677734 0.548828 0.679688 0.556641 0.679688 0.556641 0.677734 0.558594 0.675781 0.560547 0.675781 0.562500 0.673828 0.566406 0.673828 0.568359 0.675781 0.570312 0.675781 0.572266 0.677734 0.572266 0.679688 0.574219 0.679688 0.578125 0.683594 0.580078 0.683594 0.582031 0.681641 0.585938 0.681641 0.587891 0.679688 0.589844 0.679688 0.589844 0.673828 0.591797 0.671875 0.591797 0.669922 0.589844 0.667969 0.589844 0.666016 0.595703 0.660156 0.597656 0.660156 0.597656 0.652344 0.595703 0.650391 0.591797 0.650391 0.589844 0.648438 0.589844 0.646484 0.583984 0.646484 0.582031 0.644531 0.576172 0.644531 0.570312 0.638672 0.570312 0.623047 0.572266 0.621094 0.574219 0.621094 0.574219 0.615234 0.576172 0.613281 0.576172 0.611328 0.578125 0.609375 0.578125 0.607422 0.580078 0.605469 0.582031 0.605469 0.582031 0.603516 0.580078 0.601562 0.580078 0.599609 0.582031 0.597656 0.582031 0.587891 0.580078 0.585938 0.580078 0.580078 0.572266 0.580078 0.570312 0.578125 0.568359 0.578125 0.566406 0.576172 0.564453 0.576172 0.562500 0.574219 0.562500 0.556641 0.564453 0.554688 0.566406 0.556641 0.570312 0.556641 0.572266 0.558594 0.580078 0.558594 0.582031 0.556641 0.585938 0.556641 0.589844 0.552734 0.589844 0.550781 0.591797 0.548828 0.591797 0.546875 0.593750 0.544922 0.593750 0.541016 0.595703 0.539062 0.601562 0.539062 0.601562 0.537109 0.603516 0.535156 0.605469 0.535156 0.605469 0.529297 0.599609 0.529297 0.597656 0.527344 0.597656 0.517578 0.595703 0.517578 0.593750 0.515625 0.593750 0.513672 0.591797 0.513672 0.589844 0.511719 0.589844 0.509766 0.587891 0.509766 0.585938 0.507812 0.585938 0.505859 0.583984 0.505859 0.582031 0.503906 0.582031 0.501953 0.580078 0.501953 0.578125 0.500000 0.578125 0.498047 0.576172 0.496094 0.576172 0.494141 0.572266 0.494141 0.568359 0.490234
0 0.794922 0.458984 0.792969 0.460938 0.781250 0.460938 0.779297 0.462891 0.777344 0.462891 0.775391 0.464844 0.753906 0.464844 0.751953 0.462891 0.744141 0.462891 0.742188 0.464844 0.736328 0.464844 0.736328 0.478516 0.734375 0.480469 0.730469 0.480469 0.728516 0.482422 0.724609 0.478516 0.722656 0.478516 0.720703 0.476562 0.718750 0.476562 0.714844 0.480469 0.714844 0.486328 0.716797 0.488281 0.716797 0.490234 0.720703 0.494141 0.720703 0.496094 0.722656 0.498047 0.722656 0.500000 0.720703 0.501953 0.718750 0.501953 0.716797 0.503906 0.714844 0.503906 0.714844 0.509766 0.718750 0.513672 0.718750 0.515625 0.720703 0.517578 0.720703 0.519531 0.722656 0.521484 0.722656 0.523438 0.724609 0.525391 0.724609 0.533203 0.722656 0.535156 0.722656 0.537109 0.718750 0.541016 0.718750 0.548828 0.722656 0.548828 0.724609 0.546875 0.726562 0.546875 0.728516 0.544922 0.730469 0.546875 0.738281 0.546875 0.740234 0.544922 0.740234 0.541016 0.742188 0.539062 0.742188 0.535156 0.744141 0.533203 0.744141 0.527344 0.746094 0.525391 0.746094 0.523438 0.750000 0.519531 0.751953 0.519531 0.753906 0.521484 0.753906 0.523438 0.757812 0.527344 0.765625 0.527344 0.767578 0.525391 0.775391 0.525391 0.777344 0.523438 0.779297 0.523438 0.779297 0.517578 0.781250 0.515625 0.792969 0.515625 0.794922 0.513672 0.804688 0.513672 0.806641 0.515625 0.810547 0.515625 0.812500 0.517578 0.818359 0.517578 0.824219 0.511719 0.824219 0.507812 0.826172 0.505859 0.824219 0.503906 0.824219 0.500000 0.826172 0.498047 0.826172 0.484375 0.824219 0.482422 0.822266 0.482422 0.820312 0.480469 0.818359 0.480469 0.816406 0.478516 0.816406 0.476562 0.814453 0.476562 0.810547 0.472656 0.810547 0.468750 0.808594 0.466797 0.808594 0.464844 0.806641 0.462891 0.806641 0.460938 0.798828 0.460938 0.796875 0.458984
0 0.169922 0.435547 0.160156 0.445312 0.150391 0.445312 0.146484 0.449219 0.142578 0.449219 0.140625 0.451172 0.136719 0.451172 0.132812 0.447266 0.130859 0.449219 0.125000 0.449219 0.123047 0.447266 0.119141 0.447266 0.119141 0.449219 0.117188 0.451172 0.115234 0.451172 0.113281 0.453125 0.111328 0.453125 0.109375 0.455078 0.107422 0.455078 0.101562 0.449219 0.099609 0.449219 0.097656 0.447266 0.097656 0.445312 0.093750 0.441406 0.076172 0.441406 0.074219 0.443359 0.070312 0.443359 0.068359 0.445312 0.068359 0.453125 0.070312 0.455078 0.068359 0.457031 0.068359 0.468750 0.070312 0.470703 0.070312 0.472656 0.068359 0.474609 0.068359 0.482422 0.066406 0.484375 0.066406 0.503906 0.068359 0.505859 0.068359 0.511719 0.070312 0.513672 0.070312 0.517578 0.072266 0.519531 0.072266 0.521484 0.074219 0.523438 0.074219 0.525391 0.078125 0.529297 0.078125 0.531250 0.080078 0.533203 0.080078 0.535156 0.082031 0.537109 0.082031 0.539062 0.080078 0.541016 0.080078 0.544922 0.078125 0.546875 0.078125 0.548828 0.076172 0.550781 0.076172 0.552734 0.074219 0.554688 0.074219 0.556641 0.072266 0.558594 0.070312 0.558594 0.072266 0.560547 0.072266 0.562500 0.068359 0.566406 0.068359 0.574219 0.072266 0.574219 0.074219 0.576172 0.074219 0.578125 0.082031 0.585938 0.085938 0.585938 0.087891 0.587891 0.089844 0.587891 0.091797 0.589844 0.111328 0.589844 0.113281 0.587891 0.115234 0.587891 0.117188 0.585938 0.117188 0.583984 0.119141 0.582031 0.125000 0.582031 0.128906 0.585938 0.130859 0.585938 0.132812 0.587891 0.136719 0.583984 0.138672 0.583984 0.140625 0.582031 0.150391 0.582031 0.152344 0.580078 0.158203 0.580078 0.160156 0.578125 0.160156 0.572266 0.162109 0.570312 0.164062 0.570312 0.164062 0.564453 0.166016 0.562500 0.175781 0.562500 0.175781 0.537109 0.177734 0.535156 0.179688 0.535156 0.181641 0.533203 0.185547 0.533203 0.187500 0.535156 0.205078 0.535156 0.207031 0.533203 0.212891 0.533203 0.214844 0.531250 0.216797 0.531250 0.220703 0.527344 0.222656 0.527344 0.222656 0.519531 0.228516 0.513672 0.230469 0.513672 0.230469 0.509766 0.228516 0.509766 0.226562 0.507812 0.226562 0.501953 0.228516 0.500000 0.232422 0.500000 0.234375 0.501953 0.236328 0.501953 0.238281 0.500000 0.240234 0.500000 0.244141 0.503906 0.244141 0.501953 0.246094 0.500000 0.248047 0.500000 0.250000 0.498047 0.251953 0.500000 0.251953 0.498047 0.253906 0.496094 0.253906 0.486328 0.251953 0.486328 0.250000 0.484375 0.248047 0.484375 0.246094 0.482422 0.240234 0.482422 0.238281 0.480469 0.236328 0.480469 0.234375 0.478516 0.234375 0.474609 0.232422 0.474609 0.230469 0.472656 0.228516 0.474609 0.226562 0.472656 0.226562 0.462891 0.222656 0.458984 0.222656 0.457031 0.216797 0.457031 0.212891 0.460938 0.212891 0.464844 0.210938 0.466797 0.210938 0.468750 0.208984 0.470703 0.208984 0.474609 0.207031 0.476562 0.205078 0.476562 0.193359 0.464844 0.191406 0.464844 0.189453 0.462891 0.189453 0.460938 0.193359 0.457031 0.193359 0.449219 0.187500 0.443359 0.187500 0.441406 0.181641 0.435547
0 0.847656 0.316406 0.845703 0.318359 0.839844 0.318359 0.837891 0.320312 0.839844 0.322266 0.835938 0.326172 0.837891 0.328125 0.835938 0.330078 0.833984 0.330078 0.833984 0.332031 0.832031 0.333984 0.832031 0.337891 0.830078 0.339844 0.830078 0.349609 0.828125 0.351562 0.826172 0.351562 0.826172 0.353516 0.824219 0.355469 0.822266 0.353516 0.820312 0.355469 0.822266 0.357422 0.822266 0.363281 0.820312 0.365234 0.820312 0.367188 0.816406 0.371094 0.816406 0.376953 0.814453 0.378906 0.814453 0.380859 0.804688 0.390625 0.804688 0.392578 0.802734 0.394531 0.802734 0.408203 0.800781 0.410156 0.800781 0.412109 0.796875 0.416016 0.796875 0.423828 0.798828 0.425781 0.798828 0.429688 0.802734 0.433594 0.806641 0.433594 0.808594 0.435547 0.816406 0.435547 0.818359 0.433594 0.820312 0.435547 0.824219 0.435547 0.826172 0.437500 0.835938 0.437500 0.837891 0.435547 0.839844 0.437500 0.845703 0.437500 0.847656 0.435547 0.851562 0.435547 0.853516 0.433594 0.867188 0.433594 0.869141 0.431641 0.871094 0.433594 0.871094 0.431641 0.873047 0.429688 0.875000 0.431641 0.875000 0.433594 0.878906 0.433594 0.884766 0.439453 0.884766 0.441406 0.882812 0.443359 0.880859 0.443359 0.880859 0.451172 0.884766 0.455078 0.884766 0.457031 0.880859 0.460938 0.880859 0.474609 0.882812 0.474609 0.886719 0.478516 0.886719 0.480469 0.892578 0.480469 0.894531 0.478516 0.894531 0.470703 0.892578 0.468750 0.892578 0.466797 0.894531 0.464844 0.894531 0.462891 0.898438 0.458984 0.898438 0.457031 0.900391 0.455078 0.900391 0.453125 0.902344 0.451172 0.902344 0.437500 0.904297 0.435547 0.902344 0.435547 0.900391 0.433594 0.900391 0.431641 0.898438 0.429688 0.898438 0.425781 0.896484 0.423828 0.896484 0.419922 0.894531 0.417969 0.894531 0.412109 0.888672 0.406250 0.888672 0.400391 0.886719 0.398438 0.886719 0.396484 0.884766 0.394531 0.884766 0.386719 0.886719 0.384766 0.884766 0.384766 0.882812 0.382812 0.882812 0.380859 0.884766 0.378906 0.886719 0.378906 0.886719 0.353516 0.882812 0.353516 0.880859 0.351562 0.878906 0.351562 0.869141 0.341797 0.867188 0.341797 0.863281 0.337891 0.863281 0.330078 0.861328 0.328125 0.861328 0.326172 0.851562 0.316406
0 0.000000 0.298828 0.000000 0.402344 0.001953 0.404297 0.003906 0.404297 0.005859 0.406250 0.011719 0.406250 0.015625 0.402344 0.015625 0.400391 0.017578 0.398438 0.019531 0.398438 0.021484 0.396484 0.027344 0.396484 0.029297 0.394531 0.031250 0.394531 0.033203 0.392578 0.035156 0.392578 0.037109 0.390625 0.039062 0.390625 0.041016 0.388672 0.042969 0.388672 0.042969 0.382812 0.041016 0.380859 0.041016 0.378906 0.042969 0.376953 0.042969 0.375000 0.044922 0.373047 0.044922 0.371094 0.046875 0.369141 0.048828 0.369141 0.046875 0.367188 0.046875 0.351562 0.041016 0.351562 0.039062 0.353516 0.037109 0.353516 0.031250 0.359375 0.029297 0.359375 0.027344 0.361328 0.021484 0.361328 0.019531 0.363281 0.017578 0.363281 0.015625 0.361328 0.015625 0.359375 0.005859 0.349609 0.007812 0.347656 0.007812 0.345703 0.019531 0.333984 0.019531 0.326172 0.017578 0.324219 0.013672 0.324219 0.011719 0.322266 0.009766 0.322266 0.007812 0.320312 0.007812 0.302734 0.001953 0.302734 0.000000 0.300781
0 0.503906 0.296875 0.503906 0.304688 0.505859 0.306641 0.507812 0.306641 0.513672 0.312500 0.521484 0.312500 0.523438 0.314453 0.525391 0.314453 0.529297 0.318359 0.533203 0.318359 0.533203 0.312500 0.529297 0.308594 0.529297 0.306641 0.527344 0.306641 0.523438 0.302734 0.521484 0.302734 0.519531 0.300781 0.517578 0.300781 0.515625 0.298828 0.511719 0.298828 0.509766 0.296875
0 0.949219 0.287109 0.949219 0.292969 0.951172 0.294922 0.951172 0.296875 0.953125 0.298828 0.953125 0.300781 0.955078 0.300781 0.957031 0.302734 0.958984 0.302734 0.958984 0.296875 0.951172 0.289062 0.951172 0.287109
0 0.992188 0.271484 0.992188 0.273438 0.990234 0.275391 0.990234 0.279297 0.984375 0.285156 0.982422 0.285156 0.982422 0.289062 0.976562 0.294922 0.976562 0.298828 0.972656 0.302734 0.972656 0.304688 0.966797 0.310547 0.966797 0.316406 0.964844 0.318359 0.960938 0.318359 0.953125 0.326172 0.953125 0.339844 0.957031 0.343750 0.957031 0.345703 0.958984 0.347656 0.958984 0.349609 0.955078 0.353516 0.955078 0.355469 0.953125 0.357422 0.953125 0.363281 0.955078 0.365234 0.955078 0.367188 0.957031 0.369141 0.957031 0.371094 0.960938 0.375000 0.960938 0.376953 0.962891 0.378906 0.968750 0.378906 0.968750 0.375000 0.966797 0.373047 0.966797 0.371094 0.964844 0.369141 0.964844 0.367188 0.960938 0.363281 0.960938 0.361328 0.962891 0.359375 0.966797 0.359375 0.970703 0.355469 0.972656 0.355469 0.972656 0.353516 0.974609 0.351562 0.990234 0.351562 0.992188 0.353516
0 0.814453 0.259766 0.802734 0.271484 0.802734 0.273438 0.798828 0.277344 0.796875 0.277344 0.792969 0.281250 0.791016 0.281250 0.789062 0.283203 0.785156 0.283203 0.783203 0.285156 0.783203 0.291016 0.777344 0.296875 0.775391 0.296875 0.771484 0.300781 0.771484 0.304688 0.769531 0.306641 0.767578 0.306641 0.767578 0.312500 0.769531 0.312500 0.771484 0.314453 0.771484 0.316406 0.781250 0.316406 0.783203 0.314453 0.785156 0.314453 0.787109 0.312500 0.789062 0.312500 0.791016 0.314453 0.791016 0.316406 0.804688 0.316406 0.806641 0.314453 0.808594 0.314453 0.818359 0.304688 0.826172 0.304688 0.828125 0.302734 0.828125 0.296875 0.830078 0.294922 0.832031 0.294922 0.833984 0.292969 0.839844 0.292969 0.839844 0.287109 0.837891 0.285156 0.837891 0.283203 0.841797 0.279297 0.841797 0.271484 0.839844 0.269531 0.839844 0.265625 0.837891 0.263672 0.837891 0.261719 0.835938 0.261719 0.833984 0.259766
0 0.962891 0.207031 0.962891 0.212891 0.966797 0.216797 0.966797 0.218750 0.968750 0.220703 0.968750 0.222656 0.970703 0.222656 0.972656 0.224609 0.974609 0.224609 0.976562 0.222656 0.978516 0.222656 0.978516 0.220703 0.980469 0.218750 0.980469 0.216797 0.976562 0.212891 0.976562 0.210938 0.972656 0.210938 0.970703 0.208984 0.966797 0.208984 0.964844 0.207031
0 0.685547 0.193359 0.685547 0.195312 0.679688 0.201172 0.677734 0.201172 0.675781 0.203125 0.671875 0.203125 0.666016 0.208984 0.664062 0.208984 0.662109 0.210938 0.660156 0.210938 0.658203 0.208984 0.648438 0.208984 0.642578 0.214844 0.642578 0.218750 0.640625 0.220703 0.640625 0.222656 0.638672 0.224609 0.638672 0.228516 0.636719 0.230469 0.636719 0.232422 0.634766 0.234375 0.634766 0.236328 0.632812 0.238281 0.632812 0.242188 0.628906 0.246094 0.628906 0.250000 0.619141 0.259766 0.613281 0.259766 0.613281 0.261719 0.611328 0.263672 0.607422 0.263672 0.605469 0.265625 0.605469 0.269531 0.601562 0.273438 0.599609 0.273438 0.597656 0.275391 0.595703 0.275391 0.595703 0.277344 0.593750 0.279297 0.593750 0.281250 0.587891 0.287109 0.583984 0.287109 0.583984 0.292969 0.582031 0.294922 0.576172 0.289062 0.574219 0.291016 0.574219 0.292969 0.572266 0.294922 0.572266 0.296875 0.576172 0.296875 0.580078 0.300781 0.576172 0.304688 0.576172 0.306641 0.574219 0.308594 0.572266 0.306641 0.572266 0.312500 0.574219 0.312500 0.578125 0.316406 0.578125 0.320312 0.580078 0.322266 0.580078 0.328125 0.582031 0.328125 0.583984 0.330078 0.583984 0.332031 0.587891 0.335938 0.587891 0.337891 0.589844 0.339844 0.589844 0.343750 0.591797 0.345703 0.591797 0.357422 0.593750 0.359375 0.595703 0.359375 0.597656 0.361328 0.595703 0.363281 0.595703 0.369141 0.599609 0.373047 0.597656 0.375000 0.597656 0.376953 0.603516 0.382812 0.603516 0.384766 0.605469 0.386719 0.613281 0.386719 0.615234 0.384766 0.617188 0.386719 0.619141 0.384766 0.621094 0.384766 0.623047 0.382812 0.626953 0.382812 0.630859 0.378906 0.632812 0.378906 0.636719 0.375000 0.640625 0.375000 0.640625 0.373047 0.648438 0.365234 0.650391 0.365234 0.660156 0.355469 0.664062 0.355469 0.666016 0.353516 0.669922 0.353516 0.671875 0.351562 0.675781 0.351562 0.677734 0.349609 0.679688 0.349609 0.681641 0.351562 0.683594 0.349609 0.683594 0.345703 0.685547 0.343750 0.685547 0.341797 0.687500 0.339844 0.687500 0.337891 0.689453 0.335938 0.689453 0.328125 0.687500 0.326172 0.687500 0.320312 0.689453 0.318359 0.689453 0.314453 0.693359 0.310547 0.695312 0.310547 0.697266 0.308594 0.699219 0.308594 0.699219 0.306641 0.703125 0.302734 0.703125 0.298828 0.705078 0.296875 0.707031 0.296875 0.707031 0.292969 0.705078 0.291016 0.705078 0.289062 0.703125 0.287109 0.701172 0.287109 0.699219 0.285156 0.699219 0.283203 0.697266 0.283203 0.695312 0.281250 0.695312 0.271484 0.693359 0.271484 0.691406 0.269531 0.691406 0.263672 0.693359 0.261719 0.695312 0.261719 0.697266 0.259766 0.699219 0.259766 0.701172 0.257812 0.703125 0.257812 0.705078 0.259766 0.707031 0.259766 0.708984 0.261719 0.708984 0.269531 0.710938 0.269531 0.712891 0.271484 0.712891 0.277344 0.714844 0.277344 0.716797 0.279297 0.716797 0.281250 0.720703 0.285156 0.728516 0.285156 0.734375 0.279297 0.734375 0.267578 0.730469 0.263672 0.732422 0.261719 0.738281 0.261719 0.740234 0.263672 0.740234 0.265625 0.742188 0.265625 0.744141 0.267578 0.744141 0.269531 0.746094 0.269531 0.748047 0.271484 0.755859 0.271484 0.757812 0.269531 0.761719 0.273438 0.775391 0.273438 0.775391 0.269531 0.779297 0.265625 0.779297 0.242188 0.775391 0.238281 0.775391 0.236328 0.771484 0.232422 0.771484 0.230469 0.767578 0.226562 0.765625 0.226562 0.763672 0.224609 0.763672 0.222656 0.759766 0.218750 0.750000 0.218750 0.748047 0.220703 0.748047 0.222656 0.746094 0.224609 0.744141 0.224609 0.742188 0.226562 0.734375 0.226562 0.732422 0.224609 0.728516 0.224609 0.726562 0.222656 0.724609 0.222656 0.720703 0.218750 0.716797 0.218750 0.714844 0.216797 0.712891 0.216797 0.707031 0.210938 0.707031 0.205078 0.705078 0.203125 0.705078 0.201172 0.703125 0.199219 0.697266 0.199219 0.695312 0.197266 0.693359 0.197266 0.691406 0.195312 0.687500 0.195312
0 0.589844 0.140625 0.583984 0.146484 0.583984 0.148438 0.585938 0.148438 0.587891 0.150391 0.587891 0.152344 0.585938 0.154297 0.583984 0.152344 0.582031 0.154297 0.576172 0.154297 0.574219 0.156250 0.572266 0.154297 0.560547 0.154297 0.560547 0.156250 0.556641 0.160156 0.556641 0.162109 0.554688 0.164062 0.552734 0.162109 0.548828 0.166016 0.548828 0.169922 0.550781 0.171875 0.554688 0.167969 0.560547 0.173828 0.560547 0.199219 0.558594 0.201172 0.556641 0.201172 0.550781 0.207031 0.548828 0.205078 0.548828 0.203125 0.546875 0.201172 0.544922 0.201172 0.544922 0.205078 0.542969 0.207031 0.539062 0.207031 0.537109 0.205078 0.537109 0.203125 0.535156 0.201172 0.533203 0.201172 0.533203 0.203125 0.531250 0.205078 0.529297 0.205078 0.527344 0.207031 0.523438 0.203125 0.523438 0.201172 0.517578 0.201172 0.515625 0.199219 0.515625 0.193359 0.513672 0.193359 0.511719 0.191406 0.511719 0.187500 0.509766 0.185547 0.507812 0.185547 0.505859 0.183594 0.501953 0.183594 0.500000 0.181641 0.494141 0.181641 0.494141 0.183594 0.492188 0.185547 0.490234 0.185547 0.490234 0.187500 0.488281 0.189453 0.474609 0.189453 0.472656 0.187500 0.470703 0.187500 0.468750 0.185547 0.466797 0.185547 0.464844 0.183594 0.464844 0.181641 0.460938 0.181641 0.443359 0.164062 0.439453 0.167969 0.437500 0.166016 0.431641 0.166016 0.429688 0.167969 0.421875 0.167969 0.421875 0.169922 0.417969 0.173828 0.417969 0.175781 0.416016 0.177734 0.416016 0.179688 0.414062 0.181641 0.414062 0.183594 0.412109 0.185547 0.408203 0.185547 0.408203 0.187500 0.406250 0.189453 0.406250 0.193359 0.404297 0.195312 0.404297 0.210938 0.412109 0.218750 0.408203 0.222656 0.406250 0.222656 0.404297 0.224609 0.400391 0.224609 0.400391 0.226562 0.398438 0.228516 0.400391 0.230469 0.396484 0.234375 0.396484 0.236328 0.398438 0.238281 0.396484 0.240234 0.398438 0.242188 0.394531 0.246094 0.394531 0.250000 0.392578 0.251953 0.386719 0.251953 0.382812 0.255859 0.373047 0.255859 0.371094 0.253906 0.369141 0.255859 0.369141 0.257812 0.367188 0.259766 0.367188 0.271484 0.369141 0.273438 0.367188 0.275391 0.371094 0.279297 0.371094 0.283203 0.373047 0.285156 0.373047 0.289062 0.375000 0.291016 0.375000 0.292969 0.376953 0.294922 0.376953 0.296875 0.382812 0.302734 0.382812 0.304688 0.384766 0.304688 0.386719 0.306641 0.390625 0.306641 0.394531 0.310547 0.394531 0.314453 0.396484 0.316406 0.396484 0.318359 0.400391 0.318359 0.404297 0.322266 0.406250 0.322266 0.406250 0.318359 0.408203 0.316406 0.412109 0.316406 0.414062 0.314453 0.417969 0.314453 0.419922 0.316406 0.429688 0.316406 0.431641 0.318359 0.431641 0.320312 0.435547 0.320312 0.437500 0.322266 0.437500 0.324219 0.439453 0.324219 0.441406 0.326172 0.443359 0.326172 0.445312 0.324219 0.447266 0.326172 0.447266 0.328125 0.449219 0.328125 0.449219 0.326172 0.451172 0.324219 0.451172 0.318359 0.453125 0.316406 0.453125 0.310547 0.455078 0.308594 0.458984 0.308594 0.457031 0.306641 0.458984 0.304688 0.460938 0.304688 0.460938 0.302734 0.462891 0.300781 0.464844 0.300781 0.464844 0.298828 0.462891 0.296875 0.462891 0.294922 0.460938 0.292969 0.460938 0.291016 0.462891 0.289062 0.464844 0.289062 0.464844 0.283203 0.466797 0.281250 0.472656 0.281250 0.470703 0.279297 0.472656 0.277344 0.472656 0.275391 0.474609 0.273438 0.476562 0.273438 0.476562 0.271484 0.478516 0.269531 0.484375 0.269531 0.486328 0.267578 0.488281 0.269531 0.488281 0.265625 0.490234 0.263672 0.496094 0.263672 0.498047 0.265625 0.500000 0.265625 0.501953 0.263672 0.505859 0.267578 0.505859 0.269531 0.509766 0.269531 0.511719 0.267578 0.513672 0.267578 0.515625 0.269531 0.517578 0.269531 0.519531 0.267578 0.521484 0.269531 0.523438 0.269531 0.525391 0.271484 0.529297 0.271484 0.531250 0.269531 0.533203 0.271484 0.533203 0.273438 0.535156 0.271484 0.537109 0.273438 0.537109 0.277344 0.539062 0.277344 0.541016 0.275391 0.542969 0.275391 0.544922 0.273438 0.546875 0.273438 0.546875 0.271484 0.548828 0.269531 0.554688 0.269531 0.564453 0.259766 0.566406 0.261719 0.568359 0.261719 0.570312 0.263672 0.570312 0.261719 0.574219 0.257812 0.578125 0.257812 0.580078 0.255859 0.580078 0.253906 0.583984 0.250000 0.585938 0.250000 0.585938 0.248047 0.593750 0.240234 0.595703 0.240234 0.597656 0.238281 0.597656 0.236328 0.599609 0.234375 0.605469 0.234375 0.605469 0.224609 0.607422 0.222656 0.607422 0.220703 0.609375 0.218750 0.611328 0.218750 0.611328 0.216797 0.613281 0.214844 0.615234 0.214844 0.617188 0.212891 0.617188 0.175781 0.619141 0.173828 0.617188 0.171875 0.617188 0.166016 0.615234 0.164062 0.615234 0.162109 0.611328 0.158203 0.611328 0.156250 0.595703 0.140625
0 0.992188 0.103516 0.990234 0.105469 0.990234 0.107422 0.984375 0.113281 0.982422 0.113281 0.982422 0.117188 0.978516 0.121094 0.978516 0.125000 0.976562 0.126953 0.974609 0.126953 0.966797 0.134766 0.966797 0.136719 0.964844 0.138672 0.958984 0.138672 0.955078 0.142578 0.953125 0.142578 0.951172 0.144531 0.947266 0.144531 0.941406 0.150391 0.941406 0.156250 0.943359 0.156250 0.945312 0.158203 0.945312 0.160156 0.943359 0.162109 0.945312 0.162109 0.947266 0.164062 0.947266 0.169922 0.951172 0.173828 0.951172 0.175781 0.953125 0.175781 0.955078 0.177734 0.955078 0.179688 0.957031 0.181641 0.957031 0.183594 0.964844 0.183594 0.966797 0.185547 0.968750 0.185547 0.970703 0.183594 0.972656 0.183594 0.974609 0.185547 0.974609 0.187500 0.976562 0.187500 0.978516 0.189453 0.978516 0.195312 0.980469 0.195312 0.982422 0.197266 0.982422 0.203125 0.984375 0.203125 0.986328 0.205078 0.986328 0.207031 0.992188 0.207031
0 0.699219 0.083984 0.697266 0.085938 0.695312 0.085938 0.693359 0.087891 0.687500 0.087891 0.679688 0.095703 0.677734 0.095703 0.671875 0.101562 0.669922 0.101562 0.667969 0.103516 0.660156 0.103516 0.658203 0.105469 0.656250 0.105469 0.652344 0.109375 0.652344 0.117188 0.648438 0.121094 0.648438 0.123047 0.646484 0.125000 0.644531 0.125000 0.642578 0.123047 0.642578 0.121094 0.640625 0.119141 0.640625 0.115234 0.634766 0.115234 0.632812 0.113281 0.634766 0.111328 0.632812 0.109375 0.632812 0.107422 0.630859 0.107422 0.630859 0.119141 0.623047 0.126953 0.621094 0.126953 0.621094 0.128906 0.619141 0.130859 0.617188 0.130859 0.617188 0.132812 0.615234 0.134766 0.615234 0.138672 0.619141 0.142578 0.619141 0.144531 0.621094 0.144531 0.625000 0.148438 0.625000 0.150391 0.626953 0.152344 0.626953 0.156250 0.628906 0.158203 0.628906 0.166016 0.626953 0.167969 0.628906 0.167969 0.630859 0.169922 0.630859 0.175781 0.640625 0.175781 0.644531 0.171875 0.652344 0.171875 0.654297 0.169922 0.658203 0.169922 0.662109 0.166016 0.664062 0.166016 0.666016 0.164062 0.675781 0.164062 0.675781 0.162109 0.681641 0.156250 0.685547 0.156250 0.685547 0.154297 0.687500 0.152344 0.687500 0.148438 0.689453 0.146484 0.689453 0.142578 0.691406 0.140625 0.691406 0.138672 0.693359 0.136719 0.693359 0.132812 0.697266 0.128906 0.697266 0.123047 0.699219 0.121094 0.699219 0.119141 0.703125 0.115234 0.705078 0.115234 0.705078 0.111328 0.707031 0.109375 0.707031 0.107422 0.705078 0.105469 0.705078 0.103516 0.703125 0.101562 0.707031 0.097656 0.707031 0.095703 0.708984 0.093750 0.708984 0.085938 0.707031 0.083984
0 0.695312 0.052734 0.695312 0.058594 0.699219 0.062500 0.697266 0.064453 0.697266 0.072266 0.699219 0.074219 0.707031 0.074219 0.708984 0.076172 0.708984 0.078125 0.716797 0.078125 0.718750 0.076172 0.720703 0.076172 0.720703 0.070312 0.718750 0.070312 0.716797 0.068359 0.716797 0.066406 0.714844 0.064453 0.708984 0.064453 0.705078 0.060547 0.705078 0.058594 0.699219 0.052734
0 0.835938 0.017578 0.833984 0.019531 0.833984 0.021484 0.830078 0.025391 0.826172 0.025391 0.826172 0.029297 0.828125 0.029297 0.830078 0.031250 0.830078 0.033203 0.832031 0.035156 0.832031 0.037109 0.833984 0.039062 0.833984 0.041016 0.839844 0.041016 0.839844 0.039062 0.843750 0.035156 0.849609 0.035156 0.853516 0.031250 0.853516 0.027344 0.851562 0.025391 0.851562 0.023438 0.849609 0.021484 0.849609 0.019531 0.843750 0.019531 0.841797 0.017578
0 0.828125 0.000000 0.835938 0.000000 0.837891 0.001953 0.837891 0.005859 0.843750 0.005859 0.847656 0.009766 0.847656 0.011719 0.851562 0.015625 0.853516 0.015625 0.861328 0.023438 0.861328 0.027344 0.867188 0.027344 0.869141 0.029297 0.875000 0.029297 0.875000 0.021484 0.876953 0.019531 0.878906 0.019531 0.878906 0.015625 0.882812 0.011719 0.888672 0.011719 0.890625 0.009766 0.894531 0.009766 0.896484 0.007812 0.914062 0.007812 0.919922 0.001953 0.921875 0.001953 0.923828 0.000000 0.927734 0.000000
0 0.765625 0.000000 0.763672 0.001953 0.763672 0.005859 0.767578 0.005859 0.771484 0.009766 0.773438 0.009766 0.775391 0.011719 0.781250 0.011719 0.781250 0.007812 0.785156 0.003906 0.787109 0.005859 0.789062 0.005859 0.791016 0.003906 0.791016 0.001953 0.792969 0.000000 0.802734 0.000000
0 0.408203 0.000000 0.408203 0.003906 0.410156 0.005859 0.410156 0.009766 0.412109 0.011719 0.412109 0.015625 0.410156 0.017578 0.410156 0.023438 0.414062 0.027344 0.421875 0.027344 0.425781 0.031250 0.425781 0.033203 0.427734 0.035156 0.425781 0.037109 0.421875 0.037109 0.419922 0.039062 0.419922 0.044922 0.421875 0.044922 0.431641 0.054688 0.435547 0.054688 0.439453 0.058594 0.441406 0.058594 0.447266 0.064453 0.449219 0.064453 0.453125 0.068359 0.451172 0.070312 0.453125 0.070312 0.458984 0.076172 0.460938 0.076172 0.462891 0.074219 0.464844 0.076172 0.466797 0.076172 0.468750 0.078125 0.470703 0.078125 0.474609 0.082031 0.476562 0.082031 0.480469 0.085938 0.482422 0.085938 0.484375 0.087891 0.486328 0.087891 0.488281 0.089844 0.494141 0.089844 0.496094 0.091797 0.500000 0.091797 0.501953 0.093750 0.503906 0.093750 0.505859 0.095703 0.509766 0.095703 0.509766 0.091797 0.507812 0.089844 0.507812 0.083984 0.509766 0.082031 0.511719 0.082031 0.511719 0.068359 0.515625 0.064453 0.515625 0.060547 0.517578 0.058594 0.519531 0.058594 0.519531 0.056641 0.521484 0.054688 0.523438 0.054688 0.523438 0.052734 0.525391 0.050781 0.527344 0.050781 0.527344 0.048828 0.529297 0.046875 0.531250 0.046875 0.531250 0.044922 0.533203 0.042969 0.537109 0.046875 0.537109 0.050781 0.541016 0.050781 0.542969 0.052734 0.542969 0.056641 0.546875 0.060547 0.548828 0.060547 0.550781 0.062500 0.548828 0.064453 0.548828 0.066406 0.550781 0.066406 0.552734 0.068359 0.552734 0.078125 0.554688 0.080078 0.556641 0.080078 0.558594 0.078125 0.562500 0.078125 0.562500 0.076172 0.564453 0.074219 0.566406 0.074219 0.570312 0.078125 0.578125 0.078125 0.578125 0.076172 0.582031 0.072266 0.582031 0.066406 0.580078 0.064453 0.582031 0.062500 0.582031 0.056641 0.583984 0.054688 0.589844 0.054688 0.595703 0.060547 0.595703 0.080078 0.599609 0.083984 0.597656 0.085938 0.597656 0.087891 0.595703 0.089844 0.595703 0.097656 0.599609 0.101562 0.599609 0.105469 0.609375 0.105469 0.611328 0.103516 0.611328 0.099609 0.613281 0.097656 0.613281 0.095703 0.617188 0.091797 0.617188 0.083984 0.619141 0.082031 0.621094 0.082031 0.621094 0.074219 0.623047 0.072266 0.626953 0.076172 0.626953 0.087891 0.628906 0.087891 0.630859 0.085938 0.632812 0.085938 0.642578 0.076172 0.642578 0.070312 0.644531 0.068359 0.644531 0.064453 0.642578 0.064453 0.640625 0.062500 0.640625 0.056641 0.638672 0.056641 0.636719 0.054688 0.638672 0.052734 0.638672 0.050781 0.640625 0.048828 0.640625 0.044922 0.642578 0.042969 0.642578 0.019531 0.644531 0.017578 0.648438 0.017578 0.650391 0.015625 0.660156 0.015625 0.662109 0.017578 0.664062 0.017578 0.666016 0.015625 0.669922 0.015625 0.669922 0.013672 0.671875 0.011719 0.671875 0.005859 0.673828 0.003906 0.673828 0.000000
0 0.167969 0.000000 0.167969 0.007812 0.169922 0.009766 0.169922 0.013672 0.167969 0.015625 0.169922 0.017578 0.169922 0.025391 0.171875 0.025391 0.173828 0.027344 0.173828 0.029297 0.175781 0.029297 0.177734 0.031250 0.181641 0.031250 0.183594 0.033203 0.189453 0.033203 0.191406 0.035156 0.191406 0.037109 0.189453 0.039062 0.189453 0.048828 0.187500 0.050781 0.187500 0.052734 0.185547 0.054688 0.173828 0.054688 0.171875 0.056641 0.169922 0.056641 0.167969 0.058594 0.166016 0.058594 0.162109 0.062500 0.160156 0.062500 0.154297 0.068359 0.152344 0.068359 0.150391 0.070312 0.150391 0.074219 0.148438 0.076172 0.148438 0.089844 0.150391 0.091797 0.150391 0.093750 0.156250 0.093750 0.162109 0.099609 0.162109 0.119141 0.166016 0.123047 0.166016 0.128906 0.167969 0.130859 0.166016 0.132812 0.162109 0.132812 0.162109 0.142578 0.164062 0.142578 0.166016 0.144531 0.166016 0.146484 0.171875 0.152344 0.173828 0.152344 0.175781 0.154297 0.183594 0.154297 0.185547 0.156250 0.187500 0.156250 0.189453 0.158203 0.189453 0.160156 0.191406 0.160156 0.195312 0.156250 0.195312 0.142578 0.199219 0.138672 0.201172 0.140625 0.203125 0.140625 0.205078 0.142578 0.207031 0.142578 0.208984 0.144531 0.208984 0.146484 0.210938 0.148438 0.210938 0.156250 0.212891 0.158203 0.212891 0.160156 0.214844 0.160156 0.216797 0.162109 0.216797 0.164062 0.218750 0.166016 0.220703 0.166016 0.224609 0.169922 0.234375 0.169922 0.238281 0.166016 0.240234 0.167969 0.242188 0.167969 0.244141 0.169922 0.246094 0.169922 0.253906 0.177734 0.251953 0.179688 0.255859 0.179688 0.257812 0.181641 0.263672 0.181641 0.265625 0.183594 0.267578 0.183594 0.269531 0.185547 0.271484 0.183594 0.273438 0.185547 0.275391 0.183594 0.281250 0.183594 0.283203 0.185547 0.283203 0.187500 0.287109 0.187500 0.289062 0.189453 0.291016 0.189453 0.296875 0.195312 0.296875 0.197266 0.292969 0.201172 0.291016 0.199219 0.291016 0.203125 0.289062 0.205078 0.289062 0.207031 0.287109 0.208984 0.285156 0.208984 0.283203 0.210938 0.283203 0.212891 0.281250 0.214844 0.279297 0.214844 0.279297 0.220703 0.281250 0.222656 0.281250 0.224609 0.283203 0.226562 0.283203 0.230469 0.287109 0.234375 0.289062 0.234375 0.292969 0.238281 0.296875 0.238281 0.298828 0.236328 0.302734 0.240234 0.302734 0.242188 0.306641 0.246094 0.306641 0.248047 0.308594 0.248047 0.310547 0.250000 0.316406 0.250000 0.324219 0.242188 0.324219 0.240234 0.326172 0.238281 0.328125 0.238281 0.330078 0.236328 0.332031 0.236328 0.333984 0.234375 0.333984 0.226562 0.332031 0.224609 0.330078 0.224609 0.328125 0.222656 0.328125 0.220703 0.324219 0.216797 0.324219 0.210938 0.320312 0.207031 0.322266 0.205078 0.324219 0.205078 0.322266 0.203125 0.322266 0.193359 0.326172 0.189453 0.328125 0.189453 0.330078 0.187500 0.330078 0.185547 0.332031 0.183594 0.330078 0.181641 0.330078 0.177734 0.328125 0.175781 0.326172 0.175781 0.324219 0.173828 0.324219 0.169922 0.322266 0.169922 0.320312 0.167969 0.320312 0.166016 0.322266 0.164062 0.324219 0.164062 0.324219 0.162109 0.322266 0.162109 0.318359 0.158203 0.318359 0.154297 0.320312 0.152344 0.322266 0.154297 0.324219 0.154297 0.324219 0.152344 0.322266 0.152344 0.320312 0.150391 0.324219 0.146484 0.322266 0.144531 0.322266 0.142578 0.328125 0.136719 0.328125 0.132812 0.330078 0.130859 0.332031 0.132812 0.332031 0.130859 0.335938 0.126953 0.333984 0.125000 0.333984 0.115234 0.335938 0.113281 0.328125 0.105469 0.328125 0.103516 0.324219 0.099609 0.324219 0.097656 0.322266 0.095703 0.320312 0.095703 0.316406 0.091797 0.310547 0.091797 0.308594 0.089844 0.308594 0.083984 0.306641 0.083984 0.304688 0.082031 0.304688 0.080078 0.302734 0.080078 0.300781 0.078125 0.300781 0.076172 0.298828 0.076172 0.296875 0.074219 0.296875 0.064453 0.298828 0.062500 0.304688 0.062500 0.304688 0.060547 0.306641 0.058594 0.310547 0.058594 0.312500 0.056641 0.312500 0.052734 0.314453 0.050781 0.320312 0.050781 0.320312 0.048828 0.322266 0.046875 0.324219 0.046875 0.324219 0.042969 0.328125 0.039062 0.330078 0.041016 0.330078 0.044922 0.332031 0.042969 0.332031 0.041016 0.333984 0.039062 0.335938 0.039062 0.335938 0.031250 0.337891 0.029297 0.339844 0.029297 0.341797 0.027344 0.343750 0.027344 0.345703 0.025391 0.347656 0.025391 0.349609 0.023438 0.351562 0.023438 0.351562 0.021484 0.349609 0.021484 0.347656 0.019531 0.347656 0.013672 0.345703 0.013672 0.343750 0.011719 0.343750 0.005859 0.345703 0.003906 0.347656 0.003906 0.347656 0.000000
0 0.000000 0.000000 0.000000 0.080078 0.001953 0.082031 0.001953 0.085938 0.013672 0.097656 0.013672 0.101562 0.011719 0.103516 0.011719 0.107422 0.009766 0.109375 0.009766 0.123047 0.013672 0.126953 0.003906 0.136719 0.001953 0.136719 0.000000 0.138672 0.000000 0.277344 0.000000 0.275391 0.001953 0.273438 0.003906 0.273438 0.003906 0.269531 0.005859 0.267578 0.007812 0.269531 0.013672 0.269531 0.017578 0.265625 0.023438 0.265625 0.027344 0.269531 0.027344 0.279297 0.031250 0.279297 0.033203 0.277344 0.037109 0.277344 0.039062 0.279297 0.039062 0.281250 0.041016 0.283203 0.041016 0.285156 0.042969 0.285156 0.044922 0.287109 0.054688 0.287109 0.056641 0.285156 0.058594 0.285156 0.058594 0.283203 0.060547 0.281250 0.064453 0.281250 0.066406 0.279297 0.066406 0.275391 0.068359 0.273438 0.070312 0.273438 0.070312 0.269531 0.066406 0.265625 0.066406 0.263672 0.068359 0.261719 0.076172 0.261719 0.080078 0.257812 0.082031 0.257812 0.085938 0.253906 0.085938 0.251953 0.087891 0.250000 0.093750 0.250000 0.095703 0.248047 0.097656 0.248047 0.103516 0.242188 0.105469 0.242188 0.107422 0.240234 0.113281 0.240234 0.115234 0.242188 0.117188 0.242188 0.119141 0.240234 0.125000 0.240234 0.134766 0.230469 0.134766 0.228516 0.136719 0.226562 0.136719 0.224609 0.138672 0.222656 0.138672 0.216797 0.144531 0.210938 0.148438 0.210938 0.148438 0.208984 0.150391 0.207031 0.152344 0.207031 0.154297 0.205078 0.156250 0.207031 0.160156 0.203125 0.162109 0.203125 0.164062 0.201172 0.169922 0.201172 0.171875 0.203125 0.173828 0.203125 0.175781 0.205078 0.195312 0.205078 0.197266 0.203125 0.210938 0.203125 0.212891 0.201172 0.218750 0.201172 0.222656 0.197266 0.222656 0.189453 0.220703 0.187500 0.212891 0.187500 0.210938 0.185547 0.210938 0.183594 0.208984 0.183594 0.207031 0.181641 0.207031 0.179688 0.205078 0.179688 0.201172 0.175781 0.193359 0.175781 0.191406 0.173828 0.179688 0.173828 0.171875 0.166016 0.169922 0.166016 0.167969 0.164062 0.164062 0.164062 0.160156 0.160156 0.158203 0.160156 0.154297 0.156250 0.154297 0.154297 0.152344 0.154297 0.148438 0.150391 0.148438 0.148438 0.146484 0.146484 0.146484 0.144531 0.144531 0.142578 0.146484 0.140625 0.144531 0.140625 0.140625 0.136719 0.140625 0.130859 0.138672 0.128906 0.138672 0.126953 0.130859 0.119141 0.128906 0.119141 0.126953 0.117188 0.125000 0.117188 0.123047 0.115234 0.121094 0.115234 0.119141 0.113281 0.117188 0.113281 0.113281 0.109375 0.109375 0.109375 0.103516 0.103516 0.101562 0.105469 0.099609 0.105469 0.095703 0.101562 0.093750 0.101562 0.091797 0.099609 0.093750 0.097656 0.107422 0.097656 0.109375 0.095703 0.113281 0.095703 0.113281 0.093750 0.119141 0.087891 0.117188 0.085938 0.117188 0.082031 0.119141 0.080078 0.117188 0.078125 0.117188 0.072266 0.115234 0.072266 0.113281 0.070312 0.113281 0.068359 0.111328 0.068359 0.101562 0.058594 0.101562 0.054688 0.099609 0.052734 0.097656 0.052734 0.091797 0.046875 0.091797 0.042969 0.089844 0.041016 0.089844 0.039062 0.087891 0.039062 0.085938 0.037109 0.083984 0.037109 0.082031 0.035156 0.082031 0.033203 0.080078 0.031250 0.080078 0.027344 0.078125 0.025391 0.078125 0.017578 0.076172 0.015625 0.076172 0.011719 0.072266 0.007812 0.072266 0.003906 0.074219 0.001953 0.076172 0.003906 0.078125 0.001953 0.083984 0.007812 0.089844 0.001953 0.095703 0.001953 0.101562 0.007812 0.099609 0.009766 0.103516 0.009766 0.105469 0.011719 0.113281 0.011719 0.117188 0.007812 0.119141 0.007812 0.119141 0.005859 0.121094 0.003906 0.123047 0.003906 0.123047 0.000000