0 0.302734 0.972656 0.298828 0.976562 0.298828 0.978516 0.296875 0.980469 0.294922 0.980469 0.291016 0.984375 0.289062 0.984375 0.287109 0.986328 0.285156 0.986328 0.283203 0.988281 0.279297 0.988281 0.279297 0.992188 0.339844 0.992188 0.337891 0.992188 0.335938 0.990234 0.333984 0.990234 0.332031 0.988281 0.332031 0.986328 0.330078 0.986328 0.328125 0.984375 0.326172 0.984375 0.324219 0.982422 0.322266 0.982422 0.314453 0.974609 0.314453 0.972656
0 0.917969 0.964844 0.908203 0.974609 0.908203 0.976562 0.902344 0.982422 0.902344 0.992188 0.947266 0.992188 0.945312 0.990234 0.945312 0.986328 0.947266 0.984375 0.947266 0.982422 0.951172 0.978516 0.951172 0.974609 0.949219 0.972656 0.947266 0.972656 0.945312 0.970703 0.939453 0.970703 0.937500 0.972656 0.933594 0.972656 0.931641 0.970703 0.927734 0.970703 0.927734 0.972656 0.925781 0.974609 0.921875 0.974609 0.919922 0.972656 0.919922 0.970703 0.917969 0.968750
0 0.757812 0.953125 0.755859 0.955078 0.755859 0.957031 0.753906 0.958984 0.753906 0.966797 0.757812 0.970703 0.763672 0.970703 0.765625 0.968750 0.765625 0.964844 0.763672 0.962891 0.761719 0.962891 0.759766 0.960938 0.759766 0.953125
0 0.734375 0.941406 0.734375 0.949219 0.736328 0.949219 0.740234 0.945312 0.744141 0.945312 0.744141 0.943359 0.742188 0.941406
0 0.875000 0.931641 0.875000 0.933594 0.873047 0.935547 0.873047 0.941406 0.878906 0.941406 0.878906 0.933594 0.876953 0.931641
0 0.357422 0.912109 0.357422 0.914062 0.355469 0.916016 0.351562 0.916016 0.349609 0.917969 0.337891 0.917969 0.337891 0.927734 0.339844 0.927734 0.341797 0.929688 0.341797 0.931641 0.345703 0.935547 0.345703 0.939453 0.347656 0.941406 0.347656 0.947266 0.349609 0.949219 0.349609 0.964844 0.351562 0.966797 0.351562 0.968750 0.345703 0.974609 0.345703 0.976562 0.343750 0.978516 0.343750 0.982422 0.349609 0.982422 0.351562 0.984375 0.353516 0.984375 0.357422 0.988281 0.361328 0.988281 0.363281 0.986328 0.367188 0.986328 0.369141 0.988281 0.369141 0.992188 0.433594 0.992188 0.433594 0.988281 0.431641 0.988281 0.429688 0.986328 0.429688 0.980469 0.431641 0.978516 0.431641 0.976562 0.433594 0.974609 0.437500 0.974609 0.437500 0.972656 0.439453 0.970703 0.449219 0.970703 0.449219 0.968750 0.451172 0.966797 0.451172 0.960938 0.449219 0.958984 0.441406 0.958984 0.439453 0.960938 0.435547 0.960938 0.433594 0.962891 0.429688 0.962891 0.427734 0.964844 0.423828 0.964844 0.419922 0.968750 0.417969 0.968750 0.417969 0.970703 0.416016 0.972656 0.392578 0.972656 0.390625 0.970703 0.388672 0.972656 0.386719 0.970703 0.384766 0.970703 0.382812 0.968750 0.380859 0.968750 0.378906 0.966797 0.376953 0.966797 0.375000 0.964844 0.375000 0.962891 0.367188 0.955078 0.367188 0.953125 0.363281 0.949219 0.363281 0.947266 0.361328 0.945312 0.361328 0.939453 0.359375 0.937500 0.359375 0.935547 0.357422 0.935547 0.355469 0.933594 0.355469 0.931641 0.353516 0.929688 0.353516 0.925781 0.357422 0.921875 0.359375 0.923828 0.359375 0.925781 0.363281 0.925781 0.365234 0.923828 0.367188 0.923828 0.369141 0.921875 0.369141 0.914062 0.363281 0.914062 0.361328 0.912109
0 0.837891 0.910156 0.835938 0.912109 0.832031 0.912109 0.828125 0.916016 0.828125 0.923828 0.833984 0.929688 0.835938 0.929688 0.837891 0.931641 0.837891 0.939453 0.841797 0.939453 0.843750 0.937500 0.845703 0.937500 0.847656 0.939453 0.847656 0.943359 0.849609 0.945312 0.851562 0.945312 0.853516 0.943359 0.857422 0.943359 0.859375 0.941406 0.867188 0.941406 0.867188 0.939453 0.865234 0.937500 0.857422 0.937500 0.855469 0.935547 0.851562 0.935547 0.849609 0.933594 0.849609 0.927734 0.847656 0.925781 0.847656 0.919922 0.845703 0.917969 0.845703 0.914062 0.843750 0.912109 0.841797 0.912109 0.839844 0.910156
0 0.751953 0.892578 0.750000 0.894531 0.750000 0.896484 0.748047 0.898438 0.748047 0.904297 0.751953 0.908203 0.753906 0.908203 0.755859 0.910156 0.757812 0.910156 0.757812 0.906250 0.761719 0.902344 0.761719 0.898438 0.757812 0.894531 0.757812 0.892578
0 0.781250 0.890625 0.777344 0.894531 0.773438 0.894531 0.771484 0.896484 0.771484 0.902344 0.775391 0.902344 0.781250 0.896484 0.783203 0.896484 0.783203 0.892578 0.785156 0.890625
0 0.427734 0.839844 0.427734 0.843750 0.425781 0.845703 0.425781 0.851562 0.423828 0.853516 0.423828 0.861328 0.429688 0.861328 0.429688 0.859375 0.433594 0.855469 0.433594 0.853516 0.435547 0.851562 0.435547 0.843750 0.433594 0.841797 0.433594 0.839844
0 0.839844 0.828125 0.839844 0.830078 0.837891 0.832031 0.837891 0.839844 0.841797 0.843750 0.841797 0.849609 0.839844 0.851562 0.839844 0.855469 0.841797 0.857422 0.841797 0.859375 0.843750 0.861328 0.845703 0.861328 0.845703 0.859375 0.847656 0.857422 0.847656 0.853516 0.849609 0.851562 0.849609 0.849609 0.851562 0.847656 0.851562 0.835938 0.843750 0.828125
0 0.638672 0.779297 0.632812 0.785156 0.630859 0.785156 0.630859 0.789062 0.632812 0.789062 0.636719 0.792969 0.636719 0.798828 0.638672 0.800781 0.638672 0.802734 0.640625 0.800781 0.642578 0.800781 0.644531 0.802734 0.648438 0.802734 0.650391 0.804688 0.656250 0.804688 0.656250 0.789062 0.654297 0.789062 0.650391 0.785156 0.644531 0.785156 0.642578 0.783203 0.642578 0.781250 0.644531 0.779297
0 0.841797 0.697266 0.837891 0.701172 0.837891 0.705078 0.835938 0.707031 0.835938 0.712891 0.841797 0.718750 0.841797 0.722656 0.843750 0.724609 0.847656 0.724609 0.849609 0.722656 0.849609 0.701172 0.847656 0.699219 0.847656 0.697266
0 0.478516 0.681641 0.476562 0.683594 0.474609 0.683594 0.474609 0.685547 0.470703 0.689453 0.468750 0.689453 0.466797 0.691406 0.464844 0.691406 0.455078 0.701172 0.451172 0.701172 0.441406 0.710938 0.441406 0.712891 0.439453 0.714844 0.435547 0.714844 0.435547 0.716797 0.433594 0.718750 0.431641 0.718750 0.431641 0.720703 0.429688 0.722656 0.427734 0.722656 0.427734 0.726562 0.425781 0.728516 0.425781 0.736328 0.423828 0.738281 0.414062 0.738281 0.414062 0.742188 0.412109 0.744141 0.412109 0.750000 0.414062 0.751953 0.414062 0.755859 0.412109 0.757812 0.412109 0.763672 0.416016 0.767578 0.419922 0.767578 0.421875 0.769531 0.421875 0.779297 0.425781 0.783203 0.425781 0.785156 0.427734 0.787109 0.433594 0.787109 0.435547 0.789062 0.435547 0.791016 0.433594 0.792969 0.433594 0.794922 0.431641 0.796875 0.431641 0.804688 0.441406 0.804688 0.443359 0.806641 0.447266 0.806641 0.455078 0.814453 0.457031 0.814453 0.460938 0.818359 0.460938 0.820312 0.462891 0.822266 0.462891 0.837891 0.455078 0.845703 0.455078 0.849609 0.453125 0.851562 0.453125 0.857422 0.455078 0.859375 0.451172 0.863281 0.439453 0.863281 0.437500 0.865234 0.437500 0.878906 0.439453 0.880859 0.441406 0.880859 0.445312 0.884766 0.445312 0.886719 0.447266 0.888672 0.449219 0.888672 0.451172 0.886719 0.457031 0.886719 0.458984 0.884766 0.462891 0.884766 0.462891 0.882812 0.464844 0.880859 0.466797 0.880859 0.466797 0.878906 0.468750 0.876953 0.468750 0.873047 0.472656 0.869141 0.472656 0.867188 0.474609 0.865234 0.476562 0.865234 0.480469 0.869141 0.480469 0.871094 0.482422 0.873047 0.496094 0.873047 0.498047 0.875000 0.500000 0.875000 0.501953 0.876953 0.501953 0.880859 0.500000 0.882812 0.498047 0.882812 0.496094 0.884766 0.492188 0.884766 0.492188 0.886719 0.486328 0.892578 0.484375 0.892578 0.484375 0.894531 0.482422 0.896484 0.480469 0.896484 0.476562 0.900391 0.470703 0.900391 0.468750 0.898438 0.468750 0.896484 0.466797 0.896484 0.464844 0.898438 0.457031 0.898438 0.455078 0.900391 0.455078 0.902344 0.453125 0.904297 0.455078 0.906250 0.457031 0.906250 0.458984 0.908203 0.458984 0.910156 0.460938 0.910156 0.462891 0.912109 0.468750 0.912109 0.472656 0.916016 0.474609 0.916016 0.478516 0.919922 0.478516 0.925781 0.476562 0.927734 0.474609 0.927734 0.474609 0.933594 0.476562 0.933594 0.478516 0.935547 0.478516 0.937500 0.486328 0.945312 0.486328 0.947266 0.488281 0.949219 0.488281 0.955078 0.486328 0.957031 0.484375 0.957031 0.480469 0.960938 0.478516 0.960938 0.472656 0.966797 0.470703 0.966797 0.470703 0.978516 0.474609 0.982422 0.474609 0.986328 0.476562 0.988281 0.476562 0.990234 0.478516 0.990234 0.480469 0.992188 0.562500 0.992188 0.562500 0.986328 0.560547 0.984375 0.556641 0.984375 0.552734 0.980469 0.552734 0.978516 0.550781 0.976562 0.550781 0.964844 0.552734 0.962891 0.552734 0.955078 0.550781 0.953125 0.550781 0.951172 0.548828 0.949219 0.544922 0.949219 0.542969 0.947266 0.542969 0.943359 0.544922 0.941406 0.546875 0.941406 0.550781 0.937500 0.554688 0.937500 0.556641 0.939453 0.556641 0.941406 0.558594 0.941406 0.558594 0.937500 0.556641 0.935547 0.556641 0.931641 0.558594 0.929688 0.566406 0.929688 0.568359 0.927734 0.568359 0.925781 0.570312 0.923828 0.572266 0.923828 0.576172 0.919922 0.578125 0.919922 0.582031 0.916016 0.585938 0.916016 0.587891 0.914062 0.589844 0.914062 0.591797 0.912109 0.599609 0.912109 0.601562 0.914062 0.607422 0.914062 0.609375 0.912109 0.609375 0.910156 0.611328 0.908203 0.611328 0.902344 0.605469 0.902344 0.599609 0.896484 0.599609 0.894531 0.597656 0.892578 0.593750 0.892578 0.589844 0.888672 0.583984 0.888672 0.583984 0.894531 0.580078 0.898438 0.580078 0.900391 0.578125 0.902344 0.570312 0.902344 0.566406 0.898438 0.566406 0.896484 0.564453 0.894531 0.564453 0.888672 0.562500 0.886719 0.562500 0.884766 0.560547 0.882812 0.546875 0.882812 0.542969 0.878906 0.542969 0.876953 0.541016 0.876953 0.539062 0.875000 0.539062 0.869141 0.541016 0.867188 0.541016 0.865234 0.546875 0.859375 0.548828 0.859375 0.552734 0.855469 0.554688 0.855469 0.556641 0.857422 0.556641 0.863281 0.558594 0.861328 0.560547 0.861328 0.562500 0.859375 0.568359 0.859375 0.570312 0.857422 0.572266 0.857422 0.576172 0.853516 0.578125 0.853516 0.578125 0.843750 0.580078 0.841797 0.580078 0.839844 0.589844 0.830078 0.589844 0.828125 0.593750 0.824219 0.593750 0.820312 0.595703 0.818359 0.597656 0.820312 0.601562 0.820312 0.603516 0.818359 0.605469 0.818359 0.605469 0.810547 0.607422 0.808594 0.609375 0.808594 0.609375 0.806641 0.607422 0.804688 0.607422 0.800781 0.609375 0.798828 0.609375 0.789062 0.611328 0.787109 0.611328 0.783203 0.613281 0.781250 0.613281 0.779297 0.615234 0.777344 0.613281 0.775391 0.617188 0.771484 0.617188 0.765625 0.619141 0.763672 0.619141 0.761719 0.621094 0.759766 0.621094 0.757812 0.625000 0.753906 0.621094 0.750000 0.621094 0.746094 0.619141 0.744141 0.619141 0.742188 0.621094 0.740234 0.615234 0.740234 0.609375 0.734375 0.607422 0.736328 0.605469 0.736328 0.603516 0.738281 0.601562 0.738281 0.599609 0.740234 0.595703 0.740234 0.595703 0.742188 0.593750 0.744141 0.585938 0.744141 0.583984 0.742188 0.583984 0.740234 0.580078 0.736328 0.578125 0.736328 0.574219 0.732422 0.556641 0.732422 0.554688 0.730469 0.552734 0.730469 0.548828 0.726562 0.548828 0.718750 0.550781 0.716797 0.550781 0.714844 0.552734 0.712891 0.554688 0.712891 0.556641 0.710938 0.558594 0.710938 0.558594 0.708984 0.552734 0.703125 0.550781 0.705078 0.544922 0.705078 0.542969 0.703125 0.541016 0.703125 0.541016 0.712891 0.537109 0.716797 0.521484 0.716797 0.519531 0.714844 0.519531 0.708984 0.521484 0.707031 0.521484 0.703125 0.523438 0.701172 0.523438 0.695312 0.519531 0.695312 0.517578 0.697266 0.517578 0.699219 0.509766 0.707031 0.507812 0.707031 0.507812 0.708984 0.505859 0.710938 0.500000 0.710938 0.498047 0.712891 0.496094 0.712891 0.494141 0.714844 0.492188 0.712891 0.490234 0.712891 0.488281 0.710938 0.488281 0.708984 0.486328 0.707031 0.494141 0.699219 0.496094 0.699219 0.496094 0.695312 0.490234 0.695312 0.488281 0.693359 0.490234 0.691406 0.490234 0.689453 0.486328 0.685547 0.484375 0.687500 0.482422 0.685547 0.482422 0.683594 0.480469 0.683594
0 0.804688 0.636719 0.804688 0.642578 0.808594 0.646484 0.808594 0.654297 0.806641 0.656250 0.806641 0.658203 0.804688 0.660156 0.804688 0.666016 0.800781 0.669922 0.798828 0.669922 0.798828 0.673828 0.796875 0.675781 0.794922 0.673828 0.794922 0.669922 0.792969 0.669922 0.792969 0.671875 0.791016 0.673828 0.787109 0.669922 0.785156 0.669922 0.783203 0.671875 0.781250 0.671875 0.779297 0.669922 0.773438 0.675781 0.771484 0.675781 0.771484 0.685547 0.767578 0.689453 0.767578 0.695312 0.765625 0.697266 0.763672 0.697266 0.763672 0.701172 0.761719 0.703125 0.757812 0.699219 0.757812 0.695312 0.759766 0.693359 0.759766 0.691406 0.753906 0.685547 0.750000 0.685547 0.748047 0.687500 0.742188 0.687500 0.740234 0.689453 0.738281 0.687500 0.738281 0.689453 0.736328 0.691406 0.736328 0.693359 0.734375 0.695312 0.734375 0.699219 0.732422 0.701172 0.732422 0.707031 0.734375 0.708984 0.734375 0.716797 0.738281 0.716797 0.740234 0.714844 0.742188 0.716797 0.744141 0.714844 0.751953 0.722656 0.759766 0.722656 0.761719 0.720703 0.765625 0.720703 0.767578 0.722656 0.767578 0.724609 0.769531 0.726562 0.771484 0.724609 0.785156 0.724609 0.785156 0.716797 0.787109 0.714844 0.794922 0.714844 0.796875 0.716797 0.796875 0.732422 0.798828 0.734375 0.800781 0.734375 0.802734 0.732422 0.804688 0.732422 0.804688 0.730469 0.806641 0.728516 0.806641 0.724609 0.808594 0.722656 0.808594 0.716797 0.804688 0.712891 0.804688 0.710938 0.806641 0.708984 0.812500 0.708984 0.814453 0.707031 0.818359 0.710938 0.818359 0.712891 0.822266 0.712891 0.824219 0.710938 0.826172 0.710938 0.826172 0.703125 0.824219 0.701172 0.824219 0.699219 0.822266 0.697266 0.822266 0.695312 0.820312 0.695312 0.818359 0.693359 0.818359 0.689453 0.826172 0.681641 0.826172 0.677734 0.828125 0.675781 0.830078 0.675781 0.832031 0.677734 0.832031 0.685547 0.837891 0.685547 0.841797 0.681641 0.845703 0.681641 0.845703 0.679688 0.847656 0.677734 0.851562 0.677734 0.851562 0.675781 0.853516 0.673828 0.855469 0.673828 0.857422 0.671875 0.859375 0.671875 0.861328 0.669922 0.863281 0.669922 0.865234 0.667969 0.869141 0.667969 0.869141 0.666016 0.871094 0.664062 0.871094 0.660156 0.867188 0.656250 0.865234 0.656250 0.865234 0.658203 0.861328 0.662109 0.859375 0.660156 0.859375 0.656250 0.857422 0.656250 0.853516 0.652344 0.853516 0.646484 0.843750 0.646484 0.835938 0.654297 0.835938 0.658203 0.833984 0.660156 0.833984 0.666016 0.832031 0.667969 0.824219 0.667969 0.822266 0.666016 0.820312 0.667969 0.818359 0.667969 0.816406 0.666016 0.816406 0.662109 0.814453 0.660156 0.814453 0.658203 0.818359 0.654297 0.818359 0.646484 0.808594 0.636719
0 0.960938 0.607422 0.958984 0.609375 0.957031 0.609375 0.955078 0.611328 0.953125 0.611328 0.953125 0.617188 0.957031 0.617188 0.960938 0.621094 0.960938 0.623047 0.964844 0.623047 0.964844 0.615234 0.966797 0.613281 0.966797 0.607422
0 0.695312 0.591797 0.695312 0.597656 0.697266 0.599609 0.699219 0.599609 0.701172 0.601562 0.707031 0.601562 0.707031 0.595703 0.705078 0.593750 0.703125 0.593750 0.701172 0.591797
0 0.232422 0.562500 0.232422 0.566406 0.228516 0.570312 0.226562 0.570312 0.226562 0.572266 0.224609 0.574219 0.224609 0.578125 0.226562 0.580078 0.234375 0.580078 0.236328 0.578125 0.238281 0.580078 0.240234 0.580078 0.242188 0.582031 0.248047 0.582031 0.250000 0.580078 0.250000 0.574219 0.246094 0.570312 0.244141 0.570312 0.236328 0.562500
0 0.419922 0.517578 0.419922 0.525391 0.421875 0.527344 0.425781 0.527344 0.427734 0.529297 0.435547 0.529297 0.435547 0.525391 0.433594 0.525391 0.431641 0.523438 0.431641 0.519531 0.429688 0.519531 0.427734 0.517578
0 0.445312 0.513672 0.443359 0.515625 0.443359 0.517578 0.441406 0.519531 0.441406 0.525391 0.445312 0.525391 0.449219 0.521484 0.451172 0.521484 0.451172 0.513672
0 0.837891 0.490234 0.835938 0.492188 0.833984 0.492188 0.833984 0.498047 0.839844 0.498047 0.843750 0.494141 0.843750 0.492188 0.841797 0.490234
0 0.269531 0.433594 0.267578 0.435547 0.265625 0.435547 0.263672 0.437500 0.263672 0.443359 0.267578 0.447266 0.267578 0.460938 0.261719 0.466797 0.259766 0.466797 0.257812 0.468750 0.251953 0.468750 0.251953 0.470703 0.250000 0.472656 0.250000 0.474609 0.246094 0.478516 0.246094 0.484375 0.244141 0.486328 0.248047 0.490234 0.250000 0.490234 0.251953 0.488281 0.253906 0.490234 0.257812 0.490234 0.263672 0.496094 0.265625 0.496094 0.275391 0.505859 0.275391 0.507812 0.277344 0.507812 0.279297 0.505859 0.283203 0.505859 0.285156 0.503906 0.287109 0.503906 0.287109 0.501953 0.289062 0.500000 0.291016 0.500000 0.292969 0.498047 0.292969 0.496094 0.294922 0.494141 0.294922 0.492188 0.296875 0.490234 0.296875 0.488281 0.298828 0.486328 0.298828 0.482422 0.302734 0.478516 0.302734 0.476562 0.306641 0.472656 0.308594 0.472656 0.308594 0.466797 0.306641 0.466797 0.304688 0.464844 0.300781 0.464844 0.298828 0.466797 0.296875 0.464844 0.294922 0.464844 0.292969 0.462891 0.291016 0.462891 0.289062 0.460938 0.289062 0.458984 0.283203 0.453125 0.283203 0.451172 0.287109 0.447266 0.289062 0.447266 0.291016 0.445312 0.291016 0.441406 0.289062 0.439453 0.283203 0.439453 0.281250 0.441406 0.273438 0.433594
0 0.533203 0.427734 0.531250 0.429688 0.527344 0.429688 0.525391 0.431641 0.525391 0.439453 0.521484 0.443359 0.521484 0.447266 0.519531 0.449219 0.519531 0.451172 0.513672 0.457031 0.509766 0.457031 0.509766 0.458984 0.507812 0.460938 0.498047 0.460938 0.496094 0.458984 0.496094 0.453125 0.498047 0.451172 0.500000 0.451172 0.501953 0.449219 0.503906 0.449219 0.505859 0.447266 0.503906 0.447266 0.501953 0.445312 0.501953 0.443359 0.498047 0.439453 0.488281 0.439453 0.486328 0.441406 0.484375 0.441406 0.484375 0.443359 0.482422 0.445312 0.480469 0.445312 0.478516 0.447266 0.476562 0.447266 0.472656 0.451172 0.472656 0.453125 0.470703 0.455078 0.470703 0.457031 0.468750 0.458984 0.468750 0.460938 0.466797 0.462891 0.464844 0.462891 0.460938 0.466797 0.460938 0.468750 0.458984 0.470703 0.458984 0.474609 0.445312 0.488281 0.445312 0.490234 0.443359 0.492188 0.443359 0.500000 0.445312 0.501953 0.449219 0.501953 0.451172 0.503906 0.453125 0.503906 0.457031 0.507812 0.460938 0.507812 0.462891 0.509766 0.462891 0.517578 0.458984 0.521484 0.457031 0.521484 0.457031 0.523438 0.460938 0.523438 0.462891 0.525391 0.460938 0.527344 0.458984 0.527344 0.458984 0.533203 0.457031 0.535156 0.455078 0.533203 0.455078 0.541016 0.453125 0.542969 0.449219 0.542969 0.443359 0.537109 0.429688 0.537109 0.427734 0.539062 0.427734 0.541016 0.425781 0.542969 0.425781 0.544922 0.423828 0.546875 0.423828 0.552734 0.421875 0.554688 0.421875 0.558594 0.423828 0.560547 0.423828 0.564453 0.425781 0.564453 0.431641 0.570312 0.429688 0.572266 0.429688 0.585938 0.427734 0.587891 0.427734 0.591797 0.425781 0.593750 0.423828 0.593750 0.423828 0.595703 0.421875 0.597656 0.419922 0.597656 0.419922 0.613281 0.417969 0.615234 0.417969 0.617188 0.416016 0.619141 0.416016 0.625000 0.419922 0.628906 0.419922 0.630859 0.425781 0.630859 0.427734 0.632812 0.435547 0.632812 0.437500 0.634766 0.441406 0.634766 0.443359 0.636719 0.443359 0.638672 0.445312 0.638672 0.447266 0.640625 0.447266 0.642578 0.449219 0.642578 0.453125 0.646484 0.457031 0.646484 0.460938 0.642578 0.468750 0.642578 0.474609 0.648438 0.474609 0.656250 0.482422 0.656250 0.484375 0.654297 0.484375 0.652344 0.482422 0.650391 0.480469 0.652344 0.478516 0.650391 0.478516 0.648438 0.480469 0.646484 0.480469 0.640625 0.482422 0.638672 0.484375 0.638672 0.490234 0.644531 0.492188 0.644531 0.494141 0.646484 0.498047 0.646484 0.500000 0.648438 0.501953 0.646484 0.501953 0.644531 0.503906 0.642578 0.503906 0.640625 0.505859 0.638672 0.507812 0.638672 0.511719 0.634766 0.511719 0.626953 0.513672 0.625000 0.517578 0.625000 0.521484 0.628906 0.519531 0.630859 0.519531 0.632812 0.523438 0.636719 0.523438 0.638672 0.525391 0.638672 0.531250 0.644531 0.531250 0.646484 0.533203 0.648438 0.533203 0.662109 0.537109 0.666016 0.537109 0.667969 0.550781 0.681641 0.562500 0.681641 0.568359 0.687500 0.568359 0.689453 0.570312 0.691406 0.570312 0.693359 0.572266 0.691406 0.574219 0.691406 0.576172 0.693359 0.578125 0.693359 0.578125 0.689453 0.580078 0.687500 0.582031 0.687500 0.582031 0.685547 0.583984 0.683594 0.585938 0.683594 0.587891 0.681641 0.589844 0.681641 0.591797 0.679688 0.597656 0.679688 0.599609 0.681641 0.599609 0.687500 0.597656 0.689453 0.601562 0.689453 0.603516 0.691406 0.607422 0.691406 0.607422 0.675781 0.609375 0.673828 0.611328 0.673828 0.617188 0.679688 0.617188 0.681641 0.619141 0.683594 0.621094 0.683594 0.623047 0.685547 0.628906 0.685547 0.628906 0.683594 0.630859 0.681641 0.630859 0.679688 0.632812 0.677734 0.636719 0.677734 0.638672 0.675781 0.642578 0.675781 0.642578 0.671875 0.644531 0.669922 0.644531 0.667969 0.642578 0.666016 0.646484 0.662109 0.646484 0.660156 0.648438 0.658203 0.650391 0.660156 0.656250 0.654297 0.656250 0.648438 0.658203 0.646484 0.658203 0.644531 0.660156 0.642578 0.666016 0.642578 0.667969 0.644531 0.667969 0.654297 0.673828 0.660156 0.679688 0.654297 0.685547 0.654297 0.685547 0.652344 0.689453 0.648438 0.689453 0.640625 0.691406 0.638672 0.691406 0.632812 0.689453 0.630859 0.689453 0.628906 0.693359 0.625000 0.693359 0.615234 0.695312 0.613281 0.695312 0.605469 0.693359 0.607422 0.691406 0.605469 0.691406 0.601562 0.679688 0.601562 0.677734 0.603516 0.677734 0.605469 0.669922 0.613281 0.669922 0.615234 0.667969 0.617188 0.667969 0.619141 0.666016 0.621094 0.646484 0.621094 0.644531 0.619141 0.644531 0.617188 0.642578 0.615234 0.642578 0.613281 0.646484 0.609375 0.646484 0.607422 0.652344 0.601562 0.667969 0.601562 0.666016 0.599609 0.667969 0.597656 0.669922 0.597656 0.671875 0.595703 0.673828 0.597656 0.673828 0.595703 0.679688 0.589844 0.683594 0.589844 0.683594 0.587891 0.685547 0.585938 0.687500 0.585938 0.689453 0.583984 0.691406 0.585938 0.693359 0.585938 0.695312 0.587891 0.695312 0.585938 0.697266 0.583984 0.699219 0.583984 0.703125 0.580078 0.703125 0.576172 0.705078 0.574219 0.707031 0.574219 0.707031 0.572266 0.708984 0.570312 0.710938 0.570312 0.710938 0.544922 0.712891 0.542969 0.710938 0.541016 0.710938 0.531250 0.708984 0.531250 0.707031 0.529297 0.707031 0.523438 0.705078 0.523438 0.701172 0.519531 0.701172 0.517578 0.699219 0.515625 0.699219 0.513672 0.697266 0.513672 0.695312 0.511719 0.695312 0.507812 0.691406 0.503906 0.689453 0.503906 0.687500 0.501953 0.685547 0.501953 0.681641 0.505859 0.679688 0.505859 0.677734 0.507812 0.673828 0.507812 0.667969 0.513672 0.664062 0.513672 0.662109 0.511719 0.662109 0.505859 0.664062 0.503906 0.662109 0.501953 0.662109 0.500000 0.660156 0.500000 0.656250 0.503906 0.650391 0.503906 0.644531 0.498047 0.644531 0.496094 0.642578 0.494141 0.642578 0.492188 0.640625 0.490234 0.640625 0.472656 0.634766 0.466797 0.632812 0.466797 0.626953 0.460938 0.625000 0.460938 0.621094 0.457031 0.611328 0.457031 0.609375 0.458984 0.605469 0.458984 0.601562 0.462891 0.599609 0.462891 0.595703 0.466797 0.589844 0.466797 0.587891 0.464844 0.587891 0.460938 0.589844 0.458984 0.589844 0.457031 0.587891 0.455078 0.587891 0.447266 0.585938 0.447266 0.583984 0.445312 0.580078 0.445312 0.578125 0.443359 0.566406 0.443359 0.564453 0.441406 0.562500 0.441406 0.558594 0.437500 0.556641 0.437500 0.552734 0.433594 0.550781 0.433594 0.546875 0.429688 0.541016 0.429688 0.539062 0.427734 0.537109 0.429688 0.535156 0.427734
0 0.810547 0.408203 0.808594 0.410156 0.806641 0.410156 0.802734 0.414062 0.802734 0.416016 0.804688 0.417969 0.802734 0.419922 0.802734 0.427734 0.806641 0.427734 0.806641 0.425781 0.808594 0.423828 0.808594 0.421875 0.810547 0.419922 0.812500 0.419922 0.814453 0.417969 0.818359 0.417969 0.818359 0.416016 0.820312 0.414062 0.820312 0.408203
0 0.833984 0.390625 0.832031 0.392578 0.830078 0.392578 0.830078 0.394531 0.832031 0.396484 0.832031 0.402344 0.833984 0.404297 0.835938 0.404297 0.839844 0.408203 0.835938 0.412109 0.833984 0.412109 0.835938 0.412109 0.837891 0.414062 0.837891 0.419922 0.843750 0.419922 0.847656 0.416016 0.849609 0.416016 0.851562 0.417969 0.853516 0.417969 0.855469 0.419922 0.863281 0.419922 0.863281 0.412109 0.861328 0.410156 0.861328 0.408203 0.859375 0.406250 0.857422 0.406250 0.855469 0.404297 0.851562 0.404297 0.847656 0.400391 0.845703 0.400391 0.835938 0.390625
0 0.722656 0.390625 0.722656 0.392578 0.718750 0.396484 0.718750 0.398438 0.716797 0.400391 0.716797 0.408203 0.712891 0.412109 0.712891 0.425781 0.714844 0.425781 0.716797 0.427734 0.716797 0.429688 0.722656 0.435547 0.728516 0.435547 0.730469 0.437500 0.732422 0.437500 0.734375 0.439453 0.744141 0.439453 0.748047 0.443359 0.751953 0.443359 0.753906 0.445312 0.753906 0.449219 0.751953 0.451172 0.751953 0.453125 0.753906 0.455078 0.751953 0.457031 0.751953 0.464844 0.757812 0.464844 0.759766 0.462891 0.761719 0.462891 0.763672 0.460938 0.763672 0.458984 0.765625 0.457031 0.765625 0.455078 0.769531 0.451172 0.777344 0.451172 0.783203 0.445312 0.785156 0.445312 0.785156 0.437500 0.781250 0.433594 0.783203 0.431641 0.783203 0.427734 0.785156 0.425781 0.785156 0.419922 0.787109 0.417969 0.785156 0.416016 0.785156 0.414062 0.783203 0.414062 0.781250 0.412109 0.781250 0.410156 0.763672 0.410156 0.761719 0.412109 0.757812 0.412109 0.753906 0.408203 0.750000 0.408203 0.748047 0.406250 0.740234 0.406250 0.736328 0.410156 0.732422 0.410156 0.728516 0.406250 0.728516 0.404297 0.726562 0.402344 0.726562 0.398438 0.728516 0.396484 0.728516 0.390625
0 0.798828 0.144531 0.798828 0.150391 0.796875 0.152344 0.796875 0.154297 0.794922 0.156250 0.791016 0.156250 0.787109 0.160156 0.777344 0.160156 0.771484 0.166016 0.755859 0.166016 0.751953 0.162109 0.751953 0.160156 0.742188 0.160156 0.738281 0.156250 0.738281 0.152344 0.736328 0.150391 0.736328 0.146484 0.730469 0.146484 0.728516 0.148438 0.728516 0.150391 0.722656 0.156250 0.722656 0.162109 0.720703 0.164062 0.718750 0.164062 0.716797 0.166016 0.714844 0.166016 0.710938 0.169922 0.708984 0.169922 0.708984 0.183594 0.707031 0.185547 0.705078 0.185547 0.703125 0.187500 0.703125 0.199219 0.705078 0.199219 0.707031 0.201172 0.703125 0.205078 0.703125 0.207031 0.701172 0.208984 0.693359 0.208984 0.687500 0.214844 0.685547 0.214844 0.681641 0.218750 0.675781 0.218750 0.673828 0.220703 0.673828 0.224609 0.671875 0.226562 0.666016 0.226562 0.664062 0.228516 0.664062 0.230469 0.660156 0.234375 0.660156 0.240234 0.662109 0.242188 0.662109 0.250000 0.656250 0.255859 0.656250 0.257812 0.660156 0.257812 0.664062 0.253906 0.666016 0.255859 0.666016 0.285156 0.662109 0.289062 0.660156 0.289062 0.660156 0.291016 0.662109 0.289062 0.664062 0.289062 0.666016 0.291016 0.666016 0.302734 0.667969 0.302734 0.669922 0.304688 0.669922 0.306641 0.667969 0.308594 0.669922 0.310547 0.671875 0.310547 0.673828 0.312500 0.673828 0.314453 0.675781 0.316406 0.675781 0.318359 0.683594 0.318359 0.685547 0.316406 0.687500 0.316406 0.691406 0.320312 0.693359 0.318359 0.695312 0.318359 0.697266 0.316406 0.699219 0.316406 0.701172 0.318359 0.699219 0.320312 0.701172 0.322266 0.699219 0.324219 0.699219 0.328125 0.703125 0.332031 0.703125 0.333984 0.707031 0.333984 0.708984 0.332031 0.710938 0.332031 0.712891 0.333984 0.712891 0.335938 0.714844 0.337891 0.722656 0.337891 0.724609 0.339844 0.726562 0.337891 0.738281 0.337891 0.740234 0.339844 0.744141 0.339844 0.746094 0.337891 0.748047 0.337891 0.750000 0.335938 0.755859 0.335938 0.757812 0.337891 0.759766 0.337891 0.761719 0.339844 0.761719 0.341797 0.765625 0.345703 0.765625 0.347656 0.767578 0.349609 0.773438 0.349609 0.775391 0.351562 0.777344 0.349609 0.779297 0.351562 0.779297 0.353516 0.777344 0.355469 0.779297 0.357422 0.779297 0.361328 0.777344 0.363281 0.777344 0.365234 0.779297 0.367188 0.779297 0.373047 0.781250 0.373047 0.783203 0.375000 0.783203 0.376953 0.789062 0.376953 0.791016 0.378906 0.792969 0.378906 0.794922 0.380859 0.796875 0.378906 0.798828 0.380859 0.798828 0.376953 0.800781 0.375000 0.802734 0.375000 0.804688 0.376953 0.804688 0.378906 0.808594 0.382812 0.810547 0.382812 0.812500 0.384766 0.812500 0.386719 0.814453 0.386719 0.814453 0.384766 0.816406 0.382812 0.818359 0.382812 0.816406 0.380859 0.816406 0.367188 0.818359 0.365234 0.818359 0.361328 0.822266 0.357422 0.822266 0.347656 0.820312 0.345703 0.820312 0.343750 0.822266 0.341797 0.835938 0.341797 0.837891 0.343750 0.837891 0.347656 0.841797 0.351562 0.841797 0.353516 0.847656 0.353516 0.849609 0.355469 0.849609 0.359375 0.853516 0.363281 0.855469 0.363281 0.857422 0.365234 0.861328 0.365234 0.863281 0.367188 0.871094 0.367188 0.873047 0.369141 0.875000 0.369141 0.876953 0.371094 0.876953 0.373047 0.880859 0.376953 0.888672 0.376953 0.890625 0.378906 0.892578 0.378906 0.894531 0.380859 0.894531 0.382812 0.898438 0.386719 0.898438 0.390625 0.896484 0.392578 0.894531 0.392578 0.898438 0.396484 0.896484 0.398438 0.896484 0.408203 0.898438 0.410156 0.898438 0.412109 0.900391 0.414062 0.900391 0.433594 0.898438 0.435547 0.898438 0.437500 0.896484 0.439453 0.896484 0.441406 0.888672 0.449219 0.888672 0.451172 0.886719 0.453125 0.882812 0.449219 0.876953 0.455078 0.873047 0.455078 0.871094 0.457031 0.867188 0.457031 0.863281 0.460938 0.861328 0.460938 0.851562 0.470703 0.853516 0.472656 0.853516 0.474609 0.855469 0.476562 0.855469 0.486328 0.853516 0.488281 0.851562 0.488281 0.851562 0.494141 0.841797 0.503906 0.837891 0.503906 0.835938 0.505859 0.832031 0.505859 0.828125 0.509766 0.828125 0.513672 0.835938 0.513672 0.837891 0.511719 0.839844 0.511719 0.841797 0.513672 0.841797 0.527344 0.839844 0.529297 0.839844 0.537109 0.837891 0.539062 0.837891 0.541016 0.835938 0.542969 0.835938 0.544922 0.833984 0.546875 0.833984 0.548828 0.832031 0.550781 0.830078 0.550781 0.830078 0.552734 0.828125 0.554688 0.826172 0.554688 0.826172 0.556641 0.822266 0.560547 0.822266 0.564453 0.824219 0.566406 0.824219 0.568359 0.818359 0.574219 0.816406 0.574219 0.814453 0.576172 0.812500 0.576172 0.812500 0.587891 0.814453 0.589844 0.814453 0.591797 0.818359 0.595703 0.818359 0.597656 0.820312 0.599609 0.820312 0.603516 0.822266 0.605469 0.822266 0.607422 0.820312 0.609375 0.820312 0.611328 0.818359 0.613281 0.818359 0.615234 0.820312 0.617188 0.820312 0.619141 0.826172 0.619141 0.828125 0.621094 0.828125 0.638672 0.833984 0.638672 0.835938 0.636719 0.841797 0.636719 0.845703 0.632812 0.847656 0.632812 0.849609 0.630859 0.869141 0.630859 0.871094 0.632812 0.875000 0.632812 0.876953 0.634766 0.880859 0.634766 0.882812 0.632812 0.894531 0.632812 0.896484 0.630859 0.898438 0.632812 0.900391 0.632812 0.904297 0.636719 0.904297 0.638672 0.908203 0.638672 0.910156 0.636719 0.919922 0.636719 0.921875 0.638672 0.927734 0.638672 0.929688 0.636719 0.929688 0.628906 0.931641 0.626953 0.933594 0.626953 0.933594 0.625000 0.931641 0.623047 0.937500 0.617188 0.937500 0.613281 0.939453 0.611328 0.939453 0.609375 0.943359 0.605469 0.945312 0.605469 0.945312 0.603516 0.947266 0.601562 0.949219 0.601562 0.951172 0.599609 0.951172 0.595703 0.945312 0.595703 0.943359 0.597656 0.941406 0.595703 0.941406 0.593750 0.943359 0.591797 0.943359 0.589844 0.945312 0.587891 0.945312 0.585938 0.947266 0.583984 0.949219 0.583984 0.949219 0.580078 0.953125 0.576172 0.955078 0.576172 0.955078 0.574219 0.957031 0.572266 0.957031 0.560547 0.958984 0.558594 0.957031 0.556641 0.957031 0.554688 0.958984 0.552734 0.958984 0.546875 0.960938 0.544922 0.960938 0.541016 0.962891 0.539062 0.962891 0.537109 0.964844 0.535156 0.964844 0.527344 0.962891 0.525391 0.957031 0.525391 0.957031 0.527344 0.955078 0.529297 0.955078 0.531250 0.947266 0.539062 0.945312 0.539062 0.943359 0.541016 0.943359 0.542969 0.941406 0.544922 0.937500 0.544922 0.935547 0.546875 0.933594 0.546875 0.931641 0.548828 0.929688 0.548828 0.925781 0.552734 0.921875 0.552734 0.919922 0.550781 0.914062 0.550781 0.912109 0.548828 0.912109 0.544922 0.910156 0.542969 0.910156 0.537109 0.912109 0.535156 0.916016 0.535156 0.916016 0.531250 0.914062 0.529297 0.914062 0.507812 0.912109 0.505859 0.912109 0.492188 0.914062 0.490234 0.914062 0.488281 0.916016 0.486328 0.916016 0.484375 0.914062 0.482422 0.916016 0.480469 0.931641 0.480469 0.931641 0.470703 0.929688 0.468750 0.929688 0.460938 0.933594 0.457031 0.933594 0.443359 0.931641 0.441406 0.931641 0.439453 0.929688 0.437500 0.929688 0.431641 0.933594 0.427734 0.933594 0.425781 0.935547 0.423828 0.943359 0.423828 0.951172 0.431641 0.951172 0.443359 0.953125 0.443359 0.955078 0.445312 0.955078 0.447266 0.957031 0.449219 0.957031 0.457031 0.955078 0.458984 0.955078 0.460938 0.947266 0.468750 0.945312 0.468750 0.945312 0.470703 0.941406 0.474609 0.941406 0.476562 0.933594 0.484375 0.933594 0.490234 0.935547 0.492188 0.931641 0.496094 0.929688 0.496094 0.927734 0.498047 0.925781 0.498047 0.923828 0.500000 0.923828 0.503906 0.925781 0.505859 0.925781 0.507812 0.927734 0.509766 0.935547 0.509766 0.937500 0.511719 0.935547 0.513672 0.937500 0.513672 0.939453 0.515625 0.939453 0.517578 0.943359 0.517578 0.947266 0.513672 0.951172 0.513672 0.953125 0.511719 0.957031 0.511719 0.958984 0.513672 0.958984 0.515625 0.960938 0.515625 0.964844 0.511719 0.966797 0.511719 0.966797 0.509766 0.970703 0.505859 0.972656 0.505859 0.974609 0.503906 0.978516 0.503906 0.980469 0.501953 0.986328 0.501953 0.988281 0.503906 0.988281 0.511719 0.984375 0.515625 0.984375 0.517578 0.982422 0.519531 0.982422 0.521484 0.984375 0.521484 0.988281 0.517578 0.988281 0.515625 0.990234 0.513672 0.990234 0.511719 0.992188 0.509766 0.992188 0.316406 0.990234 0.316406 0.986328 0.312500 0.986328 0.302734 0.976562 0.302734 0.974609 0.300781 0.972656 0.300781 0.968750 0.296875 0.968750 0.294922 0.966797 0.294922 0.962891 0.291016 0.962891 0.275391 0.964844 0.273438 0.964844 0.269531 0.966797 0.267578 0.966797 0.257812 0.968750 0.255859 0.968750 0.253906 0.970703 0.251953 0.966797 0.248047 0.966797 0.246094 0.964844 0.244141 0.964844 0.242188 0.960938 0.238281 0.960938 0.232422 0.962891 0.230469 0.970703 0.230469 0.978516 0.238281 0.978516 0.244141 0.980469 0.246094 0.988281 0.246094 0.990234 0.244141 0.992188 0.244141 0.992188 0.232422 0.988281 0.232422 0.986328 0.230469 0.986328 0.226562 0.984375 0.224609 0.984375 0.222656 0.982422 0.220703 0.982422 0.218750 0.980469 0.218750 0.978516 0.216797 0.978516 0.214844 0.970703 0.207031 0.970703 0.205078 0.966797 0.201172 0.964844 0.201172 0.962891 0.199219 0.958984 0.199219 0.957031 0.197266 0.955078 0.197266 0.947266 0.189453 0.937500 0.189453 0.935547 0.191406 0.925781 0.191406 0.921875 0.187500 0.921875 0.185547 0.919922 0.183594 0.914062 0.183594 0.912109 0.185547 0.910156 0.185547 0.908203 0.187500 0.900391 0.187500 0.900391 0.189453 0.896484 0.193359 0.896484 0.195312 0.894531 0.197266 0.892578 0.197266 0.890625 0.199219 0.890625 0.201172 0.888672 0.203125 0.888672 0.218750 0.886719 0.220703 0.886719 0.222656 0.882812 0.226562 0.880859 0.226562 0.880859 0.228516 0.878906 0.230469 0.878906 0.240234 0.876953 0.242188 0.876953 0.250000 0.873047 0.253906 0.871094 0.253906 0.867188 0.250000 0.867188 0.242188 0.859375 0.242188 0.857422 0.244141 0.857422 0.246094 0.853516 0.250000 0.851562 0.248047 0.851562 0.242188 0.853516 0.240234 0.853516 0.236328 0.855469 0.234375 0.855469 0.230469 0.859375 0.226562 0.861328 0.226562 0.863281 0.224609 0.863281 0.210938 0.865234 0.208984 0.867188 0.208984 0.867188 0.207031 0.859375 0.207031 0.853516 0.201172 0.853516 0.199219 0.855469 0.197266 0.855469 0.195312 0.857422 0.193359 0.857422 0.189453 0.859375 0.187500 0.859375 0.185547 0.861328 0.183594 0.861328 0.179688 0.863281 0.177734 0.863281 0.175781 0.865234 0.173828 0.865234 0.171875 0.863281 0.171875 0.861328 0.173828 0.855469 0.173828 0.845703 0.164062 0.845703 0.158203 0.843750 0.156250 0.843750 0.154297 0.839844 0.150391 0.839844 0.148438 0.837891 0.146484 0.832031 0.146484 0.830078 0.148438 0.822266 0.148438 0.822266 0.152344 0.824219 0.154297 0.824219 0.156250 0.820312 0.160156 0.812500 0.152344 0.810547 0.152344 0.804688 0.146484 0.800781 0.146484
0 0.076172 0.125000 0.076172 0.126953 0.074219 0.128906 0.074219 0.130859 0.072266 0.132812 0.072266 0.138672 0.082031 0.138672 0.082031 0.128906 0.080078 0.126953 0.080078 0.125000
0 0.117188 0.068359 0.117188 0.070312 0.115234 0.072266 0.115234 0.074219 0.113281 0.076172 0.109375 0.076172 0.107422 0.078125 0.105469 0.078125 0.103516 0.080078 0.103516 0.082031 0.101562 0.083984 0.101562 0.085938 0.099609 0.087891 0.097656 0.087891 0.097656 0.095703 0.099609 0.095703 0.101562 0.097656 0.111328 0.097656 0.111328 0.089844 0.115234 0.085938 0.117188 0.085938 0.119141 0.083984 0.128906 0.083984 0.130859 0.082031 0.130859 0.076172 0.126953 0.072266 0.125000 0.072266 0.121094 0.068359
0 0.007812 0.066406 0.005859 0.068359 0.003906 0.068359 0.000000 0.072266 0.000000 0.126953 0.001953 0.128906 0.001953 0.130859 0.005859 0.130859 0.007812 0.128906 0.007812 0.126953 0.009766 0.125000 0.009766 0.119141 0.011719 0.117188 0.009766 0.115234 0.009766 0.113281 0.007812 0.111328 0.007812 0.101562 0.011719 0.097656 0.011719 0.095703 0.013672 0.093750 0.013672 0.091797 0.011719 0.089844 0.011719 0.083984 0.009766 0.083984 0.007812 0.082031 0.007812 0.080078 0.005859 0.078125 0.005859 0.076172 0.011719 0.070312 0.011719 0.066406
0 0.085938 0.060547 0.082031 0.064453 0.082031 0.066406 0.080078 0.068359 0.080078 0.072266 0.083984 0.076172 0.083984 0.078125 0.085938 0.078125 0.087891 0.076172 0.087891 0.074219 0.089844 0.072266 0.089844 0.060547
0 0.046875 0.056641 0.044922 0.058594 0.044922 0.066406 0.046875 0.068359 0.046875 0.078125 0.048828 0.080078 0.054688 0.080078 0.056641 0.078125 0.056641 0.068359 0.054688 0.066406 0.056641 0.064453 0.054688 0.062500 0.054688 0.058594 0.052734 0.058594 0.050781 0.056641
0 0.095703 0.037109 0.091797 0.041016 0.089844 0.041016 0.087891 0.042969 0.087891 0.046875 0.089844 0.048828 0.089844 0.050781 0.091797 0.050781 0.093750 0.052734 0.099609 0.052734 0.101562 0.050781 0.103516 0.050781 0.103516 0.046875 0.105469 0.044922 0.105469 0.042969 0.103516 0.041016 0.103516 0.039062 0.101562 0.039062 0.099609 0.037109
0 0.193359 0.025391 0.191406 0.027344 0.191406 0.035156 0.189453 0.037109 0.187500 0.037109 0.185547 0.039062 0.185547 0.041016 0.179688 0.046875 0.179688 0.056641 0.183594 0.060547 0.183594 0.062500 0.185547 0.064453 0.179688 0.070312 0.179688 0.082031 0.181641 0.083984 0.181641 0.085938 0.183594 0.087891 0.191406 0.087891 0.193359 0.085938 0.195312 0.085938 0.199219 0.082031 0.201172 0.082031 0.207031 0.076172 0.207031 0.074219 0.208984 0.072266 0.210938 0.072266 0.210938 0.066406 0.208984 0.066406 0.205078 0.062500 0.205078 0.058594 0.201172 0.054688 0.199219 0.054688 0.195312 0.050781 0.195312 0.048828 0.193359 0.046875 0.195312 0.044922 0.195312 0.042969 0.197266 0.041016 0.199219 0.041016 0.201172 0.042969 0.201172 0.044922 0.203125 0.046875 0.203125 0.048828 0.205078 0.048828 0.207031 0.050781 0.207031 0.052734 0.210938 0.048828 0.212891 0.048828 0.214844 0.050781 0.216797 0.050781 0.218750 0.052734 0.222656 0.052734 0.222656 0.039062 0.220703 0.039062 0.218750 0.041016 0.214844 0.041016 0.212891 0.042969 0.208984 0.039062 0.207031 0.039062 0.203125 0.035156 0.203125 0.033203 0.197266 0.027344 0.197266 0.025391
0 0.033203 0.013672 0.031250 0.015625 0.031250 0.017578 0.027344 0.021484 0.027344 0.027344 0.029297 0.029297 0.033203 0.029297 0.037109 0.025391 0.037109 0.023438 0.039062 0.021484 0.039062 0.013672
0 0.763672 0.011719 0.761719 0.013672 0.761719 0.015625 0.759766 0.017578 0.759766 0.029297 0.761719 0.031250 0.763672 0.031250 0.767578 0.027344 0.767578 0.025391 0.769531 0.023438 0.773438 0.023438 0.775391 0.021484 0.779297 0.021484 0.783203 0.025391 0.789062 0.025391 0.789062 0.019531 0.785156 0.015625 0.783203 0.015625 0.781250 0.013672 0.779297 0.013672 0.777344 0.011719
0 0.833984 0.000000 0.832031 0.001953 0.832031 0.011719 0.833984 0.013672 0.839844 0.013672 0.843750 0.017578 0.843750 0.019531 0.845703 0.021484 0.847656 0.021484 0.849609 0.023438 0.853516 0.023438 0.855469 0.021484 0.857422 0.021484 0.859375 0.023438 0.859375 0.025391 0.865234 0.025391 0.871094 0.019531 0.871094 0.017578 0.873047 0.015625 0.875000 0.015625 0.876953 0.013672 0.882812 0.013672 0.884766 0.011719 0.888672 0.011719 0.888672 0.007812 0.886719 0.005859 0.886719 0.000000
0 0.078125 0.000000 0.078125 0.005859 0.080078 0.007812 0.080078 0.009766 0.082031 0.011719 0.087891 0.011719 0.087891 0.000000