0 0.000000 0.968750 0.000000 0.992188 0.031250 0.992188 0.029297 0.990234 0.023438 0.990234 0.019531 0.986328 0.017578 0.986328 0.009766 0.978516 0.009766 0.974609 0.003906 0.968750
0 0.751953 0.962891 0.750000 0.964844 0.742188 0.964844 0.742188 0.970703 0.740234 0.972656 0.738281 0.972656 0.738281 0.978516 0.736328 0.980469 0.736328 0.986328 0.763672 0.986328 0.761719 0.986328 0.759766 0.984375 0.759766 0.972656 0.761719 0.970703 0.761719 0.968750 0.759766 0.966797 0.759766 0.964844 0.757812 0.964844 0.755859 0.962891 0.753906 0.964844
0 0.011719 0.945312 0.011719 0.951172 0.013672 0.953125 0.013672 0.955078 0.017578 0.955078 0.019531 0.953125 0.019531 0.949219 0.015625 0.945312
0 0.992188 0.898438 0.992188 0.900391 0.990234 0.902344 0.988281 0.902344 0.988281 0.904297 0.984375 0.908203 0.984375 0.914062 0.980469 0.917969 0.980469 0.919922 0.976562 0.923828 0.976562 0.933594 0.972656 0.937500 0.972656 0.945312 0.970703 0.947266 0.970703 0.951172 0.972656 0.951172 0.976562 0.955078 0.978516 0.955078 0.980469 0.957031 0.980469 0.958984 0.984375 0.962891 0.984375 0.966797 0.982422 0.968750 0.982422 0.970703 0.984375 0.972656 0.986328 0.972656 0.990234 0.976562 0.990234 0.980469 0.988281 0.982422 0.990234 0.982422 0.992188 0.980469
0 0.544922 0.863281 0.542969 0.865234 0.541016 0.865234 0.539062 0.867188 0.537109 0.865234 0.535156 0.865234 0.535156 0.869141 0.533203 0.871094 0.531250 0.871094 0.525391 0.876953 0.523438 0.875000 0.521484 0.875000 0.519531 0.873047 0.517578 0.873047 0.515625 0.875000 0.509766 0.875000 0.507812 0.873047 0.505859 0.873047 0.503906 0.871094 0.501953 0.873047 0.501953 0.886719 0.500000 0.888672 0.500000 0.890625 0.501953 0.892578 0.503906 0.892578 0.505859 0.894531 0.505859 0.896484 0.507812 0.898438 0.507812 0.904297 0.503906 0.908203 0.503906 0.910156 0.498047 0.916016 0.490234 0.916016 0.482422 0.923828 0.482422 0.925781 0.480469 0.927734 0.480469 0.931641 0.478516 0.933594 0.478516 0.943359 0.480469 0.945312 0.482422 0.945312 0.486328 0.949219 0.488281 0.949219 0.492188 0.953125 0.496094 0.953125 0.501953 0.958984 0.501953 0.960938 0.503906 0.962891 0.503906 0.968750 0.505859 0.970703 0.507812 0.970703 0.509766 0.972656 0.519531 0.972656 0.521484 0.970703 0.523438 0.970703 0.525391 0.972656 0.537109 0.972656 0.541016 0.968750 0.542969 0.970703 0.548828 0.970703 0.550781 0.972656 0.550781 0.974609 0.552734 0.974609 0.554688 0.976562 0.554688 0.978516 0.556641 0.978516 0.558594 0.980469 0.556641 0.982422 0.556641 0.984375 0.558594 0.986328 0.560547 0.984375 0.574219 0.984375 0.578125 0.980469 0.580078 0.980469 0.580078 0.978516 0.582031 0.976562 0.583984 0.976562 0.583984 0.962891 0.580078 0.958984 0.580078 0.957031 0.578125 0.955078 0.578125 0.953125 0.576172 0.951172 0.576172 0.947266 0.570312 0.941406 0.570312 0.939453 0.572266 0.937500 0.572266 0.935547 0.562500 0.925781 0.542969 0.925781 0.541016 0.923828 0.535156 0.923828 0.529297 0.917969 0.529297 0.910156 0.531250 0.908203 0.531250 0.906250 0.533203 0.904297 0.533203 0.902344 0.535156 0.900391 0.537109 0.900391 0.539062 0.902344 0.539062 0.904297 0.539062 0.902344 0.544922 0.896484 0.548828 0.896484 0.552734 0.900391 0.552734 0.902344 0.554688 0.904297 0.554688 0.906250 0.564453 0.906250 0.566406 0.904297 0.568359 0.904297 0.572266 0.900391 0.574219 0.902344 0.576172 0.900391 0.576172 0.896484 0.580078 0.892578 0.580078 0.882812 0.578125 0.882812 0.572266 0.876953 0.570312 0.876953 0.568359 0.875000 0.566406 0.875000 0.562500 0.878906 0.558594 0.878906 0.554688 0.875000 0.556641 0.873047 0.556641 0.871094 0.552734 0.871094 0.550781 0.869141 0.550781 0.867188 0.548828 0.865234 0.546875 0.865234
0 0.000000 0.787109 0.000000 0.861328 0.005859 0.861328 0.007812 0.859375 0.015625 0.859375 0.017578 0.857422 0.019531 0.857422 0.021484 0.855469 0.029297 0.855469 0.031250 0.853516 0.033203 0.853516 0.033203 0.845703 0.029297 0.841797 0.029297 0.837891 0.025391 0.833984 0.023438 0.833984 0.013672 0.824219 0.013672 0.792969 0.007812 0.792969 0.001953 0.787109
0 0.089844 0.726562 0.087891 0.728516 0.087891 0.734375 0.089844 0.736328 0.097656 0.736328 0.099609 0.738281 0.103516 0.738281 0.105469 0.736328 0.107422 0.736328 0.107422 0.732422 0.103516 0.732422 0.101562 0.730469 0.099609 0.730469 0.095703 0.726562
0 0.220703 0.712891 0.218750 0.714844 0.216797 0.714844 0.216797 0.722656 0.220703 0.726562 0.230469 0.726562 0.232422 0.724609 0.232422 0.718750 0.230469 0.716797 0.228516 0.716797 0.224609 0.712891
0 0.210938 0.679688 0.208984 0.681641 0.199219 0.681641 0.197266 0.683594 0.197266 0.689453 0.199219 0.691406 0.201172 0.691406 0.203125 0.693359 0.203125 0.695312 0.205078 0.697266 0.208984 0.697266 0.210938 0.695312 0.210938 0.693359 0.216797 0.687500 0.216797 0.681641 0.214844 0.679688
0 0.169922 0.664062 0.169922 0.667969 0.167969 0.669922 0.167969 0.671875 0.166016 0.673828 0.166016 0.679688 0.169922 0.679688 0.169922 0.677734 0.171875 0.675781 0.173828 0.675781 0.175781 0.673828 0.175781 0.671875 0.177734 0.669922 0.177734 0.664062
0 0.199219 0.656250 0.199219 0.658203 0.195312 0.662109 0.195312 0.664062 0.193359 0.666016 0.193359 0.673828 0.199219 0.673828 0.201172 0.671875 0.203125 0.671875 0.205078 0.669922 0.214844 0.669922 0.216797 0.667969 0.216797 0.664062 0.208984 0.664062 0.207031 0.662109 0.207031 0.658203 0.205078 0.656250
0 0.240234 0.605469 0.238281 0.607422 0.232422 0.607422 0.230469 0.609375 0.226562 0.609375 0.226562 0.619141 0.228516 0.621094 0.228516 0.623047 0.226562 0.625000 0.226562 0.634766 0.228516 0.634766 0.230469 0.636719 0.230469 0.638672 0.232422 0.640625 0.232422 0.642578 0.234375 0.644531 0.234375 0.652344 0.236328 0.654297 0.238281 0.654297 0.240234 0.652344 0.242188 0.652344 0.242188 0.648438 0.244141 0.646484 0.244141 0.644531 0.246094 0.642578 0.246094 0.638672 0.255859 0.628906 0.257812 0.628906 0.257812 0.626953 0.259766 0.625000 0.259766 0.615234 0.257812 0.615234 0.255859 0.613281 0.255859 0.611328 0.251953 0.611328 0.248047 0.607422 0.246094 0.607422 0.244141 0.605469
0 0.457031 0.501953 0.455078 0.503906 0.447266 0.503906 0.445312 0.505859 0.439453 0.505859 0.437500 0.507812 0.439453 0.509766 0.439453 0.513672 0.437500 0.515625 0.437500 0.519531 0.439453 0.521484 0.437500 0.523438 0.437500 0.529297 0.435547 0.531250 0.433594 0.531250 0.433594 0.533203 0.435547 0.533203 0.437500 0.535156 0.439453 0.535156 0.441406 0.537109 0.441406 0.542969 0.445312 0.546875 0.445312 0.548828 0.447266 0.550781 0.447266 0.552734 0.451172 0.556641 0.451172 0.564453 0.453125 0.566406 0.453125 0.570312 0.460938 0.578125 0.462891 0.578125 0.468750 0.572266 0.476562 0.572266 0.476562 0.570312 0.478516 0.568359 0.480469 0.568359 0.482422 0.566406 0.484375 0.568359 0.486328 0.568359 0.488281 0.570312 0.490234 0.570312 0.492188 0.572266 0.492188 0.576172 0.501953 0.576172 0.503906 0.578125 0.503906 0.580078 0.505859 0.582031 0.505859 0.585938 0.513672 0.585938 0.515625 0.587891 0.515625 0.591797 0.513672 0.593750 0.511719 0.593750 0.511719 0.595703 0.509766 0.597656 0.509766 0.599609 0.507812 0.601562 0.507812 0.607422 0.501953 0.613281 0.500000 0.613281 0.498047 0.611328 0.498047 0.609375 0.496094 0.607422 0.496094 0.605469 0.498047 0.603516 0.498047 0.601562 0.500000 0.599609 0.500000 0.597656 0.498047 0.595703 0.498047 0.593750 0.494141 0.589844 0.482422 0.589844 0.480469 0.587891 0.478516 0.589844 0.468750 0.589844 0.466797 0.587891 0.466797 0.585938 0.464844 0.585938 0.462891 0.583984 0.462891 0.587891 0.460938 0.589844 0.455078 0.589844 0.451172 0.593750 0.447266 0.593750 0.445312 0.595703 0.441406 0.595703 0.437500 0.591797 0.437500 0.589844 0.431641 0.589844 0.431641 0.591797 0.429688 0.593750 0.429688 0.603516 0.435547 0.609375 0.435547 0.615234 0.433594 0.617188 0.433594 0.621094 0.435547 0.623047 0.439453 0.623047 0.445312 0.628906 0.445312 0.630859 0.443359 0.632812 0.441406 0.632812 0.441406 0.634766 0.437500 0.638672 0.437500 0.642578 0.433594 0.646484 0.433594 0.654297 0.431641 0.656250 0.431641 0.662109 0.433594 0.662109 0.435547 0.664062 0.435547 0.666016 0.437500 0.667969 0.437500 0.679688 0.439453 0.681641 0.439453 0.683594 0.441406 0.685547 0.441406 0.689453 0.439453 0.691406 0.437500 0.691406 0.433594 0.687500 0.429688 0.691406 0.429688 0.693359 0.427734 0.695312 0.429688 0.697266 0.423828 0.703125 0.421875 0.703125 0.419922 0.701172 0.417969 0.703125 0.417969 0.705078 0.416016 0.707031 0.414062 0.707031 0.414062 0.712891 0.412109 0.714844 0.410156 0.712891 0.410156 0.710938 0.406250 0.707031 0.406250 0.703125 0.400391 0.703125 0.400391 0.705078 0.398438 0.707031 0.398438 0.712891 0.396484 0.714844 0.396484 0.718750 0.392578 0.722656 0.394531 0.724609 0.394531 0.726562 0.390625 0.730469 0.390625 0.732422 0.388672 0.734375 0.388672 0.736328 0.386719 0.738281 0.386719 0.744141 0.388672 0.746094 0.388672 0.748047 0.390625 0.750000 0.388672 0.751953 0.390625 0.753906 0.390625 0.765625 0.392578 0.767578 0.400391 0.767578 0.402344 0.765625 0.404297 0.765625 0.408203 0.769531 0.410156 0.769531 0.412109 0.771484 0.417969 0.771484 0.417969 0.763672 0.416016 0.761719 0.417969 0.759766 0.433594 0.759766 0.435547 0.757812 0.435547 0.751953 0.441406 0.746094 0.449219 0.746094 0.451172 0.744141 0.455078 0.744141 0.457031 0.742188 0.458984 0.742188 0.460938 0.740234 0.460938 0.734375 0.462891 0.732422 0.462891 0.730469 0.460938 0.730469 0.458984 0.728516 0.458984 0.718750 0.457031 0.716797 0.457031 0.705078 0.460938 0.701172 0.462891 0.701172 0.464844 0.703125 0.464844 0.708984 0.466797 0.710938 0.466797 0.712891 0.472656 0.712891 0.476562 0.716797 0.476562 0.722656 0.474609 0.724609 0.474609 0.726562 0.476562 0.726562 0.480469 0.730469 0.482422 0.730469 0.484375 0.732422 0.488281 0.732422 0.490234 0.734375 0.490234 0.736328 0.498047 0.744141 0.505859 0.744141 0.511719 0.738281 0.515625 0.738281 0.517578 0.736328 0.519531 0.736328 0.519531 0.734375 0.521484 0.732422 0.523438 0.734375 0.523438 0.736328 0.531250 0.736328 0.533203 0.734375 0.537109 0.734375 0.539062 0.736328 0.544922 0.736328 0.546875 0.734375 0.546875 0.732422 0.556641 0.722656 0.556641 0.720703 0.558594 0.718750 0.558594 0.714844 0.560547 0.712891 0.562500 0.712891 0.564453 0.710938 0.568359 0.710938 0.568359 0.705078 0.566406 0.703125 0.566406 0.701172 0.576172 0.691406 0.576172 0.689453 0.578125 0.687500 0.580078 0.687500 0.583984 0.683594 0.583984 0.671875 0.582031 0.669922 0.582031 0.667969 0.580078 0.666016 0.582031 0.664062 0.585938 0.664062 0.587891 0.666016 0.595703 0.666016 0.597656 0.664062 0.597656 0.658203 0.593750 0.654297 0.587891 0.654297 0.585938 0.652344 0.585938 0.644531 0.587891 0.642578 0.587891 0.640625 0.585938 0.640625 0.583984 0.638672 0.583984 0.632812 0.585938 0.630859 0.587891 0.630859 0.587891 0.628906 0.589844 0.626953 0.591797 0.626953 0.595703 0.630859 0.593750 0.632812 0.593750 0.634766 0.595703 0.636719 0.595703 0.642578 0.597656 0.644531 0.597656 0.646484 0.599609 0.648438 0.601562 0.646484 0.603516 0.646484 0.607422 0.642578 0.607422 0.632812 0.609375 0.630859 0.611328 0.630859 0.611328 0.628906 0.613281 0.626953 0.623047 0.626953 0.625000 0.628906 0.621094 0.632812 0.621094 0.642578 0.625000 0.642578 0.626953 0.640625 0.626953 0.638672 0.628906 0.636719 0.640625 0.636719 0.642578 0.638672 0.642578 0.640625 0.646484 0.644531 0.652344 0.644531 0.654297 0.642578 0.656250 0.642578 0.660156 0.638672 0.660156 0.630859 0.658203 0.628906 0.658203 0.623047 0.662109 0.619141 0.662109 0.613281 0.660156 0.611328 0.660156 0.609375 0.658203 0.607422 0.658203 0.605469 0.656250 0.603516 0.656250 0.601562 0.658203 0.599609 0.658203 0.591797 0.654297 0.591797 0.652344 0.589844 0.650391 0.591797 0.646484 0.591797 0.644531 0.593750 0.642578 0.593750 0.642578 0.595703 0.640625 0.597656 0.640625 0.599609 0.638672 0.601562 0.636719 0.601562 0.634766 0.603516 0.626953 0.603516 0.626953 0.607422 0.628906 0.607422 0.630859 0.609375 0.630859 0.613281 0.628906 0.615234 0.628906 0.619141 0.625000 0.623047 0.619141 0.623047 0.617188 0.621094 0.609375 0.621094 0.603516 0.615234 0.603516 0.613281 0.601562 0.613281 0.599609 0.611328 0.599609 0.605469 0.597656 0.603516 0.597656 0.595703 0.595703 0.593750 0.595703 0.591797 0.593750 0.589844 0.593750 0.587891 0.591797 0.585938 0.591797 0.576172 0.589844 0.576172 0.587891 0.574219 0.587891 0.556641 0.591797 0.552734 0.591797 0.542969 0.585938 0.537109 0.582031 0.537109 0.582031 0.539062 0.580078 0.541016 0.574219 0.535156 0.570312 0.535156 0.566406 0.531250 0.564453 0.531250 0.560547 0.527344 0.554688 0.527344 0.552734 0.525391 0.550781 0.525391 0.546875 0.521484 0.546875 0.517578 0.544922 0.515625 0.542969 0.515625 0.541016 0.513672 0.537109 0.513672 0.535156 0.511719 0.523438 0.511719 0.521484 0.509766 0.519531 0.509766 0.517578 0.507812 0.509766 0.507812 0.507812 0.505859 0.488281 0.505859 0.486328 0.503906 0.476562 0.503906 0.474609 0.501953 0.474609 0.503906 0.472656 0.505859 0.470703 0.505859 0.468750 0.503906 0.464844 0.503906 0.462891 0.501953 0.460938 0.503906 0.458984 0.501953
0 0.515625 0.455078 0.513672 0.457031 0.509766 0.457031 0.507812 0.458984 0.507812 0.464844 0.509766 0.464844 0.511719 0.466797 0.511719 0.470703 0.515625 0.474609 0.519531 0.474609 0.521484 0.476562 0.529297 0.476562 0.531250 0.478516 0.531250 0.480469 0.548828 0.498047 0.548828 0.501953 0.550781 0.503906 0.554688 0.503906 0.554688 0.496094 0.552734 0.494141 0.552734 0.492188 0.544922 0.484375 0.544922 0.482422 0.537109 0.474609 0.537109 0.472656 0.535156 0.472656 0.527344 0.464844 0.525391 0.464844 0.517578 0.457031 0.517578 0.455078
0 0.335938 0.318359 0.335938 0.326172 0.332031 0.330078 0.332031 0.332031 0.328125 0.335938 0.328125 0.343750 0.332031 0.339844 0.333984 0.339844 0.335938 0.337891 0.341797 0.337891 0.343750 0.339844 0.347656 0.339844 0.347656 0.337891 0.345703 0.335938 0.345703 0.333984 0.349609 0.330078 0.349609 0.324219 0.351562 0.322266 0.353516 0.322266 0.353516 0.320312 0.351562 0.320312 0.349609 0.318359 0.347656 0.318359 0.345703 0.320312 0.339844 0.320312 0.337891 0.318359
0 0.222656 0.277344 0.222656 0.279297 0.220703 0.281250 0.214844 0.281250 0.214844 0.283203 0.212891 0.285156 0.210938 0.285156 0.207031 0.289062 0.205078 0.289062 0.203125 0.291016 0.203125 0.296875 0.208984 0.296875 0.210938 0.298828 0.212891 0.298828 0.214844 0.300781 0.220703 0.300781 0.228516 0.292969 0.242188 0.292969 0.242188 0.287109 0.240234 0.287109 0.238281 0.285156 0.236328 0.285156 0.230469 0.279297 0.226562 0.279297 0.224609 0.277344
0 0.955078 0.166016 0.953125 0.167969 0.951172 0.167969 0.947266 0.171875 0.949219 0.171875 0.951172 0.173828 0.951172 0.177734 0.955078 0.181641 0.957031 0.179688 0.960938 0.179688 0.966797 0.173828 0.966797 0.169922 0.964844 0.169922 0.962891 0.167969 0.962891 0.166016
0 0.156250 0.134766 0.154297 0.136719 0.152344 0.136719 0.152344 0.140625 0.158203 0.140625 0.158203 0.138672 0.160156 0.136719 0.160156 0.134766
0 0.283203 0.095703 0.281250 0.097656 0.269531 0.097656 0.269531 0.107422 0.271484 0.109375 0.271484 0.111328 0.273438 0.111328 0.275391 0.113281 0.275391 0.126953 0.277344 0.128906 0.281250 0.128906 0.287109 0.123047 0.287109 0.119141 0.289062 0.117188 0.289062 0.109375 0.291016 0.107422 0.291016 0.097656 0.289062 0.095703
0 0.767578 0.083984 0.767578 0.091797 0.765625 0.093750 0.763672 0.093750 0.763672 0.097656 0.765625 0.099609 0.765625 0.101562 0.767578 0.103516 0.767578 0.105469 0.769531 0.107422 0.769531 0.109375 0.773438 0.113281 0.773438 0.115234 0.775391 0.117188 0.779297 0.117188 0.785156 0.111328 0.787109 0.111328 0.789062 0.109375 0.789062 0.107422 0.792969 0.103516 0.792969 0.093750 0.789062 0.089844 0.785156 0.089844 0.781250 0.085938 0.779297 0.085938 0.777344 0.083984
0 0.785156 0.000000 0.785156 0.001953 0.787109 0.003906 0.787109 0.005859 0.789062 0.007812 0.791016 0.007812 0.792969 0.009766 0.802734 0.009766 0.804688 0.011719 0.804688 0.013672 0.806641 0.015625 0.806641 0.017578 0.808594 0.019531 0.808594 0.021484 0.812500 0.025391 0.814453 0.025391 0.816406 0.027344 0.816406 0.029297 0.820312 0.029297 0.824219 0.033203 0.828125 0.033203 0.833984 0.039062 0.839844 0.039062 0.841797 0.041016 0.843750 0.041016 0.845703 0.042969 0.845703 0.044922 0.847656 0.044922 0.857422 0.035156 0.857422 0.033203 0.859375 0.031250 0.865234 0.031250 0.865234 0.029297 0.867188 0.027344 0.869141 0.027344 0.871094 0.029297 0.873047 0.027344 0.875000 0.029297 0.875000 0.031250 0.878906 0.035156 0.882812 0.035156 0.884766 0.037109 0.884766 0.042969 0.886719 0.042969 0.888672 0.044922 0.888672 0.046875 0.894531 0.046875 0.898438 0.042969 0.902344 0.046875 0.902344 0.048828 0.904297 0.048828 0.906250 0.050781 0.906250 0.064453 0.908203 0.062500 0.910156 0.064453 0.910156 0.066406 0.912109 0.068359 0.914062 0.068359 0.917969 0.072266 0.937500 0.072266 0.939453 0.070312 0.939453 0.056641 0.937500 0.056641 0.935547 0.054688 0.935547 0.048828 0.937500 0.046875 0.939453 0.046875 0.941406 0.044922 0.943359 0.044922 0.943359 0.042969 0.947266 0.039062 0.947266 0.033203 0.943359 0.029297 0.943359 0.025391 0.939453 0.021484 0.939453 0.019531 0.941406 0.017578 0.943359 0.017578 0.945312 0.015625 0.947266 0.015625 0.949219 0.013672 0.951172 0.013672 0.955078 0.009766 0.957031 0.009766 0.958984 0.007812 0.958984 0.001953 0.960938 0.000000 0.964844 0.003906 0.962891 0.005859 0.964844 0.007812 0.964844 0.009766 0.966797 0.009766 0.972656 0.015625 0.974609 0.013672 0.976562 0.015625 0.978516 0.015625 0.984375 0.009766 0.986328 0.009766 0.988281 0.007812 0.990234 0.009766 0.992188 0.009766 0.992188 0.000000
0 0.402344 0.000000 0.402344 0.003906 0.400391 0.005859 0.400391 0.007812 0.396484 0.011719 0.396484 0.013672 0.394531 0.015625 0.394531 0.027344 0.392578 0.029297 0.390625 0.029297 0.388672 0.031250 0.386719 0.031250 0.384766 0.033203 0.382812 0.033203 0.380859 0.035156 0.375000 0.035156 0.373047 0.037109 0.373047 0.039062 0.371094 0.041016 0.371094 0.046875 0.376953 0.046875 0.378906 0.048828 0.380859 0.048828 0.382812 0.050781 0.380859 0.052734 0.378906 0.052734 0.376953 0.054688 0.373047 0.054688 0.373047 0.064453 0.369141 0.068359 0.365234 0.064453 0.363281 0.064453 0.361328 0.062500 0.359375 0.062500 0.357422 0.060547 0.351562 0.060547 0.351562 0.066406 0.353516 0.066406 0.355469 0.068359 0.355469 0.070312 0.357422 0.072266 0.361328 0.072266 0.363281 0.074219 0.373047 0.074219 0.376953 0.070312 0.378906 0.072266 0.380859 0.072266 0.386719 0.078125 0.388672 0.078125 0.390625 0.080078 0.390625 0.082031 0.392578 0.082031 0.394531 0.083984 0.394531 0.093750 0.392578 0.095703 0.390625 0.095703 0.390625 0.097656 0.386719 0.101562 0.386719 0.103516 0.384766 0.105469 0.382812 0.105469 0.378906 0.101562 0.376953 0.103516 0.378906 0.105469 0.378906 0.107422 0.376953 0.109375 0.375000 0.109375 0.375000 0.111328 0.376953 0.111328 0.378906 0.113281 0.382812 0.113281 0.384766 0.115234 0.382812 0.117188 0.382812 0.121094 0.378906 0.125000 0.375000 0.121094 0.373047 0.121094 0.367188 0.126953 0.363281 0.126953 0.361328 0.125000 0.361328 0.123047 0.359375 0.123047 0.357422 0.121094 0.355469 0.121094 0.355469 0.123047 0.353516 0.125000 0.351562 0.125000 0.351562 0.126953 0.345703 0.132812 0.345703 0.134766 0.343750 0.136719 0.335938 0.136719 0.332031 0.132812 0.332031 0.130859 0.330078 0.128906 0.326172 0.128906 0.322266 0.125000 0.320312 0.125000 0.318359 0.123047 0.318359 0.121094 0.316406 0.119141 0.314453 0.119141 0.312500 0.121094 0.308594 0.121094 0.306641 0.119141 0.304688 0.121094 0.302734 0.121094 0.300781 0.123047 0.298828 0.123047 0.296875 0.121094 0.296875 0.123047 0.294922 0.125000 0.294922 0.134766 0.292969 0.136719 0.294922 0.138672 0.294922 0.140625 0.291016 0.144531 0.289062 0.144531 0.289062 0.146484 0.287109 0.148438 0.287109 0.150391 0.285156 0.152344 0.285156 0.156250 0.283203 0.158203 0.281250 0.158203 0.277344 0.162109 0.277344 0.164062 0.275391 0.166016 0.275391 0.175781 0.283203 0.175781 0.287109 0.171875 0.289062 0.173828 0.289062 0.177734 0.291016 0.177734 0.292969 0.179688 0.292969 0.181641 0.294922 0.183594 0.298828 0.183594 0.298828 0.181641 0.300781 0.179688 0.308594 0.187500 0.308594 0.193359 0.314453 0.193359 0.318359 0.197266 0.318359 0.201172 0.320312 0.203125 0.320312 0.216797 0.318359 0.218750 0.318359 0.222656 0.316406 0.224609 0.316406 0.226562 0.312500 0.230469 0.312500 0.234375 0.308594 0.238281 0.308594 0.240234 0.306641 0.242188 0.302734 0.242188 0.302734 0.244141 0.300781 0.246094 0.300781 0.255859 0.302734 0.255859 0.304688 0.257812 0.304688 0.259766 0.312500 0.259766 0.316406 0.263672 0.314453 0.265625 0.312500 0.265625 0.312500 0.267578 0.310547 0.269531 0.308594 0.269531 0.304688 0.273438 0.302734 0.271484 0.302734 0.269531 0.300781 0.267578 0.298828 0.269531 0.298828 0.275391 0.294922 0.279297 0.292969 0.279297 0.294922 0.281250 0.294922 0.283203 0.296875 0.285156 0.296875 0.291016 0.294922 0.292969 0.292969 0.292969 0.294922 0.294922 0.296875 0.294922 0.304688 0.302734 0.302734 0.304688 0.300781 0.304688 0.300781 0.306641 0.306641 0.306641 0.306641 0.304688 0.308594 0.302734 0.310547 0.302734 0.312500 0.304688 0.312500 0.306641 0.314453 0.304688 0.316406 0.306641 0.318359 0.306641 0.322266 0.310547 0.326172 0.310547 0.326172 0.308594 0.328125 0.306641 0.330078 0.306641 0.332031 0.308594 0.332031 0.310547 0.333984 0.310547 0.333984 0.308594 0.335938 0.306641 0.337891 0.306641 0.339844 0.304688 0.341797 0.304688 0.343750 0.302734 0.347656 0.306641 0.349609 0.306641 0.351562 0.308594 0.351562 0.310547 0.353516 0.310547 0.357422 0.306641 0.365234 0.306641 0.367188 0.308594 0.365234 0.310547 0.369141 0.310547 0.371094 0.312500 0.373047 0.312500 0.375000 0.314453 0.375000 0.318359 0.373047 0.320312 0.376953 0.324219 0.376953 0.326172 0.380859 0.326172 0.384766 0.322266 0.388672 0.322266 0.390625 0.324219 0.392578 0.324219 0.396484 0.328125 0.400391 0.328125 0.402344 0.330078 0.402344 0.333984 0.410156 0.341797 0.408203 0.343750 0.410156 0.343750 0.412109 0.345703 0.412109 0.347656 0.414062 0.347656 0.416016 0.349609 0.416016 0.351562 0.417969 0.351562 0.421875 0.355469 0.421875 0.357422 0.423828 0.357422 0.425781 0.359375 0.425781 0.363281 0.427734 0.365234 0.425781 0.367188 0.425781 0.371094 0.423828 0.373047 0.421875 0.373047 0.419922 0.371094 0.410156 0.371094 0.406250 0.375000 0.406250 0.376953 0.404297 0.378906 0.402344 0.378906 0.400391 0.380859 0.400391 0.384766 0.406250 0.384766 0.410156 0.388672 0.408203 0.390625 0.406250 0.390625 0.406250 0.392578 0.404297 0.394531 0.404297 0.396484 0.402344 0.398438 0.396484 0.392578 0.394531 0.392578 0.392578 0.390625 0.390625 0.390625 0.388672 0.388672 0.388672 0.386719 0.386719 0.386719 0.386719 0.388672 0.384766 0.390625 0.380859 0.386719 0.380859 0.380859 0.378906 0.378906 0.378906 0.376953 0.376953 0.375000 0.376953 0.373047 0.375000 0.375000 0.369141 0.375000 0.369141 0.376953 0.367188 0.378906 0.365234 0.376953 0.365234 0.375000 0.359375 0.375000 0.357422 0.373047 0.357422 0.363281 0.353516 0.363281 0.351562 0.361328 0.345703 0.361328 0.339844 0.355469 0.337891 0.355469 0.332031 0.349609 0.328125 0.349609 0.326172 0.351562 0.324219 0.351562 0.322266 0.353516 0.322266 0.359375 0.320312 0.361328 0.320312 0.365234 0.316406 0.369141 0.320312 0.373047 0.322266 0.373047 0.324219 0.375000 0.328125 0.375000 0.332031 0.378906 0.333984 0.378906 0.335938 0.380859 0.335938 0.388672 0.333984 0.390625 0.332031 0.390625 0.330078 0.392578 0.330078 0.396484 0.328125 0.398438 0.328125 0.404297 0.330078 0.406250 0.330078 0.414062 0.333984 0.417969 0.333984 0.419922 0.337891 0.423828 0.341797 0.423828 0.345703 0.427734 0.347656 0.427734 0.349609 0.429688 0.353516 0.429688 0.355469 0.431641 0.367188 0.431641 0.375000 0.423828 0.376953 0.423828 0.378906 0.421875 0.380859 0.423828 0.382812 0.423828 0.388672 0.429688 0.384766 0.433594 0.384766 0.435547 0.386719 0.435547 0.392578 0.441406 0.392578 0.445312 0.390625 0.447266 0.388672 0.447266 0.386719 0.449219 0.384766 0.449219 0.378906 0.455078 0.378906 0.460938 0.380859 0.462891 0.380859 0.464844 0.382812 0.466797 0.382812 0.468750 0.384766 0.470703 0.384766 0.484375 0.392578 0.492188 0.392578 0.494141 0.390625 0.496094 0.390625 0.500000 0.404297 0.500000 0.404297 0.498047 0.406250 0.496094 0.406250 0.492188 0.408203 0.490234 0.408203 0.484375 0.402344 0.478516 0.406250 0.474609 0.406250 0.472656 0.408203 0.470703 0.412109 0.470703 0.412109 0.468750 0.414062 0.466797 0.416016 0.466797 0.419922 0.462891 0.421875 0.464844 0.423828 0.462891 0.423828 0.460938 0.425781 0.458984 0.427734 0.458984 0.429688 0.457031 0.429688 0.455078 0.437500 0.447266 0.437500 0.445312 0.435547 0.443359 0.435547 0.441406 0.437500 0.439453 0.437500 0.431641 0.443359 0.425781 0.443359 0.423828 0.441406 0.421875 0.441406 0.419922 0.443359 0.417969 0.445312 0.419922 0.445312 0.417969 0.441406 0.414062 0.445312 0.410156 0.443359 0.410156 0.439453 0.406250 0.439453 0.404297 0.437500 0.402344 0.437500 0.398438 0.439453 0.396484 0.439453 0.394531 0.441406 0.392578 0.443359 0.392578 0.445312 0.394531 0.445312 0.392578 0.447266 0.390625 0.449219 0.390625 0.451172 0.392578 0.451172 0.394531 0.453125 0.394531 0.455078 0.396484 0.455078 0.398438 0.457031 0.398438 0.460938 0.402344 0.460938 0.404297 0.466797 0.404297 0.466797 0.394531 0.468750 0.392578 0.474609 0.392578 0.476562 0.394531 0.476562 0.396484 0.478516 0.396484 0.480469 0.398438 0.480469 0.400391 0.486328 0.400391 0.488281 0.402344 0.488281 0.404297 0.490234 0.404297 0.492188 0.402344 0.498047 0.402344 0.500000 0.404297 0.498047 0.406250 0.496094 0.406250 0.494141 0.408203 0.494141 0.412109 0.492188 0.414062 0.492188 0.416016 0.496094 0.419922 0.496094 0.423828 0.500000 0.427734 0.501953 0.427734 0.501953 0.425781 0.503906 0.423828 0.509766 0.423828 0.509766 0.421875 0.511719 0.419922 0.515625 0.419922 0.517578 0.417969 0.517578 0.402344 0.523438 0.396484 0.525391 0.396484 0.525391 0.373047 0.527344 0.371094 0.529297 0.371094 0.529297 0.365234 0.527344 0.363281 0.527344 0.359375 0.525391 0.357422 0.525391 0.347656 0.523438 0.347656 0.521484 0.345703 0.521484 0.341797 0.519531 0.339844 0.519531 0.337891 0.517578 0.335938 0.513672 0.335938 0.511719 0.333984 0.509766 0.333984 0.507812 0.332031 0.507812 0.330078 0.509766 0.328125 0.509766 0.324219 0.511719 0.322266 0.511719 0.320312 0.513672 0.318359 0.521484 0.318359 0.523438 0.316406 0.525391 0.318359 0.527344 0.318359 0.527344 0.312500 0.529297 0.310547 0.533203 0.310547 0.539062 0.316406 0.539062 0.320312 0.546875 0.328125 0.546875 0.330078 0.548828 0.330078 0.552734 0.326172 0.564453 0.326172 0.566406 0.328125 0.566406 0.333984 0.562500 0.337891 0.562500 0.339844 0.560547 0.341797 0.560547 0.343750 0.558594 0.345703 0.562500 0.345703 0.564453 0.343750 0.566406 0.345703 0.566406 0.343750 0.568359 0.341797 0.572266 0.341797 0.572266 0.339844 0.576172 0.335938 0.576172 0.333984 0.580078 0.330078 0.580078 0.316406 0.578125 0.314453 0.578125 0.312500 0.576172 0.310547 0.576172 0.306641 0.572266 0.302734 0.572266 0.294922 0.576172 0.291016 0.576172 0.289062 0.574219 0.289062 0.572266 0.287109 0.572266 0.285156 0.568359 0.285156 0.564453 0.281250 0.562500 0.281250 0.562500 0.283203 0.560547 0.285156 0.558594 0.285156 0.556641 0.287109 0.554688 0.287109 0.554688 0.289062 0.552734 0.291016 0.550781 0.291016 0.548828 0.292969 0.546875 0.292969 0.544922 0.291016 0.544922 0.289062 0.542969 0.289062 0.541016 0.287109 0.541016 0.279297 0.544922 0.275391 0.544922 0.273438 0.546875 0.271484 0.548828 0.271484 0.548828 0.269531 0.550781 0.267578 0.560547 0.267578 0.564453 0.263672 0.564453 0.261719 0.566406 0.259766 0.568359 0.259766 0.570312 0.261719 0.570312 0.267578 0.572266 0.269531 0.572266 0.271484 0.574219 0.271484 0.576172 0.273438 0.585938 0.273438 0.587891 0.275391 0.591797 0.275391 0.593750 0.277344 0.595703 0.277344 0.597656 0.279297 0.597656 0.283203 0.599609 0.285156 0.597656 0.287109 0.599609 0.287109 0.601562 0.289062 0.603516 0.289062 0.605469 0.291016 0.605469 0.302734 0.603516 0.304688 0.603516 0.322266 0.605469 0.324219 0.605469 0.326172 0.609375 0.330078 0.609375 0.337891 0.607422 0.339844 0.595703 0.339844 0.595703 0.347656 0.593750 0.349609 0.593750 0.351562 0.589844 0.355469 0.587891 0.353516 0.587891 0.351562 0.585938 0.351562 0.583984 0.349609 0.580078 0.349609 0.576172 0.353516 0.580078 0.353516 0.582031 0.355469 0.582031 0.357422 0.583984 0.359375 0.583984 0.365234 0.585938 0.367188 0.585938 0.369141 0.583984 0.371094 0.583984 0.373047 0.582031 0.375000 0.582031 0.376953 0.583984 0.376953 0.587891 0.380859 0.578125 0.390625 0.578125 0.392578 0.576172 0.394531 0.576172 0.396484 0.574219 0.398438 0.574219 0.400391 0.572266 0.402344 0.570312 0.402344 0.570312 0.404297 0.566406 0.408203 0.566406 0.412109 0.564453 0.414062 0.558594 0.414062 0.558594 0.416016 0.556641 0.417969 0.550781 0.417969 0.548828 0.416016 0.548828 0.417969 0.546875 0.419922 0.546875 0.421875 0.548828 0.421875 0.550781 0.423828 0.556641 0.423828 0.562500 0.417969 0.564453 0.419922 0.568359 0.419922 0.570312 0.421875 0.570312 0.431641 0.572266 0.431641 0.574219 0.433594 0.574219 0.435547 0.576172 0.435547 0.580078 0.439453 0.582031 0.437500 0.587891 0.437500 0.589844 0.435547 0.591797 0.437500 0.591797 0.439453 0.589844 0.441406 0.589844 0.445312 0.585938 0.449219 0.583984 0.449219 0.583984 0.451172 0.582031 0.453125 0.582031 0.455078 0.583984 0.455078 0.585938 0.457031 0.585938 0.458984 0.587891 0.458984 0.589844 0.460938 0.589844 0.466797 0.593750 0.470703 0.593750 0.474609 0.599609 0.474609 0.601562 0.472656 0.603516 0.472656 0.605469 0.474609 0.605469 0.478516 0.601562 0.482422 0.603516 0.484375 0.603516 0.486328 0.601562 0.488281 0.601562 0.496094 0.597656 0.500000 0.597656 0.505859 0.599609 0.505859 0.601562 0.507812 0.601562 0.511719 0.607422 0.517578 0.609375 0.517578 0.609375 0.513672 0.613281 0.509766 0.615234 0.509766 0.617188 0.511719 0.619141 0.511719 0.625000 0.517578 0.626953 0.517578 0.628906 0.519531 0.638672 0.519531 0.640625 0.517578 0.648438 0.517578 0.650391 0.519531 0.650391 0.521484 0.648438 0.523438 0.648438 0.527344 0.652344 0.531250 0.652344 0.533203 0.654297 0.533203 0.658203 0.537109 0.656250 0.539062 0.656250 0.541016 0.646484 0.550781 0.644531 0.548828 0.644531 0.546875 0.640625 0.542969 0.632812 0.542969 0.628906 0.546875 0.628906 0.558594 0.640625 0.570312 0.644531 0.570312 0.646484 0.572266 0.656250 0.572266 0.656250 0.570312 0.658203 0.568359 0.658203 0.566406 0.662109 0.562500 0.664062 0.562500 0.666016 0.564453 0.666016 0.574219 0.671875 0.574219 0.675781 0.570312 0.681641 0.576172 0.687500 0.576172 0.689453 0.578125 0.689453 0.583984 0.699219 0.583984 0.701172 0.582031 0.703125 0.582031 0.705078 0.580078 0.712891 0.580078 0.718750 0.574219 0.718750 0.558594 0.716797 0.556641 0.714844 0.556641 0.712891 0.554688 0.714844 0.552734 0.714844 0.550781 0.716797 0.548828 0.716797 0.544922 0.726562 0.535156 0.730469 0.535156 0.732422 0.533203 0.734375 0.535156 0.734375 0.537109 0.738281 0.541016 0.738281 0.544922 0.748047 0.544922 0.751953 0.541016 0.751953 0.539062 0.753906 0.537109 0.753906 0.535156 0.757812 0.531250 0.757812 0.529297 0.759766 0.527344 0.759766 0.519531 0.757812 0.517578 0.757812 0.511719 0.765625 0.503906 0.767578 0.503906 0.769531 0.501953 0.771484 0.501953 0.775391 0.498047 0.779297 0.498047 0.781250 0.496094 0.785156 0.496094 0.787109 0.494141 0.789062 0.496094 0.791016 0.496094 0.792969 0.494141 0.794922 0.496094 0.802734 0.496094 0.804688 0.494141 0.808594 0.494141 0.808594 0.486328 0.810547 0.484375 0.810547 0.468750 0.808594 0.466797 0.808594 0.462891 0.804688 0.458984 0.804688 0.457031 0.806641 0.455078 0.806641 0.449219 0.808594 0.447266 0.808594 0.443359 0.806641 0.443359 0.804688 0.441406 0.808594 0.437500 0.808594 0.435547 0.810547 0.433594 0.810547 0.429688 0.806641 0.425781 0.804688 0.425781 0.802734 0.423828 0.802734 0.421875 0.804688 0.419922 0.808594 0.419922 0.814453 0.414062 0.820312 0.419922 0.826172 0.419922 0.832031 0.414062 0.832031 0.410156 0.826172 0.404297 0.824219 0.404297 0.814453 0.394531 0.804688 0.394531 0.804688 0.396484 0.800781 0.400391 0.802734 0.402344 0.798828 0.406250 0.794922 0.406250 0.791016 0.402344 0.791016 0.394531 0.792969 0.392578 0.792969 0.386719 0.798828 0.380859 0.798828 0.367188 0.794922 0.363281 0.794922 0.361328 0.792969 0.359375 0.791016 0.359375 0.789062 0.357422 0.789062 0.351562 0.791016 0.349609 0.791016 0.347656 0.794922 0.343750 0.804688 0.343750 0.812500 0.351562 0.812500 0.353516 0.814453 0.355469 0.820312 0.355469 0.822266 0.353516 0.824219 0.353516 0.824219 0.351562 0.826172 0.349609 0.826172 0.345703 0.828125 0.343750 0.830078 0.343750 0.832031 0.345703 0.832031 0.347656 0.833984 0.349609 0.833984 0.345703 0.835938 0.343750 0.839844 0.343750 0.841797 0.345703 0.845703 0.345703 0.847656 0.347656 0.849609 0.345703 0.853516 0.345703 0.855469 0.347656 0.857422 0.347656 0.859375 0.349609 0.859375 0.351562 0.861328 0.353516 0.880859 0.353516 0.882812 0.351562 0.888672 0.351562 0.890625 0.349609 0.892578 0.349609 0.894531 0.347656 0.896484 0.347656 0.898438 0.345703 0.900391 0.345703 0.904297 0.341797 0.908203 0.341797 0.910156 0.343750 0.914062 0.343750 0.916016 0.341797 0.917969 0.343750 0.917969 0.357422 0.919922 0.357422 0.921875 0.359375 0.923828 0.359375 0.925781 0.361328 0.925781 0.363281 0.923828 0.365234 0.921875 0.365234 0.921875 0.367188 0.923828 0.369141 0.923828 0.373047 0.921875 0.375000 0.921875 0.376953 0.923828 0.378906 0.923828 0.386719 0.925781 0.388672 0.925781 0.390625 0.929688 0.394531 0.929688 0.396484 0.931641 0.396484 0.933594 0.398438 0.933594 0.400391 0.931641 0.402344 0.925781 0.402344 0.921875 0.406250 0.921875 0.408203 0.919922 0.410156 0.914062 0.410156 0.912109 0.412109 0.910156 0.410156 0.910156 0.412109 0.908203 0.414062 0.906250 0.414062 0.904297 0.416016 0.902344 0.416016 0.900391 0.417969 0.894531 0.417969 0.894531 0.423828 0.898438 0.427734 0.898438 0.429688 0.900391 0.431641 0.900391 0.439453 0.904297 0.443359 0.904297 0.468750 0.908203 0.472656 0.908203 0.474609 0.906250 0.476562 0.906250 0.478516 0.904297 0.480469 0.898438 0.480469 0.896484 0.478516 0.892578 0.478516 0.890625 0.476562 0.890625 0.472656 0.888672 0.472656 0.886719 0.474609 0.876953 0.474609 0.875000 0.472656 0.871094 0.472656 0.871094 0.474609 0.869141 0.476562 0.863281 0.470703 0.863281 0.468750 0.851562 0.468750 0.849609 0.470703 0.843750 0.470703 0.841797 0.472656 0.841797 0.474609 0.843750 0.476562 0.843750 0.482422 0.845703 0.484375 0.857422 0.484375 0.859375 0.486328 0.867188 0.486328 0.867188 0.480469 0.869141 0.478516 0.873047 0.478516 0.875000 0.480469 0.876953 0.480469 0.878906 0.482422 0.878906 0.484375 0.884766 0.484375 0.890625 0.478516 0.896484 0.478516 0.898438 0.480469 0.898438 0.482422 0.896484 0.484375 0.894531 0.484375 0.894531 0.486328 0.892578 0.488281 0.890625 0.488281 0.888672 0.490234 0.884766 0.490234 0.882812 0.492188 0.880859 0.492188 0.880859 0.494141 0.876953 0.498047 0.875000 0.498047 0.873047 0.500000 0.871094 0.500000 0.869141 0.501953 0.867188 0.501953 0.865234 0.503906 0.861328 0.503906 0.857422 0.507812 0.855469 0.507812 0.855469 0.509766 0.853516 0.511719 0.851562 0.511719 0.853516 0.513672 0.851562 0.515625 0.851562 0.517578 0.849609 0.519531 0.847656 0.519531 0.847656 0.529297 0.845703 0.531250 0.843750 0.531250 0.839844 0.535156 0.839844 0.537109 0.837891 0.539062 0.833984 0.539062 0.830078 0.542969 0.826172 0.542969 0.826172 0.544922 0.824219 0.546875 0.822266 0.546875 0.820312 0.548828 0.820312 0.554688 0.818359 0.556641 0.818359 0.560547 0.806641 0.572266 0.806641 0.578125 0.804688 0.580078 0.806641 0.582031 0.806641 0.583984 0.808594 0.585938 0.808594 0.587891 0.810547 0.589844 0.810547 0.593750 0.808594 0.595703 0.808594 0.609375 0.810547 0.611328 0.814453 0.611328 0.816406 0.609375 0.822266 0.609375 0.824219 0.607422 0.828125 0.607422 0.830078 0.609375 0.830078 0.611328 0.832031 0.613281 0.832031 0.621094 0.830078 0.623047 0.830078 0.626953 0.832031 0.628906 0.830078 0.630859 0.830078 0.632812 0.835938 0.638672 0.832031 0.642578 0.832031 0.650391 0.833984 0.650391 0.835938 0.652344 0.835938 0.654297 0.839844 0.658203 0.845703 0.658203 0.847656 0.660156 0.847656 0.664062 0.849609 0.662109 0.853516 0.662109 0.855469 0.664062 0.853516 0.666016 0.855469 0.667969 0.857422 0.667969 0.859375 0.666016 0.861328 0.666016 0.865234 0.662109 0.865234 0.658203 0.867188 0.656250 0.867188 0.654297 0.869141 0.652344 0.869141 0.648438 0.871094 0.646484 0.875000 0.646484 0.884766 0.656250 0.884766 0.658203 0.886719 0.660156 0.886719 0.664062 0.888672 0.664062 0.890625 0.666016 0.890625 0.667969 0.892578 0.669922 0.892578 0.671875 0.894531 0.673828 0.892578 0.675781 0.890625 0.675781 0.886719 0.671875 0.884766 0.671875 0.884766 0.673828 0.886719 0.675781 0.886719 0.677734 0.888672 0.677734 0.890625 0.679688 0.890625 0.683594 0.886719 0.687500 0.884766 0.687500 0.878906 0.693359 0.878906 0.695312 0.876953 0.697266 0.876953 0.699219 0.882812 0.705078 0.882812 0.708984 0.884766 0.710938 0.888672 0.707031 0.890625 0.707031 0.894531 0.710938 0.894531 0.712891 0.896484 0.710938 0.896484 0.708984 0.898438 0.707031 0.900391 0.707031 0.902344 0.705078 0.906250 0.705078 0.908203 0.703125 0.910156 0.703125 0.912109 0.705078 0.912109 0.707031 0.914062 0.708984 0.912109 0.710938 0.910156 0.710938 0.910156 0.714844 0.908203 0.716797 0.908203 0.718750 0.906250 0.720703 0.906250 0.722656 0.904297 0.724609 0.904297 0.726562 0.906250 0.728516 0.906250 0.730469 0.904297 0.732422 0.906250 0.734375 0.906250 0.738281 0.904297 0.740234 0.904297 0.746094 0.900391 0.750000 0.898438 0.750000 0.898438 0.751953 0.900391 0.753906 0.902344 0.751953 0.904297 0.751953 0.906250 0.753906 0.906250 0.763672 0.904297 0.765625 0.904297 0.767578 0.902344 0.769531 0.902344 0.779297 0.898438 0.783203 0.896484 0.781250 0.894531 0.781250 0.888672 0.787109 0.886719 0.787109 0.884766 0.785156 0.882812 0.787109 0.882812 0.798828 0.880859 0.800781 0.878906 0.800781 0.878906 0.808594 0.880859 0.810547 0.878906 0.812500 0.878906 0.814453 0.876953 0.816406 0.875000 0.816406 0.873047 0.814453 0.869141 0.814453 0.867188 0.816406 0.867188 0.818359 0.865234 0.820312 0.865234 0.822266 0.861328 0.826172 0.857422 0.822266 0.859375 0.820312 0.859375 0.818359 0.861328 0.816406 0.859375 0.814453 0.859375 0.794922 0.857422 0.792969 0.857422 0.789062 0.855469 0.789062 0.851562 0.785156 0.851562 0.783203 0.853516 0.781250 0.847656 0.781250 0.845703 0.779297 0.849609 0.775391 0.851562 0.775391 0.855469 0.771484 0.861328 0.771484 0.861328 0.767578 0.859375 0.765625 0.859375 0.763672 0.857422 0.761719 0.857422 0.753906 0.855469 0.751953 0.853516 0.753906 0.851562 0.753906 0.849609 0.751953 0.847656 0.751953 0.843750 0.755859 0.843750 0.759766 0.841797 0.761719 0.820312 0.761719 0.818359 0.759766 0.818359 0.757812 0.816406 0.755859 0.818359 0.753906 0.818359 0.740234 0.816406 0.738281 0.802734 0.738281 0.800781 0.736328 0.796875 0.736328 0.794922 0.734375 0.792969 0.734375 0.787109 0.728516 0.787109 0.726562 0.785156 0.724609 0.785156 0.722656 0.783203 0.722656 0.771484 0.710938 0.769531 0.710938 0.767578 0.708984 0.767578 0.707031 0.765625 0.708984 0.763672 0.707031 0.761719 0.707031 0.759766 0.705078 0.757812 0.705078 0.755859 0.707031 0.753906 0.707031 0.751953 0.708984 0.750000 0.708984 0.750000 0.714844 0.748047 0.716797 0.746094 0.716797 0.744141 0.718750 0.744141 0.720703 0.736328 0.728516 0.736328 0.744141 0.738281 0.746094 0.738281 0.750000 0.740234 0.751953 0.740234 0.753906 0.742188 0.753906 0.746094 0.757812 0.755859 0.757812 0.757812 0.759766 0.759766 0.759766 0.763672 0.763672 0.763672 0.765625 0.771484 0.765625 0.773438 0.767578 0.775391 0.767578 0.777344 0.769531 0.777344 0.781250 0.781250 0.785156 0.781250 0.792969 0.779297 0.794922 0.777344 0.794922 0.775391 0.796875 0.765625 0.796875 0.763672 0.798828 0.761719 0.798828 0.759766 0.800781 0.753906 0.800781 0.751953 0.802734 0.748047 0.798828 0.748047 0.794922 0.744141 0.791016 0.744141 0.789062 0.740234 0.789062 0.738281 0.787109 0.738281 0.785156 0.740234 0.783203 0.742188 0.783203 0.742188 0.781250 0.740234 0.781250 0.738281 0.779297 0.738281 0.777344 0.730469 0.777344 0.728516 0.779297 0.730469 0.781250 0.730469 0.783203 0.734375 0.783203 0.736328 0.785156 0.736328 0.787109 0.734375 0.789062 0.734375 0.791016 0.730469 0.794922 0.730469 0.796875 0.726562 0.800781 0.724609 0.800781 0.722656 0.802734 0.722656 0.804688 0.724609 0.806641 0.724609 0.814453 0.722656 0.816406 0.720703 0.816406 0.716797 0.820312 0.708984 0.820312 0.707031 0.818359 0.699219 0.818359 0.695312 0.822266 0.695312 0.824219 0.693359 0.826172 0.691406 0.826172 0.687500 0.830078 0.687500 0.833984 0.685547 0.835938 0.685547 0.837891 0.683594 0.839844 0.683594 0.849609 0.677734 0.855469 0.673828 0.851562 0.666016 0.859375 0.660156 0.859375 0.660156 0.863281 0.662109 0.865234 0.658203 0.869141 0.656250 0.869141 0.654297 0.867188 0.650391 0.867188 0.648438 0.869141 0.648438 0.873047 0.646484 0.875000 0.646484 0.878906 0.644531 0.880859 0.644531 0.884766 0.642578 0.886719 0.640625 0.886719 0.638672 0.888672 0.632812 0.888672 0.628906 0.884766 0.625000 0.884766 0.625000 0.892578 0.632812 0.892578 0.634766 0.890625 0.638672 0.890625 0.640625 0.892578 0.646484 0.892578 0.648438 0.894531 0.650391 0.894531 0.652344 0.896484 0.652344 0.898438 0.650391 0.900391 0.662109 0.900391 0.664062 0.898438 0.667969 0.898438 0.669922 0.900391 0.669922 0.906250 0.669922 0.904297 0.671875 0.902344 0.675781 0.906250 0.675781 0.908203 0.677734 0.910156 0.677734 0.912109 0.675781 0.914062 0.675781 0.917969 0.673828 0.919922 0.669922 0.919922 0.667969 0.921875 0.669922 0.921875 0.671875 0.923828 0.671875 0.927734 0.673828 0.927734 0.675781 0.925781 0.677734 0.927734 0.681641 0.927734 0.683594 0.929688 0.685547 0.927734 0.689453 0.931641 0.689453 0.935547 0.693359 0.935547 0.695312 0.937500 0.699219 0.937500 0.701172 0.939453 0.701172 0.941406 0.703125 0.943359 0.701172 0.945312 0.699219 0.945312 0.699219 0.947266 0.695312 0.951172 0.693359 0.951172 0.691406 0.949219 0.689453 0.949219 0.689453 0.951172 0.687500 0.953125 0.687500 0.955078 0.691406 0.958984 0.697266 0.958984 0.699219 0.960938 0.708984 0.960938 0.708984 0.958984 0.707031 0.958984 0.705078 0.957031 0.705078 0.953125 0.707031 0.951172 0.707031 0.947266 0.710938 0.943359 0.716797 0.943359 0.718750 0.941406 0.720703 0.941406 0.724609 0.945312 0.724609 0.949219 0.726562 0.951172 0.726562 0.953125 0.730469 0.957031 0.746094 0.957031 0.748047 0.955078 0.751953 0.955078 0.751953 0.953125 0.753906 0.951172 0.759766 0.951172 0.761719 0.949219 0.765625 0.953125 0.765625 0.955078 0.767578 0.955078 0.769531 0.957031 0.769531 0.960938 0.771484 0.962891 0.773438 0.962891 0.775391 0.964844 0.775391 0.966797 0.773438 0.968750 0.771484 0.968750 0.771484 0.970703 0.773438 0.972656 0.773438 0.984375 0.777344 0.988281 0.777344 0.992188 0.927734 0.992188 0.927734 0.978516 0.925781 0.976562 0.925781 0.974609 0.914062 0.962891 0.916016 0.960938 0.916016 0.949219 0.919922 0.945312 0.919922 0.937500 0.916016 0.933594 0.916016 0.931641 0.917969 0.929688 0.917969 0.927734 0.916016 0.925781 0.917969 0.923828 0.917969 0.917969 0.919922 0.916016 0.921875 0.916016 0.921875 0.914062 0.919922 0.912109 0.921875 0.910156 0.925781 0.910156 0.929688 0.914062 0.929688 0.919922 0.933594 0.919922 0.937500 0.923828 0.939453 0.923828 0.941406 0.925781 0.941406 0.927734 0.943359 0.927734 0.945312 0.929688 0.945312 0.935547 0.941406 0.939453 0.941406 0.941406 0.943359 0.943359 0.947266 0.943359 0.949219 0.941406 0.951172 0.941406 0.953125 0.939453 0.955078 0.939453 0.958984 0.935547 0.957031 0.933594 0.958984 0.931641 0.958984 0.929688 0.964844 0.923828 0.966797 0.923828 0.970703 0.919922 0.970703 0.917969 0.972656 0.916016 0.974609 0.916016 0.974609 0.904297 0.976562 0.902344 0.976562 0.898438 0.978516 0.896484 0.978516 0.894531 0.980469 0.892578 0.978516 0.890625 0.978516 0.886719 0.980469 0.884766 0.982422 0.884766 0.982422 0.882812 0.984375 0.880859 0.992188 0.880859 0.992188 0.876953 0.988281 0.873047 0.988281 0.871094 0.986328 0.869141 0.986328 0.861328 0.984375 0.861328 0.982422 0.859375 0.982422 0.853516 0.984375 0.851562 0.986328 0.851562 0.988281 0.853516 0.992188 0.853516 0.992188 0.488281 0.984375 0.496094 0.984375 0.498047 0.982422 0.500000 0.980469 0.500000 0.978516 0.501953 0.974609 0.501953 0.968750 0.496094 0.968750 0.490234 0.970703 0.488281 0.976562 0.488281 0.976562 0.486328 0.974609 0.484375 0.974609 0.478516 0.972656 0.476562 0.972656 0.472656 0.970703 0.470703 0.968750 0.470703 0.966797 0.468750 0.966797 0.460938 0.968750 0.458984 0.972656 0.458984 0.974609 0.460938 0.976562 0.460938 0.978516 0.462891 0.978516 0.464844 0.982422 0.468750 0.982422 0.470703 0.984375 0.472656 0.992188 0.472656 0.992188 0.230469 0.990234 0.228516 0.990234 0.222656 0.986328 0.218750 0.982422 0.218750 0.980469 0.216797 0.976562 0.220703 0.976562 0.222656 0.970703 0.228516 0.972656 0.230469 0.972656 0.232422 0.974609 0.234375 0.978516 0.234375 0.982422 0.238281 0.980469 0.240234 0.980469 0.242188 0.978516 0.244141 0.978516 0.248047 0.976562 0.250000 0.972656 0.250000 0.970703 0.248047 0.968750 0.248047 0.966797 0.246094 0.962891 0.246094 0.960938 0.244141 0.960938 0.242188 0.962891 0.240234 0.962891 0.234375 0.958984 0.230469 0.958984 0.228516 0.957031 0.226562 0.957031 0.222656 0.955078 0.220703 0.955078 0.218750 0.957031 0.216797 0.957031 0.212891 0.955078 0.210938 0.955078 0.207031 0.953125 0.207031 0.951172 0.205078 0.951172 0.201172 0.949219 0.201172 0.943359 0.195312 0.941406 0.195312 0.939453 0.193359 0.937500 0.195312 0.935547 0.193359 0.935547 0.191406 0.933594 0.189453 0.933594 0.187500 0.931641 0.185547 0.931641 0.183594 0.917969 0.183594 0.917969 0.185547 0.914062 0.189453 0.914062 0.191406 0.912109 0.193359 0.906250 0.193359 0.902344 0.189453 0.902344 0.183594 0.900391 0.181641 0.898438 0.181641 0.894531 0.177734 0.888672 0.177734 0.884766 0.181641 0.882812 0.181641 0.880859 0.179688 0.878906 0.179688 0.876953 0.181641 0.875000 0.181641 0.873047 0.179688 0.869141 0.183594 0.867188 0.181641 0.865234 0.183594 0.863281 0.183594 0.857422 0.177734 0.855469 0.179688 0.851562 0.179688 0.849609 0.177734 0.849609 0.175781 0.847656 0.175781 0.843750 0.179688 0.841797 0.179688 0.841797 0.181641 0.839844 0.183594 0.839844 0.185547 0.841797 0.187500 0.843750 0.187500 0.851562 0.195312 0.853516 0.195312 0.855469 0.197266 0.857422 0.197266 0.859375 0.199219 0.859375 0.203125 0.857422 0.205078 0.855469 0.205078 0.855469 0.208984 0.853516 0.210938 0.847656 0.210938 0.845703 0.208984 0.845703 0.207031 0.841797 0.207031 0.839844 0.205078 0.839844 0.203125 0.837891 0.201172 0.837891 0.197266 0.833984 0.193359 0.828125 0.193359 0.828125 0.205078 0.830078 0.207031 0.832031 0.207031 0.835938 0.210938 0.835938 0.212891 0.837891 0.214844 0.830078 0.222656 0.812500 0.222656 0.812500 0.228516 0.810547 0.230469 0.812500 0.232422 0.812500 0.236328 0.808594 0.240234 0.808594 0.250000 0.804688 0.253906 0.800781 0.253906 0.800781 0.255859 0.798828 0.257812 0.796875 0.257812 0.796875 0.259766 0.794922 0.261719 0.791016 0.261719 0.789062 0.259766 0.787109 0.259766 0.785156 0.261719 0.781250 0.261719 0.781250 0.269531 0.779297 0.271484 0.779297 0.277344 0.781250 0.279297 0.779297 0.281250 0.777344 0.281250 0.777344 0.283203 0.775391 0.285156 0.769531 0.285156 0.769531 0.287109 0.767578 0.289062 0.765625 0.289062 0.765625 0.298828 0.767578 0.300781 0.767578 0.302734 0.769531 0.304688 0.773438 0.304688 0.781250 0.312500 0.781250 0.326172 0.779297 0.328125 0.777344 0.328125 0.773438 0.332031 0.771484 0.332031 0.769531 0.333984 0.767578 0.332031 0.765625 0.332031 0.763672 0.330078 0.763672 0.312500 0.757812 0.312500 0.755859 0.310547 0.755859 0.308594 0.753906 0.308594 0.751953 0.306641 0.750000 0.306641 0.748047 0.304688 0.732422 0.304688 0.730469 0.306641 0.724609 0.306641 0.722656 0.308594 0.718750 0.308594 0.714844 0.304688 0.710938 0.304688 0.708984 0.302734 0.710938 0.300781 0.707031 0.300781 0.705078 0.298828 0.705078 0.296875 0.703125 0.294922 0.703125 0.292969 0.708984 0.287109 0.710938 0.287109 0.712891 0.285156 0.712891 0.283203 0.714844 0.281250 0.716797 0.283203 0.722656 0.283203 0.722656 0.281250 0.726562 0.277344 0.728516 0.277344 0.730469 0.279297 0.730469 0.281250 0.732422 0.279297 0.730469 0.277344 0.734375 0.273438 0.734375 0.265625 0.732422 0.263672 0.732422 0.261719 0.730469 0.261719 0.728516 0.259766 0.728516 0.257812 0.726562 0.255859 0.726562 0.253906 0.728516 0.251953 0.728516 0.226562 0.724609 0.226562 0.720703 0.222656 0.718750 0.222656 0.716797 0.220703 0.708984 0.220703 0.705078 0.224609 0.701172 0.224609 0.699219 0.226562 0.699219 0.228516 0.697266 0.230469 0.693359 0.230469 0.693359 0.232422 0.687500 0.238281 0.681641 0.238281 0.681641 0.244141 0.679688 0.246094 0.677734 0.246094 0.677734 0.255859 0.679688 0.257812 0.679688 0.261719 0.683594 0.265625 0.683594 0.267578 0.681641 0.269531 0.679688 0.269531 0.679688 0.281250 0.677734 0.283203 0.673828 0.283203 0.671875 0.281250 0.669922 0.281250 0.667969 0.279297 0.667969 0.277344 0.666016 0.277344 0.664062 0.275391 0.662109 0.275391 0.660156 0.273438 0.656250 0.273438 0.654297 0.271484 0.650391 0.271484 0.646484 0.267578 0.642578 0.267578 0.640625 0.265625 0.640625 0.263672 0.638672 0.261719 0.636719 0.261719 0.628906 0.253906 0.628906 0.251953 0.630859 0.250000 0.626953 0.246094 0.625000 0.248047 0.611328 0.248047 0.609375 0.246094 0.609375 0.236328 0.613281 0.232422 0.613281 0.230469 0.615234 0.228516 0.617188 0.228516 0.617188 0.226562 0.619141 0.224609 0.617188 0.222656 0.617188 0.210938 0.619141 0.208984 0.619141 0.203125 0.621094 0.201172 0.621094 0.199219 0.623047 0.197266 0.623047 0.195312 0.625000 0.193359 0.630859 0.193359 0.634766 0.197266 0.634766 0.199219 0.636719 0.197266 0.638672 0.199219 0.648438 0.199219 0.650391 0.201172 0.654297 0.201172 0.656250 0.203125 0.658203 0.203125 0.662109 0.207031 0.664062 0.207031 0.666016 0.208984 0.667969 0.207031 0.669922 0.207031 0.671875 0.205078 0.671875 0.193359 0.669922 0.191406 0.669922 0.189453 0.666016 0.185547 0.666016 0.183594 0.664062 0.183594 0.662109 0.181641 0.662109 0.179688 0.660156 0.177734 0.660156 0.173828 0.658203 0.171875 0.660156 0.169922 0.662109 0.169922 0.664062 0.167969 0.666016 0.167969 0.666016 0.166016 0.669922 0.162109 0.669922 0.158203 0.662109 0.158203 0.662109 0.160156 0.660156 0.162109 0.658203 0.162109 0.658203 0.164062 0.656250 0.166016 0.654297 0.166016 0.652344 0.164062 0.652344 0.162109 0.650391 0.160156 0.650391 0.158203 0.648438 0.156250 0.648438 0.154297 0.646484 0.152344 0.646484 0.150391 0.644531 0.148438 0.644531 0.146484 0.646484 0.144531 0.646484 0.142578 0.644531 0.140625 0.644531 0.130859 0.648438 0.126953 0.650391 0.126953 0.652344 0.125000 0.652344 0.117188 0.654297 0.115234 0.654297 0.113281 0.656250 0.111328 0.656250 0.109375 0.658203 0.107422 0.658203 0.101562 0.656250 0.099609 0.656250 0.097656 0.654297 0.095703 0.652344 0.095703 0.650391 0.093750 0.650391 0.089844 0.646484 0.089844 0.644531 0.087891 0.640625 0.087891 0.638672 0.085938 0.638672 0.082031 0.636719 0.080078 0.634766 0.080078 0.630859 0.076172 0.625000 0.076172 0.623047 0.074219 0.623047 0.068359 0.621094 0.066406 0.621094 0.062500 0.619141 0.060547 0.619141 0.058594 0.617188 0.056641 0.615234 0.056641 0.613281 0.054688 0.611328 0.054688 0.607422 0.050781 0.603516 0.050781 0.601562 0.052734 0.591797 0.052734 0.580078 0.064453 0.578125 0.062500 0.570312 0.062500 0.568359 0.060547 0.564453 0.060547 0.562500 0.058594 0.550781 0.058594 0.548828 0.060547 0.546875 0.060547 0.539062 0.068359 0.539062 0.080078 0.537109 0.082031 0.529297 0.082031 0.525391 0.085938 0.511719 0.085938 0.509766 0.083984 0.509766 0.082031 0.507812 0.082031 0.505859 0.083984 0.500000 0.083984 0.498047 0.082031 0.496094 0.082031 0.494141 0.080078 0.494141 0.078125 0.492188 0.076172 0.492188 0.074219 0.490234 0.072266 0.490234 0.070312 0.492188 0.068359 0.494141 0.068359 0.496094 0.066406 0.498047 0.066406 0.500000 0.064453 0.501953 0.064453 0.501953 0.060547 0.500000 0.060547 0.496094 0.056641 0.496094 0.054688 0.500000 0.050781 0.501953 0.050781 0.503906 0.048828 0.519531 0.048828 0.519531 0.046875 0.521484 0.044922 0.517578 0.041016 0.517578 0.039062 0.515625 0.039062 0.513672 0.037109 0.513672 0.035156 0.511719 0.035156 0.505859 0.029297 0.505859 0.017578 0.503906 0.015625 0.503906 0.009766 0.505859 0.007812 0.505859 0.003906 0.507812 0.001953 0.507812 0.000000
0 0.242188 0.000000 0.242188 0.001953 0.244141 0.003906 0.244141 0.005859 0.246094 0.007812 0.246094 0.013672 0.242188 0.017578 0.242188 0.019531 0.240234 0.021484 0.240234 0.025391 0.244141 0.025391 0.246094 0.027344 0.251953 0.027344 0.255859 0.031250 0.257812 0.031250 0.259766 0.033203 0.259766 0.037109 0.261719 0.039062 0.261719 0.041016 0.263672 0.041016 0.265625 0.042969 0.265625 0.046875 0.271484 0.046875 0.273438 0.048828 0.273438 0.050781 0.277344 0.054688 0.277344 0.056641 0.279297 0.058594 0.279297 0.066406 0.277344 0.068359 0.281250 0.068359 0.283203 0.070312 0.285156 0.070312 0.287109 0.072266 0.292969 0.072266 0.292969 0.062500 0.296875 0.058594 0.298828 0.058594 0.300781 0.056641 0.304688 0.056641 0.304688 0.054688 0.306641 0.052734 0.304688 0.050781 0.306641 0.048828 0.306641 0.037109 0.304688 0.035156 0.304688 0.023438 0.300781 0.019531 0.300781 0.017578 0.296875 0.013672 0.300781 0.009766 0.302734 0.009766 0.302734 0.007812 0.304688 0.005859 0.304688 0.003906 0.308594 0.000000
0 0.007812 0.000000 0.007812 0.001953 0.005859 0.003906 0.003906 0.003906 0.003906 0.005859 0.001953 0.007812 0.000000 0.007812 0.000000 0.048828 0.001953 0.048828 0.003906 0.050781 0.003906 0.052734 0.007812 0.052734 0.009766 0.054688 0.009766 0.056641 0.011719 0.058594 0.011719 0.060547 0.013672 0.060547 0.015625 0.062500 0.017578 0.062500 0.019531 0.060547 0.021484 0.062500 0.021484 0.064453 0.023438 0.066406 0.021484 0.068359 0.021484 0.072266 0.023438 0.074219 0.023438 0.078125 0.025391 0.080078 0.033203 0.080078 0.035156 0.082031 0.039062 0.082031 0.041016 0.083984 0.044922 0.080078 0.050781 0.080078 0.052734 0.082031 0.054688 0.082031 0.056641 0.083984 0.056641 0.085938 0.058594 0.087891 0.058594 0.089844 0.060547 0.089844 0.062500 0.087891 0.068359 0.093750 0.068359 0.095703 0.070312 0.097656 0.080078 0.097656 0.082031 0.099609 0.087891 0.099609 0.089844 0.101562 0.091797 0.101562 0.095703 0.105469 0.097656 0.105469 0.099609 0.107422 0.099609 0.117188 0.097656 0.119141 0.095703 0.119141 0.093750 0.121094 0.085938 0.121094 0.083984 0.123047 0.078125 0.123047 0.076172 0.125000 0.072266 0.125000 0.064453 0.132812 0.064453 0.134766 0.066406 0.136719 0.066406 0.138672 0.070312 0.142578 0.070312 0.144531 0.072266 0.146484 0.074219 0.146484 0.078125 0.150391 0.078125 0.154297 0.080078 0.156250 0.080078 0.158203 0.082031 0.160156 0.085938 0.160156 0.087891 0.162109 0.091797 0.162109 0.097656 0.167969 0.099609 0.167969 0.103516 0.171875 0.103516 0.173828 0.101562 0.175781 0.097656 0.175781 0.093750 0.179688 0.091797 0.179688 0.091797 0.181641 0.089844 0.183594 0.087891 0.183594 0.085938 0.185547 0.083984 0.185547 0.082031 0.183594 0.074219 0.183594 0.072266 0.181641 0.072266 0.179688 0.070312 0.177734 0.070312 0.175781 0.068359 0.173828 0.068359 0.171875 0.066406 0.169922 0.066406 0.166016 0.064453 0.164062 0.050781 0.164062 0.046875 0.167969 0.044922 0.167969 0.044922 0.169922 0.039062 0.175781 0.037109 0.175781 0.033203 0.179688 0.031250 0.179688 0.021484 0.189453 0.021484 0.199219 0.023438 0.201172 0.035156 0.201172 0.037109 0.199219 0.044922 0.199219 0.048828 0.195312 0.052734 0.199219 0.054688 0.199219 0.056641 0.201172 0.060547 0.201172 0.062500 0.203125 0.062500 0.220703 0.058594 0.224609 0.054688 0.224609 0.050781 0.228516 0.048828 0.228516 0.042969 0.234375 0.039062 0.234375 0.039062 0.236328 0.035156 0.240234 0.033203 0.240234 0.031250 0.242188 0.029297 0.240234 0.027344 0.240234 0.019531 0.232422 0.019531 0.226562 0.015625 0.222656 0.015625 0.220703 0.003906 0.208984 0.003906 0.207031 0.001953 0.207031 0.000000 0.205078 0.000000 0.396484 0.000000 0.394531 0.001953 0.392578 0.003906 0.392578 0.009766 0.386719 0.009766 0.384766 0.013672 0.380859 0.013672 0.378906 0.015625 0.376953 0.015625 0.373047 0.019531 0.369141 0.019531 0.367188 0.023438 0.363281 0.023438 0.343750 0.019531 0.339844 0.019531 0.337891 0.017578 0.337891 0.015625 0.335938 0.015625 0.330078 0.025391 0.320312 0.025391 0.318359 0.029297 0.314453 0.031250 0.314453 0.031250 0.312500 0.035156 0.308594 0.037109 0.308594 0.039062 0.306641 0.042969 0.306641 0.046875 0.310547 0.052734 0.310547 0.056641 0.314453 0.056641 0.316406 0.062500 0.316406 0.064453 0.318359 0.066406 0.316406 0.070312 0.316406 0.072266 0.314453 0.074219 0.314453 0.080078 0.308594 0.082031 0.308594 0.082031 0.306641 0.083984 0.304688 0.083984 0.302734 0.082031 0.300781 0.085938 0.296875 0.089844 0.296875 0.091797 0.298828 0.097656 0.298828 0.099609 0.300781 0.099609 0.302734 0.103516 0.302734 0.109375 0.296875 0.111328 0.298828 0.113281 0.298828 0.115234 0.300781 0.119141 0.300781 0.123047 0.296875 0.132812 0.296875 0.134766 0.294922 0.142578 0.294922 0.142578 0.292969 0.146484 0.289062 0.148438 0.289062 0.152344 0.285156 0.154297 0.285156 0.154297 0.283203 0.158203 0.279297 0.160156 0.279297 0.162109 0.277344 0.179688 0.277344 0.181641 0.279297 0.181641 0.281250 0.183594 0.279297 0.187500 0.279297 0.189453 0.277344 0.197266 0.277344 0.201172 0.273438 0.203125 0.273438 0.207031 0.269531 0.207031 0.259766 0.203125 0.255859 0.203125 0.253906 0.201172 0.251953 0.201172 0.250000 0.197266 0.246094 0.197266 0.238281 0.199219 0.236328 0.207031 0.236328 0.210938 0.240234 0.210938 0.242188 0.216797 0.248047 0.216797 0.250000 0.218750 0.250000 0.220703 0.248047 0.220703 0.246094 0.218750 0.244141 0.220703 0.242188 0.220703 0.236328 0.218750 0.236328 0.216797 0.234375 0.218750 0.232422 0.216797 0.230469 0.216797 0.228516 0.220703 0.224609 0.218750 0.222656 0.218750 0.220703 0.216797 0.222656 0.214844 0.222656 0.212891 0.224609 0.210938 0.222656 0.210938 0.220703 0.207031 0.220703 0.201172 0.214844 0.199219 0.214844 0.197266 0.212891 0.193359 0.212891 0.191406 0.210938 0.193359 0.208984 0.191406 0.207031 0.191406 0.205078 0.179688 0.193359 0.179688 0.185547 0.177734 0.183594 0.177734 0.181641 0.173828 0.181641 0.171875 0.179688 0.171875 0.173828 0.169922 0.171875 0.169922 0.169922 0.173828 0.166016 0.169922 0.162109 0.169922 0.158203 0.164062 0.158203 0.162109 0.156250 0.160156 0.156250 0.158203 0.154297 0.154297 0.154297 0.152344 0.152344 0.150391 0.152344 0.148438 0.150391 0.142578 0.150391 0.140625 0.148438 0.138672 0.148438 0.134766 0.144531 0.134766 0.140625 0.132812 0.138672 0.132812 0.136719 0.123047 0.126953 0.121094 0.126953 0.119141 0.125000 0.119141 0.113281 0.125000 0.107422 0.126953 0.107422 0.128906 0.105469 0.128906 0.103516 0.130859 0.101562 0.136719 0.101562 0.136719 0.099609 0.140625 0.095703 0.152344 0.095703 0.154297 0.097656 0.154297 0.101562 0.158203 0.101562 0.160156 0.103516 0.164062 0.103516 0.164062 0.101562 0.166016 0.099609 0.167969 0.101562 0.167969 0.103516 0.171875 0.107422 0.171875 0.109375 0.175781 0.113281 0.175781 0.117188 0.181641 0.117188 0.181641 0.115234 0.183594 0.113281 0.183594 0.107422 0.177734 0.101562 0.177734 0.099609 0.175781 0.097656 0.175781 0.095703 0.173828 0.095703 0.171875 0.093750 0.171875 0.087891 0.169922 0.085938 0.169922 0.083984 0.167969 0.082031 0.167969 0.078125 0.173828 0.072266 0.181641 0.072266 0.185547 0.068359 0.185547 0.060547 0.183594 0.058594 0.183594 0.056641 0.181641 0.054688 0.181641 0.052734 0.175781 0.046875 0.175781 0.044922 0.171875 0.041016 0.171875 0.039062 0.169922 0.037109 0.169922 0.029297 0.167969 0.027344 0.167969 0.023438 0.162109 0.017578 0.162109 0.013672 0.160156 0.013672 0.148438 0.001953 0.148438 0.000000