0 0.109375 0.919922 0.109375 0.933594 0.111328 0.935547 0.111328 0.941406 0.113281 0.943359 0.113281 0.949219 0.115234 0.951172 0.115234 0.953125 0.117188 0.955078 0.125000 0.955078 0.125000 0.947266 0.123047 0.945312 0.123047 0.943359 0.121094 0.941406 0.121094 0.937500 0.119141 0.935547 0.119141 0.927734 0.117188 0.925781 0.117188 0.919922
0 0.912109 0.894531 0.912109 0.902344 0.916016 0.902344 0.917969 0.904297 0.919922 0.904297 0.921875 0.906250 0.925781 0.906250 0.927734 0.908203 0.927734 0.910156 0.925781 0.912109 0.925781 0.914062 0.923828 0.916016 0.923828 0.923828 0.931641 0.923828 0.931641 0.921875 0.935547 0.917969 0.935547 0.914062 0.937500 0.912109 0.937500 0.900391 0.935547 0.898438 0.929688 0.898438 0.925781 0.894531
0 0.802734 0.878906 0.802734 0.880859 0.804688 0.882812 0.808594 0.882812 0.808594 0.880859 0.806641 0.880859 0.804688 0.878906
0 0.781250 0.851562 0.781250 0.859375 0.785156 0.863281 0.787109 0.863281 0.789062 0.865234 0.789062 0.869141 0.794922 0.869141 0.796875 0.871094 0.794922 0.873047 0.794922 0.875000 0.804688 0.875000 0.804688 0.873047 0.800781 0.869141 0.800781 0.867188 0.798828 0.865234 0.800781 0.863281 0.800781 0.861328 0.798828 0.859375 0.794922 0.859375 0.792969 0.857422 0.792969 0.855469 0.791016 0.855469 0.789062 0.853516 0.789062 0.851562
0 0.740234 0.824219 0.740234 0.826172 0.748047 0.833984 0.748047 0.835938 0.750000 0.835938 0.751953 0.837891 0.751953 0.839844 0.753906 0.839844 0.755859 0.841797 0.755859 0.843750 0.769531 0.857422 0.771484 0.857422 0.777344 0.863281 0.777344 0.865234 0.781250 0.869141 0.781250 0.871094 0.785156 0.875000 0.785156 0.876953 0.787109 0.876953 0.792969 0.882812 0.792969 0.884766 0.798828 0.890625 0.798828 0.892578 0.800781 0.894531 0.800781 0.896484 0.802734 0.898438 0.802734 0.908203 0.804688 0.910156 0.804688 0.914062 0.820312 0.929688 0.820312 0.931641 0.824219 0.935547 0.826172 0.935547 0.830078 0.939453 0.818359 0.927734 0.818359 0.925781 0.804688 0.912109 0.804688 0.908203 0.802734 0.906250 0.802734 0.898438 0.800781 0.896484 0.800781 0.894531 0.798828 0.892578 0.798828 0.890625 0.796875 0.888672 0.796875 0.886719 0.789062 0.878906 0.789062 0.876953 0.787109 0.876953 0.785156 0.875000 0.785156 0.873047 0.781250 0.869141 0.781250 0.867188 0.779297 0.867188 0.777344 0.865234 0.777344 0.863281 0.763672 0.849609 0.761719 0.849609 0.757812 0.845703 0.757812 0.843750 0.748047 0.833984 0.748047 0.832031
0 0.648438 0.822266 0.646484 0.824219 0.640625 0.824219 0.638672 0.826172 0.636719 0.826172 0.634766 0.828125 0.630859 0.828125 0.628906 0.830078 0.628906 0.839844 0.632812 0.843750 0.632812 0.845703 0.634766 0.847656 0.634766 0.849609 0.636719 0.851562 0.638672 0.851562 0.642578 0.855469 0.644531 0.855469 0.646484 0.857422 0.646484 0.861328 0.650391 0.865234 0.650391 0.871094 0.652344 0.873047 0.650391 0.875000 0.644531 0.875000 0.644531 0.876953 0.642578 0.878906 0.642578 0.884766 0.634766 0.892578 0.632812 0.892578 0.626953 0.898438 0.625000 0.898438 0.623047 0.900391 0.623047 0.906250 0.621094 0.908203 0.617188 0.908203 0.615234 0.910156 0.617188 0.910156 0.619141 0.908203 0.621094 0.908203 0.623047 0.906250 0.623047 0.902344 0.626953 0.898438 0.628906 0.898438 0.634766 0.892578 0.636719 0.892578 0.642578 0.886719 0.642578 0.880859 0.644531 0.878906 0.644531 0.876953 0.646484 0.875000 0.650391 0.875000 0.652344 0.873047 0.652344 0.871094 0.650391 0.869141 0.650391 0.863281 0.646484 0.859375 0.646484 0.857422 0.642578 0.853516 0.640625 0.853516 0.632812 0.845703 0.632812 0.843750 0.628906 0.839844 0.628906 0.832031 0.632812 0.828125 0.636719 0.828125 0.638672 0.826172 0.640625 0.826172 0.642578 0.824219 0.646484 0.824219 0.648438 0.822266 0.650391 0.822266
0 0.558594 0.789062 0.558594 0.800781 0.560547 0.802734 0.560547 0.804688 0.562500 0.806641 0.566406 0.806641 0.568359 0.808594 0.570312 0.808594 0.572266 0.810547 0.574219 0.810547 0.576172 0.812500 0.609375 0.812500 0.609375 0.800781 0.599609 0.800781 0.597656 0.802734 0.583984 0.802734 0.580078 0.798828 0.574219 0.798828 0.570312 0.794922 0.570312 0.789062
0 0.667969 0.785156 0.664062 0.789062 0.662109 0.789062 0.662109 0.791016 0.660156 0.792969 0.660156 0.800781 0.656250 0.804688 0.656250 0.808594 0.658203 0.810547 0.662109 0.810547 0.666016 0.814453 0.666016 0.816406 0.664062 0.818359 0.660156 0.818359 0.658203 0.820312 0.654297 0.820312 0.654297 0.822266 0.656250 0.820312 0.660156 0.820312 0.662109 0.818359 0.664062 0.818359 0.666016 0.816406 0.666016 0.812500 0.664062 0.810547 0.660156 0.810547 0.656250 0.806641 0.660156 0.802734 0.660156 0.792969
0 0.910156 0.728516 0.910156 0.746094 0.917969 0.746094 0.917969 0.728516
0 0.876953 0.708984 0.878906 0.710938 0.880859 0.710938 0.882812 0.712891 0.882812 0.714844 0.884766 0.716797 0.886719 0.716797 0.892578 0.722656 0.892578 0.724609 0.896484 0.728516 0.896484 0.730469 0.898438 0.732422 0.898438 0.736328 0.900391 0.738281 0.900391 0.759766 0.898438 0.761719 0.898438 0.767578 0.914062 0.783203 0.914062 0.785156 0.916016 0.787109 0.916016 0.789062 0.914062 0.791016 0.914062 0.792969 0.912109 0.794922 0.910156 0.794922 0.910156 0.796875 0.912109 0.794922 0.914062 0.794922 0.914062 0.791016 0.916016 0.789062 0.916016 0.785156 0.912109 0.781250 0.912109 0.779297 0.910156 0.777344 0.908203 0.777344 0.900391 0.769531 0.900391 0.767578 0.898438 0.765625 0.898438 0.763672 0.900391 0.761719 0.900391 0.736328 0.898438 0.734375 0.898438 0.732422 0.896484 0.730469 0.896484 0.728516 0.894531 0.726562 0.894531 0.724609 0.890625 0.720703 0.890625 0.718750 0.888672 0.718750 0.878906 0.708984
0 0.822266 0.650391 0.822266 0.658203 0.820312 0.660156 0.820312 0.662109 0.816406 0.666016 0.814453 0.666016 0.808594 0.671875 0.806641 0.671875 0.804688 0.673828 0.802734 0.673828 0.794922 0.681641 0.794922 0.691406 0.796875 0.691406 0.798828 0.693359 0.800781 0.693359 0.802734 0.691406 0.804688 0.691406 0.806641 0.689453 0.808594 0.691406 0.808594 0.703125 0.810547 0.703125 0.812500 0.701172 0.816406 0.701172 0.820312 0.697266 0.822266 0.697266 0.828125 0.691406 0.830078 0.691406 0.832031 0.689453 0.833984 0.689453 0.835938 0.687500 0.847656 0.687500 0.833984 0.687500 0.832031 0.689453 0.830078 0.689453 0.828125 0.691406 0.826172 0.691406 0.818359 0.699219 0.816406 0.699219 0.814453 0.701172 0.812500 0.701172 0.810547 0.703125 0.808594 0.701172 0.808594 0.689453 0.804688 0.689453 0.802734 0.691406 0.796875 0.691406 0.794922 0.689453 0.794922 0.681641 0.796875 0.679688 0.798828 0.679688 0.804688 0.673828 0.806641 0.673828 0.808594 0.671875 0.810547 0.671875 0.822266 0.660156
0 0.857422 0.646484 0.861328 0.646484 0.867188 0.652344 0.867188 0.654297 0.871094 0.654297 0.869141 0.654297 0.865234 0.650391 0.865234 0.648438 0.863281 0.648438 0.861328 0.646484
0 0.509766 0.582031 0.505859 0.585938 0.503906 0.585938 0.500000 0.589844 0.500000 0.591797 0.498047 0.593750 0.496094 0.593750 0.496094 0.607422 0.500000 0.607422 0.501953 0.609375 0.513672 0.609375 0.513672 0.597656 0.517578 0.593750 0.519531 0.593750 0.521484 0.591797 0.533203 0.591797 0.533203 0.582031
0 0.792969 0.562500 0.791016 0.564453 0.789062 0.564453 0.787109 0.566406 0.785156 0.566406 0.781250 0.570312 0.781250 0.572266 0.779297 0.574219 0.779297 0.576172 0.781250 0.578125 0.781250 0.580078 0.783203 0.582031 0.785156 0.582031 0.789062 0.585938 0.791016 0.585938 0.792969 0.587891 0.794922 0.587891 0.796875 0.589844 0.796875 0.591797 0.800781 0.595703 0.800781 0.597656 0.802734 0.599609 0.802734 0.609375 0.800781 0.611328 0.792969 0.611328 0.787109 0.605469 0.787109 0.603516 0.785156 0.601562 0.785156 0.599609 0.783203 0.597656 0.783203 0.595703 0.781250 0.593750 0.779297 0.593750 0.783203 0.597656 0.783203 0.599609 0.787109 0.603516 0.787109 0.605469 0.791016 0.609375 0.791016 0.611328 0.802734 0.611328 0.802734 0.599609 0.800781 0.597656 0.800781 0.595703 0.796875 0.591797 0.796875 0.589844 0.792969 0.585938 0.791016 0.585938 0.787109 0.582031 0.785156 0.582031 0.779297 0.576172 0.781250 0.574219 0.781250 0.572266 0.787109 0.566406 0.789062 0.566406 0.792969 0.562500 0.796875 0.562500
0 0.847656 0.523438 0.847656 0.535156 0.851562 0.539062 0.853516 0.539062 0.855469 0.541016 0.857422 0.541016 0.859375 0.542969 0.859375 0.544922 0.861328 0.546875 0.861328 0.548828 0.857422 0.552734 0.857422 0.554688 0.855469 0.556641 0.855469 0.566406 0.857422 0.568359 0.857422 0.578125 0.853516 0.582031 0.851562 0.582031 0.849609 0.580078 0.845703 0.580078 0.843750 0.578125 0.841797 0.578125 0.828125 0.564453 0.828125 0.562500 0.824219 0.562500 0.822266 0.560547 0.814453 0.560547 0.812500 0.558594 0.808594 0.558594 0.810547 0.558594 0.812500 0.560547 0.820312 0.560547 0.822266 0.562500 0.826172 0.562500 0.832031 0.568359 0.832031 0.570312 0.837891 0.576172 0.839844 0.576172 0.843750 0.580078 0.847656 0.580078 0.849609 0.582031 0.855469 0.582031 0.857422 0.580078 0.857422 0.568359 0.855469 0.566406 0.855469 0.556641 0.861328 0.550781 0.861328 0.544922 0.855469 0.539062 0.853516 0.539062 0.847656 0.533203
0 0.484375 0.332031 0.484375 0.341797 0.486328 0.343750 0.486328 0.345703 0.490234 0.349609 0.490234 0.351562 0.500000 0.351562 0.500000 0.343750 0.498047 0.341797 0.498047 0.339844 0.492188 0.333984 0.492188 0.332031
0 0.279297 0.132812 0.279297 0.140625 0.281250 0.142578 0.283203 0.142578 0.285156 0.144531 0.287109 0.144531 0.289062 0.146484 0.291016 0.146484 0.294922 0.150391 0.298828 0.150391 0.300781 0.152344 0.310547 0.152344 0.310547 0.144531 0.308594 0.144531 0.306641 0.142578 0.302734 0.142578 0.300781 0.140625 0.298828 0.140625 0.296875 0.138672 0.294922 0.138672 0.289062 0.132812
0 0.449219 0.054688 0.449219 0.072266 0.447266 0.074219 0.447266 0.076172 0.445312 0.078125 0.443359 0.078125 0.443359 0.103516 0.451172 0.111328 0.453125 0.111328 0.460938 0.119141 0.460938 0.121094 0.462891 0.123047 0.464844 0.123047 0.466797 0.125000 0.468750 0.125000 0.478516 0.134766 0.486328 0.134766 0.492188 0.128906 0.492188 0.121094 0.490234 0.121094 0.488281 0.119141 0.484375 0.119141 0.480469 0.115234 0.480469 0.105469 0.478516 0.105469 0.476562 0.103516 0.474609 0.103516 0.472656 0.101562 0.472656 0.097656 0.476562 0.093750 0.478516 0.093750 0.482422 0.089844 0.486328 0.089844 0.490234 0.085938 0.494141 0.085938 0.496094 0.083984 0.500000 0.083984 0.501953 0.085938 0.503906 0.085938 0.509766 0.091797 0.513672 0.091797 0.515625 0.093750 0.523438 0.093750 0.527344 0.089844 0.527344 0.087891 0.533203 0.082031 0.533203 0.080078 0.535156 0.078125 0.535156 0.076172 0.537109 0.074219 0.537109 0.068359 0.535156 0.066406 0.535156 0.064453 0.535156 0.066406 0.537109 0.068359 0.537109 0.074219 0.535156 0.076172 0.535156 0.078125 0.531250 0.082031 0.531250 0.083984 0.527344 0.087891 0.527344 0.089844 0.525391 0.091797 0.523438 0.091797 0.521484 0.093750 0.517578 0.093750 0.515625 0.091797 0.511719 0.091797 0.505859 0.085938 0.501953 0.085938 0.500000 0.083984 0.496094 0.083984 0.494141 0.085938 0.488281 0.085938 0.484375 0.089844 0.482422 0.089844 0.480469 0.091797 0.478516 0.091797 0.474609 0.095703 0.472656 0.095703 0.472656 0.103516 0.474609 0.103516 0.476562 0.105469 0.478516 0.105469 0.480469 0.107422 0.480469 0.117188 0.482422 0.117188 0.484375 0.119141 0.488281 0.119141 0.492188 0.123047 0.492188 0.126953 0.490234 0.128906 0.490234 0.130859 0.486328 0.134766 0.480469 0.134766 0.472656 0.126953 0.470703 0.126953 0.468750 0.125000 0.466797 0.125000 0.460938 0.119141 0.460938 0.117188 0.457031 0.113281 0.455078 0.113281 0.451172 0.109375 0.449219 0.109375 0.445312 0.105469 0.445312 0.103516 0.443359 0.101562 0.443359 0.080078 0.449219 0.074219