0 0.718750 0.859375 0.718750 0.873047 0.746094 0.873047 0.746094 0.859375
0 0.669922 0.857422 0.669922 0.871094 0.683594 0.871094 0.685547 0.873047 0.712891 0.873047 0.712891 0.859375 0.685547 0.859375 0.683594 0.857422
0 0.648438 0.857422 0.648438 0.871094 0.662109 0.871094 0.662109 0.857422
0 0.544922 0.835938 0.544922 0.849609 0.548828 0.849609 0.550781 0.851562 0.550781 0.853516 0.558594 0.853516 0.560547 0.855469 0.560547 0.859375 0.562500 0.859375 0.564453 0.861328 0.576172 0.861328 0.578125 0.863281 0.578125 0.865234 0.597656 0.865234 0.599609 0.867188 0.628906 0.867188 0.628906 0.853516 0.603516 0.853516 0.601562 0.851562 0.587891 0.851562 0.585938 0.849609 0.585938 0.847656 0.576172 0.847656 0.574219 0.845703 0.566406 0.845703 0.564453 0.843750 0.564453 0.839844 0.560547 0.839844 0.558594 0.837891 0.558594 0.835938
0 0.119141 0.792969 0.119141 0.806641 0.132812 0.806641 0.132812 0.792969
0 0.115234 0.769531 0.115234 0.783203 0.128906 0.783203 0.128906 0.769531
0 0.517578 0.742188 0.517578 0.755859 0.515625 0.757812 0.511719 0.757812 0.511719 0.771484 0.509766 0.773438 0.503906 0.773438 0.503906 0.777344 0.501953 0.779297 0.500000 0.779297 0.498047 0.781250 0.494141 0.781250 0.494141 0.798828 0.507812 0.798828 0.507812 0.794922 0.509766 0.792969 0.513672 0.792969 0.513672 0.789062 0.515625 0.787109 0.517578 0.787109 0.517578 0.773438 0.519531 0.771484 0.525391 0.771484 0.525391 0.757812 0.527344 0.755859 0.531250 0.755859 0.531250 0.742188
0 0.115234 0.742188 0.115234 0.755859 0.128906 0.755859 0.128906 0.742188
0 0.115234 0.712891 0.115234 0.726562 0.128906 0.726562 0.128906 0.712891
0 0.457031 0.707031 0.457031 0.714844 0.458984 0.716797 0.458984 0.730469 0.466797 0.730469 0.466797 0.716797 0.464844 0.714844 0.464844 0.707031
0 0.453125 0.689453 0.453125 0.697266 0.460938 0.697266 0.460938 0.689453
0 0.537109 0.679688 0.537109 0.691406 0.535156 0.693359 0.533203 0.693359 0.533203 0.703125 0.531250 0.705078 0.531250 0.718750 0.529297 0.720703 0.525391 0.720703 0.525391 0.734375 0.539062 0.734375 0.539062 0.720703 0.541016 0.718750 0.544922 0.718750 0.544922 0.708984 0.546875 0.707031 0.546875 0.695312 0.548828 0.693359 0.550781 0.693359 0.550781 0.679688
0 0.451172 0.666016 0.451172 0.673828 0.458984 0.673828 0.458984 0.666016
0 0.128906 0.664062 0.128906 0.667969 0.126953 0.669922 0.125000 0.669922 0.125000 0.673828 0.123047 0.675781 0.123047 0.685547 0.121094 0.687500 0.119141 0.687500 0.119141 0.701172 0.132812 0.701172 0.132812 0.695312 0.134766 0.693359 0.136719 0.693359 0.136719 0.687500 0.138672 0.685547 0.138672 0.681641 0.140625 0.679688 0.142578 0.679688 0.142578 0.664062
0 0.445312 0.640625 0.445312 0.648438 0.453125 0.648438 0.453125 0.640625
0 0.445312 0.626953 0.445312 0.634766 0.453125 0.634766 0.453125 0.626953
0 0.445312 0.607422 0.445312 0.615234 0.453125 0.615234 0.453125 0.607422
0 0.853516 0.603516 0.851562 0.605469 0.849609 0.605469 0.849609 0.609375 0.847656 0.611328 0.845703 0.611328 0.845703 0.613281 0.841797 0.617188 0.839844 0.617188 0.839844 0.621094 0.837891 0.623047 0.837891 0.625000 0.835938 0.626953 0.835938 0.628906 0.833984 0.630859 0.833984 0.632812 0.832031 0.634766 0.830078 0.634766 0.828125 0.636719 0.828125 0.638672 0.826172 0.640625 0.826172 0.644531 0.824219 0.646484 0.822266 0.646484 0.820312 0.648438 0.820312 0.650391 0.818359 0.652344 0.818359 0.666016 0.820312 0.667969 0.820312 0.673828 0.822266 0.675781 0.822266 0.677734 0.824219 0.679688 0.826172 0.679688 0.828125 0.681641 0.832031 0.681641 0.833984 0.683594 0.833984 0.685547 0.835938 0.685547 0.839844 0.689453 0.841797 0.689453 0.843750 0.691406 0.843750 0.693359 0.847656 0.693359 0.849609 0.695312 0.849609 0.699219 0.851562 0.699219 0.853516 0.701172 0.853516 0.710938 0.851562 0.712891 0.849609 0.712891 0.847656 0.714844 0.845703 0.714844 0.843750 0.716797 0.839844 0.716797 0.839844 0.718750 0.837891 0.720703 0.833984 0.720703 0.832031 0.722656 0.826172 0.722656 0.826172 0.724609 0.824219 0.726562 0.818359 0.726562 0.818359 0.728516 0.816406 0.730469 0.814453 0.730469 0.814453 0.734375 0.812500 0.736328 0.810547 0.736328 0.810547 0.742188 0.808594 0.744141 0.806641 0.744141 0.804688 0.746094 0.800781 0.746094 0.800781 0.750000 0.798828 0.751953 0.794922 0.751953 0.792969 0.753906 0.791016 0.753906 0.789062 0.755859 0.777344 0.755859 0.775391 0.753906 0.773438 0.753906 0.771484 0.751953 0.771484 0.748047 0.769531 0.746094 0.767578 0.746094 0.763672 0.742188 0.763672 0.740234 0.761719 0.740234 0.759766 0.738281 0.759766 0.736328 0.757812 0.734375 0.757812 0.730469 0.753906 0.726562 0.753906 0.724609 0.751953 0.722656 0.751953 0.720703 0.750000 0.718750 0.750000 0.716797 0.748047 0.714844 0.748047 0.712891 0.746094 0.712891 0.744141 0.710938 0.740234 0.710938 0.738281 0.708984 0.738281 0.705078 0.736328 0.703125 0.736328 0.701172 0.734375 0.701172 0.732422 0.699219 0.730469 0.699219 0.728516 0.697266 0.728516 0.695312 0.726562 0.695312 0.722656 0.691406 0.720703 0.691406 0.718750 0.689453 0.712891 0.689453 0.708984 0.685547 0.707031 0.685547 0.703125 0.681641 0.699219 0.681641 0.697266 0.679688 0.693359 0.679688 0.691406 0.677734 0.691406 0.675781 0.689453 0.675781 0.687500 0.673828 0.687500 0.671875 0.685547 0.671875 0.683594 0.669922 0.683594 0.667969 0.681641 0.666016 0.673828 0.666016 0.673828 0.671875 0.675781 0.671875 0.677734 0.673828 0.679688 0.673828 0.681641 0.675781 0.681641 0.677734 0.683594 0.677734 0.685547 0.679688 0.685547 0.681641 0.689453 0.681641 0.691406 0.683594 0.691406 0.685547 0.693359 0.687500 0.697266 0.687500 0.699219 0.689453 0.701172 0.689453 0.705078 0.693359 0.708984 0.693359 0.710938 0.695312 0.714844 0.695312 0.718750 0.699219 0.720703 0.699219 0.722656 0.701172 0.724609 0.701172 0.726562 0.703125 0.726562 0.705078 0.728516 0.707031 0.730469 0.707031 0.732422 0.708984 0.732422 0.710938 0.736328 0.710938 0.738281 0.712891 0.738281 0.716797 0.740234 0.716797 0.744141 0.720703 0.744141 0.722656 0.746094 0.724609 0.746094 0.726562 0.748047 0.728516 0.748047 0.730469 0.750000 0.732422 0.750000 0.734375 0.753906 0.738281 0.753906 0.742188 0.755859 0.742188 0.757812 0.744141 0.757812 0.750000 0.761719 0.750000 0.765625 0.753906 0.765625 0.757812 0.767578 0.757812 0.769531 0.759766 0.771484 0.759766 0.773438 0.761719 0.791016 0.761719 0.792969 0.759766 0.796875 0.759766 0.798828 0.757812 0.800781 0.757812 0.800781 0.753906 0.802734 0.751953 0.806641 0.751953 0.808594 0.750000 0.812500 0.750000 0.812500 0.748047 0.814453 0.746094 0.816406 0.746094 0.816406 0.738281 0.818359 0.736328 0.820312 0.736328 0.822266 0.734375 0.824219 0.734375 0.826172 0.732422 0.830078 0.732422 0.830078 0.730469 0.833984 0.726562 0.839844 0.726562 0.839844 0.724609 0.841797 0.722656 0.845703 0.722656 0.847656 0.720703 0.851562 0.720703 0.853516 0.718750 0.859375 0.718750 0.859375 0.695312 0.857422 0.695312 0.855469 0.693359 0.851562 0.693359 0.849609 0.691406 0.849609 0.687500 0.847656 0.687500 0.845703 0.685547 0.845703 0.683594 0.843750 0.681641 0.841797 0.681641 0.839844 0.679688 0.835938 0.679688 0.833984 0.677734 0.833984 0.675781 0.832031 0.675781 0.826172 0.669922 0.826172 0.666016 0.824219 0.664062 0.824219 0.656250 0.828125 0.652344 0.828125 0.648438 0.830078 0.646484 0.832031 0.646484 0.832031 0.644531 0.835938 0.640625 0.835938 0.638672 0.837891 0.636719 0.839844 0.636719 0.839844 0.634766 0.841797 0.632812 0.841797 0.630859 0.843750 0.628906 0.843750 0.625000 0.847656 0.621094 0.849609 0.621094 0.849609 0.619141 0.851562 0.617188 0.851562 0.613281 0.853516 0.611328 0.855469 0.611328 0.857422 0.609375 0.859375 0.609375 0.859375 0.603516
0 0.371094 0.603516 0.369141 0.605469 0.322266 0.605469 0.322266 0.619141 0.384766 0.619141 0.384766 0.603516
0 0.447266 0.589844 0.447266 0.597656 0.455078 0.597656 0.455078 0.589844
0 0.451172 0.578125 0.451172 0.585938 0.458984 0.585938 0.458984 0.578125
0 0.109375 0.570312 0.109375 0.578125 0.119141 0.578125 0.121094 0.580078 0.125000 0.580078 0.126953 0.582031 0.140625 0.582031 0.142578 0.580078 0.150391 0.580078 0.150391 0.572266 0.142578 0.572266 0.140625 0.574219 0.130859 0.574219 0.126953 0.570312
0 0.474609 0.539062 0.474609 0.548828 0.470703 0.552734 0.468750 0.552734 0.468750 0.554688 0.466797 0.556641 0.466797 0.564453 0.464844 0.566406 0.457031 0.566406 0.457031 0.574219 0.464844 0.574219 0.464844 0.566406 0.466797 0.564453 0.474609 0.564453 0.474609 0.562500 0.478516 0.558594 0.480469 0.558594 0.480469 0.556641 0.482422 0.554688 0.482422 0.539062
0 0.322266 0.505859 0.322266 0.513672 0.326172 0.513672 0.328125 0.515625 0.328125 0.523438 0.330078 0.523438 0.332031 0.525391 0.332031 0.531250 0.333984 0.531250 0.335938 0.533203 0.335938 0.535156 0.343750 0.535156 0.343750 0.525391 0.341797 0.523438 0.337891 0.523438 0.335938 0.521484 0.335938 0.515625 0.332031 0.515625 0.330078 0.513672 0.330078 0.505859
0 0.312500 0.488281 0.312500 0.496094 0.320312 0.496094 0.320312 0.488281
0 0.128906 0.480469 0.126953 0.482422 0.125000 0.482422 0.123047 0.484375 0.121094 0.484375 0.121094 0.490234 0.119141 0.492188 0.117188 0.492188 0.117188 0.496094 0.115234 0.498047 0.113281 0.498047 0.113281 0.503906 0.111328 0.505859 0.111328 0.507812 0.105469 0.513672 0.099609 0.513672 0.095703 0.517578 0.089844 0.517578 0.087891 0.519531 0.085938 0.519531 0.083984 0.521484 0.076172 0.521484 0.076172 0.525391 0.072266 0.529297 0.068359 0.529297 0.068359 0.531250 0.062500 0.537109 0.060547 0.537109 0.060547 0.539062 0.058594 0.541016 0.058594 0.542969 0.056641 0.544922 0.054688 0.544922 0.052734 0.546875 0.052734 0.548828 0.048828 0.552734 0.044922 0.552734 0.044922 0.556641 0.042969 0.558594 0.041016 0.558594 0.039062 0.560547 0.037109 0.560547 0.035156 0.562500 0.033203 0.560547 0.029297 0.560547 0.027344 0.558594 0.025391 0.558594 0.023438 0.556641 0.023438 0.554688 0.021484 0.552734 0.019531 0.552734 0.017578 0.550781 0.017578 0.544922 0.015625 0.544922 0.013672 0.542969 0.013672 0.539062 0.011719 0.537109 0.003906 0.537109 0.003906 0.542969 0.005859 0.542969 0.007812 0.544922 0.009766 0.544922 0.011719 0.546875 0.011719 0.550781 0.013672 0.550781 0.015625 0.552734 0.015625 0.558594 0.017578 0.560547 0.019531 0.560547 0.021484 0.562500 0.021484 0.564453 0.023438 0.566406 0.027344 0.566406 0.031250 0.570312 0.041016 0.570312 0.041016 0.568359 0.044922 0.564453 0.046875 0.564453 0.048828 0.562500 0.050781 0.562500 0.050781 0.560547 0.054688 0.556641 0.056641 0.556641 0.056641 0.554688 0.060547 0.550781 0.060547 0.548828 0.062500 0.546875 0.064453 0.546875 0.072266 0.539062 0.072266 0.537109 0.074219 0.535156 0.078125 0.535156 0.082031 0.531250 0.082031 0.529297 0.083984 0.527344 0.089844 0.527344 0.091797 0.525391 0.095703 0.525391 0.097656 0.523438 0.099609 0.523438 0.101562 0.521484 0.103516 0.521484 0.105469 0.519531 0.111328 0.519531 0.115234 0.515625 0.115234 0.513672 0.117188 0.511719 0.119141 0.511719 0.119141 0.500000 0.121094 0.498047 0.123047 0.498047 0.123047 0.496094 0.125000 0.494141 0.126953 0.494141 0.126953 0.492188 0.128906 0.490234 0.130859 0.490234 0.134766 0.486328 0.134766 0.480469
0 0.236328 0.472656 0.234375 0.474609 0.230469 0.474609 0.228516 0.476562 0.224609 0.476562 0.222656 0.478516 0.220703 0.478516 0.218750 0.480469 0.218750 0.482422 0.216797 0.484375 0.214844 0.484375 0.214844 0.486328 0.212891 0.488281 0.212891 0.492188 0.210938 0.494141 0.210938 0.496094 0.208984 0.498047 0.208984 0.531250 0.207031 0.533203 0.207031 0.535156 0.205078 0.537109 0.205078 0.539062 0.203125 0.541016 0.203125 0.542969 0.201172 0.544922 0.199219 0.544922 0.199219 0.546875 0.197266 0.548828 0.195312 0.548828 0.195312 0.552734 0.193359 0.554688 0.189453 0.554688 0.189453 0.556641 0.187500 0.558594 0.185547 0.558594 0.183594 0.560547 0.179688 0.560547 0.179688 0.562500 0.177734 0.564453 0.173828 0.564453 0.171875 0.566406 0.164062 0.566406 0.164062 0.568359 0.162109 0.570312 0.154297 0.570312 0.154297 0.578125 0.162109 0.578125 0.162109 0.576172 0.164062 0.574219 0.171875 0.574219 0.173828 0.572266 0.181641 0.572266 0.181641 0.570312 0.183594 0.568359 0.187500 0.568359 0.189453 0.566406 0.193359 0.566406 0.193359 0.564453 0.195312 0.562500 0.197266 0.562500 0.197266 0.560547 0.199219 0.558594 0.203125 0.558594 0.203125 0.554688 0.205078 0.552734 0.207031 0.552734 0.207031 0.550781 0.208984 0.548828 0.210938 0.548828 0.210938 0.546875 0.214844 0.542969 0.214844 0.539062 0.216797 0.537109 0.216797 0.503906 0.218750 0.501953 0.218750 0.500000 0.220703 0.498047 0.220703 0.494141 0.222656 0.492188 0.222656 0.490234 0.224609 0.488281 0.226562 0.488281 0.230469 0.484375 0.232422 0.484375 0.234375 0.482422 0.238281 0.482422 0.240234 0.480469 0.244141 0.480469 0.244141 0.472656
0 0.300781 0.458984 0.298828 0.460938 0.296875 0.460938 0.292969 0.464844 0.289062 0.464844 0.287109 0.466797 0.279297 0.466797 0.277344 0.468750 0.269531 0.468750 0.267578 0.470703 0.250000 0.470703 0.250000 0.478516 0.267578 0.478516 0.269531 0.476562 0.277344 0.476562 0.279297 0.474609 0.287109 0.474609 0.289062 0.472656 0.296875 0.472656 0.298828 0.470703 0.304688 0.470703 0.306641 0.472656 0.306641 0.476562 0.308594 0.476562 0.310547 0.478516 0.310547 0.484375 0.318359 0.484375 0.318359 0.476562 0.316406 0.476562 0.314453 0.474609 0.314453 0.468750 0.312500 0.466797 0.312500 0.462891 0.310547 0.460938 0.310547 0.458984
0 0.646484 0.417969 0.646484 0.419922 0.642578 0.423828 0.642578 0.427734 0.640625 0.429688 0.638672 0.429688 0.638672 0.435547 0.636719 0.437500 0.632812 0.437500 0.632812 0.451172 0.634766 0.453125 0.634766 0.455078 0.638672 0.458984 0.638672 0.462891 0.642578 0.466797 0.642578 0.470703 0.644531 0.470703 0.646484 0.472656 0.646484 0.474609 0.648438 0.474609 0.650391 0.476562 0.650391 0.478516 0.652344 0.478516 0.654297 0.480469 0.654297 0.488281 0.652344 0.490234 0.650391 0.490234 0.650391 0.492188 0.648438 0.494141 0.648438 0.513672 0.650391 0.515625 0.652344 0.515625 0.654297 0.517578 0.654297 0.523438 0.656250 0.525391 0.656250 0.566406 0.658203 0.568359 0.658203 0.570312 0.660156 0.572266 0.660156 0.574219 0.662109 0.576172 0.662109 0.578125 0.666016 0.582031 0.666016 0.583984 0.669922 0.583984 0.671875 0.585938 0.671875 0.589844 0.675781 0.593750 0.675781 0.597656 0.677734 0.599609 0.677734 0.609375 0.673828 0.613281 0.673828 0.615234 0.671875 0.617188 0.669922 0.617188 0.667969 0.619141 0.664062 0.619141 0.662109 0.621094 0.660156 0.621094 0.660156 0.623047 0.658203 0.625000 0.656250 0.625000 0.654297 0.626953 0.646484 0.626953 0.646484 0.632812 0.660156 0.632812 0.662109 0.630859 0.662109 0.628906 0.664062 0.626953 0.666016 0.626953 0.667969 0.625000 0.671875 0.625000 0.673828 0.623047 0.675781 0.623047 0.677734 0.621094 0.679688 0.621094 0.679688 0.619141 0.683594 0.615234 0.683594 0.593750 0.679688 0.589844 0.679688 0.585938 0.677734 0.583984 0.673828 0.583984 0.671875 0.582031 0.671875 0.578125 0.669922 0.576172 0.669922 0.574219 0.666016 0.570312 0.666016 0.568359 0.664062 0.566406 0.664062 0.564453 0.662109 0.562500 0.662109 0.521484 0.660156 0.519531 0.660156 0.513672 0.658203 0.513672 0.656250 0.511719 0.656250 0.509766 0.654297 0.507812 0.654297 0.498047 0.658203 0.494141 0.660156 0.494141 0.660156 0.474609 0.658203 0.474609 0.656250 0.472656 0.654297 0.472656 0.652344 0.470703 0.652344 0.468750 0.650391 0.468750 0.648438 0.466797 0.648438 0.464844 0.646484 0.462891 0.646484 0.458984 0.644531 0.457031 0.644531 0.455078 0.642578 0.453125 0.642578 0.451172 0.638672 0.447266 0.638672 0.441406 0.640625 0.439453 0.644531 0.439453 0.644531 0.431641 0.646484 0.429688 0.648438 0.429688 0.652344 0.425781 0.652344 0.417969
0 0.703125 0.388672 0.703125 0.390625 0.697266 0.396484 0.695312 0.396484 0.693359 0.398438 0.691406 0.398438 0.689453 0.400391 0.689453 0.402344 0.687500 0.404297 0.681641 0.404297 0.679688 0.406250 0.675781 0.406250 0.673828 0.408203 0.669922 0.408203 0.667969 0.410156 0.664062 0.410156 0.664062 0.412109 0.662109 0.414062 0.656250 0.414062 0.656250 0.419922 0.666016 0.419922 0.666016 0.417969 0.667969 0.416016 0.669922 0.416016 0.671875 0.414062 0.675781 0.414062 0.677734 0.412109 0.681641 0.412109 0.683594 0.410156 0.687500 0.410156 0.687500 0.408203 0.689453 0.406250 0.695312 0.406250 0.697266 0.404297 0.699219 0.404297 0.701172 0.402344 0.703125 0.402344 0.707031 0.398438 0.707031 0.396484 0.708984 0.394531 0.708984 0.388672
0 0.263672 0.388672 0.263672 0.390625 0.261719 0.392578 0.250000 0.392578 0.248047 0.394531 0.244141 0.394531 0.236328 0.402344 0.234375 0.402344 0.234375 0.404297 0.230469 0.408203 0.228516 0.408203 0.224609 0.412109 0.224609 0.414062 0.222656 0.416016 0.218750 0.416016 0.214844 0.419922 0.214844 0.421875 0.210938 0.425781 0.208984 0.425781 0.208984 0.427734 0.207031 0.429688 0.205078 0.429688 0.203125 0.431641 0.201172 0.431641 0.199219 0.433594 0.197266 0.433594 0.195312 0.435547 0.195312 0.437500 0.191406 0.441406 0.189453 0.441406 0.189453 0.447266 0.195312 0.447266 0.197266 0.445312 0.199219 0.445312 0.199219 0.443359 0.205078 0.437500 0.207031 0.437500 0.208984 0.435547 0.210938 0.435547 0.210938 0.433594 0.212891 0.431641 0.214844 0.431641 0.216797 0.429688 0.218750 0.429688 0.218750 0.427734 0.224609 0.421875 0.226562 0.421875 0.226562 0.419922 0.228516 0.417969 0.230469 0.417969 0.236328 0.412109 0.238281 0.412109 0.238281 0.410156 0.242188 0.406250 0.244141 0.406250 0.246094 0.404297 0.248047 0.404297 0.248047 0.402344 0.251953 0.398438 0.265625 0.398438 0.265625 0.396484 0.267578 0.394531 0.269531 0.394531 0.269531 0.388672
0 0.244141 0.292969 0.244141 0.298828 0.248047 0.302734 0.248047 0.304688 0.253906 0.310547 0.253906 0.312500 0.255859 0.312500 0.257812 0.314453 0.257812 0.316406 0.259766 0.316406 0.261719 0.318359 0.261719 0.320312 0.263672 0.320312 0.267578 0.324219 0.267578 0.326172 0.269531 0.328125 0.271484 0.328125 0.273438 0.330078 0.275391 0.330078 0.279297 0.333984 0.283203 0.333984 0.285156 0.335938 0.287109 0.335938 0.289062 0.337891 0.292969 0.337891 0.294922 0.339844 0.294922 0.341797 0.296875 0.341797 0.298828 0.343750 0.302734 0.343750 0.304688 0.345703 0.306641 0.345703 0.308594 0.347656 0.308594 0.349609 0.310547 0.351562 0.318359 0.351562 0.318359 0.345703 0.316406 0.343750 0.312500 0.343750 0.310547 0.341797 0.310547 0.339844 0.306641 0.339844 0.304688 0.337891 0.302734 0.337891 0.300781 0.335938 0.296875 0.335938 0.294922 0.333984 0.294922 0.332031 0.292969 0.332031 0.291016 0.330078 0.287109 0.330078 0.279297 0.322266 0.275391 0.322266 0.271484 0.318359 0.271484 0.316406 0.269531 0.314453 0.265625 0.314453 0.263672 0.312500 0.263672 0.310547 0.261719 0.308594 0.261719 0.306641 0.259766 0.306641 0.257812 0.304688 0.257812 0.302734 0.253906 0.298828 0.253906 0.296875 0.251953 0.294922 0.251953 0.292969
0 0.507812 0.257812 0.507812 0.265625 0.515625 0.265625 0.515625 0.257812
0 0.570312 0.238281 0.570312 0.240234 0.568359 0.242188 0.562500 0.242188 0.562500 0.244141 0.560547 0.246094 0.552734 0.246094 0.550781 0.248047 0.546875 0.248047 0.546875 0.250000 0.544922 0.251953 0.541016 0.251953 0.539062 0.253906 0.535156 0.253906 0.535156 0.255859 0.533203 0.257812 0.519531 0.257812 0.519531 0.265625 0.533203 0.265625 0.533203 0.263672 0.535156 0.261719 0.544922 0.261719 0.546875 0.259766 0.548828 0.259766 0.548828 0.257812 0.550781 0.255859 0.554688 0.255859 0.556641 0.253906 0.560547 0.253906 0.560547 0.251953 0.562500 0.250000 0.570312 0.250000 0.570312 0.248047 0.572266 0.246094 0.578125 0.246094 0.578125 0.238281
0 0.595703 0.226562 0.595703 0.228516 0.593750 0.230469 0.585938 0.230469 0.583984 0.232422 0.583984 0.240234 0.591797 0.240234 0.593750 0.238281 0.599609 0.238281 0.599609 0.236328 0.601562 0.234375 0.603516 0.234375 0.603516 0.226562
0 0.111328 0.208984 0.111328 0.210938 0.109375 0.212891 0.105469 0.212891 0.105469 0.216797 0.103516 0.218750 0.097656 0.218750 0.097656 0.222656 0.095703 0.224609 0.093750 0.224609 0.091797 0.226562 0.089844 0.226562 0.087891 0.228516 0.085938 0.228516 0.085938 0.230469 0.083984 0.232422 0.082031 0.232422 0.080078 0.234375 0.076172 0.234375 0.076172 0.236328 0.074219 0.238281 0.074219 0.240234 0.072266 0.242188 0.070312 0.242188 0.070312 0.248047 0.068359 0.250000 0.066406 0.250000 0.064453 0.251953 0.064453 0.253906 0.062500 0.255859 0.062500 0.283203 0.058594 0.287109 0.056641 0.287109 0.054688 0.289062 0.052734 0.289062 0.046875 0.294922 0.044922 0.294922 0.042969 0.296875 0.042969 0.298828 0.041016 0.300781 0.039062 0.300781 0.035156 0.304688 0.033203 0.304688 0.031250 0.306641 0.029297 0.306641 0.029297 0.310547 0.027344 0.312500 0.025391 0.312500 0.025391 0.314453 0.023438 0.316406 0.023438 0.322266 0.019531 0.326172 0.019531 0.332031 0.025391 0.332031 0.027344 0.330078 0.027344 0.328125 0.029297 0.326172 0.029297 0.322266 0.031250 0.320312 0.031250 0.318359 0.033203 0.316406 0.035156 0.316406 0.035156 0.312500 0.037109 0.310547 0.042969 0.310547 0.044922 0.308594 0.044922 0.304688 0.046875 0.302734 0.048828 0.302734 0.052734 0.298828 0.054688 0.298828 0.060547 0.292969 0.064453 0.292969 0.066406 0.291016 0.068359 0.291016 0.068359 0.259766 0.072266 0.255859 0.072266 0.250000 0.074219 0.248047 0.078125 0.248047 0.078125 0.246094 0.083984 0.240234 0.087891 0.240234 0.089844 0.238281 0.089844 0.236328 0.093750 0.232422 0.095703 0.232422 0.097656 0.230469 0.099609 0.230469 0.099609 0.228516 0.101562 0.226562 0.103516 0.226562 0.105469 0.224609 0.109375 0.224609 0.109375 0.222656 0.115234 0.216797 0.117188 0.216797 0.119141 0.214844 0.119141 0.208984
0 0.205078 0.152344 0.205078 0.154297 0.201172 0.158203 0.201172 0.160156 0.199219 0.162109 0.197266 0.162109 0.197266 0.164062 0.195312 0.166016 0.193359 0.166016 0.193359 0.167969 0.191406 0.169922 0.189453 0.169922 0.189453 0.171875 0.187500 0.173828 0.185547 0.173828 0.185547 0.175781 0.183594 0.177734 0.183594 0.179688 0.179688 0.183594 0.179688 0.185547 0.177734 0.187500 0.177734 0.189453 0.175781 0.191406 0.175781 0.195312 0.171875 0.199219 0.171875 0.205078 0.169922 0.207031 0.167969 0.207031 0.166016 0.208984 0.166016 0.210938 0.164062 0.212891 0.160156 0.208984 0.160156 0.207031 0.154297 0.207031 0.154297 0.216797 0.156250 0.216797 0.158203 0.218750 0.171875 0.218750 0.171875 0.214844 0.175781 0.210938 0.177734 0.210938 0.177734 0.205078 0.179688 0.203125 0.179688 0.201172 0.181641 0.199219 0.181641 0.195312 0.183594 0.193359 0.183594 0.191406 0.187500 0.187500 0.187500 0.185547 0.189453 0.183594 0.189453 0.181641 0.193359 0.177734 0.195312 0.177734 0.195312 0.173828 0.197266 0.171875 0.201172 0.171875 0.203125 0.169922 0.203125 0.166016 0.205078 0.164062 0.208984 0.164062 0.208984 0.160156 0.210938 0.158203 0.216797 0.158203 0.216797 0.152344
0 0.371094 0.089844 0.369141 0.091797 0.369141 0.093750 0.367188 0.095703 0.363281 0.095703 0.363281 0.097656 0.361328 0.099609 0.361328 0.101562 0.359375 0.103516 0.355469 0.103516 0.355469 0.105469 0.347656 0.113281 0.347656 0.115234 0.345703 0.117188 0.343750 0.117188 0.341797 0.119141 0.339844 0.119141 0.339844 0.121094 0.337891 0.123047 0.337891 0.125000 0.335938 0.126953 0.335938 0.130859 0.333984 0.132812 0.332031 0.132812 0.332031 0.138672 0.330078 0.140625 0.330078 0.144531 0.328125 0.146484 0.328125 0.150391 0.326172 0.152344 0.324219 0.152344 0.324219 0.154297 0.320312 0.158203 0.318359 0.158203 0.316406 0.160156 0.316406 0.179688 0.314453 0.181641 0.312500 0.181641 0.306641 0.187500 0.302734 0.187500 0.300781 0.189453 0.294922 0.189453 0.291016 0.193359 0.289062 0.193359 0.285156 0.197266 0.283203 0.197266 0.283203 0.201172 0.281250 0.203125 0.279297 0.203125 0.275391 0.207031 0.273438 0.207031 0.273438 0.208984 0.267578 0.214844 0.267578 0.216797 0.265625 0.218750 0.263672 0.218750 0.259766 0.222656 0.257812 0.222656 0.251953 0.228516 0.250000 0.228516 0.250000 0.236328 0.248047 0.238281 0.244141 0.238281 0.244141 0.240234 0.242188 0.242188 0.240234 0.242188 0.238281 0.244141 0.238281 0.250000 0.244141 0.250000 0.246094 0.248047 0.248047 0.248047 0.248047 0.246094 0.250000 0.244141 0.250000 0.240234 0.251953 0.238281 0.255859 0.238281 0.255859 0.234375 0.257812 0.232422 0.259766 0.232422 0.265625 0.226562 0.267578 0.226562 0.269531 0.224609 0.269531 0.222656 0.271484 0.220703 0.273438 0.220703 0.277344 0.216797 0.277344 0.214844 0.281250 0.210938 0.283203 0.210938 0.285156 0.208984 0.285156 0.205078 0.287109 0.203125 0.292969 0.203125 0.292969 0.201172 0.296875 0.197266 0.298828 0.197266 0.300781 0.195312 0.308594 0.195312 0.308594 0.193359 0.310547 0.191406 0.316406 0.191406 0.316406 0.189453 0.318359 0.187500 0.322266 0.187500 0.322266 0.166016 0.324219 0.164062 0.326172 0.164062 0.328125 0.162109 0.330078 0.162109 0.330078 0.156250 0.332031 0.154297 0.333984 0.154297 0.333984 0.150391 0.337891 0.146484 0.337891 0.136719 0.339844 0.134766 0.341797 0.134766 0.341797 0.130859 0.349609 0.123047 0.349609 0.121094 0.351562 0.119141 0.353516 0.119141 0.361328 0.111328 0.361328 0.107422 0.363281 0.105469 0.367188 0.105469 0.371094 0.101562 0.371094 0.099609 0.373047 0.097656 0.375000 0.097656 0.376953 0.095703 0.390625 0.095703 0.390625 0.089844
0 0.818359 0.046875 0.818359 0.060547 0.820312 0.062500 0.820312 0.066406 0.822266 0.066406 0.824219 0.068359 0.824219 0.105469 0.837891 0.105469 0.837891 0.058594 0.835938 0.058594 0.833984 0.056641 0.833984 0.048828 0.832031 0.046875
0 0.230469 0.033203 0.230469 0.041016 0.250000 0.041016 0.250000 0.033203
0 0.214844 0.033203 0.214844 0.041016 0.222656 0.041016 0.222656 0.033203
0 0.197266 0.033203 0.197266 0.041016 0.205078 0.041016 0.205078 0.033203
0 0.181641 0.033203 0.181641 0.041016 0.189453 0.041016 0.189453 0.033203
0 0.166016 0.033203 0.166016 0.041016 0.173828 0.041016 0.173828 0.033203
0 0.152344 0.033203 0.152344 0.041016 0.160156 0.041016 0.160156 0.033203
0 0.115234 0.033203 0.115234 0.041016 0.146484 0.041016 0.146484 0.033203