0 0.171875 0.390625 0.169922 0.392578 0.166016 0.392578 0.162109 0.396484 0.160156 0.396484 0.156250 0.400391 0.158203 0.402344 0.158203 0.408203 0.160156 0.410156 0.167969 0.410156 0.169922 0.408203 0.175781 0.408203 0.177734 0.406250 0.181641 0.406250 0.181641 0.404297 0.185547 0.400391 0.185547 0.396484 0.179688 0.390625
0 0.847656 0.361328 0.847656 0.363281 0.849609 0.365234 0.849609 0.371094 0.851562 0.373047 0.851562 0.380859 0.853516 0.382812 0.853516 0.388672 0.855469 0.390625 0.855469 0.392578 0.859375 0.396484 0.863281 0.396484 0.863281 0.388672 0.861328 0.388672 0.861328 0.390625 0.859375 0.392578 0.857422 0.390625 0.857422 0.386719 0.855469 0.384766 0.855469 0.378906 0.853516 0.376953 0.853516 0.371094 0.851562 0.369141 0.851562 0.361328
0 0.853516 0.310547 0.853516 0.314453 0.855469 0.316406 0.855469 0.326172 0.853516 0.328125 0.851562 0.326172 0.851562 0.318359 0.849609 0.318359 0.847656 0.316406 0.847656 0.314453 0.841797 0.314453 0.839844 0.316406 0.837891 0.316406 0.837891 0.320312 0.841797 0.324219 0.841797 0.326172 0.843750 0.326172 0.843750 0.320312 0.841797 0.318359 0.843750 0.316406 0.847656 0.316406 0.849609 0.318359 0.849609 0.330078 0.851562 0.332031 0.851562 0.339844 0.853516 0.341797 0.853516 0.343750 0.855469 0.345703 0.855469 0.353516 0.857422 0.355469 0.857422 0.367188 0.859375 0.367188 0.859375 0.353516 0.857422 0.351562 0.857422 0.343750 0.855469 0.341797 0.855469 0.339844 0.853516 0.337891 0.853516 0.328125 0.855469 0.326172 0.857422 0.328125 0.857422 0.332031 0.859375 0.332031 0.859375 0.326172 0.857422 0.324219 0.857422 0.312500 0.855469 0.310547
0 0.589844 0.158203 0.597656 0.158203 0.599609 0.160156 0.605469 0.160156 0.599609 0.160156 0.597656 0.158203
0 0.562500 0.156250 0.562500 0.158203 0.568359 0.158203 0.564453 0.158203
0 0.542969 0.138672 0.539062 0.142578 0.541016 0.144531 0.539062 0.146484 0.539062 0.148438 0.537109 0.150391 0.539062 0.152344 0.539062 0.154297 0.537109 0.156250 0.535156 0.156250 0.531250 0.160156 0.531250 0.162109 0.533203 0.160156 0.535156 0.160156 0.535156 0.158203 0.539062 0.154297 0.542969 0.154297 0.548828 0.148438 0.554688 0.148438 0.556641 0.146484 0.556641 0.144531 0.558594 0.142578 0.556641 0.144531 0.556641 0.146484 0.554688 0.148438 0.552734 0.148438 0.550781 0.146484 0.550781 0.144531 0.548828 0.142578 0.546875 0.142578 0.548828 0.144531 0.548828 0.148438 0.546875 0.150391 0.544922 0.150391 0.542969 0.148438 0.544922 0.146484 0.541016 0.150391 0.539062 0.148438 0.539062 0.146484 0.541016 0.144531 0.539062 0.142578
0 0.529297 0.132812 0.529297 0.134766 0.525391 0.138672 0.523438 0.136719 0.521484 0.136719 0.521484 0.138672 0.523438 0.138672 0.525391 0.140625 0.525391 0.148438 0.523438 0.150391 0.523438 0.154297 0.521484 0.156250 0.519531 0.156250 0.519531 0.164062 0.521484 0.164062 0.525391 0.167969 0.525391 0.169922 0.529297 0.173828 0.539062 0.173828 0.539062 0.171875 0.541016 0.169922 0.542969 0.169922 0.542969 0.167969 0.544922 0.166016 0.544922 0.164062 0.552734 0.156250 0.542969 0.166016 0.542969 0.167969 0.537109 0.173828 0.531250 0.173828 0.519531 0.162109 0.519531 0.158203 0.523438 0.154297 0.523438 0.150391 0.525391 0.148438 0.525391 0.140625 0.527344 0.138672 0.527344 0.136719 0.529297 0.134766
0 0.605469 0.125000 0.605469 0.130859 0.603516 0.132812 0.603516 0.140625 0.603516 0.132812 0.605469 0.130859 0.605469 0.126953 0.607422 0.125000 0.609375 0.126953 0.609375 0.128906 0.611328 0.130859 0.611328 0.138672 0.613281 0.140625 0.613281 0.152344 0.615234 0.154297 0.615234 0.158203 0.613281 0.160156 0.615234 0.160156 0.615234 0.154297 0.613281 0.152344 0.613281 0.140625 0.611328 0.138672 0.611328 0.130859 0.609375 0.128906 0.609375 0.125000
0 0.558594 0.125000 0.558594 0.126953 0.554688 0.130859 0.550781 0.126953 0.548828 0.126953 0.544922 0.130859 0.546875 0.128906 0.548828 0.128906 0.550781 0.126953 0.552734 0.128906 0.552734 0.130859 0.550781 0.132812 0.550781 0.136719 0.548828 0.138672 0.546875 0.136719 0.548828 0.138672 0.550781 0.136719 0.552734 0.138672 0.552734 0.140625 0.552734 0.138672 0.558594 0.132812 0.560547 0.134766 0.560547 0.136719 0.558594 0.138672 0.562500 0.134766 0.570312 0.142578 0.572266 0.142578 0.574219 0.144531 0.574219 0.142578 0.572266 0.142578 0.570312 0.140625 0.570312 0.138672 0.568359 0.136719 0.566406 0.136719 0.564453 0.134766 0.564453 0.132812 0.558594 0.132812 0.556641 0.130859 0.558594 0.128906 0.558594 0.126953 0.560547 0.125000
0 0.527344 0.121094 0.527344 0.125000 0.529297 0.126953 0.529297 0.128906 0.529297 0.125000 0.527344 0.123047 0.529297 0.121094 0.537109 0.121094
0 0.568359 0.113281 0.574219 0.113281 0.578125 0.117188 0.578125 0.126953 0.580078 0.128906 0.580078 0.134766 0.582031 0.136719 0.582031 0.138672 0.583984 0.140625 0.585938 0.140625 0.589844 0.144531 0.591797 0.144531 0.593750 0.146484 0.593750 0.148438 0.599609 0.148438 0.601562 0.146484 0.601562 0.144531 0.597656 0.148438 0.595703 0.148438 0.591797 0.144531 0.589844 0.144531 0.585938 0.140625 0.583984 0.140625 0.582031 0.138672 0.582031 0.136719 0.580078 0.134766 0.580078 0.128906 0.578125 0.126953 0.578125 0.115234 0.576172 0.115234 0.574219 0.113281
0 0.550781 0.111328 0.546875 0.115234 0.546875 0.117188 0.544922 0.119141 0.542969 0.119141 0.541016 0.121094 0.542969 0.119141 0.544922 0.119141 0.552734 0.111328 0.560547 0.111328