0 0.080078 0.931641 0.080078 0.933594 0.078125 0.935547 0.078125 0.937500 0.076172 0.939453 0.076172 0.943359 0.074219 0.945312 0.072266 0.945312 0.066406 0.951172 0.060547 0.951172 0.058594 0.949219 0.056641 0.949219 0.052734 0.945312 0.044922 0.945312 0.044922 0.953125 0.048828 0.957031 0.050781 0.957031 0.052734 0.958984 0.074219 0.958984 0.078125 0.955078 0.080078 0.955078 0.080078 0.953125 0.082031 0.951172 0.083984 0.951172 0.083984 0.947266 0.085938 0.945312 0.085938 0.943359 0.089844 0.939453 0.089844 0.931641
0 0.328125 0.923828 0.328125 0.937500 0.330078 0.939453 0.330078 0.941406 0.332031 0.943359 0.332031 0.945312 0.333984 0.947266 0.333984 0.949219 0.335938 0.951172 0.335938 0.953125 0.337891 0.955078 0.337891 0.957031 0.341797 0.960938 0.343750 0.960938 0.347656 0.964844 0.355469 0.964844 0.357422 0.962891 0.357422 0.960938 0.361328 0.957031 0.361328 0.955078 0.363281 0.953125 0.363281 0.949219 0.369141 0.943359 0.369141 0.941406 0.371094 0.939453 0.371094 0.929688 0.363281 0.929688 0.363281 0.931641 0.359375 0.935547 0.359375 0.937500 0.355469 0.941406 0.355469 0.947266 0.349609 0.953125 0.343750 0.947266 0.343750 0.945312 0.341797 0.943359 0.341797 0.941406 0.339844 0.939453 0.339844 0.937500 0.337891 0.935547 0.337891 0.933594 0.335938 0.931641 0.335938 0.923828
0 0.076172 0.919922 0.074219 0.921875 0.070312 0.921875 0.068359 0.923828 0.066406 0.923828 0.064453 0.925781 0.062500 0.925781 0.060547 0.927734 0.054688 0.927734 0.052734 0.929688 0.044922 0.929688 0.042969 0.931641 0.042969 0.939453 0.039062 0.943359 0.039062 0.945312 0.041016 0.943359 0.041016 0.941406 0.042969 0.939453 0.042969 0.933594 0.046875 0.929688 0.054688 0.929688 0.056641 0.927734 0.062500 0.927734 0.066406 0.923828 0.070312 0.923828 0.072266 0.921875 0.076172 0.921875 0.078125 0.919922 0.085938 0.919922 0.087891 0.921875 0.089844 0.921875 0.091797 0.923828 0.095703 0.923828 0.097656 0.925781 0.105469 0.925781 0.107422 0.927734 0.109375 0.927734 0.111328 0.929688 0.111328 0.937500 0.109375 0.939453 0.109375 0.943359 0.107422 0.945312 0.107422 0.955078 0.105469 0.957031 0.105469 0.962891 0.107422 0.964844 0.107422 0.962891 0.105469 0.960938 0.105469 0.957031 0.107422 0.955078 0.107422 0.947266 0.109375 0.945312 0.109375 0.941406 0.111328 0.939453 0.111328 0.927734 0.107422 0.927734 0.105469 0.925781 0.099609 0.925781 0.097656 0.923828 0.093750 0.923828 0.091797 0.921875 0.089844 0.921875 0.087891 0.919922
0 0.806641 0.912109 0.804688 0.914062 0.802734 0.914062 0.806641 0.914062 0.808594 0.912109 0.810547 0.912109 0.812500 0.914062 0.816406 0.914062 0.820312 0.917969 0.820312 0.919922 0.822266 0.921875 0.822266 0.931641 0.820312 0.933594 0.820312 0.935547 0.816406 0.939453 0.816406 0.947266 0.820312 0.951172 0.822266 0.951172 0.824219 0.953125 0.851562 0.953125 0.826172 0.953125 0.824219 0.951172 0.822266 0.951172 0.816406 0.945312 0.816406 0.941406 0.820312 0.937500 0.820312 0.935547 0.822266 0.933594 0.822266 0.919922 0.820312 0.917969 0.820312 0.916016 0.818359 0.914062 0.814453 0.914062 0.812500 0.912109
0 0.710938 0.908203 0.710938 0.912109 0.708984 0.914062 0.708984 0.919922 0.710938 0.921875 0.716797 0.921875 0.718750 0.919922 0.722656 0.919922 0.724609 0.917969 0.728516 0.917969 0.730469 0.916016 0.734375 0.916016 0.736328 0.914062 0.738281 0.914062 0.740234 0.912109 0.742188 0.912109 0.744141 0.910156 0.746094 0.910156 0.748047 0.908203 0.755859 0.908203 0.759766 0.912109 0.759766 0.914062 0.763672 0.917969 0.763672 0.916016 0.761719 0.916016 0.759766 0.914062 0.759766 0.910156 0.757812 0.910156 0.755859 0.908203 0.746094 0.908203 0.744141 0.910156 0.742188 0.910156 0.738281 0.914062 0.734375 0.914062 0.732422 0.916016 0.728516 0.916016 0.726562 0.917969 0.722656 0.917969 0.720703 0.919922 0.718750 0.919922 0.716797 0.921875 0.712891 0.921875 0.708984 0.917969 0.708984 0.916016 0.710938 0.914062
0 0.330078 0.902344 0.324219 0.908203 0.322266 0.908203 0.314453 0.916016 0.314453 0.917969 0.312500 0.919922 0.312500 0.933594 0.312500 0.919922 0.314453 0.917969 0.314453 0.916016 0.316406 0.914062 0.318359 0.914062 0.328125 0.904297 0.330078 0.904297
0 0.777344 0.765625 0.779297 0.765625 0.781250 0.767578 0.783203 0.767578 0.785156 0.769531 0.787109 0.769531 0.792969 0.775391 0.792969 0.777344 0.794922 0.779297 0.794922 0.783203 0.794922 0.777344 0.791016 0.773438 0.791016 0.771484 0.789062 0.769531 0.787109 0.769531 0.785156 0.767578 0.781250 0.767578 0.779297 0.765625
0 0.853516 0.761719 0.851562 0.763672 0.847656 0.763672 0.843750 0.767578 0.843750 0.775391 0.845703 0.777344 0.843750 0.779297 0.843750 0.781250 0.841797 0.783203 0.839844 0.783203 0.839844 0.787109 0.837891 0.789062 0.835938 0.787109 0.833984 0.787109 0.832031 0.785156 0.830078 0.785156 0.828125 0.783203 0.826172 0.783203 0.824219 0.781250 0.824219 0.779297 0.822266 0.777344 0.822266 0.775391 0.822266 0.779297 0.828125 0.785156 0.830078 0.785156 0.832031 0.787109 0.833984 0.787109 0.835938 0.789062 0.837891 0.789062 0.839844 0.787109 0.839844 0.785156 0.845703 0.779297 0.845703 0.775391 0.843750 0.773438 0.843750 0.769531 0.849609 0.763672 0.851562 0.763672 0.853516 0.761719 0.861328 0.761719 0.863281 0.763672 0.865234 0.763672 0.867188 0.765625 0.875000 0.765625 0.869141 0.765625 0.867188 0.763672 0.863281 0.763672 0.861328 0.761719
0 0.824219 0.750000 0.822266 0.751953 0.818359 0.751953 0.818359 0.759766 0.820312 0.759766 0.822266 0.761719 0.822266 0.763672 0.830078 0.763672 0.830078 0.761719 0.832031 0.759766 0.833984 0.759766 0.833984 0.750000
0 0.873047 0.742188 0.871094 0.744141 0.869141 0.744141 0.863281 0.750000 0.863281 0.757812 0.871094 0.757812 0.873047 0.755859 0.875000 0.755859 0.878906 0.751953 0.880859 0.751953 0.882812 0.750000 0.882812 0.742188
0 0.835938 0.681641 0.833984 0.683594 0.832031 0.683594 0.828125 0.687500 0.828125 0.691406 0.830078 0.693359 0.830078 0.695312 0.824219 0.701172 0.814453 0.701172 0.802734 0.712891 0.800781 0.712891 0.798828 0.714844 0.791016 0.714844 0.789062 0.716797 0.787109 0.716797 0.785156 0.718750 0.783203 0.718750 0.781250 0.720703 0.777344 0.720703 0.783203 0.720703 0.785156 0.718750 0.787109 0.718750 0.789062 0.716797 0.791016 0.716797 0.792969 0.714844 0.798828 0.714844 0.800781 0.712891 0.804688 0.712891 0.816406 0.701172 0.826172 0.701172 0.830078 0.697266 0.830078 0.691406 0.828125 0.689453 0.833984 0.683594 0.835938 0.683594 0.837891 0.681641 0.839844 0.681641 0.841797 0.683594 0.847656 0.683594 0.841797 0.683594 0.839844 0.681641
0 0.824219 0.666016 0.820312 0.669922 0.818359 0.669922 0.818359 0.671875 0.812500 0.677734 0.810547 0.677734 0.808594 0.679688 0.808594 0.681641 0.802734 0.687500 0.798828 0.687500 0.794922 0.691406 0.794922 0.699219 0.804688 0.699219 0.804688 0.697266 0.806641 0.695312 0.808594 0.695312 0.810547 0.693359 0.812500 0.693359 0.814453 0.691406 0.814453 0.689453 0.820312 0.683594 0.822266 0.683594 0.824219 0.681641 0.824219 0.679688 0.828125 0.675781 0.830078 0.675781 0.832031 0.673828 0.832031 0.666016
0 0.753906 0.662109 0.751953 0.664062 0.746094 0.664062 0.744141 0.666016 0.740234 0.666016 0.738281 0.667969 0.728516 0.667969 0.726562 0.669922 0.718750 0.669922 0.716797 0.671875 0.714844 0.671875 0.712891 0.673828 0.710938 0.673828 0.710938 0.681641 0.720703 0.681641 0.724609 0.677734 0.730469 0.677734 0.732422 0.675781 0.744141 0.675781 0.746094 0.673828 0.748047 0.673828 0.750000 0.671875 0.757812 0.671875 0.759766 0.669922 0.773438 0.669922 0.773438 0.662109
0 0.673828 0.654297 0.671875 0.656250 0.671875 0.664062 0.675781 0.667969 0.675781 0.669922 0.677734 0.671875 0.677734 0.683594 0.683594 0.689453 0.683594 0.691406 0.689453 0.697266 0.689453 0.699219 0.691406 0.701172 0.691406 0.705078 0.689453 0.707031 0.685547 0.707031 0.683594 0.708984 0.681641 0.708984 0.677734 0.712891 0.677734 0.718750 0.679688 0.720703 0.679688 0.722656 0.677734 0.724609 0.677734 0.730469 0.679688 0.730469 0.681641 0.732422 0.683594 0.732422 0.691406 0.740234 0.699219 0.740234 0.703125 0.736328 0.705078 0.736328 0.716797 0.724609 0.720703 0.724609 0.722656 0.722656 0.732422 0.722656 0.736328 0.726562 0.744141 0.726562 0.738281 0.726562 0.734375 0.722656 0.732422 0.722656 0.730469 0.720703 0.728516 0.720703 0.726562 0.722656 0.720703 0.722656 0.718750 0.724609 0.716797 0.724609 0.712891 0.728516 0.710938 0.728516 0.707031 0.732422 0.707031 0.734375 0.705078 0.736328 0.701172 0.736328 0.697266 0.740234 0.693359 0.740234 0.689453 0.736328 0.687500 0.736328 0.683594 0.732422 0.681641 0.732422 0.677734 0.728516 0.677734 0.726562 0.679688 0.724609 0.679688 0.718750 0.677734 0.716797 0.677734 0.714844 0.685547 0.707031 0.691406 0.707031 0.691406 0.699219 0.689453 0.697266 0.689453 0.695312 0.687500 0.693359 0.685547 0.693359 0.683594 0.691406 0.683594 0.689453 0.677734 0.683594 0.677734 0.669922 0.675781 0.667969 0.675781 0.666016 0.671875 0.662109 0.671875 0.658203 0.673828 0.656250
0 0.445312 0.412109 0.441406 0.416016 0.439453 0.416016 0.439453 0.425781 0.443359 0.429688 0.443359 0.431641 0.445312 0.433594 0.447266 0.433594 0.453125 0.439453 0.455078 0.439453 0.458984 0.443359 0.458984 0.447266 0.457031 0.449219 0.457031 0.451172 0.455078 0.453125 0.453125 0.453125 0.445312 0.460938 0.443359 0.460938 0.437500 0.466797 0.437500 0.468750 0.435547 0.470703 0.435547 0.472656 0.417969 0.490234 0.414062 0.490234 0.408203 0.496094 0.406250 0.496094 0.404297 0.498047 0.402344 0.498047 0.400391 0.500000 0.398438 0.500000 0.396484 0.501953 0.394531 0.501953 0.390625 0.505859 0.390625 0.507812 0.388672 0.509766 0.378906 0.509766 0.376953 0.507812 0.376953 0.505859 0.375000 0.503906 0.359375 0.503906 0.357422 0.505859 0.355469 0.505859 0.355469 0.507812 0.353516 0.509766 0.351562 0.509766 0.347656 0.513672 0.345703 0.513672 0.343750 0.515625 0.337891 0.515625 0.335938 0.517578 0.333984 0.517578 0.333984 0.519531 0.339844 0.519531 0.341797 0.517578 0.347656 0.517578 0.349609 0.515625 0.351562 0.515625 0.361328 0.505859 0.371094 0.505859 0.375000 0.509766 0.375000 0.511719 0.390625 0.511719 0.392578 0.509766 0.392578 0.507812 0.394531 0.505859 0.396484 0.505859 0.400391 0.501953 0.402344 0.501953 0.404297 0.500000 0.408203 0.500000 0.414062 0.494141 0.416016 0.494141 0.417969 0.492188 0.419922 0.492188 0.421875 0.490234 0.423828 0.490234 0.427734 0.486328 0.427734 0.484375 0.431641 0.480469 0.433594 0.480469 0.437500 0.476562 0.437500 0.472656 0.441406 0.468750 0.441406 0.466797 0.443359 0.464844 0.445312 0.464844 0.455078 0.455078 0.457031 0.455078 0.460938 0.451172 0.460938 0.439453 0.458984 0.437500 0.457031 0.437500 0.453125 0.433594 0.451172 0.433594 0.441406 0.423828 0.441406 0.419922 0.445312 0.416016 0.447266 0.416016 0.449219 0.414062 0.458984 0.414062 0.458984 0.412109
0 0.390625 0.396484 0.390625 0.417969 0.388672 0.419922 0.386719 0.419922 0.386719 0.437500 0.402344 0.437500 0.402344 0.431641 0.404297 0.429688 0.406250 0.429688 0.406250 0.396484
0 0.386719 0.337891 0.386719 0.347656 0.388672 0.347656 0.390625 0.349609 0.390625 0.351562 0.394531 0.355469 0.396484 0.355469 0.398438 0.357422 0.412109 0.357422 0.414062 0.355469 0.414062 0.347656 0.404297 0.347656 0.402344 0.345703 0.400391 0.345703 0.398438 0.343750 0.398438 0.341797 0.394531 0.337891
0 0.560547 0.257812 0.558594 0.259766 0.558594 0.269531 0.560547 0.269531 0.564453 0.273438 0.566406 0.273438 0.570312 0.277344 0.574219 0.277344 0.576172 0.279297 0.578125 0.279297 0.582031 0.283203 0.585938 0.283203 0.587891 0.285156 0.591797 0.285156 0.593750 0.287109 0.603516 0.287109 0.603516 0.279297 0.601562 0.279297 0.599609 0.277344 0.595703 0.277344 0.593750 0.275391 0.589844 0.275391 0.585938 0.271484 0.582031 0.271484 0.578125 0.267578 0.576172 0.267578 0.574219 0.265625 0.572266 0.265625 0.570312 0.263672 0.570312 0.257812