0 0.291016 0.757812 0.291016 0.773438 0.289062 0.775391 0.289062 0.785156 0.300781 0.785156 0.300781 0.757812
0 0.201172 0.744141 0.201172 0.750000 0.199219 0.751953 0.199219 0.753906 0.197266 0.755859 0.197266 0.761719 0.195312 0.763672 0.193359 0.763672 0.191406 0.765625 0.189453 0.765625 0.189453 0.769531 0.187500 0.771484 0.181641 0.771484 0.181641 0.777344 0.179688 0.779297 0.171875 0.779297 0.171875 0.789062 0.181641 0.789062 0.181641 0.783203 0.183594 0.781250 0.191406 0.781250 0.191406 0.777344 0.193359 0.775391 0.203125 0.775391 0.203125 0.771484 0.205078 0.769531 0.207031 0.769531 0.207031 0.767578 0.208984 0.765625 0.208984 0.763672 0.210938 0.761719 0.210938 0.755859 0.212891 0.753906 0.212891 0.744141
0 0.292969 0.740234 0.292969 0.750000 0.302734 0.750000 0.302734 0.740234
0 0.062500 0.714844 0.062500 0.730469 0.064453 0.730469 0.066406 0.732422 0.066406 0.738281 0.070312 0.738281 0.072266 0.740234 0.072266 0.744141 0.074219 0.744141 0.076172 0.746094 0.076172 0.751953 0.080078 0.751953 0.082031 0.753906 0.082031 0.755859 0.083984 0.755859 0.085938 0.757812 0.085938 0.761719 0.089844 0.761719 0.091797 0.763672 0.091797 0.765625 0.093750 0.767578 0.093750 0.771484 0.097656 0.771484 0.099609 0.773438 0.099609 0.775391 0.101562 0.775391 0.103516 0.777344 0.103516 0.783203 0.105469 0.783203 0.107422 0.785156 0.111328 0.785156 0.113281 0.787109 0.113281 0.789062 0.115234 0.789062 0.117188 0.791016 0.132812 0.791016 0.134766 0.792969 0.166016 0.792969 0.166016 0.783203 0.140625 0.783203 0.138672 0.781250 0.125000 0.781250 0.123047 0.779297 0.119141 0.779297 0.117188 0.777344 0.117188 0.775391 0.115234 0.775391 0.113281 0.773438 0.111328 0.773438 0.109375 0.771484 0.109375 0.765625 0.105469 0.765625 0.103516 0.763672 0.103516 0.761719 0.101562 0.759766 0.101562 0.755859 0.097656 0.755859 0.095703 0.753906 0.095703 0.751953 0.093750 0.751953 0.091797 0.750000 0.091797 0.746094 0.087891 0.746094 0.085938 0.744141 0.085938 0.742188 0.083984 0.742188 0.082031 0.740234 0.082031 0.734375 0.078125 0.734375 0.076172 0.732422 0.076172 0.728516 0.074219 0.728516 0.072266 0.726562 0.072266 0.714844
0 0.300781 0.712891 0.300781 0.722656 0.298828 0.724609 0.298828 0.734375 0.308594 0.734375 0.308594 0.724609 0.310547 0.722656 0.310547 0.712891
0 0.056641 0.701172 0.056641 0.710938 0.066406 0.710938 0.066406 0.701172
0 0.308594 0.685547 0.308594 0.695312 0.306641 0.697266 0.306641 0.707031 0.316406 0.707031 0.316406 0.697266 0.318359 0.695312 0.318359 0.685547
0 0.316406 0.669922 0.316406 0.679688 0.326172 0.679688 0.326172 0.669922
0 0.033203 0.658203 0.033203 0.667969 0.037109 0.667969 0.039062 0.669922 0.039062 0.673828 0.042969 0.673828 0.044922 0.675781 0.044922 0.683594 0.046875 0.683594 0.048828 0.685547 0.048828 0.695312 0.058594 0.695312 0.058594 0.685547 0.056641 0.685547 0.054688 0.683594 0.054688 0.673828 0.050781 0.673828 0.048828 0.671875 0.048828 0.664062 0.044922 0.664062 0.042969 0.662109 0.042969 0.658203
0 0.421875 0.632812 0.421875 0.648438 0.419922 0.650391 0.417969 0.650391 0.416016 0.652344 0.416016 0.654297 0.414062 0.656250 0.410156 0.656250 0.410156 0.658203 0.408203 0.660156 0.408203 0.666016 0.406250 0.667969 0.400391 0.667969 0.400391 0.669922 0.398438 0.671875 0.396484 0.671875 0.394531 0.673828 0.394531 0.675781 0.392578 0.677734 0.382812 0.677734 0.380859 0.675781 0.380859 0.673828 0.375000 0.673828 0.373047 0.671875 0.373047 0.669922 0.371094 0.669922 0.369141 0.667969 0.365234 0.667969 0.363281 0.666016 0.363281 0.662109 0.361328 0.662109 0.359375 0.660156 0.359375 0.654297 0.353516 0.654297 0.351562 0.652344 0.349609 0.652344 0.347656 0.650391 0.347656 0.644531 0.345703 0.644531 0.343750 0.642578 0.333984 0.642578 0.332031 0.644531 0.332031 0.648438 0.330078 0.650391 0.324219 0.650391 0.324219 0.652344 0.322266 0.654297 0.318359 0.654297 0.318359 0.664062 0.328125 0.664062 0.328125 0.662109 0.330078 0.660156 0.333984 0.660156 0.333984 0.656250 0.335938 0.654297 0.339844 0.654297 0.341797 0.656250 0.341797 0.662109 0.347656 0.662109 0.349609 0.664062 0.351562 0.664062 0.353516 0.666016 0.353516 0.671875 0.357422 0.671875 0.359375 0.673828 0.359375 0.677734 0.361328 0.677734 0.363281 0.679688 0.369141 0.679688 0.371094 0.681641 0.371094 0.683594 0.373047 0.685547 0.373047 0.687500 0.398438 0.687500 0.398438 0.685547 0.400391 0.683594 0.404297 0.683594 0.406250 0.681641 0.406250 0.679688 0.408203 0.677734 0.410156 0.677734 0.410156 0.671875 0.412109 0.669922 0.417969 0.669922 0.417969 0.667969 0.419922 0.666016 0.419922 0.664062 0.421875 0.662109 0.425781 0.662109 0.427734 0.660156 0.427734 0.656250 0.429688 0.654297 0.431641 0.654297 0.431641 0.632812
0 0.396484 0.593750 0.396484 0.603516 0.404297 0.603516 0.406250 0.605469 0.406250 0.609375 0.410156 0.613281 0.410156 0.617188 0.416016 0.617188 0.417969 0.619141 0.417969 0.628906 0.427734 0.628906 0.427734 0.619141 0.421875 0.619141 0.419922 0.617188 0.419922 0.607422 0.417969 0.605469 0.417969 0.601562 0.416016 0.599609 0.412109 0.599609 0.410156 0.597656 0.410156 0.593750
0 0.433594 0.523438 0.433594 0.533203 0.437500 0.533203 0.439453 0.535156 0.439453 0.537109 0.441406 0.537109 0.443359 0.539062 0.447266 0.539062 0.449219 0.541016 0.451172 0.541016 0.453125 0.542969 0.457031 0.542969 0.458984 0.544922 0.458984 0.548828 0.464844 0.548828 0.466797 0.550781 0.466797 0.552734 0.468750 0.554688 0.468750 0.558594 0.472656 0.558594 0.474609 0.560547 0.476562 0.560547 0.478516 0.562500 0.478516 0.564453 0.482422 0.564453 0.484375 0.566406 0.501953 0.566406 0.505859 0.570312 0.505859 0.605469 0.507812 0.605469 0.509766 0.607422 0.509766 0.609375 0.511719 0.611328 0.511719 0.615234 0.513672 0.617188 0.513672 0.621094 0.515625 0.623047 0.517578 0.623047 0.519531 0.625000 0.519531 0.628906 0.521484 0.630859 0.521484 0.638672 0.523438 0.640625 0.525391 0.640625 0.527344 0.642578 0.527344 0.644531 0.529297 0.646484 0.529297 0.650391 0.531250 0.652344 0.531250 0.662109 0.533203 0.664062 0.533203 0.666016 0.535156 0.666016 0.537109 0.667969 0.537109 0.693359 0.539062 0.695312 0.539062 0.701172 0.541016 0.703125 0.541016 0.708984 0.542969 0.708984 0.546875 0.712891 0.546875 0.716797 0.548828 0.718750 0.548828 0.722656 0.544922 0.726562 0.544922 0.728516 0.542969 0.730469 0.541016 0.730469 0.541016 0.742188 0.539062 0.744141 0.539062 0.753906 0.537109 0.755859 0.537109 0.767578 0.535156 0.769531 0.533203 0.769531 0.533203 0.771484 0.531250 0.773438 0.529297 0.773438 0.529297 0.777344 0.527344 0.779297 0.523438 0.779297 0.519531 0.783203 0.515625 0.783203 0.515625 0.785156 0.513672 0.787109 0.511719 0.787109 0.511719 0.789062 0.507812 0.792969 0.503906 0.792969 0.503906 0.794922 0.498047 0.800781 0.488281 0.800781 0.488281 0.810547 0.505859 0.810547 0.507812 0.808594 0.509766 0.808594 0.511719 0.806641 0.511719 0.804688 0.515625 0.800781 0.519531 0.800781 0.519531 0.798828 0.521484 0.796875 0.521484 0.794922 0.523438 0.792969 0.525391 0.792969 0.527344 0.791016 0.531250 0.791016 0.533203 0.789062 0.537109 0.789062 0.537109 0.785156 0.541016 0.781250 0.542969 0.781250 0.544922 0.779297 0.546875 0.779297 0.546875 0.763672 0.548828 0.761719 0.548828 0.750000 0.550781 0.748047 0.550781 0.738281 0.552734 0.736328 0.554688 0.736328 0.556641 0.734375 0.556641 0.730469 0.560547 0.726562 0.560547 0.710938 0.554688 0.705078 0.554688 0.701172 0.552734 0.701172 0.550781 0.699219 0.550781 0.691406 0.548828 0.689453 0.548828 0.685547 0.546875 0.683594 0.546875 0.662109 0.544922 0.662109 0.542969 0.660156 0.542969 0.656250 0.541016 0.654297 0.541016 0.648438 0.539062 0.646484 0.539062 0.638672 0.537109 0.636719 0.537109 0.634766 0.535156 0.634766 0.533203 0.632812 0.533203 0.630859 0.531250 0.628906 0.531250 0.623047 0.529297 0.621094 0.529297 0.619141 0.527344 0.619141 0.525391 0.617188 0.525391 0.613281 0.521484 0.609375 0.521484 0.605469 0.519531 0.603516 0.519531 0.599609 0.517578 0.599609 0.515625 0.597656 0.515625 0.558594 0.513672 0.558594 0.511719 0.556641 0.494141 0.556641 0.492188 0.554688 0.486328 0.554688 0.484375 0.552734 0.484375 0.550781 0.480469 0.550781 0.476562 0.546875 0.476562 0.542969 0.470703 0.542969 0.468750 0.541016 0.468750 0.539062 0.464844 0.539062 0.462891 0.537109 0.462891 0.533203 0.460938 0.533203 0.458984 0.531250 0.455078 0.531250 0.451172 0.527344 0.445312 0.527344 0.443359 0.525391 0.443359 0.523438
0 0.111328 0.148438 0.111328 0.169922 0.109375 0.171875 0.109375 0.177734 0.107422 0.179688 0.107422 0.199219 0.105469 0.201172 0.103516 0.201172 0.103516 0.207031 0.101562 0.208984 0.101562 0.216797 0.099609 0.218750 0.099609 0.222656 0.097656 0.224609 0.095703 0.224609 0.093750 0.226562 0.093750 0.240234 0.087891 0.246094 0.085938 0.246094 0.085938 0.250000 0.083984 0.251953 0.082031 0.251953 0.080078 0.253906 0.080078 0.257812 0.078125 0.259766 0.074219 0.259766 0.070312 0.263672 0.064453 0.263672 0.062500 0.265625 0.062500 0.269531 0.060547 0.271484 0.050781 0.271484 0.050781 0.275391 0.048828 0.277344 0.009766 0.277344 0.009766 0.287109 0.054688 0.287109 0.054688 0.283203 0.056641 0.281250 0.060547 0.281250 0.060547 0.277344 0.062500 0.275391 0.072266 0.275391 0.074219 0.273438 0.078125 0.273438 0.080078 0.271484 0.082031 0.271484 0.083984 0.269531 0.083984 0.265625 0.085938 0.263672 0.089844 0.263672 0.091797 0.261719 0.091797 0.257812 0.093750 0.255859 0.095703 0.255859 0.097656 0.253906 0.099609 0.253906 0.101562 0.251953 0.101562 0.250000 0.103516 0.248047 0.103516 0.236328 0.105469 0.234375 0.105469 0.230469 0.107422 0.228516 0.109375 0.228516 0.109375 0.222656 0.111328 0.220703 0.111328 0.218750 0.113281 0.216797 0.113281 0.210938 0.115234 0.208984 0.117188 0.208984 0.117188 0.187500 0.119141 0.185547 0.119141 0.181641 0.121094 0.179688 0.121094 0.148438
0 0.486328 0.140625 0.486328 0.146484 0.484375 0.148438 0.484375 0.150391 0.482422 0.152344 0.478516 0.152344 0.478516 0.154297 0.474609 0.158203 0.470703 0.158203 0.470703 0.162109 0.468750 0.164062 0.458984 0.164062 0.457031 0.162109 0.445312 0.162109 0.443359 0.160156 0.443359 0.156250 0.412109 0.156250 0.410156 0.158203 0.408203 0.158203 0.408203 0.160156 0.406250 0.162109 0.404297 0.162109 0.404297 0.164062 0.402344 0.166016 0.402344 0.167969 0.400391 0.169922 0.396484 0.169922 0.396484 0.179688 0.406250 0.179688 0.406250 0.177734 0.408203 0.175781 0.412109 0.175781 0.412109 0.173828 0.414062 0.171875 0.414062 0.169922 0.416016 0.167969 0.417969 0.167969 0.419922 0.166016 0.431641 0.166016 0.433594 0.167969 0.437500 0.167969 0.439453 0.169922 0.439453 0.171875 0.449219 0.171875 0.451172 0.173828 0.476562 0.173828 0.476562 0.169922 0.478516 0.167969 0.480469 0.167969 0.482422 0.166016 0.486328 0.166016 0.486328 0.164062 0.488281 0.162109 0.488281 0.160156 0.490234 0.158203 0.494141 0.158203 0.496094 0.156250 0.496094 0.140625
0 0.169922 0.128906 0.167969 0.130859 0.164062 0.130859 0.164062 0.132812 0.162109 0.134766 0.148438 0.134766 0.146484 0.136719 0.146484 0.146484 0.156250 0.146484 0.158203 0.144531 0.167969 0.144531 0.167969 0.142578 0.169922 0.140625 0.173828 0.140625 0.175781 0.138672 0.199219 0.138672 0.201172 0.140625 0.207031 0.140625 0.208984 0.142578 0.208984 0.146484 0.210938 0.148438 0.210938 0.154297 0.214844 0.154297 0.218750 0.158203 0.218750 0.162109 0.220703 0.164062 0.220703 0.166016 0.224609 0.166016 0.226562 0.167969 0.226562 0.173828 0.230469 0.173828 0.234375 0.177734 0.234375 0.181641 0.236328 0.181641 0.238281 0.183594 0.238281 0.189453 0.244141 0.189453 0.246094 0.191406 0.246094 0.193359 0.248047 0.193359 0.251953 0.197266 0.251953 0.201172 0.255859 0.205078 0.255859 0.210938 0.261719 0.210938 0.265625 0.214844 0.265625 0.216797 0.267578 0.216797 0.269531 0.218750 0.271484 0.218750 0.273438 0.220703 0.275391 0.220703 0.277344 0.222656 0.277344 0.226562 0.279297 0.226562 0.281250 0.228516 0.285156 0.228516 0.287109 0.230469 0.287109 0.236328 0.289062 0.236328 0.291016 0.238281 0.292969 0.238281 0.294922 0.240234 0.294922 0.244141 0.296875 0.246094 0.296875 0.248047 0.298828 0.250000 0.298828 0.253906 0.302734 0.253906 0.304688 0.255859 0.306641 0.255859 0.308594 0.257812 0.326172 0.257812 0.326172 0.255859 0.328125 0.253906 0.332031 0.253906 0.332031 0.250000 0.333984 0.248047 0.335938 0.248047 0.335938 0.246094 0.337891 0.244141 0.341797 0.244141 0.343750 0.242188 0.343750 0.238281 0.345703 0.236328 0.345703 0.232422 0.347656 0.230469 0.349609 0.230469 0.349609 0.222656 0.351562 0.220703 0.353516 0.220703 0.353516 0.201172 0.355469 0.199219 0.359375 0.199219 0.359375 0.189453 0.345703 0.189453 0.345703 0.191406 0.343750 0.193359 0.343750 0.208984 0.341797 0.210938 0.341797 0.214844 0.339844 0.216797 0.339844 0.222656 0.337891 0.224609 0.335938 0.224609 0.335938 0.226562 0.333984 0.228516 0.333984 0.230469 0.332031 0.232422 0.332031 0.236328 0.330078 0.238281 0.326172 0.238281 0.326172 0.242188 0.324219 0.244141 0.322266 0.244141 0.320312 0.246094 0.310547 0.246094 0.306641 0.242188 0.306641 0.236328 0.304688 0.234375 0.302734 0.234375 0.300781 0.232422 0.300781 0.228516 0.298828 0.228516 0.296875 0.226562 0.296875 0.224609 0.292969 0.224609 0.291016 0.222656 0.291016 0.218750 0.289062 0.218750 0.287109 0.216797 0.285156 0.216797 0.283203 0.214844 0.283203 0.210938 0.281250 0.210938 0.279297 0.208984 0.277344 0.208984 0.273438 0.205078 0.273438 0.203125 0.271484 0.203125 0.269531 0.201172 0.265625 0.201172 0.263672 0.199219 0.263672 0.193359 0.259766 0.189453 0.259766 0.185547 0.257812 0.185547 0.255859 0.183594 0.253906 0.183594 0.251953 0.181641 0.251953 0.179688 0.246094 0.179688 0.244141 0.177734 0.244141 0.171875 0.242188 0.169922 0.242188 0.166016 0.238281 0.166016 0.236328 0.164062 0.232422 0.164062 0.230469 0.162109 0.230469 0.156250 0.228516 0.154297 0.228516 0.152344 0.226562 0.150391 0.226562 0.146484 0.222656 0.146484 0.218750 0.142578 0.218750 0.136719 0.212891 0.136719 0.210938 0.134766 0.210938 0.130859 0.208984 0.128906
0 0.261719 0.113281 0.261719 0.119141 0.259766 0.121094 0.259766 0.130859 0.261719 0.130859 0.263672 0.132812 0.267578 0.132812 0.269531 0.134766 0.269531 0.136719 0.271484 0.136719 0.273438 0.138672 0.273438 0.140625 0.275391 0.140625 0.277344 0.142578 0.277344 0.146484 0.279297 0.148438 0.281250 0.148438 0.283203 0.150391 0.283203 0.154297 0.285156 0.154297 0.287109 0.156250 0.289062 0.156250 0.291016 0.158203 0.291016 0.162109 0.292969 0.162109 0.296875 0.166016 0.310547 0.166016 0.310547 0.156250 0.304688 0.150391 0.304688 0.148438 0.300781 0.148438 0.298828 0.146484 0.294922 0.146484 0.292969 0.144531 0.292969 0.136719 0.291016 0.136719 0.289062 0.134766 0.289062 0.130859 0.285156 0.130859 0.283203 0.128906 0.283203 0.126953 0.281250 0.126953 0.279297 0.125000 0.279297 0.119141 0.275391 0.119141 0.273438 0.117188 0.273438 0.113281