0 0.898438 0.943359 0.896484 0.945312 0.894531 0.945312 0.890625 0.949219 0.886719 0.949219 0.886719 0.957031 0.888672 0.958984 0.890625 0.958984 0.892578 0.960938 0.892578 0.978516 0.902344 0.978516 0.904297 0.976562 0.904297 0.974609 0.910156 0.968750 0.910156 0.966797 0.912109 0.964844 0.916016 0.964844 0.916016 0.955078 0.914062 0.953125 0.912109 0.955078 0.908203 0.955078 0.906250 0.953125 0.906250 0.945312 0.904297 0.943359
0 0.878906 0.935547 0.875000 0.939453 0.875000 0.941406 0.873047 0.943359 0.871094 0.943359 0.871094 0.945312 0.869141 0.947266 0.869141 0.955078 0.876953 0.955078 0.880859 0.951172 0.880859 0.949219 0.882812 0.947266 0.882812 0.945312 0.884766 0.943359 0.884766 0.935547
0 0.978516 0.880859 0.974609 0.884766 0.974609 0.886719 0.970703 0.890625 0.970703 0.894531 0.968750 0.896484 0.966797 0.896484 0.966797 0.900391 0.968750 0.900391 0.970703 0.902344 0.974609 0.902344 0.976562 0.904297 0.982422 0.904297 0.982422 0.902344 0.984375 0.900391 0.984375 0.894531 0.986328 0.892578 0.988281 0.892578 0.990234 0.894531 0.992188 0.894531 0.992188 0.886719 0.986328 0.880859
0 0.816406 0.810547 0.814453 0.812500 0.812500 0.812500 0.806641 0.818359 0.804688 0.818359 0.802734 0.820312 0.800781 0.820312 0.800781 0.822266 0.798828 0.824219 0.794922 0.824219 0.792969 0.822266 0.791016 0.822266 0.787109 0.818359 0.779297 0.818359 0.775391 0.822266 0.775391 0.824219 0.773438 0.826172 0.773438 0.830078 0.771484 0.832031 0.771484 0.837891 0.773438 0.837891 0.781250 0.845703 0.777344 0.849609 0.777344 0.855469 0.775391 0.857422 0.775391 0.863281 0.779297 0.863281 0.781250 0.861328 0.783203 0.861328 0.787109 0.865234 0.789062 0.865234 0.791016 0.867188 0.791016 0.871094 0.789062 0.873047 0.789062 0.875000 0.787109 0.876953 0.787109 0.882812 0.791016 0.882812 0.792969 0.884766 0.789062 0.888672 0.789062 0.892578 0.791016 0.894531 0.796875 0.894531 0.798828 0.896484 0.804688 0.896484 0.806641 0.894531 0.806641 0.890625 0.812500 0.884766 0.812500 0.882812 0.814453 0.880859 0.814453 0.876953 0.816406 0.875000 0.818359 0.875000 0.820312 0.876953 0.820312 0.880859 0.822266 0.880859 0.824219 0.882812 0.830078 0.882812 0.832031 0.880859 0.832031 0.878906 0.833984 0.876953 0.837891 0.876953 0.843750 0.882812 0.843750 0.888672 0.851562 0.888672 0.853516 0.886719 0.853516 0.873047 0.855469 0.871094 0.855469 0.869141 0.857422 0.867188 0.857422 0.865234 0.859375 0.863281 0.859375 0.857422 0.857422 0.855469 0.857422 0.853516 0.855469 0.851562 0.855469 0.849609 0.853516 0.847656 0.855469 0.845703 0.855469 0.843750 0.857422 0.841797 0.857422 0.839844 0.859375 0.837891 0.859375 0.832031 0.855469 0.832031 0.853516 0.833984 0.851562 0.833984 0.849609 0.835938 0.845703 0.832031 0.845703 0.828125 0.843750 0.826172 0.843750 0.824219 0.841797 0.822266 0.841797 0.818359 0.837891 0.814453 0.830078 0.814453 0.826172 0.810547
0 0.783203 0.353516 0.781250 0.355469 0.779297 0.355469 0.779297 0.359375 0.785156 0.365234 0.785156 0.371094 0.789062 0.371094 0.791016 0.373047 0.794922 0.373047 0.796875 0.375000 0.814453 0.375000 0.816406 0.373047 0.816406 0.369141 0.818359 0.367188 0.818359 0.361328 0.814453 0.361328 0.812500 0.359375 0.812500 0.357422 0.806641 0.357422 0.804688 0.359375 0.802734 0.359375 0.800781 0.357422 0.800781 0.355469 0.794922 0.355469 0.792969 0.353516
0 0.974609 0.335938 0.972656 0.337891 0.972656 0.339844 0.970703 0.341797 0.970703 0.349609 0.980469 0.349609 0.980469 0.347656 0.982422 0.345703 0.982422 0.337891 0.980469 0.335938
0 0.910156 0.287109 0.908203 0.289062 0.900391 0.289062 0.898438 0.291016 0.898438 0.292969 0.896484 0.294922 0.892578 0.294922 0.892578 0.298828 0.894531 0.298828 0.900391 0.304688 0.902344 0.304688 0.904297 0.306641 0.906250 0.306641 0.910156 0.310547 0.914062 0.310547 0.916016 0.312500 0.935547 0.312500 0.937500 0.314453 0.939453 0.314453 0.943359 0.318359 0.945312 0.318359 0.947266 0.320312 0.949219 0.320312 0.951172 0.322266 0.951172 0.324219 0.953125 0.326172 0.958984 0.326172 0.960938 0.324219 0.960938 0.320312 0.962891 0.318359 0.962891 0.310547 0.960938 0.308594 0.958984 0.308594 0.957031 0.306641 0.953125 0.306641 0.951172 0.304688 0.949219 0.304688 0.947266 0.302734 0.947266 0.300781 0.943359 0.296875 0.941406 0.296875 0.939453 0.294922 0.937500 0.294922 0.935547 0.292969 0.933594 0.292969 0.931641 0.291016 0.923828 0.291016 0.921875 0.289062 0.917969 0.289062 0.916016 0.287109
0 0.861328 0.238281 0.859375 0.240234 0.853516 0.240234 0.853516 0.242188 0.849609 0.246094 0.837891 0.246094 0.830078 0.253906 0.830078 0.261719 0.833984 0.265625 0.833984 0.267578 0.835938 0.267578 0.837891 0.269531 0.839844 0.269531 0.841797 0.271484 0.843750 0.271484 0.845703 0.273438 0.855469 0.273438 0.855469 0.265625 0.861328 0.259766 0.861328 0.257812 0.865234 0.253906 0.865234 0.251953 0.869141 0.248047 0.867188 0.246094 0.867188 0.244141 0.865234 0.242188 0.865234 0.240234 0.863281 0.240234
0 0.990234 0.179688 0.986328 0.183594 0.986328 0.189453 0.988281 0.191406 0.988281 0.195312 0.990234 0.195312 0.992188 0.197266 0.992188 0.199219 0.992188 0.179688
0 0.818359 0.089844 0.818359 0.091797 0.816406 0.093750 0.816406 0.101562 0.814453 0.103516 0.812500 0.103516 0.810547 0.105469 0.794922 0.105469 0.794922 0.107422 0.792969 0.109375 0.792969 0.111328 0.791016 0.113281 0.791016 0.119141 0.794922 0.123047 0.794922 0.126953 0.798828 0.130859 0.798828 0.136719 0.800781 0.138672 0.810547 0.138672 0.812500 0.136719 0.816406 0.136719 0.818359 0.134766 0.820312 0.134766 0.822266 0.132812 0.826172 0.132812 0.828125 0.130859 0.830078 0.130859 0.832031 0.128906 0.837891 0.128906 0.841797 0.125000 0.843750 0.125000 0.843750 0.113281 0.839844 0.109375 0.839844 0.107422 0.837891 0.105469 0.837891 0.101562 0.835938 0.099609 0.835938 0.095703 0.833984 0.095703 0.830078 0.091797 0.828125 0.091797 0.826172 0.089844
0 0.777344 0.080078 0.775391 0.082031 0.773438 0.082031 0.773438 0.083984 0.771484 0.085938 0.771484 0.087891 0.785156 0.087891 0.787109 0.089844 0.791016 0.089844 0.791016 0.085938 0.785156 0.080078
0 0.140625 0.066406 0.138672 0.068359 0.134766 0.068359 0.132812 0.070312 0.134766 0.072266 0.134766 0.076172 0.132812 0.078125 0.128906 0.078125 0.126953 0.080078 0.125000 0.080078 0.123047 0.082031 0.123047 0.089844 0.125000 0.089844 0.126953 0.091797 0.136719 0.091797 0.136719 0.085938 0.132812 0.082031 0.132812 0.078125 0.134766 0.076172 0.150391 0.076172 0.152344 0.074219 0.154297 0.074219 0.156250 0.072266 0.156250 0.066406
0 0.699219 0.035156 0.691406 0.042969 0.691406 0.050781 0.685547 0.056641 0.681641 0.056641 0.679688 0.058594 0.679688 0.062500 0.685547 0.062500 0.687500 0.064453 0.693359 0.064453 0.693359 0.058594 0.697266 0.054688 0.705078 0.054688 0.705078 0.050781 0.701172 0.050781 0.697266 0.046875 0.701172 0.042969 0.707031 0.042969 0.708984 0.041016 0.708984 0.035156
0 0.828125 0.000000 0.828125 0.001953 0.832031 0.005859 0.832031 0.013672 0.833984 0.015625 0.835938 0.015625 0.837891 0.017578 0.845703 0.017578 0.851562 0.023438 0.853516 0.023438 0.855469 0.025391 0.855469 0.027344 0.853516 0.029297 0.851562 0.029297 0.849609 0.031250 0.841797 0.031250 0.835938 0.025391 0.828125 0.025391 0.826172 0.023438 0.818359 0.023438 0.816406 0.025391 0.816406 0.029297 0.820312 0.033203 0.820312 0.044922 0.822266 0.044922 0.824219 0.042969 0.826172 0.042969 0.826172 0.041016 0.828125 0.039062 0.828125 0.037109 0.830078 0.035156 0.832031 0.035156 0.833984 0.037109 0.835938 0.037109 0.837891 0.039062 0.853516 0.039062 0.855469 0.037109 0.857422 0.037109 0.857422 0.035156 0.859375 0.033203 0.869141 0.033203 0.873047 0.029297 0.876953 0.033203 0.876953 0.039062 0.880859 0.042969 0.890625 0.042969 0.892578 0.041016 0.904297 0.041016 0.904297 0.031250 0.902344 0.029297 0.902344 0.025391 0.898438 0.021484 0.898438 0.019531 0.882812 0.019531 0.880859 0.021484 0.871094 0.021484 0.869141 0.019531 0.867188 0.021484 0.859375 0.021484 0.857422 0.019531 0.855469 0.019531 0.851562 0.015625 0.851562 0.013672 0.857422 0.007812 0.859375 0.007812 0.861328 0.005859 0.882812 0.005859 0.884766 0.003906 0.884766 0.000000
0 0.626953 0.000000 0.626953 0.005859 0.628906 0.007812 0.628906 0.013672 0.626953 0.015625 0.626953 0.025391 0.628906 0.025391 0.630859 0.027344 0.634766 0.027344 0.636719 0.029297 0.644531 0.029297 0.646484 0.031250 0.650391 0.031250 0.654297 0.035156 0.654297 0.037109 0.656250 0.039062 0.658203 0.039062 0.666016 0.031250 0.667969 0.031250 0.683594 0.015625 0.693359 0.015625 0.695312 0.017578 0.697266 0.017578 0.699219 0.019531 0.701172 0.019531 0.703125 0.021484 0.705078 0.021484 0.707031 0.023438 0.708984 0.023438 0.710938 0.025391 0.720703 0.025391 0.724609 0.021484 0.724609 0.019531 0.728516 0.015625 0.730469 0.017578 0.732422 0.017578 0.736328 0.021484 0.755859 0.021484 0.757812 0.023438 0.763672 0.023438 0.765625 0.025391 0.777344 0.025391 0.777344 0.019531 0.779297 0.017578 0.779297 0.015625 0.785156 0.009766 0.785156 0.000000
0 0.332031 0.000000 0.330078 0.001953 0.330078 0.011719 0.332031 0.013672 0.333984 0.013672 0.337891 0.017578 0.337891 0.021484 0.333984 0.025391 0.332031 0.025391 0.330078 0.027344 0.328125 0.027344 0.326172 0.029297 0.324219 0.029297 0.318359 0.035156 0.318359 0.042969 0.320312 0.044922 0.320312 0.050781 0.318359 0.052734 0.318359 0.054688 0.314453 0.058594 0.310547 0.058594 0.304688 0.064453 0.302734 0.064453 0.300781 0.062500 0.298828 0.062500 0.296875 0.060547 0.294922 0.060547 0.292969 0.058594 0.287109 0.058594 0.285156 0.060547 0.285156 0.062500 0.283203 0.064453 0.281250 0.064453 0.279297 0.066406 0.277344 0.066406 0.277344 0.068359 0.275391 0.070312 0.271484 0.070312 0.269531 0.068359 0.263672 0.068359 0.261719 0.070312 0.259766 0.070312 0.257812 0.072266 0.257812 0.074219 0.253906 0.078125 0.251953 0.078125 0.251953 0.085938 0.253906 0.087891 0.257812 0.087891 0.257812 0.083984 0.259766 0.082031 0.263672 0.085938 0.265625 0.085938 0.267578 0.087891 0.269531 0.087891 0.275391 0.093750 0.273438 0.095703 0.271484 0.095703 0.267578 0.099609 0.265625 0.099609 0.261719 0.103516 0.257812 0.103516 0.257812 0.105469 0.255859 0.107422 0.253906 0.107422 0.251953 0.109375 0.250000 0.109375 0.246094 0.113281 0.246094 0.119141 0.244141 0.121094 0.242188 0.121094 0.240234 0.123047 0.240234 0.128906 0.242188 0.128906 0.244141 0.130859 0.246094 0.130859 0.248047 0.132812 0.250000 0.132812 0.251953 0.134766 0.255859 0.134766 0.257812 0.136719 0.257812 0.138672 0.263672 0.138672 0.267578 0.142578 0.267578 0.158203 0.263672 0.162109 0.263672 0.164062 0.261719 0.166016 0.261719 0.199219 0.263672 0.201172 0.263672 0.203125 0.265625 0.203125 0.267578 0.205078 0.267578 0.207031 0.271484 0.210938 0.271484 0.214844 0.267578 0.218750 0.267578 0.220703 0.265625 0.222656 0.265625 0.228516 0.263672 0.230469 0.261719 0.228516 0.251953 0.228516 0.250000 0.226562 0.240234 0.226562 0.236328 0.222656 0.236328 0.218750 0.234375 0.216797 0.234375 0.210938 0.230469 0.207031 0.226562 0.207031 0.226562 0.208984 0.224609 0.210938 0.224609 0.232422 0.212891 0.244141 0.212891 0.257812 0.214844 0.259766 0.216797 0.259766 0.218750 0.261719 0.218750 0.263672 0.220703 0.265625 0.220703 0.269531 0.224609 0.273438 0.226562 0.273438 0.238281 0.285156 0.238281 0.287109 0.240234 0.289062 0.240234 0.292969 0.242188 0.292969 0.244141 0.294922 0.244141 0.298828 0.246094 0.300781 0.246094 0.302734 0.244141 0.304688 0.244141 0.318359 0.246094 0.318359 0.248047 0.320312 0.248047 0.326172 0.246094 0.328125 0.246094 0.332031 0.232422 0.345703 0.232422 0.347656 0.226562 0.353516 0.226562 0.355469 0.224609 0.357422 0.224609 0.363281 0.222656 0.365234 0.222656 0.367188 0.220703 0.369141 0.216797 0.369141 0.214844 0.367188 0.210938 0.367188 0.207031 0.363281 0.205078 0.363281 0.203125 0.361328 0.201172 0.361328 0.195312 0.355469 0.195312 0.353516 0.193359 0.353516 0.191406 0.351562 0.191406 0.343750 0.193359 0.341797 0.193359 0.339844 0.195312 0.337891 0.195312 0.328125 0.191406 0.324219 0.191406 0.322266 0.193359 0.320312 0.189453 0.316406 0.187500 0.316406 0.185547 0.314453 0.185547 0.310547 0.175781 0.310547 0.166016 0.300781 0.166016 0.296875 0.167969 0.294922 0.169922 0.294922 0.171875 0.292969 0.183594 0.292969 0.183594 0.287109 0.181641 0.285156 0.173828 0.285156 0.164062 0.275391 0.164062 0.269531 0.166016 0.267578 0.166016 0.263672 0.156250 0.263672 0.154297 0.261719 0.154297 0.259766 0.152344 0.257812 0.152344 0.253906 0.154297 0.251953 0.158203 0.251953 0.160156 0.250000 0.164062 0.250000 0.167969 0.253906 0.175781 0.253906 0.187500 0.242188 0.187500 0.238281 0.189453 0.236328 0.189453 0.234375 0.193359 0.230469 0.201172 0.230469 0.205078 0.226562 0.205078 0.224609 0.210938 0.218750 0.210938 0.216797 0.214844 0.212891 0.214844 0.203125 0.216797 0.201172 0.216797 0.199219 0.218750 0.197266 0.218750 0.189453 0.214844 0.185547 0.214844 0.183594 0.212891 0.183594 0.207031 0.177734 0.207031 0.175781 0.205078 0.173828 0.205078 0.171875 0.203125 0.169922 0.203125 0.167969 0.201172 0.166016 0.201172 0.152344 0.199219 0.150391 0.199219 0.148438 0.197266 0.146484 0.197266 0.140625 0.191406 0.134766 0.191406 0.121094 0.189453 0.121094 0.187500 0.119141 0.185547 0.119141 0.181641 0.115234 0.177734 0.115234 0.171875 0.109375 0.171875 0.107422 0.169922 0.105469 0.169922 0.103516 0.167969 0.101562 0.167969 0.095703 0.160156 0.095703 0.156250 0.099609 0.154297 0.099609 0.150391 0.103516 0.148438 0.103516 0.148438 0.105469 0.144531 0.109375 0.140625 0.109375 0.138672 0.107422 0.132812 0.107422 0.130859 0.105469 0.126953 0.105469 0.126953 0.107422 0.123047 0.111328 0.123047 0.125000 0.130859 0.132812 0.130859 0.134766 0.125000 0.140625 0.125000 0.144531 0.123047 0.146484 0.123047 0.152344 0.121094 0.154297 0.113281 0.154297 0.109375 0.158203 0.107422 0.158203 0.105469 0.156250 0.101562 0.156250 0.097656 0.152344 0.097656 0.148438 0.095703 0.148438 0.093750 0.146484 0.091797 0.146484 0.080078 0.134766 0.070312 0.134766 0.066406 0.138672 0.066406 0.146484 0.064453 0.148438 0.064453 0.150391 0.050781 0.164062 0.050781 0.166016 0.048828 0.167969 0.048828 0.169922 0.046875 0.171875 0.044922 0.169922 0.044922 0.162109 0.042969 0.160156 0.042969 0.154297 0.041016 0.152344 0.041016 0.150391 0.039062 0.150391 0.037109 0.148438 0.037109 0.146484 0.029297 0.146484 0.027344 0.148438 0.027344 0.162109 0.029297 0.162109 0.031250 0.164062 0.031250 0.166016 0.033203 0.167969 0.033203 0.171875 0.031250 0.173828 0.019531 0.173828 0.017578 0.175781 0.017578 0.177734 0.015625 0.179688 0.015625 0.185547 0.013672 0.187500 0.005859 0.187500 0.001953 0.191406 0.001953 0.193359 0.000000 0.195312 0.000000 0.300781 0.005859 0.300781 0.007812 0.302734 0.017578 0.302734 0.021484 0.306641 0.025391 0.306641 0.027344 0.308594 0.033203 0.308594 0.035156 0.310547 0.041016 0.310547 0.042969 0.312500 0.048828 0.312500 0.050781 0.314453 0.052734 0.314453 0.054688 0.316406 0.056641 0.316406 0.058594 0.318359 0.060547 0.318359 0.062500 0.320312 0.064453 0.320312 0.066406 0.322266 0.068359 0.322266 0.070312 0.324219 0.070312 0.326172 0.072266 0.328125 0.072266 0.330078 0.068359 0.333984 0.068359 0.335938 0.066406 0.337891 0.066406 0.341797 0.062500 0.345703 0.058594 0.345703 0.058594 0.347656 0.056641 0.349609 0.056641 0.351562 0.054688 0.353516 0.054688 0.359375 0.050781 0.363281 0.050781 0.375000 0.048828 0.376953 0.048828 0.378906 0.044922 0.382812 0.042969 0.382812 0.039062 0.378906 0.035156 0.378906 0.033203 0.380859 0.031250 0.380859 0.031250 0.384766 0.033203 0.386719 0.033203 0.390625 0.035156 0.392578 0.033203 0.394531 0.023438 0.394531 0.021484 0.396484 0.007812 0.396484 0.003906 0.400391 0.003906 0.402344 0.001953 0.404297 0.000000 0.404297 0.000000 0.992188 0.357422 0.992188 0.363281 0.986328 0.363281 0.980469 0.365234 0.978516 0.367188 0.978516 0.367188 0.974609 0.369141 0.972656 0.371094 0.972656 0.371094 0.958984 0.375000 0.955078 0.375000 0.951172 0.376953 0.949219 0.376953 0.947266 0.378906 0.945312 0.380859 0.945312 0.380859 0.939453 0.382812 0.937500 0.380859 0.935547 0.380859 0.933594 0.382812 0.931641 0.380859 0.929688 0.382812 0.927734 0.382812 0.917969 0.384766 0.916016 0.384766 0.914062 0.386719 0.912109 0.388672 0.912109 0.388672 0.910156 0.398438 0.900391 0.398438 0.896484 0.400391 0.894531 0.400391 0.892578 0.402344 0.890625 0.404297 0.890625 0.404297 0.888672 0.406250 0.886719 0.406250 0.884766 0.408203 0.882812 0.408203 0.865234 0.410156 0.863281 0.410156 0.855469 0.408203 0.853516 0.408203 0.847656 0.404297 0.843750 0.400391 0.843750 0.396484 0.839844 0.396484 0.837891 0.394531 0.837891 0.392578 0.835938 0.392578 0.833984 0.390625 0.832031 0.390625 0.830078 0.386719 0.826172 0.386719 0.824219 0.384766 0.822266 0.384766 0.820312 0.380859 0.816406 0.380859 0.808594 0.382812 0.806641 0.382812 0.804688 0.384766 0.802734 0.384766 0.800781 0.386719 0.798828 0.386719 0.783203 0.388672 0.781250 0.388672 0.779297 0.390625 0.777344 0.390625 0.775391 0.392578 0.773438 0.392578 0.767578 0.394531 0.765625 0.394531 0.763672 0.396484 0.761719 0.396484 0.757812 0.398438 0.755859 0.398438 0.751953 0.400391 0.750000 0.400391 0.740234 0.402344 0.738281 0.404297 0.738281 0.404297 0.732422 0.406250 0.730469 0.406250 0.728516 0.408203 0.726562 0.408203 0.722656 0.410156 0.720703 0.410156 0.716797 0.412109 0.714844 0.412109 0.710938 0.416016 0.707031 0.416016 0.703125 0.419922 0.699219 0.419922 0.693359 0.421875 0.691406 0.423828 0.691406 0.423828 0.687500 0.425781 0.685547 0.425781 0.683594 0.427734 0.681641 0.429688 0.681641 0.429688 0.677734 0.431641 0.675781 0.433594 0.675781 0.433594 0.667969 0.435547 0.666016 0.439453 0.666016 0.439453 0.658203 0.441406 0.656250 0.441406 0.648438 0.443359 0.646484 0.443359 0.644531 0.447266 0.640625 0.447266 0.634766 0.449219 0.632812 0.451172 0.632812 0.451172 0.630859 0.453125 0.628906 0.457031 0.628906 0.457031 0.626953 0.458984 0.625000 0.458984 0.621094 0.460938 0.619141 0.460938 0.613281 0.462891 0.611328 0.466797 0.611328 0.466797 0.607422 0.468750 0.605469 0.468750 0.603516 0.470703 0.601562 0.470703 0.591797 0.474609 0.587891 0.474609 0.578125 0.476562 0.576172 0.476562 0.566406 0.478516 0.564453 0.478516 0.550781 0.476562 0.550781 0.474609 0.548828 0.474609 0.539062 0.476562 0.537109 0.476562 0.533203 0.480469 0.529297 0.480469 0.523438 0.482422 0.521484 0.482422 0.513672 0.484375 0.511719 0.484375 0.488281 0.486328 0.486328 0.486328 0.476562 0.488281 0.474609 0.488281 0.455078 0.490234 0.453125 0.490234 0.429688 0.494141 0.425781 0.494141 0.421875 0.496094 0.419922 0.496094 0.416016 0.498047 0.414062 0.498047 0.404297 0.500000 0.402344 0.500000 0.398438 0.501953 0.396484 0.501953 0.392578 0.503906 0.390625 0.503906 0.384766 0.505859 0.382812 0.505859 0.378906 0.509766 0.375000 0.509766 0.369141 0.513672 0.365234 0.513672 0.357422 0.515625 0.355469 0.515625 0.349609 0.517578 0.347656 0.517578 0.306641 0.519531 0.304688 0.519531 0.271484 0.521484 0.269531 0.521484 0.259766 0.519531 0.259766 0.517578 0.257812 0.517578 0.250000 0.515625 0.248047 0.515625 0.228516 0.513672 0.226562 0.513672 0.220703 0.511719 0.218750 0.511719 0.214844 0.509766 0.212891 0.511719 0.210938 0.511719 0.207031 0.513672 0.205078 0.513672 0.201172 0.515625 0.199219 0.515625 0.197266 0.517578 0.195312 0.517578 0.189453 0.519531 0.187500 0.521484 0.187500 0.521484 0.185547 0.525391 0.181641 0.525391 0.179688 0.527344 0.177734 0.527344 0.175781 0.529297 0.173828 0.529297 0.169922 0.531250 0.167969 0.531250 0.164062 0.533203 0.162109 0.533203 0.152344 0.535156 0.150391 0.535156 0.144531 0.537109 0.142578 0.537109 0.132812 0.539062 0.130859 0.539062 0.126953 0.541016 0.125000 0.541016 0.123047 0.542969 0.121094 0.542969 0.119141 0.544922 0.117188 0.544922 0.115234 0.546875 0.113281 0.546875 0.109375 0.548828 0.107422 0.548828 0.101562 0.550781 0.099609 0.552734 0.099609 0.552734 0.095703 0.554688 0.093750 0.554688 0.089844 0.556641 0.087891 0.556641 0.085938 0.562500 0.080078 0.562500 0.070312 0.564453 0.068359 0.564453 0.042969 0.562500 0.041016 0.562500 0.039062 0.560547 0.037109 0.558594 0.037109 0.556641 0.035156 0.556641 0.029297 0.554688 0.027344 0.554688 0.025391 0.550781 0.021484 0.550781 0.019531 0.548828 0.017578 0.548828 0.015625 0.546875 0.015625 0.544922 0.013672 0.535156 0.013672 0.533203 0.011719 0.533203 0.000000
0 0.000000 0.000000 0.000000 0.013672 0.001953 0.013672 0.005859 0.009766 0.007812 0.009766 0.011719 0.005859 0.013672 0.005859 0.017578 0.001953 0.017578 0.000000