0 0.376953 0.875000 0.375000 0.876953 0.369141 0.876953 0.367188 0.878906 0.363281 0.878906 0.363281 0.880859 0.359375 0.884766 0.359375 0.886719 0.357422 0.888672 0.357422 0.890625 0.353516 0.894531 0.343750 0.894531 0.341797 0.892578 0.337891 0.892578 0.337891 0.896484 0.341797 0.896484 0.343750 0.898438 0.359375 0.898438 0.359375 0.894531 0.361328 0.892578 0.363281 0.892578 0.363281 0.888672 0.369141 0.882812 0.371094 0.882812 0.373047 0.880859 0.380859 0.880859 0.384766 0.884766 0.384766 0.888672 0.386719 0.890625 0.388672 0.890625 0.390625 0.892578 0.392578 0.892578 0.394531 0.894531 0.394531 0.898438 0.396484 0.900391 0.404297 0.900391 0.404297 0.894531 0.400391 0.894531 0.398438 0.892578 0.398438 0.890625 0.396484 0.890625 0.394531 0.888672 0.392578 0.888672 0.388672 0.884766 0.388672 0.878906 0.386719 0.878906 0.384766 0.876953 0.382812 0.876953 0.380859 0.875000
0 0.378906 0.814453 0.376953 0.816406 0.371094 0.816406 0.371094 0.820312 0.378906 0.820312 0.380859 0.818359 0.396484 0.818359 0.396484 0.814453
0 0.275391 0.810547 0.273438 0.812500 0.263672 0.812500 0.261719 0.814453 0.259766 0.814453 0.257812 0.816406 0.255859 0.816406 0.253906 0.818359 0.251953 0.818359 0.251953 0.820312 0.246094 0.826172 0.246094 0.833984 0.244141 0.835938 0.244141 0.841797 0.242188 0.843750 0.242188 0.857422 0.244141 0.857422 0.248047 0.861328 0.250000 0.861328 0.251953 0.863281 0.251953 0.867188 0.253906 0.867188 0.257812 0.871094 0.259766 0.871094 0.261719 0.873047 0.265625 0.873047 0.267578 0.875000 0.267578 0.876953 0.269531 0.876953 0.271484 0.878906 0.271484 0.882812 0.275391 0.882812 0.277344 0.884766 0.277344 0.886719 0.279297 0.886719 0.283203 0.890625 0.283203 0.892578 0.287109 0.896484 0.291016 0.896484 0.292969 0.898438 0.292969 0.902344 0.310547 0.902344 0.312500 0.900391 0.314453 0.900391 0.316406 0.898438 0.320312 0.898438 0.324219 0.894531 0.332031 0.894531 0.332031 0.890625 0.320312 0.890625 0.316406 0.894531 0.312500 0.894531 0.308594 0.898438 0.298828 0.898438 0.296875 0.896484 0.292969 0.896484 0.291016 0.894531 0.291016 0.892578 0.285156 0.886719 0.285156 0.884766 0.283203 0.884766 0.279297 0.880859 0.279297 0.878906 0.277344 0.878906 0.275391 0.876953 0.275391 0.875000 0.273438 0.873047 0.267578 0.873047 0.265625 0.871094 0.265625 0.869141 0.263672 0.869141 0.259766 0.865234 0.257812 0.865234 0.255859 0.863281 0.255859 0.861328 0.253906 0.861328 0.251953 0.859375 0.251953 0.857422 0.250000 0.855469 0.248047 0.855469 0.246094 0.853516 0.246094 0.845703 0.248047 0.843750 0.248047 0.839844 0.250000 0.837891 0.250000 0.830078 0.255859 0.824219 0.255859 0.822266 0.257812 0.820312 0.259766 0.820312 0.261719 0.818359 0.263672 0.818359 0.265625 0.816406 0.273438 0.816406 0.275391 0.814453 0.300781 0.814453 0.302734 0.816406 0.304688 0.816406 0.308594 0.820312 0.308594 0.822266 0.312500 0.822266 0.314453 0.824219 0.314453 0.826172 0.316406 0.826172 0.318359 0.828125 0.318359 0.830078 0.320312 0.830078 0.322266 0.832031 0.322266 0.833984 0.324219 0.835938 0.326172 0.835938 0.328125 0.837891 0.333984 0.837891 0.335938 0.835938 0.337891 0.835938 0.341797 0.832031 0.343750 0.832031 0.347656 0.828125 0.351562 0.828125 0.353516 0.826172 0.357422 0.826172 0.359375 0.824219 0.363281 0.824219 0.365234 0.822266 0.367188 0.822266 0.367188 0.818359 0.363281 0.818359 0.361328 0.820312 0.359375 0.820312 0.357422 0.822266 0.353516 0.822266 0.351562 0.824219 0.347656 0.824219 0.345703 0.826172 0.341797 0.826172 0.337891 0.830078 0.333984 0.830078 0.330078 0.833984 0.326172 0.830078 0.324219 0.830078 0.322266 0.828125 0.322266 0.824219 0.320312 0.824219 0.318359 0.822266 0.316406 0.822266 0.314453 0.820312 0.314453 0.818359 0.312500 0.818359 0.310547 0.816406 0.310547 0.814453 0.308594 0.812500 0.304688 0.812500 0.302734 0.810547
0 0.851562 0.710938 0.847656 0.714844 0.841797 0.714844 0.839844 0.716797 0.835938 0.716797 0.833984 0.718750 0.832031 0.718750 0.828125 0.722656 0.826172 0.722656 0.826172 0.724609 0.822266 0.728516 0.820312 0.728516 0.816406 0.732422 0.816406 0.734375 0.814453 0.736328 0.814453 0.738281 0.812500 0.740234 0.812500 0.744141 0.810547 0.746094 0.808594 0.746094 0.808594 0.765625 0.806641 0.767578 0.806641 0.769531 0.804688 0.771484 0.802734 0.771484 0.800781 0.769531 0.794922 0.769531 0.794922 0.773438 0.796875 0.773438 0.798828 0.775391 0.800781 0.775391 0.802734 0.777344 0.806641 0.777344 0.810547 0.773438 0.810547 0.769531 0.812500 0.767578 0.812500 0.750000 0.814453 0.748047 0.816406 0.748047 0.816406 0.744141 0.818359 0.742188 0.818359 0.740234 0.820312 0.738281 0.820312 0.736328 0.826172 0.730469 0.828125 0.730469 0.828125 0.728516 0.832031 0.724609 0.835938 0.724609 0.835938 0.722656 0.837891 0.720703 0.843750 0.720703 0.845703 0.718750 0.853516 0.718750 0.855469 0.716797 0.855469 0.710938
0 0.302734 0.697266 0.302734 0.707031 0.314453 0.707031 0.316406 0.708984 0.316406 0.710938 0.326172 0.710938 0.326172 0.708984 0.328125 0.707031 0.332031 0.707031 0.332031 0.697266 0.322266 0.697266 0.322266 0.699219 0.320312 0.701172 0.318359 0.699219 0.318359 0.697266
0 0.345703 0.681641 0.345703 0.689453 0.343750 0.691406 0.335938 0.691406 0.335938 0.701172 0.345703 0.701172 0.345703 0.693359 0.347656 0.691406 0.355469 0.691406 0.355469 0.681641
0 0.369141 0.664062 0.369141 0.673828 0.367188 0.675781 0.361328 0.675781 0.361328 0.685547 0.371094 0.685547 0.371094 0.675781 0.373047 0.673828 0.378906 0.673828 0.378906 0.664062
0 0.378906 0.648438 0.378906 0.658203 0.388672 0.658203 0.388672 0.648438
0 0.384766 0.630859 0.384766 0.640625 0.394531 0.640625 0.394531 0.630859
0 0.388672 0.613281 0.388672 0.623047 0.398438 0.623047 0.398438 0.613281
0 0.384766 0.582031 0.384766 0.591797 0.394531 0.591797 0.394531 0.582031
0 0.382812 0.564453 0.382812 0.574219 0.392578 0.574219 0.392578 0.564453
0 0.396484 0.501953 0.396484 0.505859 0.394531 0.507812 0.388672 0.507812 0.388672 0.511719 0.386719 0.513672 0.382812 0.513672 0.382812 0.517578 0.380859 0.519531 0.378906 0.519531 0.378906 0.525391 0.376953 0.527344 0.373047 0.527344 0.373047 0.546875 0.375000 0.546875 0.376953 0.548828 0.376953 0.558594 0.386719 0.558594 0.386719 0.548828 0.384766 0.548828 0.382812 0.546875 0.382812 0.531250 0.384766 0.529297 0.388672 0.529297 0.388672 0.525391 0.390625 0.523438 0.392578 0.523438 0.392578 0.519531 0.394531 0.517578 0.398438 0.517578 0.398438 0.513672 0.400391 0.511719 0.406250 0.511719 0.406250 0.501953
0 0.410156 0.494141 0.410156 0.503906 0.419922 0.503906 0.419922 0.494141
0 0.429688 0.482422 0.429688 0.492188 0.439453 0.492188 0.439453 0.482422
0 0.451172 0.474609 0.451172 0.484375 0.460938 0.484375 0.460938 0.474609
0 0.478516 0.447266 0.478516 0.457031 0.476562 0.458984 0.472656 0.458984 0.472656 0.468750 0.482422 0.468750 0.482422 0.458984 0.484375 0.457031 0.488281 0.457031 0.488281 0.447266
0 0.482422 0.425781 0.482422 0.435547 0.492188 0.435547 0.492188 0.425781
0 0.484375 0.404297 0.484375 0.414062 0.494141 0.414062 0.494141 0.404297
0 0.476562 0.333984 0.476562 0.371094 0.478516 0.373047 0.478516 0.380859 0.480469 0.380859 0.482422 0.382812 0.482422 0.384766 0.484375 0.386719 0.484375 0.398438 0.494141 0.398438 0.494141 0.382812 0.492188 0.380859 0.492188 0.375000 0.490234 0.375000 0.488281 0.373047 0.488281 0.371094 0.486328 0.369141 0.486328 0.333984
0 0.400391 0.324219 0.400391 0.332031 0.398438 0.333984 0.396484 0.333984 0.394531 0.335938 0.392578 0.335938 0.392578 0.341797 0.390625 0.343750 0.390625 0.347656 0.388672 0.349609 0.386719 0.349609 0.386719 0.359375 0.396484 0.359375 0.398438 0.357422 0.400391 0.357422 0.400391 0.347656 0.404297 0.343750 0.406250 0.343750 0.406250 0.335938 0.408203 0.333984 0.410156 0.333984 0.410156 0.324219
0 0.208984 0.296875 0.205078 0.300781 0.205078 0.304688 0.203125 0.306641 0.201172 0.306641 0.201172 0.310547 0.195312 0.316406 0.195312 0.320312 0.191406 0.324219 0.191406 0.330078 0.189453 0.332031 0.187500 0.332031 0.187500 0.333984 0.185547 0.335938 0.185547 0.337891 0.183594 0.339844 0.181641 0.339844 0.181641 0.341797 0.179688 0.343750 0.179688 0.345703 0.177734 0.347656 0.175781 0.347656 0.173828 0.349609 0.173828 0.355469 0.177734 0.355469 0.177734 0.353516 0.179688 0.351562 0.179688 0.349609 0.181641 0.347656 0.185547 0.347656 0.185547 0.345703 0.187500 0.343750 0.187500 0.341797 0.189453 0.339844 0.191406 0.339844 0.191406 0.337891 0.193359 0.335938 0.193359 0.333984 0.195312 0.332031 0.195312 0.328125 0.197266 0.326172 0.197266 0.324219 0.199219 0.322266 0.199219 0.320312 0.205078 0.314453 0.205078 0.310547 0.207031 0.308594 0.208984 0.308594 0.208984 0.304688 0.210938 0.302734 0.216797 0.302734 0.220703 0.306641 0.222656 0.306641 0.232422 0.316406 0.232422 0.318359 0.234375 0.318359 0.236328 0.320312 0.236328 0.322266 0.238281 0.322266 0.242188 0.326172 0.242188 0.328125 0.244141 0.328125 0.246094 0.330078 0.246094 0.332031 0.250000 0.332031 0.255859 0.337891 0.255859 0.339844 0.257812 0.341797 0.259766 0.341797 0.261719 0.343750 0.261719 0.345703 0.263672 0.347656 0.265625 0.347656 0.271484 0.353516 0.271484 0.355469 0.273438 0.355469 0.275391 0.357422 0.275391 0.359375 0.277344 0.359375 0.279297 0.361328 0.281250 0.361328 0.283203 0.363281 0.283203 0.365234 0.285156 0.365234 0.287109 0.367188 0.287109 0.369141 0.291016 0.369141 0.292969 0.371094 0.292969 0.373047 0.294922 0.375000 0.294922 0.376953 0.296875 0.378906 0.294922 0.380859 0.294922 0.382812 0.292969 0.384766 0.291016 0.384766 0.291016 0.386719 0.289062 0.388672 0.287109 0.388672 0.287109 0.390625 0.285156 0.392578 0.283203 0.392578 0.281250 0.394531 0.281250 0.396484 0.271484 0.406250 0.269531 0.406250 0.269531 0.408203 0.267578 0.410156 0.253906 0.410156 0.253906 0.412109 0.251953 0.414062 0.251953 0.416016 0.250000 0.417969 0.250000 0.419922 0.248047 0.421875 0.248047 0.425781 0.244141 0.429688 0.242188 0.429688 0.238281 0.433594 0.236328 0.433594 0.234375 0.435547 0.214844 0.435547 0.212891 0.437500 0.210938 0.437500 0.210938 0.449219 0.212891 0.451172 0.212891 0.453125 0.214844 0.455078 0.218750 0.455078 0.218750 0.449219 0.214844 0.445312 0.214844 0.443359 0.218750 0.439453 0.238281 0.439453 0.240234 0.437500 0.244141 0.437500 0.246094 0.435547 0.246094 0.433594 0.248047 0.431641 0.250000 0.431641 0.250000 0.427734 0.253906 0.423828 0.253906 0.421875 0.257812 0.417969 0.257812 0.416016 0.259766 0.414062 0.269531 0.414062 0.271484 0.412109 0.273438 0.412109 0.273438 0.410156 0.275391 0.408203 0.277344 0.408203 0.285156 0.400391 0.285156 0.398438 0.287109 0.396484 0.289062 0.396484 0.289062 0.394531 0.291016 0.392578 0.292969 0.392578 0.292969 0.390625 0.294922 0.388672 0.296875 0.388672 0.296875 0.386719 0.298828 0.384766 0.298828 0.382812 0.300781 0.380859 0.300781 0.375000 0.296875 0.371094 0.296875 0.369141 0.294922 0.367188 0.294922 0.365234 0.291016 0.365234 0.289062 0.363281 0.289062 0.361328 0.287109 0.361328 0.285156 0.359375 0.285156 0.357422 0.283203 0.357422 0.281250 0.355469 0.279297 0.355469 0.277344 0.353516 0.277344 0.351562 0.275391 0.351562 0.273438 0.349609 0.273438 0.347656 0.265625 0.339844 0.263672 0.339844 0.257812 0.333984 0.257812 0.332031 0.253906 0.328125 0.251953 0.328125 0.250000 0.326172 0.248047 0.326172 0.246094 0.324219 0.246094 0.322266 0.244141 0.320312 0.242188 0.320312 0.240234 0.318359 0.240234 0.316406 0.238281 0.316406 0.236328 0.314453 0.236328 0.310547 0.234375 0.310547 0.226562 0.302734 0.224609 0.302734 0.222656 0.300781 0.218750 0.300781 0.214844 0.296875
0 0.457031 0.267578 0.455078 0.269531 0.453125 0.269531 0.453125 0.271484 0.451172 0.273438 0.449219 0.273438 0.449219 0.277344 0.447266 0.279297 0.447266 0.285156 0.445312 0.287109 0.443359 0.287109 0.443359 0.289062 0.441406 0.291016 0.439453 0.291016 0.437500 0.292969 0.437500 0.294922 0.435547 0.296875 0.429688 0.296875 0.429688 0.300781 0.427734 0.302734 0.423828 0.302734 0.423828 0.308594 0.421875 0.310547 0.419922 0.310547 0.419922 0.312500 0.417969 0.314453 0.414062 0.314453 0.414062 0.324219 0.423828 0.324219 0.423828 0.322266 0.425781 0.320312 0.429688 0.320312 0.429688 0.314453 0.431641 0.312500 0.433594 0.312500 0.433594 0.308594 0.435547 0.306641 0.439453 0.306641 0.439453 0.304688 0.441406 0.302734 0.447266 0.302734 0.449219 0.300781 0.449219 0.298828 0.451172 0.296875 0.453125 0.296875 0.453125 0.291016 0.455078 0.289062 0.458984 0.289062 0.458984 0.281250 0.460938 0.279297 0.462891 0.279297 0.464844 0.277344 0.468750 0.277344 0.468750 0.267578
0 0.685547 0.009766 0.685547 0.013672 0.699219 0.013672 0.701172 0.015625 0.703125 0.015625 0.705078 0.017578 0.710938 0.017578 0.714844 0.021484 0.714844 0.023438 0.716797 0.023438 0.718750 0.025391 0.720703 0.025391 0.722656 0.027344 0.722656 0.033203 0.724609 0.035156 0.724609 0.042969 0.726562 0.044922 0.726562 0.052734 0.728516 0.052734 0.730469 0.054688 0.730469 0.056641 0.732422 0.056641 0.734375 0.058594 0.734375 0.060547 0.736328 0.060547 0.740234 0.064453 0.740234 0.066406 0.744141 0.066406 0.746094 0.068359 0.748047 0.068359 0.750000 0.070312 0.750000 0.072266 0.751953 0.072266 0.755859 0.076172 0.755859 0.078125 0.759766 0.082031 0.759766 0.083984 0.761719 0.085938 0.761719 0.087891 0.763672 0.087891 0.765625 0.089844 0.765625 0.091797 0.767578 0.091797 0.771484 0.095703 0.771484 0.097656 0.773438 0.099609 0.775391 0.099609 0.779297 0.103516 0.787109 0.103516 0.787109 0.099609 0.791016 0.095703 0.806641 0.095703 0.810547 0.099609 0.810547 0.103516 0.816406 0.109375 0.816406 0.111328 0.818359 0.113281 0.822266 0.113281 0.822266 0.109375 0.818359 0.105469 0.818359 0.103516 0.814453 0.099609 0.814453 0.095703 0.810547 0.091797 0.785156 0.091797 0.785156 0.095703 0.783203 0.097656 0.781250 0.097656 0.779297 0.095703 0.777344 0.095703 0.773438 0.091797 0.773438 0.089844 0.771484 0.089844 0.769531 0.087891 0.767578 0.087891 0.765625 0.085938 0.765625 0.083984 0.763672 0.082031 0.763672 0.080078 0.761719 0.078125 0.761719 0.076172 0.757812 0.072266 0.757812 0.070312 0.755859 0.070312 0.753906 0.068359 0.751953 0.068359 0.750000 0.066406 0.750000 0.064453 0.748047 0.064453 0.746094 0.062500 0.744141 0.062500 0.742188 0.060547 0.742188 0.058594 0.740234 0.058594 0.738281 0.056641 0.736328 0.056641 0.734375 0.054688 0.734375 0.052734 0.732422 0.052734 0.730469 0.050781 0.730469 0.042969 0.728516 0.041016 0.728516 0.033203 0.726562 0.031250 0.726562 0.025391 0.724609 0.025391 0.722656 0.023438 0.722656 0.019531 0.720703 0.019531 0.714844 0.013672 0.707031 0.013672 0.703125 0.009766