0 0.914062 0.986328 0.912109 0.988281 0.884766 0.988281 0.884766 0.990234 0.882812 0.992188 0.880859 0.992188 0.914062 0.992188
0 0.865234 0.984375 0.865234 0.992188 0.875000 0.992188 0.875000 0.984375
0 0.068359 0.972656 0.066406 0.974609 0.066406 0.976562 0.070312 0.976562 0.072266 0.974609 0.072266 0.972656
0 0.138672 0.968750 0.136719 0.970703 0.136719 0.974609 0.142578 0.974609 0.144531 0.976562 0.144531 0.978516 0.142578 0.980469 0.142578 0.988281 0.146484 0.988281 0.148438 0.986328 0.150391 0.986328 0.150391 0.980469 0.154297 0.976562 0.154297 0.974609 0.150391 0.970703 0.146484 0.970703 0.144531 0.968750
0 0.083984 0.966797 0.082031 0.968750 0.080078 0.968750 0.080078 0.970703 0.078125 0.972656 0.078125 0.986328 0.080078 0.988281 0.080078 0.990234 0.082031 0.992188 0.132812 0.992188 0.128906 0.988281 0.128906 0.982422 0.132812 0.978516 0.126953 0.978516 0.125000 0.976562 0.123047 0.976562 0.121094 0.974609 0.117188 0.974609 0.115234 0.972656 0.111328 0.972656 0.111328 0.974609 0.109375 0.976562 0.107422 0.976562 0.105469 0.974609 0.105469 0.970703 0.103516 0.968750 0.103516 0.966797 0.099609 0.966797 0.095703 0.970703 0.089844 0.970703 0.087891 0.968750 0.085938 0.968750
0 0.000000 0.953125 0.000000 0.992188 0.011719 0.992188 0.007812 0.988281 0.007812 0.982422 0.009766 0.980469 0.011719 0.980469 0.011719 0.972656 0.005859 0.966797 0.005859 0.964844 0.003906 0.962891 0.003906 0.955078 0.001953 0.955078
0 0.097656 0.951172 0.093750 0.955078 0.093750 0.958984 0.097656 0.958984 0.099609 0.957031 0.101562 0.957031 0.101562 0.951172
0 0.400391 0.876953 0.402344 0.878906 0.402344 0.880859 0.404297 0.880859 0.408203 0.884766 0.408203 0.886719 0.410156 0.886719 0.410156 0.884766 0.408203 0.882812 0.408203 0.878906 0.406250 0.878906 0.404297 0.876953
0 0.103516 0.855469 0.103516 0.863281 0.107422 0.867188 0.111328 0.867188 0.111328 0.861328 0.107422 0.857422 0.107422 0.855469
0 0.429688 0.816406 0.429688 0.818359 0.427734 0.820312 0.427734 0.832031 0.429688 0.833984 0.429688 0.837891 0.431641 0.839844 0.435547 0.839844 0.437500 0.837891 0.437500 0.835938 0.439453 0.833984 0.439453 0.828125 0.437500 0.828125 0.435547 0.826172 0.435547 0.820312 0.433594 0.818359 0.431641 0.818359
0 0.251953 0.806641 0.251953 0.808594 0.253906 0.810547 0.253906 0.816406 0.255859 0.816406 0.259766 0.812500 0.259766 0.808594 0.257812 0.806641
0 0.900391 0.804688 0.900391 0.806641 0.898438 0.808594 0.898438 0.812500 0.900391 0.812500 0.904297 0.816406 0.908203 0.816406 0.910156 0.814453 0.910156 0.808594 0.908203 0.808594 0.904297 0.804688
0 0.906250 0.751953 0.904297 0.753906 0.902344 0.753906 0.900391 0.755859 0.900391 0.767578 0.898438 0.769531 0.898438 0.771484 0.900391 0.773438 0.898438 0.775391 0.902344 0.779297 0.902344 0.781250 0.904297 0.783203 0.902344 0.785156 0.898438 0.785156 0.898438 0.791016 0.902344 0.794922 0.906250 0.794922 0.906250 0.785156 0.908203 0.783203 0.910156 0.783203 0.912109 0.785156 0.912109 0.787109 0.914062 0.789062 0.914062 0.791016 0.916016 0.792969 0.914062 0.794922 0.912109 0.794922 0.916016 0.798828 0.914062 0.800781 0.916016 0.802734 0.916016 0.806641 0.917969 0.806641 0.919922 0.808594 0.919922 0.810547 0.923828 0.814453 0.923828 0.816406 0.931641 0.824219 0.933594 0.824219 0.941406 0.816406 0.943359 0.816406 0.945312 0.818359 0.945312 0.820312 0.953125 0.820312 0.953125 0.818359 0.957031 0.814453 0.958984 0.814453 0.960938 0.812500 0.964844 0.812500 0.968750 0.808594 0.968750 0.806641 0.974609 0.800781 0.978516 0.800781 0.980469 0.802734 0.984375 0.798828 0.984375 0.796875 0.986328 0.794922 0.986328 0.781250 0.984375 0.779297 0.984375 0.777344 0.982422 0.777344 0.980469 0.775391 0.982422 0.773438 0.982422 0.767578 0.978516 0.767578 0.976562 0.769531 0.974609 0.767578 0.972656 0.769531 0.970703 0.767578 0.968750 0.767578 0.966797 0.765625 0.964844 0.765625 0.962891 0.763672 0.958984 0.763672 0.957031 0.761719 0.951172 0.761719 0.949219 0.759766 0.947266 0.759766 0.945312 0.757812 0.941406 0.757812 0.939453 0.755859 0.937500 0.755859 0.935547 0.753906 0.929688 0.753906 0.927734 0.751953 0.925781 0.751953 0.923828 0.753906 0.921875 0.751953
0 0.460938 0.638672 0.460938 0.640625 0.457031 0.644531 0.457031 0.648438 0.458984 0.648438 0.462891 0.644531 0.462891 0.638672
0 0.111328 0.638672 0.109375 0.640625 0.105469 0.640625 0.103516 0.642578 0.099609 0.642578 0.097656 0.644531 0.093750 0.644531 0.091797 0.642578 0.089844 0.642578 0.087891 0.644531 0.087891 0.650391 0.091797 0.654297 0.091797 0.658203 0.087891 0.662109 0.074219 0.662109 0.074219 0.667969 0.072266 0.669922 0.072266 0.673828 0.070312 0.675781 0.070312 0.679688 0.072266 0.681641 0.072266 0.687500 0.070312 0.689453 0.070312 0.691406 0.068359 0.693359 0.064453 0.693359 0.062500 0.691406 0.060547 0.691406 0.058594 0.689453 0.058594 0.685547 0.050781 0.677734 0.044922 0.677734 0.044922 0.689453 0.046875 0.691406 0.046875 0.693359 0.048828 0.695312 0.048828 0.697266 0.046875 0.699219 0.042969 0.699219 0.042969 0.701172 0.041016 0.703125 0.041016 0.707031 0.042969 0.707031 0.044922 0.708984 0.048828 0.708984 0.056641 0.716797 0.056641 0.726562 0.054688 0.728516 0.054688 0.734375 0.052734 0.736328 0.048828 0.736328 0.044922 0.732422 0.044922 0.730469 0.042969 0.728516 0.042969 0.724609 0.039062 0.720703 0.039062 0.718750 0.033203 0.718750 0.033203 0.724609 0.037109 0.728516 0.037109 0.734375 0.039062 0.736328 0.039062 0.742188 0.041016 0.744141 0.041016 0.748047 0.042969 0.750000 0.042969 0.759766 0.044922 0.761719 0.044922 0.763672 0.046875 0.765625 0.046875 0.767578 0.048828 0.769531 0.048828 0.771484 0.056641 0.771484 0.058594 0.769531 0.060547 0.769531 0.062500 0.771484 0.062500 0.775391 0.054688 0.783203 0.054688 0.787109 0.056641 0.789062 0.066406 0.789062 0.070312 0.792969 0.072266 0.792969 0.074219 0.794922 0.072266 0.796875 0.072266 0.798828 0.070312 0.800781 0.072266 0.800781 0.076172 0.796875 0.076172 0.789062 0.078125 0.787109 0.082031 0.787109 0.083984 0.785156 0.085938 0.785156 0.087891 0.783203 0.089844 0.783203 0.091797 0.785156 0.097656 0.785156 0.099609 0.787109 0.103516 0.787109 0.107422 0.791016 0.109375 0.791016 0.111328 0.789062 0.113281 0.791016 0.115234 0.791016 0.117188 0.792969 0.117188 0.796875 0.115234 0.798828 0.113281 0.798828 0.111328 0.800781 0.109375 0.800781 0.107422 0.802734 0.107422 0.804688 0.105469 0.806641 0.105469 0.810547 0.103516 0.812500 0.103516 0.816406 0.101562 0.818359 0.101562 0.830078 0.103516 0.830078 0.107422 0.833984 0.107422 0.835938 0.109375 0.835938 0.111328 0.837891 0.115234 0.837891 0.117188 0.839844 0.121094 0.839844 0.121094 0.837891 0.123047 0.835938 0.125000 0.835938 0.125000 0.833984 0.128906 0.830078 0.130859 0.830078 0.132812 0.832031 0.132812 0.833984 0.136719 0.833984 0.140625 0.830078 0.142578 0.832031 0.150391 0.832031 0.156250 0.826172 0.160156 0.826172 0.160156 0.820312 0.164062 0.816406 0.164062 0.810547 0.167969 0.806641 0.167969 0.804688 0.166016 0.802734 0.166016 0.800781 0.169922 0.796875 0.169922 0.792969 0.167969 0.791016 0.166016 0.791016 0.164062 0.789062 0.166016 0.787109 0.166016 0.781250 0.164062 0.779297 0.164062 0.775391 0.162109 0.773438 0.162109 0.765625 0.160156 0.763672 0.160156 0.757812 0.164062 0.753906 0.166016 0.753906 0.171875 0.748047 0.171875 0.738281 0.169922 0.736328 0.169922 0.734375 0.167969 0.734375 0.164062 0.730469 0.162109 0.730469 0.160156 0.728516 0.160156 0.710938 0.162109 0.708984 0.166016 0.708984 0.169922 0.705078 0.179688 0.705078 0.179688 0.701172 0.177734 0.701172 0.175781 0.699219 0.171875 0.699219 0.169922 0.697266 0.169922 0.691406 0.177734 0.683594 0.177734 0.679688 0.175781 0.677734 0.171875 0.677734 0.169922 0.679688 0.164062 0.679688 0.160156 0.675781 0.160156 0.673828 0.162109 0.671875 0.162109 0.666016 0.160156 0.664062 0.152344 0.664062 0.148438 0.667969 0.146484 0.667969 0.144531 0.669922 0.138672 0.669922 0.136719 0.671875 0.123047 0.671875 0.117188 0.666016 0.115234 0.666016 0.113281 0.664062 0.113281 0.662109 0.111328 0.660156 0.111328 0.654297 0.115234 0.650391 0.117188 0.650391 0.117188 0.644531 0.115234 0.642578 0.115234 0.640625 0.113281 0.638672
0 0.234375 0.628906 0.234375 0.630859 0.230469 0.634766 0.228516 0.634766 0.222656 0.640625 0.220703 0.640625 0.220703 0.644531 0.218750 0.646484 0.218750 0.650391 0.216797 0.652344 0.216797 0.654297 0.214844 0.656250 0.212891 0.656250 0.212891 0.660156 0.210938 0.662109 0.208984 0.662109 0.207031 0.664062 0.203125 0.664062 0.201172 0.666016 0.201172 0.689453 0.197266 0.693359 0.197266 0.712891 0.199219 0.714844 0.201172 0.714844 0.203125 0.716797 0.203125 0.720703 0.205078 0.722656 0.205078 0.724609 0.207031 0.726562 0.207031 0.732422 0.205078 0.734375 0.201172 0.734375 0.201172 0.736328 0.203125 0.738281 0.205078 0.738281 0.208984 0.742188 0.210938 0.742188 0.212891 0.740234 0.220703 0.740234 0.222656 0.742188 0.222656 0.744141 0.228516 0.744141 0.232422 0.740234 0.240234 0.740234 0.242188 0.742188 0.244141 0.742188 0.246094 0.744141 0.246094 0.750000 0.251953 0.750000 0.253906 0.751953 0.253906 0.753906 0.251953 0.755859 0.251953 0.761719 0.255859 0.765625 0.255859 0.771484 0.257812 0.773438 0.257812 0.775391 0.259766 0.777344 0.261719 0.777344 0.263672 0.779297 0.263672 0.781250 0.265625 0.783203 0.265625 0.785156 0.267578 0.787109 0.267578 0.789062 0.269531 0.789062 0.273438 0.792969 0.275391 0.792969 0.277344 0.794922 0.287109 0.794922 0.289062 0.796875 0.285156 0.800781 0.275391 0.800781 0.275391 0.802734 0.273438 0.804688 0.271484 0.804688 0.269531 0.806641 0.265625 0.806641 0.263672 0.808594 0.263672 0.812500 0.265625 0.814453 0.265625 0.818359 0.263672 0.820312 0.263672 0.824219 0.267578 0.828125 0.267578 0.835938 0.275391 0.843750 0.275391 0.849609 0.277344 0.851562 0.277344 0.857422 0.281250 0.861328 0.283203 0.861328 0.285156 0.859375 0.285156 0.857422 0.287109 0.855469 0.287109 0.853516 0.289062 0.851562 0.294922 0.857422 0.294922 0.859375 0.298828 0.863281 0.298828 0.865234 0.302734 0.865234 0.304688 0.863281 0.308594 0.867188 0.308594 0.869141 0.304688 0.873047 0.302734 0.873047 0.300781 0.871094 0.298828 0.871094 0.294922 0.875000 0.292969 0.875000 0.289062 0.871094 0.285156 0.871094 0.283203 0.873047 0.281250 0.871094 0.273438 0.871094 0.267578 0.876953 0.267578 0.880859 0.269531 0.882812 0.275391 0.882812 0.277344 0.884766 0.279297 0.884766 0.281250 0.886719 0.287109 0.886719 0.291016 0.890625 0.296875 0.890625 0.296875 0.888672 0.298828 0.886719 0.308594 0.886719 0.312500 0.882812 0.322266 0.882812 0.324219 0.880859 0.328125 0.880859 0.330078 0.878906 0.333984 0.878906 0.333984 0.867188 0.332031 0.865234 0.332031 0.861328 0.335938 0.857422 0.337891 0.857422 0.341797 0.853516 0.345703 0.853516 0.347656 0.851562 0.349609 0.853516 0.349609 0.855469 0.357422 0.855469 0.361328 0.859375 0.371094 0.859375 0.373047 0.857422 0.376953 0.857422 0.378906 0.859375 0.380859 0.859375 0.382812 0.861328 0.378906 0.865234 0.378906 0.867188 0.384766 0.867188 0.388672 0.863281 0.398438 0.863281 0.400391 0.861328 0.404297 0.861328 0.408203 0.865234 0.410156 0.865234 0.412109 0.867188 0.416016 0.867188 0.417969 0.869141 0.417969 0.873047 0.425781 0.880859 0.427734 0.880859 0.431641 0.876953 0.431641 0.873047 0.433594 0.871094 0.433594 0.867188 0.435547 0.865234 0.443359 0.865234 0.445312 0.863281 0.445312 0.855469 0.443359 0.855469 0.439453 0.851562 0.435547 0.851562 0.433594 0.849609 0.431641 0.849609 0.431641 0.857422 0.429688 0.859375 0.427734 0.859375 0.425781 0.857422 0.425781 0.855469 0.423828 0.855469 0.419922 0.851562 0.419922 0.845703 0.421875 0.843750 0.421875 0.839844 0.419922 0.837891 0.419922 0.835938 0.417969 0.833984 0.417969 0.828125 0.416016 0.826172 0.416016 0.812500 0.425781 0.802734 0.427734 0.802734 0.431641 0.798828 0.435547 0.798828 0.439453 0.794922 0.439453 0.791016 0.437500 0.789062 0.437500 0.787109 0.435547 0.785156 0.431641 0.785156 0.429688 0.783203 0.429688 0.777344 0.431641 0.775391 0.433594 0.775391 0.433594 0.763672 0.431641 0.761719 0.431641 0.757812 0.433594 0.755859 0.433594 0.753906 0.435547 0.751953 0.435547 0.744141 0.433594 0.742188 0.433594 0.738281 0.431641 0.736328 0.431641 0.730469 0.433594 0.728516 0.433594 0.724609 0.437500 0.720703 0.437500 0.714844 0.439453 0.712891 0.439453 0.697266 0.437500 0.695312 0.437500 0.693359 0.429688 0.685547 0.427734 0.685547 0.419922 0.677734 0.417969 0.677734 0.416016 0.675781 0.412109 0.675781 0.410156 0.673828 0.402344 0.673828 0.398438 0.669922 0.394531 0.669922 0.392578 0.667969 0.392578 0.662109 0.390625 0.660156 0.390625 0.658203 0.386719 0.654297 0.386719 0.650391 0.382812 0.646484 0.382812 0.644531 0.376953 0.644531 0.373047 0.640625 0.373047 0.638672 0.367188 0.632812 0.361328 0.632812 0.359375 0.634766 0.357422 0.634766 0.355469 0.636719 0.345703 0.636719 0.341797 0.632812 0.333984 0.632812 0.332031 0.634766 0.326172 0.634766 0.324219 0.636719 0.318359 0.636719 0.318359 0.638672 0.316406 0.640625 0.300781 0.640625 0.298828 0.642578 0.294922 0.642578 0.292969 0.644531 0.292969 0.646484 0.291016 0.648438 0.287109 0.648438 0.285156 0.646484 0.285156 0.642578 0.283203 0.642578 0.281250 0.640625 0.269531 0.640625 0.267578 0.642578 0.265625 0.640625 0.261719 0.640625 0.259766 0.638672 0.253906 0.638672 0.251953 0.636719 0.246094 0.636719 0.240234 0.630859 0.240234 0.628906
0 0.310547 0.537109 0.308594 0.539062 0.308594 0.542969 0.314453 0.542969 0.314453 0.537109
0 0.556641 0.527344 0.556641 0.529297 0.554688 0.531250 0.552734 0.531250 0.550781 0.533203 0.550781 0.535156 0.548828 0.537109 0.548828 0.541016 0.546875 0.542969 0.533203 0.542969 0.529297 0.539062 0.525391 0.539062 0.523438 0.537109 0.519531 0.537109 0.517578 0.535156 0.496094 0.535156 0.488281 0.542969 0.482422 0.537109 0.482422 0.535156 0.480469 0.535156 0.478516 0.537109 0.478516 0.539062 0.466797 0.550781 0.464844 0.550781 0.462891 0.552734 0.460938 0.552734 0.453125 0.544922 0.453125 0.542969 0.451172 0.542969 0.449219 0.544922 0.449219 0.546875 0.447266 0.548828 0.447266 0.552734 0.443359 0.556641 0.443359 0.558594 0.439453 0.562500 0.439453 0.564453 0.435547 0.568359 0.433594 0.566406 0.433594 0.560547 0.431641 0.558594 0.431641 0.556641 0.429688 0.554688 0.429688 0.552734 0.427734 0.550781 0.423828 0.550781 0.421875 0.548828 0.421875 0.546875 0.419922 0.544922 0.414062 0.544922 0.412109 0.546875 0.410156 0.546875 0.406250 0.550781 0.402344 0.550781 0.400391 0.552734 0.400391 0.570312 0.406250 0.576172 0.408203 0.576172 0.414062 0.582031 0.427734 0.582031 0.429688 0.580078 0.431641 0.582031 0.431641 0.587891 0.437500 0.593750 0.437500 0.603516 0.441406 0.607422 0.443359 0.607422 0.445312 0.609375 0.445312 0.613281 0.447266 0.615234 0.447266 0.619141 0.449219 0.621094 0.451172 0.621094 0.453125 0.623047 0.451172 0.625000 0.457031 0.630859 0.457031 0.634766 0.464844 0.634766 0.468750 0.638672 0.468750 0.640625 0.470703 0.642578 0.470703 0.644531 0.474609 0.648438 0.474609 0.650391 0.472656 0.652344 0.472656 0.654297 0.470703 0.656250 0.460938 0.656250 0.458984 0.658203 0.453125 0.658203 0.451172 0.660156 0.449219 0.660156 0.447266 0.658203 0.447266 0.656250 0.443359 0.656250 0.443359 0.658203 0.441406 0.660156 0.441406 0.662109 0.439453 0.664062 0.439453 0.666016 0.433594 0.671875 0.433594 0.673828 0.431641 0.675781 0.431641 0.677734 0.443359 0.689453 0.443359 0.691406 0.445312 0.691406 0.447266 0.693359 0.449219 0.693359 0.451172 0.695312 0.457031 0.695312 0.458984 0.697266 0.470703 0.697266 0.472656 0.699219 0.476562 0.699219 0.478516 0.701172 0.480469 0.701172 0.482422 0.703125 0.492188 0.703125 0.492188 0.693359 0.490234 0.691406 0.490234 0.689453 0.486328 0.685547 0.486328 0.683594 0.484375 0.681641 0.484375 0.679688 0.486328 0.677734 0.490234 0.677734 0.494141 0.681641 0.494141 0.683594 0.496094 0.685547 0.500000 0.685547 0.501953 0.687500 0.503906 0.687500 0.505859 0.685547 0.507812 0.685547 0.507812 0.683594 0.511719 0.679688 0.511719 0.677734 0.513672 0.675781 0.511719 0.673828 0.511719 0.671875 0.507812 0.667969 0.500000 0.667969 0.498047 0.666016 0.494141 0.666016 0.492188 0.664062 0.492188 0.660156 0.490234 0.658203 0.494141 0.654297 0.494141 0.652344 0.496094 0.650391 0.498047 0.650391 0.500000 0.648438 0.501953 0.648438 0.503906 0.646484 0.503906 0.644531 0.505859 0.642578 0.507812 0.642578 0.509766 0.640625 0.515625 0.640625 0.521484 0.634766 0.521484 0.628906 0.519531 0.626953 0.521484 0.625000 0.521484 0.621094 0.523438 0.619141 0.525391 0.619141 0.527344 0.617188 0.529297 0.617188 0.531250 0.615234 0.533203 0.615234 0.533203 0.613281 0.535156 0.611328 0.535156 0.605469 0.537109 0.603516 0.537109 0.601562 0.542969 0.595703 0.542969 0.589844 0.541016 0.587891 0.541016 0.585938 0.550781 0.576172 0.550781 0.572266 0.552734 0.570312 0.552734 0.568359 0.546875 0.562500 0.546875 0.558594 0.550781 0.554688 0.552734 0.554688 0.556641 0.550781 0.558594 0.550781 0.564453 0.544922 0.570312 0.544922 0.572266 0.542969 0.574219 0.542969 0.574219 0.537109 0.572266 0.535156 0.570312 0.535156 0.566406 0.531250 0.566406 0.529297 0.564453 0.527344
0 0.335938 0.513672 0.333984 0.515625 0.333984 0.517578 0.337891 0.517578 0.339844 0.515625 0.341797 0.517578 0.341797 0.521484 0.343750 0.523438 0.337891 0.529297 0.335938 0.529297 0.333984 0.527344 0.324219 0.527344 0.322266 0.529297 0.322266 0.531250 0.320312 0.533203 0.320312 0.542969 0.322266 0.542969 0.324219 0.544922 0.330078 0.544922 0.332031 0.546875 0.339844 0.546875 0.341797 0.548828 0.341797 0.558594 0.343750 0.560547 0.343750 0.562500 0.347656 0.566406 0.347656 0.570312 0.349609 0.572266 0.349609 0.574219 0.353516 0.578125 0.353516 0.580078 0.361328 0.580078 0.361328 0.578125 0.365234 0.574219 0.365234 0.572266 0.367188 0.570312 0.373047 0.576172 0.373047 0.578125 0.378906 0.578125 0.378906 0.576172 0.380859 0.574219 0.380859 0.564453 0.378906 0.562500 0.378906 0.554688 0.380859 0.552734 0.382812 0.552734 0.384766 0.550781 0.384766 0.544922 0.380859 0.544922 0.378906 0.542969 0.378906 0.541016 0.380859 0.539062 0.380859 0.535156 0.382812 0.533203 0.384766 0.533203 0.388672 0.529297 0.390625 0.529297 0.392578 0.527344 0.392578 0.523438 0.390625 0.521484 0.390625 0.519531 0.386719 0.523438 0.384766 0.523438 0.380859 0.527344 0.376953 0.527344 0.378906 0.529297 0.376953 0.531250 0.376953 0.537109 0.375000 0.539062 0.369141 0.539062 0.367188 0.541016 0.365234 0.541016 0.363281 0.539062 0.363281 0.537109 0.361328 0.537109 0.359375 0.535156 0.359375 0.533203 0.357422 0.531250 0.357422 0.525391 0.355469 0.525391 0.349609 0.519531 0.345703 0.519531 0.343750 0.517578 0.341797 0.517578 0.339844 0.515625 0.339844 0.513672
0 0.490234 0.490234 0.486328 0.494141 0.486328 0.496094 0.490234 0.496094 0.492188 0.498047 0.490234 0.500000 0.486328 0.500000 0.484375 0.501953 0.482422 0.501953 0.482422 0.503906 0.484375 0.503906 0.486328 0.505859 0.498047 0.505859 0.498047 0.503906 0.501953 0.500000 0.501953 0.498047 0.500000 0.496094 0.500000 0.492188 0.498047 0.492188 0.496094 0.490234
0 0.468750 0.474609 0.466797 0.476562 0.462891 0.476562 0.462891 0.478516 0.458984 0.482422 0.457031 0.480469 0.457031 0.478516 0.451172 0.478516 0.449219 0.480469 0.449219 0.484375 0.451172 0.484375 0.458984 0.492188 0.464844 0.492188 0.464844 0.490234 0.466797 0.488281 0.472656 0.488281 0.474609 0.486328 0.478516 0.486328 0.480469 0.484375 0.482422 0.484375 0.484375 0.482422 0.484375 0.474609
0 0.857422 0.433594 0.855469 0.435547 0.855469 0.439453 0.859375 0.443359 0.863281 0.443359 0.863281 0.441406 0.865234 0.439453 0.865234 0.435547 0.863281 0.433594
0 0.835938 0.406250 0.835938 0.410156 0.837891 0.410156 0.839844 0.412109 0.841797 0.412109 0.841797 0.406250
0 0.824219 0.400391 0.818359 0.406250 0.816406 0.406250 0.814453 0.408203 0.812500 0.408203 0.804688 0.416016 0.804688 0.419922 0.806641 0.419922 0.810547 0.423828 0.810547 0.427734 0.806641 0.431641 0.806641 0.439453 0.808594 0.441406 0.808594 0.447266 0.810547 0.449219 0.812500 0.449219 0.814453 0.451172 0.826172 0.451172 0.828125 0.449219 0.830078 0.449219 0.835938 0.455078 0.839844 0.455078 0.839844 0.453125 0.841797 0.451172 0.841797 0.449219 0.843750 0.447266 0.843750 0.441406 0.839844 0.437500 0.835938 0.437500 0.832031 0.441406 0.830078 0.441406 0.828125 0.439453 0.828125 0.435547 0.826172 0.433594 0.826172 0.429688 0.830078 0.425781 0.833984 0.425781 0.833984 0.421875 0.832031 0.421875 0.830078 0.423828 0.828125 0.423828 0.826172 0.425781 0.824219 0.423828 0.824219 0.416016 0.822266 0.414062 0.828125 0.408203 0.828125 0.406250 0.830078 0.404297 0.830078 0.400391
0 0.812500 0.388672 0.812500 0.400391 0.818359 0.400391 0.818359 0.396484 0.816406 0.394531 0.816406 0.390625 0.814453 0.388672
0 0.867188 0.386719 0.863281 0.390625 0.863281 0.396484 0.859375 0.400391 0.851562 0.392578 0.849609 0.392578 0.845703 0.396484 0.845703 0.406250 0.851562 0.406250 0.853516 0.404297 0.855469 0.404297 0.857422 0.406250 0.855469 0.408203 0.855469 0.416016 0.861328 0.421875 0.867188 0.421875 0.869141 0.423828 0.871094 0.423828 0.875000 0.427734 0.880859 0.427734 0.884766 0.423828 0.890625 0.423828 0.892578 0.421875 0.892578 0.417969 0.890625 0.416016 0.890625 0.414062 0.888672 0.414062 0.882812 0.408203 0.882812 0.406250 0.880859 0.404297 0.880859 0.402344 0.878906 0.400391 0.878906 0.398438 0.876953 0.398438 0.871094 0.392578 0.871094 0.386719
0 0.837891 0.371094 0.835938 0.373047 0.833984 0.373047 0.833984 0.375000 0.832031 0.376953 0.832031 0.378906 0.830078 0.380859 0.828125 0.378906 0.824219 0.378906 0.822266 0.380859 0.822266 0.384766 0.826172 0.384766 0.828125 0.382812 0.833984 0.388672 0.833984 0.390625 0.835938 0.390625 0.837891 0.392578 0.841797 0.392578 0.841797 0.384766 0.843750 0.382812 0.843750 0.371094
0 0.853516 0.369141 0.853516 0.371094 0.859375 0.376953 0.865234 0.376953 0.865234 0.371094 0.863281 0.371094 0.861328 0.369141
0 0.798828 0.369141 0.796875 0.371094 0.796875 0.373047 0.794922 0.375000 0.787109 0.375000 0.785156 0.376953 0.785156 0.382812 0.787109 0.382812 0.789062 0.384766 0.792969 0.384766 0.796875 0.388672 0.796875 0.390625 0.798828 0.390625 0.800781 0.392578 0.808594 0.392578 0.808594 0.386719 0.806641 0.384766 0.806641 0.378906 0.804688 0.376953 0.804688 0.369141
0 0.185547 0.351562 0.183594 0.353516 0.183594 0.355469 0.181641 0.357422 0.181641 0.363281 0.185547 0.367188 0.185547 0.369141 0.189453 0.373047 0.195312 0.373047 0.195312 0.365234 0.193359 0.363281 0.193359 0.359375 0.195312 0.357422 0.195312 0.353516 0.193359 0.351562
0 0.925781 0.330078 0.925781 0.333984 0.929688 0.337891 0.931641 0.337891 0.933594 0.335938 0.935547 0.337891 0.935547 0.341797 0.933594 0.343750 0.927734 0.343750 0.919922 0.335938 0.916016 0.335938 0.916016 0.339844 0.917969 0.341797 0.917969 0.347656 0.916016 0.349609 0.916016 0.351562 0.914062 0.353516 0.914062 0.357422 0.917969 0.357422 0.919922 0.359375 0.914062 0.365234 0.914062 0.367188 0.912109 0.369141 0.912109 0.371094 0.910156 0.373047 0.910156 0.378906 0.908203 0.380859 0.908203 0.398438 0.906250 0.400391 0.906250 0.402344 0.904297 0.404297 0.904297 0.412109 0.902344 0.414062 0.902344 0.416016 0.900391 0.417969 0.900391 0.421875 0.898438 0.423828 0.898438 0.425781 0.892578 0.431641 0.892578 0.435547 0.904297 0.435547 0.906250 0.433594 0.908203 0.433594 0.908203 0.431641 0.910156 0.429688 0.912109 0.429688 0.916016 0.433594 0.916016 0.437500 0.914062 0.439453 0.914062 0.443359 0.916016 0.445312 0.916016 0.451172 0.917969 0.453125 0.917969 0.458984 0.916016 0.460938 0.916016 0.470703 0.917969 0.472656 0.925781 0.472656 0.927734 0.470703 0.929688 0.470703 0.931641 0.468750 0.933594 0.470703 0.933594 0.472656 0.943359 0.472656 0.945312 0.470703 0.947266 0.470703 0.947266 0.468750 0.953125 0.462891 0.953125 0.460938 0.949219 0.460938 0.947266 0.458984 0.945312 0.458984 0.943359 0.457031 0.943359 0.451172 0.939453 0.451172 0.937500 0.449219 0.943359 0.443359 0.947266 0.443359 0.947266 0.439453 0.949219 0.437500 0.949219 0.435547 0.953125 0.431641 0.955078 0.431641 0.957031 0.429688 0.957031 0.421875 0.953125 0.417969 0.955078 0.416016 0.958984 0.416016 0.960938 0.417969 0.976562 0.417969 0.978516 0.416016 0.986328 0.416016 0.988281 0.414062 0.990234 0.414062 0.992188 0.412109 0.992188 0.390625 0.990234 0.388672 0.990234 0.382812 0.992188 0.380859 0.992188 0.345703 0.988281 0.341797 0.986328 0.341797 0.984375 0.339844 0.974609 0.339844 0.972656 0.341797 0.972656 0.347656 0.970703 0.349609 0.966797 0.349609 0.964844 0.351562 0.962891 0.351562 0.960938 0.353516 0.958984 0.353516 0.957031 0.351562 0.957031 0.349609 0.955078 0.347656 0.955078 0.341797 0.951172 0.337891 0.947266 0.337891 0.945312 0.335938 0.935547 0.335938 0.933594 0.333984 0.933594 0.332031 0.931641 0.330078
0 0.851562 0.324219 0.849609 0.326172 0.847656 0.326172 0.847656 0.339844 0.849609 0.341797 0.849609 0.343750 0.851562 0.345703 0.851562 0.349609 0.853516 0.351562 0.853516 0.353516 0.855469 0.355469 0.857422 0.355469 0.865234 0.363281 0.865234 0.365234 0.869141 0.365234 0.871094 0.367188 0.871094 0.369141 0.873047 0.369141 0.875000 0.371094 0.882812 0.371094 0.886719 0.367188 0.886719 0.363281 0.888672 0.361328 0.888672 0.343750 0.890625 0.341797 0.890625 0.335938 0.888672 0.333984 0.882812 0.333984 0.880859 0.332031 0.880859 0.330078 0.876953 0.326172 0.863281 0.326172 0.861328 0.324219
0 0.962891 0.314453 0.962891 0.316406 0.960938 0.318359 0.960938 0.322266 0.958984 0.324219 0.958984 0.326172 0.960938 0.328125 0.960938 0.330078 0.962891 0.330078 0.964844 0.332031 0.964844 0.333984 0.970703 0.333984 0.972656 0.332031 0.980469 0.332031 0.982422 0.333984 0.984375 0.333984 0.986328 0.335938 0.990234 0.335938 0.990234 0.330078 0.992188 0.328125 0.992188 0.322266 0.990234 0.322266 0.984375 0.316406 0.978516 0.316406 0.976562 0.318359 0.970703 0.318359 0.966797 0.314453
0 0.873047 0.291016 0.873047 0.292969 0.869141 0.296875 0.869141 0.302734 0.871094 0.302734 0.873047 0.304688 0.875000 0.304688 0.878906 0.308594 0.880859 0.308594 0.884766 0.312500 0.884766 0.318359 0.890625 0.324219 0.890625 0.326172 0.892578 0.328125 0.896484 0.328125 0.898438 0.326172 0.898438 0.316406 0.896484 0.314453 0.896484 0.312500 0.894531 0.310547 0.894531 0.304688 0.892578 0.302734 0.886719 0.302734 0.882812 0.298828 0.882812 0.296875 0.880859 0.296875 0.878906 0.294922 0.878906 0.292969 0.876953 0.292969 0.875000 0.291016
0 0.822266 0.056641 0.820312 0.058594 0.818359 0.058594 0.816406 0.060547 0.814453 0.060547 0.812500 0.062500 0.808594 0.062500 0.806641 0.064453 0.804688 0.064453 0.802734 0.066406 0.802734 0.070312 0.804688 0.072266 0.816406 0.072266 0.820312 0.076172 0.818359 0.078125 0.818359 0.082031 0.816406 0.083984 0.816406 0.087891 0.818359 0.087891 0.820312 0.089844 0.820312 0.091797 0.824219 0.091797 0.826172 0.093750 0.833984 0.093750 0.833984 0.087891 0.835938 0.085938 0.843750 0.085938 0.843750 0.078125 0.839844 0.074219 0.839844 0.072266 0.841797 0.070312 0.843750 0.070312 0.843750 0.068359 0.841797 0.066406 0.841797 0.062500 0.839844 0.060547 0.839844 0.058594 0.835938 0.058594 0.833984 0.056641
0 0.003906 0.048828 0.000000 0.052734 0.000000 0.115234 0.001953 0.115234 0.001953 0.109375 0.005859 0.105469 0.009766 0.105469 0.009766 0.101562 0.015625 0.095703 0.015625 0.085938 0.021484 0.080078 0.021484 0.052734 0.017578 0.048828
0 0.894531 0.001953 0.894531 0.007812 0.896484 0.009766 0.896484 0.011719 0.902344 0.017578 0.906250 0.017578 0.910156 0.021484 0.914062 0.021484 0.914062 0.017578 0.912109 0.015625 0.912109 0.013672 0.910156 0.013672 0.904297 0.007812 0.904297 0.005859 0.902344 0.005859 0.898438 0.001953
0 0.902344 0.000000 0.904297 0.001953 0.919922 0.001953 0.921875 0.000000