0 0.384766 0.808594 0.384766 0.824219 0.382812 0.826172 0.382812 0.828125 0.369141 0.841797 0.363281 0.841797 0.359375 0.845703 0.353516 0.845703 0.351562 0.843750 0.353516 0.841797 0.353516 0.839844 0.359375 0.833984 0.359375 0.832031 0.363281 0.828125 0.363281 0.826172 0.365234 0.824219 0.367188 0.824219 0.369141 0.822266 0.369141 0.816406 0.365234 0.816406 0.363281 0.818359 0.363281 0.820312 0.361328 0.822266 0.359375 0.822266 0.359375 0.824219 0.357422 0.826172 0.357422 0.828125 0.351562 0.833984 0.351562 0.835938 0.349609 0.837891 0.349609 0.839844 0.345703 0.843750 0.345703 0.847656 0.347656 0.847656 0.349609 0.849609 0.345703 0.853516 0.343750 0.853516 0.333984 0.863281 0.333984 0.867188 0.339844 0.867188 0.339844 0.865234 0.341797 0.863281 0.343750 0.863281 0.343750 0.861328 0.347656 0.857422 0.349609 0.857422 0.353516 0.853516 0.355469 0.853516 0.355469 0.851562 0.357422 0.849609 0.363281 0.849609 0.365234 0.847656 0.367188 0.847656 0.369141 0.845703 0.375000 0.845703 0.375000 0.843750 0.388672 0.830078 0.388672 0.808594
0 0.019531 0.808594 0.019531 0.810547 0.015625 0.814453 0.015625 0.816406 0.013672 0.818359 0.013672 0.824219 0.017578 0.824219 0.019531 0.822266 0.019531 0.818359 0.025391 0.812500 0.025391 0.808594
0 0.355469 0.802734 0.351562 0.806641 0.351562 0.808594 0.349609 0.810547 0.347656 0.810547 0.347656 0.822266 0.351562 0.822266 0.351562 0.816406 0.355469 0.812500 0.355469 0.810547 0.357422 0.808594 0.359375 0.808594 0.359375 0.802734
0 0.644531 0.666016 0.644531 0.667969 0.642578 0.669922 0.642578 0.679688 0.636719 0.685547 0.636719 0.687500 0.632812 0.691406 0.632812 0.693359 0.630859 0.695312 0.630859 0.699219 0.634766 0.699219 0.634766 0.697266 0.640625 0.691406 0.640625 0.689453 0.646484 0.683594 0.646484 0.671875 0.648438 0.669922 0.648438 0.666016
0 0.228516 0.546875 0.226562 0.548828 0.226562 0.550781 0.224609 0.552734 0.224609 0.556641 0.222656 0.558594 0.222656 0.560547 0.218750 0.564453 0.218750 0.566406 0.214844 0.570312 0.214844 0.572266 0.212891 0.574219 0.210938 0.574219 0.205078 0.580078 0.205078 0.582031 0.199219 0.587891 0.197266 0.587891 0.195312 0.589844 0.195312 0.591797 0.193359 0.593750 0.191406 0.593750 0.189453 0.595703 0.189453 0.597656 0.187500 0.599609 0.185547 0.599609 0.181641 0.603516 0.179688 0.603516 0.177734 0.605469 0.175781 0.605469 0.175781 0.611328 0.179688 0.611328 0.181641 0.609375 0.183594 0.609375 0.189453 0.603516 0.191406 0.603516 0.193359 0.601562 0.193359 0.599609 0.195312 0.597656 0.197266 0.597656 0.199219 0.595703 0.199219 0.593750 0.201172 0.591797 0.203125 0.591797 0.208984 0.585938 0.208984 0.583984 0.214844 0.578125 0.216797 0.578125 0.218750 0.576172 0.218750 0.574219 0.222656 0.570312 0.222656 0.568359 0.226562 0.564453 0.226562 0.562500 0.228516 0.560547 0.228516 0.558594 0.230469 0.556641 0.230469 0.554688 0.232422 0.552734 0.232422 0.546875
0 0.085938 0.542969 0.085938 0.546875 0.083984 0.548828 0.083984 0.550781 0.080078 0.554688 0.080078 0.558594 0.076172 0.562500 0.076172 0.570312 0.080078 0.570312 0.080078 0.566406 0.083984 0.562500 0.083984 0.558594 0.085938 0.556641 0.085938 0.554688 0.087891 0.552734 0.087891 0.548828 0.089844 0.546875 0.089844 0.542969
0 0.085938 0.529297 0.085938 0.537109 0.089844 0.537109 0.089844 0.529297
0 0.220703 0.521484 0.220703 0.527344 0.218750 0.529297 0.218750 0.531250 0.216797 0.533203 0.214844 0.533203 0.210938 0.537109 0.208984 0.537109 0.207031 0.539062 0.205078 0.539062 0.205078 0.541016 0.203125 0.542969 0.201172 0.542969 0.199219 0.544922 0.197266 0.544922 0.197266 0.546875 0.191406 0.552734 0.191406 0.554688 0.189453 0.556641 0.189453 0.564453 0.185547 0.568359 0.185547 0.582031 0.189453 0.582031 0.189453 0.572266 0.191406 0.570312 0.191406 0.568359 0.193359 0.566406 0.193359 0.560547 0.195312 0.558594 0.195312 0.556641 0.199219 0.552734 0.201172 0.552734 0.201172 0.548828 0.203125 0.546875 0.207031 0.546875 0.212891 0.541016 0.214844 0.541016 0.218750 0.537109 0.220703 0.537109 0.222656 0.535156 0.222656 0.533203 0.224609 0.531250 0.224609 0.527344 0.226562 0.525391 0.226562 0.521484
0 0.087891 0.521484 0.087891 0.525391 0.091797 0.525391 0.091797 0.521484
0 0.216797 0.505859 0.214844 0.507812 0.212891 0.507812 0.210938 0.509766 0.208984 0.509766 0.203125 0.515625 0.201172 0.515625 0.201172 0.517578 0.197266 0.521484 0.195312 0.521484 0.189453 0.527344 0.189453 0.529297 0.187500 0.531250 0.185547 0.531250 0.183594 0.533203 0.183594 0.535156 0.181641 0.537109 0.179688 0.537109 0.179688 0.539062 0.173828 0.544922 0.173828 0.546875 0.171875 0.548828 0.171875 0.550781 0.169922 0.552734 0.169922 0.560547 0.173828 0.560547 0.173828 0.556641 0.175781 0.554688 0.175781 0.552734 0.179688 0.548828 0.179688 0.546875 0.187500 0.539062 0.187500 0.537109 0.189453 0.535156 0.191406 0.535156 0.193359 0.533203 0.193359 0.531250 0.199219 0.525391 0.201172 0.525391 0.207031 0.519531 0.208984 0.519531 0.208984 0.517578 0.212891 0.513672 0.214844 0.513672 0.216797 0.511719 0.220703 0.511719 0.222656 0.509766 0.222656 0.505859
0 0.109375 0.476562 0.109375 0.478516 0.103516 0.484375 0.103516 0.486328 0.101562 0.488281 0.099609 0.488281 0.093750 0.494141 0.093750 0.496094 0.087891 0.501953 0.087891 0.517578 0.091797 0.517578 0.091797 0.505859 0.095703 0.501953 0.095703 0.500000 0.103516 0.492188 0.103516 0.490234 0.105469 0.488281 0.107422 0.488281 0.111328 0.484375 0.111328 0.482422 0.113281 0.480469 0.117188 0.480469 0.117188 0.476562
0 0.132812 0.466797 0.130859 0.468750 0.126953 0.468750 0.126953 0.470703 0.125000 0.472656 0.121094 0.472656 0.121094 0.476562 0.125000 0.476562 0.125000 0.474609 0.126953 0.472656 0.132812 0.472656 0.134766 0.470703 0.136719 0.470703 0.136719 0.466797
0 0.144531 0.460938 0.144531 0.482422 0.146484 0.484375 0.146484 0.496094 0.144531 0.498047 0.144531 0.501953 0.138672 0.507812 0.138672 0.509766 0.136719 0.511719 0.134766 0.511719 0.132812 0.513672 0.130859 0.513672 0.121094 0.523438 0.121094 0.525391 0.119141 0.527344 0.119141 0.529297 0.115234 0.533203 0.115234 0.535156 0.109375 0.541016 0.109375 0.542969 0.107422 0.544922 0.107422 0.546875 0.101562 0.552734 0.101562 0.556641 0.099609 0.558594 0.099609 0.560547 0.097656 0.562500 0.095703 0.562500 0.085938 0.572266 0.083984 0.572266 0.080078 0.576172 0.078125 0.576172 0.068359 0.585938 0.066406 0.585938 0.062500 0.589844 0.060547 0.589844 0.060547 0.593750 0.064453 0.593750 0.066406 0.591797 0.068359 0.591797 0.072266 0.587891 0.074219 0.587891 0.080078 0.582031 0.082031 0.582031 0.083984 0.580078 0.085938 0.580078 0.085938 0.578125 0.087891 0.576172 0.089844 0.576172 0.095703 0.570312 0.097656 0.570312 0.103516 0.564453 0.103516 0.562500 0.105469 0.560547 0.105469 0.556641 0.107422 0.554688 0.109375 0.554688 0.109375 0.550781 0.113281 0.546875 0.113281 0.544922 0.115234 0.542969 0.117188 0.542969 0.117188 0.539062 0.119141 0.537109 0.121094 0.537109 0.121094 0.533203 0.125000 0.529297 0.125000 0.527344 0.134766 0.517578 0.136719 0.517578 0.138672 0.515625 0.140625 0.515625 0.146484 0.509766 0.146484 0.507812 0.148438 0.505859 0.148438 0.503906 0.150391 0.501953 0.150391 0.478516 0.148438 0.476562 0.148438 0.460938
0 0.085938 0.451172 0.078125 0.458984 0.078125 0.462891 0.076172 0.464844 0.076172 0.468750 0.074219 0.470703 0.074219 0.474609 0.072266 0.476562 0.072266 0.537109 0.070312 0.539062 0.070312 0.541016 0.068359 0.542969 0.068359 0.546875 0.064453 0.550781 0.064453 0.554688 0.068359 0.554688 0.072266 0.550781 0.072266 0.544922 0.074219 0.542969 0.074219 0.541016 0.076172 0.539062 0.076172 0.480469 0.078125 0.478516 0.078125 0.474609 0.080078 0.472656 0.080078 0.468750 0.082031 0.466797 0.082031 0.462891 0.087891 0.457031 0.089844 0.457031 0.091797 0.455078 0.091797 0.451172