0 0.855469 0.583984 0.855469 0.595703 0.853516 0.597656 0.851562 0.597656 0.843750 0.605469 0.843750 0.607422 0.841797 0.609375 0.839844 0.609375 0.833984 0.615234 0.833984 0.619141 0.830078 0.623047 0.830078 0.625000 0.828125 0.626953 0.828125 0.630859 0.822266 0.636719 0.822266 0.638672 0.818359 0.642578 0.816406 0.642578 0.806641 0.652344 0.806641 0.654297 0.810547 0.654297 0.810547 0.652344 0.816406 0.646484 0.818359 0.646484 0.820312 0.644531 0.822266 0.644531 0.822266 0.642578 0.830078 0.634766 0.830078 0.632812 0.832031 0.630859 0.832031 0.626953 0.835938 0.623047 0.835938 0.619141 0.837891 0.617188 0.837891 0.615234 0.839844 0.613281 0.841797 0.613281 0.843750 0.611328 0.845703 0.611328 0.845703 0.609375 0.847656 0.607422 0.847656 0.605469 0.851562 0.601562 0.853516 0.601562 0.857422 0.597656 0.857422 0.583984
0 0.824219 0.572266 0.824219 0.587891 0.826172 0.587891 0.828125 0.589844 0.826172 0.591797 0.824219 0.591797 0.824219 0.595703 0.810547 0.609375 0.810547 0.611328 0.808594 0.613281 0.806641 0.613281 0.806641 0.615234 0.804688 0.617188 0.802734 0.617188 0.802734 0.619141 0.800781 0.621094 0.800781 0.628906 0.808594 0.628906 0.826172 0.611328 0.826172 0.609375 0.832031 0.603516 0.832031 0.601562 0.835938 0.597656 0.835938 0.595703 0.841797 0.589844 0.843750 0.589844 0.843750 0.576172 0.841797 0.576172 0.837891 0.572266
0 0.824219 0.562500 0.822266 0.564453 0.820312 0.564453 0.816406 0.568359 0.814453 0.568359 0.810547 0.572266 0.810547 0.574219 0.806641 0.578125 0.806641 0.583984 0.808594 0.585938 0.808594 0.587891 0.810547 0.589844 0.810547 0.591797 0.812500 0.593750 0.814453 0.593750 0.814453 0.589844 0.812500 0.587891 0.812500 0.585938 0.808594 0.582031 0.810547 0.580078 0.812500 0.580078 0.812500 0.574219 0.816406 0.570312 0.818359 0.570312 0.820312 0.568359 0.822266 0.568359 0.826172 0.564453 0.833984 0.564453 0.833984 0.562500
0 0.203125 0.429688 0.201172 0.431641 0.199219 0.431641 0.197266 0.433594 0.195312 0.433594 0.193359 0.435547 0.191406 0.435547 0.189453 0.437500 0.185547 0.437500 0.183594 0.439453 0.183594 0.441406 0.181641 0.443359 0.181641 0.445312 0.177734 0.449219 0.175781 0.449219 0.173828 0.451172 0.171875 0.451172 0.167969 0.455078 0.166016 0.455078 0.166016 0.458984 0.167969 0.458984 0.173828 0.453125 0.175781 0.453125 0.177734 0.451172 0.179688 0.451172 0.185547 0.445312 0.185547 0.443359 0.189453 0.439453 0.191406 0.439453 0.193359 0.437500 0.195312 0.437500 0.197266 0.435547 0.199219 0.435547 0.201172 0.433594 0.203125 0.433594 0.205078 0.431641 0.205078 0.429688
0 0.917969 0.425781 0.917969 0.429688 0.921875 0.429688 0.923828 0.431641 0.925781 0.431641 0.935547 0.441406 0.941406 0.441406 0.943359 0.443359 0.947266 0.443359 0.949219 0.445312 0.958984 0.445312 0.960938 0.443359 0.964844 0.443359 0.964844 0.441406 0.958984 0.441406 0.957031 0.443359 0.951172 0.443359 0.949219 0.441406 0.947266 0.441406 0.945312 0.439453 0.939453 0.439453 0.937500 0.437500 0.935547 0.437500 0.933594 0.435547 0.933594 0.433594 0.931641 0.431641 0.929688 0.431641 0.927734 0.429688 0.925781 0.429688 0.923828 0.427734 0.921875 0.427734 0.919922 0.425781
0 0.177734 0.417969 0.175781 0.419922 0.173828 0.419922 0.173828 0.421875 0.171875 0.423828 0.169922 0.423828 0.167969 0.425781 0.166016 0.425781 0.162109 0.429688 0.158203 0.429688 0.152344 0.435547 0.148438 0.435547 0.148438 0.443359 0.160156 0.443359 0.164062 0.439453 0.166016 0.439453 0.169922 0.435547 0.171875 0.435547 0.175781 0.431641 0.179688 0.431641 0.185547 0.425781 0.187500 0.425781 0.187500 0.417969
0 0.158203 0.414062 0.152344 0.419922 0.150391 0.419922 0.148438 0.421875 0.142578 0.421875 0.140625 0.419922 0.130859 0.419922 0.128906 0.421875 0.128906 0.435547 0.126953 0.437500 0.125000 0.437500 0.125000 0.439453 0.123047 0.441406 0.123047 0.455078 0.126953 0.458984 0.130859 0.458984 0.132812 0.457031 0.138672 0.457031 0.142578 0.460938 0.142578 0.462891 0.144531 0.464844 0.148438 0.464844 0.148438 0.462891 0.144531 0.458984 0.144531 0.457031 0.142578 0.455078 0.126953 0.455078 0.125000 0.453125 0.125000 0.445312 0.126953 0.443359 0.126953 0.441406 0.130859 0.437500 0.130859 0.425781 0.134766 0.421875 0.136719 0.421875 0.138672 0.423828 0.152344 0.423828 0.158203 0.417969 0.160156 0.417969 0.162109 0.416016 0.162109 0.414062
0 0.931641 0.410156 0.931641 0.417969 0.933594 0.417969 0.935547 0.419922 0.939453 0.419922 0.941406 0.421875 0.945312 0.421875 0.947266 0.423828 0.951172 0.423828 0.953125 0.425781 0.957031 0.425781 0.960938 0.429688 0.970703 0.429688 0.970703 0.421875 0.968750 0.421875 0.964844 0.417969 0.960938 0.417969 0.958984 0.416016 0.955078 0.416016 0.953125 0.414062 0.949219 0.414062 0.947266 0.412109 0.943359 0.412109 0.941406 0.410156
0 0.927734 0.384766 0.925781 0.386719 0.921875 0.386719 0.921875 0.388672 0.929688 0.388672 0.931641 0.386719 0.935547 0.386719 0.939453 0.390625 0.953125 0.390625 0.955078 0.392578 0.955078 0.402344 0.958984 0.406250 0.970703 0.406250 0.972656 0.408203 0.978516 0.408203 0.982422 0.412109 0.982422 0.414062 0.984375 0.416016 0.984375 0.419922 0.982422 0.421875 0.982422 0.423828 0.986328 0.423828 0.986328 0.414062 0.984375 0.412109 0.984375 0.408203 0.982422 0.408203 0.980469 0.406250 0.974609 0.406250 0.972656 0.404297 0.962891 0.404297 0.957031 0.398438 0.957031 0.390625 0.955078 0.388672 0.941406 0.388672 0.939453 0.386719 0.939453 0.384766
0 0.201172 0.367188 0.201172 0.371094 0.205078 0.375000 0.205078 0.376953 0.208984 0.380859 0.208984 0.382812 0.210938 0.384766 0.210938 0.386719 0.212891 0.386719 0.218750 0.392578 0.218750 0.396484 0.222656 0.400391 0.222656 0.402344 0.224609 0.402344 0.226562 0.404297 0.232422 0.404297 0.232422 0.402344 0.228516 0.402344 0.220703 0.394531 0.220703 0.390625 0.218750 0.388672 0.218750 0.386719 0.216797 0.386719 0.210938 0.380859 0.210938 0.376953 0.207031 0.373047 0.207031 0.371094 0.203125 0.367188
0 0.376953 0.351562 0.375000 0.353516 0.371094 0.353516 0.369141 0.355469 0.367188 0.355469 0.365234 0.357422 0.345703 0.357422 0.345703 0.361328 0.343750 0.363281 0.343750 0.367188 0.341797 0.369141 0.341797 0.371094 0.335938 0.376953 0.335938 0.378906 0.330078 0.384766 0.330078 0.386719 0.328125 0.388672 0.326172 0.388672 0.326172 0.390625 0.324219 0.392578 0.324219 0.404297 0.326172 0.406250 0.326172 0.408203 0.330078 0.412109 0.330078 0.414062 0.332031 0.416016 0.332031 0.417969 0.335938 0.417969 0.337891 0.419922 0.339844 0.419922 0.341797 0.421875 0.371094 0.421875 0.373047 0.419922 0.373047 0.414062 0.375000 0.412109 0.375000 0.396484 0.376953 0.394531 0.376953 0.388672 0.378906 0.386719 0.378906 0.384766 0.380859 0.382812 0.380859 0.380859 0.384766 0.376953 0.386719 0.376953 0.398438 0.365234 0.398438 0.357422 0.396484 0.355469 0.396484 0.353516 0.394531 0.353516 0.392578 0.351562
0 0.222656 0.341797 0.222656 0.345703 0.220703 0.347656 0.216797 0.347656 0.216797 0.361328 0.218750 0.361328 0.222656 0.365234 0.222656 0.367188 0.226562 0.367188 0.230469 0.371094 0.230469 0.375000 0.232422 0.376953 0.232422 0.378906 0.234375 0.380859 0.234375 0.384766 0.250000 0.384766 0.250000 0.371094 0.248047 0.369141 0.248047 0.367188 0.244141 0.363281 0.244141 0.357422 0.240234 0.353516 0.240234 0.343750 0.238281 0.341797
0 0.226562 0.320312 0.224609 0.322266 0.222656 0.322266 0.216797 0.328125 0.216797 0.330078 0.218750 0.330078 0.224609 0.324219 0.228516 0.324219 0.230469 0.322266 0.238281 0.322266 0.242188 0.326172 0.242188 0.328125 0.244141 0.328125 0.246094 0.330078 0.246094 0.332031 0.248047 0.333984 0.250000 0.333984 0.253906 0.337891 0.253906 0.339844 0.255859 0.341797 0.255859 0.361328 0.257812 0.363281 0.257812 0.365234 0.259766 0.367188 0.259766 0.371094 0.261719 0.373047 0.261719 0.375000 0.265625 0.378906 0.265625 0.384766 0.263672 0.386719 0.263672 0.390625 0.265625 0.390625 0.267578 0.388672 0.267578 0.375000 0.263672 0.371094 0.263672 0.369141 0.261719 0.367188 0.261719 0.365234 0.259766 0.363281 0.259766 0.361328 0.257812 0.359375 0.257812 0.337891 0.251953 0.332031 0.250000 0.332031 0.248047 0.330078 0.248047 0.328125 0.242188 0.322266 0.242188 0.320312