0 0.716797 0.767578 0.716797 0.779297 0.720703 0.779297 0.720703 0.767578
0 0.669922 0.767578 0.669922 0.769531 0.667969 0.771484 0.666016 0.771484 0.666016 0.775391 0.669922 0.775391 0.669922 0.773438 0.671875 0.771484 0.673828 0.771484 0.673828 0.767578
0 0.679688 0.759766 0.679688 0.763672 0.681641 0.763672 0.683594 0.765625 0.681641 0.767578 0.679688 0.767578 0.679688 0.771484 0.683594 0.771484 0.683594 0.769531 0.685547 0.767578 0.687500 0.767578 0.687500 0.763672 0.685547 0.763672 0.683594 0.761719 0.683594 0.759766
0 0.693359 0.748047 0.693359 0.751953 0.691406 0.753906 0.687500 0.753906 0.687500 0.757812 0.691406 0.757812 0.693359 0.759766 0.693359 0.763672 0.697266 0.763672 0.699219 0.761719 0.701172 0.761719 0.703125 0.759766 0.712891 0.759766 0.716797 0.763672 0.720703 0.763672 0.720703 0.757812 0.716797 0.757812 0.714844 0.755859 0.703125 0.755859 0.701172 0.757812 0.697266 0.757812 0.695312 0.759766 0.693359 0.759766 0.691406 0.757812 0.691406 0.753906 0.693359 0.751953 0.697266 0.751953 0.697266 0.748047
0 0.972656 0.652344 0.972656 0.654297 0.970703 0.656250 0.968750 0.656250 0.968750 0.658203 0.966797 0.660156 0.964844 0.660156 0.962891 0.662109 0.955078 0.662109 0.955078 0.664062 0.953125 0.666016 0.945312 0.666016 0.945312 0.675781 0.962891 0.675781 0.962891 0.673828 0.964844 0.671875 0.972656 0.671875 0.974609 0.669922 0.974609 0.667969 0.976562 0.666016 0.978516 0.666016 0.978516 0.664062 0.980469 0.662109 0.984375 0.662109 0.984375 0.652344
0 0.779297 0.568359 0.779297 0.572266 0.777344 0.574219 0.777344 0.578125 0.783203 0.578125 0.783203 0.568359
0 0.851562 0.546875 0.851562 0.550781 0.849609 0.552734 0.841797 0.552734 0.839844 0.554688 0.835938 0.554688 0.833984 0.556641 0.830078 0.556641 0.830078 0.558594 0.826172 0.562500 0.826172 0.566406 0.824219 0.568359 0.822266 0.568359 0.822266 0.570312 0.820312 0.572266 0.800781 0.572266 0.798828 0.574219 0.796875 0.574219 0.794922 0.576172 0.792969 0.574219 0.792969 0.570312 0.791016 0.568359 0.791016 0.566406 0.787109 0.566406 0.787109 0.574219 0.789062 0.576172 0.789062 0.580078 0.787109 0.582031 0.779297 0.582031 0.777344 0.583984 0.773438 0.583984 0.773438 0.601562 0.771484 0.603516 0.769531 0.603516 0.769531 0.611328 0.767578 0.613281 0.765625 0.613281 0.765625 0.621094 0.783203 0.621094 0.783203 0.619141 0.785156 0.617188 0.787109 0.617188 0.787109 0.613281 0.789062 0.611328 0.789062 0.609375 0.791016 0.607422 0.792969 0.607422 0.794922 0.609375 0.794922 0.611328 0.798828 0.611328 0.798828 0.599609 0.796875 0.597656 0.796875 0.589844 0.798828 0.587891 0.798828 0.580078 0.800781 0.578125 0.802734 0.578125 0.804688 0.576172 0.826172 0.576172 0.826172 0.574219 0.830078 0.570312 0.830078 0.568359 0.833984 0.564453 0.833984 0.560547 0.835938 0.558594 0.845703 0.558594 0.847656 0.556641 0.853516 0.556641 0.855469 0.554688 0.855469 0.546875
0 0.710938 0.539062 0.710938 0.542969 0.714844 0.542969 0.714844 0.539062
0 0.763672 0.523438 0.763672 0.525391 0.761719 0.527344 0.759766 0.527344 0.757812 0.529297 0.755859 0.529297 0.755859 0.531250 0.753906 0.533203 0.751953 0.533203 0.751953 0.537109 0.750000 0.539062 0.742188 0.539062 0.742188 0.541016 0.740234 0.542969 0.740234 0.544922 0.738281 0.546875 0.734375 0.546875 0.732422 0.544922 0.732422 0.542969 0.724609 0.542969 0.722656 0.541016 0.718750 0.541016 0.718750 0.544922 0.720703 0.544922 0.722656 0.546875 0.730469 0.546875 0.732422 0.548828 0.732422 0.554688 0.742188 0.554688 0.742188 0.548828 0.744141 0.546875 0.746094 0.546875 0.750000 0.542969 0.750000 0.539062 0.751953 0.537109 0.755859 0.537109 0.757812 0.535156 0.759766 0.535156 0.761719 0.533203 0.763672 0.533203 0.765625 0.535156 0.765625 0.544922 0.769531 0.544922 0.771484 0.546875 0.781250 0.546875 0.783203 0.548828 0.783203 0.550781 0.785156 0.550781 0.787109 0.552734 0.787109 0.562500 0.791016 0.562500 0.791016 0.546875 0.785156 0.546875 0.783203 0.544922 0.783203 0.542969 0.775391 0.542969 0.773438 0.541016 0.771484 0.541016 0.769531 0.539062 0.769531 0.523438
0 0.681641 0.474609 0.679688 0.476562 0.675781 0.476562 0.675781 0.482422 0.673828 0.484375 0.671875 0.484375 0.669922 0.486328 0.667969 0.486328 0.666016 0.484375 0.662109 0.484375 0.662109 0.488281 0.664062 0.490234 0.675781 0.490234 0.677734 0.488281 0.679688 0.488281 0.679688 0.482422 0.683594 0.478516 0.685547 0.478516 0.685547 0.474609
0 0.648438 0.470703 0.648438 0.472656 0.646484 0.474609 0.646484 0.482422 0.644531 0.484375 0.642578 0.484375 0.642578 0.507812 0.644531 0.509766 0.644531 0.513672 0.646484 0.515625 0.646484 0.517578 0.650391 0.517578 0.652344 0.519531 0.656250 0.519531 0.658203 0.521484 0.658203 0.523438 0.673828 0.523438 0.675781 0.525391 0.675781 0.541016 0.685547 0.541016 0.685547 0.539062 0.687500 0.537109 0.689453 0.537109 0.691406 0.535156 0.691406 0.533203 0.693359 0.531250 0.695312 0.533203 0.695312 0.537109 0.701172 0.537109 0.703125 0.539062 0.703125 0.541016 0.707031 0.541016 0.707031 0.537109 0.705078 0.537109 0.703125 0.535156 0.703125 0.533203 0.701172 0.533203 0.699219 0.531250 0.699219 0.527344 0.691406 0.527344 0.691406 0.529297 0.689453 0.531250 0.687500 0.531250 0.685547 0.533203 0.685547 0.535156 0.683594 0.537109 0.681641 0.537109 0.679688 0.535156 0.679688 0.519531 0.664062 0.519531 0.662109 0.517578 0.658203 0.517578 0.656250 0.515625 0.652344 0.515625 0.648438 0.511719 0.648438 0.509766 0.646484 0.507812 0.646484 0.484375 0.648438 0.482422 0.650391 0.482422 0.650391 0.476562 0.652344 0.474609 0.652344 0.470703
0 0.654297 0.458984 0.654297 0.460938 0.652344 0.462891 0.652344 0.466797 0.656250 0.466797 0.660156 0.470703 0.660156 0.480469 0.664062 0.480469 0.664062 0.470703 0.662109 0.468750 0.662109 0.464844 0.660156 0.462891 0.660156 0.458984
0 0.873047 0.230469 0.873047 0.232422 0.871094 0.234375 0.863281 0.234375 0.863281 0.253906 0.873047 0.253906 0.873047 0.248047 0.876953 0.244141 0.882812 0.244141 0.882812 0.230469
0 0.197266 0.107422 0.197266 0.109375 0.195312 0.111328 0.189453 0.111328 0.187500 0.113281 0.183594 0.113281 0.183594 0.119141 0.181641 0.121094 0.179688 0.121094 0.177734 0.123047 0.177734 0.128906 0.175781 0.130859 0.169922 0.130859 0.169922 0.132812 0.167969 0.134766 0.164062 0.134766 0.162109 0.136719 0.160156 0.136719 0.160156 0.144531 0.158203 0.146484 0.150391 0.146484 0.150391 0.164062 0.164062 0.164062 0.164062 0.156250 0.166016 0.154297 0.173828 0.154297 0.173828 0.146484 0.175781 0.144531 0.179688 0.144531 0.179688 0.134766 0.181641 0.132812 0.187500 0.132812 0.189453 0.130859 0.189453 0.128906 0.191406 0.126953 0.199219 0.126953 0.199219 0.123047 0.201172 0.121094 0.207031 0.121094 0.207031 0.107422
0 0.859375 0.066406 0.859375 0.085938 0.857422 0.087891 0.851562 0.087891 0.851562 0.117188 0.861328 0.117188 0.861328 0.101562 0.863281 0.099609 0.865234 0.099609 0.865234 0.095703 0.867188 0.093750 0.869141 0.093750 0.869141 0.066406
0 0.527344 0.003906 0.527344 0.042969 0.542969 0.042969 0.544922 0.041016 0.554688 0.041016 0.556641 0.042969 0.554688 0.044922 0.552734 0.044922 0.552734 0.060547 0.562500 0.060547 0.562500 0.058594 0.564453 0.056641 0.580078 0.056641 0.580078 0.048828 0.582031 0.046875 0.599609 0.046875 0.599609 0.042969 0.601562 0.041016 0.605469 0.041016 0.605469 0.035156 0.607422 0.033203 0.615234 0.033203 0.617188 0.031250 0.619141 0.031250 0.619141 0.029297 0.621094 0.027344 0.623047 0.027344 0.623047 0.017578 0.609375 0.017578 0.609375 0.021484 0.607422 0.023438 0.603516 0.023438 0.603516 0.029297 0.601562 0.031250 0.593750 0.031250 0.593750 0.035156 0.591797 0.037109 0.582031 0.037109 0.580078 0.035156 0.580078 0.031250 0.562500 0.031250 0.560547 0.033203 0.558594 0.031250 0.550781 0.031250 0.548828 0.029297 0.548828 0.027344 0.544922 0.027344 0.542969 0.025391 0.542969 0.023438 0.541016 0.023438 0.539062 0.021484 0.539062 0.017578 0.537109 0.015625 0.537109 0.003906