0 0.609375 0.636719 0.609375 0.640625 0.607422 0.642578 0.595703 0.642578 0.595703 0.644531 0.593750 0.646484 0.593750 0.650391 0.591797 0.652344 0.589844 0.652344 0.589844 0.662109 0.599609 0.662109 0.599609 0.658203 0.601562 0.656250 0.603516 0.656250 0.603516 0.654297 0.605469 0.652344 0.613281 0.652344 0.613281 0.648438 0.615234 0.646484 0.619141 0.646484 0.619141 0.636719
0 0.638672 0.595703 0.638672 0.605469 0.652344 0.605469 0.652344 0.595703
0 0.054688 0.410156 0.054688 0.417969 0.052734 0.419922 0.046875 0.419922 0.046875 0.423828 0.044922 0.425781 0.044922 0.435547 0.054688 0.435547 0.056641 0.433594 0.064453 0.433594 0.064453 0.425781 0.066406 0.423828 0.074219 0.423828 0.074219 0.414062 0.066406 0.414062 0.064453 0.412109 0.064453 0.410156
0 0.066406 0.386719 0.066406 0.390625 0.064453 0.392578 0.060547 0.392578 0.060547 0.402344 0.064453 0.402344 0.066406 0.404297 0.066406 0.406250 0.076172 0.406250 0.076172 0.398438 0.078125 0.396484 0.083984 0.396484 0.083984 0.386719
0 0.017578 0.359375 0.017578 0.396484 0.025391 0.396484 0.027344 0.398438 0.027344 0.414062 0.041016 0.414062 0.041016 0.408203 0.042969 0.406250 0.042969 0.398438 0.044922 0.396484 0.046875 0.396484 0.046875 0.375000 0.048828 0.373047 0.064453 0.373047 0.066406 0.375000 0.066406 0.382812 0.076172 0.382812 0.076172 0.369141 0.072266 0.369141 0.070312 0.367188 0.070312 0.363281 0.042969 0.363281 0.041016 0.361328 0.041016 0.359375
0 0.841797 0.263672 0.841797 0.265625 0.839844 0.267578 0.839844 0.271484 0.837891 0.273438 0.835938 0.273438 0.835938 0.275391 0.833984 0.277344 0.832031 0.277344 0.832031 0.287109 0.841797 0.287109 0.841797 0.285156 0.843750 0.283203 0.845703 0.283203 0.845703 0.279297 0.847656 0.277344 0.849609 0.277344 0.849609 0.275391 0.851562 0.273438 0.851562 0.263672
0 0.814453 0.232422 0.810547 0.236328 0.810547 0.240234 0.808594 0.242188 0.808594 0.248047 0.810547 0.250000 0.810547 0.251953 0.812500 0.253906 0.816406 0.253906 0.818359 0.255859 0.822266 0.255859 0.822266 0.253906 0.820312 0.251953 0.814453 0.251953 0.812500 0.250000 0.812500 0.248047 0.810547 0.246094 0.810547 0.244141 0.812500 0.242188 0.812500 0.238281 0.816406 0.234375 0.816406 0.232422
0 0.728516 0.158203 0.724609 0.162109 0.724609 0.167969 0.728516 0.171875 0.728516 0.175781 0.724609 0.179688 0.724609 0.193359 0.728516 0.197266 0.728516 0.199219 0.730469 0.199219 0.736328 0.205078 0.740234 0.205078 0.742188 0.207031 0.742188 0.216797 0.746094 0.220703 0.753906 0.220703 0.757812 0.216797 0.759766 0.216797 0.761719 0.218750 0.763672 0.218750 0.767578 0.222656 0.765625 0.224609 0.765625 0.226562 0.763672 0.228516 0.763672 0.232422 0.765625 0.234375 0.769531 0.234375 0.769531 0.232422 0.767578 0.230469 0.767578 0.226562 0.769531 0.224609 0.769531 0.218750 0.767578 0.216797 0.765625 0.216797 0.763672 0.214844 0.753906 0.214844 0.753906 0.216797 0.751953 0.218750 0.748047 0.218750 0.744141 0.214844 0.744141 0.201172 0.740234 0.201172 0.738281 0.203125 0.734375 0.203125 0.728516 0.197266 0.728516 0.195312 0.724609 0.191406 0.724609 0.181641 0.726562 0.179688 0.726562 0.177734 0.728516 0.175781 0.728516 0.169922 0.724609 0.166016 0.724609 0.164062 0.726562 0.162109 0.726562 0.160156 0.728516 0.158203 0.732422 0.158203
0 0.900391 0.107422 0.896484 0.111328 0.894531 0.111328 0.892578 0.113281 0.888672 0.113281 0.886719 0.115234 0.882812 0.115234 0.882812 0.123047 0.890625 0.130859 0.888672 0.132812 0.888672 0.148438 0.890625 0.150391 0.890625 0.154297 0.894531 0.154297 0.896484 0.156250 0.898438 0.156250 0.900391 0.158203 0.900391 0.166016 0.902344 0.167969 0.902344 0.169922 0.904297 0.169922 0.910156 0.175781 0.910156 0.185547 0.912109 0.185547 0.916016 0.189453 0.916016 0.191406 0.917969 0.193359 0.917969 0.205078 0.919922 0.205078 0.921875 0.207031 0.929688 0.207031 0.931641 0.208984 0.935547 0.208984 0.945312 0.199219 0.945312 0.197266 0.951172 0.191406 0.951172 0.187500 0.947266 0.187500 0.945312 0.185547 0.943359 0.185547 0.943359 0.189453 0.945312 0.191406 0.945312 0.193359 0.933594 0.205078 0.923828 0.205078 0.919922 0.201172 0.919922 0.189453 0.917969 0.187500 0.917969 0.185547 0.916016 0.185547 0.912109 0.181641 0.914062 0.179688 0.914062 0.173828 0.908203 0.167969 0.906250 0.167969 0.902344 0.164062 0.902344 0.154297 0.898438 0.154297 0.896484 0.152344 0.894531 0.152344 0.892578 0.150391 0.892578 0.146484 0.890625 0.144531 0.890625 0.136719 0.892578 0.134766 0.892578 0.126953 0.890625 0.126953 0.884766 0.121094 0.884766 0.119141 0.886719 0.117188 0.888672 0.117188 0.890625 0.115234 0.896484 0.115234 0.900391 0.111328 0.906250 0.111328 0.908203 0.113281 0.908203 0.115234 0.910156 0.115234 0.912109 0.117188 0.919922 0.117188 0.919922 0.115234 0.914062 0.115234 0.912109 0.113281 0.910156 0.113281 0.908203 0.111328 0.908203 0.109375 0.906250 0.107422
0 0.857422 0.099609 0.855469 0.101562 0.851562 0.101562 0.849609 0.103516 0.847656 0.101562 0.841797 0.101562 0.839844 0.103516 0.839844 0.105469 0.841797 0.105469 0.843750 0.103516 0.845703 0.103516 0.847656 0.105469 0.851562 0.105469 0.853516 0.103516 0.861328 0.103516 0.865234 0.107422 0.865234 0.113281 0.863281 0.115234 0.863281 0.117188 0.859375 0.121094 0.857422 0.121094 0.855469 0.123047 0.853516 0.123047 0.853516 0.125000 0.851562 0.126953 0.849609 0.126953 0.849609 0.128906 0.853516 0.128906 0.859375 0.123047 0.861328 0.123047 0.867188 0.117188 0.867188 0.105469 0.865234 0.103516 0.865234 0.101562 0.863281 0.099609
0 0.328125 0.048828 0.326172 0.050781 0.324219 0.050781 0.322266 0.052734 0.322266 0.056641 0.320312 0.058594 0.318359 0.058594 0.318359 0.060547 0.314453 0.064453 0.312500 0.064453 0.308594 0.068359 0.308594 0.074219 0.310547 0.074219 0.314453 0.078125 0.314453 0.089844 0.316406 0.089844 0.318359 0.091797 0.318359 0.093750 0.320312 0.095703 0.322266 0.095703 0.324219 0.097656 0.335938 0.097656 0.337891 0.095703 0.341797 0.095703 0.343750 0.093750 0.345703 0.093750 0.345703 0.091797 0.339844 0.091797 0.337891 0.093750 0.335938 0.093750 0.333984 0.095703 0.328125 0.095703 0.326172 0.093750 0.322266 0.093750 0.320312 0.091797 0.320312 0.087891 0.318359 0.087891 0.316406 0.085938 0.316406 0.076172 0.312500 0.072266 0.312500 0.070312 0.316406 0.066406 0.318359 0.066406 0.318359 0.064453 0.324219 0.058594 0.324219 0.056641 0.328125 0.052734 0.330078 0.052734 0.332031 0.050781 0.332031 0.048828
0 0.990234 0.029297 0.986328 0.033203 0.984375 0.033203 0.980469 0.037109 0.978516 0.037109 0.970703 0.044922 0.970703 0.046875 0.968750 0.048828 0.968750 0.060547 0.958984 0.070312 0.958984 0.078125 0.964844 0.078125 0.964844 0.076172 0.962891 0.076172 0.960938 0.074219 0.964844 0.070312 0.964844 0.068359 0.968750 0.064453 0.970703 0.064453 0.970703 0.052734 0.972656 0.050781 0.972656 0.048828 0.978516 0.042969 0.978516 0.041016 0.980469 0.039062 0.982422 0.039062 0.984375 0.037109 0.986328 0.037109 0.986328 0.035156 0.988281 0.033203 0.990234 0.033203 0.992188 0.031250 0.992188 0.029297
0 0.796875 0.003906 0.796875 0.009766 0.792969 0.013672 0.791016 0.013672 0.789062 0.015625 0.789062 0.017578 0.787109 0.019531 0.787109 0.025391 0.789062 0.027344 0.789062 0.031250 0.792969 0.035156 0.792969 0.037109 0.798828 0.037109 0.798828 0.035156 0.800781 0.033203 0.802734 0.033203 0.804688 0.035156 0.804688 0.039062 0.808594 0.042969 0.808594 0.044922 0.810547 0.046875 0.810547 0.048828 0.818359 0.048828 0.818359 0.044922 0.820312 0.042969 0.822266 0.042969 0.828125 0.048828 0.828125 0.050781 0.830078 0.052734 0.835938 0.052734 0.837891 0.050781 0.841797 0.050781 0.845703 0.046875 0.857422 0.046875 0.861328 0.050781 0.863281 0.050781 0.867188 0.054688 0.867188 0.060547 0.865234 0.062500 0.865234 0.064453 0.861328 0.068359 0.849609 0.068359 0.847656 0.066406 0.845703 0.066406 0.845703 0.068359 0.847656 0.070312 0.863281 0.070312 0.865234 0.068359 0.867188 0.068359 0.867188 0.066406 0.869141 0.064453 0.869141 0.050781 0.867188 0.050781 0.863281 0.046875 0.861328 0.046875 0.859375 0.044922 0.841797 0.044922 0.837891 0.048828 0.833984 0.048828 0.832031 0.050781 0.830078 0.048828 0.830078 0.046875 0.828125 0.044922 0.828125 0.042969 0.826172 0.042969 0.822266 0.039062 0.818359 0.039062 0.816406 0.041016 0.816406 0.044922 0.814453 0.046875 0.812500 0.044922 0.812500 0.042969 0.810547 0.041016 0.810547 0.039062 0.806641 0.035156 0.806641 0.033203 0.804688 0.031250 0.804688 0.027344 0.802734 0.027344 0.796875 0.033203 0.791016 0.027344 0.791016 0.023438 0.789062 0.021484 0.798828 0.011719 0.798828 0.003906