0 0.447266 0.970703 0.445312 0.972656 0.445312 0.976562 0.443359 0.978516 0.443359 0.992188 0.457031 0.992188 0.457031 0.980469 0.455078 0.978516 0.455078 0.974609 0.453125 0.972656 0.453125 0.970703
0 0.464844 0.962891 0.462891 0.964844 0.462891 0.966797 0.460938 0.968750 0.460938 0.976562 0.464844 0.980469 0.468750 0.980469 0.468750 0.978516 0.470703 0.976562 0.470703 0.968750 0.468750 0.966797 0.468750 0.962891
0 0.435547 0.955078 0.435547 0.960938 0.437500 0.962891 0.437500 0.964844 0.443359 0.964844 0.443359 0.957031 0.441406 0.957031 0.439453 0.955078
0 0.250000 0.919922 0.250000 0.927734 0.253906 0.931641 0.253906 0.933594 0.257812 0.937500 0.265625 0.937500 0.265625 0.929688 0.259766 0.923828 0.259766 0.921875 0.255859 0.921875 0.253906 0.919922
0 0.269531 0.917969 0.269531 0.921875 0.271484 0.923828 0.273438 0.923828 0.275391 0.925781 0.279297 0.925781 0.279297 0.919922 0.277344 0.919922 0.275391 0.917969
0 0.166016 0.787109 0.162109 0.791016 0.162109 0.792969 0.160156 0.794922 0.160156 0.796875 0.158203 0.798828 0.158203 0.802734 0.156250 0.804688 0.164062 0.812500 0.164062 0.814453 0.158203 0.820312 0.156250 0.820312 0.154297 0.818359 0.150391 0.818359 0.144531 0.824219 0.142578 0.822266 0.136719 0.822266 0.134766 0.824219 0.132812 0.824219 0.130859 0.826172 0.130859 0.830078 0.132812 0.832031 0.140625 0.832031 0.140625 0.830078 0.146484 0.824219 0.148438 0.826172 0.148438 0.828125 0.146484 0.830078 0.146484 0.833984 0.148438 0.833984 0.152344 0.830078 0.154297 0.832031 0.162109 0.832031 0.162109 0.830078 0.164062 0.828125 0.166016 0.828125 0.167969 0.826172 0.169922 0.826172 0.171875 0.824219 0.171875 0.820312 0.175781 0.816406 0.175781 0.814453 0.177734 0.812500 0.179688 0.812500 0.181641 0.810547 0.181641 0.802734 0.179688 0.800781 0.173828 0.800781 0.171875 0.798828 0.181641 0.789062 0.181641 0.787109 0.177734 0.787109 0.175781 0.789062 0.173828 0.787109
0 0.554688 0.769531 0.552734 0.771484 0.550781 0.771484 0.550781 0.777344 0.552734 0.777344 0.554688 0.775391 0.556641 0.775391 0.558594 0.773438 0.558594 0.771484 0.556641 0.769531
0 0.533203 0.757812 0.533203 0.765625 0.537109 0.769531 0.542969 0.769531 0.542969 0.763672 0.541016 0.761719 0.541016 0.759766 0.539062 0.759766 0.537109 0.757812
0 0.591797 0.703125 0.591797 0.712891 0.595703 0.712891 0.597656 0.714844 0.599609 0.714844 0.601562 0.712891 0.601562 0.710938 0.599609 0.708984 0.599609 0.707031 0.595703 0.703125
0 0.597656 0.666016 0.597656 0.667969 0.593750 0.671875 0.593750 0.675781 0.595703 0.677734 0.595703 0.679688 0.597656 0.681641 0.597656 0.683594 0.601562 0.687500 0.603516 0.687500 0.603516 0.673828 0.601562 0.671875 0.601562 0.667969 0.599609 0.666016
0 0.634766 0.664062 0.632812 0.666016 0.628906 0.666016 0.625000 0.669922 0.625000 0.673828 0.628906 0.677734 0.628906 0.683594 0.630859 0.685547 0.630859 0.687500 0.632812 0.689453 0.634766 0.689453 0.636719 0.691406 0.638672 0.691406 0.646484 0.699219 0.646484 0.707031 0.640625 0.712891 0.640625 0.714844 0.634766 0.720703 0.630859 0.720703 0.625000 0.714844 0.625000 0.710938 0.623047 0.708984 0.621094 0.708984 0.621094 0.710938 0.617188 0.714844 0.615234 0.714844 0.613281 0.712891 0.611328 0.712891 0.611328 0.716797 0.615234 0.720703 0.615234 0.722656 0.613281 0.724609 0.609375 0.724609 0.607422 0.726562 0.605469 0.726562 0.605469 0.728516 0.603516 0.730469 0.601562 0.728516 0.601562 0.724609 0.599609 0.722656 0.595703 0.722656 0.595703 0.738281 0.599609 0.742188 0.599609 0.744141 0.603516 0.744141 0.605469 0.746094 0.613281 0.746094 0.613281 0.744141 0.615234 0.742188 0.626953 0.742188 0.628906 0.740234 0.630859 0.740234 0.632812 0.742188 0.632812 0.750000 0.630859 0.751953 0.628906 0.751953 0.626953 0.753906 0.625000 0.753906 0.625000 0.755859 0.621094 0.759766 0.617188 0.759766 0.615234 0.761719 0.613281 0.761719 0.613281 0.763672 0.615234 0.765625 0.623047 0.765625 0.626953 0.769531 0.626953 0.771484 0.632812 0.771484 0.634766 0.773438 0.636719 0.773438 0.638672 0.775391 0.640625 0.775391 0.642578 0.777344 0.646484 0.777344 0.648438 0.775391 0.652344 0.775391 0.654297 0.773438 0.656250 0.773438 0.658203 0.771484 0.660156 0.771484 0.660156 0.763672 0.658203 0.761719 0.654297 0.761719 0.654297 0.763672 0.650391 0.767578 0.648438 0.767578 0.644531 0.763672 0.644531 0.761719 0.642578 0.759766 0.642578 0.757812 0.644531 0.755859 0.650391 0.755859 0.652344 0.753906 0.654297 0.753906 0.658203 0.750000 0.660156 0.750000 0.664062 0.746094 0.666016 0.746094 0.667969 0.744141 0.669922 0.744141 0.671875 0.742188 0.673828 0.742188 0.675781 0.740234 0.677734 0.740234 0.681641 0.736328 0.681641 0.734375 0.683594 0.732422 0.683594 0.724609 0.685547 0.722656 0.685547 0.705078 0.677734 0.705078 0.675781 0.703125 0.675781 0.701172 0.673828 0.701172 0.671875 0.699219 0.671875 0.697266 0.669922 0.695312 0.669922 0.693359 0.667969 0.691406 0.662109 0.691406 0.660156 0.693359 0.654297 0.687500 0.652344 0.687500 0.646484 0.681641 0.646484 0.679688 0.644531 0.679688 0.640625 0.675781 0.640625 0.671875 0.638672 0.669922 0.638672 0.666016 0.636719 0.664062
0 0.781250 0.642578 0.779297 0.644531 0.775391 0.644531 0.771484 0.648438 0.769531 0.648438 0.769531 0.650391 0.767578 0.652344 0.765625 0.652344 0.757812 0.660156 0.757812 0.662109 0.753906 0.666016 0.751953 0.666016 0.750000 0.664062 0.748047 0.664062 0.740234 0.656250 0.738281 0.656250 0.736328 0.654297 0.736328 0.648438 0.732422 0.648438 0.732422 0.650391 0.730469 0.652344 0.728516 0.652344 0.726562 0.654297 0.726562 0.656250 0.722656 0.660156 0.722656 0.664062 0.728516 0.664062 0.730469 0.666016 0.730469 0.667969 0.732422 0.669922 0.732422 0.675781 0.734375 0.677734 0.732422 0.679688 0.730469 0.679688 0.730469 0.683594 0.732422 0.685547 0.730469 0.687500 0.730469 0.689453 0.734375 0.689453 0.736328 0.691406 0.750000 0.691406 0.751953 0.693359 0.751953 0.695312 0.753906 0.697266 0.755859 0.697266 0.757812 0.699219 0.759766 0.699219 0.761719 0.701172 0.761719 0.703125 0.765625 0.703125 0.767578 0.705078 0.775391 0.705078 0.777344 0.703125 0.779297 0.703125 0.781250 0.701172 0.781250 0.699219 0.785156 0.695312 0.785156 0.691406 0.789062 0.687500 0.791016 0.687500 0.792969 0.685547 0.794922 0.685547 0.796875 0.683594 0.796875 0.677734 0.800781 0.673828 0.802734 0.675781 0.808594 0.675781 0.810547 0.673828 0.810547 0.669922 0.814453 0.666016 0.814453 0.660156 0.812500 0.658203 0.812500 0.656250 0.810547 0.654297 0.808594 0.654297 0.804688 0.650391 0.798828 0.650391 0.791016 0.642578
0 0.154297 0.574219 0.152344 0.576172 0.152344 0.580078 0.154297 0.580078 0.156250 0.582031 0.160156 0.582031 0.164062 0.578125 0.166016 0.578125 0.166016 0.574219
0 0.570312 0.542969 0.568359 0.544922 0.566406 0.544922 0.564453 0.546875 0.564453 0.552734 0.568359 0.556641 0.574219 0.556641 0.578125 0.552734 0.578125 0.542969
0 0.462891 0.380859 0.462891 0.384766 0.464844 0.386719 0.464844 0.390625 0.466797 0.392578 0.466797 0.394531 0.464844 0.396484 0.464844 0.398438 0.457031 0.406250 0.457031 0.414062 0.458984 0.416016 0.460938 0.416016 0.462891 0.417969 0.468750 0.417969 0.470703 0.416016 0.472656 0.416016 0.476562 0.412109 0.478516 0.414062 0.478516 0.419922 0.482422 0.423828 0.488281 0.423828 0.490234 0.425781 0.488281 0.427734 0.488281 0.429688 0.486328 0.431641 0.474609 0.431641 0.474609 0.439453 0.478516 0.439453 0.482422 0.443359 0.482422 0.449219 0.484375 0.451172 0.486328 0.451172 0.488281 0.453125 0.488281 0.455078 0.492188 0.455078 0.494141 0.453125 0.501953 0.453125 0.503906 0.451172 0.507812 0.455078 0.507812 0.457031 0.509766 0.458984 0.509766 0.460938 0.511719 0.462891 0.513672 0.462891 0.515625 0.464844 0.513672 0.466797 0.511719 0.466797 0.509766 0.468750 0.507812 0.468750 0.505859 0.466797 0.505859 0.464844 0.503906 0.462891 0.500000 0.462891 0.496094 0.466797 0.494141 0.466797 0.494141 0.472656 0.496094 0.472656 0.498047 0.474609 0.498047 0.476562 0.500000 0.478516 0.501953 0.478516 0.503906 0.480469 0.509766 0.480469 0.517578 0.472656 0.521484 0.472656 0.525391 0.468750 0.527344 0.468750 0.529297 0.466797 0.529297 0.460938 0.527344 0.458984 0.525391 0.458984 0.523438 0.457031 0.521484 0.457031 0.517578 0.453125 0.515625 0.453125 0.513672 0.451172 0.513672 0.449219 0.515625 0.447266 0.515625 0.443359 0.517578 0.441406 0.517578 0.439453 0.519531 0.437500 0.519531 0.431641 0.517578 0.431641 0.511719 0.425781 0.511719 0.416016 0.509766 0.414062 0.505859 0.414062 0.505859 0.416016 0.503906 0.417969 0.500000 0.417969 0.498047 0.416016 0.496094 0.416016 0.494141 0.414062 0.494141 0.406250 0.492188 0.404297 0.490234 0.404297 0.488281 0.402344 0.488281 0.400391 0.486328 0.400391 0.480469 0.394531 0.480469 0.392578 0.482422 0.390625 0.478516 0.390625 0.476562 0.388672 0.476562 0.384766 0.474609 0.384766 0.472656 0.382812 0.470703 0.382812 0.468750 0.380859
0 0.966797 0.304688 0.962891 0.308594 0.960938 0.308594 0.955078 0.314453 0.955078 0.320312 0.957031 0.322266 0.957031 0.324219 0.960938 0.328125 0.960938 0.330078 0.966797 0.330078 0.966797 0.322266 0.968750 0.320312 0.972656 0.320312 0.976562 0.324219 0.992188 0.324219 0.992188 0.310547 0.988281 0.310547 0.986328 0.308594 0.976562 0.308594 0.974609 0.306641 0.974609 0.304688
0 0.931641 0.203125 0.929688 0.205078 0.927734 0.205078 0.925781 0.207031 0.923828 0.205078 0.919922 0.205078 0.917969 0.207031 0.917969 0.216797 0.919922 0.218750 0.919922 0.220703 0.925781 0.226562 0.925781 0.232422 0.921875 0.236328 0.921875 0.240234 0.923828 0.242188 0.923828 0.244141 0.925781 0.244141 0.929688 0.248047 0.931641 0.248047 0.933594 0.250000 0.939453 0.250000 0.939453 0.246094 0.945312 0.240234 0.945312 0.238281 0.947266 0.236328 0.947266 0.228516 0.945312 0.226562 0.945312 0.224609 0.941406 0.220703 0.939453 0.220703 0.937500 0.218750 0.937500 0.216797 0.935547 0.214844 0.933594 0.214844 0.931641 0.212891 0.937500 0.207031 0.937500 0.203125
0 0.759766 0.126953 0.757812 0.128906 0.757812 0.132812 0.761719 0.136719 0.765625 0.136719 0.765625 0.134766 0.767578 0.132812 0.767578 0.126953
0 0.929688 0.097656 0.929688 0.103516 0.927734 0.105469 0.925781 0.103516 0.921875 0.103516 0.917969 0.107422 0.912109 0.107422 0.912109 0.113281 0.914062 0.115234 0.914062 0.119141 0.916016 0.121094 0.916016 0.125000 0.917969 0.126953 0.917969 0.128906 0.916016 0.130859 0.916016 0.138672 0.917969 0.140625 0.917969 0.144531 0.923828 0.150391 0.923828 0.152344 0.925781 0.154297 0.927734 0.154297 0.931641 0.158203 0.935547 0.158203 0.935547 0.156250 0.941406 0.150391 0.945312 0.150391 0.949219 0.154297 0.949219 0.156250 0.951172 0.158203 0.951172 0.164062 0.953125 0.166016 0.953125 0.169922 0.955078 0.171875 0.955078 0.173828 0.957031 0.175781 0.957031 0.179688 0.960938 0.183594 0.962891 0.183594 0.966797 0.187500 0.976562 0.187500 0.980469 0.183594 0.982422 0.183594 0.984375 0.181641 0.984375 0.177734 0.986328 0.175781 0.986328 0.173828 0.988281 0.171875 0.992188 0.171875 0.992188 0.123047 0.992188 0.126953 0.990234 0.128906 0.982422 0.121094 0.978516 0.121094 0.974609 0.125000 0.972656 0.125000 0.968750 0.128906 0.966797 0.126953 0.960938 0.126953 0.958984 0.125000 0.955078 0.125000 0.953125 0.123047 0.953125 0.119141 0.951172 0.119141 0.943359 0.111328 0.943359 0.109375 0.939453 0.105469 0.937500 0.105469 0.935547 0.103516 0.935547 0.097656
0 0.781250 0.097656 0.779297 0.099609 0.779297 0.107422 0.781250 0.107422 0.783203 0.109375 0.785156 0.109375 0.787109 0.107422 0.792969 0.107422 0.792969 0.101562 0.791016 0.101562 0.787109 0.097656
0 0.343750 0.068359 0.343750 0.072266 0.351562 0.080078 0.353516 0.080078 0.355469 0.078125 0.355469 0.076172 0.357422 0.074219 0.355469 0.072266 0.355469 0.070312 0.353516 0.068359
0 0.097656 0.062500 0.093750 0.066406 0.093750 0.072266 0.095703 0.074219 0.097656 0.074219 0.099609 0.076172 0.101562 0.076172 0.105469 0.072266 0.105469 0.070312 0.103516 0.068359 0.103516 0.066406 0.099609 0.062500
0 0.939453 0.007812 0.939453 0.009766 0.937500 0.011719 0.935547 0.011719 0.935547 0.013672 0.933594 0.015625 0.933594 0.019531 0.931641 0.021484 0.931641 0.023438 0.929688 0.025391 0.929688 0.027344 0.925781 0.031250 0.925781 0.033203 0.923828 0.035156 0.921875 0.035156 0.921875 0.041016 0.919922 0.042969 0.919922 0.044922 0.917969 0.046875 0.916016 0.046875 0.916016 0.058594 0.917969 0.060547 0.921875 0.060547 0.929688 0.068359 0.929688 0.070312 0.931641 0.072266 0.931641 0.074219 0.933594 0.076172 0.931641 0.078125 0.929688 0.078125 0.929688 0.085938 0.933594 0.089844 0.933594 0.091797 0.939453 0.091797 0.939453 0.089844 0.941406 0.087891 0.943359 0.089844 0.943359 0.091797 0.945312 0.093750 0.945312 0.103516 0.947266 0.103516 0.949219 0.105469 0.960938 0.105469 0.962891 0.103516 0.962891 0.099609 0.964844 0.097656 0.968750 0.101562 0.968750 0.103516 0.970703 0.103516 0.972656 0.105469 0.974609 0.105469 0.980469 0.111328 0.990234 0.111328 0.990234 0.095703 0.992188 0.093750 0.992188 0.025391 0.990234 0.025391 0.988281 0.023438 0.984375 0.023438 0.982422 0.021484 0.980469 0.021484 0.974609 0.015625 0.974609 0.013672 0.972656 0.011719 0.970703 0.011719 0.968750 0.009766 0.968750 0.007812
0 0.394531 0.000000 0.392578 0.001953 0.392578 0.017578 0.388672 0.021484 0.382812 0.021484 0.375000 0.013672 0.373047 0.015625 0.373047 0.017578 0.371094 0.019531 0.371094 0.027344 0.376953 0.033203 0.371094 0.039062 0.369141 0.039062 0.367188 0.041016 0.367188 0.044922 0.371094 0.044922 0.373047 0.046875 0.376953 0.046875 0.378906 0.048828 0.378906 0.050781 0.376953 0.052734 0.376953 0.068359 0.373047 0.072266 0.373047 0.085938 0.371094 0.087891 0.371094 0.089844 0.369141 0.091797 0.369141 0.103516 0.367188 0.105469 0.367188 0.107422 0.365234 0.109375 0.357422 0.109375 0.357422 0.111328 0.353516 0.115234 0.353516 0.117188 0.355469 0.117188 0.357422 0.115234 0.361328 0.115234 0.363281 0.117188 0.363281 0.119141 0.357422 0.125000 0.355469 0.125000 0.353516 0.126953 0.351562 0.126953 0.343750 0.134766 0.339844 0.134766 0.335938 0.130859 0.335938 0.125000 0.337891 0.123047 0.337891 0.121094 0.341797 0.117188 0.343750 0.117188 0.347656 0.113281 0.339844 0.113281 0.337891 0.115234 0.333984 0.115234 0.332031 0.117188 0.324219 0.117188 0.322266 0.119141 0.320312 0.119141 0.316406 0.123047 0.314453 0.123047 0.312500 0.125000 0.308594 0.125000 0.306641 0.126953 0.304688 0.126953 0.302734 0.128906 0.298828 0.128906 0.298828 0.130859 0.296875 0.132812 0.294922 0.132812 0.294922 0.140625 0.291016 0.144531 0.291016 0.152344 0.294922 0.152344 0.296875 0.154297 0.296875 0.158203 0.298828 0.160156 0.298828 0.167969 0.302734 0.167969 0.304688 0.169922 0.304688 0.171875 0.306641 0.171875 0.308594 0.173828 0.308594 0.179688 0.310547 0.181641 0.310547 0.187500 0.312500 0.187500 0.314453 0.189453 0.314453 0.193359 0.316406 0.193359 0.318359 0.195312 0.318359 0.199219 0.320312 0.201172 0.322266 0.201172 0.324219 0.203125 0.324219 0.205078 0.326172 0.205078 0.328125 0.207031 0.328125 0.210938 0.330078 0.212891 0.330078 0.214844 0.332031 0.216797 0.332031 0.218750 0.333984 0.220703 0.333984 0.222656 0.335938 0.222656 0.337891 0.224609 0.341797 0.224609 0.343750 0.226562 0.343750 0.228516 0.345703 0.230469 0.349609 0.230469 0.351562 0.232422 0.351562 0.234375 0.355469 0.234375 0.361328 0.240234 0.363281 0.240234 0.365234 0.242188 0.365234 0.246094 0.367188 0.246094 0.369141 0.248047 0.375000 0.248047 0.376953 0.250000 0.376953 0.251953 0.382812 0.251953 0.384766 0.253906 0.384766 0.257812 0.388672 0.257812 0.390625 0.259766 0.398438 0.259766 0.400391 0.261719 0.400391 0.263672 0.406250 0.263672 0.410156 0.267578 0.460938 0.267578 0.462891 0.265625 0.472656 0.265625 0.474609 0.263672 0.476562 0.263672 0.476562 0.261719 0.478516 0.259766 0.484375 0.259766 0.484375 0.257812 0.486328 0.255859 0.490234 0.255859 0.492188 0.253906 0.492188 0.251953 0.496094 0.248047 0.498047 0.248047 0.500000 0.246094 0.501953 0.246094 0.503906 0.244141 0.503906 0.240234 0.505859 0.238281 0.505859 0.236328 0.507812 0.234375 0.509766 0.234375 0.513672 0.230469 0.515625 0.230469 0.517578 0.228516 0.517578 0.224609 0.519531 0.222656 0.521484 0.222656 0.521484 0.220703 0.525391 0.216797 0.527344 0.216797 0.527344 0.214844 0.529297 0.212891 0.529297 0.210938 0.533203 0.207031 0.533203 0.205078 0.535156 0.203125 0.537109 0.203125 0.537109 0.201172 0.539062 0.199219 0.544922 0.199219 0.544922 0.197266 0.546875 0.195312 0.546875 0.193359 0.550781 0.189453 0.550781 0.185547 0.554688 0.181641 0.554688 0.179688 0.558594 0.175781 0.558594 0.173828 0.560547 0.171875 0.560547 0.169922 0.562500 0.167969 0.562500 0.166016 0.564453 0.164062 0.564453 0.160156 0.566406 0.158203 0.568359 0.158203 0.568359 0.150391 0.572266 0.146484 0.574219 0.146484 0.574219 0.142578 0.576172 0.140625 0.583984 0.140625 0.589844 0.134766 0.589844 0.132812 0.595703 0.126953 0.595703 0.123047 0.599609 0.119141 0.601562 0.119141 0.609375 0.111328 0.609375 0.109375 0.611328 0.107422 0.611328 0.103516 0.615234 0.099609 0.615234 0.089844 0.617188 0.087891 0.617188 0.082031 0.619141 0.080078 0.619141 0.076172 0.621094 0.074219 0.621094 0.070312 0.623047 0.068359 0.623047 0.066406 0.625000 0.064453 0.625000 0.062500 0.626953 0.060547 0.626953 0.058594 0.628906 0.056641 0.628906 0.054688 0.630859 0.052734 0.630859 0.035156 0.628906 0.035156 0.626953 0.033203 0.626953 0.029297 0.625000 0.029297 0.619141 0.023438 0.617188 0.023438 0.615234 0.021484 0.615234 0.017578 0.611328 0.013672 0.611328 0.009766 0.607422 0.005859 0.603516 0.005859 0.601562 0.003906 0.601562 0.000000 0.433594 0.000000 0.433594 0.001953 0.431641 0.003906 0.425781 0.003906 0.423828 0.005859 0.423828 0.007812 0.421875 0.009766 0.421875 0.011719 0.419922 0.013672 0.419922 0.031250 0.417969 0.033203 0.408203 0.023438 0.410156 0.021484 0.410156 0.017578 0.412109 0.015625 0.412109 0.005859 0.410156 0.005859 0.408203 0.003906 0.408203 0.000000
0 0.000000 0.000000 0.000000 0.511719 0.001953 0.511719 0.003906 0.513672 0.011719 0.513672 0.013672 0.511719 0.017578 0.511719 0.021484 0.515625 0.021484 0.517578 0.019531 0.519531 0.019531 0.523438 0.021484 0.525391 0.021484 0.527344 0.019531 0.529297 0.017578 0.529297 0.015625 0.531250 0.011719 0.531250 0.009766 0.533203 0.009766 0.541016 0.011719 0.542969 0.011719 0.552734 0.009766 0.554688 0.009766 0.556641 0.011719 0.558594 0.011719 0.564453 0.013672 0.564453 0.017578 0.568359 0.023438 0.568359 0.025391 0.570312 0.029297 0.570312 0.033203 0.566406 0.033203 0.564453 0.035156 0.562500 0.035156 0.560547 0.037109 0.558594 0.039062 0.558594 0.041016 0.556641 0.042969 0.556641 0.044922 0.558594 0.046875 0.558594 0.054688 0.566406 0.054688 0.572266 0.056641 0.572266 0.058594 0.574219 0.056641 0.576172 0.056641 0.578125 0.054688 0.580078 0.054688 0.593750 0.056641 0.595703 0.058594 0.593750 0.060547 0.593750 0.062500 0.595703 0.062500 0.597656 0.056641 0.603516 0.058594 0.603516 0.062500 0.607422 0.062500 0.609375 0.058594 0.613281 0.058594 0.619141 0.064453 0.619141 0.066406 0.617188 0.068359 0.617188 0.072266 0.613281 0.072266 0.611328 0.074219 0.609375 0.078125 0.609375 0.080078 0.611328 0.082031 0.611328 0.083984 0.613281 0.089844 0.613281 0.091797 0.615234 0.093750 0.613281 0.095703 0.613281 0.099609 0.609375 0.099609 0.607422 0.103516 0.603516 0.103516 0.601562 0.105469 0.599609 0.105469 0.597656 0.109375 0.593750 0.109375 0.591797 0.111328 0.589844 0.111328 0.587891 0.109375 0.585938 0.109375 0.583984 0.105469 0.580078 0.105469 0.578125 0.099609 0.578125 0.095703 0.582031 0.093750 0.580078 0.093750 0.574219 0.087891 0.568359 0.087891 0.566406 0.083984 0.562500 0.083984 0.560547 0.076172 0.552734 0.080078 0.548828 0.082031 0.548828 0.083984 0.546875 0.085938 0.546875 0.087891 0.548828 0.089844 0.548828 0.091797 0.550781 0.091797 0.546875 0.097656 0.541016 0.097656 0.539062 0.101562 0.535156 0.103516 0.537109 0.103516 0.542969 0.109375 0.542969 0.111328 0.541016 0.111328 0.539062 0.113281 0.537109 0.113281 0.533203 0.115234 0.531250 0.115234 0.527344 0.117188 0.525391 0.119141 0.527344 0.121094 0.527344 0.123047 0.529297 0.123047 0.531250 0.125000 0.533203 0.125000 0.535156 0.128906 0.535156 0.130859 0.533203 0.132812 0.533203 0.134766 0.535156 0.148438 0.535156 0.152344 0.531250 0.152344 0.529297 0.154297 0.527344 0.154297 0.525391 0.156250 0.523438 0.158203 0.523438 0.162109 0.519531 0.164062 0.519531 0.167969 0.515625 0.169922 0.515625 0.171875 0.517578 0.177734 0.517578 0.179688 0.515625 0.181641 0.515625 0.181641 0.511719 0.183594 0.509766 0.183594 0.494141 0.179688 0.490234 0.179688 0.488281 0.177734 0.486328 0.177734 0.484375 0.175781 0.482422 0.173828 0.482422 0.171875 0.480469 0.173828 0.478516 0.173828 0.457031 0.167969 0.451172 0.171875 0.447266 0.171875 0.445312 0.169922 0.443359 0.173828 0.439453 0.173828 0.429688 0.171875 0.427734 0.171875 0.423828 0.175781 0.419922 0.177734 0.419922 0.179688 0.417969 0.181641 0.417969 0.183594 0.416016 0.185547 0.416016 0.189453 0.412109 0.191406 0.412109 0.199219 0.404297 0.199219 0.402344 0.203125 0.398438 0.205078 0.398438 0.205078 0.396484 0.207031 0.394531 0.210938 0.394531 0.210938 0.392578 0.212891 0.390625 0.214844 0.390625 0.220703 0.384766 0.220703 0.382812 0.224609 0.378906 0.226562 0.378906 0.226562 0.376953 0.228516 0.375000 0.228516 0.373047 0.234375 0.367188 0.236328 0.367188 0.238281 0.365234 0.240234 0.365234 0.242188 0.363281 0.244141 0.363281 0.244141 0.361328 0.246094 0.359375 0.248047 0.359375 0.253906 0.353516 0.253906 0.351562 0.255859 0.349609 0.257812 0.349609 0.259766 0.347656 0.259766 0.341797 0.261719 0.339844 0.263672 0.339844 0.263672 0.337891 0.265625 0.335938 0.265625 0.333984 0.267578 0.332031 0.269531 0.332031 0.269531 0.330078 0.271484 0.328125 0.271484 0.322266 0.273438 0.320312 0.275391 0.320312 0.275391 0.316406 0.277344 0.314453 0.277344 0.310547 0.279297 0.308594 0.279297 0.304688 0.281250 0.302734 0.281250 0.298828 0.279297 0.296875 0.279297 0.265625 0.277344 0.263672 0.277344 0.261719 0.275391 0.259766 0.275391 0.255859 0.273438 0.253906 0.273438 0.250000 0.271484 0.248047 0.271484 0.246094 0.269531 0.246094 0.267578 0.244141 0.267578 0.230469 0.265625 0.228516 0.263672 0.228516 0.261719 0.226562 0.261719 0.224609 0.259766 0.222656 0.259766 0.218750 0.257812 0.216797 0.257812 0.214844 0.253906 0.214844 0.251953 0.212891 0.251953 0.207031 0.250000 0.205078 0.250000 0.201172 0.248047 0.201172 0.246094 0.199219 0.246094 0.197266 0.244141 0.197266 0.242188 0.195312 0.242188 0.191406 0.240234 0.189453 0.240234 0.185547 0.238281 0.185547 0.236328 0.183594 0.236328 0.181641 0.234375 0.181641 0.232422 0.179688 0.230469 0.179688 0.228516 0.177734 0.228516 0.175781 0.224609 0.171875 0.218750 0.171875 0.216797 0.169922 0.212891 0.173828 0.210938 0.173828 0.205078 0.179688 0.203125 0.179688 0.201172 0.181641 0.199219 0.181641 0.197266 0.183594 0.167969 0.183594 0.164062 0.179688 0.148438 0.179688 0.146484 0.177734 0.146484 0.175781 0.144531 0.175781 0.142578 0.173828 0.142578 0.171875 0.136719 0.171875 0.134766 0.169922 0.134766 0.166016 0.132812 0.166016 0.130859 0.164062 0.128906 0.164062 0.126953 0.162109 0.126953 0.160156 0.115234 0.148438 0.115234 0.144531 0.109375 0.138672 0.109375 0.136719 0.107422 0.134766 0.107422 0.132812 0.101562 0.126953 0.101562 0.119141 0.099609 0.117188 0.099609 0.115234 0.097656 0.113281 0.097656 0.111328 0.095703 0.109375 0.095703 0.105469 0.091797 0.101562 0.091797 0.099609 0.089844 0.097656 0.089844 0.093750 0.087891 0.091797 0.087891 0.087891 0.085938 0.085938 0.085938 0.082031 0.083984 0.080078 0.083984 0.076172 0.082031 0.074219 0.082031 0.070312 0.080078 0.068359 0.080078 0.060547 0.078125 0.058594 0.078125 0.054688 0.076172 0.052734 0.076172 0.048828 0.074219 0.046875 0.074219 0.042969 0.072266 0.041016 0.072266 0.039062 0.070312 0.039062 0.068359 0.037109 0.068359 0.035156 0.066406 0.033203 0.066406 0.029297 0.064453 0.027344 0.064453 0.025391 0.062500 0.023438 0.062500 0.021484 0.060547 0.019531 0.060547 0.011719 0.058594 0.009766 0.058594 0.007812 0.056641 0.005859 0.056641 0.000000