0 0.443359 0.744141 0.443359 0.750000 0.445312 0.751953 0.451172 0.751953 0.451172 0.744141
0 0.177734 0.732422 0.177734 0.738281 0.181641 0.738281 0.183594 0.740234 0.187500 0.740234 0.189453 0.742188 0.195312 0.742188 0.195312 0.738281 0.193359 0.736328 0.187500 0.736328 0.185547 0.734375 0.183594 0.734375 0.181641 0.732422
0 0.105469 0.683594 0.103516 0.685547 0.095703 0.685547 0.093750 0.687500 0.085938 0.687500 0.080078 0.693359 0.080078 0.695312 0.082031 0.695312 0.085938 0.691406 0.087891 0.691406 0.089844 0.689453 0.095703 0.689453 0.097656 0.687500 0.105469 0.687500 0.107422 0.685547 0.111328 0.685547 0.111328 0.683594
0 0.244141 0.625000 0.242188 0.626953 0.238281 0.626953 0.236328 0.628906 0.228516 0.628906 0.218750 0.638672 0.218750 0.642578 0.216797 0.644531 0.216797 0.652344 0.218750 0.654297 0.220703 0.654297 0.224609 0.658203 0.226562 0.658203 0.232422 0.664062 0.232422 0.667969 0.230469 0.669922 0.230469 0.673828 0.228516 0.675781 0.228516 0.677734 0.224609 0.681641 0.220703 0.681641 0.218750 0.683594 0.216797 0.683594 0.216797 0.691406 0.218750 0.693359 0.222656 0.693359 0.224609 0.695312 0.228516 0.695312 0.236328 0.703125 0.238281 0.703125 0.240234 0.705078 0.259766 0.705078 0.259766 0.701172 0.257812 0.701172 0.253906 0.697266 0.253906 0.693359 0.251953 0.691406 0.251953 0.689453 0.253906 0.687500 0.253906 0.685547 0.257812 0.681641 0.259766 0.681641 0.261719 0.679688 0.263672 0.679688 0.265625 0.677734 0.267578 0.677734 0.269531 0.675781 0.271484 0.675781 0.273438 0.673828 0.273438 0.671875 0.275391 0.669922 0.277344 0.669922 0.279297 0.667969 0.279297 0.666016 0.281250 0.664062 0.281250 0.662109 0.283203 0.660156 0.283203 0.656250 0.285156 0.654297 0.285156 0.648438 0.283203 0.648438 0.275391 0.640625 0.275391 0.638672 0.273438 0.636719 0.273438 0.634766 0.271484 0.632812 0.271484 0.628906 0.269531 0.626953 0.267578 0.626953 0.265625 0.625000
0 0.896484 0.353516 0.894531 0.355469 0.884766 0.355469 0.884766 0.357422 0.882812 0.359375 0.880859 0.359375 0.878906 0.361328 0.876953 0.361328 0.876953 0.363281 0.875000 0.365234 0.873047 0.365234 0.867188 0.371094 0.863281 0.371094 0.859375 0.375000 0.859375 0.376953 0.857422 0.378906 0.857422 0.388672 0.859375 0.390625 0.859375 0.392578 0.863281 0.396484 0.863281 0.404297 0.861328 0.406250 0.861328 0.416016 0.863281 0.416016 0.871094 0.423828 0.888672 0.423828 0.890625 0.421875 0.892578 0.421875 0.896484 0.417969 0.896484 0.414062 0.894531 0.412109 0.894531 0.408203 0.892578 0.406250 0.892578 0.394531 0.894531 0.392578 0.896484 0.392578 0.902344 0.386719 0.908203 0.386719 0.910156 0.384766 0.912109 0.384766 0.914062 0.382812 0.916016 0.382812 0.919922 0.378906 0.919922 0.369141 0.917969 0.367188 0.917969 0.365234 0.916016 0.363281 0.914062 0.363281 0.912109 0.361328 0.910156 0.361328 0.908203 0.359375 0.906250 0.359375 0.902344 0.355469 0.900391 0.355469 0.898438 0.353516
0 0.875000 0.335938 0.867188 0.343750 0.865234 0.343750 0.865234 0.345703 0.863281 0.347656 0.863281 0.349609 0.867188 0.349609 0.871094 0.345703 0.873047 0.345703 0.878906 0.339844 0.878906 0.335938
0 0.361328 0.246094 0.361328 0.248047 0.355469 0.253906 0.353516 0.253906 0.349609 0.257812 0.349609 0.259766 0.353516 0.259766 0.365234 0.248047 0.365234 0.246094
0 0.105469 0.179688 0.097656 0.187500 0.095703 0.187500 0.093750 0.189453 0.091797 0.189453 0.089844 0.191406 0.085938 0.191406 0.083984 0.193359 0.082031 0.193359 0.080078 0.195312 0.078125 0.195312 0.078125 0.199219 0.080078 0.201172 0.095703 0.201172 0.101562 0.195312 0.103516 0.197266 0.109375 0.197266 0.115234 0.203125 0.115234 0.205078 0.119141 0.208984 0.119141 0.212891 0.123047 0.216797 0.123047 0.218750 0.125000 0.220703 0.123047 0.222656 0.123047 0.226562 0.121094 0.228516 0.119141 0.228516 0.115234 0.232422 0.113281 0.232422 0.109375 0.236328 0.107422 0.236328 0.101562 0.230469 0.101562 0.226562 0.099609 0.224609 0.099609 0.220703 0.095703 0.220703 0.091797 0.224609 0.082031 0.224609 0.080078 0.226562 0.076172 0.226562 0.076172 0.228516 0.074219 0.230469 0.072266 0.230469 0.072266 0.236328 0.070312 0.238281 0.070312 0.255859 0.072266 0.257812 0.072266 0.263672 0.074219 0.265625 0.074219 0.267578 0.078125 0.267578 0.080078 0.269531 0.082031 0.269531 0.087891 0.275391 0.089844 0.275391 0.091797 0.277344 0.093750 0.277344 0.095703 0.279297 0.097656 0.279297 0.099609 0.281250 0.101562 0.281250 0.103516 0.283203 0.105469 0.283203 0.107422 0.285156 0.109375 0.285156 0.111328 0.287109 0.113281 0.287109 0.115234 0.289062 0.115234 0.291016 0.119141 0.294922 0.121094 0.294922 0.123047 0.296875 0.125000 0.296875 0.126953 0.298828 0.128906 0.298828 0.130859 0.300781 0.146484 0.300781 0.146484 0.292969 0.148438 0.291016 0.148438 0.285156 0.150391 0.283203 0.150391 0.269531 0.154297 0.265625 0.154297 0.263672 0.162109 0.255859 0.164062 0.255859 0.166016 0.253906 0.167969 0.253906 0.169922 0.251953 0.173828 0.251953 0.173828 0.238281 0.171875 0.236328 0.171875 0.234375 0.169922 0.232422 0.169922 0.230469 0.167969 0.228516 0.167969 0.222656 0.166016 0.220703 0.166016 0.218750 0.164062 0.216797 0.164062 0.205078 0.162109 0.203125 0.148438 0.203125 0.146484 0.201172 0.142578 0.201172 0.140625 0.199219 0.136719 0.199219 0.123047 0.185547 0.121094 0.185547 0.119141 0.183594 0.117188 0.183594 0.113281 0.179688
0 0.677734 0.093750 0.669922 0.101562 0.669922 0.103516 0.673828 0.103516 0.679688 0.097656 0.679688 0.093750
0 0.980469 0.080078 0.978516 0.082031 0.978516 0.085938 0.982422 0.085938 0.984375 0.083984 0.986328 0.083984 0.986328 0.080078
0 0.781250 0.054688 0.779297 0.056641 0.779297 0.058594 0.777344 0.060547 0.777344 0.062500 0.775391 0.064453 0.775391 0.068359 0.777344 0.070312 0.777344 0.072266 0.781250 0.072266 0.783203 0.070312 0.783203 0.068359 0.785156 0.066406 0.785156 0.054688
0 0.974609 0.029297 0.974609 0.033203 0.972656 0.035156 0.972656 0.037109 0.960938 0.048828 0.958984 0.048828 0.957031 0.050781 0.958984 0.048828 0.960938 0.048828 0.964844 0.044922 0.966797 0.044922 0.972656 0.039062 0.972656 0.035156 0.974609 0.033203
0 0.005859 0.015625 0.003906 0.017578 0.001953 0.017578 0.001953 0.023438 0.000000 0.025391 0.000000 0.031250 0.005859 0.031250 0.005859 0.029297 0.007812 0.027344 0.007812 0.025391 0.011719 0.021484 0.015625 0.021484 0.015625 0.015625